LON,LAT,rx1day_base,scenario,period,rx1day_change,tx90p_change,prcptot_change,sdii_change,cdd_change,cwd_change,hwdi_change,tx90p_change_lag,prcptot_change_lag,sdii_change_lag,cdd_change_lag,cwd_change_lag,hwdi_change_lag,lon_scaled,lat_scaled
119.45,23.2,88.1242,SSP1-2.6,2021-2040,-10.254000000000005,38.1239,-9.19909999999993,-0.495000000000001,4.5518,0.6875,17.708,37.8361625,-38.1690875,-1.2547500000000005,1.6468875000000018,1.55425,17.70025,-3.1789742878254956,-0.6855309971133726
119.5,23.35,140.2317,SSP1-2.6,2021-2040,-9.411000000000001,37.8541,-36.37580000000003,-1.083400000000001,0.7892999999999972,1.7035999999999998,17.43,37.8698875,-34.77199999999999,-1.1812000000000005,2.117200000000002,1.4272375,17.735,-3.073280447744274,-0.4959436560039983
119.5,23.4,139.9822,SSP1-2.6,2021-2040,-10.940500000000014,37.454699999999995,-37.61009999999999,-1.1880999999999986,0.7911000000000001,1.7107,17.95,38.0667375,-37.2427,-1.2456750000000008,1.366525000000001,1.3560374999999998,17.933,-3.073280447744274,-0.43274787563421135
119.5,23.5,143.6065,SSP1-2.6,2021-2040,-20.413900000000012,37.924499999999995,-49.06650000000002,-1.7308000000000021,0.23930000000000007,1.6554000000000002,19.262000000000004,38.143812499999996,-37.97630000000001,-1.2218125,0.6096000000000004,1.4765499999999998,18.049750000000003,-3.073280447744274,-0.3063563148946285
119.5,23.6,133.4372,SSP1-2.6,2021-2040,-18.45949999999999,38.22160000000001,-30.20659999999998,-1.3889999999999993,-0.6642999999999972,1.2088999999999999,18.244,38.140649999999994,-37.94892500000002,-1.2233625000000004,0.7238875,1.3935125,18.36,-3.073280447744274,-0.17996475415504562
119.5,23.65,131.2561,SSP1-2.6,2021-2040,-17.6554,38.66,-26.387899999999945,-1.1781000000000006,-0.20539999999999736,1.3518,18.294,38.071524999999994,-34.90000000000002,-1.1741125000000001,0.7821499999999997,1.3022125,18.413,-3.073280447744274,-0.11676897378525869
119.55,23.35,139.2331,SSP1-2.6,2021-2040,-13.570600000000013,38.179899999999996,-42.67240000000004,-1.2711000000000006,1.2607,1.3518,17.410000000000004,37.829162499999995,-33.98492499999999,-1.1577375000000005,2.058275000000002,1.4712125,17.737499999999997,-2.967586607663053,-0.4959436560039983
119.55,23.55,151.4465,SSP1-2.6,2021-2040,-23.51909999999998,38.2778,-54.60750000000007,-1.5112000000000023,1.7785999999999973,1.7286000000000001,18.281999999999996,38.1822875,-36.386337499999996,-1.2359750000000003,0.5926375000000004,1.3533374999999999,18.20825,-2.967586607663053,-0.24316053452483705
119.55,23.65,133.0819,SSP1-2.6,2021-2040,-17.977999999999994,38.101299999999995,-27.08960000000002,-1.1723999999999997,-0.1875,1.2321,17.596000000000004,38.1700375,-35.35525000000001,-1.1534624999999998,0.993075000000001,1.312925,18.39375,-2.967586607663053,-0.11676897378525869
119.6,23.25,136.6252,SSP1-2.6,2021-2040,-15.494700000000009,37.594300000000004,-26.47059999999999,-1.2955000000000005,1.6214000000000084,1.0053999999999998,17.132,37.9023625,-36.010149999999996,-1.1546875000000005,2.013187500000001,1.5145125,17.77225,-2.8618927675818315,-0.6223352167435812
119.6,23.55,143.8459,SSP1-2.6,2021-2040,-21.610100000000003,38.357800000000005,-49.343099999999936,-1.1893999999999991,1.355400000000003,1.5070999999999994,17.996000000000002,38.1768625,-37.82381250000002,-1.2727875000000006,1.0569249999999997,1.34085,18.217750000000002,-2.8618927675818315,-0.24316053452483705
119.6,23.6,141.1564,SSP1-2.6,2021-2040,-20.771399999999986,38.22319999999999,-42.189800000000105,-1.062899999999999,1.2195999999999998,1.3695999999999993,18.606,38.2070125,-35.603737499999994,-1.1880125000000001,1.2060375000000008,1.30155,18.07675,-2.8618927675818315,-0.17996475415504562
119.6,23.65,136.5514,SSP1-2.6,2021-2040,-19.1023,37.754099999999994,-31.642100000000028,-0.9089999999999989,1.7785999999999973,1.1839000000000004,17.741999999999997,38.2133,-30.73845,-1.1048375,0.9426250000000014,1.2352499999999997,18.519750000000002,-2.8618927675818315,-0.11676897378525869
119.6,23.7,132.8465,SSP1-2.6,2021-2040,-18.502199999999988,37.8265,-23.26490000000001,-1.033100000000001,-0.1875,1.1196000000000002,19.102000000000004,38.187225,-29.393537500000008,-1.1142749999999997,0.935925000000001,1.2060125,18.38075,-2.8618927675818315,-0.053573193415467256
119.6,23.75,131.5149,SSP1-2.6,2021-2040,-18.387000000000015,37.80989999999999,-20.856400000000008,-1.1259000000000015,1.1642999999999972,1.0678999999999998,19.736,38.1893,-29.69460000000001,-1.1026749999999996,0.7669500000000014,1.212475,18.301500000000004,-2.8618927675818315,0.009622586954324176
119.65,23.25,154.9015,SSP1-2.6,2021-2040,-14.746499999999997,37.0462,-9.206699999999955,-0.7684999999999995,5.339300000000009,1.7713999999999999,16.14,37.9320875,-33.087087499999996,-1.1901750000000009,1.4805875000000004,1.31185,17.819250000000004,-2.7561989275005803,-0.6223352167435812
119.65,23.55,137.1792,SSP1-2.6,2021-2040,-20.374700000000004,38.2158,-35.16509999999994,-1.2562000000000033,1.2053999999999974,1.3178999999999998,17.926000000000002,38.19392499999999,-36.22313750000002,-1.1403874999999997,1.4640625000000007,1.2897124999999998,18.09825,-2.7561989275005803,-0.24316053452483705
119.65,23.6,135.7117,SSP1-2.6,2021-2040,-19.724400000000003,38.688399999999994,-31.57579999999996,-1.1219000000000001,1.5125000000000028,1.2000000000000002,17.944000000000003,38.07843749999999,-32.75397500000001,-1.0974125,1.1799125000000004,1.228325,18.198500000000003,-2.7561989275005803,-0.17996475415504562
119.65,23.65,133.1052,SSP1-2.6,2021-2040,-18.68809999999999,38.0393,-25.20010000000002,-0.9549999999999983,2.8696000000000055,1.0339,18.884,38.159575000000004,-33.5509375,-1.1182750000000001,1.010275,1.2490875,18.081000000000003,-2.7561989275005803,-0.11676897378525869
119.7,23.55,133.6888,SSP1-2.6,2021-2040,-20.13679999999998,38.109500000000004,-28.137100000000032,-1.2012999999999998,1.3857,1.0625,17.736,38.2072125,-37.10163750000001,-1.14725,1.4415250000000004,1.3216375,18.122,-2.6505050874193588,-0.24316053452483705
120.0,23.45,147.1014,SSP1-2.6,2021-2040,-12.157700000000006,36.86750000000001,-11.078100000000063,-1.3172999999999995,2.4553999999999974,1.4857000000000005,18.572,37.8198,-0.27832499999999527,-0.6646624999999999,0.7888375000000014,1.4423875,18.56975,-2.016342046932001,-0.3695520952644199
120.05,23.05,151.7014,SSP1-2.6,2021-2040,2.576899999999995,36.2319,-21.17320000000018,-0.20049999999999812,1.3695999999999913,0.4767999999999999,15.024000000000001,36.897875,-5.596000000000004,0.2180500000000012,4.404012499999998,0.9441875,16.2475,-1.9106482068507795,-0.8751183382227424
120.05,23.1,160.5833,SSP1-2.6,2021-2040,-0.7930000000000064,36.6146,-46.836100000000215,-0.4018999999999977,5.555400000000006,0.4963999999999995,15.014000000000001,37.2607625,-12.247237499999983,-0.029024999999999412,3.849537499999995,0.9531125,16.805,-1.9106482068507795,-0.811922557852951
120.05,23.15,161.5848,SSP1-2.6,2021-2040,-1.2985999999999933,35.7494,-37.59999999999991,-0.6585000000000001,5.7089,0.6768000000000001,15.190000000000001,37.2428875,-12.04475000000005,-0.18058749999999923,4.013387499999997,0.9557875,16.752000000000002,-1.9106482068507795,-0.748726777483164
120.05,23.5,152.7158,SSP1-2.6,2021-2040,-11.518,37.38929999999999,-9.387200000000007,-1.2863000000000007,1.7339000000000055,1.6785999999999994,20.072,37.46866250000001,3.0612124999999963,-0.35955000000000004,0.2810250000000014,1.4017750000000002,19.319,-1.9106482068507795,-0.3063563148946285
120.1,23.05,164.0755,SSP1-2.6,2021-2040,6.31219999999999,36.447500000000005,0.44010000000002947,0.3049999999999997,2.571399999999997,0.7267999999999999,16.812,36.9570375,0.2913249999999721,0.3650125000000015,4.130574999999996,1.004225,16.143,-1.8049543667695582,-0.8751183382227424
120.1,23.1,164.0134,SSP1-2.6,2021-2040,-0.28589999999999804,37.5395,-28.96569999999997,0.06490000000000151,6.0249999999999915,0.6481999999999992,16.674,37.1294125,-8.985512500000027,0.13230000000000075,3.8153874999999973,0.9549000000000001,16.452,-1.8049543667695582,-0.811922557852951
120.1,23.15,162.4066,SSP1-2.6,2021-2040,2.0815000000000055,38.1413,-20.81510000000003,-0.3404999999999987,5.960699999999996,1.4625000000000004,17.354,37.327487500000004,-14.11454999999998,0.035212500000000535,4.023437499999997,0.9013249999999998,17.033250000000002,-1.8049543667695582,-0.748726777483164
120.1,23.2,171.3221,SSP1-2.6,2021-2040,-4.8773000000000195,37.192400000000006,8.5304000000001,-0.6997999999999998,2.5981999999999985,1.0571000000000002,17.264000000000003,37.5113375,-9.849037500000009,-0.15272499999999978,4.509162499999997,1.0877124999999999,17.458,-1.8049543667695582,-0.6855309971133726
120.1,23.25,167.5961,SSP1-2.6,2021-2040,-8.21520000000001,36.7881,17.649199999999837,-0.6206999999999994,4.3429,1.3589000000000002,16.799999999999997,37.69101250000001,-2.2400749999999903,-0.3089874999999993,3.2881874999999985,1.0944124999999998,17.7215,-1.8049543667695582,-0.6223352167435812
120.1,23.3,161.8927,SSP1-2.6,2021-2040,-10.035200000000003,36.956999999999994,20.094699999999875,-0.8096999999999994,1.5678999999999945,1.4695999999999998,16.728,37.543912500000005,3.3414750000000026,-0.39026249999999907,3.132150000000001,1.1606874999999999,17.54825,-1.8049543667695582,-0.5591394363737897
120.1,23.35,160.5993,SSP1-2.6,2021-2040,-13.153400000000005,38.3476,5.769900000000007,-1.2533999999999992,-1.7000000000000028,1.2339000000000002,17.067999999999998,37.581725000000006,2.134424999999993,-0.291199999999999,2.969875000000001,1.310925,17.804750000000002,-1.8049543667695582,-0.4959436560039983
120.1,23.55,158.8799,SSP1-2.6,2021-2040,-14.829800000000006,37.3651,5.170300000000111,-0.9735000000000014,-1.3429000000000002,1.4839000000000002,20.058,37.266825,12.191499999999976,-0.2562125000000006,-1.1586999999999996,1.3558,19.520249999999997,-1.8049543667695582,-0.24316053452483705
120.1,23.65,147.0171,SSP1-2.6,2021-2040,-11.624400000000009,36.7205,31.02060000000006,0.0006999999999983686,-5.3857,1.0911,17.602000000000004,36.3693625,21.534637499999988,-0.013937499999999936,-1.160499999999999,1.2725374999999999,19.3405,-1.8049543667695582,-0.11676897378525869
120.15,22.9,182.8242,SSP1-2.6,2021-2040,-3.2964999999999804,35.2092,0.8983000000000629,0.7530000000000001,4.5214,0.6375000000000011,15.108,37.142687499999994,13.356462500000049,0.8734875,5.110487499999999,1.0692000000000002,16.57625,-1.699260526688307,-1.0647056793321166
120.15,22.95,183.9828,SSP1-2.6,2021-2040,-0.5548000000000002,35.48140000000001,9.447400000000016,0.8697999999999979,5.903599999999997,0.7679,15.491999999999999,36.5477875,20.822300000000013,0.8666125000000009,4.6620375,1.2988750000000002,16.1,-1.699260526688307,-1.0015098989623252
120.15,23.0,179.0614,SSP1-2.6,2021-2040,6.044499999999999,35.82789999999999,29.721000000000004,0.8694000000000024,3.737499999999997,1.1625000000000005,15.788,36.235,17.392462499999993,0.8508750000000003,4.469624999999999,1.2509000000000003,15.886,-1.699260526688307,-0.9383141185925338
120.15,23.05,168.845,SSP1-2.6,2021-2040,14.845300000000009,37.0665,52.49459999999999,1.0576000000000008,2.7946000000000026,1.2232000000000003,16.099999999999998,37.063575,3.9338374999999814,0.6790500000000006,4.351124999999996,1.1982,16.5155,-1.699260526688307,-0.8751183382227424
120.15,23.1,171.8789,SSP1-2.6,2021-2040,5.311800000000005,37.796299999999995,6.79320000000007,0.8484000000000016,2.8785999999999916,1.1570999999999998,17.048,37.74086249999999,-0.07866249999997876,0.44903750000000064,4.630124999999997,1.10535,17.139000000000003,-1.699260526688307,-0.811922557852951
120.15,23.15,172.6805,SSP1-2.6,2021-2040,-2.139899999999983,38.9878,-5.187599999999975,0.44879999999999853,3.683899999999994,1.4196000000000009,19.074,38.17377499999999,-14.397524999999973,0.16527500000000117,4.733937499999998,1.0774499999999998,17.69925,-1.699260526688307,-0.748726777483164
120.15,23.2,173.6379,SSP1-2.6,2021-2040,-2.9710000000000036,38.2924,-10.09069999999997,0.37480000000000047,3.1661,1.028599999999999,19.189999999999998,38.1744875,-12.668074999999988,-0.027074999999999516,4.905362499999999,1.142625,18.042,-1.699260526688307,-0.6855309971133726
120.15,23.25,176.7822,SSP1-2.6,2021-2040,-7.736999999999995,37.635200000000005,-13.877099999999928,0.31909999999999883,5.617899999999999,0.6374999999999993,18.654,37.5398625,-3.3464750000000265,-0.2610124999999992,4.0312624999999995,1.1388249999999998,17.835749999999997,-1.699260526688307,-0.6223352167435812
120.15,23.3,164.996,SSP1-2.6,2021-2040,-9.134000000000015,36.99810000000001,14.083300000000008,-0.3991999999999969,4.667900000000003,1.1731999999999996,17.421999999999997,37.59605,-1.8392250000000274,-0.3430624999999994,3.1031375,1.1151624999999998,17.6095,-1.699260526688307,-0.5591394363737897
120.15,23.35,166.8912,SSP1-2.6,2021-2040,-11.582799999999992,38.4619,9.917500000000018,-0.37599999999999767,1.564300000000003,1.2070999999999996,17.368000000000002,37.57373750000001,-6.763774999999981,-0.2762999999999991,3.1868250000000007,1.2319125,17.7865,-1.699260526688307,-0.4959436560039983
120.15,23.4,167.3857,SSP1-2.6,2021-2040,-12.508400000000023,37.923500000000004,-0.8434999999999491,0.21880000000000166,2.4464000000000112,1.5982000000000003,17.728,37.914612500000004,-5.636762499999975,-0.2764999999999995,2.613624999999999,1.23125,18.3925,-1.699260526688307,-0.43274787563421135
120.15,23.45,169.7463,SSP1-2.6,2021-2040,-16.3408,38.04130000000001,-13.767200000000003,-0.432500000000001,1.2749999999999915,1.2481999999999998,19.618000000000002,38.0613,-2.9667249999999967,-0.02322500000000005,1.8493375000000016,1.3321375,19.058500000000002,-1.699260526688307,-0.3695520952644199
120.15,23.5,182.3152,SSP1-2.6,2021-2040,-25.866199999999992,38.072700000000005,-19.181100000000015,-0.40470000000000184,0.7661000000000087,1.6196000000000002,19.918,37.7387,7.088399999999979,-0.15104999999999968,0.11763749999999806,1.3607125,19.851750000000003,-1.699260526688307,-0.3063563148946285
120.15,23.55,169.2276,SSP1-2.6,2021-2040,-22.4161,37.2325,8.258799999999837,-0.4695999999999998,-2.0857000000000028,1.4731999999999994,19.782000000000004,37.3608,13.489937499999982,-0.09791250000000007,-0.7053499999999993,1.3216375,19.883249999999997,-1.699260526688307,-0.24316053452483705
120.15,23.6,154.9187,SSP1-2.6,2021-2040,-13.477800000000002,35.880700000000004,40.394100000000094,0.0727000000000011,-1.6428999999999974,1.2411000000000003,18.826,36.997262500000005,18.35001249999995,-0.13087500000000007,-1.6069125,1.2153874999999998,19.50475,-1.699260526688307,-0.17996475415504562
120.15,23.65,152.2337,SSP1-2.6,2021-2040,-13.775200000000012,36.4616,44.711799999999926,0.616699999999998,-1.623199999999997,1.0124999999999993,19.316,36.35605,20.10607499999996,0.1314624999999996,-1.4551374999999993,1.1484375,18.962500000000002,-1.699260526688307,-0.11676897378525869
120.15,23.7,159.0972,SSP1-2.6,2021-2040,-16.077999999999975,36.11990000000001,28.542400000000043,0.5359999999999978,-3.5803999999999974,1.4749999999999996,18.238,36.224599999999995,22.30408750000001,0.23914999999999997,-0.9484374999999972,1.0272375,19.28575,-1.699260526688307,-0.053573193415467256
120.15,23.75,155.5938,SSP1-2.6,2021-2040,-17.930999999999983,35.779,9.938600000000065,-0.005899999999996908,0.05360000000000298,1.2018000000000004,20.266,36.084199999999996,10.429137499999996,0.24948749999999897,-0.4767874999999986,1.0287875,20.117,-1.699260526688307,0.009622586954324176
120.15,23.8,149.9186,SSP1-2.6,2021-2040,-16.66749999999999,35.3101,-4.00890000000004,-0.00420000000000087,0.8250000000000028,0.9607000000000001,21.372,35.6488875,-4.820599999999985,0.046212499999999324,-1.0981999999999985,1.1497875,20.53075,-1.699260526688307,0.0728183673241156
120.2,22.8,197.0965,SSP1-2.6,2021-2040,-9.356300000000005,39.66760000000001,-1.815599999999904,0.495000000000001,4.287499999999994,0.5785999999999998,17.484,39.232837499999995,-2.709999999999951,0.44241249999999965,5.047099999999999,1.031475,17.86575,-1.5935666866070857,-1.191097240071695
120.2,22.85,199.0056,SSP1-2.6,2021-2040,-6.972399999999993,38.83129999999999,-1.8957000000000335,0.8362999999999978,5.503600000000006,0.4892999999999992,17.586,37.8480625,3.5358000000000516,0.6170000000000004,4.666737499999997,0.978125,16.97175,-1.5935666866070857,-1.1279014597019037
120.2,22.9,190.9749,SSP1-2.6,2021-2040,-0.98599999999999,37.4646,-3.8409999999998945,0.5887999999999991,6.335700000000003,1.4143,16.76,37.199862499999995,11.411050000000046,1.0067374999999998,5.172312499999998,1.0236625000000001,16.643749999999997,-1.5935666866070857,-1.0647056793321166
120.2,22.95,197.0414,SSP1-2.6,2021-2040,-3.6077000000000226,35.3351,15.291799999999967,0.43640000000000256,5.007100000000001,1.455400000000001,15.096,36.6585625,16.088025000000016,0.9797000000000002,4.974324999999999,1.2779000000000003,16.22525,-1.5935666866070857,-1.0015098989623252
120.2,23.0,195.1873,SSP1-2.6,2021-2040,-4.325199999999995,36.0956,8.990799999999808,0.8336000000000006,5.8393000000000015,2.0463999999999993,15.632,36.732749999999996,24.217025000000007,0.9845875000000004,4.425437499999998,1.3687500000000004,16.051499999999997,-1.5935666866070857,-0.9383141185925338
120.2,23.05,177.4156,SSP1-2.6,2021-2040,7.663399999999996,36.4383,31.111900000000105,1.0227000000000004,4.723199999999991,1.4071000000000007,16.142000000000003,37.4989375,10.42188749999994,0.9169750000000008,4.074337499999999,1.3421875,16.619999999999997,-1.5935666866070857,-0.8751183382227424
120.2,23.1,182.2399,SSP1-2.6,2021-2040,2.3771999999999878,37.741299999999995,-4.603900000000067,0.7347000000000001,4.630400000000002,0.7536000000000005,16.966,38.260037499999996,0.9615249999999946,0.6638250000000006,4.016962499999997,1.2716375000000002,17.50575,-1.5935666866070857,-0.811922557852951
120.2,23.15,197.3576,SSP1-2.6,2021-2040,-10.399599999999992,39.564699999999995,-25.103599999999915,0.2991000000000028,6.6518000000000015,1.2017999999999995,17.99,38.439049999999995,-15.080525000000023,0.3789125000000002,4.028137499999999,1.1734375000000001,18.24775,-1.5935666866070857,-0.748726777483164
120.2,23.2,193.4613,SSP1-2.6,2021-2040,-14.337099999999992,39.122299999999996,-40.924800000000005,0.0406000000000013,5.960700000000003,1.3107000000000006,19.108,38.2617,-20.448649999999986,0.1723874999999997,4.3098375,1.1174124999999997,18.598750000000003,-1.5935666866070857,-0.6855309971133726
120.2,23.25,181.3037,SSP1-2.6,2021-2040,-11.673999999999978,37.9641,-21.615999999999985,0.3368000000000002,4.4268,0.692899999999999,18.092,37.641,-24.315362499999992,-0.09754999999999958,4.7096125,1.1821374999999998,18.645,-1.5935666866070857,-0.6223352167435812
120.2,23.3,176.4082,SSP1-2.6,2021-2040,-20.808899999999994,37.00449999999999,-14.497900000000072,-0.3109000000000002,5.519599999999997,1.0196000000000005,18.082,37.581537499999996,-22.661174999999957,-0.05039999999999889,4.087512500000002,1.0738874999999997,18.356,-1.5935666866070857,-0.5591394363737897
120.2,23.35,181.8558,SSP1-2.6,2021-2040,-20.947399999999988,37.61,-18.15409999999997,-0.029699999999998283,3.4857000000000085,1.3018,18.084,37.6663375,-16.408137499999953,-0.07736249999999911,4.0011125000000005,1.2078125,18.49375,-1.5935666866070857,-0.4959436560039983
120.2,23.4,177.111,SSP1-2.6,2021-2040,-16.322900000000004,37.8739,-11.90449999999987,0.11939999999999884,4.408899999999996,1.1303999999999998,18.689999999999998,38.083762500000006,-14.119037499999962,0.005087500000000134,3.074112500000001,1.2515625,18.813000000000002,-1.5935666866070857,-0.43274787563421135
120.2,23.45,179.4661,SSP1-2.6,2021-2040,-19.375,37.78589999999999,-15.109500000000025,0.050200000000000244,3.801799999999993,1.3911000000000007,18.606,38.2689625,-6.969399999999979,0.06844999999999946,2.382600000000002,1.3125,19.682499999999997,-1.5935666866070857,-0.3695520952644199
120.2,23.5,174.421,SSP1-2.6,2021-2040,-15.599099999999993,38.366,15.536399999999958,0.4297000000000004,0.3768000000000029,1.0643000000000002,20.049999999999997,38.1833625,-5.458300000000037,-0.1374249999999999,1.1388624999999983,1.4278875,20.07475,-1.5935666866070857,-0.3063563148946285
120.2,23.55,178.3221,SSP1-2.6,2021-2040,-20.92580000000001,38.336000000000006,15.48219999999992,-0.14669999999999916,-2.3071000000000055,1.4821,21.028,37.575575,7.3064249999999475,-0.08434999999999926,-0.07967499999999816,1.3071375,19.913249999999998,-1.5935666866070857,-0.24316053452483705
120.2,23.6,175.7264,SSP1-2.6,2021-2040,-23.709400000000016,36.0819,15.489599999999882,-0.1737000000000002,-1.1482000000000028,1.1357,19.396,37.1041625,15.022612499999937,-0.002174999999999372,-0.45668749999999925,1.2314625,19.82475,-1.5935666866070857,-0.17996475415504562
120.2,23.65,157.1646,SSP1-2.6,2021-2040,-15.306200000000018,36.0342,19.771499999999946,0.28580000000000183,2.0857000000000028,1.1570999999999998,18.842000000000002,36.54622500000001,19.58026249999996,0.23552499999999954,-0.6227749999999972,1.0,19.3565,-1.5935666866070857,-0.11676897378525869
120.2,23.7,156.8797,SSP1-2.6,2021-2040,-12.741900000000015,35.9591,23.020599999999945,0.7855999999999987,-1.5732,0.5499999999999998,18.698,36.2531125,12.735337499999986,0.19956249999999986,0.21383750000000212,1.1107125,19.80825,-1.5935666866070857,-0.053573193415467256
120.2,23.75,158.5914,SSP1-2.6,2021-2040,-17.176999999999992,35.660999999999994,6.338200000000029,-0.06180000000000163,-3.446399999999997,1.3304,20.688000000000002,36.030462500000006,1.754249999999999,0.1921624999999998,-0.21071249999999786,1.0196375,20.339,-1.5935666866070857,0.009622586954324176
120.2,23.8,159.4839,SSP1-2.6,2021-2040,-19.651700000000005,36.0123,-13.400199999999927,-0.0879000000000012,-0.9481999999999999,1.2570999999999994,21.824,35.572475,-7.03802499999999,0.0008499999999993513,-0.22609999999999886,1.0556,20.76475,-1.5935666866070857,0.0728183673241156
120.2,23.85,150.5228,SSP1-2.6,2021-2040,-17.00569999999999,34.76579999999999,-16.10820000000001,-0.10380000000000322,-0.5374999999999943,0.8803999999999998,20.776,35.106175,-12.581587499999998,0.09567499999999907,-1.1852624999999986,1.1138500000000002,20.3645,-1.5935666866070857,0.13601414769390704
120.25,22.6,206.2164,SSP1-2.6,2021-2040,-19.4726,42.57940000000001,-43.21990000000005,0.3323999999999998,6.6143,1.9713999999999992,18.006,40.17337500000001,-57.961712500000004,0.1650624999999999,6.218300000000001,2.3988875,17.4925,-1.4878728465258642,-1.4438803615508562
120.25,22.65,214.8677,SSP1-2.6,2021-2040,-16.0993,40.7253,-23.186500000000024,0.6161999999999992,6.707099999999997,1.7857000000000003,19.022,40.5861125,-47.77362500000001,0.19186250000000005,5.992175000000002,1.9953125,18.1875,-1.4878728465258642,-1.3806845811810693
120.25,22.7,222.8883,SSP1-2.6,2021-2040,-15.342399999999998,39.2631,-6.124499999999898,0.2524000000000015,3.5856999999999886,1.3679000000000006,18.616,40.501875,-28.877974999999992,0.3073874999999999,5.891962500000001,1.495525,18.569,-1.4878728465258642,-1.317488800811278
120.25,22.75,220.3806,SSP1-2.6,2021-2040,-10.663699999999977,40.1318,-5.351799999999912,0.12170000000000059,4.933900000000008,1.1357,18.1,40.226862499999996,-11.485399999999998,0.4167375000000004,5.0508874999999955,1.2107250000000003,18.63525,-1.4878728465258642,-1.2542930204414864
120.25,22.8,217.3803,SSP1-2.6,2021-2040,-11.42240000000001,40.21189999999999,1.88149999999996,0.22710000000000008,2.3429,0.9107000000000003,17.738,39.42045,-3.2606624999999383,0.5037999999999996,5.253124999999998,1.0946500000000001,18.084,-1.4878728465258642,-1.191097240071695
120.25,22.85,205.1626,SSP1-2.6,2021-2040,-9.109199999999987,38.817800000000005,-4.89469999999983,0.9930999999999983,5.335699999999989,0.8125,17.572,38.8751125,1.1457250000000272,0.6554250000000001,4.806474999999997,1.0392874999999997,17.77775,-1.4878728465258642,-1.1279014597019037
120.25,22.9,205.1656,SSP1-2.6,2021-2040,-6.7646000000000015,38.099199999999996,15.801500000000033,1.0559000000000012,4.623199999999997,0.9445999999999994,18.29,37.7836375,10.906250000000057,0.9968124999999999,5.494187499999998,1.268525,17.05775,-1.4878728465258642,-1.0647056793321166
120.25,22.95,208.7716,SSP1-2.6,2021-2040,-9.273200000000003,37.284200000000006,47.22140000000013,1.3382000000000005,4.4375,1.5071000000000012,16.026,37.5679375,11.617500000000007,1.1709375000000004,5.166725,1.5950874999999998,17.32425,-1.4878728465258642,-1.0015098989623252
120.25,23.0,207.0415,SSP1-2.6,2021-2040,-10.614600000000024,37.806400000000004,20.46479999999997,1.5289000000000001,4.3964,1.7429000000000006,16.706,37.575849999999996,7.0917125,0.9557000000000002,4.8265625,1.7432875,17.22075,-1.4878728465258642,-0.9383141185925338
120.25,23.05,201.4759,SSP1-2.6,2021-2040,-8.846800000000002,38.6222,-12.016700000000128,0.7536999999999985,4.403599999999997,1.6838999999999995,17.061999999999998,38.230000000000004,-5.749300000000034,0.8968000000000003,4.4895249999999995,1.5663,17.80925,-1.4878728465258642,-0.8751183382227424
120.25,23.1,193.5872,SSP1-2.6,2021-2040,-9.868300000000005,39.03530000000001,-18.468700000000126,0.709500000000002,3.9142999999999972,0.9679000000000002,17.658,38.62967499999999,-16.57238750000002,0.5683125000000002,4.656937500000001,1.3933,18.057499999999997,-1.4878728465258642,-0.811922557852951
120.25,23.15,192.8901,SSP1-2.6,2021-2040,-9.37869999999998,38.569199999999995,-21.930900000000065,0.17079999999999984,3.0857000000000028,1.1125000000000007,18.972,38.5798875,-21.73636250000004,0.3828250000000004,4.896450000000001,1.2857249999999998,18.230249999999998,-1.4878728465258642,-0.748726777483164
120.25,23.2,198.0553,SSP1-2.6,2021-2040,-15.871799999999979,37.9678,-26.230800000000045,-0.29630000000000223,4.9054,1.6374999999999993,17.966,38.0837625,-24.787075000000016,0.12245000000000061,4.151125000000003,1.2716499999999997,18.506,-1.4878728465258642,-0.6855309971133726
120.25,23.25,200.0552,SSP1-2.6,2021-2040,-18.934600000000017,37.112399999999994,-39.55250000000001,-0.2740000000000009,2.941100000000006,1.2088999999999999,18.852000000000004,37.4267125,-37.3547375,-0.19227499999999997,4.7834875,1.3955374999999997,18.6505,-1.4878728465258642,-0.6223352167435812
120.25,23.3,181.8647,SSP1-2.6,2021-2040,-20.924499999999995,36.9953,-63.432399999999916,-0.23449999999999704,4.898199999999996,1.4411000000000005,19.886000000000003,37.240525,-40.650162499999965,-0.16308750000000005,4.2040250000000015,1.2089249999999998,18.499250000000004,-1.4878728465258642,-0.5591394363737897
120.25,23.35,175.3702,SSP1-2.6,2021-2040,-14.72890000000001,37.8753,-48.65809999999988,0.25430000000000064,5.0981999999999985,0.9285999999999994,18.490000000000002,37.3797125,-38.89034999999993,-0.09425000000000017,4.584374999999999,1.2339375000000001,19.11725,-1.4878728465258642,-0.4959436560039983
120.25,23.4,177.6964,SSP1-2.6,2021-2040,-14.462000000000018,38.19820000000001,-15.929499999999962,0.10919999999999774,3.4054,1.1643,20.284,37.9789125,-26.716287499999936,0.09192499999999981,4.019199999999999,1.2138500000000003,19.12325,-1.4878728465258642,-0.43274787563421135
120.25,23.45,174.0829,SSP1-2.6,2021-2040,-12.907600000000002,38.774,-10.407899999999927,0.24639999999999773,3.5161000000000016,1.1732000000000005,20.326,38.3884125,-10.048374999999965,0.13146250000000004,3.5020124999999993,1.3100625000000001,19.814749999999997,-1.4878728465258642,-0.3695520952644199
120.25,23.5,175.4561,SSP1-2.6,2021-2040,-16.462799999999987,38.9021,0.7420999999999367,0.2613000000000021,2.866100000000003,1.5017999999999994,20.846,38.4806625,-4.023575000000022,0.020575000000000454,2.0352749999999986,1.4042375000000002,20.144999999999996,-1.4878728465258642,-0.3063563148946285
120.25,23.55,180.6196,SSP1-2.6,2021-2040,-23.818099999999987,38.3224,-9.68380000000002,-0.20379999999999754,1.2785999999999973,1.5339,20.474,37.9166,8.32696249999995,0.04165000000000063,0.9401874999999995,1.2890625,20.244999999999997,-1.4878728465258642,-0.24316053452483705
120.25,23.6,176.2028,SSP1-2.6,2021-2040,-23.770700000000005,37.7463,6.8952999999999065,-0.1866999999999983,-1.0481999999999942,0.8875000000000002,20.014000000000003,37.170212500000005,8.712974999999958,0.022575000000000234,0.9185374999999976,1.2903875,20.1875,-1.4878728465258642,-0.17996475415504562
120.25,23.65,168.6701,SSP1-2.6,2021-2040,-23.01479999999998,36.8196,-5.649000000000115,0.01419999999999888,1.689300000000003,1.0643000000000002,20.316,36.685424999999995,15.147049999999979,0.19046249999999976,0.8361625000000004,0.9899375000000001,20.0345,-1.4878728465258642,-0.11676897378525869
120.25,23.7,176.4131,SSP1-2.6,2021-2040,-23.4306,37.3007,3.2373000000000047,0.21940000000000026,3.9446000000000083,0.6339000000000006,20.048000000000002,36.3408,9.621099999999998,0.20561249999999953,0.6120624999999995,1.0546875,20.62875,-1.4878728465258642,-0.053573193415467256
120.25,23.75,176.3085,SSP1-2.6,2021-2040,-25.734700000000004,35.84890000000001,-5.008100000000013,-0.007899999999999352,2.5874999999999915,1.0107,20.752000000000002,36.348925,2.8759000000000157,0.19034999999999913,-0.27387499999999765,0.985275,21.021250000000002,-1.4878728465258642,0.009622586954324176
120.25,23.8,169.3849,SSP1-2.6,2021-2040,-20.045299999999997,35.913700000000006,-28.287700000000086,0.10219999999999985,-2.9945999999999913,1.0678999999999998,21.514000000000003,35.6255875,-4.572987499999968,0.07329999999999881,-0.21248750000000083,1.0783625,20.826750000000004,-1.4878728465258642,0.0728183673241156
120.25,23.85,157.8286,SSP1-2.6,2021-2040,-17.982799999999997,35.0905,-20.579799999999977,-0.001200000000000756,0.08039999999999736,0.9750000000000005,20.188000000000002,35.159475,-10.382987499999999,0.11416249999999906,-0.8772374999999979,1.054925,20.17575,-1.4878728465258642,0.13601414769390704
120.25,23.9,148.1982,SSP1-2.6,2021-2040,-14.717800000000011,34.3484,-25.582899999999995,-0.006500000000002615,-0.3304000000000116,1.0768000000000004,19.258,34.681675,-14.223687500000011,0.07834999999999948,-0.7319124999999982,0.9149750000000001,19.64725,-1.4878728465258642,0.19920992806369398
120.3,22.5,208.2381,SSP1-2.6,2021-2040,-23.30940000000001,40.0043,-68.16250000000014,0.5547000000000004,8.8429,2.2018000000000004,15.3,39.7912625,-72.60631250000003,0.31233749999999993,7.8009,2.436825,15.8235,-1.3821790064446429,-1.570271922290439
120.3,22.55,225.1234,SSP1-2.6,2021-2040,-24.235500000000002,40.0243,-59.30809999999997,0.37349999999999994,7.280400000000007,2.773199999999999,16.131999999999998,40.05556250000001,-71.81856250000004,0.2700625000000003,7.6029125,2.3745499999999997,16.2055,-1.3821790064446429,-1.5070761419206478
120.3,22.6,230.9354,SSP1-2.6,2021-2040,-19.397599999999983,41.1703,-43.35270000000014,0.5890999999999984,7.4857000000000085,3.0804,17.176000000000002,40.4620375,-62.78453750000003,0.18615000000000004,6.485712500000002,2.2160624999999996,17.627499999999998,-1.3821790064446429,-1.4438803615508562
120.3,22.65,240.0305,SSP1-2.6,2021-2040,-26.344099999999997,40.813900000000004,-39.238399999999956,0.1479999999999997,6.014300000000006,2.101799999999999,18.744,40.454775,-55.08238750000001,0.2142624999999998,6.376325,2.0584750000000005,18.371000000000002,-1.3821790064446429,-1.3806845811810693
120.3,22.7,248.9375,SSP1-2.6,2021-2040,-25.76339999999999,40.1633,-44.83990000000017,0.6778000000000013,6.596400000000003,1.0143000000000004,18.866,40.243425,-32.273199999999946,0.23157499999999986,5.8037874999999985,1.6866,18.9505,-1.3821790064446429,-1.317488800811278
120.3,22.75,241.4981,SSP1-2.6,2021-2040,-12.102499999999992,40.219699999999996,2.8050000000000637,0.5031999999999996,6.612499999999997,1.0875000000000004,18.785999999999998,40.0017,-19.932612499999976,0.3107375000000001,5.135937499999998,1.4473250000000004,18.7425,-1.3821790064446429,-1.2542930204414864
120.3,22.8,228.2381,SSP1-2.6,2021-2040,-13.365800000000007,40.206500000000005,-15.347899999999981,-0.11759999999999948,4.432099999999991,1.330400000000001,18.658,39.26235,-3.107924999999966,0.5964624999999995,4.957149999999998,1.3278999999999999,18.05025,-1.3821790064446429,-1.191097240071695
120.3,22.85,215.0137,SSP1-2.6,2021-2040,0.7856999999999914,37.979099999999995,4.9646000000000186,0.38670000000000115,4.8803999999999945,1.0713999999999988,17.726,38.4167,-7.406199999999984,0.8528999999999995,4.753787499999996,1.3993375,17.772,-1.3821790064446429,-1.1279014597019037
120.3,22.9,209.3031,SSP1-2.6,2021-2040,-0.855400000000003,38.5407,9.41840000000002,1.7712000000000003,6.046399999999991,1.5749999999999993,17.979999999999997,37.572975,-7.840637499999957,1.0752875,5.491062499999997,1.3685124999999998,17.47275,-1.3821790064446429,-1.0647056793321166
120.3,22.95,218.45,SSP1-2.6,2021-2040,-11.998499999999979,38.0163,20.985200000000077,1.6237999999999992,6.4071,1.8232,17.716,38.13945,-16.179399999999987,1.3049000000000008,5.720974999999999,1.517625,18.084999999999997,-1.3821790064446429,-1.0015098989623252
120.3,23.0,219.9452,SSP1-2.6,2021-2040,-19.394200000000012,39.185599999999994,5.828500000000076,1.5289000000000001,2.678600000000003,1.7588999999999988,20.413999999999998,38.51853750000001,-32.33688750000002,0.9848875000000001,6.372762499999999,1.7183000000000004,17.819499999999998,-1.3821790064446429,-0.9383141185925338
120.3,23.05,227.2896,SSP1-2.6,2021-2040,-26.54310000000001,39.6295,-60.67920000000004,0.10829999999999984,5.116100000000003,2.2643000000000004,19.678,38.821799999999996,-32.64141250000003,0.9348000000000005,5.5122874999999985,1.6087125,18.008249999999997,-1.3821790064446429,-0.8751183382227424
120.3,23.1,210.2699,SSP1-2.6,2021-2040,-16.555300000000017,39.908,-28.638599999999997,0.7077999999999989,4.617899999999999,1.5892999999999997,19.278,38.4875125,-32.49633750000004,0.5785375000000004,5.094425,1.5558,17.84675,-1.3821790064446429,-0.811922557852951
120.3,23.15,200.9192,SSP1-2.6,2021-2040,-12.152799999999985,38.5642,-10.71810000000005,0.7494000000000014,4.026800000000009,1.1338999999999988,18.372,38.0582625,-24.910350000000022,0.40500000000000025,4.70135,1.5866125,17.92125,-1.3821790064446429,-0.748726777483164
120.3,23.2,201.7078,SSP1-2.6,2021-2040,-12.78019999999998,36.735499999999995,-19.202400000000125,0.11779999999999902,4.464299999999994,1.6911000000000005,18.504,37.5718375,-24.90436250000002,0.08702500000000013,3.7971125000000034,1.6439624999999995,17.96725,-1.3821790064446429,-0.6855309971133726
120.3,23.25,203.524,SSP1-2.6,2021-2040,-20.7843,37.0377,-19.248299999999972,-0.46089999999999876,1.6518000000000086,1.8213999999999988,18.158,36.9418625,-43.1139,-0.1962000000000006,4.368549999999999,1.7957624999999997,18.47325,-1.3821790064446429,-0.6223352167435812
120.3,23.3,183.7246,SSP1-2.6,2021-2040,-15.893799999999999,36.5865,-93.68529999999987,-0.7308000000000021,6.441099999999999,1.549999999999999,19.408,36.775962500000006,-41.785424999999975,-0.12827500000000036,3.7174249999999995,1.709825,18.609250000000003,-1.3821790064446429,-0.5591394363737897
120.3,23.35,177.6045,SSP1-2.6,2021-2040,-16.53450000000001,36.73369999999999,-69.78909999999996,-0.08950000000000102,4.0678999999999945,1.148200000000001,18.828000000000003,37.0280125,-42.39622499999993,-0.06301250000000058,4.366074999999999,1.52725,19.321749999999998,-1.3821790064446429,-0.4959436560039983
120.3,23.4,171.67,SSP1-2.6,2021-2040,-13.661699999999996,38.035599999999995,-23.72999999999979,0.4128000000000007,4.4482,1.1161000000000003,19.676,37.6320625,-33.732024999999965,-0.019550000000000622,3.465637499999999,1.4705375000000003,19.576500000000003,-1.3821790064446429,-0.43274787563421135
120.3,23.45,181.7201,SSP1-2.6,2021-2040,-17.840900000000005,39.1429,-15.977100000000064,-0.22850000000000037,3.3267999999999986,1.5213999999999999,20.286,38.000937500000006,-20.508987499999932,0.05523750000000005,3.7084875000000004,1.4910750000000002,19.92575,-1.3821790064446429,-0.3695520952644199
120.3,23.5,190.8068,SSP1-2.6,2021-2040,-25.413900000000012,38.8027,-14.014899999999898,-0.10239999999999938,5.382100000000001,1.5911000000000008,20.08,37.9099375,-11.317387500000024,0.021087500000000148,2.9875125000000002,1.6504374999999998,19.91325,-1.3821790064446429,-0.3063563148946285
120.3,23.55,178.1936,SSP1-2.6,2021-2040,-22.062000000000012,38.315400000000004,1.9859999999998763,0.1197000000000017,0.9070999999999998,1.4768,20.31,37.4901,3.197212499999978,0.08216249999999992,3.426350000000001,1.5250000000000001,19.736749999999997,-1.3821790064446429,-0.24316053452483705
120.3,23.6,169.0598,SSP1-2.6,2021-2040,-17.4127,36.7824,24.499000000000024,0.1319999999999979,2.4928999999999917,1.1732000000000005,20.235999999999997,37.306937500000004,5.368599999999958,0.10109999999999975,2.323662500000001,1.3921875,19.92875,-1.3821790064446429,-0.17996475415504562
120.3,23.65,174.8116,SSP1-2.6,2021-2040,-24.420500000000004,36.669799999999995,7.808300000000145,0.15309999999999846,2.3499999999999943,1.2999999999999998,20.898,37.1810625,14.41701249999997,0.14857499999999924,2.047100000000002,1.1711875000000003,20.36725,-1.3821790064446429,-0.11676897378525869
120.3,23.7,183.594,SSP1-2.6,2021-2040,-26.925299999999993,36.909,20.454799999999977,0.30819999999999936,-0.4142999999999972,1.0821000000000005,22.144,36.82345,6.4822750000000156,0.03701249999999945,2.078574999999999,1.1075875,20.8245,-1.3821790064446429,-0.053573193415467256
120.3,23.75,182.2375,SSP1-2.6,2021-2040,-26.878000000000014,36.8248,10.232500000000073,0.16769999999999996,1.6178999999999988,0.9428999999999998,22.692000000000004,36.407275,5.934100000000001,0.03494999999999937,0.8618249999999996,1.05045,20.934500000000003,-1.3821790064446429,0.009622586954324176
120.3,23.8,182.4818,SSP1-2.6,2021-2040,-26.037199999999984,36.2108,1.4117000000001099,0.0893999999999977,1.623199999999997,1.0179,20.562,35.774875,-0.6881500000000074,0.0672625,-0.2816875000000012,1.0221125,20.631500000000003,-1.3821790064446429,0.0728183673241156
120.3,23.85,168.7682,SSP1-2.6,2021-2040,-20.47320000000002,34.590599999999995,0.5299999999999727,0.591899999999999,-2.6768,1.2125000000000004,19.131999999999998,35.1362375,-9.402024999999995,0.024524999999999242,-0.09911250000000038,0.9245750000000001,19.918,-1.3821790064446429,0.13601414769390704
120.3,23.9,154.9006,SSP1-2.6,2021-2040,-14.404300000000006,33.9228,-15.661399999999958,0.23290000000000077,0.008900000000011232,1.0304000000000002,18.939999999999998,34.674225,-13.878624999999985,0.06283749999999921,0.19329999999999625,0.8680875000000002,19.36925,-1.3821790064446429,0.19920992806369398
120.3,23.95,146.4972,SSP1-2.6,2021-2040,-13.326099999999997,33.4504,-32.96989999999994,-0.07010000000000005,0.24109999999998877,0.9661,18.206,34.2513125,-24.311999999999983,0.042212499999999764,0.3827874999999983,0.6707625000000003,19.336750000000002,-1.3821790064446429,0.26240570843348543
120.3,24.0,144.2081,SSP1-2.6,2021-2040,-12.251800000000003,33.72579999999999,-38.66129999999998,-0.2579999999999991,-0.08750000000000568,0.5857000000000001,19.952,34.3003875,-30.90313749999997,-0.009512500000000479,0.7627124999999966,0.5390750000000002,19.31325,-1.3821790064446429,0.32560148880327683
120.35,22.35,196.0512,SSP1-2.6,2021-2040,-28.5342,43.412000000000006,-65.7702999999999,0.7701999999999991,15.046399999999998,1.9178999999999995,17.788000000000004,40.16685,-30.576212500000025,0.7035,7.609149999999996,2.0493375,15.83325,-1.2764851663634216,-1.759859263399809
120.35,22.5,221.2971,SSP1-2.6,2021-2040,-31.703000000000003,38.2521,-54.31020000000012,0.3946000000000005,8.732099999999996,2.2321,14.244000000000002,39.6052125,-71.45963750000001,0.45684999999999976,8.209837499999999,2.3817,15.70025,-1.2764851663634216,-1.570271922290439
120.35,22.55,236.2247,SSP1-2.6,2021-2040,-32.26920000000001,38.823,-92.4217000000001,-0.07219999999999871,5.966099999999997,2.7911,14.258,39.4342375,-81.61648750000003,0.36919999999999975,8.207375000000003,2.3573625,15.777000000000001,-1.2764851663634216,-1.5070761419206478
120.35,22.6,228.3469,SSP1-2.6,2021-2040,-25.380200000000002,40.3007,-98.10149999999999,-0.2850999999999999,7.287500000000001,2.8446,16.858,39.60615,-88.31846249999998,0.16481250000000003,6.999337500000003,2.356025,16.80225,-1.2764851663634216,-1.4438803615508562
120.35,22.65,238.678,SSP1-2.6,2021-2040,-25.9717,40.266400000000004,-101.96029999999996,-0.301400000000001,5.419600000000003,2.4464000000000006,19.134,39.832274999999996,-76.09834999999998,0.10806249999999995,6.743300000000003,2.2191875000000003,17.977,-1.2764851663634216,-1.3806845811810693
120.35,22.7,246.6065,SSP1-2.6,2021-2040,-26.59790000000001,39.16969999999999,-79.87379999999985,-0.1673000000000009,7.314299999999996,1.9571000000000005,19.29,40.156800000000004,-57.407249999999976,0.18886249999999993,6.0116000000000005,1.9218625000000003,18.66675,-1.2764851663634216,-1.317488800811278
120.35,22.75,250.3008,SSP1-2.6,2021-2040,-16.6267,41.3575,-5.255300000000034,0.6798000000000002,5.842899999999993,1.6106999999999996,19.912,39.423875,-46.31276249999996,0.31279999999999974,5.98325,1.9515625000000005,18.23575,-1.2764851663634216,-1.2542930204414864
120.35,22.8,246.0041,SSP1-2.6,2021-2040,-16.02709999999999,39.5098,-4.549199999999928,0.8119999999999976,6.039300000000004,2.251800000000001,18.759999999999998,38.1664875,-29.756812499999995,0.5547874999999998,5.347762499999997,1.80335,17.176499999999997,-1.2764851663634216,-1.191097240071695
120.35,22.85,228.9874,SSP1-2.6,2021-2040,-9.443300000000022,35.871199999999995,-14.463500000000067,1.048099999999998,3.6695999999999955,1.7428999999999988,15.808000000000002,37.01531249999999,-32.949337499999984,0.7898624999999999,5.833474999999999,1.9305875000000001,16.768749999999997,-1.2764851663634216,-1.1279014597019037
120.35,22.9,228.3372,SSP1-2.6,2021-2040,-14.48599999999999,36.0765,-47.09570000000008,1.0334000000000003,5.5411,1.6267999999999994,17.369999999999997,36.460337499999994,-45.040775,0.99945,6.562699999999999,1.853125,16.537,-1.2764851663634216,-1.0647056793321166
120.35,22.95,240.1659,SSP1-2.6,2021-2040,-30.913399999999996,38.439499999999995,-85.24389999999994,1.1231000000000009,9.033900000000003,1.4196000000000009,19.274,37.28035,-58.52962500000001,1.0788750000000005,6.7886,1.9062624999999997,17.253999999999998,-1.2764851663634216,-1.0015098989623252
120.35,23.0,244.5636,SSP1-2.6,2021-2040,-36.363200000000006,39.683499999999995,-95.8302000000001,1.0596000000000032,9.0107,1.5661000000000005,18.619999999999997,38.0787625,-68.15916250000001,0.7422249999999999,6.6212,1.9491125,17.804250000000003,-1.2764851663634216,-0.9383141185925338
120.35,23.05,239.9779,SSP1-2.6,2021-2040,-33.790099999999995,38.666700000000006,-93.5965000000001,0.3434999999999988,8.176799999999993,1.7393,17.474000000000004,38.600525,-63.843999999999994,0.6787375000000004,6.036175,1.964075,18.17225,-1.2764851663634216,-0.8751183382227424
120.35,23.1,232.6515,SSP1-2.6,2021-2040,-30.964400000000012,37.66669999999999,-38.87389999999982,0.8465000000000025,6.899999999999999,1.8214000000000006,16.854,38.2899375,-55.88431250000005,0.4844499999999998,5.4087250000000004,1.9616125,17.92,-1.2764851663634216,-0.811922557852951
120.35,23.15,235.644,SSP1-2.6,2021-2040,-33.4452,37.146300000000004,-3.6866999999999734,0.9466000000000001,5.132100000000001,1.7232000000000003,16.704,37.7187625,-52.122975,0.40186250000000046,4.9306,2.0633999999999997,17.820249999999998,-1.2764851663634216,-0.748726777483164
120.35,23.2,227.8857,SSP1-2.6,2021-2040,-26.597200000000015,37.43729999999999,-42.25080000000003,0.03730000000000189,4.591100000000004,2.1499999999999986,17.434,37.147975,-41.96533750000003,0.1711125,3.7957625000000013,2.1790125,17.66525,-1.2764851663634216,-0.6855309971133726
120.35,23.25,212.9953,SSP1-2.6,2021-2040,-23.06449999999998,36.7398,-35.61680000000001,-0.1767000000000003,4.042899999999996,2.3643,17.28,36.7496,-51.237150000000014,-0.11565000000000047,3.6741125000000006,2.2520124999999993,18.183,-1.2764851663634216,-0.6223352167435812
120.35,23.3,200.8874,SSP1-2.6,2021-2040,-18.567600000000027,35.960300000000004,-24.940200000000004,-0.012400000000003075,2.6642999999999972,2.3232,18.456,36.465149999999994,-45.10297500000004,-0.11848750000000052,3.572775000000001,2.2625,18.359500000000004,-1.2764851663634216,-0.5591394363737897
120.35,23.35,194.7958,SSP1-2.6,2021-2040,-18.0009,35.75320000000001,-33.04600000000005,-0.032500000000002416,4.375,2.4429000000000007,18.924,36.4368,-38.58699999999999,0.029812499999999797,3.1169624999999987,1.8462125000000003,18.857750000000003,-1.2764851663634216,-0.4959436560039983
120.35,23.4,185.5828,SSP1-2.6,2021-2040,-16.99539999999999,36.819700000000005,-35.74829999999997,-0.2701999999999991,3.5981999999999985,1.2518000000000011,19.45,36.8359,-28.98893749999999,0.07545000000000002,2.319187499999999,1.9392875000000003,19.238,-1.2764851663634216,-0.43274787563421135
120.35,23.45,185.7078,SSP1-2.6,2021-2040,-14.539999999999992,37.759499999999996,-40.300199999999904,-0.14559999999999818,0.3374999999999986,2.1338999999999997,20.024,37.1696125,-23.87964999999994,-0.021549999999999958,3.0113749999999992,1.6163000000000003,19.336,-1.2764851663634216,-0.3695520952644199
120.35,23.5,192.3627,SSP1-2.6,2021-2040,-20.961599999999976,36.715700000000005,-24.683199999999943,-0.06960000000000122,6.1143,1.9963999999999995,18.72,37.092737500000005,-15.382237499999974,-0.008187500000000014,2.3944124999999996,1.7582624999999998,19.299,-1.2764851663634216,-0.3063563148946285
120.35,23.55,191.5476,SSP1-2.6,2021-2040,-22.0291,35.347500000000004,7.7849999999998545,0.18879999999999697,5.553600000000003,1.8661000000000003,18.32,36.7612625,-1.2401124999999524,0.15897499999999942,3.4281249999999988,1.57455,19.02675,-1.2764851663634216,-0.24316053452483705
120.35,23.6,171.1946,SSP1-2.6,2021-2040,-12.752900000000011,37.301700000000004,34.03819999999996,0.6376999999999988,4.771400000000007,1.6500000000000004,19.204,36.2671375,2.7451000000000363,0.19877499999999948,3.0415249999999974,1.4890625000000002,19.290499999999998,-1.2764851663634216,-0.17996475415504562
120.35,23.65,182.5119,SSP1-2.6,2021-2040,-23.379899999999992,37.93280000000001,-0.23119999999994434,0.08579999999999899,3.0874999999999986,1.3588999999999993,19.894,36.4092375,15.246537500000045,0.26484999999999914,2.596212499999999,1.3939625000000002,19.94025,-1.2764851663634216,-0.11676897378525869
120.35,23.7,187.8699,SSP1-2.6,2021-2040,-26.212099999999992,36.656000000000006,32.091699999999946,-0.022000000000002018,1.8536000000000001,1.5195999999999996,21.082,36.6458875,4.198825000000056,0.0446124999999995,1.6037999999999997,1.2482250000000004,20.3745,-1.2764851663634216,-0.053573193415467256
120.35,23.75,178.4038,SSP1-2.6,2021-2040,-23.656799999999976,36.535,9.376700000000028,-0.3141999999999996,-0.5018000000000029,1.0304000000000002,20.914,36.355225000000004,8.366875000000022,-0.034025000000001526,0.8903999999999996,1.1600500000000002,20.347,-1.2764851663634216,0.009622586954324176
120.35,23.8,179.6057,SSP1-2.6,2021-2040,-25.073800000000006,35.8841,14.19640000000004,-0.09550000000000125,0.7963999999999913,1.0411000000000001,20.46,35.69865,2.048412500000012,-0.04260000000000064,-0.33906249999999893,1.0058125000000002,19.701,-1.2764851663634216,0.0728183673241156
120.35,23.85,175.2072,SSP1-2.6,2021-2040,-18.80189999999999,35.5114,14.034799999999905,0.09510000000000218,-1.1624999999999943,0.8963999999999999,19.4,34.803587500000006,-3.680774999999983,-0.013125000000000941,-0.3915375000000001,0.78885,19.213749999999997,-1.2764851663634216,0.13601414769390704
120.35,23.9,162.5015,SSP1-2.6,2021-2040,-16.8048,34.208200000000005,-14.747299999999996,-0.22020000000000195,1.185699999999997,0.29110000000000014,19.022,34.242887499999995,-11.017812499999991,0.09522500000000056,-0.1935374999999988,0.7221000000000001,18.858999999999998,-1.2764851663634216,0.19920992806369398
120.35,23.95,156.0889,SSP1-2.6,2021-2040,-13.885400000000004,33.98349999999999,-33.12559999999996,0.02430000000000021,2.5856999999999957,0.5089000000000006,19.186,34.2016,-26.507749999999987,-0.06587500000000013,0.6073499999999976,0.4609500000000001,19.314,-1.2764851663634216,0.26240570843348543
120.35,24.0,149.0506,SSP1-2.6,2021-2040,-10.922799999999995,35.1387,-43.502700000000004,-0.0045000000000001705,0.7570999999999941,0.3321000000000005,20.374000000000002,34.1252375,-34.72451249999996,-0.0814499999999998,0.8888374999999966,0.35648750000000007,19.353749999999998,-1.2764851663634216,0.32560148880327683
120.35,24.05,146.5864,SSP1-2.6,2021-2040,-11.768100000000004,34.238099999999996,-46.43349999999998,-0.016199999999997772,0.12860000000000582,0.07859999999999978,19.549999999999997,34.13029999999999,-41.10296249999996,-0.06676250000000028,0.3910624999999941,0.3683000000000002,19.4445,-1.2764851663634216,0.3887972691730683
120.4,22.5,207.384,SSP1-2.6,2021-2040,-29.33279999999999,38.6795,-54.39480000000003,0.6673999999999971,9.160699999999999,2.028599999999999,14.856,39.428475,-57.912375000000026,0.6508375000000006,8.098437499999996,2.0698625,15.86325,-1.1707913262821703,-1.570271922290439
120.4,22.55,229.0997,SSP1-2.6,2021-2040,-28.92780000000002,38.500800000000005,-135.74159999999983,0.49900000000000233,9.880399999999995,1.7731999999999992,15.058000000000002,38.9272375,-75.29886250000004,0.4657499999999999,7.926562499999998,2.2823624999999996,15.80125,-1.1707913262821703,-1.5070761419206478
120.4,22.6,239.1591,SSP1-2.6,2021-2040,-25.016199999999998,38.541900000000005,-139.56050000000005,0.1603999999999992,6.989300000000007,1.9250000000000007,16.592,39.12972500000001,-94.51124999999999,0.16107500000000075,6.6180875,2.41405,16.59475,-1.1707913262821703,-1.4438803615508562
120.4,22.65,245.7498,SSP1-2.6,2021-2040,-25.774200000000008,38.708600000000004,-94.96439999999984,-0.07789999999999964,6.9589,1.9571000000000005,17.323999999999998,39.4230875,-94.98426249999994,-0.07123750000000006,5.470762500000003,2.5714125,17.8245,-1.1707913262821703,-1.3806845811810693
120.4,22.7,249.8626,SSP1-2.6,2021-2040,-24.863199999999978,39.7898,-68.85559999999987,-0.18049999999999855,5.300000000000004,2.8732000000000006,18.966,39.4257375,-91.15771249999995,-0.05141250000000053,5.306025000000001,2.3477500000000004,17.842,-1.1707913262821703,-1.317488800811278
120.4,22.75,262.3101,SSP1-2.6,2021-2040,-35.61269999999999,39.93520000000001,-106.94910000000004,0.061899999999997846,5.3481999999999985,2.283900000000001,17.602,38.6273125,-64.47994999999992,0.2578499999999999,5.4475500000000014,2.540625,17.573,-1.1707913262821703,-1.2542930204414864
120.4,22.8,252.613,SSP1-2.6,2021-2040,-21.2295,36.397000000000006,-52.891599999999926,0.9129000000000005,6.223200000000006,2.8142999999999994,14.958,37.2918375,-49.88235,0.6114874999999995,4.943074999999999,2.3100500000000004,16.68675,-1.1707913262821703,-1.191097240071695
120.4,22.85,245.8822,SSP1-2.6,2021-2040,-21.422500000000014,33.3657,-50.91669999999999,0.9633000000000003,5.773200000000003,2.4857000000000014,13.961999999999998,36.0144375,-40.897324999999995,0.8256749999999995,5.1100375,2.317875,16.1985,-1.1707913262821703,-1.1279014597019037
120.4,22.9,260.1326,SSP1-2.6,2021-2040,-34.55140000000003,34.0472,-107.17660000000001,0.5569999999999986,7.732100000000003,2.289300000000001,14.736,35.5527125,-59.99800000000002,0.7975250000000003,6.213374999999999,2.1837125,16.0595,-1.1707913262821703,-1.0647056793321166
120.4,22.95,265.6406,SSP1-2.6,2021-2040,-44.6987,35.42300000000001,-137.89370000000008,0.5224000000000011,8.9589,2.4178999999999995,15.093999999999998,36.4934,-87.77752500000003,0.6583375000000005,7.816275000000001,2.2087125,16.463250000000002,-1.1707913262821703,-1.0015098989623252
120.4,23.0,259.5552,SSP1-2.6,2021-2040,-40.88890000000001,37.269999999999996,-116.47289999999998,0.5347000000000008,7.933900000000001,2.1929,16.102,37.42215,-102.75685000000004,0.4450250000000002,8.2528875,2.2631750000000004,16.677500000000002,-1.1707913262821703,-0.9383141185925338
120.4,23.05,257.5938,SSP1-2.6,2021-2040,-41.580299999999994,37.999500000000005,-78.20080000000007,0.15309999999999846,4.664299999999997,1.9768000000000008,16.682,37.7122375,-100.8267875,0.4609000000000001,8.0261125,2.254925,16.9415,-1.1707913262821703,-0.8751183382227424
120.4,23.1,258.2545,SSP1-2.6,2021-2040,-40.8194,37.46139999999999,-97.88490000000002,0.49099999999999966,7.367899999999999,2.5428999999999995,17.75,37.4660625,-81.42124999999999,0.36431250000000004,6.3721,2.2390625,17.00025,-1.1707913262821703,-0.811922557852951
120.4,23.15,265.9338,SSP1-2.6,2021-2040,-44.64410000000001,36.94389999999999,-73.66970000000015,0.37590000000000146,4.167900000000003,2.7232000000000003,17.421999999999997,37.0462,-77.93826249999992,0.28912500000000074,5.754687499999999,2.4267874999999997,17.07275,-1.1707913262821703,-0.748726777483164
120.4,23.2,247.6968,SSP1-2.6,2021-2040,-40.4658,37.0331,-105.74539999999979,-0.11080000000000112,3.308899999999994,2.8553999999999995,16.948,36.763549999999995,-63.04502500000004,0.10861250000000089,4.4424125000000005,2.6926249999999996,17.2035,-1.1707913262821703,-0.6855309971133726
120.4,23.25,241.2646,SSP1-2.6,2021-2040,-33.33430000000001,36.9833,-67.83530000000019,-0.0724000000000018,3.571400000000004,3.1195999999999993,17.934,36.341337499999995,-57.50007500000001,0.02152500000000046,3.266962499999999,2.7752374999999994,17.536,-1.1707913262821703,-0.6223352167435812
120.4,23.3,229.3535,SSP1-2.6,2021-2040,-26.3776,36.223099999999995,-36.989500000000135,0.30700000000000216,2.700000000000003,2.5054,18.622,36.018150000000006,-38.41800000000006,0.05417499999999942,2.6640500000000005,3.0988875,18.00225,-1.1707913262821703,-0.5591394363737897
120.4,23.35,217.5594,SSP1-2.6,2021-2040,-21.15010000000001,35.663900000000005,-4.613500000000158,0.30790000000000006,1.7321000000000026,3.1482,17.722,35.988,-29.488650000000035,0.06682500000000013,1.7216375,2.67345,18.71975,-1.1707913262821703,-0.4959436560039983
120.4,23.4,194.6296,SSP1-2.6,2021-2040,-19.1901,35.47160000000001,-19.20010000000002,0.31370000000000076,-0.7161000000000044,1.7268000000000008,18.700000000000003,36.28545,-25.51340000000002,-0.0394874999999999,1.7392625000000006,2.6924124999999997,19.14025,-1.1707913262821703,-0.43274787563421135
120.4,23.45,191.9373,SSP1-2.6,2021-2040,-15.5154,36.1268,-25.255499999999984,0.06530000000000058,0.9821000000000026,2.2767999999999997,19.744,36.233625,-30.052224999999993,-0.13682499999999997,2.0115999999999996,2.0705375,18.886499999999998,-1.1707913262821703,-0.3695520952644199
120.4,23.5,197.1109,SSP1-2.6,2021-2040,-21.026099999999985,36.24190000000001,-32.42809999999986,-0.29350000000000165,0.9553999999999974,1.4499999999999993,18.031999999999996,35.69195,-19.765424999999993,0.045524999999999594,3.4752125000000005,2.1799124999999995,18.6965,-1.1707913262821703,-0.3063563148946285
120.4,23.55,194.6141,SSP1-2.6,2021-2040,-18.00740000000002,35.0052,-4.853099999999813,0.3307000000000002,1.7106999999999957,1.75,17.596,35.5344,-8.735325000000017,0.16969999999999885,4.5613875,1.8948625,18.292,-1.1707913262821703,-0.24316053452483705
120.4,23.6,169.4447,SSP1-2.6,2021-2040,-13.239500000000021,34.92509999999999,5.535200000000032,0.517199999999999,5.091099999999997,1.5088999999999997,18.036,35.61432500000001,-4.148774999999972,0.24006249999999918,3.977899999999999,1.6774499999999999,18.62125,-1.1707913262821703,-0.17996475415504562
120.4,23.65,188.9892,SSP1-2.6,2021-2040,-26.4118,35.158899999999996,-20.568399999999883,0.06290000000000262,3.1392999999999986,1.478600000000001,19.034000000000002,35.9781375,1.221262500000023,0.20881249999999874,3.245099999999999,1.4914999999999998,19.03575,-1.1707913262821703,-0.11676897378525869
120.4,23.7,189.6133,SSP1-2.6,2021-2040,-27.842600000000004,36.871,18.11350000000016,0.329699999999999,1.4857000000000014,1.4393000000000011,18.888,35.7736,-7.3610499999999774,-0.12368750000000084,1.9430999999999994,1.321425,19.274,-1.1707913262821703,-0.053573193415467256
120.4,23.75,184.6684,SSP1-2.6,2021-2040,-26.288699999999977,36.2658,-11.595600000000104,-0.4363000000000028,2.066100000000006,1.353600000000001,18.532,35.5829125,1.7488750000000266,-0.1770375000000013,0.4883874999999982,1.263175,19.369500000000002,-1.1707913262821703,0.009622586954324176
120.4,23.8,181.3336,SSP1-2.6,2021-2040,-24.959899999999976,35.22030000000001,-17.970000000000027,-0.6134000000000022,-1.9054000000000002,0.8838999999999997,18.416,35.4592375,4.147562500000021,-0.14241250000000072,0.044412500000000854,1.0707750000000003,19.1175,-1.1707913262821703,0.0728183673241156
120.4,23.85,177.2337,SSP1-2.6,2021-2040,-18.83529999999999,34.4305,10.367200000000139,0.07900000000000063,-1.7731999999999957,0.7088999999999999,17.96,34.905225,-1.2802374999999984,-0.1541875000000008,-0.36900000000000155,0.7855000000000001,18.9765,-1.1707913262821703,0.13601414769390704
120.4,23.9,165.6823,SSP1-2.6,2021-2040,-16.415899999999993,33.9614,-7.572800000000143,-0.16910000000000025,-0.39110000000000156,0.125,19.218,34.3118125,-6.010462499999946,0.0069750000000001755,-0.2855125000000003,0.566075,18.34975,-1.1707913262821703,0.19920992806369398
120.4,23.95,168.0032,SSP1-2.6,2021-2040,-15.195099999999996,34.092499999999994,-23.74479999999994,-0.022199999999998,1.6196000000000055,0.3285999999999998,18.83,34.06145,-21.269762499999956,-0.07365000000000066,-0.19690000000000474,0.23750000000000004,18.65025,-1.1707913262821703,0.26240570843348543
120.4,24.0,160.5416,SSP1-2.6,2021-2040,-12.630799999999994,35.11300000000001,-35.201799999999935,-0.015800000000002257,1.5249999999999915,0.02859999999999996,19.97,33.870262499999995,-34.12111249999994,-0.06636249999999944,-0.4056000000000024,0.15312499999999996,18.69525,-1.1707913262821703,0.32560148880327683
120.4,24.05,156.3616,SSP1-2.6,2021-2040,-10.975000000000023,34.1904,-52.911899999999946,-0.07339999999999947,-0.08750000000000568,0.06430000000000025,20.114,33.957049999999995,-41.26112499999999,-0.13716250000000008,-0.44621250000000234,0.14397500000000008,19.128,-1.1707913262821703,0.3887972691730683
120.4,24.1,153.5601,SSP1-2.6,2021-2040,-11.546899999999994,34.3748,-55.40429999999992,-0.013000000000001677,0.7088999999999999,0.3268000000000004,19.926000000000002,33.86285,-46.527974999999984,-0.14397499999999974,-0.26518750000000146,0.18147499999999983,19.2805,-1.1707913262821703,0.4519930495428597
120.4,24.15,150.4574,SSP1-2.6,2021-2040,-10.214100000000002,33.405699999999996,-52.7337,-0.147199999999998,-0.5929000000000002,0.26429999999999954,19.386000000000003,33.87905,-50.241574999999955,-0.1920999999999995,-0.5466625000000009,0.14083750000000006,19.119999999999997,-1.1707913262821703,0.5151888299126467
120.45,22.45,184.9807,SSP1-2.6,2021-2040,-13.949000000000012,42.157,1.6620000000000346,1.005200000000002,7.921399999999991,2.080400000000001,17.525999999999996,40.661049999999996,-6.420050000000003,0.8455624999999998,7.652224999999998,1.9252125,16.58725,-1.0650974862009488,-1.6334677026602307
120.45,22.5,186.9582,SSP1-2.6,2021-2040,-19.085700000000003,39.3388,-20.19419999999991,1.3283999999999985,9.774999999999991,1.5607000000000006,15.963999999999999,40.2707875,-25.481762500000002,0.7121250000000003,7.351787499999997,2.1680874999999995,16.774,-1.0650974862009488,-1.570271922290439
120.45,22.55,220.504,SSP1-2.6,2021-2040,-27.566699999999997,38.8775,-58.45680000000016,0.9753000000000007,9.541099999999993,2.125,16.222,39.101974999999996,-65.20552499999997,0.5315374999999998,6.893299999999999,2.1488874999999994,16.65975,-1.0650974862009488,-1.5070761419206478
120.45,22.6,233.7048,SSP1-2.6,2021-2040,-23.311200000000014,38.6044,-84.95119999999997,0.5572000000000017,5.960700000000003,2.7517999999999994,17.416,38.6904625,-90.92848749999999,0.14171250000000013,5.6305875,2.3575875,16.81625,-1.0650974862009488,-1.4438803615508562
120.45,22.65,252.1399,SSP1-2.6,2021-2040,-27.57220000000001,38.9564,-89.49250000000006,-0.006299999999999528,1.930400000000006,2.6232000000000006,16.488,38.686125000000004,-91.00571249999996,-0.08477500000000004,4.094637500000001,2.7863875,17.411749999999998,-1.0650974862009488,-1.3806845811810693
120.45,22.7,261.5788,SSP1-2.6,2021-2040,-34.61500000000001,39.7554,-97.0786999999998,-0.34690000000000154,3.564300000000003,3.1499999999999986,17.852,38.1412,-100.04328749999999,-0.15103750000000016,3.7593625000000017,2.868075,16.67325,-1.0650974862009488,-1.317488800811278
120.45,22.75,267.5862,SSP1-2.6,2021-2040,-39.724800000000016,37.25670000000001,-153.68759999999997,-0.25319999999999965,6.069600000000008,2.7536000000000005,15.133999999999999,37.4836875,-85.94911249999996,0.10868749999999983,4.329687500000001,3.0138374999999997,16.5885,-1.0650974862009488,-1.2542930204414864
120.45,22.8,246.563,SSP1-2.6,2021-2040,-24.906799999999976,35.782599999999995,-53.64779999999996,0.6060000000000016,3.2267999999999972,2.914299999999999,15.712,35.969750000000005,-83.48125000000002,0.28157500000000013,5.315837500000002,2.8107125,15.79325,-1.0650974862009488,-1.191097240071695
120.45,22.85,241.4185,SSP1-2.6,2021-2040,-18.958399999999983,35.256,-9.589600000000019,0.9740000000000002,3.5749999999999957,2.4375,16.604,35.0435625,-65.35567499999999,0.5101375000000004,5.885487500000002,2.7881750000000003,15.419250000000002,-1.0650974862009488,-1.1279014597019037
120.45,22.9,252.5991,SSP1-2.6,2021-2040,-27.980699999999985,35.175200000000004,-37.76459999999997,0.661999999999999,4.873199999999997,2.466100000000001,15.64,34.680237500000004,-73.541775,0.4787750000000006,6.463825,2.6656250000000004,15.229,-1.0650974862009488,-1.0647056793321166
120.45,22.95,275.3526,SSP1-2.6,2021-2040,-44.61519999999999,34.814600000000006,-97.0163,0.05390000000000228,8.2821,2.873199999999999,14.724000000000002,35.2895625,-86.80078749999998,0.4417874999999998,7.63815,2.5942,15.021999999999998,-1.0650974862009488,-1.0015098989623252
120.45,23.0,285.0495,SSP1-2.6,2021-2040,-43.31540000000001,36.44070000000001,-115.62000000000012,0.24299999999999855,10.123200000000004,3.2356999999999996,15.239999999999998,36.0694875,-96.07626250000001,0.2234124999999998,7.653775,2.5930875,15.26575,-1.0650974862009488,-0.9383141185925338
120.45,23.05,283.224,SSP1-2.6,2021-2040,-42.97549999999998,37.9097,-118.65339999999992,0.061599999999998545,7.773200000000003,2.876800000000001,16.312,36.593450000000004,-101.7290625,0.2071374999999991,8.008700000000001,2.598225,15.90225,-1.0650974862009488,-0.8751183382227424
120.45,23.1,284.2293,SSP1-2.6,2021-2040,-46.133200000000016,36.5992,-129.6824999999999,0.10729999999999862,6.923200000000001,2.0642999999999994,17.18,36.77375,-94.24355000000003,0.17243749999999958,7.037062500000001,2.74845,16.50775,-1.0650974862009488,-0.811922557852951
120.45,23.15,288.1429,SSP1-2.6,2021-2040,-51.308599999999984,36.7965,-115.00649999999996,0.08000000000000185,7.2393,2.9875000000000007,17.374000000000002,36.4613375,-97.08939999999998,0.10409999999999986,6.0183124999999995,2.7066999999999997,16.63975,-1.0650974862009488,-0.748726777483164
120.45,23.2,282.192,SSP1-2.6,2021-2040,-49.61360000000002,36.229099999999995,-90.3753999999999,-0.08489999999999753,4.574999999999996,3.2695999999999987,16.338,35.959575,-90.93042500000013,-0.08612500000000001,4.581475,2.9288000000000007,16.81975,-1.0650974862009488,-0.6855309971133726
120.45,23.25,276.5424,SSP1-2.6,2021-2040,-43.23689999999999,35.83220000000001,-75.9190000000001,-0.23689999999999856,2.2196,3.2036000000000016,17.142,35.450225,-92.79118750000009,-0.06666250000000007,3.9656249999999993,3.0355,16.88775,-1.0650974862009488,-0.6223352167435812
120.45,23.3,256.2755,SSP1-2.6,2021-2040,-30.474200000000025,35.275800000000004,-48.16350000000011,0.4496000000000002,2.0339000000000027,3.5303999999999984,18.068,35.083087500000005,-83.33271250000013,-0.13201249999999964,3.2874875,3.381475,17.3465,-1.0650974862009488,-0.5591394363737897
120.45,23.35,241.0817,SSP1-2.6,2021-2040,-26.3159,35.936699999999995,-17.209699999999884,0.2068000000000012,0.6732000000000014,4.658899999999999,18.491999999999997,35.2209125,-72.43625000000009,-0.12076249999999922,2.0732,3.0629500000000003,18.128750000000004,-1.0650974862009488,-0.4959436560039983
120.45,23.4,221.4944,SSP1-2.6,2021-2040,-28.592700000000008,36.46360000000001,-20.611900000000105,-0.42739999999999867,-1.5553999999999988,2.9482,19.046,35.44958749999999,-54.922912500000024,-0.05442499999999928,2.0165000000000006,3.127675,18.788,-1.0650974862009488,-0.43274787563421135
120.45,23.45,203.6636,SSP1-2.6,2021-2040,-16.5343,35.7602,-27.32210000000009,-0.02020000000000266,3.7714,2.6785999999999994,19.72,35.464075,-47.75119999999998,-0.14084999999999948,1.3515625000000009,2.5015625000000004,18.735500000000002,-1.0650974862009488,-0.3695520952644199
120.45,23.5,216.1281,SSP1-2.6,2021-2040,-20.375499999999988,34.636799999999994,-40.12390000000005,-0.18179999999999907,3.5875000000000057,2.3786000000000005,17.400000000000002,35.07515,-34.720849999999956,0.0849875,2.636825,2.3366124999999998,18.56175,-1.0650974862009488,-0.3063563148946285
120.45,23.55,203.0046,SSP1-2.6,2021-2040,-22.14270000000002,34.1839,-3.370400000000018,0.1966000000000001,5.744599999999998,2.3588999999999993,18.048000000000002,34.9062,-29.936124999999947,0.10529999999999973,2.862737499999999,2.08705,18.178,-1.0650974862009488,-0.24316053452483705
120.45,23.6,193.698,SSP1-2.6,2021-2040,-23.80630000000002,34.9226,-16.635400000000118,0.36219999999999786,4.673199999999994,1.9500000000000002,18.576,34.889300000000006,-22.504149999999925,0.1638500000000005,3.2511249999999983,1.9330250000000002,18.253500000000003,-1.0650974862009488,-0.17996475415504562
120.45,23.65,187.914,SSP1-2.6,2021-2040,-22.2294,35.062000000000005,-29.354899999999816,0.05579999999999785,3.1428999999999974,1.0070999999999994,18.298000000000002,35.2084,-19.686587499999945,0.12852500000000022,3.1598374999999983,1.8209750000000002,18.414499999999997,-1.0650974862009488,-0.11676897378525869
120.45,23.7,196.2103,SSP1-2.6,2021-2040,-30.19889999999998,34.1539,-33.787000000000035,-0.2958999999999996,1.855399999999996,1.4981999999999998,18.308,35.3477125,-18.09194999999994,-0.013287500000000119,2.6933250000000006,1.4859375000000004,18.307000000000002,-1.0650974862009488,-0.053573193415467256
120.45,23.75,176.8161,SSP1-2.6,2021-2040,-21.723399999999998,34.42439999999999,-4.819700000000012,-0.12560000000000215,0.9018000000000015,1.3249999999999993,18.13,35.2045125,-12.186649999999986,-0.18692500000000045,1.8089375000000008,1.41675,18.365499999999997,-1.0650974862009488,0.009622586954324176
120.45,23.8,172.7138,SSP1-2.6,2021-2040,-16.9289,34.9186,-3.2105999999998858,-0.27940000000000254,-0.5786000000000016,1.3679000000000006,18.758,34.9706625,-3.2624250000000075,-0.1756250000000006,0.9884000000000022,1.1453124999999997,18.302,-1.0650974862009488,0.0728183673241156
120.45,23.85,172.6274,SSP1-2.6,2021-2040,-17.169700000000006,35.704100000000004,4.831300000000056,-0.06240000000000023,0.6071000000000026,0.8429000000000002,18.786,34.2432,-2.957912499999992,-0.10421250000000093,0.038837499999999636,0.9560249999999999,18.336,-1.0650974862009488,0.13601414769390704
120.45,23.9,166.1502,SSP1-2.6,2021-2040,-12.221100000000007,33.8337,0.19630000000006476,0.11139999999999972,-1.5036000000000058,0.8357000000000001,17.752,33.624325,-5.02242499999997,0.06840000000000002,-0.16697499999999899,0.5845999999999998,17.890500000000003,-1.0650974862009488,0.19920992806369398
120.45,23.95,174.7063,SSP1-2.6,2021-2040,-15.979600000000005,32.7306,-5.895599999999831,0.050799999999998846,-3.8429000000000073,0.11609999999999943,15.862000000000002,33.3935125,-18.748862499999987,-0.0006625000000002323,-0.013625000000001108,0.31718749999999984,18.152,-1.0650974862009488,0.26240570843348543
120.45,24.0,172.2528,SSP1-2.6,2021-2040,-12.62190000000001,33.5225,-30.308599999999842,-0.3660999999999994,-1.8911000000000016,-0.33750000000000036,17.817999999999998,33.28552500000001,-29.10503749999998,-0.036799999999999944,-0.9230000000000027,0.18437499999999984,18.051000000000002,-1.0650974862009488,0.32560148880327683
120.45,24.05,163.1144,SSP1-2.6,2021-2040,-10.525999999999982,33.0658,-37.0462,-0.12359999999999971,-2.5143000000000058,0.13389999999999969,17.828000000000003,33.7710625,-41.16729999999998,-0.20158750000000047,-0.5924125000000027,0.12053750000000008,19.0115,-1.0650974862009488,0.3887972691730683
120.45,24.1,157.3901,SSP1-2.6,2021-2040,-8.677699999999987,33.2053,-52.94580000000019,-0.28659999999999997,-0.26069999999999993,0.23930000000000007,19.478,33.675975,-46.43097499999995,-0.18543749999999948,-0.874575000000001,0.26003750000000003,18.99925,-1.0650974862009488,0.4519930495428597
120.45,24.15,154.1392,SSP1-2.6,2021-2040,-9.866799999999984,33.9022,-62.64889999999991,-0.308600000000002,0.9214000000000055,0.3088999999999995,18.722,33.74895,-48.29421249999997,-0.20348749999999916,-0.708050000000001,0.21026250000000002,19.222,-1.0650974862009488,0.5151888299126467
120.45,24.2,153.3517,SSP1-2.6,2021-2040,-7.732100000000003,34.0933,-50.29699999999991,-0.1661999999999999,-0.32140000000001123,-0.20359999999999978,18.128,33.65545,-49.28336249999998,-0.17257499999999926,-0.5761249999999976,0.23258749999999995,19.082250000000002,-1.0650974862009488,0.578384610282438
120.5,22.4,199.1072,SSP1-2.6,2021-2040,-19.799499999999995,41.98799999999999,7.012900000000172,0.7810999999999986,5.446399999999997,1.4839000000000002,17.296,40.997699999999995,16.5078125,0.7158000000000002,6.597549999999997,2.1352624999999996,17.1225,-0.9594036461197276,-1.696663483030022
120.5,22.45,202.3235,SSP1-2.6,2021-2040,-16.572399999999988,42.0921,36.19879999999989,0.9688000000000017,5.028599999999997,2.0161,17.221999999999998,40.96445,8.743112500000052,0.7528375,7.037937499999997,1.994175,17.15775,-0.9594036461197276,-1.6334677026602307
120.5,22.5,214.1717,SSP1-2.6,2021-2040,-19.884599999999978,40.936699999999995,35.72399999999993,0.9160000000000004,5.982100000000003,2.071399999999999,17.042,40.49745,-14.69342499999999,0.7025875000000004,6.802899999999997,2.3015625,17.28,-0.9594036461197276,-1.570271922290439
120.5,22.55,231.1404,SSP1-2.6,2021-2040,-28.88159999999999,40.3182,-46.00729999999999,0.2889999999999979,5.798200000000001,2.7535999999999987,18.198,39.1543375,-32.14897499999995,0.44096250000000037,5.106912499999996,2.5173999999999994,17.43075,-0.9594036461197276,-1.5070761419206478
120.5,22.6,229.9008,SSP1-2.6,2021-2040,-27.258100000000013,37.8955,-76.51859999999988,-0.16509999999999891,1.5999999999999943,2.3267999999999986,18.152,38.461412499999994,-68.19293750000003,0.09752500000000008,3.7910625,3.0361624999999997,17.300500000000003,-0.9594036461197276,-1.4438803615508562
120.5,22.65,250.338,SSP1-2.6,2021-2040,-27.848299999999995,37.7248,-86.6862000000001,-0.5407000000000011,2.3464000000000027,3.376800000000001,16.496000000000002,37.9093375,-77.41480000000001,-0.06892500000000013,2.123662499999999,3.2622874999999993,17.304750000000002,-0.9594036461197276,-1.3806845811810693
120.5,22.7,257.1677,SSP1-2.6,2021-2040,-26.000200000000035,38.468599999999995,-79.43050000000017,-0.08470000000000155,0.037499999999994316,3.930399999999999,16.496,36.733037499999995,-95.15110000000001,-0.08301250000000016,3.066062500000003,3.4111624999999997,16.1665,-0.9594036461197276,-1.317488800811278
120.5,22.75,253.0183,SSP1-2.6,2021-2040,-31.162900000000008,34.2895,-120.28039999999987,-0.12689999999999912,2.0839,3.1464,14.88,36.4308125,-85.73348750000002,0.13132499999999947,4.232375000000001,3.5165249999999997,16.176,-0.9594036461197276,-1.2542930204414864
120.5,22.8,254.5648,SSP1-2.6,2021-2040,-31.879899999999992,35.45140000000001,-108.45920000000001,0.027699999999999392,8.853600000000007,2.9982000000000006,16.242,35.2489875,-76.64237500000004,0.275925,4.340400000000001,3.3982124999999996,15.842500000000001,-0.9594036461197276,-1.191097240071695
120.5,22.85,255.6571,SSP1-2.6,2021-2040,-32.244200000000006,35.8065,-65.0758000000003,-0.3070999999999984,4.600000000000001,3.5661000000000005,16.964,34.9445375,-57.13553750000003,0.5564124999999995,5.9308125,3.0392874999999995,15.85725,-0.9594036461197276,-1.1279014597019037
120.5,22.9,262.6279,SSP1-2.6,2021-2040,-30.835000000000008,34.322900000000004,-46.91309999999976,0.6593000000000018,5.8018,2.7714,15.14,34.76412500000001,-57.87336250000007,0.44903749999999976,6.668075,2.9076,15.378,-0.9594036461197276,-1.0647056793321166
120.5,22.95,278.503,SSP1-2.6,2021-2040,-40.818299999999994,34.406,-73.75239999999985,0.4073999999999991,6.987499999999997,2.4839,14.607999999999999,34.732312500000006,-58.84780000000001,0.44087500000000013,8.103112500000002,2.8174124999999997,14.52025,-0.9594036461197276,-1.0015098989623252
120.5,23.0,297.2332,SSP1-2.6,2021-2040,-43.9495,35.2315,-58.8130000000001,-0.05150000000000077,8.694600000000001,2.8964,13.616,35.099199999999996,-84.83812499999996,0.29898749999999996,8.535262500000002,2.7962,14.6235,-0.9594036461197276,-0.9383141185925338
120.5,23.05,299.1761,SSP1-2.6,2021-2040,-41.79970000000003,35.501599999999996,-87.8076000000001,0.1056999999999988,7.935700000000004,3.0267999999999997,14.988,35.573825,-97.42494999999991,0.1535499999999992,8.770975000000002,2.7319125,15.07575,-0.9594036461197276,-0.8751183382227424
120.5,23.1,303.6556,SSP1-2.6,2021-2040,-42.209299999999985,36.2437,-129.3507999999997,0.07379999999999853,10.4268,2.8499999999999996,15.659999999999998,35.741187499999995,-99.11297500000003,0.09489999999999954,7.801775000000002,2.83125,15.7715,-0.9594036461197276,-0.811922557852951
120.5,23.15,302.0877,SSP1-2.6,2021-2040,-34.191599999999994,35.3337,-53.3747000000003,0.038399999999999324,6.721400000000003,3.0036000000000005,15.874,35.829899999999995,-109.41118749999998,0.0069750000000001755,7.236387499999999,2.7966375,16.0015,-0.9594036461197276,-0.748726777483164
120.5,23.2,316.0196,SSP1-2.6,2021-2040,-42.99370000000005,35.8466,-96.63180000000011,-0.05790000000000006,4.6554,2.3446000000000016,15.946,35.112750000000005,-106.46520000000012,-0.17433749999999915,5.839724999999999,3.0388375,16.06125,-0.9594036461197276,-0.6855309971133726
120.5,23.25,308.7537,SSP1-2.6,2021-2040,-36.77699999999999,32.9073,-139.26100000000042,-0.7053000000000011,4.767899999999997,3.1929,15.918000000000001,34.792575,-120.06880000000004,-0.1583124999999992,4.927224999999998,2.9857125,16.164250000000003,-0.9594036461197276,-0.6223352167435812
120.5,23.3,307.9355,SSP1-2.6,2021-2040,-33.01510000000002,33.10349999999999,-157.32760000000007,-0.2586000000000013,6.112499999999997,3.466100000000001,15.328000000000001,34.21495,-125.94870000000006,-0.23557499999999942,4.130349999999998,3.2404,16.857,-0.9594036461197276,-0.5591394363737897
120.5,23.35,284.4778,SSP1-2.6,2021-2040,-39.247000000000014,34.0147,-167.50610000000006,-0.6045999999999978,4.523199999999996,3.757100000000001,17.613999999999997,34.4761125,-120.85426250000003,-0.2704249999999999,3.1990999999999996,3.164725,17.7735,-0.9594036461197276,-0.4959436560039983
120.5,23.4,236.4689,SSP1-2.6,2021-2040,-33.2782,35.5511,-125.07780000000002,-1.0536999999999992,1.7554000000000016,3.4214,19.93,34.6481875,-105.39470000000003,-0.18608749999999974,2.9629375,3.02365,18.443,-0.9594036461197276,-0.43274787563421135
120.5,23.45,227.6155,SSP1-2.6,2021-2040,-21.988699999999994,35.0717,-53.19849999999997,0.3494000000000028,3.4107000000000056,3.3536,18.382,34.629487499999996,-97.63915000000003,-0.3127000000000004,2.393087500000001,2.6732125,18.847250000000003,-0.9594036461197276,-0.3695520952644199
120.5,23.5,227.3932,SSP1-2.6,2021-2040,-18.5865,34.1491,-66.11379999999986,0.10119999999999862,2.3928999999999974,2.4571000000000005,18.65,34.268425,-71.04300000000003,-0.026099999999999568,3.243075000000002,2.7453250000000002,18.192,-0.9594036461197276,-0.3063563148946285
120.5,23.55,216.9757,SSP1-2.6,2021-2040,-17.620299999999986,34.062400000000004,-65.22530000000006,-0.04959999999999809,2.126800000000003,2.3679000000000006,18.322,34.4246625,-52.78061249999999,0.046387499999999804,3.1227624999999994,2.6689624999999997,18.0445,-0.9594036461197276,-0.24316053452483705
120.5,23.6,221.8191,SSP1-2.6,2021-2040,-27.42519999999999,35.30650000000001,-19.644599999999855,0.05600000000000094,2.3643,2.8339,18.812,34.585462500000006,-37.54590000000002,0.13286249999999988,3.267174999999998,2.3738749999999995,17.590249999999997,-0.9594036461197276,-0.17996475415504562
120.5,23.65,203.9974,SSP1-2.6,2021-2040,-23.030599999999993,35.410399999999996,-42.55169999999998,0.14120000000000132,2.689299999999996,2.158900000000001,17.881999999999998,34.720025,-24.52283749999995,0.10368749999999949,3.135049999999998,2.0908374999999992,17.55975,-0.9594036461197276,-0.11676897378525869
120.5,23.7,192.0714,SSP1-2.6,2021-2040,-28.19550000000001,34.91879999999999,-47.954299999999876,-0.14509999999999934,3.980400000000003,1.6999999999999993,17.779999999999998,34.4396,-14.464374999999961,0.10007499999999947,3.1107249999999986,1.8028874999999995,17.18175,-0.9594036461197276,-0.053573193415467256
120.5,23.75,173.0611,SSP1-2.6,2021-2040,-17.18180000000001,34.67040000000001,-6.004500000000007,0.011100000000002552,4.141100000000002,1.4249999999999998,17.912,34.56224999999999,-9.42377499999995,-0.022312500000000846,2.83885,1.6604874999999995,17.42175,-0.9594036461197276,0.009622586954324176
120.5,23.8,165.0206,SSP1-2.6,2021-2040,-11.208300000000008,34.6173,4.915299999999888,-0.06609999999999872,3.4268,1.6660999999999992,18.33,34.741075,-0.7420499999999493,-0.025175000000000836,2.7765625000000007,1.308925,17.62325,-0.9594036461197276,0.0728183673241156
120.5,23.85,168.0732,SSP1-2.6,2021-2040,-15.418900000000008,34.432500000000005,-5.823399999999992,-0.1913000000000018,0.4429000000000016,0.9570999999999996,18.35,34.396187499999996,2.370675000000034,0.03621249999999954,2.4100374999999996,1.2149625,17.8285,-0.9594036461197276,0.13601414769390704
120.5,23.9,169.8942,SSP1-2.6,2021-2040,-12.491800000000012,32.5313,-4.565299999999979,0.2951999999999977,2.5929,1.1036000000000001,17.904,33.77340000000001,1.8621250000000202,0.14051249999999982,0.46113749999999953,0.7814624999999998,17.622249999999998,-0.9594036461197276,0.19920992806369398
120.5,23.95,184.0378,SSP1-2.6,2021-2040,-16.6079,31.111700000000006,-7.776000000000067,0.5672000000000033,-0.5910999999999973,0.49459999999999926,16.214,33.6608375,-10.179199999999952,0.028662499999998925,-0.5038000000000009,0.5138375,17.881999999999998,-0.9594036461197276,0.26240570843348543
120.5,24.0,179.1759,SSP1-2.6,2021-2040,-17.124500000000012,32.982,-41.017900000000054,-0.4059000000000026,-1.4695999999999998,-0.041100000000000136,17.509999999999998,33.44392500000001,-19.269424999999984,0.038537500000000335,-1.5759125000000012,0.2633875,17.94325,-0.9594036461197276,0.32560148880327683
120.5,24.05,168.6595,SSP1-2.6,2021-2040,-12.000699999999995,32.998200000000004,-29.24610000000007,-0.27149999999999963,-2.0232000000000028,0.35000000000000053,18.08,33.765100000000004,-36.945325,-0.20966249999999986,-0.912062500000002,0.16205000000000003,18.71025,-0.9594036461197276,0.3887972691730683
120.5,24.1,158.9785,SSP1-2.6,2021-2040,-8.036000000000001,33.7823,-32.30199999999991,-0.18039999999999878,-1.241100000000003,0.33389999999999986,19.195999999999998,33.6141625,-44.41252500000002,-0.2454124999999996,-0.7477875000000012,0.3151750000000001,19.01,-0.9594036461197276,0.4519930495428597
120.5,24.15,158.5858,SSP1-2.6,2021-2040,-11.0137,33.688399999999994,-49.15469999999982,-0.3657999999999966,-2.167899999999996,0.29820000000000046,18.742,33.86291250000001,-47.13167499999999,-0.18678749999999988,-0.17277500000000146,0.2024499999999999,19.058999999999997,-0.9594036461197276,0.5151888299126467
120.5,24.2,160.4429,SSP1-2.6,2021-2040,-9.902299999999997,33.7957,-46.26800000000003,-0.1427999999999976,-1.9249999999999972,-0.24110000000000031,18.654,34.153400000000005,-42.55771249999994,-0.10052499999999975,-0.669649999999999,0.2687375000000001,19.18,-0.9594036461197276,0.578384610282438
120.5,24.25,164.6783,SSP1-2.6,2021-2040,-7.8770000000000095,33.1387,-34.76559999999995,0.018299999999999983,-1.2213999999999956,0.08750000000000036,18.708,34.087575,-35.604474999999965,-0.06173749999999911,-0.8683124999999992,0.04863750000000022,19.15475,-0.9594036461197276,0.6415803906522295
120.5,24.3,159.7178,SSP1-2.6,2021-2040,-7.728400000000022,33.2718,-28.646299999999883,0.05030000000000001,0.3214000000000041,-0.1678999999999995,18.692,33.713162499999996,-16.187475000000006,0.056037500000000406,-0.48749999999999805,-0.04621249999999988,19.74875,-0.9594036461197276,0.704776171022021
120.55,22.4,227.6629,SSP1-2.6,2021-2040,-27.45860000000002,41.9818,-7.160099999999829,0.6929000000000016,9.5732,1.7196000000000016,16.984,40.0452875,11.56041250000004,0.5895999999999995,6.014074999999997,2.252675,17.26875,-0.8537098060385062,-1.696663483030022
120.55,22.45,239.3253,SSP1-2.6,2021-2040,-27.021500000000003,41.39399999999999,9.909799999999905,0.43459999999999965,6.710700000000003,2.3964,17.112000000000002,40.661274999999996,16.688900000000018,0.6263999999999998,5.789512499999998,2.1035499999999994,17.277250000000002,-0.8537098060385062,-1.6334677026602307
120.55,22.5,259.2096,SSP1-2.6,2021-2040,-34.02140000000003,40.604499999999994,17.161600000000135,0.3763000000000005,5.501799999999996,2.4963999999999995,18.067999999999998,39.88785,-8.805487500000027,0.5201000000000002,5.180124999999999,2.4600249999999995,17.5605,-0.8537098060385062,-1.570271922290439
120.55,22.55,253.096,SSP1-2.6,2021-2040,-35.31989999999999,39.1975,-57.82129999999984,0.24310000000000187,4.1464,2.9839,17.928,38.6476,-28.644549999999953,0.27316249999999975,3.4535624999999976,2.7414999999999994,17.8795,-0.8537098060385062,-1.5070761419206478
120.55,22.6,244.0175,SSP1-2.6,2021-2040,-32.572,37.779799999999994,-12.135299999999916,-0.7035000000000018,-1.6518000000000086,3.8232,18.654,37.405375,-78.85606249999995,0.13015,3.6578,3.0919624999999997,17.49725,-0.8537098060385062,-1.4438803615508562
120.55,22.65,251.6719,SSP1-2.6,2021-2040,-31.806399999999996,36.23270000000001,-109.99290000000019,-0.03389999999999915,2.257100000000001,3.851799999999999,17.002000000000002,36.4978375,-75.49664999999999,-0.06436250000000054,2.0765624999999988,3.341525,17.02875,-0.8537098060385062,-1.3806845811810693
120.55,22.7,265.5977,SSP1-2.6,2021-2040,-29.583199999999977,35.581900000000005,-69.71870000000013,0.23179999999999978,3.2911,3.6411,16.378,35.354887500000004,-86.89931250000001,-0.007624999999999993,2.7455250000000007,3.6049125,15.9845,-0.8537098060385062,-1.317488800811278
120.55,22.75,253.8176,SSP1-2.6,2021-2040,-24.185599999999994,34.0669,-34.271799999999985,0.41199999999999903,2.9857000000000014,4.7463999999999995,15.102,35.170112499999995,-87.6325,0.1506249999999998,3.77055,3.4779,15.8185,-0.8537098060385062,-1.2542930204414864
120.55,22.8,251.6414,SSP1-2.6,2021-2040,-29.8399,35.08299999999999,-89.57360000000017,0.45789999999999864,5.830399999999997,3.998199999999999,16.492,34.6147625,-80.17421249999998,0.2402624999999996,5.2026875000000015,3.5028875,15.48175,-0.8537098060385062,-1.191097240071695
120.55,22.85,255.2334,SSP1-2.6,2021-2040,-30.445699999999988,34.450700000000005,-87.01240000000007,0.44469999999999743,6.351800000000004,3.623199999999999,15.852,34.85176250000001,-75.00466250000005,0.3898749999999995,6.908712500000001,3.2890625,15.4095,-0.8537098060385062,-1.1279014597019037
120.55,22.9,262.1451,SSP1-2.6,2021-2040,-26.531500000000023,34.03450000000001,-24.12400000000025,0.6196999999999981,8.933900000000001,3.1053999999999995,15.176,34.5876875,-79.7533875,0.4437374999999997,7.639737500000001,3.075675,14.749749999999999,-0.8537098060385062,-1.0647056793321166
120.55,22.95,287.6154,SSP1-2.6,2021-2040,-35.04400000000001,34.1695,-68.6518000000001,0.7377000000000002,9.741100000000003,2.705400000000001,13.456,34.2891375,-70.38976249999996,0.3750874999999998,8.4799,2.8272375,14.069499999999998,-0.8537098060385062,-1.0015098989623252
120.55,23.0,310.5027,SSP1-2.6,2021-2040,-35.9726,33.6696,-21.879599999999755,0.6029000000000018,8.375,2.4856999999999996,13.17,34.5157875,-96.15741249999996,0.21188749999999956,9.196425000000001,2.7424125000000004,14.128499999999999,-0.8537098060385062,-0.9383141185925338
120.55,23.05,330.9167,SSP1-2.6,2021-2040,-42.4418,33.881899999999995,-95.32389999999987,0.17970000000000041,9.064300000000003,2.6821,14.489999999999998,34.897075,-99.83998749999995,0.03142499999999959,8.961825000000001,2.6709875,14.47025,-0.8537098060385062,-0.8751183382227424
120.55,23.1,343.1903,SSP1-2.6,2021-2040,-40.9581,34.6143,-110.07639999999992,0.011599999999997834,8.787500000000001,2.7642999999999986,14.937999999999999,35.2534625,-101.36872500000004,-0.006299999999999972,8.218300000000001,2.806025,15.057500000000001,-0.8537098060385062,-0.811922557852951
120.55,23.15,328.4217,SSP1-2.6,2021-2040,-35.730500000000006,35.2926,-82.97880000000032,0.17490000000000094,7.9696,3.2446,15.016000000000002,35.4803375,-104.77195,-0.09275000000000011,7.437962499999999,2.77835,15.46975,-0.8537098060385062,-0.748726777483164
120.55,23.2,306.4682,SSP1-2.6,2021-2040,-37.883500000000026,35.0172,-121.18730000000005,-0.24899999999999878,7.314299999999996,2.8482000000000003,15.56,35.071225,-114.02766250000013,-0.1595749999999998,6.3959874999999995,2.7988750000000002,15.6565,-0.8537098060385062,-0.6855309971133726
120.55,23.25,309.7694,SSP1-2.6,2021-2040,-37.803800000000024,33.4934,-173.61889999999994,-0.41189999999999927,5.9106999999999985,2.560699999999999,15.268,34.5806125,-142.52823750000005,-0.21601249999999972,6.302249999999998,2.7950875,15.822750000000001,-0.8537098060385062,-0.6223352167435812
120.55,23.3,305.6043,SSP1-2.6,2021-2040,-37.60900000000004,33.5428,-197.32690000000002,-0.41689999999999827,6.596399999999996,2.6624999999999996,15.664,33.92105,-154.44673750000004,-0.18264999999999976,5.570549999999998,2.7176250000000004,16.39025,-0.8537098060385062,-0.5591394363737897
120.55,23.35,287.5638,SSP1-2.6,2021-2040,-34.3665,32.716699999999996,-188.58449999999993,-0.16540000000000177,6.3178999999999945,2.357100000000001,16.69,34.11506249999999,-165.2377125,-0.2332124999999996,4.497999999999999,2.729450000000001,17.532,-0.8537098060385062,-0.4959436560039983
120.55,23.4,269.8697,SSP1-2.6,2021-2040,-34.33310000000003,33.2187,-212.5322000000001,-0.4978000000000016,3.6589000000000027,2.273200000000001,18.970000000000002,34.178374999999996,-147.8899125,-0.15351249999999927,3.4422124999999992,2.7658250000000004,18.38475,-0.8537098060385062,-0.43274787563421135
120.55,23.45,262.998,SSP1-2.6,2021-2040,-31.1301,34.00319999999999,-156.19260000000008,-0.32949999999999946,2.9035999999999973,2.1624999999999996,18.630000000000003,33.948499999999996,-146.07137499999996,-0.2301875,2.462525000000001,2.9158375000000007,18.889,-0.8537098060385062,-0.3695520952644199
120.55,23.5,257.6796,SSP1-2.6,2021-2040,-25.841700000000003,33.25320000000001,-133.13889999999992,-0.09240000000000137,2.6304000000000016,3.0661000000000005,18.432000000000002,34.02785,-122.11989999999997,-0.1558749999999991,1.8114000000000008,3.1004500000000004,18.386000000000003,-0.8537098060385062,-0.3063563148946285
120.55,23.55,237.0578,SSP1-2.6,2021-2040,-22.528999999999996,33.176,-89.77230000000009,-0.08129999999999882,1.769600000000004,3.596399999999999,16.602,34.231187500000004,-105.37241249999994,-0.09979999999999967,1.6921999999999988,3.1183125000000005,18.245,-0.8537098060385062,-0.24316053452483705
120.55,23.6,218.2215,SSP1-2.6,2021-2040,-19.859700000000004,35.7692,-53.44560000000001,0.010600000000000165,1.819599999999994,2.710699999999999,17.836,34.41265,-75.4007875,0.07538750000000105,2.1017874999999995,3.2531250000000003,17.31275,-0.8537098060385062,-0.17996475415504562
120.55,23.65,208.916,SSP1-2.6,2021-2040,-24.599699999999984,34.0972,-0.01160000000004402,0.42739999999999867,4.171399999999998,2.841099999999999,15.158,34.5188,-44.23759999999996,0.19308750000000074,2.6712124999999984,2.958025,17.1205,-0.8537098060385062,-0.11676897378525869
120.55,23.7,192.3829,SSP1-2.6,2021-2040,-21.02800000000002,33.529999999999994,4.650700000000143,0.3584999999999994,3.0732,2.185699999999999,15.71,34.5730375,-14.899087499999979,0.29088750000000063,3.5386249999999997,2.614725,16.720499999999998,-0.8537098060385062,-0.053573193415467256
120.55,23.75,181.1643,SSP1-2.6,2021-2040,-19.84639999999999,34.1685,-3.8362999999999374,0.22809999999999775,4.9106999999999985,1.982099999999999,16.055999999999997,34.6139,1.134812500000038,0.2024250000000003,3.5274625000000013,2.1216499999999994,16.7775,-0.8537098060385062,0.009622586954324176
120.55,23.8,162.2805,SSP1-2.6,2021-2040,-8.113900000000001,35.76649999999999,8.651700000000119,0.14699999999999847,5.141100000000002,1.5588999999999995,16.302,34.414725000000004,1.5458375000000046,0.09175000000000022,3.5877250000000007,1.6694124999999995,17.09475,-0.8537098060385062,0.0728183673241156
120.55,23.85,169.5102,SSP1-2.6,2021-2040,-17.2055,33.84360000000001,4.275100000000066,0.07110000000000127,6.6464,1.0125000000000002,16.692,34.349712499999995,-0.2673874999999839,0.07189999999999941,2.8011375000000003,1.4691874999999994,17.2785,-0.8537098060385062,0.13601414769390704
120.55,23.9,177.276,SSP1-2.6,2021-2040,-13.872700000000009,33.9544,3.871599999999944,0.07290000000000063,2.9482,1.3320999999999996,18.104,33.66590000000001,-0.9459249999999884,0.22831249999999947,2.1314875000000004,1.0776750000000002,17.444000000000003,-0.8537098060385062,0.19920992806369398
120.55,23.95,179.6715,SSP1-2.6,2021-2040,-15.974400000000003,34.576600000000006,21.217699999999923,0.5043999999999969,-1.0178999999999974,0.6607000000000003,19.218,33.69793750000001,-13.54227499999999,0.09889999999999999,0.8214500000000005,0.8160625,17.595,-0.8537098060385062,0.26240570843348543
120.55,24.0,185.4935,SSP1-2.6,2021-2040,-20.82080000000002,35.15560000000001,-24.93179999999984,-0.03340000000000032,0.1536000000000044,0.4411000000000005,18.887999999999998,33.9522625,-20.196987500000034,0.03141250000000051,-0.3100500000000004,0.4774375000000002,18.3255,-0.8537098060385062,0.32560148880327683
120.55,24.05,167.6183,SSP1-2.6,2021-2040,-13.217900000000014,34.3904,-40.16880000000015,-0.019499999999997186,-0.8804000000000016,0.24820000000000064,19.638,34.4909125,-32.29604999999995,-0.22089999999999987,-0.1879500000000025,0.37387500000000007,19.11275,-0.8537098060385062,0.3887972691730683
120.55,24.1,160.576,SSP1-2.6,2021-2040,-10.321799999999996,34.01690000000001,-36.841499999999996,-0.2618000000000009,0.8070999999999913,0.27859999999999996,19.326,34.5344375,-35.69927499999997,-0.2072749999999992,0.06849999999999845,0.4861500000000002,19.92325,-0.8537098060385062,0.4519930495428597
120.55,24.15,170.3301,SSP1-2.6,2021-2040,-9.062899999999985,33.6461,-47.2482,-0.32590000000000074,0.13569999999999993,0.6642999999999999,20.266,34.646125000000005,-36.294224999999955,-0.10963749999999939,0.025424999999999365,0.35378750000000003,19.912750000000003,-0.8537098060385062,0.5151888299126467
120.55,24.2,170.34,SSP1-2.6,2021-2040,-5.8130999999999915,34.46150000000001,-48.50199999999995,0.17800000000000082,0.5018000000000029,0.23930000000000007,18.701999999999998,34.406887499999996,-34.871399999999994,-0.12203749999999935,-0.7696624999999981,0.31695000000000007,19.942,-0.8537098060385062,0.578384610282438
120.55,24.25,176.9566,SSP1-2.6,2021-2040,-2.4646000000000186,34.5172,-26.645899999999983,0.018599999999999284,-2.3160999999999987,0.39639999999999986,19.034,34.19065,-24.727087499999982,0.04608750000000095,-0.4343749999999975,0.00780000000000014,19.81925,-0.8537098060385062,0.6415803906522295
120.55,24.3,164.6762,SSP1-2.6,2021-2040,-1.6604999999999848,33.9663,-8.432099999999991,0.12809999999999988,-0.6088999999999984,0.021400000000000752,19.984,33.37315,-15.13669999999999,0.06612500000000043,0.1689625000000019,-0.05737499999999984,19.71725,-0.8537098060385062,0.704776171022021
120.55,24.35,156.3234,SSP1-2.6,2021-2040,-3.2750000000000057,33.083400000000005,-20.76870000000008,0.01699999999999946,1.417900000000003,-0.019599999999999618,19.64,32.997475,-3.1118749999999693,0.16484999999999994,0.37521250000000084,-0.0848374999999999,19.6085,-0.8537098060385062,0.7679719513918124
120.55,24.4,152.6448,SSP1-2.6,2021-2040,-2.707700000000017,31.770100000000006,-17.64760000000001,0.01570000000000249,2.3964,-0.14109999999999978,19.694,32.933724999999995,0.5189375000000211,0.2256374999999995,0.42142500000000105,-0.12121249999999995,19.657249999999998,-0.8537098060385062,0.8311677317615993
120.6,22.35,235.3471,SSP1-2.6,2021-2040,-30.08160000000001,39.82639999999999,3.47849999999994,0.8474000000000004,7.367899999999992,2.1143,16.875999999999998,37.8589125,-8.974412499999971,0.4090749999999992,8.618299999999998,2.2720875000000005,16.25225,-0.7480159659572849,-1.759859263399809
120.6,22.4,257.9927,SSP1-2.6,2021-2040,-30.8356,40.27879999999999,26.42060000000015,0.37329999999999686,4.803599999999996,2.539299999999999,16.948,38.7666125,-5.1205249999999864,0.4755374999999993,7.331249999999999,2.2616000000000005,16.88475,-0.7480159659572849,-1.696663483030022
120.6,22.45,287.9199,SSP1-2.6,2021-2040,-37.580599999999976,39.314800000000005,25.828899999999976,0.4881999999999991,5.392899999999997,2.1445999999999987,17.270000000000003,37.84455,-2.2073749999999848,0.3811499999999999,6.495749999999999,2.4850375,16.7425,-0.7480159659572849,-1.6334677026602307
120.6,22.5,316.9811,SSP1-2.6,2021-2040,-46.029300000000035,38.0935,-7.675500000000284,0.4146000000000001,4.587499999999999,2.357099999999999,17.387999999999998,37.3135125,-17.356637499999977,0.3228125000000004,5.375212499999998,2.678775,16.88075,-0.7480159659572849,-1.570271922290439
120.6,22.55,316.2605,SSP1-2.6,2021-2040,-48.849999999999966,37.756,-66.60129999999981,0.4065000000000012,3.7945999999999955,2.9571000000000005,18.324,36.472350000000006,-39.300275,0.24125000000000085,4.029687499999998,3.0218499999999997,17.003500000000003,-0.7480159659572849,-1.5070761419206478
120.6,22.6,287.5262,SSP1-2.6,2021-2040,-38.659400000000005,35.7966,-73.10399999999981,0.6514999999999986,2.0161000000000016,3.1464,17.21,35.9370625,-83.97741249999999,0.08920000000000083,4.026112499999998,3.2895,17.0965,-0.7480159659572849,-1.4438803615508562
120.6,22.65,297.1287,SSP1-2.6,2021-2040,-41.538099999999986,34.32170000000001,-114.11689999999999,0.19079999999999941,7.303600000000003,3.3392999999999997,16.668,35.390825,-92.85113749999996,0.03805000000000014,3.4828124999999996,3.4424124999999997,16.752000000000002,-0.7480159659572849,-1.3806845811810693
120.6,22.7,285.9173,SSP1-2.6,2021-2040,-28.827200000000005,34.4138,-92.26299999999992,-0.09499999999999886,1.6696000000000026,3.148200000000001,16.176,34.9939125,-96.071,0.11973749999999983,5.371437500000001,3.6308124999999998,16.22175,-0.7480159659572849,-1.317488800811278
120.6,22.75,274.4394,SSP1-2.6,2021-2040,-24.694799999999987,33.321099999999994,-58.15279999999984,0.21740000000000137,3.2804,3.3000000000000007,15.056000000000001,35.2352875,-98.12269999999998,0.24423749999999878,5.6942,3.774775,15.940750000000001,-0.7480159659572849,-1.2542930204414864
120.6,22.8,270.2769,SSP1-2.6,2021-2040,-30.328699999999998,34.751599999999996,-83.18179999999984,0.5767999999999986,5.117899999999999,3.6607000000000003,14.828,35.0347375,-101.88677500000006,0.39477499999999877,6.590412500000001,3.6301249999999996,15.8015,-0.7480159659572849,-1.191097240071695
120.6,22.85,272.7929,SSP1-2.6,2021-2040,-23.06219999999996,34.7804,-84.95949999999993,0.6774999999999984,8.348199999999999,2.982099999999999,14.930000000000001,35.263149999999996,-111.91983750000014,0.46617499999999845,7.390850000000001,3.4426499999999995,15.664,-0.7480159659572849,-1.1279014597019037
120.6,22.9,290.1625,SSP1-2.6,2021-2040,-29.5942,34.583800000000004,-97.75030000000015,0.40719999999999956,7.783900000000003,3.2303999999999995,13.503999999999998,35.0499875,-115.65525000000008,0.3943874999999988,8.946212500000001,3.0812625000000002,15.5105,-0.7480159659572849,-1.0647056793321166
120.6,22.95,313.2142,SSP1-2.6,2021-2040,-32.77080000000001,34.181700000000006,-113.91179999999986,0.5231999999999992,11.503599999999999,3.2429000000000006,13.543999999999999,34.6943,-104.98452500000008,0.17936249999999943,8.411375,2.8864,14.86475,-0.7480159659572849,-1.0015098989623252
120.6,23.0,334.2407,SSP1-2.6,2021-2040,-28.90179999999998,33.883100000000006,-125.97389999999996,-0.16750000000000043,9.758900000000004,2.4017999999999997,13.797999999999998,34.492937500000004,-124.45132499999994,-0.0010250000000002757,8.941524999999999,2.7138375000000003,14.580749999999998,-0.7480159659572849,-0.9383141185925338
120.6,23.05,362.2545,SSP1-2.6,2021-2040,-34.91300000000001,34.871,-145.0248999999999,-0.03960000000000008,9.8857,2.5,14.527999999999999,34.5403625,-126.37045,-0.22083750000000046,8.3075875,2.5930874999999998,14.653749999999999,-0.7480159659572849,-0.8751183382227424
120.6,23.1,383.8683,SSP1-2.6,2021-2040,-36.688999999999965,35.1618,-119.79370000000017,-0.2839999999999989,7.830399999999997,2.4429,15.064000000000002,35.159,-129.80663749999997,-0.23690000000000033,8.3256625,2.7618249999999995,15.108999999999998,-0.7480159659572849,-0.811922557852951
120.6,23.15,369.5087,SSP1-2.6,2021-2040,-28.364499999999964,35.7414,-97.29539999999997,-0.2992999999999988,5.912500000000001,2.6982,14.84,35.627225,-112.88147499999997,-0.13541250000000016,7.558037499999999,2.86965,15.7805,-0.7480159659572849,-0.748726777483164
120.6,23.2,315.9903,SSP1-2.6,2021-2040,-30.956099999999992,35.884,-110.46549999999979,0.024399999999999977,7.855399999999996,3.2750000000000004,15.875999999999998,35.6362375,-118.415325,-0.07021249999999934,6.58325,2.6785625,15.95825,-0.7480159659572849,-0.6855309971133726
120.6,23.25,305.9738,SSP1-2.6,2021-2040,-27.474999999999966,36.070800000000006,-158.5952000000002,-0.03989999999999938,7.375,2.0714000000000006,16.514000000000003,34.795474999999996,-137.7043999999999,-0.016487499999999322,6.391299999999998,2.5828125,16.0235,-0.7480159659572849,-0.6223352167435812
120.6,23.3,334.1415,SSP1-2.6,2021-2040,-36.81999999999999,34.2727,-159.43059999999969,-0.024899999999998812,5.741100000000003,2.5,15.776,34.342075,-145.0472125,0.11537500000000023,5.923449999999998,2.1656125,16.6595,-0.7480159659572849,-0.5591394363737897
120.6,23.35,322.9772,SSP1-2.6,2021-2040,-27.982899999999972,34.7893,-91.25,0.7494000000000014,3.8160999999999987,1.835700000000001,18.014,33.9752625,-171.60762499999993,0.007449999999999513,5.060287499999999,2.1432875,17.307250000000003,-0.7480159659572849,-0.4959436560039983
120.6,23.4,338.4893,SSP1-2.6,2021-2040,-31.54830000000004,34.427699999999994,-211.45049999999992,0.24139999999999873,3.7804,1.9196000000000009,18.96,34.1335875,-168.00391249999998,-0.043462500000000404,3.780599999999999,2.1736500000000003,18.201999999999998,-0.7480159659572849,-0.43274787563421135
120.6,23.45,332.1796,SSP1-2.6,2021-2040,-32.83870000000002,32.852599999999995,-189.85930000000008,-0.4150999999999989,1.0304000000000002,3.319600000000001,18.858,33.9703875,-196.44119999999995,-0.19742500000000085,2.8950999999999993,2.362725,18.339,-0.7480159659572849,-0.3695520952644199
120.6,23.5,343.8021,SSP1-2.6,2021-2040,-34.59069999999997,33.063900000000004,-177.19999999999982,-0.47449999999999903,1.0411000000000001,3.5161000000000016,18.93,34.122775000000004,-176.51539999999997,-0.20116250000000013,1.7040249999999988,2.8808000000000002,18.18075,-0.7480159659572849,-0.3063563148946285
120.6,23.55,327.9692,SSP1-2.6,2021-2040,-36.79860000000002,35.843900000000005,-179.39739999999983,-0.3475999999999999,-0.18390000000000128,4.0304,18.714,33.9082375,-152.98753749999997,-0.12397499999999972,1.298874999999998,3.1455250000000006,17.691000000000003,-0.7480159659572849,-0.24316053452483705
120.6,23.6,256.096,SSP1-2.6,2021-2040,-14.664800000000014,32.4013,-148.81370000000015,-0.0020999999999986585,1.3463999999999956,3.9643000000000015,16.264,34.665112500000006,-104.54498749999999,0.07830000000000092,1.374324999999999,3.56405,17.30175,-0.7480159659572849,-0.17996475415504562
120.6,23.65,200.8481,SSP1-2.6,2021-2040,-10.601199999999977,35.003499999999995,-57.78970000000004,0.45910000000000295,2.5304,4.232100000000001,16.748,34.0139125,-61.880612499999984,0.29108750000000017,1.8807874999999985,3.5183,16.52725,-0.7480159659572849,-0.11676897378525869
120.6,23.7,198.1259,SSP1-2.6,2021-2040,-17.373700000000014,33.810700000000004,11.648100000000113,0.6664999999999992,3.5660999999999987,3.8785999999999987,15.932,34.20425,-17.83805000000001,0.46398750000000044,2.633025,3.3095874999999997,16.26925,-0.7480159659572849,-0.053573193415467256
120.6,23.75,189.4702,SSP1-2.6,2021-2040,-21.32079999999999,34.5048,27.30729999999994,0.5388000000000019,2.319600000000001,2.6999999999999993,16.296,34.5641125,2.644037500000053,0.3984999999999994,3.091075000000001,2.7486499999999996,16.3325,-0.7480159659572849,0.009622586954324176
120.6,23.8,177.3559,SSP1-2.6,2021-2040,-18.17259999999999,35.092699999999994,5.8641999999999825,0.10869999999999891,2.571400000000004,1.8588999999999984,15.958,34.5989625,1.3463375000000326,0.27436250000000006,4.0687500000000005,2.1979875,16.61725,-0.7480159659572849,0.0728183673241156
120.6,23.85,177.3776,SSP1-2.6,2021-2040,-18.230400000000003,33.98799999999999,-14.330999999999904,0.03359999999999985,4.242899999999999,1.7535999999999996,17.164,34.7716875,-4.608799999999974,0.14152499999999968,3.345762500000001,1.7517749999999999,16.654,-0.7480159659572849,0.13601414769390704
120.6,23.9,169.1613,SSP1-2.6,2021-2040,-12.013000000000005,34.415000000000006,-0.7221999999999298,0.17520000000000024,1.042899999999996,1.5232,16.116,34.650600000000004,-9.569537499999996,0.17631249999999943,3.0580375,1.3743375000000002,17.5595,-0.7480159659572849,0.19920992806369398
120.6,23.95,169.1359,SSP1-2.6,2021-2040,-9.877600000000001,34.42850000000001,0.15769999999997708,0.37109999999999843,3.6929000000000016,1.1161000000000012,17.894000000000002,34.965675000000005,-14.681662499999987,0.08672499999999994,0.6515749999999993,1.0970999999999997,17.91825,-0.7480159659572849,0.26240570843348543
120.6,24.0,185.8405,SSP1-2.6,2021-2040,-21.650999999999982,35.004999999999995,-33.35429999999997,-0.25109999999999744,-1.7982000000000014,0.5588999999999995,18.130000000000003,35.3167625,-20.500199999999978,0.058800000000000185,0.8247749999999989,0.8292500000000004,18.8435,-0.7480159659572849,0.32560148880327683
120.6,24.05,185.0339,SSP1-2.6,2021-2040,-21.074899999999985,36.125699999999995,-31.38819999999987,-0.24339999999999762,1.6070999999999955,0.43210000000000015,19.92,35.345974999999996,-33.84068749999997,-0.11826249999999972,0.8544624999999977,0.6250125000000001,19.38275,-0.7480159659572849,0.3887972691730683
120.6,24.1,179.1346,SSP1-2.6,2021-2040,-19.00060000000002,35.86160000000001,-29.286599999999908,-0.1197000000000017,2.4606999999999957,0.6375000000000002,21.851999999999997,35.495625,-39.30348749999999,-0.20051249999999987,1.4868124999999983,0.5933125000000002,20.106749999999998,-0.7480159659572849,0.4519930495428597
120.6,24.15,188.8,SSP1-2.6,2021-2040,-16.340600000000023,35.78280000000001,-26.799600000000055,-0.13200000000000145,2.6571,0.9249999999999998,21.692,35.45035000000001,-42.18259999999995,-0.1351625000000003,0.8419624999999993,0.46407500000000024,20.50075,-0.7480159659572849,0.5151888299126467
120.6,24.2,189.5597,SSP1-2.6,2021-2040,-7.984099999999984,35.7798,-21.19939999999997,0.14740000000000109,-0.8892999999999986,0.3589000000000002,21.137999999999998,35.2147875,-39.83579999999998,-0.17662500000000003,-0.4044749999999988,0.4475500000000001,20.559,-0.7480159659572849,0.578384610282438
120.6,24.25,180.3961,SSP1-2.6,2021-2040,-2.3478999999999814,34.9064,-26.88980000000015,-0.19409999999999883,-0.4303999999999988,0.04640000000000022,21.302,34.884800000000006,-17.240149999999943,-0.015249999999999542,-1.259149999999999,0.16652500000000003,20.539749999999998,-0.7480159659572849,0.6415803906522295
120.6,24.3,169.6259,SSP1-2.6,2021-2040,0.8128999999999849,34.205,16.88650000000007,0.18350000000000222,0.7768000000000015,-0.2821000000000007,21.374,33.853575000000006,-3.1985124999999925,0.06482499999999947,-0.9015749999999993,0.0013375000000001025,20.13675,-0.7480159659572849,0.704776171022021
120.6,24.35,166.0059,SSP1-2.6,2021-2040,6.0563999999999965,32.0926,17.383800000000065,0.41969999999999885,0.4070999999999998,-0.3785999999999996,19.294,33.055287500000006,4.529087500000003,0.15269999999999984,0.35312500000000036,-0.07633750000000006,20.048000000000002,-0.7480159659572849,0.7679719513918124
120.6,24.4,157.7691,SSP1-2.6,2021-2040,0.12539999999998486,31.6751,-13.671800000000076,-0.08060000000000045,2.7179,0.0625,19.576,32.6459,7.7301000000000215,0.3794249999999999,1.0359250000000007,-0.1029000000000001,19.755,-0.7480159659572849,0.8311677317615993
120.65,22.25,217.9816,SSP1-2.6,2021-2040,-28.467799999999983,40.119600000000005,-46.86419999999998,0.575800000000001,14.271400000000007,1.9107000000000003,16.902,35.411975,-25.96070000000003,0.4890000000000003,13.428575,2.3582625000000004,15.2975,-0.6423221258760335,-1.8862508241393918
120.65,22.3,240.0325,SSP1-2.6,2021-2040,-31.867500000000007,38.71110000000001,-13.51909999999998,0.37930000000000064,14.310699999999997,2.178600000000001,16.296,35.234925000000004,-30.465025000000026,0.4323250000000005,11.633700000000001,2.3830375000000004,15.23875,-0.6423221258760335,-1.8230550437696005
120.65,22.35,297.1076,SSP1-2.6,2021-2040,-39.806100000000015,37.76180000000001,-27.276200000000244,0.030699999999999505,9.876800000000003,2.6107000000000014,17.204,33.716825,-21.999412499999977,0.2698499999999995,10.126112499999998,2.6428625000000006,13.972249999999999,-0.6423221258760335,-1.759859263399809
120.65,22.4,339.4786,SSP1-2.6,2021-2040,-48.39789999999999,34.86370000000001,-33.52779999999984,0.44709999999999894,7.860700000000001,2.830400000000001,17.357999999999997,34.6370375,-11.865350000000035,0.18969999999999843,7.599337499999997,2.7319125,14.759250000000002,-0.6423221258760335,-1.696663483030022
120.65,22.45,364.378,SSP1-2.6,2021-2040,-50.86070000000001,33.0024,-19.230199999999968,0.08229999999999649,6.421399999999998,2.7929000000000013,14.978000000000002,33.7650125,-3.8979500000000087,0.22368750000000004,6.447987499999999,2.990175,14.68375,-0.6423221258760335,-1.6334677026602307
120.65,22.5,376.5089,SSP1-2.6,2021-2040,-52.81309999999996,32.5377,-3.5574000000001433,0.22810000000000485,6.507100000000001,2.748199999999999,15.104,33.665462500000004,-11.963662499999998,0.28743749999999935,5.2848124999999975,3.1799,14.873750000000001,-0.6423221258760335,-1.570271922290439
120.65,22.55,414.5796,SSP1-2.6,2021-2040,-52.379700000000014,34.70120000000001,-44.54320000000007,0.32339999999999947,4.526799999999994,2.9107000000000003,16.262,32.8842875,-39.03713750000003,0.3805625000000017,4.931462499999999,3.414275,14.672249999999998,-0.6423221258760335,-1.5070761419206478
120.65,22.6,455.9923,SSP1-2.6,2021-2040,-51.32679999999999,33.068,-132.72710000000006,0.3965000000000032,6.6036,3.7089,15.414000000000001,32.864925,-71.08556249999998,0.2966124999999997,4.345762499999998,3.1910749999999997,15.031749999999999,-0.6423221258760335,-1.4438803615508562
120.65,22.65,403.1326,SSP1-2.6,2021-2040,-45.086900000000014,34.4396,-133.8813,-0.10929999999999751,5.2286,2.7410999999999994,16.52,32.8722125,-92.99668749999995,0.2859249999999993,4.750450000000001,3.1825875,14.822999999999999,-0.6423221258760335,-1.3806845811810693
120.65,22.7,389.3107,SSP1-2.6,2021-2040,-48.001599999999996,35.8142,-118.98679999999968,-0.03370000000000317,8.4482,3.4786,16.662,33.368224999999995,-99.47466249999997,0.17946249999999875,5.130812500000001,3.060275,14.8565,-0.6423221258760335,-1.317488800811278
120.65,22.75,360.4782,SSP1-2.6,2021-2040,-47.04880000000003,36.1732,-129.44680000000017,0.08279999999999887,10.1768,3.9482,16.386000000000003,34.3061375,-107.77509999999984,0.23946249999999836,5.407150000000001,3.250675,14.743,-0.6423221258760335,-1.2542930204414864
120.65,22.8,369.6386,SSP1-2.6,2021-2040,-41.065499999999986,35.9977,-167.53909999999996,0.32129999999999725,8.033900000000003,3.5768000000000004,15.501999999999999,33.673137499999996,-132.55761249999995,0.2378124999999991,7.127925,3.24465,14.2345,-0.6423221258760335,-1.191097240071695
120.65,22.85,361.9481,SSP1-2.6,2021-2040,-24.66730000000001,36.404900000000005,-164.13820000000032,0.5445999999999991,7.716100000000004,2.866100000000001,17.092,34.02148749999999,-153.4718125,0.13279999999999914,7.9477625000000005,3.2850625,14.376750000000001,-0.6423221258760335,-1.1279014597019037
120.65,22.9,342.0699,SSP1-2.6,2021-2040,-30.260100000000023,36.79899999999999,-182.03930000000037,0.35719999999999885,9.358899999999998,3.4803999999999995,16.866,34.15005,-171.4532875,-0.20306250000000015,9.0448625,3.204025,14.876249999999999,-0.6423221258760335,-1.0647056793321166
120.65,22.95,353.0599,SSP1-2.6,2021-2040,-37.11900000000003,35.5792,-200.40499999999975,-0.7495000000000012,9.616099999999996,2.6446000000000005,17.168,34.492675,-176.79856250000006,-0.39844999999999997,8.70645,3.1018,14.9255,-0.6423221258760335,-1.0015098989623252
120.65,23.0,336.8459,SSP1-2.6,2021-2040,-30.515899999999988,34.835699999999996,-119.05230000000029,-0.3728000000000016,3.7231999999999985,3.0375000000000014,15.779999999999998,34.0281875,-216.8979999999999,-0.7319374999999999,9.7477625,2.7252124999999996,14.69875,-0.6423221258760335,-0.9383141185925338
120.65,23.05,374.8571,SSP1-2.6,2021-2040,-26.337400000000002,34.7549,-231.36130000000003,-0.889800000000001,9.623199999999997,2.4124999999999996,14.510000000000002,34.3767625,-194.0863875,-0.6490750000000003,8.525,2.4259,14.90125,-0.6423221258760335,-0.8751183382227424
120.65,23.1,387.8653,SSP1-2.6,2021-2040,-30.86039999999997,35.5216,-187.50250000000005,-0.8468000000000018,9.298200000000001,2.517899999999999,15.479999999999999,34.748487499999996,-163.86026249999992,-0.44448750000000015,8.0506875,2.6078124999999996,15.2025,-0.6423221258760335,-0.811922557852951
120.65,23.15,368.115,SSP1-2.6,2021-2040,-17.955600000000004,36.594300000000004,-88.88989999999967,-0.18590000000000018,6.064300000000003,3.2749999999999986,17.07,35.153125,-118.55432499999989,-0.1460250000000003,7.426125,2.689075,15.49475,-0.6423221258760335,-0.748726777483164
120.65,23.2,339.2139,SSP1-2.6,2021-2040,-16.001800000000003,36.931999999999995,-82.15769999999975,0.27149999999999963,5.3446,2.5893000000000015,17.24,35.176175,-107.23846249999997,0.12866250000000035,6.7930875,2.690625,15.8035,-0.6423221258760335,-0.6855309971133726
120.65,23.25,301.5406,SSP1-2.6,2021-2040,-16.31479999999999,35.94820000000001,-142.59940000000006,0.17790000000000106,6.774999999999999,2.1411,16.157999999999998,35.2515,-119.95347499999991,0.2612250000000005,6.4982125,2.5901750000000003,16.417250000000003,-0.6423221258760335,-0.6223352167435812
120.65,23.3,315.2784,SSP1-2.6,2021-2040,-20.274099999999976,33.2735,-114.84889999999996,0.4969999999999999,5.5929,2.085699999999999,16.646,35.649,-130.249775,0.3335125000000003,5.9051374999999995,2.16495,16.93,-0.6423221258760335,-0.5591394363737897
120.65,23.35,338.7004,SSP1-2.6,2021-2040,-23.03660000000002,34.901900000000005,-93.55389999999989,0.5327999999999982,5.003599999999999,1.6106999999999996,18.322000000000003,35.1306,-154.22156249999995,0.2340749999999998,5.0835,2.14485,17.20975,-0.6423221258760335,-0.4959436560039983
120.65,23.4,378.3673,SSP1-2.6,2021-2040,-36.489599999999996,35.448100000000004,-195.1334999999999,-0.10660000000000025,3.7911,1.737499999999999,17.43,34.7246375,-160.5777625,0.15202499999999963,4.1547,2.1464125000000003,17.972,-0.6423221258760335,-0.43274787563421135
120.65,23.45,414.5657,SSP1-2.6,2021-2040,-42.2792,35.1382,-216.92529999999988,-0.11550000000000082,3.7231999999999985,2.0929,18.701999999999998,33.693875000000006,-209.44409999999993,-0.17711250000000023,2.96005,2.3649375,17.776,-0.6423221258760335,-0.3695520952644199
120.65,23.5,438.6241,SSP1-2.6,2021-2040,-52.352599999999995,33.210100000000004,-268.9566,-0.204500000000003,1.632099999999994,2.1339000000000006,16.657999999999998,34.201687500000006,-194.58713749999993,-0.22784999999999922,1.4830374999999991,2.8084875,18.317,-0.6423221258760335,-0.3063563148946285
120.65,23.55,361.7503,SSP1-2.6,2021-2040,-37.6952,35.504999999999995,-177.8807999999999,-0.023399999999998755,0.1267999999999958,2.6446000000000005,18.85,34.10667500000001,-188.99663749999996,-0.21884999999999977,0.6649499999999984,3.1408500000000004,17.62975,-0.6423221258760335,-0.24316053452483705
120.65,23.6,293.7536,SSP1-2.6,2021-2040,-17.16669999999999,34.88720000000001,-174.6923999999999,-0.12419999999999831,0.02499999999999858,3.5321000000000016,17.956000000000003,34.9685,-128.13525000000007,0.07020000000000115,0.5919749999999997,3.7502250000000004,17.725,-0.6423221258760335,-0.17996475415504562
120.65,23.65,246.2337,SSP1-2.6,2021-2040,-8.62960000000001,33.038900000000005,-103.3701000000001,0.3058000000000014,0.7357000000000014,4.925000000000001,16.549999999999997,35.033425,-81.65234999999998,0.3204375000000006,1.028575000000001,3.8254375000000005,17.38575,-0.6423221258760335,-0.11676897378525869
120.65,23.7,209.2149,SSP1-2.6,2021-2040,-10.009800000000013,34.576800000000006,-31.010299999999916,0.6861999999999995,0.3089000000000013,4.108899999999998,16.811999999999998,35.129275,-32.41485,0.5450500000000011,2.002462500000001,3.8089375000000003,17.216499999999996,-0.6423221258760335,-0.053573193415467256
120.65,23.75,199.5551,SSP1-2.6,2021-2040,-19.898300000000006,34.714299999999994,21.355599999999868,0.708000000000002,3.0142999999999986,3.501800000000001,16.823999999999998,35.0235125,-9.77178749999996,0.510275,2.043750000000001,3.1877249999999995,16.848999999999997,-0.6423221258760335,0.009622586954324176
120.65,23.8,200.0373,SSP1-2.6,2021-2040,-23.687999999999988,34.8534,3.8286000000000513,0.28500000000000014,2.1429000000000045,2.914300000000001,17.066,34.77219999999999,-6.925650000000019,0.3904000000000005,3.2428625,2.641075,16.6895,-0.6423221258760335,0.0728183673241156
120.65,23.85,194.0294,SSP1-2.6,2021-2040,-20.40440000000001,34.9526,-36.48029999999994,0.18329999999999913,4.132100000000001,2.1607000000000003,16.538000000000004,34.739475,-8.852662500000008,0.25378750000000005,2.627037500000001,2.1285749999999997,16.5095,-0.6423221258760335,0.13601414769390704
120.65,23.9,181.6138,SSP1-2.6,2021-2040,-12.502900000000011,35.295300000000005,-26.15910000000008,0.08899999999999864,2.1411000000000016,1.653599999999999,16.456,35.045587499999996,-16.741724999999974,0.23883750000000026,2.243550000000001,1.6640750000000004,16.975,-0.6423221258760335,0.19920992806369398
120.65,23.95,181.2748,SSP1-2.6,2021-2040,-14.25,36.165800000000004,-29.107999999999947,0.08510000000000062,1.6785999999999959,1.3054000000000006,18.41,35.34195,-15.769000000000005,0.20595000000000052,0.0991250000000008,1.2203249999999999,17.347250000000003,-0.6423221258760335,0.26240570843348543
120.65,24.0,179.1852,SSP1-2.6,2021-2040,-16.5231,35.15769999999999,-28.267200000000003,0.0517000000000003,0.0642999999999958,1.3017999999999992,18.024,35.9794,-22.251824999999968,0.10017500000000057,0.21451249999999966,0.9564874999999999,18.43,-0.6423221258760335,0.32560148880327683
120.65,24.05,190.7765,SSP1-2.6,2021-2040,-22.874899999999997,36.53379999999999,-31.51299999999992,-0.2455999999999996,1.2999999999999972,1.1286000000000005,18.756,36.0754125,-31.824237499999953,0.026212500000000194,0.7868249999999986,0.8066999999999995,19.42575,-0.6423221258760335,0.3887972691730683
120.65,24.1,194.7942,SSP1-2.6,2021-2040,-25.847099999999983,36.6468,-46.362300000000005,-0.06670000000000087,4.7286,0.4054000000000002,20.448,36.28575,-41.805662499999926,-0.1185000000000005,2.041949999999999,0.7932999999999999,20.13175,-0.6423221258760335,0.4519930495428597
120.65,24.15,204.3697,SSP1-2.6,2021-2040,-23.3707,36.8225,-54.10629999999992,-0.3092000000000006,1.5393000000000043,0.6643000000000008,20.808,36.0844,-45.000412499999925,-0.1227750000000003,0.8883874999999994,0.5781249999999999,20.850250000000003,-0.6423221258760335,0.5151888299126467
120.65,24.2,200.7228,SSP1-2.6,2021-2040,-19.735299999999995,36.36760000000001,-53.91449999999986,-0.32339999999999947,-2.5482000000000014,0.4643000000000006,21.466,35.656287500000005,-41.50456249999996,-0.2080999999999995,-0.4149624999999988,0.44776249999999984,20.891750000000002,-0.6423221258760335,0.578384610282438
120.65,24.25,198.4469,SSP1-2.6,2021-2040,-7.039600000000007,35.2142,-34.5800999999999,-0.3249999999999993,-2.7749999999999986,0.18039999999999967,21.202,35.026225000000004,-12.53299999999993,-0.11786249999999932,-1.7455374999999993,0.22767499999999985,21.0075,-0.6423221258760335,0.6415803906522295
120.65,24.3,177.468,SSP1-2.6,2021-2040,0.15319999999999823,34.5668,38.46630000000005,-0.12920000000000087,-2.2143000000000015,-0.04640000000000022,21.418,33.8686875,8.882900000000035,0.10746250000000002,-1.2221124999999988,-0.03595000000000026,20.304000000000002,-0.6423221258760335,0.704776171022021
120.65,24.35,175.6112,SSP1-2.6,2021-2040,6.9587999999999965,32.481700000000004,35.878400000000056,0.5834999999999972,-0.6929000000000016,-0.18930000000000025,19.22,33.110299999999995,23.38296250000002,0.2856124999999996,0.06986250000000105,-0.10692500000000027,19.996000000000002,-0.6423221258760335,0.7679719513918124
120.65,24.4,177.823,SSP1-2.6,2021-2040,0.5844999999999914,32.693900000000006,5.52170000000001,0.5035999999999987,-0.9679000000000002,-0.01610000000000067,19.478,32.5208125,14.2404875,0.5153749999999993,1.9700875,-0.03906250000000011,19.53925,-0.6423221258760335,0.8311677317615993
120.65,24.45,163.5848,SSP1-2.6,2021-2040,1.3293999999999926,32.243599999999994,-6.158099999999877,0.39039999999999964,1.2571000000000012,0.17499999999999982,20.232,32.4278375,5.318712500000032,0.49387500000000006,2.9272375000000004,-0.027012499999999995,19.436500000000002,-0.6423221258760335,0.8943635121313908
120.65,24.5,160.682,SSP1-2.6,2021-2040,0.12460000000001514,32.59499999999999,-4.1021999999998116,0.12590000000000146,3.3304000000000045,-0.07319999999999993,19.658,32.321912499999996,-2.6890625000000057,0.5450125000000003,3.391074999999999,-0.03169999999999995,19.295250000000003,-0.6423221258760335,0.9575592925011822
120.7,21.95,230.9297,SSP1-2.6,2021-2040,-39.75569999999999,38.0839,-102.5118,-0.3725999999999985,14.028599999999997,2.5981999999999985,15.058,37.8926,-97.49453749999995,-0.5486499999999994,13.801787500000001,2.8203000000000005,15.23125,-0.5366282857948123,-2.265425506358136
120.7,22.0,237.8747,SSP1-2.6,2021-2040,-41.58279999999999,37.435700000000004,-55.25849999999991,-0.7837999999999994,7.335700000000003,2.226800000000001,14.597999999999999,37.822824999999995,-85.63986249999999,-0.4438124999999995,13.128350000000001,2.603325,15.24325,-0.5366282857948123,-2.2022297259883445
120.7,22.05,245.2909,SSP1-2.6,2021-2040,-41.28019999999998,38.4021,-53.82769999999982,-0.7812999999999981,10.974999999999994,1.6213999999999995,13.799999999999999,37.5774625,-59.53486250000003,-0.2602875,11.156925000000001,2.3203125,15.050249999999998,-0.5366282857948123,-2.139033945618553
120.7,22.1,238.3069,SSP1-2.6,2021-2040,-32.09300000000002,37.545,-1.7442000000000917,-0.4209999999999994,7.1464,1.5945999999999998,12.966000000000001,37.02745,-53.94023749999997,0.08936250000000046,11.011162500000001,2.1167500000000006,15.19275,-0.5366282857948123,-2.0758381652487614
120.7,22.15,223.9088,SSP1-2.6,2021-2040,-30.599700000000013,37.4352,-22.780099999999948,-0.10309999999999775,6.6000000000000085,1.4643000000000015,15.506000000000002,36.4322875,-36.1162875,0.3977250000000008,10.924999999999999,2.0490999999999997,15.350249999999999,-0.5366282857948123,-2.0126423848789745
120.7,22.2,211.7954,SSP1-2.6,2021-2040,-22.408199999999994,38.699299999999994,-51.074800000000096,0.6335999999999977,12.589300000000001,1.9768000000000008,16.778,35.5166875,-24.35497499999994,0.4752750000000012,11.625887500000001,2.1066874999999996,14.8155,-0.5366282857948123,-1.9494466045091832
120.7,22.25,217.0396,SSP1-2.6,2021-2040,-22.717100000000016,36.54480000000001,-36.96259999999984,0.6770000000000032,12.598200000000006,1.9786000000000001,16.552,34.952237499999995,-27.672325,0.6136499999999998,14.0491125,2.4669625,14.6885,-0.5366282857948123,-1.8862508241393918
120.7,22.3,259.9265,SSP1-2.6,2021-2040,-33.67009999999996,33.1838,-34.22419999999988,0.2811000000000021,15.619599999999998,2.4124999999999996,13.125999999999998,33.77451250000001,-29.416037500000044,0.39851250000000027,13.172550000000001,2.4823625000000007,14.1305,-0.5366282857948123,-1.8230550437696005
120.7,22.35,330.0179,SSP1-2.6,2021-2040,-40.9169,27.971300000000006,-49.57450000000017,0.0799999999999983,11.682099999999998,2.669600000000001,10.662,31.6713625,-32.74781250000004,0.18566250000000073,11.0863875,2.7866125000000004,13.015,-0.5366282857948123,-1.759859263399809
120.7,22.4,431.5457,SSP1-2.6,2021-2040,-60.70690000000002,29.0146,-42.16190000000006,-0.40520000000000067,8.421399999999998,3.3268000000000004,11.533999999999999,29.5435875,-27.522925000000043,0.18106249999999902,8.669875,3.0424000000000007,12.092000000000002,-0.5366282857948123,-1.696663483030022
120.7,22.45,438.457,SSP1-2.6,2021-2040,-58.48309999999998,29.926199999999994,-12.407999999999902,0.020899999999997476,6.8285999999999945,3.6571,12.602,28.1262875,-11.27218750000003,0.23648750000000085,7.3781125,3.3064875000000002,11.311,-0.5366282857948123,-1.6334677026602307
120.7,22.5,444.0645,SSP1-2.6,2021-2040,-55.02600000000001,26.090799999999994,15.897500000000036,0.2225000000000037,7.1821000000000055,4.3179,9.265999999999998,28.9061625,0.9653250000000071,0.3266499999999999,5.947987499999998,3.3886125,12.13375,-0.5366282857948123,-1.570271922290439
120.7,22.55,488.9889,SSP1-2.6,2021-2040,-53.98480000000001,30.4388,13.022500000000036,0.3410999999999973,3.5445999999999955,4.3018,12.899999999999999,28.065662500000002,-22.668475000000058,0.37725000000000275,6.1004499999999995,3.4133999999999998,11.82325,-0.5366282857948123,-1.5070761419206478
120.7,22.6,562.3419,SSP1-2.6,2021-2040,-46.60839999999996,29.292899999999996,-57.551800000000185,0.3837000000000046,5.216099999999997,3.7767999999999997,11.771999999999998,28.6656,-55.571637500000065,0.27444999999999986,5.164074999999998,3.0524625,12.672999999999998,-0.5366282857948123,-1.4438803615508562
120.7,22.65,544.4473,SSP1-2.6,2021-2040,-40.598100000000045,26.172600000000003,-91.9085,0.1851999999999947,3.1357,2.3553999999999995,10.597999999999999,30.4763125,-78.93378750000005,0.31013749999999973,5.947787499999999,2.8886125,13.4575,-0.5366282857948123,-1.3806845811810693
120.7,22.7,490.1472,SSP1-2.6,2021-2040,-40.548400000000015,34.0979,-63.315399999999954,0.608399999999996,3.6107000000000014,2.5070999999999994,14.084,31.643187499999996,-89.34317500000003,0.2344124999999977,6.085499999999999,2.8143000000000002,13.64625,-0.5366282857948123,-1.317488800811278
120.7,22.75,464.0424,SSP1-2.6,2021-2040,-45.46289999999999,34.00589999999999,-112.71259999999984,0.35539999999999594,6.641100000000002,3.142900000000001,13.364,32.831175,-99.637,0.19994999999999807,6.204462499999999,2.9544625,13.744250000000001,-0.5366282857948123,-1.2542930204414864
120.7,22.8,459.2751,SSP1-2.6,2021-2040,-37.94890000000004,32.0469,-166.04929999999968,-0.034900000000000375,6.455399999999997,3.1911000000000005,12.271999999999998,31.87605,-140.97701250000011,-0.04702500000000143,6.8817,3.0962250000000004,13.02425,-0.5366282857948123,-1.191097240071695
120.7,22.85,452.4225,SSP1-2.6,2021-2040,-40.99880000000002,27.901100000000007,-261.81989999999996,-0.5170999999999992,9.287500000000001,2.8660999999999994,9.948,32.25223749999999,-176.81532500000014,-0.39155000000000095,7.511825000000001,3.2893125000000003,13.83325,-0.5366282857948123,-1.1279014597019037
120.7,22.9,392.5271,SSP1-2.6,2021-2040,-34.80790000000002,35.3114,-184.4353000000001,-0.7256,9.196400000000004,3.2929000000000013,17.164,32.35655,-235.82076250000006,-0.9185875000000001,8.75535,3.4629625000000006,14.15275,-0.5366282857948123,-1.0647056793321166
120.7,22.95,420.996,SSP1-2.6,2021-2040,-53.39569999999998,34.457899999999995,-264.2062999999998,-1.784799999999997,8.9071,4.507099999999999,15.659999999999998,33.278949999999995,-257.8283500000001,-1.0548625000000005,8.624975,3.0616125000000007,14.9005,-0.5366282857948123,-1.0015098989623252
120.7,23.0,394.6266,SSP1-2.6,2021-2040,-42.29140000000001,31.888799999999996,-327.01929999999993,-1.4244999999999983,9.419599999999996,1.6213999999999995,13.088000000000001,33.049499999999995,-283.100775,-1.2584750000000002,8.4174,2.9863625000000003,14.73525,-0.5366282857948123,-0.9383141185925338
120.7,23.05,410.8476,SSP1-2.6,2021-2040,-36.10680000000002,32.608900000000006,-327.28150000000005,-1.3230000000000004,9.267900000000004,2.471399999999999,15.294,33.2363125,-268.38305,-1.0223250000000008,8.3453,2.4491,14.291,-0.5366282857948123,-0.8751183382227424
120.7,23.1,402.7462,SSP1-2.6,2021-2040,-31.622199999999964,36.2432,-201.04299999999967,-0.7344000000000008,9.016100000000002,2.414300000000001,16.177999999999997,33.691225,-222.66078749999997,-0.6991875000000007,8.433937500000003,2.587274999999999,15.011,-0.5366282857948123,-0.811922557852951
120.7,23.15,376.2442,SSP1-2.6,2021-2040,-21.707799999999963,32.0124,-100.1923999999999,0.20009999999999906,6.805399999999999,2.648199999999999,14.136,34.891662499999995,-151.51464999999985,-0.27378750000000096,7.757812500000002,2.5745625,15.6985,-0.5366282857948123,-0.748726777483164
120.7,23.2,364.7975,SSP1-2.6,2021-2040,-14.280700000000024,33.7286,-49.98439999999982,0.5002999999999993,7.346400000000003,2.9268,15.144,34.3797125,-120.71039999999988,0.14539999999999953,6.902900000000002,2.4303625,15.413499999999999,-0.5366282857948123,-0.6855309971133726
120.7,23.25,319.5886,SSP1-2.6,2021-2040,-6.914799999999957,35.4297,-109.88550000000032,0.6517000000000017,6.210700000000003,2.4893,16.689999999999998,34.2599875,-124.06589999999983,0.2568499999999996,6.7089125,2.2703125,15.3555,-0.5366282857948123,-0.6223352167435812
120.7,23.3,324.5851,SSP1-2.6,2021-2040,-19.683400000000006,36.420700000000004,-174.25999999999976,0.20970000000000155,6.519599999999997,2.783899999999999,17.452,34.6501625,-127.5234125,0.35098749999999956,6.170975,1.9435375,15.876,-0.5366282857948123,-0.5591394363737897
120.7,23.35,357.7791,SSP1-2.6,2021-2040,-28.19490000000002,37.3587,-112.42360000000008,0.4113999999999969,5.799999999999997,1.8874999999999993,16.514,34.8933125,-147.831025,0.1624125000000003,5.193975,2.0758874999999994,16.75075,-0.5366282857948123,-0.4959436560039983
120.7,23.4,387.3973,SSP1-2.6,2021-2040,-46.41549999999995,35.054100000000005,-174.97540000000026,-0.10480000000000089,5.626800000000003,2.408899999999999,16.886,34.793775000000004,-156.10933750000004,0.09065000000000012,4.2540125,1.9553624999999997,17.274,-0.5366282857948123,-0.43274787563421135
120.7,23.45,410.6323,SSP1-2.6,2021-2040,-53.38310000000001,33.27460000000001,-194.18409999999994,-0.08339999999999748,4.457100000000004,2.096399999999999,17.52,34.095375000000004,-200.37924999999996,-0.15373750000000053,2.9345874999999984,2.0890625,17.167,-0.5366282857948123,-0.3695520952644199
120.7,23.5,447.641,SSP1-2.6,2021-2040,-60.246200000000044,32.2199,-263.79339999999956,-0.26940000000000097,2.321399999999997,1.7874999999999996,16.966,34.5274625,-196.03220000000005,-0.1853374999999997,1.428099999999998,2.32545,17.85225,-0.5366282857948123,-0.3063563148946285
120.7,23.55,377.4282,SSP1-2.6,2021-2040,-37.115700000000004,35.715399999999995,-157.45680000000038,-0.09389999999999787,-0.6518000000000015,2.9803999999999995,17.996000000000002,34.579025,-196.09337499999992,-0.3019250000000002,0.34351249999999833,2.700875,17.51075,-0.5366282857948123,-0.24316053452483705
120.7,23.6,340.1265,SSP1-2.6,2021-2040,-31.212400000000002,35.511700000000005,-141.66280000000006,-0.23460000000000036,-0.21069999999999567,3.1821,17.554,35.3425625,-135.75911250000013,-0.0449124999999988,0.13571250000000035,3.5247750000000004,17.837000000000003,-0.5366282857948123,-0.17996475415504562
120.7,23.65,260.59,SSP1-2.6,2021-2040,-8.052799999999962,36.728300000000004,-58.71070000000009,0.4983000000000004,1.042900000000003,4.042900000000001,19.124000000000002,35.31425000000001,-91.607675,0.2157250000000004,0.05913750000000206,3.7459625,17.344749999999998,-0.5366282857948123,-0.11676897378525869
120.7,23.7,217.806,SSP1-2.6,2021-2040,-1.6976000000000226,37.3479,-52.18729999999982,0.6143000000000001,-0.3803999999999945,3.6624999999999996,18.696,34.9467625,-39.245487500000024,0.5593125000000008,1.21875,3.9265625,16.97525,-0.5366282857948123,-0.053573193415467256
120.7,23.75,202.2517,SSP1-2.6,2021-2040,-10.693399999999997,35.885799999999996,-47.57199999999989,0.5696000000000012,3.1910999999999987,3.528600000000001,17.561999999999998,34.9213625,-7.052112499999964,0.6602375,0.9526749999999993,3.5667375,16.609,-0.5366282857948123,0.009622586954324176
120.7,23.8,190.7907,SSP1-2.6,2021-2040,-16.39179999999999,34.11599999999999,3.947099999999864,0.6130999999999993,2.6303999999999945,2.8499999999999996,16.47,34.5447875,-8.529974999999979,0.5226375000000005,1.979025,3.2613875000000005,16.26375,-0.5366282857948123,0.0728183673241156
120.7,23.85,192.2506,SSP1-2.6,2021-2040,-17.206400000000002,34.923399999999994,-15.49610000000007,0.36810000000000187,3.8411000000000044,2.7750000000000004,16.704,34.6822375,-17.44723750000003,0.42339999999999955,1.6149625000000007,2.5299125,16.325499999999998,-0.5366282857948123,0.13601414769390704
120.7,23.9,185.3979,SSP1-2.6,2021-2040,-17.431899999999985,35.232,-27.75279999999998,0.3576000000000015,2.4036000000000044,1.700000000000001,16.142,35.2197125,-32.69062500000001,0.30794999999999995,0.7131750000000006,1.9567,16.90625,-0.5366282857948123,0.19920992806369398
120.7,23.95,181.8069,SSP1-2.6,2021-2040,-15.897200000000026,36.25939999999999,-10.201099999999997,0.33670000000000044,-3.0856999999999957,0.9786000000000001,16.832,35.799150000000004,-34.674912500000005,0.30765000000000065,-0.50915,1.5725499999999997,17.604,-0.5366282857948123,0.26240570843348543
120.7,24.0,180.7551,SSP1-2.6,2021-2040,-12.78110000000001,36.9427,0.14699999999993452,0.5174000000000021,-3.667899999999996,0.9303999999999988,19.183999999999997,36.185225,-37.75627499999996,0.24840000000000018,-0.6877125000000008,1.3857249999999999,18.104000000000003,-0.5366282857948123,0.32560148880327683
120.7,24.05,191.374,SSP1-2.6,2021-2040,-15.818799999999982,36.374300000000005,-42.75469999999996,0.23119999999999763,1.9893,1.2017999999999986,18.314,36.4641,-42.8495375,0.21847500000000064,-0.08437499999999964,1.1600625,18.933999999999997,-0.5366282857948123,0.3887972691730683
120.7,24.1,200.5656,SSP1-2.6,2021-2040,-19.804299999999984,36.4895,-43.32759999999985,0.09029999999999916,0.9106999999999985,0.9856999999999996,19.534,36.3969375,-61.8489625,0.0416249999999998,1.9013500000000008,0.8821625,19.39725,-0.5366282857948123,0.4519930495428597
120.7,24.15,211.7542,SSP1-2.6,2021-2040,-24.679299999999984,36.29579999999999,-75.26929999999993,-0.2195999999999998,3.8714000000000013,0.3713999999999995,20.178,36.19175,-60.97694999999996,-0.07396249999999993,0.5446499999999999,0.6406375000000001,20.3625,-0.5366282857948123,0.5151888299126467
120.7,24.2,215.4407,SSP1-2.6,2021-2040,-20.55329999999998,35.4513,-63.843999999999824,-0.3584999999999994,-4.0839,0.476799999999999,20.494,35.7377875,-51.07393749999997,-0.21846249999999934,-0.33303749999999965,0.45067499999999994,20.836750000000002,-0.5366282857948123,0.578384610282438
120.7,24.25,214.8046,SSP1-2.6,2021-2040,-9.625399999999985,34.99750000000001,-29.347999999999956,-0.2737999999999978,-3.2089,0.5588999999999995,20.32,35.022825000000005,-18.78413749999993,-0.17903749999999974,-1.8973250000000004,0.2823749999999998,21.17275,-0.5366282857948123,0.6415803906522295
120.7,24.3,200.8877,SSP1-2.6,2021-2040,-9.090100000000007,33.93540000000001,39.5789000000002,0.005199999999998539,-1.3660999999999959,0.24460000000000015,20.548000000000002,34.1476,9.591812500000003,0.09010000000000051,-1.5861625000000004,0.11362499999999953,20.386000000000003,-0.5366282857948123,0.704776171022021
120.7,24.35,177.1856,SSP1-2.6,2021-2040,2.642799999999994,33.116699999999994,52.153499999999894,0.4606999999999992,-2.487499999999997,-0.4679000000000011,19.172,33.523475,22.716612500000025,0.41753749999999945,0.7801249999999991,0.11317499999999991,20.10575,-0.5366282857948123,0.7679719513918124
120.7,24.4,173.267,SSP1-2.6,2021-2040,2.1552000000000078,32.5969,30.74479999999994,0.9220000000000006,3.6929000000000016,0.02859999999999996,19.108,32.886825,13.66085000000001,0.5874874999999995,2.1341374999999996,0.043299999999999894,19.5845,-0.5366282857948123,0.8311677317615993
120.7,24.45,170.5324,SSP1-2.6,2021-2040,6.711199999999991,32.04260000000001,-10.360799999999927,0.6476000000000006,5.0304,0.14109999999999978,19.146,32.6284875,3.9000750000000153,0.5781000000000005,3.3747749999999996,0.034825000000000106,19.69025,-0.5366282857948123,0.8943635121313908
120.7,24.5,157.9655,SSP1-2.6,2021-2040,5.416300000000007,32.339800000000004,-10.387899999999945,0.5829000000000022,4.546399999999998,-0.17859999999999943,19.89,32.21115,4.08216250000001,0.5710875000000002,3.5553749999999997,-0.01606249999999998,19.19125,-0.5366282857948123,0.9575592925011822
120.7,24.55,154.1484,SSP1-2.6,2021-2040,1.1864999999999952,31.966199999999994,-5.702400000000125,0.5501000000000005,3.5660999999999987,-0.2732000000000001,18.724,32.3274625,2.05317500000001,0.4261125000000008,3.701125,0.0038000000000001366,19.165,-0.5366282857948123,1.0207550728709736
120.7,24.6,152.1908,SSP1-2.6,2021-2040,-1.1355000000000075,33.007999999999996,5.648300000000063,0.4372000000000007,5.2143000000000015,0.20000000000000018,19.582,32.0546375,4.706087499999995,0.3779124999999999,3.0551249999999985,-0.14598749999999983,18.775,-0.5366282857948123,1.0839508532407651
120.75,21.9,240.7403,SSP1-2.6,2021-2040,-39.57159999999999,37.422900000000006,-126.3261,-0.3827999999999996,14.680400000000006,2.8392999999999997,15.451999999999998,38.13055,-125.7713875,-0.4590749999999999,14.738624999999999,3.2019875,15.368500000000001,-0.4309344457135909,-2.3286212867279272
120.75,21.95,248.0101,SSP1-2.6,2021-2040,-49.020399999999995,37.494299999999996,-114.63009999999986,-0.6943999999999981,14.933900000000001,3.0821000000000005,15.841999999999999,37.9813625,-114.6146875,-0.43256249999999996,14.387287500000001,3.008025,15.305499999999999,-0.4309344457135909,-2.265425506358136
120.75,22.0,264.8936,SSP1-2.6,2021-2040,-52.34099999999998,37.9348,-75.24279999999999,-0.43650000000000233,14.0,3.3339,14.814000000000002,37.884412499999996,-101.96806249999997,-0.5040249999999991,13.667637500000001,2.7453000000000003,15.571,-0.4309344457135909,-2.2022297259883445
120.75,22.05,259.2501,SSP1-2.6,2021-2040,-41.216399999999965,37.641200000000005,-58.60889999999995,-0.3948999999999998,13.660700000000006,2.189300000000001,13.99,37.503175,-79.72400000000002,-0.20343750000000016,12.109825,2.58615,15.55375,-0.4309344457135909,-2.139033945618553
120.75,22.1,243.7158,SSP1-2.6,2021-2040,-33.39330000000001,37.33559999999999,-25.287300000000187,0.5192999999999977,12.9054,2.1804000000000006,15.544,36.482725,-65.41676249999998,0.1086250000000013,10.830575,2.242625,15.326,-0.4309344457135909,-2.0758381652487614
120.75,22.15,227.9635,SSP1-2.6,2021-2040,-19.302600000000012,33.379599999999996,-16.806499999999915,0.8995000000000033,9.789299999999997,1.9499999999999993,14.094,36.097525,-49.4768,0.4740375000000001,11.1040125,2.3019999999999996,15.5505,-0.4309344457135909,-2.0126423848789745
120.75,22.2,222.212,SSP1-2.6,2021-2040,-16.469099999999997,35.192400000000006,-16.38390000000004,0.6207999999999991,10.735699999999994,2.2695999999999987,15.973999999999998,34.355549999999994,-37.35414999999992,0.7279000000000009,12.158937500000002,2.4281249999999996,14.817,-0.4309344457135909,-1.9494466045091832
120.75,22.25,227.0294,SSP1-2.6,2021-2040,-17.23600000000002,31.594599999999993,-9.475599999999986,0.7699999999999996,17.9054,2.9017999999999997,13.22,33.6216625,-31.906899999999922,0.6830500000000002,13.360712500000002,2.5850375,14.2415,-0.4309344457135909,-1.8862508241393918
120.75,22.3,268.0443,SSP1-2.6,2021-2040,-29.443100000000015,31.607999999999997,-18.769200000000183,0.5195000000000007,13.792900000000003,2.5374999999999996,13.23,30.909750000000003,-29.416787499999884,0.557375,13.454012500000001,2.8446375,12.52425,-0.4309344457135909,-1.8230550437696005
120.75,22.35,330.0234,SSP1-2.6,2021-2040,-35.69169999999997,25.884900000000002,-32.88689999999997,0.15579999999999927,10.942900000000002,3.0714000000000006,8.978,28.907912500000002,-30.446674999999942,0.2928750000000009,11.298200000000001,2.9694125000000007,11.24975,-0.4309344457135909,-1.759859263399809
120.75,22.4,426.5289,SSP1-2.6,2021-2040,-54.99470000000002,22.342999999999996,-59.61720000000014,0.07700000000000529,7.866099999999996,3.325000000000001,6.394000000000002,27.344175,-10.630274999999926,0.25726249999999906,9.21205,3.2546625000000002,10.476750000000001,-0.4309344457135909,-1.696663483030022
120.75,22.45,402.7515,SSP1-2.6,2021-2040,-46.56130000000002,24.595399999999998,14.337399999999889,0.5546999999999969,7.880400000000002,3.3820999999999994,8.56,25.2798125,6.637587500000052,0.30282500000000123,8.002225,3.5703125,9.158999999999999,-0.4309344457135909,-1.6334677026602307
120.75,22.5,383.3252,SSP1-2.6,2021-2040,-38.53269999999998,22.5627,37.68209999999999,0.6854000000000013,6.8857,3.7286,7.293999999999999,25.697849999999995,24.32588750000002,0.4012375000000006,7.490849999999999,3.6886125,9.89125,-0.4309344457135909,-1.570271922290439
120.75,22.55,401.9101,SSP1-2.6,2021-2040,-35.939700000000016,23.484900000000003,22.419400000000223,0.3773000000000053,4.9893,3.5875000000000004,9.370000000000001,25.50865,10.410399999999925,0.4416125000000011,7.517187499999999,3.552925,9.92,-0.4309344457135909,-1.5070761419206478
120.75,22.6,437.8793,SSP1-2.6,2021-2040,-16.107399999999984,22.787099999999995,-18.96730000000025,0.40109999999999957,6.892899999999997,2.528599999999999,10.104000000000001,26.0293875,-20.325862500000085,0.3448500000000001,6.512287499999998,3.2305875000000004,10.62075,-0.4309344457135909,-1.4438803615508562
120.75,22.65,487.3667,SSP1-2.6,2021-2040,-20.646699999999953,24.232599999999998,-57.987600000000384,0.2802999999999969,6.3910999999999945,2.2857000000000003,10.216,27.2659375,-46.041187500000035,0.42003749999999895,6.239074999999999,2.8,11.244,-0.4309344457135909,-1.3806845811810693
120.75,22.7,485.5615,SSP1-2.6,2021-2040,-17.286400000000015,30.078200000000002,-48.052999999999884,0.5540999999999983,5.191099999999999,2.0821000000000005,12.888000000000002,28.496825,-67.4262500000001,0.33969999999999745,5.599787499999999,2.7071500000000004,11.459499999999998,-0.4309344457135909,-1.317488800811278
120.75,22.75,433.8144,SSP1-2.6,2021-2040,-13.500099999999975,32.2292,-21.768800000000283,0.5604999999999976,3.4713999999999956,2.4803999999999995,12.535999999999998,29.6428,-94.8821125,0.10077499999999828,5.7004624999999995,2.7497750000000005,11.7845,-0.4309344457135909,-1.2542930204414864
120.75,22.8,441.5667,SSP1-2.6,2021-2040,-24.656900000000007,26.212099999999992,-81.9368000000004,-0.45889999999999986,4.248199999999997,2.3713999999999995,9.623999999999999,28.82415,-139.77265,-0.3158500000000011,5.563412499999999,3.0227875,10.8905,-0.4309344457135909,-1.191097240071695
120.75,22.85,461.3478,SSP1-2.6,2021-2040,-42.287300000000016,26.0843,-188.45389999999998,-1.264800000000001,5.4786,3.517900000000001,9.742,28.329025,-181.33753750000005,-0.8627249999999997,6.3388375,3.1422,11.15075,-0.4309344457135909,-1.1279014597019037
120.75,22.9,460.7495,SSP1-2.6,2021-2040,-53.6816,29.161599999999993,-279.93070000000034,-1.8713000000000015,9.607100000000003,4.017900000000001,12.404,28.802425,-233.74436249999997,-1.373699999999999,7.0718625,3.491525,11.64325,-0.4309344457135909,-1.0647056793321166
120.75,22.95,447.1037,SSP1-2.6,2021-2040,-58.1191,32.4644,-345.5727999999999,-2.062999999999999,10.071399999999997,3.803600000000001,14.341999999999999,29.6368375,-281.89795000000004,-1.5471874999999993,8.287025,3.1471,12.183250000000001,-0.4309344457135909,-1.0015098989623252
120.75,23.0,452.9206,SSP1-2.6,2021-2040,-47.22449999999998,30.191500000000005,-424.1721000000002,-1.5894000000000013,8.007100000000001,2.5946,12.392,30.0414375,-320.08946249999997,-1.5555624999999993,8.7703,2.7928499999999996,12.5275,-0.4309344457135909,-0.9383141185925338
120.75,23.05,440.0337,SSP1-2.6,2021-2040,-47.21199999999999,29.503499999999995,-352.7548999999999,-1.2955000000000005,8.123200000000004,2.419599999999999,12.735999999999999,30.593975,-335.67965,-1.2186625000000002,8.691075000000001,2.091075,12.54375,-0.4309344457135909,-0.8751183382227424
120.75,23.1,430.4859,SSP1-2.6,2021-2040,-43.96100000000001,32.951299999999996,-304.1590000000001,-1.0254000000000012,9.5518,2.575000000000001,14.164000000000001,31.7735,-290.44713749999994,-0.7976500000000004,8.393987500000001,2.0392874999999995,13.767249999999999,-0.4309344457135909,-0.811922557852951
120.75,23.15,392.1154,SSP1-2.6,2021-2040,-26.951099999999997,35.5829,-189.14480000000003,-0.22719999999999985,8.737500000000004,2.3785999999999987,16.698,32.2957,-217.77991249999985,-0.3622625000000008,8.2437625,2.0792375,13.758000000000001,-0.4309344457135909,-0.748726777483164
120.75,23.2,370.2086,SSP1-2.6,2021-2040,-20.050700000000006,31.579399999999993,-109.23589999999967,0.05759999999999721,6.703600000000002,1.9196000000000009,13.614,33.293324999999996,-163.60947499999997,0.05341249999999942,7.887937500000001,2.22455,14.350999999999999,-0.4309344457135909,-0.6855309971133726
120.75,23.25,348.2569,SSP1-2.6,2021-2040,-15.833299999999952,30.958799999999997,-143.57759999999962,0.21749999999999758,8.582100000000004,2.001800000000001,11.702000000000002,33.9393,-148.20569999999992,0.1720874999999995,7.0740875,2.186375,14.72175,-0.4309344457135909,-0.6223352167435812
120.75,23.3,342.7216,SSP1-2.6,2021-2040,-21.432600000000036,35.238699999999994,-175.86329999999998,0.12330000000000041,6.807099999999998,1.7142999999999997,14.888000000000002,34.2580375,-149.949275,0.19651249999999898,6.049974999999999,2.0649625,15.114,-0.4309344457135909,-0.5591394363737897
120.75,23.35,367.3666,SSP1-2.6,2021-2040,-34.31139999999999,34.0918,-127.43510000000015,0.1963000000000008,4.596400000000003,1.6179000000000006,16.088,34.9453125,-160.37512499999997,0.04271249999999993,5.143512499999999,2.1013374999999996,15.89575,-0.4309344457135909,-0.4959436560039983
120.75,23.4,402.595,SSP1-2.6,2021-2040,-49.20790000000005,34.717699999999994,-126.57810000000018,-0.048399999999997334,3.6143,2.648199999999999,16.293999999999997,34.458574999999996,-157.49033750000007,-0.003662499999999902,3.991275,1.8587124999999995,16.5295,-0.4309344457135909,-0.43274787563421135
120.75,23.45,407.0928,SSP1-2.6,2021-2040,-52.93040000000002,33.419200000000004,-182.64110000000028,-0.06139999999999901,3.0463999999999984,1.9518000000000004,17.322000000000003,33.6727,-170.63162499999987,-0.1781874999999995,3.0267749999999998,2.0796874999999995,16.277,-0.4309344457135909,-0.3695520952644199
120.75,23.5,408.9241,SSP1-2.6,2021-2040,-50.15160000000003,33.555699999999995,-174.0305999999996,-0.3193000000000019,-0.2786000000000044,1.9517999999999986,17.078000000000003,33.60006250000001,-182.40391250000005,-0.262437499999999,2.301987499999999,2.2317125,16.630750000000003,-0.4309344457135909,-0.3063563148946285
120.75,23.55,389.5544,SSP1-2.6,2021-2040,-39.93599999999998,36.4015,-196.1823000000004,-0.5812999999999988,-0.6304000000000016,2.7517999999999994,18.692,33.44596250000001,-165.79706249999992,-0.31642499999999973,1.2727624999999998,2.67925,16.22025,-0.4309344457135909,-0.24316053452483705
120.75,23.6,347.3933,SSP1-2.6,2021-2040,-31.098400000000026,35.341100000000004,-171.54809999999998,-0.6586999999999996,-0.23749999999999716,3.6232000000000006,16.332,34.680400000000006,-114.99932500000017,-0.07488749999999911,0.8841500000000009,3.18595,17.11425,-0.4309344457135909,-0.17996475415504562
120.75,23.65,258.0759,SSP1-2.6,2021-2040,-8.973099999999988,35.12310000000001,-46.231700000000274,0.31810000000000116,0.6750000000000043,3.6982,17.195999999999998,35.380725000000005,-84.156925,0.1510625000000001,0.43236250000000176,3.4426375,17.356,-0.4309344457135909,-0.11676897378525869
120.75,23.7,222.1197,SSP1-2.6,2021-2040,-6.147199999999998,36.68729999999999,-12.158699999999953,0.8188999999999993,-0.4429000000000016,3.2356999999999996,17.662,35.4263,-52.94784999999999,0.41248750000000056,1.1596000000000002,3.632375,17.24475,-0.4309344457135909,-0.053573193415467256
120.75,23.75,210.2625,SSP1-2.6,2021-2040,-11.032499999999999,32.819599999999994,-36.26599999999985,0.5696000000000012,1.2249999999999943,4.371400000000001,14.072,35.3138125,-27.32092499999996,0.5986500000000001,1.1870499999999993,3.4009,16.987499999999997,-0.4309344457135909,0.009622586954324176
120.75,23.8,191.8796,SSP1-2.6,2021-2040,-13.145600000000002,34.2556,46.074100000000044,0.9867999999999988,-0.8768000000000029,3.8892999999999986,15.270000000000001,34.53849999999999,-29.452349999999996,0.5030000000000006,2.0035874999999983,3.287275,16.150999999999996,-0.4309344457135909,0.0728183673241156
120.75,23.85,195.4845,SSP1-2.6,2021-2040,-19.92750000000001,33.953599999999994,-3.6837000000000444,0.5106999999999999,-0.8374999999999986,2.950000000000001,16.074,34.677899999999994,-42.373612500000036,0.4526125000000003,2.0866249999999997,2.843525,15.8705,-0.4309344457135909,0.13601414769390704
120.75,23.9,188.8619,SSP1-2.6,2021-2040,-9.930800000000005,34.799400000000006,-99.35180000000014,0.361699999999999,1.1839000000000013,2.1213999999999995,16.588,35.242174999999996,-60.5712125,0.29120000000000035,0.5395250000000003,2.2709875000000004,16.19525,-0.4309344457135909,0.19920992806369398
120.75,23.95,183.7087,SSP1-2.6,2021-2040,-10.734499999999997,35.40820000000001,-41.04489999999987,0.5289999999999999,-3.3482000000000056,1.7088999999999999,17.648000000000003,36.14535,-69.0843625,0.27855000000000096,-0.30914999999999804,1.8129625,16.911,-0.4309344457135909,0.26240570843348543
120.75,24.0,188.7842,SSP1-2.6,2021-2040,-13.41409999999999,37.392100000000006,-25.862499999999955,0.4697000000000031,-4.528599999999997,1.8589000000000002,18.380000000000003,36.28116250000001,-67.22676249999998,0.34381249999999985,-0.2129374999999989,1.5761374999999997,17.76025,-0.4309344457135909,0.32560148880327683
120.75,24.05,206.2086,SSP1-2.6,2021-2040,-15.322299999999984,36.1905,-93.29880000000003,0.529399999999999,0.428600000000003,1.6018000000000008,18.467999999999996,36.641175000000004,-53.05431249999998,0.36520000000000064,0.02411250000000198,1.4314874999999996,18.503,-0.4309344457135909,0.3887972691730683
120.75,24.1,208.7482,SSP1-2.6,2021-2040,-11.231799999999993,36.3597,-74.31190000000015,0.40160000000000196,0.08930000000000149,1.0678999999999998,18.678,36.2272125,-65.80124999999998,0.2265874999999995,1.3500125000000018,1.2475499999999997,18.8915,-0.4309344457135909,0.4519930495428597
120.75,24.15,208.3345,SSP1-2.6,2021-2040,-11.618799999999993,35.95210000000001,-77.17540000000008,0.011900000000000688,1.2642999999999986,0.6160999999999994,19.528000000000002,35.9749625,-61.665674999999965,0.05772500000000047,0.7716500000000011,1.0087,19.595750000000002,-0.4309344457135909,0.5151888299126467
120.75,24.2,219.7389,SSP1-2.6,2021-2040,-14.348199999999991,35.4445,-74.77359999999999,-0.037700000000000955,2.457099999999997,0.4446000000000012,21.944,35.428725,-50.99453749999998,-0.11651249999999891,-0.4497749999999998,0.8281249999999996,20.04,-0.4309344457135909,0.578384610282438
120.75,24.25,239.7277,SSP1-2.6,2021-2040,-20.66380000000001,34.8081,-9.42430000000013,-0.2708999999999975,-3.2642999999999986,0.3053999999999988,21.247999999999998,34.67665000000001,-31.63086249999995,-0.07519999999999971,-0.2038000000000011,0.6669499999999999,20.6065,-0.4309344457135909,0.6415803906522295
120.75,24.3,219.9145,SSP1-2.6,2021-2040,-14.0034,34.3947,8.218200000000024,0.007200000000000983,-1.3839000000000041,0.18929999999999936,21.062,34.0974875,3.0015625000000057,0.17855000000000043,-0.5761250000000002,0.47142499999999965,20.42975,-0.4309344457135909,0.704776171022021
120.75,24.35,201.6784,SSP1-2.6,2021-2040,-0.5431000000000097,33.601099999999995,15.370499999999993,0.6683000000000021,3.3374999999999986,0.3786000000000005,19.446,33.729037500000004,14.042024999999995,0.4410249999999998,1.2453124999999998,0.24777499999999963,20.336,-0.4309344457135909,0.7679719513918124
120.75,24.4,212.2149,SSP1-2.6,2021-2040,-1.647500000000008,33.917300000000004,7.954099999999926,0.7796999999999983,5.835699999999996,0.3161000000000005,20.566,33.0987625,12.6978,0.6571750000000005,2.7442,0.1792499999999997,19.569000000000003,-0.4309344457135909,0.8311677317615993
120.75,24.45,202.2433,SSP1-2.6,2021-2040,-5.187600000000003,32.997699999999995,8.927500000000009,0.6661000000000001,5.7607,0.008900000000000574,19.416,32.5196875,9.084787499999976,0.7541250000000004,3.741974999999999,0.1433249999999998,19.503999999999998,-0.4309344457135909,0.8943635121313908
120.75,24.5,168.5485,SSP1-2.6,2021-2040,-1.5541999999999803,31.643700000000003,-1.2993000000001302,0.654200000000003,3.542899999999996,0.017900000000000027,19.174,32.130362500000004,9.076287499999978,0.624925,3.6999999999999993,0.020537499999999986,19.01625,-0.4309344457135909,0.9575592925011822
120.75,24.55,153.7346,SSP1-2.6,2021-2040,-4.194700000000012,32.647800000000004,-2.0532000000000608,0.36519999999999797,4.392899999999997,-0.1285999999999996,18.302,32.120225,9.19766249999995,0.5250750000000008,3.3966499999999993,-0.1383875,19.05,-0.4309344457135909,1.0207550728709736
120.75,24.6,158.1567,SSP1-2.6,2021-2040,-5.802799999999991,33.27460000000001,7.772600000000011,0.2518999999999991,2.644600000000004,-0.026799999999999713,18.782,31.935624999999995,1.6705875000000106,0.3650749999999996,3.3629499999999988,-0.15579999999999994,18.7515,-0.4309344457135909,1.0839508532407651
120.75,24.65,147.2359,SSP1-2.6,2021-2040,-5.467099999999988,31.690299999999993,6.3943000000001575,0.3309999999999995,2.2445999999999984,0.3839000000000006,18.351999999999997,32.02245,-1.5790999999999826,0.330449999999999,4.1120624999999995,-0.19284999999999997,18.689500000000002,-0.4309344457135909,1.147146633610552
120.8,21.95,265.6306,SSP1-2.6,2021-2040,-55.61900000000003,38.5368,-152.35410000000002,-0.5553999999999988,18.125,3.8375000000000004,15.804,38.17725,-141.71075000000005,-0.347375,15.3326,3.2832375,15.7295,-0.32524060563236956,-2.265425506358136
120.8,22.0,268.3165,SSP1-2.6,2021-2040,-53.81940000000003,38.272999999999996,-143.70810000000006,-0.3600999999999992,16.7036,3.4321,17.55,37.956900000000005,-148.41441250000008,-0.26675000000000004,14.7645,3.2562375,16.2085,-0.32524060563236956,-2.2022297259883445
120.8,22.05,256.5459,SSP1-2.6,2021-2040,-41.30740000000003,37.2083,-134.84530000000018,-0.08970000000000056,13.578600000000002,2.9749999999999996,17.926000000000002,37.6106625,-142.8861625000001,0.12613749999999957,13.8645,3.08415,16.698,-0.32524060563236956,-2.139033945618553
120.8,22.1,269.4312,SSP1-2.6,2021-2040,-33.974999999999994,35.8909,-147.8780999999999,0.7256,14.233899999999998,3.3249999999999993,17.232,36.194824999999994,-120.03667500000006,0.5075125000000003,12.153125,2.7294625000000003,16.517,-0.32524060563236956,-2.0758381652487614
120.8,22.15,254.6277,SSP1-2.6,2021-2040,-14.762400000000014,34.35949999999999,-86.8433,1.0339000000000027,10.660699999999999,2.821399999999999,17.094,34.87855,-98.14779999999999,0.7898499999999999,12.193974999999998,2.8453,15.843,-0.32524060563236956,-2.0126423848789745
120.8,22.2,256.7233,SSP1-2.6,2021-2040,-13.867199999999997,32.3223,-43.82269999999971,0.7832000000000008,13.960700000000003,2.783899999999999,13.310000000000002,33.087562500000004,-69.31612499999997,0.9801375000000001,12.4656375,3.0537749999999995,14.90875,-0.32524060563236956,-1.9494466045091832
120.8,22.25,258.5786,SSP1-2.6,2021-2040,-14.211199999999991,30.509099999999997,-31.067599999999857,1.1290999999999976,13.167900000000003,3.5481999999999996,11.982,32.5169375,-51.955312499999934,0.8300000000000001,13.50045,3.0803374999999997,14.39075,-0.32524060563236956,-1.8862508241393918
120.8,22.3,280.0734,SSP1-2.6,2021-2040,-24.624200000000002,30.913600000000002,-22.950199999999768,0.8201,14.421400000000006,3.1732000000000014,12.98,31.0997,-37.39633749999993,0.7319624999999998,13.094425000000001,3.23705,13.3655,-0.32524060563236956,-1.8230550437696005
120.8,22.35,315.6494,SSP1-2.6,2021-2040,-32.80560000000003,30.675900000000006,-18.192699999999604,0.5458999999999996,11.294600000000003,3.001800000000001,12.693999999999999,29.0679625,-25.930099999999925,0.5188875000000013,11.045987500000003,3.258025,12.0095,-0.32524060563236956,-1.759859263399809
120.8,22.4,345.9948,SSP1-2.6,2021-2040,-39.557500000000005,25.5531,1.9165000000002692,0.42460000000000164,7.287500000000001,3.3088999999999995,9.377999999999998,27.621537500000002,-0.47846249999992096,0.5666875000000005,9.9988875,3.3792375000000003,10.980999999999998,-0.32524060563236956,-1.696663483030022
120.8,22.45,333.4543,SSP1-2.6,2021-2040,-36.60379999999998,25.13199999999999,53.927900000000136,0.6814,9.358899999999998,3.6196,9.405999999999999,25.5484875,19.38351250000008,0.6729250000000007,9.2127375,3.3993375,9.624749999999999,-0.32524060563236956,-1.6334677026602307
120.8,22.5,323.4253,SSP1-2.6,2021-2040,-32.634900000000016,21.616100000000003,57.86380000000008,0.7160000000000011,10.1875,3.278600000000001,7.398,25.71785,31.32801250000003,0.6701875000000008,9.4283625,3.3832625,10.09775,-0.32524060563236956,-1.570271922290439
120.8,22.55,332.3605,SSP1-2.6,2021-2040,-31.0086,24.2986,29.54659999999967,0.2960000000000029,9.955399999999997,3.3643,9.627999999999998,25.262725,15.44142500000001,0.5770625000000007,9.446887499999999,3.142875,10.057,-0.32524060563236956,-1.5070761419206478
120.8,22.6,358.4882,SSP1-2.6,2021-2040,-22.509900000000016,26.9822,5.789800000000014,0.4870999999999981,10.273199999999996,3.126800000000001,10.997999999999998,24.951099999999997,-18.303287500000067,0.34073750000000125,8.711637499999998,2.9386124999999996,10.0335,-0.32524060563236956,-1.4438803615508562
120.8,22.65,398.7711,SSP1-2.6,2021-2040,-20.473599999999976,23.332500000000003,-25.93730000000005,0.408100000000001,8.5929,3.0464,9.483999999999998,26.1112625,-50.51021250000002,0.2509749999999995,8.059612499999998,2.731025,10.538499999999999,-0.32524060563236956,-1.3806845811810693
120.8,22.7,419.3707,SSP1-2.6,2021-2040,-19.230399999999975,25.384099999999997,-68.38599999999997,0.33259999999999934,7.0,2.976800000000001,10.024,27.011850000000003,-72.63341250000008,0.10016249999999927,6.793537499999998,2.6912875,10.70025,-0.32524060563236956,-1.317488800811278
120.8,22.75,393.7862,SSP1-2.6,2021-2040,-18.219100000000026,28.519800000000004,-97.39380000000028,-0.01290000000000191,5.955399999999997,2.8625000000000007,11.37,27.5445375,-93.12593750000008,-0.16011250000000077,6.096199999999999,2.6975499999999997,10.82675,-0.32524060563236956,-1.2542930204414864
120.8,22.8,391.1317,SSP1-2.6,2021-2040,-15.245400000000018,26.7975,-121.21000000000004,-0.5376000000000012,6.501800000000003,2.8643,10.65,26.526975,-120.5552125000001,-0.5397625000000006,5.145987499999999,2.926125,9.822,-0.32524060563236956,-1.191097240071695
120.8,22.85,437.2961,SSP1-2.6,2021-2040,-31.533800000000042,23.008499999999998,-148.77289999999994,-1.0753999999999984,0.7160999999999973,3.2570999999999994,7.242000000000001,25.6549375,-161.56938750000006,-1.0352875,6.501787500000002,3.1239,9.492249999999999,-0.32524060563236956,-1.1279014597019037
120.8,22.9,451.4754,SSP1-2.6,2021-2040,-43.35210000000001,26.1931,-206.54539999999997,-1.6809999999999974,4.6982,3.2767999999999997,9.902,25.247625,-201.838025,-1.3445375,7.120750000000001,3.256925,9.04075,-0.32524060563236956,-1.0647056793321166
120.8,22.95,394.1903,SSP1-2.6,2021-2040,-50.3297,24.998700000000007,-270.14840000000004,-1.8779000000000003,8.2196,3.4106999999999985,9.146,25.951275,-241.06200000000004,-1.4250999999999996,7.847525000000001,2.8763500000000004,9.26825,-0.32524060563236956,-1.0015098989623252
120.8,23.0,377.9689,SSP1-2.6,2021-2040,-44.10130000000004,24.8917,-298.72609999999986,-1.4229999999999983,8.241100000000003,2.455400000000001,7.710000000000001,26.2904625,-279.321725,-1.3595000000000006,8.253775000000001,2.476775,9.686,-0.32524060563236956,-0.9383141185925338
120.8,23.05,422.9678,SSP1-2.6,2021-2040,-47.55369999999999,29.5176,-375.0064000000002,-1.2528000000000006,7.912500000000001,1.6536000000000008,12.244,26.122474999999998,-310.4093625,-1.1796625000000005,8.141300000000001,2.0258875,9.342500000000001,-0.32524060563236956,-0.8751183382227424
120.8,23.1,456.3283,SSP1-2.6,2021-2040,-55.597500000000025,26.458799999999997,-428.0297999999998,-0.9768000000000008,8.112499999999997,0.9428999999999998,9.280000000000001,29.1819375,-302.682875,-1.0036875000000003,8.151575000000001,1.87945,11.550500000000001,-0.32524060563236956,-0.811922557852951
120.8,23.15,421.4172,SSP1-2.6,2021-2040,-45.13099999999997,32.2607,-350.12429999999995,-0.7715999999999994,9.1768,1.3857,13.572000000000001,30.4505875,-264.50341249999997,-0.7202625,7.433712500000001,1.7444125,12.035250000000001,-0.32524060563236956,-0.748726777483164
120.8,23.2,386.4121,SSP1-2.6,2021-2040,-33.877800000000036,33.1312,-199.4704999999999,-0.14789999999999992,9.237500000000004,1.8213999999999988,13.976,32.09115,-215.992325,-0.47465000000000046,7.047537500000001,1.877,12.7315,-0.32524060563236956,-0.6855309971133726
120.8,23.25,363.5412,SSP1-2.6,2021-2040,-27.921400000000006,33.24229999999999,-166.49630000000025,0.004399999999996851,7.007099999999994,2.1445999999999987,12.889999999999999,32.521987499999994,-189.7914874999999,-0.26730000000000054,6.897975000000001,1.8638375,13.114,-0.32524060563236956,-0.6223352167435812
120.8,23.3,350.1428,SSP1-2.6,2021-2040,-25.80030000000005,32.7438,-200.44969999999967,-0.022400000000001086,6.7607,1.6911000000000005,13.12,33.1578125,-173.38457500000004,-0.15255000000000107,5.997299999999999,1.95335,13.7965,-0.32524060563236956,-0.5591394363737897
120.8,23.35,359.2459,SSP1-2.6,2021-2040,-35.0754,33.8185,-165.06640000000016,-0.09650000000000247,2.9231999999999942,1.903599999999999,16.456,33.9549375,-167.29447499999998,-0.09628749999999986,4.9066875,1.969425,14.8185,-0.32524060563236956,-0.4959436560039983
120.8,23.4,378.8655,SSP1-2.6,2021-2040,-45.560900000000004,34.210300000000004,-153.38449999999966,-0.1305999999999976,3.0964000000000027,1.7731999999999992,15.556,33.895125,-153.38676250000015,-0.10119999999999996,3.6078124999999996,1.964975,15.6905,-0.32524060563236956,-0.43274787563421135
120.8,23.45,349.367,SSP1-2.6,2021-2040,-35.88980000000004,34.441399999999994,-149.8125,-0.16029999999999944,2.383899999999997,1.2303999999999995,15.894,33.747037500000005,-154.31316249999998,-0.19669999999999987,2.9640625,2.1930875,15.83275,-0.32524060563236956,-0.3695520952644199
120.8,23.5,415.8918,SSP1-2.6,2021-2040,-37.08080000000001,31.907900000000005,-128.29439999999977,-0.30930000000000035,2.992899999999999,2.741100000000001,14.022,34.0025,-175.47133750000006,-0.3377499999999998,2.8035499999999987,2.0616125,16.383750000000003,-0.32524060563236956,-0.3063563148946285
120.8,23.55,403.9372,SSP1-2.6,2021-2040,-34.25319999999999,31.4206,-186.86670000000004,-0.540499999999998,4.496400000000001,2.314300000000001,14.633999999999999,34.3040625,-155.65332499999997,-0.34185,2.1075874999999993,2.5611625,16.353,-0.32524060563236956,-0.24316053452483705
120.8,23.6,307.6143,SSP1-2.6,2021-2040,-23.831500000000005,31.895400000000002,-102.72370000000001,-0.1056999999999988,1.75,2.8536,15.18,35.196200000000005,-126.17957500000009,-0.20058749999999925,2.10245,2.9096,16.91275,-0.32524060563236956,-0.17996475415504562
120.8,23.65,246.432,SSP1-2.6,2021-2040,-19.95489999999998,34.6472,-30.159900000000107,0.1404999999999994,0.6017999999999972,3.664299999999999,16.538,35.154625,-87.7780625,0.1029125000000004,1.3868250000000018,3.0734375,16.498,-0.32524060563236956,-0.11676897378525869
120.8,23.7,246.221,SSP1-2.6,2021-2040,-23.522700000000015,34.886900000000004,-104.10419999999999,0.1355000000000004,1.3357000000000028,3.2767999999999997,17.762,35.343,-50.76648749999998,0.33781250000000007,0.9040124999999994,3.2917375,16.15225,-0.32524060563236956,-0.053573193415467256
120.8,23.75,219.1426,SSP1-2.6,2021-2040,-14.603399999999993,35.971599999999995,-48.350999999999885,0.4540000000000006,1.5856999999999957,2.8142999999999994,17.008,34.546724999999995,-40.93633749999998,0.4776874999999996,0.8341500000000002,3.2857125,15.48725,-0.32524060563236956,0.009622586954324176
120.8,23.8,200.978,SSP1-2.6,2021-2040,-17.407900000000012,33.359399999999994,-4.215400000000045,0.5970000000000013,2.4536000000000016,3.950000000000001,15.47,34.6918,-45.28548749999996,0.42836249999999954,1.2020124999999986,3.0488874999999998,15.4785,-0.32524060563236956,0.0728183673241156
120.8,23.85,204.2281,SSP1-2.6,2021-2040,-17.478100000000012,35.278600000000004,-83.98170000000005,0.341899999999999,1.9392999999999958,3.0588999999999995,15.847999999999999,34.3546,-58.402675000000016,0.35281249999999975,1.6504500000000002,2.7323749999999998,15.1895,-0.32524060563236956,0.13601414769390704
120.8,23.9,212.8352,SSP1-2.6,2021-2040,-10.77849999999998,35.4588,-158.2122999999999,-0.005299999999998306,3.117899999999999,2.403600000000001,14.472000000000001,34.777100000000004,-84.54002500000004,0.18851249999999942,0.867637499999999,2.3727625,15.7795,-0.32524060563236956,0.19920992806369398
120.8,23.95,221.66,SSP1-2.6,2021-2040,-13.446200000000005,35.423399999999994,-144.1971000000001,-0.10910000000000153,0.2856999999999985,2.5929,15.841999999999999,35.343337500000004,-87.75616249999999,0.22236250000000046,0.6082624999999995,2.0017875,16.1095,-0.32524060563236956,0.26240570843348543
120.8,24.0,207.341,SSP1-2.6,2021-2040,-8.43610000000001,37.65500000000001,-87.24429999999984,0.2997000000000014,1.8179000000000016,1.9178999999999995,17.848,35.6640625,-89.47478749999999,0.31657499999999983,0.9274624999999999,1.7691999999999999,17.039250000000003,-0.32524060563236956,0.32560148880327683
120.8,24.05,221.4278,SSP1-2.6,2021-2040,-7.180499999999995,35.99580000000001,-119.22019999999998,0.4161999999999999,3.876800000000003,1.6768,17.946,35.9505125,-69.60197499999998,0.4286500000000002,1.5489000000000015,1.5921999999999998,17.72725,-0.32524060563236956,0.3887972691730683
120.8,24.1,221.0414,SSP1-2.6,2021-2040,-0.21450000000001523,35.9203,-31.860300000000052,0.49549999999999983,-0.29459999999999553,1.8125,18.14,35.705687499999996,-81.110825,0.3818874999999995,2.4948875000000017,1.4473375,18.1965,-0.32524060563236956,0.4519930495428597
120.8,24.15,223.0379,SSP1-2.6,2021-2040,-1.519900000000007,36.5994,-43.50369999999998,0.2577999999999996,-1.2463999999999942,1.7142999999999997,19.024,35.20655,-69.1672125,0.24366250000000012,2.5926375000000004,1.4718750000000003,18.643,-0.32524060563236956,0.5151888299126467
120.8,24.2,239.039,SSP1-2.6,2021-2040,-14.983299999999986,35.239200000000004,-86.43499999999995,-0.16759999999999664,4.4696,1.1964000000000006,18.774,35.095312500000006,-54.85911250000001,0.1280874999999999,0.7462,1.4330375,19.57325,-0.32524060563236956,0.578384610282438
120.8,24.25,249.2116,SSP1-2.6,2021-2040,-23.616299999999995,34.0864,-22.95659999999998,0.08859999999999957,-1.4000000000000057,1.3857,20.754,34.53,-42.03272500000003,0.0734875000000006,1.0323499999999992,1.083475,20.1465,-0.32524060563236956,0.6415803906522295
120.8,24.3,229.2985,SSP1-2.6,2021-2040,-17.594899999999996,33.864200000000004,-23.48680000000013,0.134999999999998,2.8857,0.8392999999999997,20.956,34.101,-14.755775000000028,0.2882000000000007,-0.08237500000000164,0.8133999999999997,20.4,-0.32524060563236956,0.704776171022021
120.8,24.35,222.7878,SSP1-2.6,2021-2040,-7.72059999999999,34.3705,2.125300000000152,0.6153000000000013,0.894599999999997,0.5267999999999997,20.994,33.7876625,-8.04312500000006,0.4741249999999999,1.878124999999998,0.6111749999999996,20.4175,-0.32524060563236956,0.7679719513918124
120.8,24.4,232.9193,SSP1-2.6,2021-2040,-4.438799999999986,33.636599999999994,-4.951800000000048,0.6031000000000013,1.8911000000000016,0.3053999999999988,20.282,33.514275,0.7603249999999946,0.6300499999999998,3.2772124999999983,0.5243374999999999,20.03425,-0.32524060563236956,0.8311677317615993
120.8,24.45,204.9742,SSP1-2.6,2021-2040,-5.2577,32.428,7.573399999999992,0.6742999999999988,3.8339,0.5124999999999993,18.988,33.006212500000004,4.213762500000001,0.6690375000000002,3.5477624999999984,0.34711249999999993,19.7215,-0.32524060563236956,0.8943635121313908
120.8,24.5,151.3938,SSP1-2.6,2021-2040,1.2295000000000016,31.552600000000005,53.4058,1.1691999999999982,1.5625,0.0035999999999996035,18.878,32.284774999999996,2.2325500000000034,0.46997500000000025,3.7868249999999994,0.17210000000000003,19.072,-0.32524060563236956,0.9575592925011822
120.8,24.55,150.1773,SSP1-2.6,2021-2040,-2.2535000000000025,31.068199999999997,31.20789999999988,0.3440000000000012,0.9070999999999998,0.07859999999999978,18.786,32.121587500000004,-1.9637749999999983,0.4417875,3.8042499999999997,-0.16227500000000006,18.84075,-0.32524060563236956,1.0207550728709736
120.8,24.6,168.016,SSP1-2.6,2021-2040,-12.680599999999998,32.1087,-7.0637000000001535,0.21110000000000184,5.189299999999996,-0.9286000000000003,18.584,31.7111125,-0.7394749999999419,0.32038749999999894,3.2352625,-0.07901249999999993,18.68225,-0.32524060563236956,1.0839508532407651
120.8,24.65,152.9264,SSP1-2.6,2021-2040,-9.193099999999987,31.341500000000003,17.481100000000197,0.38709999999999667,0.9499999999999957,-0.0945999999999998,18.78,31.563637499999995,-6.389074999999991,0.2928124999999997,3.5249875,-0.10870000000000002,18.53675,-0.32524060563236956,1.147146633610552
120.85,21.9,269.1639,SSP1-2.6,2021-2040,-53.016400000000004,38.7633,-159.5585000000001,-0.2954000000000008,16.2179,3.498199999999999,14.104,38.29965,-148.72632500000006,-0.30937499999999973,15.944425,3.3990875000000003,16.21125,-0.21954676555114824,-2.3286212867279272
120.85,21.95,276.0158,SSP1-2.6,2021-2040,-56.287800000000004,38.522600000000004,-202.9072000000001,-0.1744000000000021,16.564299999999996,3.607100000000001,15.178,38.326125000000005,-157.5076625000001,-0.24238749999999953,15.531249999999998,3.4243125,16.43,-0.21954676555114824,-2.265425506358136
120.85,22.0,274.2275,SSP1-2.6,2021-2040,-54.99330000000003,38.923199999999994,-208.80140000000029,-0.0627999999999993,15.5321,3.875,17.838,38.302325,-159.7201625000001,-0.10511250000000016,15.264737499999999,3.2986500000000003,16.942,-0.21954676555114824,-2.2022297259883445
120.85,22.05,274.0325,SSP1-2.6,2021-2040,-48.07760000000002,37.394,-239.92550000000028,0.2741000000000007,11.721399999999996,3.1500000000000004,18.275999999999996,38.05749999999999,-171.9373125000001,0.2542875000000002,14.99575,3.2426375,17.915,-0.21954676555114824,-2.139033945618553
120.85,22.1,267.8106,SSP1-2.6,2021-2040,-28.20150000000001,37.492599999999996,-243.63720000000012,0.7443999999999988,12.158900000000003,3.1875,18.339999999999996,36.91065,-159.16480000000004,0.5888500000000003,13.568962499999998,3.0334875,17.85925,-0.21954676555114824,-2.0758381652487614
120.85,22.15,245.2124,SSP1-2.6,2021-2040,-11.0034,34.747800000000005,-154.33939999999984,1.0734999999999992,12.75,3.382100000000001,16.872,35.74657499999999,-145.13254999999998,0.8306000000000004,13.3439625,3.0752249999999997,16.87825,-0.21954676555114824,-2.0126423848789745
120.85,22.2,286.3185,SSP1-2.6,2021-2040,-18.7654,32.6672,-137.0273000000002,0.9525000000000006,11.017900000000001,3.6838999999999995,15.378,34.3445375,-106.91391249999992,1.0320125,13.2078125,3.1182999999999996,15.703500000000002,-0.21954676555114824,-1.9494466045091832
120.85,22.25,275.7984,SSP1-2.6,2021-2040,-14.088099999999997,32.25030000000001,-102.58539999999994,1.3617999999999988,13.6982,3.873199999999999,14.656,33.5382375,-83.03881249999989,0.9039375000000001,13.2904,3.1522249999999996,15.09225,-0.21954676555114824,-1.8862508241393918
120.85,22.3,270.1267,SSP1-2.6,2021-2040,-18.22470000000004,33.58710000000001,-64.62819999999965,0.8121000000000009,12.471400000000003,3.419599999999999,16.378,33.067937500000006,-56.57152499999995,0.720075,12.858025000000001,3.3316999999999997,14.838749999999997,-0.21954676555114824,-1.8230550437696005
120.85,22.35,289.6063,SSP1-2.6,2021-2040,-25.419099999999958,32.68770000000001,-21.565100000000257,0.5615000000000023,11.482100000000003,3.5428999999999995,15.785999999999998,31.918650000000003,-34.9867499999998,0.46581250000000063,11.751325000000001,3.3470874999999998,14.189,-0.21954676555114824,-1.759859263399809
120.85,22.4,297.7591,SSP1-2.6,2021-2040,-31.454999999999984,29.966300000000004,11.059500000000298,0.7805,10.1036,3.685699999999999,12.952,30.429100000000002,-8.655962499999873,0.439350000000001,10.9591375,3.4515625,13.330999999999998,-0.21954676555114824,-1.696663483030022
120.85,22.45,293.1296,SSP1-2.6,2021-2040,-34.86849999999998,29.6871,49.10940000000028,1.1767000000000003,11.0625,3.4054,13.078,28.0026875,6.280600000000106,0.5975625000000004,11.138837500000001,3.3703125,11.784749999999999,-0.21954676555114824,-1.6334677026602307
120.85,22.5,279.1767,SSP1-2.6,2021-2040,-30.462099999999992,28.064200000000007,42.71659999999997,0.9684999999999988,12.428600000000003,3.080400000000001,11.944,27.37625,5.635725000000036,0.5723625000000006,11.5404,3.2287999999999997,11.54225,-0.21954676555114824,-1.570271922290439
120.85,22.55,288.674,SSP1-2.6,2021-2040,-34.43399999999997,27.917899999999996,0.8847000000000662,0.621500000000001,12.866100000000003,2.898199999999999,11.501999999999999,27.3826875,-12.041312500000032,0.4192874999999998,10.88125,3.0638625,11.556999999999999,-0.21954676555114824,-1.5070761419206478
120.85,22.6,319.2749,SSP1-2.6,2021-2040,-35.89550000000003,28.686699999999995,-24.857700000000023,0.35960000000000036,11.0518,2.914299999999999,11.846,27.141312499999998,-53.91571250000001,0.17787500000000067,9.7529125,2.9529,11.187749999999998,-0.21954676555114824,-1.4438803615508562
120.85,22.65,354.9169,SSP1-2.6,2021-2040,-37.65620000000001,24.868499999999997,-71.52709999999979,-0.01799999999999713,8.953600000000002,2.8839000000000006,8.118,27.086412499999998,-94.22091249999994,0.032725000000000115,8.543524999999999,2.9192,11.41475,-0.21954676555114824,-1.3806845811810693
120.85,22.7,364.6054,SSP1-2.6,2021-2040,-36.61849999999998,25.870700000000006,-120.0927999999999,-0.38899999999999935,8.723199999999999,3.049999999999999,10.113999999999999,26.1267,-121.32492500000001,-0.14286249999999967,7.552674999999999,2.821425,10.7045,-0.21954676555114824,-1.317488800811278
120.85,22.75,340.672,SSP1-2.6,2021-2040,-30.982500000000016,26.963299999999997,-138.30690000000004,-0.5818000000000012,7.069599999999994,2.8392999999999997,10.876000000000001,25.736275000000003,-132.66860000000003,-0.35863749999999994,7.553125000000001,2.7834874999999997,10.2525,-0.21954676555114824,-1.2542930204414864
120.85,22.8,329.8324,SSP1-2.6,2021-2040,-25.543800000000033,26.821200000000005,-145.2532000000001,-0.7607999999999997,6.564300000000003,2.9161,9.902,25.0225875,-132.24543750000004,-0.4783249999999999,7.1808125,2.7421875,9.246500000000001,-0.21954676555114824,-1.191097240071695
120.85,22.85,336.1172,SSP1-2.6,2021-2040,-26.18010000000004,22.3774,-142.55539999999974,-0.7240000000000002,7.664300000000004,3.164300000000001,7.283999999999999,24.674087500000002,-133.248375,-0.687562499999999,7.200462500000001,2.7620499999999995,8.519,-0.21954676555114824,-1.1279014597019037
120.85,22.9,320.1834,SSP1-2.6,2021-2040,-30.130499999999984,21.5923,-126.66969999999992,-0.9838999999999984,7.251800000000003,2.862499999999999,6.43,24.4733375,-133.89609999999996,-0.7342124999999995,7.3392875,2.711375,8.149750000000001,-0.21954676555114824,-1.0647056793321166
120.85,22.95,269.1855,SSP1-2.6,2021-2040,-35.714,22.293799999999997,-112.60040000000004,-0.8960000000000008,7.957100000000004,2.0214,5.736000000000001,24.0761,-137.75332499999996,-0.7308374999999994,7.8392875,2.5169625,7.707000000000001,-0.21954676555114824,-1.0015098989623252
120.85,23.0,259.6237,SSP1-2.6,2021-2040,-35.399699999999996,20.821799999999996,-134.27880000000005,-0.8932000000000002,6.946399999999997,1.9786000000000001,5.23,24.0396375,-162.06019999999998,-0.6433000000000004,8.320087500000001,2.1441875,7.62725,-0.21954676555114824,-0.9383141185925338
120.85,23.05,309.4019,SSP1-2.6,2021-2040,-37.1198,20.532399999999996,-220.03999999999996,-1.0082000000000022,8.792900000000003,1.9321000000000002,5.662000000000001,23.945574999999998,-204.98138749999993,-0.593575,7.6683,1.6913,7.5135000000000005,-0.21954676555114824,-0.8751183382227424
120.85,23.1,386.2774,SSP1-2.6,2021-2040,-39.61009999999999,23.6288,-321.1142,-1.2257999999999996,7.355400000000003,1.3088999999999995,7.566000000000001,26.22275,-236.78926249999995,-0.6341125000000005,7.158475,1.5316875,9.036999999999999,-0.21954676555114824,-0.811922557852951
120.85,23.15,410.2421,SSP1-2.6,2021-2040,-43.6576,29.478300000000004,-309.11940000000004,-1.222999999999999,5.5625,1.3821000000000012,9.762,28.3763125,-240.11116249999992,-0.6124624999999999,6.306025,1.4156124999999995,10.2895,-0.21954676555114824,-0.748726777483164
120.85,23.2,392.642,SSP1-2.6,2021-2040,-41.596000000000004,30.793999999999997,-255.7537000000002,-0.9935999999999972,4.2089,1.6267999999999994,11.222000000000001,31.0433375,-223.78986250000003,-0.6620875000000006,6.026787499999999,1.7595749999999997,11.722999999999999,-0.21954676555114824,-0.6855309971133726
120.85,23.25,389.0688,SSP1-2.6,2021-2040,-36.69749999999999,32.8328,-204.48660000000018,-0.8613,6.4018000000000015,2.1768,12.392,31.806024999999998,-210.0161625,-0.5701875000000007,5.428337499999998,1.9084624999999995,12.340499999999999,-0.21954676555114824,-0.6223352167435812
120.85,23.3,367.6713,SSP1-2.6,2021-2040,-33.05159999999995,32.8972,-229.4946,-0.5116000000000014,6.4820999999999955,1.9588999999999999,13.998,32.4513125,-186.72080000000005,-0.5039500000000015,4.8888374999999975,2.030125,12.73425,-0.21954676555114824,-0.5591394363737897
120.85,23.35,360.5144,SSP1-2.6,2021-2040,-34.62640000000005,32.1824,-174.6567,-0.2925000000000004,5.178600000000003,2.1089,11.958,33.0021125,-166.54421249999996,-0.2874500000000011,4.104449999999998,1.8671874999999998,14.0155,-0.21954676555114824,-0.4959436560039983
120.85,23.4,364.9905,SSP1-2.6,2021-2040,-39.448199999999986,35.5576,-150.4938000000002,-0.08440000000000225,2.7179,2.2429000000000006,16.646,32.702937500000004,-147.35379999999998,-0.1980000000000004,3.7238749999999996,1.7350499999999998,14.02,-0.21954676555114824,-0.43274787563421135
120.85,23.45,354.3272,SSP1-2.6,2021-2040,-41.3263,32.9324,-150.4104000000002,-0.2623999999999995,4.4018000000000015,2.0161,14.866,32.8840875,-145.1704499999999,-0.18615000000000004,3.431025,1.8593875,14.52225,-0.21954676555114824,-0.3695520952644199
120.85,23.5,342.8322,SSP1-2.6,2021-2040,-33.25830000000002,33.67550000000001,-168.67239999999993,-0.357800000000001,4.121400000000001,2.2196,14.877999999999998,33.1779625,-154.08024999999995,-0.29673749999999943,4.0433125,1.9529125000000003,15.17475,-0.21954676555114824,-0.3063563148946285
120.85,23.55,318.4764,SSP1-2.6,2021-2040,-34.14080000000001,36.1737,-195.15470000000005,-0.4190000000000005,4.887499999999996,2.0571,17.706,33.537737500000006,-135.15842499999994,-0.26769999999999916,3.9406375000000002,2.2839375000000004,15.470500000000001,-0.21954676555114824,-0.24316053452483705
120.85,23.6,262.9637,SSP1-2.6,2021-2040,-27.31650000000002,35.4817,-108.62040000000002,0.01630000000000109,4.255400000000002,2.2911,16.936,35.1619125,-109.3966375,-0.1581749999999995,3.6395124999999995,2.6924125,16.622999999999998,-0.21954676555114824,-0.17996475415504562
120.85,23.65,233.8112,SSP1-2.6,2021-2040,-29.324400000000026,36.9807,-74.67279999999982,0.11990000000000123,2.7714,2.8767999999999994,17.268,35.31525,-80.99308750000003,0.04948750000000013,2.734825,2.8767875,16.651,-0.21954676555114824,-0.11676897378525869
120.85,23.7,232.6723,SSP1-2.6,2021-2040,-30.6695,34.8408,-82.16489999999999,0.1789999999999985,0.9875000000000043,2.732100000000001,13.648,36.1055625,-71.37796249999997,0.1450125,2.332137499999999,3.0308124999999997,17.288500000000003,-0.21954676555114824,-0.053573193415467256
120.85,23.75,216.9823,SSP1-2.6,2021-2040,-29.397199999999998,35.6737,-76.12689999999998,0.10249999999999915,-0.17139999999999844,2.9411000000000005,15.826,35.029849999999996,-68.27778749999999,0.2500499999999999,2.5350375000000005,2.75335,16.055,-0.21954676555114824,0.009622586954324176
120.85,23.8,214.1326,SSP1-2.6,2021-2040,-17.65209999999999,33.8505,-58.52870000000007,0.43219999999999814,2.1625000000000014,1.8892999999999986,14.187999999999999,35.04965,-77.12519999999995,0.1506999999999996,2.8013500000000002,2.7863999999999995,15.447,-0.21954676555114824,0.0728183673241156
120.85,23.85,223.7883,SSP1-2.6,2021-2040,-6.542100000000005,35.7312,-101.41999999999985,0.02919999999999945,4.5893000000000015,2.476799999999999,15.542000000000002,33.7772,-75.53567500000003,0.16431249999999942,2.4114000000000004,2.3913124999999997,13.95525,-0.21954676555114824,0.13601414769390704
120.85,23.9,218.0876,SSP1-2.6,2021-2040,-0.11910000000000309,33.42830000000001,-87.88360000000011,-0.08980000000000032,1.4106999999999985,2.1785999999999994,13.911999999999999,34.0711125,-97.56047500000003,0.04426249999999943,1.9966749999999998,2.163175,14.1545,-0.21954676555114824,0.19920992806369398
120.85,23.95,241.0315,SSP1-2.6,2021-2040,-10.300099999999986,34.194100000000006,-114.75740000000019,-0.06550000000000011,1.7179000000000002,1.8946000000000005,14.782,34.2236875,-87.03487500000003,0.1036374999999996,1.8357249999999992,1.8035875,14.50175,-0.21954676555114824,0.26240570843348543
120.85,24.0,223.3904,SSP1-2.6,2021-2040,-5.541500000000013,34.410799999999995,-87.69249999999988,0.279399999999999,3.4945999999999984,1.9303999999999988,15.245999999999999,35.0917125,-93.33111250000002,0.11301249999999952,2.7294875000000003,1.4453124999999998,15.98125,-0.21954676555114824,0.32560148880327683
120.85,24.05,219.5046,SSP1-2.6,2021-2040,1.1513999999999953,36.2976,-89.72489999999993,0.4834999999999994,5.492899999999999,0.8892999999999986,18.002,35.15245,-78.2225125,0.2585499999999996,3.5651875000000013,1.4622749999999998,16.67,-0.21954676555114824,0.3887972691730683
120.85,24.1,219.5583,SSP1-2.6,2021-2040,6.398499999999984,33.3781,-66.82060000000001,0.47039999999999793,5.891100000000002,1.658900000000001,17.056,35.563675,-78.21477499999995,0.3365374999999995,3.199337500000002,1.5234374999999998,17.382,-0.21954676555114824,0.4519930495428597
120.85,24.15,242.29,SSP1-2.6,2021-2040,3.704100000000011,34.872299999999996,-84.83109999999988,0.4842999999999975,4.162500000000001,2.3536,16.87,34.6823625,-56.90942499999997,0.3184250000000004,2.8265625000000014,1.6774375000000001,17.40875,-0.21954676555114824,0.5151888299126467
120.85,24.2,229.9375,SSP1-2.6,2021-2040,-3.0889999999999986,34.4862,-57.12979999999993,0.2909000000000006,2.7017999999999986,2.625,18.154,34.451100000000004,-55.06107499999993,0.2488999999999999,1.6379375000000005,1.7484250000000001,17.8515,-0.21954676555114824,0.578384610282438
120.85,24.25,226.4111,SSP1-2.6,2021-2040,-7.692000000000007,34.5135,-69.0784000000001,0.19979999999999976,1.2946000000000026,2.0196000000000005,19.064,33.9131625,-40.47668749999997,0.2635375,1.1696374999999986,1.4703,18.659750000000003,-0.21954676555114824,0.6415803906522295
120.85,24.3,224.8746,SSP1-2.6,2021-2040,-13.681699999999978,33.48960000000001,-24.15210000000002,0.43120000000000047,-0.9018000000000015,1.0481999999999996,19.97,33.829375,-36.89407499999999,0.39142499999999947,0.5044499999999985,1.2721,19.5085,-0.21954676555114824,0.704776171022021
120.85,24.35,234.397,SSP1-2.6,2021-2040,-7.184899999999999,33.54410000000001,-18.148800000000165,0.5660999999999987,0.7642999999999986,0.6535999999999991,20.662,33.6105625,-34.86813750000002,0.49716249999999995,1.3046749999999987,1.0069249999999998,19.80075,-0.21954676555114824,0.7679719513918124
120.85,24.4,232.7173,SSP1-2.6,2021-2040,-3.405000000000001,33.8537,-25.148300000000063,0.6023999999999994,2.5963999999999956,1.1588999999999992,20.396,33.1820125,-20.76498749999999,0.5473750000000002,2.3307874999999996,0.7966749999999998,19.68475,-0.21954676555114824,0.8311677317615993
120.85,24.45,199.7521,SSP1-2.6,2021-2040,8.206399999999974,33.4018,7.428900000000112,0.4681999999999995,3.194600000000001,0.6393000000000004,19.806,32.776250000000005,-19.17904999999999,0.5803,3.296637499999999,0.6575999999999999,19.567999999999998,-0.21954676555114824,0.8943635121313908
120.85,24.5,193.6135,SSP1-2.6,2021-2040,-6.934499999999986,33.0463,-12.606799999999794,0.40940000000000154,3.998199999999997,0.3268000000000004,19.254,32.0960125,-12.740387499999997,0.4519624999999998,3.4225250000000003,0.25692499999999985,19.411,-0.21954676555114824,0.9575592925011822
120.85,24.55,175.2682,SSP1-2.6,2021-2040,-7.41070000000002,31.04469999999999,-21.317999999999984,0.1783999999999999,4.664300000000004,-0.07860000000000067,18.85,31.960762499999998,-26.024812499999996,0.35063750000000016,3.4312499999999995,-0.1241000000000001,19.139000000000003,-0.21954676555114824,1.0207550728709736
120.85,24.6,177.8317,SSP1-2.6,2021-2040,-16.75060000000002,31.6543,-32.547599999999875,0.2948999999999984,4.439300000000003,-0.4839000000000002,18.902,31.393674999999998,-27.687787499999985,0.22453749999999983,3.4037999999999995,-0.21160000000000023,18.7795,-0.21954676555114824,1.0839508532407651
120.85,24.65,172.7335,SSP1-2.6,2021-2040,-17.200199999999995,30.967499999999994,-12.852899999999863,0.41059999999999874,5.639299999999999,-0.2820999999999998,18.704,31.4915375,-19.939712499999928,0.2551999999999994,3.3933,-0.23436250000000003,18.310250000000003,-0.21954676555114824,1.147146633610552
120.85,24.7,147.7511,SSP1-2.6,2021-2040,-8.826600000000013,31.1772,10.98259999999982,0.28559999999999874,4.4268,0.20179999999999954,17.880000000000003,31.70555,-11.98232499999989,0.2131874999999992,3.0665125,-0.2754249999999998,18.711000000000002,-0.21954676555114824,1.2103424139803434
120.9,22.0,253.4294,SSP1-2.6,2021-2040,-44.378499999999974,39.28960000000001,-165.84080000000017,0.19140000000000157,17.016099999999998,3.1857000000000006,17.212,38.343887499999994,-191.16568750000013,0.12641249999999982,14.955124999999999,3.3388375000000003,17.313499999999998,-0.11385292546989689,-2.2022297259883445
120.9,22.05,241.9081,SSP1-2.6,2021-2040,-33.739000000000004,39.259499999999996,-162.9375,0.3096999999999994,14.408899999999996,2.8679000000000006,18.776,37.685087499999995,-186.74236250000013,0.4393250000000002,14.2444125,3.1877250000000004,17.895249999999997,-0.11385292546989689,-2.139033945618553
120.9,22.1,234.1006,SSP1-2.6,2021-2040,-19.596199999999982,38.122899999999994,-167.8501000000001,0.575800000000001,16.3339,3.0929,18.445999999999998,37.39895,-181.07002500000002,0.6435124999999999,13.834362499999997,3.1006750000000003,17.741750000000003,-0.11385292546989689,-2.0758381652487614
120.9,22.15,234.4953,SSP1-2.6,2021-2040,-13.105899999999991,38.3023,-178.69920000000002,0.8079000000000001,14.8643,2.653600000000001,18.252000000000002,36.1143125,-151.32356250000004,0.8445625000000003,12.986374999999999,3.1149625,17.296,-0.11385292546989689,-2.0126423848789745
120.9,22.2,248.2464,SSP1-2.6,2021-2040,-19.55619999999999,36.814899999999994,-155.30249999999978,1.0214999999999996,13.521399999999996,3.0535999999999994,16.974000000000004,34.9880625,-124.2295125,0.9084625000000002,13.798437499999999,3.128125,16.33125,-0.11385292546989689,-1.9494466045091832
120.9,22.25,245.4047,SSP1-2.6,2021-2040,-17.828099999999978,35.4501,-102.65120000000024,1.0452000000000012,13.039299999999997,2.830399999999999,16.488,34.5234625,-102.85877499999992,0.7977374999999998,13.062725,3.3644999999999996,15.968,-0.11385292546989689,-1.8862508241393918
120.9,22.3,252.972,SSP1-2.6,2021-2040,-24.5419,36.0416,-106.86079999999993,0.6677999999999997,14.723199999999999,2.7249999999999996,17.247999999999998,33.789412500000005,-68.74008749999996,0.6622125000000008,12.792837500000001,3.4194249999999995,15.643,-0.11385292546989689,-1.8230550437696005
120.9,22.35,261.906,SSP1-2.6,2021-2040,-18.066000000000003,36.0152,-46.69920000000002,-0.37079999999999913,11.037499999999998,3.9589,16.875999999999998,32.7613125,-48.8228749999999,0.6135625000000009,12.408025,3.2475499999999995,15.122,-0.11385292546989689,-1.759859263399809
120.9,22.4,260.687,SSP1-2.6,2021-2040,-25.603200000000015,32.5964,-33.53890000000001,0.04630000000000223,12.671400000000002,3.5036000000000005,15.006,32.5400875,-35.470099999999945,0.48298750000000057,12.05535,3.3493374999999994,15.017499999999998,-0.11385292546989689,-1.696663483030022
120.9,22.45,272.293,SSP1-2.6,2021-2040,-30.24350000000001,31.0854,-54.20559999999978,0.44920000000000115,13.478600000000004,3.271399999999999,14.424,31.579362500000002,-21.86621249999996,0.4111125000000002,11.695975,3.3841625,14.343499999999999,-0.11385292546989689,-1.6334677026602307
120.9,22.5,250.163,SSP1-2.6,2021-2040,-23.4563,30.008000000000003,-29.49500000000012,0.7139999999999986,13.5946,3.2142999999999997,13.77,30.5199,-33.41517499999995,0.3682625000000006,11.918750000000001,3.03505,13.86425,-0.11385292546989689,-1.570271922290439
120.9,22.55,262.9983,SSP1-2.6,2021-2040,-34.04329999999996,29.264900000000004,-62.54600000000005,-0.07590000000000074,11.819600000000001,2.778599999999999,13.132,29.984962499999998,-51.46189999999996,0.2594375000000002,11.256475000000002,3.0259,13.60725,-0.11385292546989689,-1.5070761419206478
120.9,22.6,319.0565,SSP1-2.6,2021-2040,-48.73830000000004,30.14079999999999,-115.3485999999998,-0.11100000000000065,7.7393,2.7536000000000005,13.74,29.2617375,-99.03328749999991,-0.06374999999999886,9.988612500000002,2.9769999999999994,12.57,-0.11385292546989689,-1.4438803615508562
120.9,22.65,370.8145,SSP1-2.6,2021-2040,-58.59480000000002,30.3251,-192.18780000000015,-0.1847999999999992,7.8232,2.7714,12.9,28.229549999999996,-139.7564499999998,-0.31152499999999916,8.198875000000001,3.08125,11.874500000000001,-0.11385292546989689,-1.3806845811810693
120.9,22.7,378.5575,SSP1-2.6,2021-2040,-58.79290000000003,25.969199999999994,-212.74689999999964,-0.6407999999999987,7.1446000000000005,2.7142999999999997,12.212000000000002,27.42035,-160.82508749999994,-0.3907874999999992,7.5091375,2.9647249999999996,11.1755,-0.11385292546989689,-1.317488800811278
120.9,22.75,333.0307,SSP1-2.6,2021-2040,-49.48970000000003,23.651100000000007,-164.11360000000013,-0.4452999999999996,7.882100000000001,2.476799999999999,10.652000000000001,26.459712500000002,-152.91582499999996,-0.40328749999999935,7.611375,2.8359375,10.386500000000002,-0.11385292546989689,-1.2542930204414864
120.9,22.8,290.6291,SSP1-2.6,2021-2040,-36.140799999999984,22.876600000000003,-132.15250000000015,-0.41529999999999845,10.653600000000004,2.4071,7.096,26.239037500000002,-132.39765,-0.1875874999999998,8.1051375,2.6281375,10.044500000000001,-0.11385292546989689,-1.191097240071695
120.9,22.85,268.2432,SSP1-2.6,2021-2040,-32.46289999999999,25.9865,-113.45839999999998,-0.03429999999999822,11.003599999999999,2.0660999999999987,8.802,25.238400000000002,-105.90776249999999,-0.04471249999999971,8.6225625,2.5845875,8.715,-0.11385292546989689,-1.1279014597019037
120.9,22.9,250.9295,SSP1-2.6,2021-2040,-32.83949999999999,24.117000000000004,-71.92489999999998,-0.012199999999999989,10.214300000000001,2.4464000000000006,8.128,25.07445,-65.37912499999996,0.2253750000000001,8.446000000000002,2.2991,8.0945,-0.11385292546989689,-1.0647056793321166
120.9,22.95,233.7078,SSP1-2.6,2021-2040,-31.149100000000004,26.811700000000002,-5.163000000000011,0.42709999999999937,8.241099999999996,2.0482000000000014,8.958000000000002,23.010025,-28.389062499999966,0.37041250000000003,8.238175000000002,2.1647125,6.6545000000000005,-0.11385292546989689,-1.0015098989623252
120.9,23.0,235.3136,SSP1-2.6,2021-2040,-28.19240000000002,23.182499999999997,11.429700000000139,0.5974000000000004,8.901800000000001,1.6570999999999998,6.151999999999999,21.755537499999996,-21.515599999999978,0.3802624999999993,7.812275,2.0078,5.862,-0.11385292546989689,-0.9383141185925338
120.9,23.05,255.1994,SSP1-2.6,2021-2040,-20.56280000000001,20.088700000000003,-26.22699999999986,0.28699999999999903,8.294600000000003,1.9749999999999996,5.41,22.176787499999996,-56.06839999999994,0.2062874999999993,7.1897375,1.8707374999999997,6.07925,-0.11385292546989689,-0.8751183382227424
120.9,23.1,298.448,SSP1-2.6,2021-2040,-18.83389999999997,22.9747,-67.89849999999979,0.13860000000000028,5.582099999999997,1.5588999999999995,6.515999999999998,24.39365,-105.93709999999999,-0.11643750000000086,6.0209875,1.74395,7.3915,-0.11385292546989689,-0.811922557852951
120.9,23.15,343.7647,SSP1-2.6,2021-2040,-23.3288,28.470800000000004,-117.86869999999999,-0.26610000000000156,3.8339,1.4231999999999996,9.849999999999998,27.452137500000003,-139.1539875,-0.31137499999999996,4.556925,1.6986374999999998,8.81,-0.11385292546989689,-0.748726777483164
120.9,23.2,362.8426,SSP1-2.6,2021-2040,-37.28960000000001,29.291500000000006,-180.62959999999975,-0.6565000000000012,2.9410999999999987,1.2570999999999994,10.334,29.982925,-155.96133750000013,-0.4983624999999998,4.3613875,1.8404,10.556000000000001,-0.11385292546989689,-0.6855309971133726
120.9,23.25,397.2404,SSP1-2.6,2021-2040,-46.73140000000001,29.639100000000006,-262.12350000000015,-1.3747000000000007,4.053599999999999,2.4856999999999996,11.008,31.5067,-153.16095000000007,-0.4427000000000003,3.9727624999999986,1.9198624999999998,11.616499999999998,-0.11385292546989689,-0.6223352167435812
120.9,23.3,385.0652,SSP1-2.6,2021-2040,-33.24540000000002,32.70909999999999,-185.71140000000014,-0.8592000000000013,2.7356999999999942,2.2821,12.175999999999998,31.5108875,-152.72985000000006,-0.4608375000000011,4.349774999999999,2.0138375,12.0265,-0.11385292546989689,-0.5591394363737897
120.9,23.35,351.4799,SSP1-2.6,2021-2040,-30.751899999999978,32.4425,-134.7757999999999,-0.5294000000000025,4.049999999999997,1.4482,11.873999999999999,31.731962499999998,-135.61235000000005,-0.29977500000000123,3.697312499999999,2.15915,12.872250000000001,-0.11385292546989689,-0.4959436560039983
120.9,23.4,338.5996,SSP1-2.6,2021-2040,-27.79309999999998,29.637900000000002,-112.97749999999996,-0.06550000000000011,4.069600000000001,1.6374999999999993,12.298000000000002,30.908025000000002,-122.82140000000004,-0.2641625000000012,3.5397374999999993,2.0736750000000006,13.17875,-0.11385292546989689,-0.43274787563421135
120.9,23.45,336.646,SSP1-2.6,2021-2040,-27.765300000000025,31.958099999999995,-137.74659999999994,-0.04680000000000106,3.6875,1.762500000000001,13.258,30.5698875,-118.28159999999997,-0.26003750000000014,3.0801374999999993,2.0241249999999997,13.92975,-0.11385292546989689,-0.3695520952644199
120.9,23.5,305.2153,SSP1-2.6,2021-2040,-31.783900000000017,31.684000000000005,-159.98189999999977,-0.33449999999999847,4.378599999999999,1.2678999999999991,13.626,31.944162500000004,-122.34414999999993,-0.28273749999999964,3.2935374999999993,2.167625,14.99075,-0.11385292546989689,-0.3063563148946285
120.9,23.55,255.8611,SSP1-2.6,2021-2040,-26.085800000000006,34.9056,-124.37479999999982,-0.30109999999999815,5.117900000000006,2.2339,17.392,33.041237499999994,-122.54813749999994,-0.25161249999999935,3.683937499999999,2.140175,15.287500000000001,-0.11385292546989689,-0.24316053452483705
120.9,23.6,253.6143,SSP1-2.6,2021-2040,-33.04069999999999,37.3312,-101.73310000000015,-0.20899999999999963,4.412499999999994,2.3499999999999996,17.096,34.23655,-106.37389999999994,-0.11243749999999952,4.057375000000001,2.4312500000000004,16.154500000000002,-0.11385292546989689,-0.17996475415504562
120.9,23.65,254.9225,SSP1-2.6,2021-2040,-33.93700000000001,37.9409,-59.48739999999998,0.04949999999999832,5.078600000000002,3.189300000000001,17.17,33.4846875,-87.53481249999999,0.07283750000000033,3.1540125000000003,2.3495500000000002,15.7615,-0.11385292546989689,-0.11676897378525869
120.9,23.7,251.597,SSP1-2.6,2021-2040,-35.771000000000015,35.4979,-58.9511,0.18980000000000175,3.457099999999997,2.6571,18.878,34.843825,-83.97229999999993,0.11453749999999951,2.7058125000000004,2.5424125000000006,16.20075,-0.11385292546989689,-0.053573193415467256
120.9,23.75,241.5842,SSP1-2.6,2021-2040,-33.14960000000002,37.245599999999996,-119.17039999999997,-0.03160000000000096,3.998199999999997,2.8268000000000004,17.858,34.577,-80.49287499999997,0.14458749999999965,2.726350000000001,2.29575,15.68075,-0.11385292546989689,0.009622586954324176
120.9,23.8,228.4438,SSP1-2.6,2021-2040,-19.57390000000001,34.586099999999995,-70.73659999999995,0.04449999999999932,4.300000000000004,1.8803999999999998,13.628,35.702312500000005,-109.00883749999997,-0.04638750000000025,3.5618500000000006,2.2354999999999996,15.932500000000001,-0.11385292546989689,0.0728183673241156
120.9,23.85,228.7538,SSP1-2.6,2021-2040,-2.955600000000004,32.551,-112.99959999999987,-0.33190000000000097,3.7161000000000044,2.3428999999999984,12.396,34.4769625,-97.0899875,-0.009712500000000457,3.3792500000000008,1.8609499999999994,14.25375,-0.11385292546989689,0.13601414769390704
120.9,23.9,212.2855,SSP1-2.6,2021-2040,2.299999999999983,31.704899999999995,-27.72750000000019,0.3258999999999972,0.19109999999999872,1.4268,11.728,33.88628750000001,-102.7036875,-0.08358750000000015,3.2629625000000004,1.7430874999999995,13.939,-0.11385292546989689,0.19920992806369398
120.9,23.95,225.6764,SSP1-2.6,2021-2040,-3.7249999999999943,32.22690000000001,-37.18820000000005,0.16890000000000072,0.41610000000000014,1.1089000000000002,12.626000000000001,33.2595375,-75.02678750000004,0.058299999999998686,2.846424999999999,1.6404124999999998,13.936250000000001,-0.11385292546989689,0.26240570843348543
120.9,24.0,219.0071,SSP1-2.6,2021-2040,-10.404600000000016,33.4814,-66.13350000000014,-0.0406000000000013,3.9517999999999986,0.8696000000000002,14.34,34.2168,-68.834225,0.10821249999999871,3.1752249999999993,1.4024624999999997,15.18525,-0.11385292546989689,0.32560148880327683
120.9,24.05,219.5285,SSP1-2.6,2021-2040,-6.2520000000000095,35.4595,-88.18329999999992,-0.24900000000000233,4.2768000000000015,0.6124999999999989,16.464000000000002,34.1817875,-62.26065000000003,0.27694999999999936,4.219412499999999,1.362275,15.736,-0.11385292546989689,0.3887972691730683
120.9,24.1,217.7921,SSP1-2.6,2021-2040,7.152999999999992,34.91870000000001,-78.62540000000013,0.3968000000000025,5.507100000000001,1.2195999999999998,16.32,34.147062500000004,-68.81321249999993,0.34228749999999897,4.151125,1.4542374999999998,15.918500000000002,-0.11385292546989689,0.4519930495428597
120.9,24.15,240.1689,SSP1-2.6,2021-2040,2.8706999999999994,34.445800000000006,-89.7692999999997,0.40719999999999956,3.819600000000001,1.908900000000001,16.29,33.244825,-53.84137499999997,0.4593625000000001,3.652025,1.6385999999999998,15.64875,-0.11385292546989689,0.5151888299126467
120.9,24.2,251.3502,SSP1-2.6,2021-2040,-9.840699999999998,32.471199999999996,-1.1313000000000102,0.39639999999999986,1.7642999999999986,1.2838999999999992,15.512,32.7699625,-63.6506499999999,0.43283749999999976,2.3520125000000007,1.929225,15.7175,-0.11385292546989689,0.578384610282438
120.9,24.25,255.4906,SSP1-2.6,2021-2040,-7.020900000000012,33.381,-42.78319999999985,0.3247,0.23930000000000007,2.125,16.524,32.414975,-54.462500000000006,0.44084999999999974,1.0749999999999993,1.5200624999999999,16.413249999999998,-0.11385292546989689,0.6415803906522295
120.9,24.3,263.9308,SSP1-2.6,2021-2040,-9.610799999999983,34.2875,-65.73869999999988,0.609099999999998,-0.4018000000000015,1.2589000000000006,18.634,32.072950000000006,-53.754987500000055,0.41661249999999983,0.3676249999999994,1.4102625,17.2125,-0.11385292546989689,0.704776171022021
120.9,24.35,270.9366,SSP1-2.6,2021-2040,-12.633600000000001,32.5878,-55.085399999999936,0.5928000000000004,-0.24110000000000298,1.3679000000000006,18.48,32.25945,-57.589587500000135,0.4206624999999993,1.3109374999999988,1.1859250000000001,18.1025,-0.11385292546989689,0.7679719513918124
120.9,24.4,263.7339,SSP1-2.6,2021-2040,-9.69810000000001,32.794599999999996,-82.50730000000021,0.38840000000000074,3.7143000000000015,1.5500000000000007,18.694,31.997112500000004,-41.76505000000003,0.40174999999999983,2.336812499999998,1.0310375,18.3275,-0.11385292546989689,0.8311677317615993
120.9,24.45,234.5316,SSP1-2.6,2021-2040,-1.7754999999999939,32.692699999999995,-22.55419999999981,0.47080000000000055,4.5946,0.8178999999999998,19.572,31.8439125,-56.55788750000008,0.3206625000000001,3.597087499999998,0.9185250000000003,18.455750000000002,-0.11385292546989689,0.8943635121313908
120.9,24.5,247.5951,SSP1-2.6,2021-2040,-13.233800000000002,32.205499999999994,-66.64319999999998,0.32479999999999976,4.182099999999998,0.585700000000001,20.479999999999997,31.9039875,-55.15758749999998,0.22561250000000044,3.557362499999999,0.3448749999999997,18.8345,-0.11385292546989689,0.9575592925011822
120.9,24.55,236.4759,SSP1-2.6,2021-2040,-26.165999999999997,32.3746,-91.02370000000019,-0.013999999999999346,4.441099999999999,-0.5036000000000005,19.928,31.503475,-68.55461249999993,0.19412499999999966,3.2321500000000007,0.09844999999999982,18.94775,-0.11385292546989689,1.0207550728709736
120.9,24.6,207.7669,SSP1-2.6,2021-2040,-23.394000000000005,31.675900000000006,-82.92719999999986,0.06569999999999965,2.730400000000003,-0.07140000000000057,18.3,31.192049999999995,-58.58911249999991,0.18597499999999956,3.4988875000000013,-0.23592500000000027,18.92875,-0.11385292546989689,1.0839508532407651
120.9,24.65,186.1524,SSP1-2.6,2021-2040,-18.78710000000001,30.568299999999994,-55.00579999999991,0.21340000000000003,2.7089,0.1875,18.304000000000002,31.3387,-32.984599999999915,0.2091374999999993,3.685712500000002,-0.29818750000000005,18.524,-0.11385292546989689,1.147146633610552
120.9,24.7,162.078,SSP1-2.6,2021-2040,-12.842800000000011,31.716100000000004,-16.831399999999803,0.2528000000000006,4.457100000000004,-1.0695999999999994,17.38,31.604149999999997,-14.769924999999944,0.15238749999999968,1.4671874999999996,-0.2519874999999999,18.853749999999998,-0.11385292546989689,1.2103424139803434
120.9,24.75,129.2189,SSP1-2.6,2021-2040,-2.4011999999999887,32.92210000000001,-10.074599999999919,-0.28969999999999985,1.6178999999999988,-0.4821,19.724,31.9711125,-2.430575000000033,0.14273749999999974,1.5352625000000009,-0.36963749999999984,18.7095,-0.11385292546989689,1.273538194350135
120.9,24.8,125.7672,SSP1-2.6,2021-2040,-0.9313999999999965,31.881700000000002,0.26720000000000255,-0.008300000000001972,4.123199999999997,-0.3606999999999996,18.518,32.0463625,-7.6517749999999864,0.07018750000000007,1.396650000000001,-0.45557499999999984,18.884,-0.11385292546989689,1.3367339747199263
120.9,24.85,123.3388,SSP1-2.6,2021-2040,0.4679000000000002,31.86,7.946999999999889,0.13039999999999807,2.430399999999999,-0.8178999999999998,19.652,31.5562375,-5.5620250000000055,0.05867499999999981,4.0917625000000015,-0.33437499999999976,18.612250000000003,-0.11385292546989689,1.3999297550897176
120.95,22.45,244.9499,SSP1-2.6,2021-2040,-26.700200000000024,34.82939999999999,-85.10400000000004,-0.11499999999999844,10.9607,2.9910999999999994,16.006,32.0237625,-41.13514999999995,0.24276250000000088,12.023425000000001,3.1881625,14.8645,-0.008159085388675564,-1.6334677026602307
120.95,22.5,240.3232,SSP1-2.6,2021-2040,-26.28800000000001,31.4683,-82.97810000000004,0.08869999999999933,11.708899999999996,3.2339,15.116,31.291675,-55.91581249999996,0.1725750000000006,11.819187500000002,2.9680874999999998,14.393749999999999,-0.008159085388675564,-1.570271922290439
120.95,22.55,251.542,SSP1-2.6,2021-2040,-33.02789999999999,31.842,-75.19839999999999,-0.16759999999999664,11.025000000000002,2.6213999999999995,15.712,31.227249999999998,-95.97132499999992,-0.04636249999999986,10.410025000000001,2.9352625000000003,14.18375,-0.008159085388675564,-1.5070761419206478
120.95,22.6,286.5512,SSP1-2.6,2021-2040,-43.77339999999998,31.751799999999996,-127.41869999999972,-0.3981999999999992,9.637500000000003,3.4911000000000003,15.228,31.301299999999998,-105.83572499999997,-0.14727499999999916,9.5711875,2.7247625,14.159749999999999,-0.008159085388675564,-1.4438803615508562
120.95,22.65,375.6943,SSP1-2.6,2021-2040,-62.6293,29.437000000000005,-239.41529999999966,-0.6465999999999994,6.732099999999999,3.4571000000000005,12.121999999999998,30.568862499999994,-124.99583749999991,-0.2368374999999996,8.4781125,2.9513375,14.004750000000001,-0.008159085388675564,-1.3806845811810693
120.95,22.7,384.2909,SSP1-2.6,2021-2040,-60.97320000000002,29.111699999999992,-206.64449999999988,-0.6481999999999992,5.608899999999998,3.3857,11.616,29.172525,-136.98218749999992,-0.2375749999999992,8.2305625,2.9683,13.322750000000001,-0.008159085388675564,-1.317488800811278
120.95,22.75,337.9073,SSP1-2.6,2021-2040,-59.87180000000001,29.135400000000004,-154.31269999999995,-0.21259999999999835,7.2804,2.8536,13.006,27.636125,-123.79023749999996,-0.08216249999999947,8.326775,2.8810124999999998,11.74775,-0.008159085388675564,-1.2542930204414864
120.95,22.8,285.5942,SSP1-2.6,2021-2040,-43.887400000000014,24.929600000000008,-113.81709999999998,0.42220000000000013,7.846399999999996,2.5214,8.27,28.250162500000002,-105.86566250000001,0.2816750000000008,9.031712500000001,2.54375,11.55325,-0.008159085388675564,-1.191097240071695
120.95,22.85,255.1593,SSP1-2.6,2021-2040,-32.75040000000001,30.047800000000002,-87.36390000000006,0.8358999999999988,9.5304,2.1875,11.564,27.481650000000002,-73.0943,0.7272750000000001,9.0348375,2.3993124999999997,10.319749999999999,-0.008159085388675564,-1.1279014597019037
120.95,22.9,236.5576,SSP1-2.6,2021-2040,-22.027000000000015,29.1453,-27.52539999999999,1.2804000000000002,9.255400000000002,2.1714,11.046,26.7043,-9.07318749999996,1.2196749999999996,8.20225,2.2671875000000004,9.169,-0.008159085388675564,-1.0647056793321166
120.95,22.95,234.3535,SSP1-2.6,2021-2040,-2.9299000000000035,22.340799999999994,92.30320000000006,1.8978000000000002,6.664299999999997,1.8713999999999995,4.936,25.0111,50.529037500000044,1.4783374999999994,7.598675,2.27945,8.037749999999999,-0.008159085388675564,-1.0015098989623252
120.95,23.0,232.8915,SSP1-2.6,2021-2040,9.2183,20.5867,142.15380000000005,1.972999999999999,8.714299999999998,2.3088999999999995,5.578000000000001,22.7035625,76.93048750000005,1.4288499999999997,6.76875,2.0544625,6.1475,-0.008159085388675564,-0.9383141185925338
120.95,23.05,232.9709,SSP1-2.6,2021-2040,0.7855000000000132,20.568399999999997,91.72739999999999,1.2546,6.887499999999996,1.9268,5.386000000000001,22.9236875,60.105262500000094,1.1223249999999996,6.241512500000001,2.0490874999999997,6.238499999999999,-0.008159085388675564,-0.8751183382227424
120.95,23.1,247.647,SSP1-2.6,2021-2040,-4.887900000000002,25.119000000000007,49.47340000000008,0.8138999999999967,4.337499999999999,2.294599999999999,6.5440000000000005,24.4222875,17.560100000000034,0.6637749999999998,5.2256624999999985,1.9723125,7.208749999999999,-0.008159085388675564,-0.811922557852951
120.95,23.15,269.5686,SSP1-2.6,2021-2040,-13.24090000000001,27.2628,5.671699999999873,0.4360999999999997,3.1036,1.7088999999999999,8.952,27.502049999999997,-21.141337499999963,0.40314999999999923,4.023437499999998,2.1218624999999998,8.501499999999998,-0.008159085388675564,-0.748726777483164
120.95,23.2,300.2097,SSP1-2.6,2021-2040,-25.72980000000001,31.067999999999998,-33.86160000000018,0.2193000000000005,3.3643,2.4518000000000004,9.584,29.0778125,-69.19602500000005,0.149824999999999,3.8375124999999994,2.0531249999999996,10.215,-0.008159085388675564,-0.6855309971133726
120.95,23.25,344.9796,SSP1-2.6,2021-2040,-37.21949999999998,30.317600000000006,-70.14890000000014,0.07639999999999958,4.362500000000001,1.4679000000000002,11.678,30.086025,-95.21212500000007,-0.00188750000000093,3.3247874999999993,2.2571375,10.974999999999998,-0.008159085388675564,-0.6223352167435812
120.95,23.3,332.6699,SSP1-2.6,2021-2040,-35.281499999999994,32.14339999999999,-65.20119999999997,0.044899999999998386,1.2856999999999985,2.1374999999999993,11.548,29.3226625,-110.06961250000009,-0.18552500000000105,3.9430875,2.0475499999999998,11.6885,-0.008159085388675564,-0.5591394363737897
120.95,23.35,294.6614,SSP1-2.6,2021-2040,-32.634600000000034,29.6321,-80.95150000000012,-0.23850000000000193,2.9838999999999984,2.3268000000000004,11.756,28.987537499999995,-94.05776250000002,-0.1965375000000007,3.7647249999999994,1.8939749999999997,11.9525,-0.008159085388675564,-0.4959436560039983
120.95,23.4,277.6213,SSP1-2.6,2021-2040,-28.63070000000002,29.096000000000004,-85.41210000000001,-0.39140000000000086,4.125,2.5786,12.597999999999999,27.8453125,-83.64328749999999,-0.17312500000000064,3.420074999999999,1.7531375000000002,12.111,-0.008159085388675564,-0.43274787563421135
120.95,23.45,284.7185,SSP1-2.6,2021-2040,-22.635699999999986,23.463100000000004,-68.12429999999995,-0.2679000000000009,1.1731999999999942,2.1054000000000013,12.474000000000002,28.74645,-79.58536249999995,-0.1927749999999997,2.7528999999999986,1.8395249999999999,12.631499999999999,-0.008159085388675564,-0.3695520952644199
120.95,23.5,293.0801,SSP1-2.6,2021-2040,-21.318900000000042,28.5126,-50.180399999999736,-0.316399999999998,-0.3464000000000027,2.125,14.052,29.9718,-83.46484999999993,-0.2158749999999996,2.7935374999999985,2.1270249999999997,13.6055,-0.008159085388675564,-0.3063563148946285
120.95,23.55,264.764,SSP1-2.6,2021-2040,-21.89960000000002,33.932300000000005,-84.08959999999979,-0.290499999999998,3.305399999999999,2.8214000000000006,15.3,31.4266,-87.36757499999999,-0.21664999999999957,3.2479999999999993,2.102474999999999,14.61275,-0.008159085388675564,-0.24316053452483705
120.95,23.6,284.1808,SSP1-2.6,2021-2040,-33.56099999999998,27.53889999999999,-111.95260000000007,-0.10200000000000031,4.457100000000004,1.9893,12.706,34.32425,-85.0087125,-0.1306499999999997,3.7658625,2.4055875,16.13625,-0.008159085388675564,-0.17996475415504562
120.95,23.65,282.0884,SSP1-2.6,2021-2040,-42.28869999999998,30.9386,-92.63889999999992,0.02740000000000009,2.5857000000000028,1.9911000000000012,14.758000000000001,34.1271875,-81.16512500000007,0.03881250000000014,3.794862499999999,2.175225,16.5835,-0.008159085388675564,-0.11676897378525869
120.95,23.7,267.0414,SSP1-2.6,2021-2040,-42.62380000000002,29.267700000000005,-69.54469999999992,0.36129999999999995,2.305399999999999,1.908900000000001,14.802,35.4480625,-86.25436249999998,0.05596250000000014,3.9761124999999993,2.2080375000000005,17.634999999999998,-0.008159085388675564,-0.053573193415467256
120.95,23.75,234.9577,SSP1-2.6,2021-2040,-33.78309999999999,35.8626,-97.97239999999988,0.10829999999999984,4.091099999999997,1.8732000000000006,18.276,34.9448375,-99.18459999999996,0.01045000000000007,4.646199999999999,2.1303500000000004,16.82375,-0.008159085388675564,0.009622586954324176
120.95,23.8,217.9916,SSP1-2.6,2021-2040,-18.52430000000001,37.0367,-129.91769999999997,-0.26089999999999947,4.678600000000003,2.4839,16.200000000000003,35.0682125,-137.49777499999993,-0.2029749999999999,5.01585,1.9756749999999998,16.424,-0.008159085388675564,0.0728183673241156
120.95,23.85,229.2761,SSP1-2.6,2021-2040,-8.352000000000004,37.667199999999994,-175.93500000000017,-0.41889999999999716,5.430399999999999,1.049999999999999,17.174,33.499174999999994,-138.6261624999999,-0.2116750000000005,4.616300000000002,1.8508999999999998,14.1865,-0.008159085388675564,0.13601414769390704
120.95,23.9,196.9245,SSP1-2.6,2021-2040,1.688600000000008,31.810800000000008,-124.57079999999974,-0.1399000000000008,4.2714,1.5017999999999994,11.658,33.3243875,-126.52022500000001,-0.12462500000000043,4.123900000000001,1.5100499999999994,14.11325,-0.008159085388675564,0.19920992806369398
120.95,23.95,185.3342,SSP1-2.6,2021-2040,4.512299999999982,33.4808,-66.87490000000003,0.17919999999999803,4.5518,1.3910999999999998,13.422,32.8100625,-80.0377,0.06593749999999865,3.9779,1.4819125,13.875250000000001,-0.008159085388675564,0.26240570843348543
120.95,24.0,189.1248,SSP1-2.6,2021-2040,-0.13589999999999236,33.565200000000004,-24.574100000000044,0.01769999999999783,3.1820999999999984,1.9304000000000006,16.402,33.726725,-56.197524999999985,0.14918749999999825,3.9596,1.402,14.56075,-0.008159085388675564,0.32560148880327683
120.95,24.05,208.9561,SSP1-2.6,2021-2040,6.00830000000002,34.09949999999999,-41.678499999999985,0.051499999999997215,2.269599999999997,1.4625000000000004,14.538000000000002,33.963525000000004,-36.60902500000003,0.3178124999999996,4.1537875,1.4104875,15.5545,-0.008159085388675564,0.3887972691730683
120.95,24.1,221.9666,SSP1-2.6,2021-2040,16.347499999999997,33.303000000000004,-42.83570000000009,0.5569000000000024,3.9660999999999973,0.9375,13.984000000000002,33.26195,-36.97981249999995,0.4283249999999996,4.066962500000001,1.47165,15.182500000000001,-0.008159085388675564,0.4519930495428597
120.95,24.15,244.2324,SSP1-2.6,2021-2040,10.274000000000001,31.320700000000002,-46.66229999999996,0.5335000000000001,3.3304000000000045,1.8106999999999989,14.144000000000002,32.433975000000004,-28.892375000000015,0.547412500000001,3.8223249999999984,1.4261,14.459,-0.008159085388675564,0.5151888299126467
120.95,24.2,259.8112,SSP1-2.6,2021-2040,9.241000000000042,31.208400000000005,-52.69479999999976,0.5457000000000001,1.8928999999999974,1.2195999999999998,13.149999999999999,30.617175,-37.90573749999996,0.5076874999999998,3.3515749999999995,1.5555625,13.540000000000001,-0.008159085388675564,0.578384610282438
120.95,24.25,269.7017,SSP1-2.6,2021-2040,4.735500000000002,27.931799999999996,-66.25630000000001,0.6766000000000005,1.375,1.3713999999999995,11.544,30.607387499999998,-54.160562500000026,0.4177999999999993,2.435274999999999,1.4086874999999999,14.01375,-0.008159085388675564,0.6415803906522295
120.95,24.3,302.1375,SSP1-2.6,2021-2040,-10.302700000000016,30.931600000000003,-99.51860000000033,0.37709999999999866,0.875,1.3338999999999999,15.278,29.7733875,-65.60172499999999,0.3976624999999996,1.5022249999999993,1.2959750000000003,14.184000000000001,-0.008159085388675564,0.704776171022021
120.95,24.35,321.8954,SSP1-2.6,2021-2040,-25.831099999999992,30.2042,-55.01710000000003,0.16460000000000008,-0.4643000000000015,1.3625000000000007,16.177999999999997,30.1255375,-82.02321250000011,0.2724624999999996,2.125,1.2332500000000006,15.27875,-0.008159085388675564,0.7679719513918124
120.95,24.4,287.059,SSP1-2.6,2021-2040,-13.764100000000042,28.97030000000001,-90.48580000000038,0.22639999999999816,4.305399999999999,1.1214000000000013,15.008000000000001,30.037699999999997,-65.56895,0.1399000000000008,2.094412499999999,1.1937500000000005,15.8625,-0.008159085388675564,0.8311677317615993
120.95,24.45,301.5276,SSP1-2.6,2021-2040,-10.124099999999999,30.722299999999997,-75.10969999999998,0.12270000000000181,3.944599999999994,1.1267999999999994,16.518,29.48425,-82.62968750000007,0.08592500000000003,3.7136249999999995,0.9982125000000006,16.125500000000002,-0.008159085388675564,0.8943635121313908
120.95,24.5,291.8077,SSP1-2.6,2021-2040,-12.964699999999993,29.756800000000005,-107.39090000000033,0.022999999999999687,2.8410999999999973,0.8392999999999997,17.490000000000002,30.1471125,-95.03299999999999,0.08498750000000044,3.9386124999999987,0.47701250000000006,17.064249999999998,-0.008159085388675564,0.9575592925011822
120.95,24.55,261.5396,SSP1-2.6,2021-2040,-31.296600000000012,32.192699999999995,-118.68629999999985,0.14639999999999986,0.7804000000000002,-0.40890000000000093,19.258,30.368212500000002,-109.04363750000002,0.038274999999999615,4.2558,0.2301375000000001,17.90925,-0.008159085388675564,1.0207550728709736
120.95,24.6,233.6375,SSP1-2.6,2021-2040,-27.743799999999993,30.4516,-106.3168999999998,0.1103999999999985,2.2214000000000027,0.07859999999999978,19.048,31.1442375,-85.09986249999997,0.07557500000000017,3.6160750000000013,-0.10335000000000027,18.722500000000004,-0.008159085388675564,1.0839508532407651
120.95,24.65,207.5133,SSP1-2.6,2021-2040,-22.00619999999998,30.2827,-30.961699999999837,0.1477000000000004,3.0964000000000027,-0.39639999999999986,18.436,31.506975,-50.00916249999992,0.11978749999999971,3.3339250000000016,-0.23325000000000007,18.8095,-0.008159085388675564,1.147146633610552
120.95,24.7,171.6327,SSP1-2.6,2021-2040,-11.979299999999995,32.7843,7.578299999999899,0.1053999999999995,2.4750000000000014,-0.3624999999999998,19.542,31.639000000000003,-23.17491249999992,0.1449875000000005,1.0772250000000012,-0.36450000000000005,18.83275,-0.008159085388675564,1.2103424139803434
120.95,24.75,131.9503,SSP1-2.6,2021-2040,0.9696999999999889,32.09830000000001,-15.326599999999871,0.126100000000001,-11.5929,-0.11069999999999958,18.973999999999997,32.247975,-6.311212499999982,0.08327499999999977,3.1546875000000005,-0.4935124999999998,18.8645,-0.008159085388675564,1.273538194350135
120.95,24.8,131.9864,SSP1-2.6,2021-2040,0.839100000000002,31.8294,3.989599999999882,-0.03939999999999877,4.241100000000003,-0.20709999999999962,18.274,32.0278875,-8.925775000000016,0.056012499999999577,1.466075,-0.3602749999999999,19.056,-0.008159085388675564,1.3367339747199263
120.95,24.85,128.2105,SSP1-2.6,2021-2040,-0.43309999999999604,31.1276,-7.998100000000022,-0.04410000000000025,5.0625,-0.2625000000000002,18.856,31.399375,-5.143587500000024,0.1535124999999995,4.011625000000001,-0.4450999999999997,18.54275,-0.008159085388675564,1.3999297550897176
120.95,24.9,128.708,SSP1-2.6,2021-2040,1.867999999999995,30.553200000000004,19.13440000000014,0.48659999999999926,1.992900000000006,-0.4410999999999996,18.456,30.796187500000002,-7.791250000000048,0.2122624999999998,5.5647375,-0.38259999999999994,18.2655,-0.008159085388675564,1.4631255354595045
121.0,22.55,233.2394,SSP1-2.6,2021-2040,-31.883199999999988,33.4877,-56.075399999999945,0.00560000000000116,11.608900000000002,2.2964,14.934,31.2985875,-74.86238749999998,0.006512500000000365,10.6682875,2.9015625,14.6795,0.09753475469254576,-1.5070761419206478
121.0,22.6,228.2414,SSP1-2.6,2021-2040,-32.018,34.259499999999996,-54.49350000000004,0.05250000000000199,10.4393,2.2571000000000003,15.427999999999999,31.627174999999998,-96.80059999999989,-0.14162499999999945,9.623650000000001,2.83035,14.71475,0.09753475469254576,-1.4438803615508562
121.0,22.65,255.3947,SSP1-2.6,2021-2040,-35.2097,31.653400000000005,-51.4208000000001,-0.05039999999999978,9.382099999999998,2.8625000000000007,15.310000000000002,31.575937499999995,-122.61898749999992,-0.20349999999999957,8.7600375,2.802,14.026499999999999,0.09753475469254576,-1.3806845811810693
121.0,22.7,283.8308,SSP1-2.6,2021-2040,-41.3117,31.339399999999998,-39.70589999999993,0.08619999999999806,10.049999999999997,3.375,15.604000000000001,31.310200000000002,-107.2226374999999,-0.15796249999999912,8.451999999999998,2.7080375,13.866,0.09753475469254576,-1.317488800811278
121.0,22.75,295.801,SSP1-2.6,2021-2040,-44.08589999999998,31.869600000000005,-41.954499999999825,0.19370000000000331,9.55,3.2357000000000005,14.776,30.490499999999997,-89.86579999999998,0.12440000000000007,8.249775,2.73415,13.41175,0.09753475469254576,-1.2542930204414864
121.0,22.8,290.8779,SSP1-2.6,2021-2040,-44.80280000000002,31.3418,-79.18690000000015,0.7901999999999987,7.878599999999999,2.9321,13.756,30.524750000000004,-70.34028749999996,0.5574375000000007,8.7109375,2.5587125000000004,13.2435,0.09753475469254576,-1.191097240071695
121.0,22.85,280.0154,SSP1-2.6,2021-2040,-35.59200000000001,31.0925,-74.38279999999986,1.5411000000000001,8.475000000000001,2.1911000000000005,12.774,30.287799999999997,-33.94617500000004,1.1196999999999995,8.403575,2.5316875,12.77175,0.09753475469254576,-1.1279014597019037
121.0,22.9,269.019,SSP1-2.6,2021-2040,-9.894600000000025,30.363899999999994,27.69360000000006,2.2460999999999984,6.951800000000002,2.4589,12.685999999999998,28.2811,26.05913750000002,1.6056999999999992,7.643975000000001,2.4134,10.409,0.09753475469254576,-1.0647056793321166
121.0,22.95,260.8454,SSP1-2.6,2021-2040,20.7346,22.874200000000002,159.7107000000001,2.8558999999999983,4.537500000000001,2.8679000000000006,5.504000000000001,26.960374999999996,84.00510000000003,1.8781124999999994,7.045537500000002,2.3089125,9.3865,0.09753475469254576,-1.0015098989623252
121.0,23.0,243.1891,SSP1-2.6,2021-2040,14.633500000000026,23.0075,167.8578,2.4589999999999996,3.973200000000002,2.2767999999999997,6.249999999999998,23.9406125,114.34921250000002,1.8176499999999995,6.574325,2.1874874999999996,6.9435,0.09753475469254576,-0.9383141185925338
121.0,23.05,229.3887,SSP1-2.6,2021-2040,7.458100000000002,22.7547,123.80510000000004,1.652000000000001,6.650000000000002,1.8125,6.584,25.029524999999996,98.9669125,1.4789874999999992,5.67165,2.2077999999999998,7.30225,0.09753475469254576,-0.8751183382227424
121.0,23.1,224.4784,SSP1-2.6,2021-2040,2.2446999999999946,25.675699999999992,80.2478000000001,1.0577000000000005,3.4786,2.5089000000000006,6.873999999999999,26.022975,62.03732499999998,1.009387499999999,5.369862499999999,2.239725,7.712,0.09753475469254576,-0.811922557852951
121.0,23.15,227.905,SSP1-2.6,2021-2040,-4.448399999999992,27.582499999999996,51.02299999999991,0.7502999999999993,3.9749999999999943,2.8643,8.097999999999999,28.734825,32.01878749999997,0.7848374999999992,4.639075,2.4381625,8.931999999999999,0.09753475469254576,-0.748726777483164
121.0,23.2,240.4428,SSP1-2.6,2021-2040,-9.027100000000019,29.834199999999996,50.38349999999991,1.1679999999999993,4.675000000000001,2.6160999999999994,10.212,29.6299625,-6.286875000000066,0.6365499999999997,5.0756875,2.4154,10.20675,0.09753475469254576,-0.6855309971133726
121.0,23.25,273.4078,SSP1-2.6,2021-2040,-24.465400000000017,30.224000000000004,-29.87570000000005,1.0650999999999975,3.7554000000000016,2.601799999999999,11.588000000000001,29.177987499999997,-24.906562500000092,0.5682749999999999,5.1158625,2.372325,10.967749999999999,0.09753475469254576,-0.6223352167435812
121.0,23.3,255.5978,SSP1-2.6,2021-2040,-36.476699999999994,25.7789,-54.67750000000024,0.3780000000000001,3.7875000000000014,2.2249999999999996,11.349999999999998,28.5360625,-46.76996250000005,0.4017749999999993,5.142425000000001,2.1783624999999995,11.71975,0.09753475469254576,-0.5591394363737897
121.0,23.35,232.374,SSP1-2.6,2021-2040,-35.33709999999999,23.837999999999994,-62.29259999999999,-0.0018999999999991246,5.816100000000006,1.5428999999999995,12.078,28.229062499999998,-48.73038750000006,0.1455874999999991,4.52255,2.1160875,11.745750000000001,0.09753475469254576,-0.4959436560039983
121.0,23.4,219.7043,SSP1-2.6,2021-2040,-30.90009999999998,26.254499999999993,-51.41399999999999,-0.14780000000000015,4.248199999999997,1.3000000000000007,11.698,26.827737499999998,-41.97067500000003,-0.023450000000000415,3.6426374999999993,1.9824000000000002,11.9925,0.09753475469254576,-0.43274787563421135
121.0,23.45,223.7154,SSP1-2.6,2021-2040,-20.666799999999995,25.536299999999997,-20.864000000000033,-0.08719999999999928,1.332099999999997,1.9017999999999997,11.451999999999998,26.7615625,-34.479187499999995,-0.1239625000000002,2.327687499999998,2.0080625000000003,12.3625,0.09753475469254576,-0.3695520952644199
121.0,23.5,235.9735,SSP1-2.6,2021-2040,-17.13239999999999,27.2922,-18.10640000000012,-0.15259999999999962,0.5285999999999973,2.142899999999999,12.069999999999999,27.4096125,-37.33633749999993,-0.14693749999999994,1.6877249999999977,2.3026999999999997,12.909749999999999,0.09753475469254576,-0.3063563148946285
121.0,23.55,239.3606,SSP1-2.6,2021-2040,-21.021900000000016,31.002800000000008,-54.43119999999999,-0.24640000000000128,2.8249999999999957,2.7803999999999984,13.272,28.7653375,-50.82838749999999,-0.12273749999999994,2.5368375000000007,2.20805,13.466999999999999,0.09753475469254576,-0.24316053452483705
121.0,23.6,244.608,SSP1-2.6,2021-2040,-25.952500000000015,33.14549999999999,-78.18020000000024,-0.07120000000000104,4.610700000000001,1.9303999999999988,16.688000000000002,30.659399999999998,-67.03946249999996,-0.07426249999999968,3.149112500000001,2.2413,14.118500000000001,0.09753475469254576,-0.17996475415504562
121.0,23.65,252.8218,SSP1-2.6,2021-2040,-37.743300000000005,35.397099999999995,-85.13450000000012,-0.003899999999998016,2.1910999999999987,1.9482,17.414,31.471825000000003,-72.12851250000003,0.04976249999999949,3.600662500000001,1.8404125000000002,15.35775,0.09753475469254576,-0.11676897378525869
121.0,23.7,255.6359,SSP1-2.6,2021-2040,-43.911399999999986,36.898300000000006,-84.33740000000012,0.09600000000000009,3.8463999999999956,1.4286000000000012,17.914,33.194575,-75.24853749999997,0.060675000000000257,3.5950875,1.8671875000000004,16.762500000000003,0.09753475469254576,-0.053573193415467256
121.0,23.75,236.0405,SSP1-2.6,2021-2040,-35.20600000000002,33.8035,-92.3427999999999,0.012199999999999989,6.560700000000004,1.75,18.812,34.5912625,-97.39746249999999,-0.022199999999999775,4.739512499999998,1.7732125000000007,16.88775,0.09753475469254576,0.009622586954324176
121.0,23.8,228.8837,SSP1-2.6,2021-2040,-25.0317,35.2229,-168.47609999999986,-0.3277000000000001,8.023199999999996,2.107100000000001,16.497999999999998,34.7309,-135.69063749999995,-0.2108374999999989,5.1433125,1.6700875000000002,17.0295,0.09753475469254576,0.0728183673241156
121.0,23.85,254.3969,SSP1-2.6,2021-2040,-16.1515,33.60679999999999,-262.34929999999986,-0.6786999999999992,4.007100000000001,1.9749999999999996,16.75,33.527125,-148.1555874999999,-0.22614999999999919,6.144662500000001,1.5816875000000001,15.2895,0.09753475469254576,0.13601414769390704
121.0,23.9,211.885,SSP1-2.6,2021-2040,-4.490299999999991,31.474199999999996,-212.23169999999982,-0.3247,7.742900000000006,1.0892999999999997,14.634,32.5878125,-135.77761249999992,-0.11568749999999994,5.5049125,1.5890624999999998,14.591250000000002,0.09753475469254576,0.19920992806369398
121.0,23.95,184.7052,SSP1-2.6,2021-2040,8.80940000000001,33.8833,-116.8556000000001,0.08319999999999794,6.935699999999997,1.6963999999999988,14.176000000000002,31.5814375,-88.72124999999991,0.11307499999999937,5.6779,1.6980000000000002,14.14225,0.09753475469254576,0.26240570843348543
121.0,24.0,216.031,SSP1-2.6,2021-2040,14.111999999999995,34.3338,-31.02019999999993,0.4369999999999976,5.132100000000001,2.232100000000001,15.438000000000002,31.9178125,-50.660349999999966,0.27291249999999856,5.256474999999999,1.6924249999999998,14.176250000000001,0.09753475469254576,0.32560148880327683
121.0,24.05,236.8337,SSP1-2.6,2021-2040,22.125700000000023,32.848600000000005,-1.6459999999997308,0.5632999999999981,4.1429000000000045,1.8429000000000002,15.482,32.365975000000006,-19.778012500000074,0.45736249999999945,4.801999999999999,1.6888374999999998,14.387250000000002,0.09753475469254576,0.3887972691730683
121.0,24.1,256.4605,SSP1-2.6,2021-2040,15.28389999999996,33.797999999999995,40.14599999999973,0.860400000000002,3.071399999999997,1.6392999999999986,16.006,30.661412499999997,-12.834225000000004,0.5944749999999992,5.2314875,1.4517874999999998,12.98425,0.09753475469254576,0.4519930495428597
121.0,24.15,278.4557,SSP1-2.6,2021-2040,2.6767000000000394,29.2048,10.58030000000008,0.8628999999999998,6.117899999999999,1.2768000000000015,12.216,30.420899999999996,-7.392025000000103,0.6749625000000004,4.661174999999998,1.4783374999999994,12.847,0.09753475469254576,0.5151888299126467
121.0,24.2,281.4165,SSP1-2.6,2021-2040,3.4723000000000184,30.12189999999999,-16.808800000000247,0.35300000000000153,4.439299999999996,1.9231999999999996,12.193999999999999,28.244374999999998,-15.66063749999995,0.7244999999999995,4.668774999999999,1.2863749999999998,11.480500000000001,0.09753475469254576,0.578384610282438
121.0,24.25,322.664,SSP1-2.6,2021-2040,-0.1816000000000031,26.060199999999995,-50.414999999999964,0.5071999999999974,5.726799999999997,0.7446000000000002,9.896,28.20715,-46.87452500000006,0.5515874999999997,3.5872874999999995,1.4569124999999998,11.722,0.09753475469254576,0.6415803906522295
121.0,24.3,337.0487,SSP1-2.6,2021-2040,-8.630499999999984,26.397299999999994,-104.19410000000016,0.22919999999999874,4.946400000000004,1.3803999999999998,10.922,27.4365625,-68.61500000000007,0.4590124999999996,2.4832624999999995,1.1145,11.511,0.09753475469254576,0.704776171022021
121.0,24.35,312.3891,SSP1-2.6,2021-2040,-19.114299999999957,27.3373,-85.32400000000007,0.0771000000000015,0.8374999999999986,0.7571000000000012,11.293999999999999,27.710800000000003,-88.53266250000019,0.25284999999999913,2.5296875000000005,1.1812500000000004,12.63025,0.09753475469254576,0.7679719513918124
121.0,24.4,298.9119,SSP1-2.6,2021-2040,-18.276099999999985,27.697899999999997,-73.33179999999993,-0.32039999999999935,2.9643000000000015,1.096400000000001,13.920000000000002,27.8470875,-74.17295000000013,0.13497499999999985,2.1803624999999993,1.1812500000000006,12.899249999999999,0.09753475469254576,0.8311677317615993
121.0,24.45,317.0633,SSP1-2.6,2021-2040,-15.49290000000002,26.264799999999994,-75.62210000000005,-0.37679999999999936,1.4054000000000002,1.471400000000001,12.244,27.537950000000002,-86.55613750000009,0.04121249999999943,3.510049999999999,1.0241125000000004,13.392,0.09753475469254576,0.8943635121313908
121.0,24.5,319.3667,SSP1-2.6,2021-2040,-22.642899999999997,25.491400000000006,-142.5021999999999,-0.048799999999999955,5.701799999999999,0.5036000000000005,11.596,28.2564125,-108.18872500000003,0.015112499999999862,3.7252249999999982,0.8334874999999999,14.635000000000002,0.09753475469254576,0.9575592925011822
121.0,24.55,305.1535,SSP1-2.6,2021-2040,-24.337800000000016,29.232899999999994,-168.12260000000015,0.05480000000000018,6.4589,0.2232000000000003,16.918,28.9212625,-122.71572499999996,0.024774999999999547,3.9825874999999993,0.5024624999999998,16.01125,0.09753475469254576,1.0207550728709736
121.0,24.6,252.4526,SSP1-2.6,2021-2040,-17.664699999999982,31.757000000000005,-107.42239999999993,-0.20970000000000155,5.4696,0.18570000000000064,19.514000000000003,30.140025,-96.34286249999994,0.09537500000000021,3.689512500000001,0.30959999999999965,18.02475,0.09753475469254576,1.0839508532407651
121.0,24.65,214.3513,SSP1-2.6,2021-2040,-19.448000000000008,31.0698,-26.649200000000064,0.20030000000000214,3.242900000000006,-0.04290000000000127,19.122,31.009587500000002,-51.84542499999992,0.055749999999999744,3.3471,0.06585000000000008,19.006999999999998,0.09753475469254576,1.147146633610552
121.0,24.7,179.7886,SSP1-2.6,2021-2040,-11.943700000000007,32.032799999999995,-12.498699999999872,0.21999999999999886,3.366099999999996,-0.7713999999999999,19.266,31.492025,-21.513012500000002,0.14531250000000062,0.6759000000000004,-0.15671250000000003,19.2095,0.09753475469254576,1.2103424139803434
121.0,24.75,146.3956,SSP1-2.6,2021-2040,-2.5644000000000062,32.421899999999994,-18.051300000000083,0.2893000000000008,1.7214000000000027,-0.23040000000000038,19.456000000000003,32.0264125,-12.713262499999985,0.1335375000000003,1.0104999999999995,-0.3863874999999998,19.16375,0.09753475469254576,1.273538194350135
121.0,24.8,140.3764,SSP1-2.6,2021-2040,2.5682000000000187,32.39549999999999,-4.868799999999965,0.136099999999999,3.2357000000000014,-0.4642999999999997,18.756,31.700812499999998,-18.455625000000026,0.14435000000000042,1.3453125000000004,-0.34487499999999993,18.94625,0.09753475469254576,1.3367339747199263
121.0,24.85,133.1036,SSP1-2.6,2021-2040,2.9750999999999976,31.516000000000005,-23.30100000000016,0.10829999999999984,5.130400000000002,-0.15359999999999996,18.512,31.0317625,-9.021212499999962,0.23788750000000003,4.475450000000001,-0.3383999999999999,18.4625,0.09753475469254576,1.3999297550897176
121.0,24.9,136.3656,SSP1-2.6,2021-2040,-0.3155999999999892,30.224400000000003,-21.644900000000007,0.11990000000000123,7.3304000000000045,-0.3035999999999994,17.802,29.8883,2.151650000000018,0.44241249999999965,5.761162499999999,-0.2104999999999999,17.948999999999998,0.09753475469254576,1.4631255354595045
121.0,24.95,138.7093,SSP1-2.6,2021-2040,-3.2730000000000246,29.893299999999996,3.772899999999936,0.3765999999999998,8.732099999999996,-0.6017999999999999,17.314,29.123250000000002,1.5537499999999795,0.5366124999999999,6.284387500000001,-0.15669999999999995,17.63825,0.09753475469254576,1.526321315829296
121.0,25.0,142.3879,SSP1-2.6,2021-2040,-5.833100000000002,27.761699999999998,-18.53970000000004,0.42130000000000223,9.387500000000003,-0.6964000000000006,16.816000000000003,28.5259375,20.961899999999986,0.8091249999999999,6.569862500000001,-0.3263374999999996,17.561,0.09753475469254576,1.5895170961990874
121.05,22.65,227.0661,SSP1-2.6,2021-2040,-31.97320000000002,33.36529999999999,-69.82169999999996,0.1490000000000009,10.814300000000003,1.7856999999999994,15.068000000000001,32.195387499999995,-80.52947499999993,-0.04081249999999992,9.364949999999999,2.6314750000000005,14.647,0.2032285947737671,-1.3806845811810693
121.05,22.7,229.6971,SSP1-2.6,2021-2040,-33.3664,33.0177,-51.2645,-0.03790000000000049,8.975000000000001,1.8928999999999991,14.245999999999999,32.072424999999996,-63.17857499999997,0.08223750000000019,9.251112499999998,2.564725,14.6,0.2032285947737671,-1.317488800811278
121.05,22.75,241.0917,SSP1-2.6,2021-2040,-34.927099999999996,32.89150000000001,-42.947099999999864,-0.010699999999999932,9.273199999999996,2.1911000000000005,14.783999999999999,32.273275,-35.376412500000015,0.37607500000000016,8.851125,2.5278875000000003,15.00225,0.2032285947737671,-1.2542930204414864
121.05,22.8,266.0909,SSP1-2.6,2021-2040,-37.39729999999997,32.15689999999999,-31.047700000000077,0.6060000000000016,9.085700000000003,2.7214,16.012,31.6275875,-35.377512499999966,0.6206375000000004,8.3946375,2.4919625,14.521249999999998,0.2032285947737671,-1.191097240071695
121.05,22.85,291.6802,SSP1-2.6,2021-2040,-40.25810000000001,32.07469999999999,-16.89650000000006,1.0838999999999999,8.646400000000003,2.5679,14.762,30.893224999999997,-19.222575000000006,1.1047374999999997,8.527675000000002,2.480575,14.126999999999999,0.2032285947737671,-1.1279014597019037
121.05,22.9,281.962,SSP1-2.6,2021-2040,-26.761200000000002,32.242399999999996,56.574499999999944,1.692899999999998,8.033900000000003,2.6929,14.078000000000001,29.127787499999997,20.175400000000025,1.4549374999999993,8.090162500000002,2.4634,12.01125,0.2032285947737671,-1.0647056793321166
121.05,22.95,248.7601,SSP1-2.6,2021-2040,-8.72999999999999,26.431099999999994,106.05330000000004,1.6576999999999984,6.008900000000004,2.7571000000000003,8.608,29.1578,70.54593750000001,1.6900999999999993,7.543737500000002,2.42545,11.26875,0.2032285947737671,-1.0015098989623252
121.05,23.0,231.4066,SSP1-2.6,2021-2040,-4.798399999999987,31.565299999999993,106.93000000000006,1.8180000000000014,6.762500000000003,1.9338999999999995,11.91,26.2192625,95.792325,1.5565374999999992,6.468062500000002,2.3638375,8.64725,0.2032285947737671,-0.9383141185925338
121.05,23.05,226.0089,SSP1-2.6,2021-2040,-4.478100000000012,24.4037,92.11019999999985,1.4321999999999981,6.369600000000002,2.0214,7.042,27.877674999999996,81.12388750000002,1.2691,5.796875000000002,2.268075,9.264499999999998,0.2032285947737671,-0.8751183382227424
121.05,23.1,222.386,SSP1-2.6,2021-2040,-8.283699999999982,29.309899999999992,61.234899999999925,1.0234999999999985,4.850000000000001,2.3911,8.834,28.0425625,52.48111250000002,0.9378374999999997,5.6861625,2.405125,9.1505,0.2032285947737671,-0.811922557852951
121.05,23.15,228.6602,SSP1-2.6,2021-2040,-15.433600000000013,31.1828,21.25290000000018,0.7124999999999986,6.7856999999999985,2.8982,10.256,29.793162499999998,36.59267499999996,0.8215249999999998,5.1989,2.52835,9.74025,0.2032285947737671,-0.748726777483164
121.05,23.2,215.6993,SSP1-2.6,2021-2040,-19.132599999999996,30.4262,21.747699999999895,0.8476999999999997,6.517900000000001,2.6357,10.200000000000001,30.0087625,11.37243749999999,0.8756249999999999,6.426800000000002,2.5848249999999995,10.38825,0.2032285947737671,-0.6855309971133726
121.05,23.25,211.5235,SSP1-2.6,2021-2040,-21.271300000000025,28.975799999999992,-16.104100000000017,0.985000000000003,8.741100000000003,2.6945999999999994,11.298,28.406775000000003,-1.2604750000000706,0.9059249999999996,6.704262500000002,2.5301375,10.602250000000002,0.2032285947737671,-0.6223352167435812
121.05,23.3,207.615,SSP1-2.6,2021-2040,-22.29220000000001,24.879799999999996,-31.3904,0.8268999999999984,8.192900000000002,2.75,11.872,28.1124875,-13.173250000000053,0.7811500000000005,6.487512500000003,2.3352749999999998,11.596,0.2032285947737671,-0.5591394363737897
121.05,23.35,199.6455,SSP1-2.6,2021-2040,-25.8896,28.2778,-18.19530000000009,0.4562999999999988,6.001800000000003,1.9054000000000002,11.94,27.7084625,-10.933800000000048,0.5328125000000006,5.923675000000001,2.1919750000000002,12.15625,0.2032285947737671,-0.4959436560039983
121.05,23.4,191.6569,SSP1-2.6,2021-2040,-24.28710000000001,29.770000000000003,-2.6011000000000877,0.23629999999999995,5.555399999999999,1.705400000000001,11.204,27.796537499999996,-2.730649999999997,0.29240000000000066,4.216737500000001,1.9381875,12.427499999999998,0.2032285947737671,-0.43274787563421135
121.05,23.45,190.2957,SSP1-2.6,2021-2040,-19.953900000000004,25.008599999999994,2.6755000000000564,0.10670000000000002,2.1535999999999973,1.7928999999999995,12.438,27.7027,1.7041374999999448,0.1254375000000003,3.0575874999999995,1.973225,12.155,0.2032285947737671,-0.3695520952644199
121.05,23.5,195.1576,SSP1-2.6,2021-2040,-17.763300000000015,24.695500000000003,-2.6707000000001244,-0.058600000000001984,1.1839000000000013,2.3142999999999994,12.366,27.101025,-3.1734749999999963,0.038000000000000256,2.181474999999999,2.139075,11.95675,0.2032285947737671,-0.3063563148946285
121.05,23.55,201.5322,SSP1-2.6,2021-2040,-19.503599999999977,27.125699999999995,-21.005999999999858,-0.015200000000000102,1.875,2.580400000000001,11.924,27.37055,-17.530200000000065,0.009962499999999874,2.8388500000000008,2.1089374999999997,12.7515,0.2032285947737671,-0.24316053452483705
121.05,23.6,207.0804,SSP1-2.6,2021-2040,-21.90299999999999,27.880000000000003,-40.44119999999998,0.02459999999999951,4.680400000000006,1.7607,12.629999999999999,29.070524999999996,-33.15731249999999,0.036750000000000504,3.3484375,2.166525,13.711000000000002,0.2032285947737671,-0.17996475415504562
121.05,23.65,216.5508,SSP1-2.6,2021-2040,-28.094700000000017,31.459799999999994,-46.62169999999992,0.011900000000000688,3.2732000000000028,2.0588999999999995,14.944,30.7873625,-42.763325000000066,0.09398749999999989,3.8024499999999994,1.8509000000000002,15.230250000000002,0.2032285947737671,-0.11676897378525869
121.05,23.7,233.9575,SSP1-2.6,2021-2040,-37.4015,34.64580000000001,-53.31140000000005,0.050099999999996925,3.0463999999999984,1.6554000000000002,18.42,32.2054125,-47.11270000000002,0.07988750000000033,4.0722999999999985,1.8154000000000003,16.12,0.2032285947737671,-0.053573193415467256
121.05,23.75,243.289,SSP1-2.6,2021-2040,-38.4615,34.1815,-64.42190000000005,-0.08189999999999742,4.707099999999997,1.7518000000000011,16.674,33.266475,-67.61011250000001,0.017887499999999168,5.157799999999998,1.6281250000000005,16.8165,0.2032285947737671,0.009622586954324176
121.05,23.8,226.6518,SSP1-2.6,2021-2040,-30.3262,33.614599999999996,-111.19810000000007,-0.12279999999999802,7.2179,0.9768000000000008,16.317999999999998,32.126012499999995,-101.76673749999992,-0.10548750000000018,5.2939625,1.5859375000000002,16.1935,0.2032285947737671,0.0728183673241156
121.05,23.85,227.46,SSP1-2.6,2021-2040,-22.714799999999997,32.074299999999994,-151.38789999999972,-0.24399999999999977,4.453600000000002,1.5,16.032,31.348712499999998,-121.89767499999994,-0.0880124999999996,6.521887500000001,1.3546875000000003,15.06625,0.2032285947737671,0.13601414769390704
121.05,23.9,222.2441,SSP1-2.6,2021-2040,-13.227400000000017,29.316300000000005,-111.52739999999994,0.029700000000001836,7.3393000000000015,1.9446000000000012,13.802,30.587024999999997,-115.59293749999989,0.0360125,6.098225000000001,1.2082749999999998,14.450000000000001,0.2032285947737671,0.19920992806369398
121.05,23.95,236.7169,SSP1-2.6,2021-2040,3.6676999999999964,28.862999999999992,-76.7199999999998,0.2638999999999996,7.049999999999997,1.6536000000000008,13.716000000000001,30.709312499999996,-77.20211249999997,0.27827499999999983,6.5781375,1.4404,14.13025,0.2032285947737671,0.26240570843348543
121.05,24.0,249.6501,SSP1-2.6,2021-2040,7.1422999999999774,29.807399999999994,-62.2509,0.44170000000000087,6.153599999999997,1.841099999999999,14.065999999999999,30.3965875,-36.199112499999984,0.488812499999999,6.36005,1.4901749999999998,13.607750000000001,0.2032285947737671,0.32560148880327683
121.05,24.05,247.8418,SSP1-2.6,2021-2040,15.470099999999974,28.794700000000006,-14.682800000000043,0.5827999999999989,7.766100000000002,1.7213999999999992,11.608,30.7531125,-7.250975000000096,0.6632124999999998,5.747987499999999,1.5160624999999999,13.81625,0.2032285947737671,0.3887972691730683
121.05,24.1,264.8585,SSP1-2.6,2021-2040,14.511300000000006,31.2262,18.672099999999773,0.7108999999999988,6.875,1.7463999999999995,13.056000000000001,28.719724999999997,8.401812499999949,0.7976125000000001,6.206474999999999,1.1261124999999998,12.152,0.2032285947737671,0.4519930495428597
121.05,24.15,276.5115,SSP1-2.6,2021-2040,6.0,24.493799999999993,15.579099999999926,0.8939999999999984,7.383899999999997,0.8160999999999987,8.846,28.569712499999994,19.851037499999848,0.8190375000000003,5.813624999999998,1.3229750000000002,11.911,0.2032285947737671,0.5151888299126467
121.05,24.2,296.6736,SSP1-2.6,2021-2040,8.829700000000003,27.895199999999996,25.468199999999797,0.9452999999999996,6.330399999999997,1.7339000000000002,11.395999999999999,26.571624999999997,21.156087500000012,0.8076374999999993,5.989524999999999,1.1571375000000002,10.2865,0.2032285947737671,0.578384610282438
121.05,24.25,308.0691,SSP1-2.6,2021-2040,7.876100000000008,27.8401,39.11570000000029,0.8308,5.192900000000002,1.3178999999999998,10.652000000000001,26.00985,-15.85980000000012,0.673424999999999,5.097099999999998,1.2810125,10.1345,0.2032285947737671,0.6415803906522295
121.05,24.3,333.5907,SSP1-2.6,2021-2040,6.287299999999959,23.3309,-100.10750000000007,0.4549999999999983,3.6464,1.375,8.64,25.747524999999996,-45.519187500000044,0.6009249999999997,3.8439749999999986,0.8752125,9.8335,0.2032285947737671,0.704776171022021
121.05,24.35,308.0292,SSP1-2.6,2021-2040,3.038499999999999,25.8564,-131.39720000000034,0.5837000000000003,2.6768,0.6535999999999991,8.605999999999998,25.507025,-75.72971250000006,0.34686249999999985,2.7113749999999994,0.9582500000000003,10.427249999999999,0.2032285947737671,0.7679719513918124
121.05,24.4,289.6841,SSP1-2.6,2021-2040,-6.442000000000007,28.297800000000002,-54.20920000000024,0.30719999999999814,1.2875000000000014,1.1268000000000011,12.489999999999998,25.581862499999996,-74.62155000000001,0.19703749999999998,2.0553624999999993,1.0526750000000002,10.50525,0.2032285947737671,0.8311677317615993
121.05,24.45,294.0646,SSP1-2.6,2021-2040,-8.062700000000007,25.123600000000003,-26.21849999999995,-0.0251000000000019,3.450000000000003,1.830400000000001,10.856000000000002,25.6636375,-84.64356249999997,0.14991249999999967,3.2254499999999995,1.0462125000000004,10.94725,0.2032285947737671,0.8943635121313908
121.05,24.5,317.0719,SSP1-2.6,2021-2040,-16.443100000000015,24.243499999999997,-123.20100000000002,0.04469999999999885,3.5856999999999957,0.5481999999999996,9.258000000000001,26.3975,-102.55060000000003,0.12163749999999984,4.928575,1.1022375000000004,12.45675,0.2032285947737671,0.9575592925011822
121.05,24.55,334.6958,SSP1-2.6,2021-2040,-10.683600000000013,28.514700000000005,-171.15869999999995,0.13119999999999976,7.335699999999996,1.0374999999999996,14.538,27.377375,-110.14722499999999,0.085175,5.6944125,0.9191875000000003,14.351750000000001,0.2032285947737671,1.0207550728709736
121.05,24.6,295.7651,SSP1-2.6,2021-2040,-15.477100000000007,28.962400000000002,-105.04739999999993,0.0010000000000012221,3.9250000000000043,1.2356999999999996,17.387999999999998,29.578287500000002,-85.13987500000002,0.06125000000000025,5.266300000000001,0.8729750000000001,17.480000000000004,0.2032285947737671,1.0839508532407651
121.05,24.65,221.7964,SSP1-2.6,2021-2040,-12.224999999999994,30.413399999999996,-43.80009999999993,-0.02880000000000038,2.4553999999999974,0.75,19.490000000000002,30.335075,-44.11311249999994,0.10232500000000044,3.9573750000000016,0.49016249999999983,18.844250000000002,0.2032285947737671,1.147146633610552
121.05,24.7,182.9404,SSP1-2.6,2021-2040,-13.517300000000006,31.392500000000005,-16.29449999999997,0.10000000000000142,3.7678999999999974,-0.19289999999999985,19.372,30.9301125,-24.71821250000002,0.19963750000000058,2.652475,0.008687499999999848,19.39725,0.2032285947737671,1.2103424139803434
121.05,24.75,161.2503,SSP1-2.6,2021-2040,-5.880500000000012,31.473300000000002,-28.59900000000016,0.22250000000000014,0.24109999999999587,-0.6678999999999995,19.284,31.376037499999995,-24.202499999999958,0.20835000000000026,3.229475,-0.3723375000000002,19.31225,0.2032285947737671,1.273538194350135
121.05,24.8,152.8326,SSP1-2.6,2021-2040,2.1351999999999975,32.20519999999999,-35.68639999999982,0.19760000000000133,2.3500000000000014,-0.31430000000000025,19.842,31.131637499999997,-28.112812500000047,0.24157499999999965,3.5006749999999993,-0.429925,18.82575,0.2032285947737671,1.3367339747199263
121.05,24.85,141.2455,SSP1-2.6,2021-2040,0.4106000000000165,30.934800000000003,-22.672199999999975,0.2944999999999993,3.6088999999999984,-0.8125,18.372,30.456175,-19.643849999999958,0.36540000000000017,5.338625,-0.18951250000000008,18.319499999999998,0.2032285947737671,1.3999297550897176
121.05,24.9,136.1488,SSP1-2.6,2021-2040,0.07040000000000646,28.984,-2.4232999999999265,0.7518999999999991,7.9820999999999955,0.0981999999999994,17.342,29.58865,-5.489362500000027,0.4828999999999999,6.1433124999999995,-0.14977499999999977,17.86325,0.2032285947737671,1.4631255354595045
121.05,24.95,139.4281,SSP1-2.6,2021-2040,1.6589999999999918,27.557899999999997,26.09349999999995,0.6185999999999972,7.039299999999997,0.3000000000000007,17.262,28.697525000000002,7.491812500000009,0.6729000000000007,6.922537500000001,-0.27588749999999995,17.42875,0.2032285947737671,1.526321315829296
121.05,25.0,144.7718,SSP1-2.6,2021-2040,-0.3340000000000032,28.033,27.02209999999991,0.8750999999999998,5.346400000000003,-0.25,16.946,28.336975000000002,17.669375000000002,0.8313999999999999,7.1564625,-0.33191249999999983,17.487250000000003,0.2032285947737671,1.5895170961990874
121.05,25.05,148.9552,SSP1-2.6,2021-2040,11.095200000000006,28.464,30.357500000000073,1.2317,8.457100000000004,-0.6481999999999992,17.276000000000003,28.16925,27.617324999999994,0.8628875000000003,6.322312500000001,-0.30489999999999995,17.475500000000004,0.2032285947737671,1.652712876568879
121.1,22.7,209.7102,SSP1-2.6,2021-2040,-29.96339999999998,33.2128,-37.570000000000164,0.6785999999999994,10.430399999999999,1.5250000000000004,14.454,32.771125,-30.151562499999983,0.18241249999999987,8.979912499999998,2.3828125,15.250250000000001,0.30892243485498844,-1.317488800811278
121.1,22.75,218.2794,SSP1-2.6,2021-2040,-28.732700000000023,33.1357,-15.364100000000008,0.2596999999999987,8.899999999999999,2.1571000000000007,15.188,32.821137500000006,-20.921025000000014,0.3865500000000006,8.454025,2.2808,15.184999999999999,0.30892243485498844,-1.2542930204414864
121.1,22.8,239.6302,SSP1-2.6,2021-2040,-32.831199999999995,32.1123,13.082300000000032,0.4321000000000019,5.939299999999996,2.3838999999999997,15.982,32.179024999999996,-16.956300000000027,0.5682750000000003,8.594862500000001,2.2399500000000003,15.1635,0.30892243485498844,-1.191097240071695
121.1,22.85,261.6494,SSP1-2.6,2021-2040,-41.301300000000026,28.502599999999994,-25.370499999999993,0.6751000000000005,8.494600000000005,2.2768000000000006,14.148000000000001,31.541362499999998,-6.263337500000034,0.7537875000000005,8.945975,2.2977625,14.9055,0.30892243485498844,-1.1279014597019037
121.1,22.9,261.195,SSP1-2.6,2021-2040,-40.24629999999999,29.333400000000005,-41.143100000000004,0.8543999999999983,13.3625,2.1875,13.58,30.325362499999997,20.397699999999986,0.8391125000000001,8.301325,2.4024625,13.424000000000001,0.30892243485498844,-1.0647056793321166
121.1,22.95,241.7306,SSP1-2.6,2021-2040,-19.026200000000017,32.349900000000005,25.73849999999993,0.7253000000000007,8.244599999999998,2.4000000000000004,14.028,29.950874999999996,51.1093625,0.9562374999999994,8.053562500000002,2.3732125,12.443999999999999,0.30892243485498844,-1.0015098989623252
121.1,23.0,222.7341,SSP1-2.6,2021-2040,-10.882400000000018,31.525799999999997,61.005499999999984,0.8691999999999993,8.483900000000006,2.5857,12.114,29.008812499999998,66.08846249999999,0.9292499999999992,6.497987500000001,2.3040125,11.088000000000001,0.30892243485498844,-0.9383141185925338
121.1,23.05,218.2652,SSP1-2.6,2021-2040,-14.471599999999995,26.407200000000003,30.05750000000012,0.8009999999999984,7.476800000000001,2.1892999999999994,9.047999999999998,30.551387499999997,57.653787499999964,0.8547624999999992,5.835937500000002,2.3203,11.269499999999999,0.30892243485498844,-0.8751183382227424
121.1,23.1,223.2152,SSP1-2.6,2021-2040,-15.065700000000021,32.7753,17.852499999999964,0.4724000000000004,4.699999999999999,2.4464000000000006,12.502,30.4188375,33.51951249999999,0.7130249999999991,6.362287500000001,2.4573625,10.514,0.30892243485498844,-0.811922557852951
121.1,23.15,245.1815,SSP1-2.6,2021-2040,-23.824600000000004,33.5586,3.499900000000025,0.6246000000000009,6.053600000000003,2.5,12.799999999999999,30.7059625,19.876999999999953,0.6311249999999995,6.317875000000001,2.4602625000000002,10.07575,0.30892243485498844,-0.748726777483164
121.1,23.2,221.9474,SSP1-2.6,2021-2040,-25.637399999999985,29.182900000000004,6.752099999999928,0.6280000000000001,7.341100000000004,2.2643000000000004,8.402,30.13675,8.46943749999997,0.7784125000000004,8.053362500000002,2.405575,10.3605,0.30892243485498844,-0.6855309971133726
121.1,23.25,201.5175,SSP1-2.6,2021-2040,-20.168200000000013,29.529300000000006,4.047900000000027,1.0715000000000003,10.087500000000006,2.2393,10.452000000000002,28.1717625,8.651837499999942,0.9457000000000002,8.321450000000002,2.39865,10.077,0.30892243485498844,-0.6223352167435812
121.1,23.3,201.1787,SSP1-2.6,2021-2040,-15.685000000000002,27.398900000000005,22.92859999999996,1.2622000000000018,9.276800000000001,2.908900000000001,10.742,29.0491125,18.752149999999943,1.0404,8.102912500000002,2.3341499999999997,11.708749999999998,0.30892243485498844,-0.5591394363737897
121.1,23.35,193.4156,SSP1-2.6,2021-2040,-14.490300000000019,30.877200000000002,48.78269999999998,1.0330000000000013,4.433899999999998,2.5642999999999994,13.319999999999999,29.931125,32.087962499999946,0.926725,7.3355125,2.4082625,12.598749999999999,0.30892243485498844,-0.4959436560039983
121.1,23.4,184.9147,SSP1-2.6,2021-2040,-15.097800000000007,32.870400000000004,43.193899999999985,0.6758000000000024,6.078600000000002,2.539300000000001,14.985999999999999,29.6289,43.73516249999997,0.6414750000000002,4.866300000000001,2.1812625,12.447,0.30892243485498844,-0.43274787563421135
121.1,23.45,184.3021,SSP1-2.6,2021-2040,-15.682299999999998,29.7095,36.268600000000106,0.30430000000000135,3.6696000000000026,1.9588999999999999,11.508000000000001,27.9783125,40.47444999999996,0.41332499999999994,3.7093875,2.1513500000000003,12.355249999999998,0.30892243485498844,-0.3695520952644199
121.1,23.5,183.5907,SSP1-2.6,2021-2040,-13.029200000000003,25.49320000000001,29.82679999999982,0.23329999999999984,1.8643,1.9231999999999996,11.956,26.1391375,32.65947500000004,0.26869999999999994,2.7772375000000005,2.0973250000000005,11.4085,0.30892243485498844,-0.3063563148946285
121.1,23.55,185.1699,SSP1-2.6,2021-2040,-12.718400000000003,25.639899999999997,20.24890000000005,0.16110000000000113,3.2036000000000016,2.0321000000000016,11.034,25.3133875,20.216049999999996,0.25593749999999993,3.1930875000000003,2.0620625,11.8015,0.30892243485498844,-0.24316053452483705
121.1,23.6,187.5404,SSP1-2.6,2021-2040,-15.432900000000018,23.815299999999993,3.5124000000000706,0.18950000000000244,3.814300000000003,1.9875000000000007,11.995999999999999,26.670412499999998,9.08200000000005,0.26295000000000046,3.8609375000000004,2.0605,12.36225,0.30892243485498844,-0.17996475415504562
121.1,23.65,193.9438,SSP1-2.6,2021-2040,-21.5171,24.978100000000005,-3.646199999999908,0.2682000000000002,4.994599999999998,2.0143000000000004,12.416,28.6918875,3.385062499999975,0.26664999999999983,3.6439625000000007,2.0192,14.2455,0.30892243485498844,-0.11676897378525869
121.1,23.7,206.6394,SSP1-2.6,2021-2040,-27.4649,29.538800000000002,-0.5681000000001859,0.198599999999999,3.2356999999999942,2.0821000000000005,14.364,30.122825000000002,-0.5675499999999829,0.23952499999999954,3.408225,1.9855000000000003,15.252,0.30892243485498844,-0.053573193415467256
121.1,23.75,220.3771,SSP1-2.6,2021-2040,-34.9709,31.386199999999995,0.1710000000000491,0.13799999999999812,3.769599999999997,1.4893,16.422,30.734537500000002,-17.45277500000003,0.17371249999999971,3.845299999999999,1.8158500000000006,15.589500000000001,0.30892243485498844,0.009622586954324176
121.1,23.8,201.3441,SSP1-2.6,2021-2040,-30.644199999999984,31.021699999999996,-30.817999999999984,0.09869999999999735,5.5625,1.5357000000000003,15.783999999999999,28.53545,-40.25978749999996,0.12083750000000038,4.440849999999999,1.4067125000000005,14.37225,0.30892243485498844,0.0728183673241156
121.1,23.85,203.6382,SSP1-2.6,2021-2040,-28.025200000000012,25.711200000000005,-44.50890000000004,0.2394999999999996,5.2679000000000045,0.5785999999999998,12.575999999999999,28.150675,-55.74677499999993,0.1460625000000002,5.839074999999999,1.2638500000000006,13.61025,0.30892243485498844,0.13601414769390704
121.1,23.9,215.4339,SSP1-2.6,2021-2040,-11.754400000000004,30.821999999999996,-34.071899999999914,0.3819000000000017,7.014299999999999,0.6303999999999998,14.168000000000001,26.8183875,-52.036087499999894,0.30563749999999956,6.0714375,1.0607250000000001,12.858500000000001,0.30892243485498844,0.19920992806369398
121.1,23.95,231.9823,SSP1-2.6,2021-2040,1.3706999999999994,28.261399999999995,-26.618199999999888,0.5670000000000002,6.314300000000003,0.5428999999999995,13.548,28.024762499999998,-33.634874999999965,0.5029875000000001,6.217637499999999,1.0906250000000002,13.022,0.30892243485498844,0.26240570843348543
121.1,24.0,228.2982,SSP1-2.6,2021-2040,5.584000000000003,27.776099999999992,-23.041000000000167,0.6103999999999985,5.992899999999999,1.5464000000000002,13.209999999999999,28.218175000000002,-15.149924999999996,0.6727375000000002,6.327450000000001,0.9441999999999995,12.7015,0.30892243485498844,0.32560148880327683
121.1,24.05,224.8174,SSP1-2.6,2021-2040,11.139700000000005,28.411800000000007,0.9908999999997832,0.8029000000000011,7.546399999999998,0.6856999999999989,11.684,28.123475,-4.069162500000118,0.7474249999999998,6.0796874999999995,1.0966375,12.225000000000001,0.30892243485498844,0.3887972691730683
121.1,24.1,239.5316,SSP1-2.6,2021-2040,13.8125,27.822999999999993,0.14129999999977372,0.8791000000000011,7.069599999999994,0.5946000000000016,11.588000000000001,27.042075,7.0785249999999,0.8280374999999998,6.7770125000000005,0.9013249999999995,10.868500000000001,0.30892243485498844,0.4519930495428597
121.1,24.15,254.6405,SSP1-2.6,2021-2040,14.496799999999979,24.3831,16.10570000000007,0.9355000000000011,6.553600000000003,0.43210000000000015,9.786,26.520125,20.24489999999986,0.8838374999999994,6.406474999999999,0.9287750000000001,10.4775,0.30892243485498844,0.5151888299126467
121.1,24.2,271.6774,SSP1-2.6,2021-2040,16.975400000000036,24.105500000000006,64.5034999999998,1.0051999999999985,6.0518,1.2375000000000007,9.046,25.913299999999996,34.66806250000002,0.90855,6.119874999999999,0.8756624999999998,9.808250000000001,0.30892243485498844,0.578384610282438
121.1,24.25,272.0958,SSP1-2.6,2021-2040,20.71539999999999,26.363599999999998,90.58820000000014,1.072499999999998,6.449999999999996,1.5089000000000006,9.656,25.177325,9.237262499999929,0.8025749999999996,4.8725499999999995,0.868525,9.375,0.30892243485498844,0.6415803906522295
121.1,24.3,259.7439,SSP1-2.6,2021-2040,12.891399999999976,23.8042,-35.91290000000026,0.8200000000000003,3.185699999999997,0.3445999999999998,9.326,24.2445875,-21.770100000000014,0.7425375000000001,4.131474999999999,0.6843874999999997,8.713999999999999,0.30892243485498844,0.704776171022021
121.1,24.35,265.8524,SSP1-2.6,2021-2040,3.505100000000027,22.321099999999994,-86.61419999999998,0.6869000000000014,1.7356999999999942,0.2945999999999991,8.315999999999999,24.246537500000002,-56.53840000000008,0.5902124999999998,3.161387500000001,0.6752375000000002,8.936499999999999,0.30892243485498844,0.7679719513918124
121.1,24.4,270.9881,SSP1-2.6,2021-2040,-7.080499999999972,24.869699999999995,-66.14399999999978,0.5198999999999998,3.0874999999999986,1.2911000000000001,8.509999999999998,24.286825,-53.09185000000002,0.48611249999999995,2.6160750000000004,0.8560375,9.34725,0.30892243485498844,0.8311677317615993
121.1,24.45,294.4583,SSP1-2.6,2021-2040,-10.932799999999986,25.184099999999994,-52.32060000000001,0.4309999999999974,0.2856999999999985,1.0267999999999997,10.296000000000001,24.764725000000002,-51.27764999999994,0.43478749999999966,3.912500000000001,1.1919750000000002,9.587250000000001,0.30892243485498844,0.8943635121313908
121.1,24.5,335.8741,SSP1-2.6,2021-2040,-14.295799999999986,23.259900000000002,-89.81759999999986,0.6425000000000018,7.485700000000001,1.3054000000000006,9.264000000000001,25.40835,-71.3212125,0.2895999999999992,4.6294625,1.2665125,11.099250000000001,0.30892243485498844,0.9575592925011822
121.1,24.55,340.5173,SSP1-2.6,2021-2040,-14.859699999999975,28.108600000000003,-94.64250000000038,0.16430000000000078,7.305400000000002,1.4196000000000009,13.942,26.051025000000003,-89.41377499999993,0.20762499999999973,5.772087500000001,1.3662874999999999,13.022250000000001,0.30892243485498844,1.0207550728709736
121.1,24.6,306.6514,SSP1-2.6,2021-2040,-15.970500000000015,27.963300000000004,-50.42209999999977,0.03259999999999863,5.623200000000004,1.9321000000000002,16.934,28.2356375,-83.27345000000005,0.08640000000000025,5.497775000000001,1.3754375,16.2915,0.30892243485498844,1.0839508532407651
121.1,24.65,236.5661,SSP1-2.6,2021-2040,-8.19580000000002,29.566599999999994,-18.901399999999967,0.14530000000000243,4.2393,1.4786000000000001,19.381999999999998,29.159450000000003,-54.17441250000002,0.1006125,4.287725000000002,0.9557749999999998,18.143750000000004,0.30892243485498844,1.147146633610552
121.1,24.7,177.9282,SSP1-2.6,2021-2040,-5.014700000000005,29.936200000000007,-15.669200000000046,0.3291000000000004,2.0250000000000057,0.09639999999999915,19.776000000000003,29.927387500000002,-37.74903750000007,0.17851250000000052,3.7348374999999985,0.3517625,19.04175,0.30892243485498844,1.2103424139803434
121.1,24.75,159.3,SSP1-2.6,2021-2040,-0.14200000000002433,30.526899999999998,-33.57680000000005,0.21940000000000026,3.928599999999996,-0.5428999999999995,19.402,30.3436375,-45.16082500000002,0.18058750000000057,3.8614,-0.08863750000000026,19.04975,0.30892243485498844,1.273538194350135
121.1,24.8,160.3747,SSP1-2.6,2021-2040,0.5144000000000233,30.09729999999999,-56.97429999999986,0.1753,5.441099999999999,-0.5589000000000013,18.628,30.0646125,-54.37948750000004,0.21293750000000022,4.437287499999998,-0.1857249999999997,18.634749999999997,0.30892243485498844,1.3367339747199263
121.1,24.85,141.9203,SSP1-2.6,2021-2040,5.946400000000011,29.687400000000004,-36.859100000000126,0.48719999999999786,4.6982,-0.008899999999999686,18.195999999999998,29.3423125,-44.436774999999926,0.37470000000000026,5.858487499999999,-0.13995000000000013,18.101999999999997,0.30892243485498844,1.3999297550897176
121.1,24.9,133.3081,SSP1-2.6,2021-2040,7.152299999999997,28.539600000000007,24.6070000000002,0.946900000000003,6.5411,0.18930000000000025,17.478,28.651000000000003,-25.78117499999999,0.5670124999999993,6.219862499999999,-0.13078749999999983,17.776249999999997,0.30892243485498844,1.4631255354595045
121.1,24.95,141.1648,SSP1-2.6,2021-2040,7.328199999999981,28.35580000000001,6.088899999999967,0.9112000000000009,6.066099999999999,0.19289999999999985,17.970000000000002,28.193800000000003,11.473850000000027,0.8289124999999995,5.9879375,-0.19776249999999984,17.51225,0.30892243485498844,1.526321315829296
121.1,25.0,145.5255,SSP1-2.6,2021-2040,4.401200000000017,27.788400000000003,41.05150000000003,0.9802999999999997,3.9946000000000055,-0.8356999999999992,17.762,28.2297375,28.201475000000016,1.0292374999999998,5.9100375000000005,-0.19574999999999976,17.63475,0.30892243485498844,1.5895170961990874
121.1,25.05,141.6811,SSP1-2.6,2021-2040,7.45780000000002,27.890700000000002,54.953700000000026,1.3596000000000004,5.5929,-0.4642999999999997,18.156,28.311687500000005,34.33928750000001,1.063625,5.416050000000001,-0.2647124999999999,17.686500000000002,0.30892243485498844,1.652712876568879
121.15,22.75,204.2117,SSP1-2.6,2021-2040,-24.187900000000013,34.6537,16.229299999999967,0.6312999999999995,8.505400000000002,2.4143,15.82,32.660725,-18.214650000000034,0.5253625000000004,8.433937499999999,1.9589125000000003,15.2255,0.41461627493623976,-1.2542930204414864
121.15,22.8,211.0309,SSP1-2.6,2021-2040,-25.21430000000001,32.654599999999995,8.103999999999814,0.5992999999999995,5.873200000000004,1.8821000000000003,15.405999999999999,32.009662500000005,-11.608462500000002,0.5377750000000008,8.6926375,2.1252125,15.1705,0.41461627493623976,-1.191097240071695
121.15,22.85,229.0423,SSP1-2.6,2021-2040,-30.84530000000001,31.362500000000004,-28.357799999999997,0.7016000000000027,9.980399999999996,1.7089000000000008,15.188,31.4530625,-11.187250000000006,0.5716000000000001,8.394187500000001,2.1196374999999996,14.73225,0.41461627493623976,-1.1279014597019037
121.15,22.9,228.9635,SSP1-2.6,2021-2040,-27.853700000000003,30.394099999999995,-10.422399999999925,0.06010000000000204,10.6464,2.237499999999999,14.236,30.7167875,2.9789624999999944,0.5894874999999997,8.391962499999998,2.1622875,13.869,0.41461627493623976,-1.0647056793321166
121.15,22.95,213.8064,SSP1-2.6,2021-2040,-7.944600000000008,29.245599999999996,55.862499999999955,0.11629999999999896,6.355399999999996,2.5786000000000007,12.344000000000001,30.6813125,29.93971250000004,0.6696249999999995,7.576987500000001,2.1921999999999997,13.189750000000002,0.41461627493623976,-1.0015098989623252
121.15,23.0,216.1364,SSP1-2.6,2021-2040,-12.075500000000005,28.869300000000003,74.01459999999997,0.5812999999999988,4.775000000000006,2.0124999999999993,12.681999999999999,30.129,48.019600000000025,0.6556374999999997,6.0232125,2.31185,12.2645,0.41461627493623976,-0.9383141185925338
121.15,23.05,219.7358,SSP1-2.6,2021-2040,-19.129200000000026,32.7984,37.941100000000006,0.30219999999999914,5.991099999999996,2.539300000000001,13.041999999999998,29.9713875,40.38990000000001,0.6509124999999996,5.277237500000002,2.3196375,11.9065,0.41461627493623976,-0.8751183382227424
121.15,23.1,237.045,SSP1-2.6,2021-2040,-26.41809999999998,33.1634,10.14149999999995,0.33929999999999794,4.755400000000002,2.6321000000000003,12.029999999999998,30.508425,25.584137499999997,0.43865000000000043,5.571225,2.452675,11.926749999999998,0.41461627493623976,-0.811922557852951
121.15,23.15,249.418,SSP1-2.6,2021-2040,-31.578699999999998,32.52669999999999,11.918099999999868,0.4689000000000014,8.616100000000003,2.4875000000000007,11.06,30.337962500000003,13.66746249999997,0.4127624999999999,5.825687500000001,2.3553499999999996,10.911,0.41461627493623976,-0.748726777483164
121.15,23.2,231.0542,SSP1-2.6,2021-2040,-28.566300000000012,27.080499999999994,8.11629999999991,0.5566999999999993,6.976799999999997,1.9267999999999992,7.321999999999999,29.9421875,11.19471249999998,0.6409625000000001,7.330150000000002,2.2714374999999998,10.587,0.41461627493623976,-0.6855309971133726
121.15,23.25,215.7752,SSP1-2.6,2021-2040,-22.1044,27.814099999999996,13.276799999999866,0.9603999999999999,10.648200000000003,1.8624999999999998,9.495999999999999,28.882662500000002,21.536524999999955,0.9543624999999996,7.8408625,2.2589375,10.1005,0.41461627493623976,-0.6223352167435812
121.15,23.3,208.7432,SSP1-2.6,2021-2040,-15.559200000000004,29.615900000000003,43.887699999999995,1.4986999999999995,8.8768,2.1464000000000008,11.283999999999999,29.8794125,54.98036249999993,1.1721624999999998,7.503800000000002,2.4538,11.9125,0.41461627493623976,-0.5591394363737897
121.15,23.35,210.3023,SSP1-2.6,2021-2040,-9.380400000000009,32.423,105.71189999999979,1.4913999999999987,7.841100000000001,2.5107,14.008,31.3047125,82.28833749999995,1.1456625000000005,6.320537499999999,2.5314750000000004,13.2915,0.41461627493623976,-0.4959436560039983
121.15,23.4,202.4417,SSP1-2.6,2021-2040,-9.584699999999998,34.2132,93.16840000000002,0.9662000000000006,6.860699999999998,2.8,14.754,30.4068875,100.52949999999998,0.9564000000000008,4.76965,2.4102625,12.831249999999999,0.41461627493623976,-0.43274787563421135
121.15,23.45,199.0466,SSP1-2.6,2021-2040,-8.957900000000024,26.7519,84.07060000000001,0.5376000000000012,2.4143000000000043,2.2125000000000004,10.403999999999998,29.4476875,91.52351250000001,0.7567000000000006,4.5984375,2.3651625000000003,12.66375,0.41461627493623976,-0.3695520952644199
121.15,23.5,195.4459,SSP1-2.6,2021-2040,-6.315799999999996,25.023699999999998,76.13220000000001,0.6092999999999975,3.5642999999999994,1.9232000000000014,10.734,27.233925000000003,80.6474375,0.601700000000001,3.9888500000000007,2.1827875,11.49625,0.41461627493623976,-0.3063563148946285
121.15,23.55,189.8661,SSP1-2.6,2021-2040,-4.32559999999998,25.158300000000004,65.55670000000009,0.5044000000000004,4.153599999999997,1.9642999999999997,10.86,25.7480125,68.72924999999995,0.5990625000000007,4.1361625,2.1031125,11.815000000000001,0.41461627493623976,-0.24316053452483705
121.15,23.6,186.0783,SSP1-2.6,2021-2040,-4.207100000000025,23.315400000000004,50.81819999999993,0.5602000000000018,4.408899999999996,2.0428999999999995,11.946,26.234675000000003,58.03367499999999,0.5802500000000006,4.2995625,1.9272375000000002,12.00375,0.41461627493623976,-0.17996475415504562
121.15,23.65,185.8847,SSP1-2.6,2021-2040,-5.979399999999998,27.8061,47.747299999999996,0.5884,4.298200000000001,2.0304,13.144000000000002,26.551675000000003,54.62673749999996,0.5632875000000002,3.4401625,2.1151875,13.35275,0.41461627493623976,-0.11676897378525869
121.15,23.7,194.7473,SSP1-2.6,2021-2040,-8.997099999999989,31.073900000000002,65.94499999999994,0.5098999999999982,2.394600000000004,2.5357000000000003,16.52,27.060775,43.36348749999999,0.4964874999999993,2.7260999999999993,2.0861750000000003,13.76725,0.41461627493623976,-0.053573193415467256
121.15,23.75,198.8984,SSP1-2.6,2021-2040,-19.47580000000002,25.451200000000007,49.59750000000008,0.43159999999999954,0.7820999999999998,2.3482000000000003,13.475999999999999,27.030625,26.057687499999986,0.39171249999999924,2.7609249999999994,2.0348250000000005,14.32825,0.41461627493623976,0.009622586954324176
121.15,23.8,191.5716,SSP1-2.6,2021-2040,-21.094799999999992,26.348799999999997,5.15280000000007,0.3055000000000021,3.8160999999999987,1.6411000000000016,13.16,24.234375,4.702687500000025,0.34186249999999907,3.619187499999999,1.63885,12.541749999999999,0.41461627493623976,0.0728183673241156
121.15,23.85,194.29,SSP1-2.6,2021-2040,-19.245199999999983,19.515800000000006,-5.4827999999999975,0.30079999999999885,5.512499999999996,0.9679000000000002,10.320000000000002,24.872275000000002,-7.5639624999999455,0.3625750000000001,5.069649999999999,1.2312625000000001,11.889999999999999,0.41461627493623976,0.13601414769390704
121.15,23.9,210.7855,SSP1-2.6,2021-2040,-14.795800000000014,22.4919,-6.640899999999874,0.41869999999999763,5.796399999999998,0.9143000000000008,9.298,25.278887500000003,-2.7321124999999142,0.5269375000000003,5.8515749999999995,0.7968874999999997,11.8235,0.41461627493623976,0.19920992806369398
121.15,23.95,221.0313,SSP1-2.6,2021-2040,-2.505599999999987,28.31320000000001,6.597400000000107,0.8694999999999986,6.837500000000002,0.3838999999999988,13.575999999999999,26.1176,13.11936250000005,0.7143125000000006,5.705812499999999,0.5680875000000001,11.637,0.41461627493623976,0.26240570843348543
121.15,24.0,208.2416,SSP1-2.6,2021-2040,4.241099999999989,26.808200000000006,38.57569999999987,1.0081000000000024,3.5570999999999984,-0.18929999999999936,12.34,26.8545875,17.559737499999983,0.8823625000000002,6.0703125,0.6495499999999996,11.815249999999999,0.41461627493623976,0.32560148880327683
121.15,24.05,227.0086,SSP1-2.6,2021-2040,4.946200000000005,26.4857,12.908500000000004,0.8460000000000001,5.394600000000004,0.914299999999999,11.074000000000002,26.444775,14.914799999999843,0.9460250000000001,5.724099999999998,0.5428500000000003,11.28175,0.41461627493623976,0.3887972691730683
121.15,24.1,226.4273,SSP1-2.6,2021-2040,8.7483,26.2665,-2.8762000000001535,0.9003999999999976,5.828600000000002,0.5982000000000003,10.857999999999999,26.1807625,8.04108749999989,0.9360875000000006,5.8566875,0.6337000000000002,10.64425,0.41461627493623976,0.4519930495428597
121.15,24.15,233.0759,SSP1-2.6,2021-2040,13.321400000000011,26.2748,9.930899999999838,0.9518000000000022,6.867899999999999,0.2964000000000002,10.036,25.168112500000003,13.490337499999953,0.8825374999999993,5.323874999999999,0.5928500000000003,9.92125,0.41461627493623976,0.5151888299126467
121.15,24.2,239.0644,SSP1-2.6,2021-2040,13.492699999999985,24.076,30.540300000000116,0.7839999999999989,4.8446,0.4070999999999998,8.994,25.168837500000002,28.460512499999993,0.807925,5.363837499999999,0.5971,9.412749999999999,0.41461627493623976,0.578384610282438
121.15,24.25,228.7634,SSP1-2.6,2021-2040,13.475999999999999,25.979799999999997,50.016399999999976,0.8545000000000016,5.335699999999996,0.4928999999999988,9.1,24.375025,18.498162499999978,0.6494374999999994,4.539499999999999,0.5162875000000002,8.9515,0.41461627493623976,0.6415803906522295
121.15,24.3,218.3997,SSP1-2.6,2021-2040,6.508200000000016,24.386900000000004,0.2743999999997868,0.7257999999999996,4.3929000000000045,0.03930000000000078,7.845999999999998,22.785449999999997,-3.6089000000000055,0.6033375000000007,4.005349999999997,0.39732499999999993,8.563500000000001,0.41461627493623976,0.704776171022021
121.15,24.35,226.7928,SSP1-2.6,2021-2040,-1.1408999999999878,17.877899999999997,-36.03659999999991,0.7311000000000014,3.6214000000000013,-0.2071000000000005,6.896000000000001,22.90455,-25.116337499999986,0.5716125000000005,3.439749999999999,0.6455375000000003,8.41,0.41461627493623976,0.7679719513918124
121.15,24.4,243.9756,SSP1-2.6,2021-2040,-9.938799999999986,25.548500000000004,-28.774199999999837,0.5790000000000006,3.3929000000000045,0.7786000000000008,9.178,22.151212499999996,-27.81142499999993,0.5743250000000004,3.0747874999999993,0.881475,8.274000000000001,0.41461627493623976,0.8311677317615993
121.15,24.45,280.6583,SSP1-2.6,2021-2040,-12.012499999999989,24.0852,-9.164299999999912,0.5951000000000022,4.4786,1.3445999999999998,8.14,23.7505875,-27.032687499999895,0.6000499999999995,3.6386250000000007,1.2674250000000002,8.744500000000002,0.41461627493623976,0.8943635121313908
121.15,24.5,332.4719,SSP1-2.6,2021-2040,-10.900199999999984,22.6896,-12.692399999999907,0.8149999999999977,4.532100000000003,1.3106999999999989,9.002000000000002,24.332625,-42.583462499999996,0.4614625000000001,4.6689875,1.4379500000000003,9.81075,0.41461627493623976,0.9575592925011822
121.15,24.55,331.7236,SSP1-2.6,2021-2040,-15.329399999999964,25.317500000000003,-81.17169999999987,0.16059999999999874,6.0625,1.6143,12.761999999999999,24.50815,-54.651387500000055,0.32630000000000026,6.001562500000002,1.6526750000000001,11.149750000000001,0.41461627493623976,1.0207550728709736
121.15,24.6,323.2732,SSP1-2.6,2021-2040,-16.488399999999956,27.457299999999996,-81.79930000000013,-0.16659999999999897,7.626800000000003,1.9464000000000006,15.032000000000002,26.000525,-64.36413750000011,0.16352500000000036,5.647325000000002,1.7131625000000001,14.24775,0.41461627493623976,1.0839508532407651
121.15,24.65,257.0223,SSP1-2.6,2021-2040,-6.51879999999997,27.544600000000003,-69.66650000000027,0.28419999999999845,5.0321,1.5213999999999999,17.798000000000002,27.687,-55.32832500000009,0.13380000000000036,5.031925000000002,1.4080249999999999,16.75925,0.41461627493623976,1.147146633610552
121.15,24.7,207.5158,SSP1-2.6,2021-2040,-7.631800000000027,29.605900000000005,-50.69620000000009,0.2533999999999992,3.8464000000000027,0.3570999999999991,19.36,28.951624999999996,-44.47408750000008,0.25205000000000055,4.429925,0.9910625,18.496250000000003,0.41461627493623976,1.2103424139803434
121.15,24.75,181.2701,SSP1-2.6,2021-2040,0.20479999999997744,28.895899999999997,-40.457800000000134,0.23210000000000264,6.367899999999999,0.11069999999999958,18.246000000000002,29.559350000000002,-51.84139999999999,0.1928375,4.836612500000001,0.4667374999999996,18.987000000000002,0.41461627493623976,1.273538194350135
121.15,24.8,173.8362,SSP1-2.6,2021-2040,0.175200000000018,29.14280000000001,-116.90920000000006,-0.06530000000000058,6.851800000000001,0.460700000000001,17.89,29.051724999999998,-54.858000000000004,0.17857500000000037,5.8201,0.2977749999999998,18.499249999999996,0.41461627493623976,1.3367339747199263
121.15,24.85,173.5678,SSP1-2.6,2021-2040,-0.4339999999999975,27.650599999999997,-120.27539999999999,0.11550000000000082,7.451799999999999,0.2893000000000008,17.845999999999997,28.310125000000003,-45.375062499999984,0.2936874999999999,6.3060375,0.1339499999999998,17.819,0.41461627493623976,1.3999297550897176
121.15,24.9,151.5627,SSP1-2.6,2021-2040,-0.6403999999999996,27.184200000000004,-25.16039999999998,0.581199999999999,6.641100000000002,-0.47140000000000093,17.418,27.917525,-35.86401249999997,0.5439750000000001,6.135275,0.008500000000000174,17.435499999999998,0.41461627493623976,1.4631255354595045
121.15,24.95,146.9294,SSP1-2.6,2021-2040,-0.3383999999999787,28.85329999999999,-31.04139999999984,0.7759999999999998,6.2714,-0.6338999999999988,17.804,27.867112500000005,2.0698125000000402,0.8523750000000003,5.3678625,-0.23726250000000015,17.54625,0.41461627493623976,1.526321315829296
121.15,25.0,148.0878,SSP1-2.6,2021-2040,6.271800000000013,28.61,31.641799999999876,1.1012999999999984,4.087499999999999,0.021399999999999864,18.086,28.3095875,17.641150000000067,1.0450625000000007,5.268962500000001,-0.36158749999999995,17.8135,0.41461627493623976,1.5895170961990874
121.15,25.05,138.5894,SSP1-2.6,2021-2040,14.24769999999998,28.073200000000007,80.49570000000017,1.360400000000002,4.419600000000003,-0.08390000000000075,17.578,28.56185,30.753325000000018,1.066325,5.152225,-0.2939499999999998,18.159999999999997,0.41461627493623976,1.652712876568879
121.15,25.1,133.6598,SSP1-2.6,2021-2040,7.320300000000003,28.018100000000004,34.25060000000008,0.9850999999999992,5.085699999999996,-0.44460000000000033,17.666,28.688850000000002,35.45185000000001,1.1217750000000004,5.3232124999999995,-0.17766249999999995,18.204749999999997,0.41461627493623976,1.7159086569386703
121.2,22.8,206.7171,SSP1-2.6,2021-2040,-25.672199999999975,33.3465,-7.518199999999979,0.9295000000000009,9.273200000000003,1.9731999999999994,15.174,32.434349999999995,-7.637887500000005,0.5445500000000005,7.922999999999999,2.0671749999999998,15.102,0.520310115017461,-1.191097240071695
121.2,22.85,221.465,SSP1-2.6,2021-2040,-34.9778,32.5699,-35.14630000000011,0.6128,7.8018,1.8499999999999996,15.628000000000002,31.455912499999997,-3.1031124999999804,0.6132125000000004,8.2549,2.0337,14.38,0.520310115017461,-1.1279014597019037
121.2,22.9,210.415,SSP1-2.6,2021-2040,-23.599999999999994,32.7111,8.916200000000117,0.40949999999999775,5.762499999999996,2.1661,13.704,31.351787499999997,2.4855750000000114,0.6310750000000005,8.9176375,2.052675,14.115,0.520310115017461,-1.0647056793321166
121.2,22.95,200.492,SSP1-2.6,2021-2040,-4.880299999999977,29.659299999999995,63.33220000000006,0.6208999999999989,7.133899999999997,2.1304,12.332,30.718674999999998,25.39650000000006,0.7898749999999999,7.199550000000001,2.1212125,13.26225,0.520310115017461,-1.0015098989623252
121.2,23.0,206.371,SSP1-2.6,2021-2040,-8.8904,30.607600000000005,58.0762000000002,1.2363,2.207100000000004,1.8178999999999998,12.842000000000002,30.224175,45.47357500000001,0.8503124999999998,5.9962124999999995,2.2442124999999997,12.655999999999999,0.520310115017461,-0.9383141185925338
121.2,23.05,215.9436,SSP1-2.6,2021-2040,-16.90209999999999,28.438199999999995,52.143299999999954,0.5739000000000019,2.292899999999996,2.2536000000000005,12.366,30.755962500000003,34.81140000000002,0.8328999999999995,5.261837500000001,2.34955,12.5875,0.520310115017461,-0.8751183382227424
121.2,23.1,235.1445,SSP1-2.6,2021-2040,-27.9127,27.984300000000005,19.82809999999995,0.33389999999999986,7.5268000000000015,2.6196,11.668000000000001,30.991149999999998,25.154374999999987,0.5043125000000002,4.7980125,2.4861625,12.36375,0.520310115017461,-0.811922557852951
121.2,23.15,236.1311,SSP1-2.6,2021-2040,-30.6798,29.578700000000005,31.432600000000093,-0.06769999999999854,1.9125000000000014,2.585699999999999,12.928,29.703625000000002,11.154162499999956,0.48276249999999976,6.7859625,2.3890625,10.8795,0.520310115017461,-0.748726777483164
121.2,23.2,238.2312,SSP1-2.6,2021-2040,-28.384600000000006,29.380000000000003,11.716699999999946,0.4148999999999994,7.339299999999994,1.8678999999999988,9.636,29.053737499999997,12.710912499999978,0.7082625,6.700912500000001,2.3328249999999997,10.568249999999999,0.520310115017461,-0.6855309971133726
121.2,23.25,247.1971,SSP1-2.6,2021-2040,-27.925299999999993,27.967200000000005,6.913600000000088,1.0270999999999972,6.6429000000000045,2.3643,9.921999999999999,29.292362499999996,32.55168749999993,0.9812249999999998,7.351124999999999,2.2571499999999998,10.756,0.520310115017461,-0.6223352167435812
121.2,23.3,235.7734,SSP1-2.6,2021-2040,-11.643699999999995,30.90659999999999,67.92929999999978,1.1757999999999988,6.185699999999997,2.3535999999999992,13.043999999999999,30.548700000000004,79.79503749999995,1.2631999999999997,7.120325000000001,2.5241000000000002,12.2635,0.520310115017461,-0.5591394363737897
121.2,23.35,238.803,SSP1-2.6,2021-2040,1.434599999999989,32.11900000000001,170.25209999999993,1.3559,4.914299999999997,2.8268000000000004,14.315999999999999,31.7211375,120.30856249999994,1.27445,6.413612499999999,2.5566875,13.474,0.520310115017461,-0.4959436560039983
121.2,23.4,231.2304,SSP1-2.6,2021-2040,-0.1851000000000056,32.4365,168.164,1.1976999999999993,3.9375,2.1125000000000007,13.886,31.030150000000006,147.52894999999995,1.1990000000000007,5.491524999999999,2.7254375,13.17725,0.520310115017461,-0.43274787563421135
121.2,23.45,227.5312,SSP1-2.6,2021-2040,-0.7040000000000077,26.0676,147.7922000000001,1.055500000000002,4.867899999999999,2.5571,10.222,30.5709125,144.05367499999997,1.0443875000000002,4.806687500000001,2.7341500000000005,13.0795,0.520310115017461,-0.3695520952644199
121.2,23.5,225.2992,SSP1-2.6,2021-2040,-0.1044000000000267,29.767400000000002,137.64200000000005,1.0115000000000016,5.944600000000001,3.107100000000001,13.264,28.564425000000004,138.65057499999998,0.96685,4.3942125,2.6991,12.0905,0.520310115017461,-0.3063563148946285
121.2,23.55,220.2388,SSP1-2.6,2021-2040,1.0028000000000077,29.283600000000007,123.77369999999974,1.0059000000000005,5.7928999999999995,1.7070999999999987,12.722,27.0548,129.1578875,0.9716374999999999,4.748875,2.7236625,12.172249999999998,0.520310115017461,-0.24316053452483705
121.2,23.6,206.7954,SSP1-2.6,2021-2040,4.8093000000000075,23.6456,107.87979999999993,1.021700000000001,4.496400000000001,2.101799999999999,10.868000000000002,27.388112500000005,116.29602499999996,0.9722,4.764737499999999,2.2834874999999997,12.41875,0.520310115017461,-0.17996475415504562
121.2,23.65,192.5687,SSP1-2.6,2021-2040,9.355999999999995,29.550500000000007,99.19679999999994,0.9027999999999992,3.642900000000001,1.580400000000001,12.99,26.31235,104.60009999999997,0.9309500000000002,3.4258750000000004,2.2390625,13.192250000000001,0.520310115017461,-0.11676897378525869
121.2,23.7,197.9342,SSP1-2.6,2021-2040,8.658899999999988,26.495800000000003,113.87599999999998,0.8553999999999995,0.5339000000000027,2.5768000000000004,15.722000000000001,26.2678875,75.22697500000004,0.7484374999999996,2.003562500000001,2.173,13.20475,0.520310115017461,-0.053573193415467256
121.2,23.75,198.2544,SSP1-2.6,2021-2040,-15.860299999999995,21.2795,40.53359999999998,0.5888999999999989,0.5518000000000001,2.5679,11.604,25.0885625,53.15542500000004,0.5925750000000001,1.3453000000000004,2.0917375000000002,13.41425,0.520310115017461,0.009622586954324176
121.2,23.8,189.9227,SSP1-2.6,2021-2040,-16.024399999999986,19.100300000000004,14.169200000000046,0.43870000000000076,2.2231999999999985,1.8499999999999996,11.05,22.7213,23.543712500000026,0.5007124999999994,2.734587499999998,1.876575,11.2775,0.520310115017461,0.0728183673241156
121.2,23.85,191.8552,SSP1-2.6,2021-2040,-14.391699999999986,20.409099999999995,13.959900000000061,0.4986999999999995,5.283899999999996,1.7731999999999992,9.101999999999999,22.2908125,18.16772499999999,0.5580625000000001,4.394199999999998,1.366525,10.503,0.520310115017461,0.13601414769390704
121.2,23.9,205.9578,SSP1-2.6,2021-2040,-12.0308,23.0732,22.24610000000007,0.5189000000000021,5.5929,0.9268000000000001,9.982,23.148537500000003,32.833112500000055,0.7609999999999992,5.413612499999998,0.9801249999999997,10.286000000000001,0.520310115017461,0.19920992806369398
121.2,23.95,219.311,SSP1-2.6,2021-2040,-1.5854000000000212,26.1252,46.02150000000029,0.8392000000000017,4.9892999999999965,0.5714000000000006,11.316,24.308950000000003,68.3144125,1.0938750000000002,5.076112500000001,0.41226249999999975,10.593,0.520310115017461,0.26240570843348543
121.2,24.0,211.048,SSP1-2.6,2021-2040,14.030300000000011,23.5828,88.48360000000002,1.3703000000000003,6.389299999999999,-0.398200000000001,9.234,25.583937500000005,94.35575,1.3594249999999999,4.262487500000001,0.41695000000000015,11.07375,0.520310115017461,0.32560148880327683
121.2,24.05,239.5331,SSP1-2.6,2021-2040,7.434500000000014,25.880500000000005,35.13519999999971,1.1536000000000008,5.0981999999999985,0.9500000000000011,10.879999999999999,24.925475,105.24554999999992,1.5116749999999994,3.8520000000000008,0.2749999999999999,10.367,0.520310115017461,0.3887972691730683
121.2,24.1,223.0383,SSP1-2.6,2021-2040,5.658800000000014,25.009300000000003,-18.091100000000097,0.843399999999999,4.310699999999997,0.5554000000000006,10.46,25.0013875,93.31251249999991,1.4535374999999995,3.874787500000001,0.5700874999999999,10.04325,0.520310115017461,0.4519930495428597
121.2,24.15,218.2223,SSP1-2.6,2021-2040,8.800200000000018,25.1779,7.207300000000032,1.0763999999999996,4.012499999999999,0.6410999999999998,9.646,24.5918375,57.15343749999994,1.092449999999999,3.8209875,0.42856249999999974,9.636750000000001,0.520310115017461,0.5151888299126467
121.2,24.2,229.8587,SSP1-2.6,2021-2040,4.714200000000005,24.503600000000006,10.391900000000078,0.6362999999999985,3.9196000000000026,0.2767999999999997,8.992,24.4737,32.983074999999985,0.6934500000000003,3.900899999999999,0.40826249999999953,9.103750000000002,0.520310115017461,0.578384610282438
121.2,24.25,214.5532,SSP1-2.6,2021-2040,-5.944600000000008,24.562400000000004,-21.059799999999996,-0.06879999999999953,3.7196,-0.10890000000000022,9.040000000000001,24.250325000000004,13.195224999999994,0.4099999999999997,3.7562499999999996,0.38326249999999984,8.61725,0.520310115017461,0.6415803906522295
121.2,24.3,210.2561,SSP1-2.6,2021-2040,-5.7438999999999965,23.198,8.659700000000157,0.22050000000000125,3.751799999999996,0.4250000000000007,8.711999999999998,22.7624,0.4494624999999246,0.3270125000000004,3.818525,0.38929999999999976,8.0625,0.520310115017461,0.704776171022021
121.2,24.35,213.7987,SSP1-2.6,2021-2040,-8.168199999999985,18.1766,1.487999999999829,0.5100000000000016,4.242899999999999,0.4286000000000012,7.462,21.8905375,-0.5823374999999942,0.4419624999999998,3.6584875000000014,0.7515625000000001,7.940999999999999,0.520310115017461,0.7679719513918124
121.2,24.4,230.6327,SSP1-2.6,2021-2040,-14.012400000000014,20.931400000000004,6.0925000000002,0.5107999999999997,3.7286,1.5625,7.929999999999998,20.8375,-0.22554999999999836,0.5660750000000005,3.8169750000000016,0.9515625000000001,7.777,0.520310115017461,0.8311677317615993
121.2,24.45,269.3947,SSP1-2.6,2021-2040,-12.949000000000012,23.7637,20.207800000000134,0.6097999999999999,3.417900000000003,1.3107000000000006,8.642,21.748450000000002,0.4289250000000493,0.6397249999999999,3.7216625000000008,1.2741125,7.907,0.520310115017461,0.8943635121313908
121.2,24.5,324.1016,SSP1-2.6,2021-2040,-13.418800000000033,23.757800000000003,7.186999999999898,0.6923999999999992,3.178599999999996,1.5536000000000012,7.134,22.504075,-9.045749999999884,0.56595,4.203575000000001,1.5185374999999997,8.75125,0.520310115017461,0.9575592925011822
121.2,24.55,335.3871,SSP1-2.6,2021-2040,-18.427599999999984,21.184199999999997,-40.94579999999996,0.3960000000000008,5.137500000000003,1.9285999999999994,8.306,23.7293625,-24.056862500000022,0.3993624999999996,4.915625000000001,1.7567124999999997,10.14,0.520310115017461,1.0207550728709736
121.2,24.6,331.4024,SSP1-2.6,2021-2040,-21.822299999999984,21.6445,-74.07840000000033,0.03420000000000201,7.123200000000004,1.8249999999999993,9.584,24.863974999999996,-48.05483750000002,0.2359874999999998,5.350450000000001,1.9076,12.661,0.520310115017461,1.0839508532407651
121.2,24.65,302.8522,SSP1-2.6,2021-2040,-11.914699999999982,26.674899999999994,-85.08470000000034,0.09100000000000108,4.6554,1.9857000000000014,15.274000000000001,26.185712499999998,-51.05408750000012,0.2529624999999993,5.678350000000001,1.6245499999999997,15.12125,0.520310115017461,1.147146633610552
121.2,24.7,276.8722,SSP1-2.6,2021-2040,-12.471000000000004,28.647299999999994,-65.97530000000006,0.35139999999999816,5.116099999999996,1.6428999999999991,18.732,27.5563875,-38.572175000000044,0.36441250000000025,5.510275,1.3234250000000003,17.171,0.520310115017461,1.2103424139803434
121.2,24.75,236.2187,SSP1-2.6,2021-2040,1.3499999999999943,29.820599999999992,-26.460999999999785,0.363900000000001,4.075000000000003,1.6357,19.36,28.318912499999996,-34.80708750000005,0.33333749999999984,6.009387500000001,1.0078125000000002,18.14275,0.520310115017461,1.273538194350135
121.2,24.8,178.2848,SSP1-2.6,2021-2040,-0.2907999999999902,28.6978,-48.4692,-0.08449999999999847,7.408900000000003,0.6428999999999991,18.747999999999998,27.987987499999996,-36.47968750000001,0.2894250000000005,6.348000000000001,0.9071500000000006,17.82325,0.520310115017461,1.3367339747199263
121.2,24.85,172.0038,SSP1-2.6,2021-2040,-3.0589000000000226,27.037299999999995,-75.79040000000009,-0.08030000000000115,7.189299999999999,0.8142999999999994,17.568,27.286975,-34.83562500000002,0.34876249999999986,6.525900000000001,0.41386250000000047,17.24225,0.520310115017461,1.3999297550897176
121.2,24.9,157.3468,SSP1-2.6,2021-2040,-2.055800000000005,26.094600000000007,-27.44489999999996,0.38899999999999935,5.6768,0.0036000000000004917,16.625999999999998,26.921137499999997,-32.9459875,0.5457000000000001,6.7125,-0.0423874999999998,16.96725,0.520310115017461,1.4631255354595045
121.2,24.95,144.8226,SSP1-2.6,2021-2040,1.9694000000000074,27.1216,-26.19679999999994,0.8063000000000002,5.1875,-0.7786000000000008,15.996,27.371924999999997,-7.204024999999973,0.8229249999999997,6.118975,-0.19752500000000006,17.436,0.520310115017461,1.526321315829296
121.2,25.0,141.6057,SSP1-2.6,2021-2040,4.185699999999997,29.2427,-8.02859999999987,1.102800000000002,4.748199999999997,-0.21960000000000068,19.034,28.034512499999998,13.94647500000002,0.9801500000000001,5.730350000000001,-0.23748749999999996,17.63375,0.520310115017461,1.5895170961990874
121.2,25.05,139.4125,SSP1-2.6,2021-2040,10.174599999999998,29.150999999999996,23.80619999999999,1.0639000000000003,5.871400000000001,-0.06959999999999944,18.208,28.4768,32.40965000000003,1.063825,5.418074999999998,-0.14976250000000024,18.079499999999996,0.520310115017461,1.652712876568879
121.2,25.1,131.6031,SSP1-2.6,2021-2040,9.756900000000002,28.791600000000003,28.17430000000013,0.985199999999999,6.4195999999999955,-0.25710000000000033,17.348,28.545312499999998,37.62021250000001,1.0745750000000003,5.329462499999999,-0.07811249999999992,18.079,0.520310115017461,1.7159086569386703
121.25,22.9,216.8963,SSP1-2.6,2021-2040,-30.25710000000001,33.0166,-33.50839999999994,0.9097000000000008,8.875,1.8946000000000005,14.852,31.28035,2.5977000000000317,0.8029750000000004,9.152237499999998,2.0696499999999998,13.8925,0.6260039550986825,-1.0647056793321166
121.25,22.95,205.0974,SSP1-2.6,2021-2040,-18.22369999999998,31.2198,15.643000000000029,1.0976999999999997,11.275000000000006,2.0481999999999996,13.165999999999999,31.079299999999996,20.905762500000066,0.94685,7.8044625,2.1774750000000003,13.242500000000001,0.6260039550986825,-1.0015098989623252
121.25,23.0,198.2906,SSP1-2.6,2021-2040,-7.61790000000002,29.685300000000005,34.59030000000007,1.908100000000001,7.700000000000003,2.2142999999999997,12.272,30.662212499999995,26.665587500000044,1.1895125000000002,7.0388375,2.1823875,12.908000000000001,0.6260039550986825,-0.9383141185925338
121.25,23.05,204.9055,SSP1-2.6,2021-2040,-11.182999999999993,31.877499999999998,30.261600000000044,1.6021,2.446399999999997,2.1768,13.044,29.95695,26.357875000000007,1.0787750000000003,6.7736625,2.3741125000000003,12.37425,0.6260039550986825,-0.8751183382227424
121.25,23.1,235.0819,SSP1-2.6,2021-2040,-26.985299999999995,31.0619,13.63779999999997,0.35999999999999943,6.692900000000002,2.7839,13.12,29.5165625,20.380674999999997,0.8080000000000003,5.468524999999998,2.434825,11.82975,0.6260039550986825,-0.811922557852951
121.25,23.15,250.155,SSP1-2.6,2021-2040,-30.295800000000014,28.484400000000008,13.759000000000015,0.4558,5.6768,2.4303999999999997,11.319999999999999,29.5211125,5.1935624999999845,0.5230125000000001,6.597549999999999,2.468075,11.46525,0.6260039550986825,-0.748726777483164
121.25,23.2,265.027,SSP1-2.6,2021-2040,-31.504699999999985,27.947799999999994,0.11580000000003565,0.9326000000000008,6.703600000000002,2.3643,10.88,29.294125000000005,7.766762499999999,0.7172749999999994,5.844212499999999,2.4743499999999994,11.025749999999999,0.6260039550986825,-0.6855309971133726
121.25,23.25,255.8634,SSP1-2.6,2021-2040,-23.010400000000004,31.030500000000004,16.155099999999948,1.3323,6.430399999999999,2.6411,11.618,29.3631125,35.43644999999995,0.9355249999999993,5.96185,2.482825,11.40675,0.6260039550986825,-0.6223352167435812
121.25,23.3,241.7888,SSP1-2.6,2021-2040,-6.628399999999999,30.563500000000005,99.21579999999994,0.9784000000000006,5.648199999999999,2.8946000000000005,12.767999999999999,30.432100000000002,82.84332499999996,1.2437499999999992,5.81095,2.6435375,12.34225,0.6260039550986825,-0.5591394363737897
121.25,23.35,238.2871,SSP1-2.6,2021-2040,5.959699999999998,32.85640000000001,182.94730000000004,1.4614000000000011,5.960700000000003,2.946399999999999,14.696,31.0383875,124.00618749999995,1.2001499999999998,5.778562499999999,2.5904000000000007,12.994499999999999,0.6260039550986825,-0.4959436560039983
121.25,23.4,249.908,SSP1-2.6,2021-2040,4.713100000000026,30.754000000000005,201.44409999999993,1.426000000000002,5.998199999999997,2.689300000000001,13.352,31.424312500000003,144.02958750000002,1.2262250000000003,6.0104875,2.8156125000000003,13.136,0.6260039550986825,-0.43274787563421135
121.25,23.45,255.8864,SSP1-2.6,2021-2040,4.698599999999971,33.05610000000001,194.8449999999998,1.298,5.074999999999999,3.2607,13.666,30.962525000000003,150.60030000000006,1.1544625000000008,5.6979875,3.0002125000000004,13.09425,0.6260039550986825,-0.3695520952644199
121.25,23.5,265.0738,SSP1-2.6,2021-2040,1.9300000000000068,32.564499999999995,196.96309999999994,1.3087999999999997,4.658900000000003,3.767900000000001,14.576,30.382025000000002,161.04353750000007,1.1556500000000007,5.198,3.2684999999999995,13.0335,0.6260039550986825,-0.3063563148946285
121.25,23.55,268.8578,SSP1-2.6,2021-2040,5.702699999999993,30.609700000000004,220.07110000000011,1.4152999999999984,4.626799999999999,4.199999999999999,13.540000000000001,29.040762500000003,165.36273749999998,1.1937000000000004,4.7138375,2.9678375,13.08275,0.6260039550986825,-0.24316053452483705
121.25,23.6,227.2408,SSP1-2.6,2021-2040,18.064599999999984,26.3538,178.19999999999982,1.341899999999999,6.137499999999999,2.6821,11.59,28.115575,162.99184999999997,1.27195,4.5089375,2.596425,13.194749999999999,0.6260039550986825,-0.17996475415504562
121.25,23.65,198.6305,SSP1-2.6,2021-2040,18.685299999999984,27.027499999999996,145.00440000000003,1.4587000000000003,5.057099999999998,2.0607000000000006,12.557999999999998,26.344125,146.69608749999992,1.231375,3.3598375000000007,2.1488875,13.0425,0.6260039550986825,-0.11676897378525869
121.25,23.7,192.2125,SSP1-2.6,2021-2040,9.793000000000006,24.780699999999996,127.33010000000013,1.1114000000000015,0.08040000000000092,1.8820999999999994,13.19,25.4380125,101.78566249999997,1.0887749999999996,2.4136125000000006,2.0915375000000003,12.9735,0.6260039550986825,-0.053573193415467256
121.25,23.75,196.7212,SSP1-2.6,2021-2040,-12.697400000000016,23.173699999999997,26.461100000000215,0.3957999999999995,-0.7785999999999973,2.3786000000000005,12.155999999999999,23.869662499999997,72.56617499999996,0.9679750000000003,1.95335,1.9640624999999998,12.357999999999999,0.6260039550986825,0.009622586954324176
121.25,23.8,188.5517,SSP1-2.6,2021-2040,-5.014100000000013,24.284099999999995,22.711699999999837,0.6922999999999995,1.7106999999999957,1.5213999999999999,12.04,21.7760625,39.52323750000002,0.8060374999999997,3.2131625,2.0189749999999997,10.5015,0.6260039550986825,0.0728183673241156
121.25,23.85,197.332,SSP1-2.6,2021-2040,-6.3086999999999875,21.3082,35.415899999999965,0.7920999999999978,4.998199999999997,1.8142999999999994,8.362,22.0527125,43.872037499999976,0.8636125000000008,4.905362499999999,1.6245374999999995,10.232,0.6260039550986825,0.13601414769390704
121.25,23.9,202.9011,SSP1-2.6,2021-2040,-5.168200000000013,22.2042,57.769799999999805,0.9975000000000023,5.503599999999999,1.2963999999999984,9.811999999999998,22.4543,68.83910000000003,1.0259249999999998,5.435712499999999,1.2863749999999998,9.72775,0.6260039550986825,0.19920992806369398
121.25,23.95,198.7248,SSP1-2.6,2021-2040,4.156000000000006,24.820699999999995,115.02410000000009,1.3714999999999975,4.387500000000003,0.11960000000000015,10.502000000000002,23.213275,113.60636249999999,1.373600000000001,4.7991125,0.7761124999999998,10.0425,0.6260039550986825,0.26240570843348543
121.25,24.0,184.3078,SSP1-2.6,2021-2040,34.09390000000002,23.1774,224.45949999999993,2.1965000000000003,2.5446000000000026,0.24460000000000015,10.0,23.7347375,150.3013375,1.6676374999999997,3.51585,0.5107250000000001,9.917000000000002,0.6260039550986825,0.32560148880327683
121.25,24.05,199.552,SSP1-2.6,2021-2040,43.54160000000002,23.0606,276.1241,2.5909999999999975,1.2911000000000037,0.34110000000000085,8.902000000000001,23.7381375,170.2083624999999,1.8997875,2.8055749999999993,0.39175000000000004,9.892,0.6260039550986825,0.3887972691730683
121.25,24.1,183.641,SSP1-2.6,2021-2040,23.79230000000001,25.0133,222.3802999999998,2.337699999999998,1.5,0.1338999999999988,10.068,23.509125000000004,157.65134999999992,1.8198374999999993,2.306025,0.6087250000000002,9.722,0.6260039550986825,0.4519930495428597
121.25,24.15,209.9447,SSP1-2.6,2021-2040,6.667599999999993,21.851799999999997,185.69000000000005,1.7713999999999999,1.0054000000000016,0.6856999999999989,8.882,23.836575000000003,97.39149999999995,1.3357374999999991,2.6792375,0.4471125,9.51775,0.6260039550986825,0.5151888299126467
121.25,24.2,229.0998,SSP1-2.6,2021-2040,-13.324699999999979,23.739400000000003,19.261399999999867,0.514599999999998,2.2911,0.47499999999999964,8.804,23.5379375,53.383162500000026,0.7060375000000003,2.7542375000000003,0.3848374999999997,8.903500000000001,0.6260039550986825,0.578384610282438
121.25,24.25,225.2069,SSP1-2.6,2021-2040,-16.167299999999983,24.127500000000005,-17.721900000000005,-0.3362999999999978,3.130399999999998,0.37679999999999936,8.328000000000001,23.6329375,15.152787499999988,0.22158750000000005,2.81785,0.47501250000000006,8.5565,0.6260039550986825,0.6415803906522295
121.25,24.3,209.9772,SSP1-2.6,2021-2040,-9.557299999999998,23.9914,4.139599999999973,-0.1194000000000024,2.3839000000000006,0.5731999999999999,8.161999999999999,22.756700000000002,4.547474999999906,0.08470000000000111,3.3243375,0.6812624999999999,8.08425,0.6260039550986825,0.704776171022021
121.25,24.35,223.0774,SSP1-2.6,2021-2040,-11.970500000000015,22.996700000000004,22.49559999999974,0.3191999999999986,3.7214000000000027,1.5195999999999987,7.666,21.4497125,2.4806499999999403,0.21553750000000038,3.2692125000000005,1.0895125000000003,7.8469999999999995,0.6260039550986825,0.7679719513918124
121.25,24.4,225.9841,SSP1-2.6,2021-2040,-8.855800000000016,16.1935,18.490299999999934,0.5686999999999998,4.275000000000002,1.3214000000000006,7.138,21.2941375,2.491849999999971,0.40193749999999984,3.4203250000000014,1.2921874999999998,7.809249999999999,0.6260039550986825,0.8311677317615993
121.25,24.45,242.0057,SSP1-2.6,2021-2040,-8.55279999999999,18.057900000000004,9.489000000000033,0.6157000000000004,3.3857,1.1160999999999994,7.093999999999999,21.821775000000002,7.9080625,0.5489874999999995,3.0087250000000005,1.481475,7.667249999999999,0.6260039550986825,0.8943635121313908
121.25,24.5,273.7845,SSP1-2.6,2021-2040,-12.484299999999962,22.7237,12.803499999999985,0.7410999999999994,2.8018,1.2053999999999991,7.640000000000001,21.8787125,11.765862500000082,0.5912749999999996,3.393975,1.7738999999999998,7.67925,0.6260039550986825,0.9575592925011822
121.25,24.55,315.5168,SSP1-2.6,2021-2040,-18.9837,22.2108,29.107900000000427,0.5943000000000005,3.8125,2.3179,8.424000000000001,22.915637500000003,2.383362499999919,0.5399874999999996,3.8156250000000003,2.0201124999999998,8.82,0.6260039550986825,1.0207550728709736
121.25,24.6,338.8761,SSP1-2.6,2021-2040,-25.856100000000026,24.033699999999996,8.188499999999749,0.3238999999999983,4.1875000000000036,2.2803999999999984,11.541999999999998,23.5031125,-16.212424999999996,0.4532250000000002,5.000887500000001,2.1738999999999997,11.01525,0.6260039550986825,1.0839508532407651
121.25,24.65,318.885,SSP1-2.6,2021-2040,-16.985900000000015,24.488799999999998,-63.067099999999755,0.20449999999999946,6.289300000000001,1.6661000000000001,12.15,24.982162499999998,-24.16870000000017,0.4954999999999994,5.427462500000001,2.0120625,14.11625,0.6260039550986825,1.147146633610552
121.25,24.7,287.2491,SSP1-2.6,2021-2040,-4.360000000000014,26.063599999999994,-11.338400000000092,0.7386999999999979,6.205399999999997,1.7571000000000012,16.772000000000002,26.316287499999994,-26.424537499999985,0.5134000000000003,6.0372875000000015,1.7268000000000003,15.949750000000002,0.6260039550986825,1.2103424139803434
121.25,24.75,249.5033,SSP1-2.6,2021-2040,8.219700000000017,27.356799999999993,38.19430000000011,0.7475000000000023,7.610700000000001,1.5536000000000012,18.408,27.240812499999997,-17.291487500000017,0.5182499999999997,5.9993500000000015,1.578575,17.161749999999998,0.6260039550986825,1.273538194350135
121.25,24.8,195.4141,SSP1-2.6,2021-2040,2.3211000000000013,28.141199999999998,17.19509999999991,0.4933999999999976,4.667900000000003,1.5375000000000014,16.986,27.460324999999997,-4.4098749999999995,0.47321250000000115,6.845762500000001,1.2823750000000003,17.57875,0.6260039550986825,1.3367339747199263
121.25,24.85,154.826,SSP1-2.6,2021-2040,5.1913000000000125,25.8587,32.66689999999994,0.5086000000000013,6.569600000000001,0.8554000000000013,16.281999999999996,27.114575000000002,-8.144662500000067,0.5067499999999998,6.748675,0.8250125000000001,17.2265,0.6260039550986825,1.3999297550897176
121.25,24.9,142.2652,SSP1-2.6,2021-2040,3.018100000000004,25.5259,9.712099999999964,0.8521999999999998,6.939299999999999,-0.00709999999999944,16.142000000000003,26.455887500000003,-11.850425000000058,0.6317624999999998,6.763612500000001,0.2321500000000003,16.734499999999997,0.6260039550986825,1.4631255354595045
121.25,24.95,139.2897,SSP1-2.6,2021-2040,1.2864999999999895,26.137499999999996,-27.482500000000073,0.8061000000000007,7.450000000000003,-0.4070999999999998,16.682000000000002,26.666737500000004,1.9788375000000258,0.8598499999999993,6.349774999999999,0.009599999999999942,17.03325,0.6260039550986825,1.526321315829296
121.25,25.0,141.6408,SSP1-2.6,2021-2040,4.130099999999999,27.327200000000005,20.1717000000001,0.9747999999999983,7.137499999999999,0.1338999999999988,17.695999999999998,27.462175,12.166087499999975,0.9595999999999996,6.1560250000000005,-0.04998749999999985,17.581249999999997,0.6260039550986825,1.5895170961990874
121.25,25.05,137.2724,SSP1-2.6,2021-2040,9.064400000000006,29.00229999999999,40.17709999999988,0.9524000000000008,5.417900000000003,-0.08209999999999873,19.020000000000003,28.09285,34.2202125,1.0600999999999994,6.158924999999998,0.14419999999999977,17.887499999999996,0.6260039550986825,1.652712876568879
121.25,25.1,130.315,SSP1-2.6,2021-2040,9.754400000000004,28.749299999999998,32.394599999999855,1.0486000000000004,6.028599999999997,-0.2660999999999998,18.208,28.186637499999996,40.81727499999997,1.0424374999999992,6.076112499999999,0.08216250000000014,17.74725,0.6260039550986825,1.7159086569386703
121.3,22.95,212.7497,SSP1-2.6,2021-2040,-20.51079999999999,32.6408,-27.773599999999988,1.0131000000000014,12.9179,2.2017999999999995,14.614,30.969275,21.086437500000073,1.1942874999999997,7.623875000000001,2.1377375,13.008500000000002,0.7316977951799037,-1.0015098989623252
121.3,23.0,206.4605,SSP1-2.6,2021-2040,-12.507599999999996,31.068099999999994,7.750700000000052,1.3609000000000009,11.483900000000002,2.416100000000001,12.98,31.0734,19.780362500000052,1.3149375,8.1100375,2.2680875,12.938749999999999,0.7316977951799037,-0.9383141185925338
121.3,23.05,210.6232,SSP1-2.6,2021-2040,-12.976399999999984,29.786399999999993,13.891300000000001,2.0111999999999988,6.553599999999996,2.4143,11.920000000000002,30.662275,24.493000000000023,1.0121750000000005,7.9087,2.554025,12.789,0.7316977951799037,-0.8751183382227424
121.3,23.1,220.1791,SSP1-2.6,2021-2040,-18.269900000000007,31.0238,10.945299999999861,0.8459000000000003,9.732099999999996,2.4732000000000003,11.825999999999999,30.29775,13.06906250000003,0.9462875,7.621874999999999,2.629025,12.03,0.7316977951799037,-0.811922557852951
121.3,23.15,238.9551,SSP1-2.6,2021-2040,-26.339499999999987,28.95920000000001,-9.215799999999945,0.7088999999999999,7.6070999999999955,2.5250000000000004,9.565999999999999,29.6693,-1.1026125000000206,0.7279875000000002,7.439075000000001,2.5948750000000005,11.4835,0.7316977951799037,-0.748726777483164
121.3,23.2,262.8138,SSP1-2.6,2021-2040,-32.32160000000002,30.233199999999997,-36.912000000000035,0.6555999999999997,5.266100000000002,2.5250000000000004,12.097999999999999,29.100925000000004,5.9324624999999855,0.9751875000000001,6.4500125,2.5109624999999998,10.8615,0.7316977951799037,-0.6855309971133726
121.3,23.25,259.1125,SSP1-2.6,2021-2040,-26.789500000000004,28.719800000000006,28.28489999999988,1.2112999999999978,5.878599999999999,2.8553999999999995,11.118,29.4774125,34.838412499999976,1.0965000000000003,5.834175,2.5509000000000004,11.610500000000002,0.7316977951799037,-0.6223352167435812
121.3,23.3,251.4089,SSP1-2.6,2021-2040,-10.18089999999998,29.186799999999998,106.22749999999996,1.0884999999999998,4.0304,2.6375,11.788000000000002,30.2763625,75.99765,1.3321625,6.419649999999999,2.7111625,12.40825,0.7316977951799037,-0.5591394363737897
121.3,23.35,264.1773,SSP1-2.6,2021-2040,-10.476400000000012,30.670499999999997,84.03680000000008,1.297699999999999,6.444599999999998,2.523200000000001,12.235999999999999,30.5157875,109.47418749999997,1.3078125000000003,6.8942,2.6906125000000003,12.6605,0.7316977951799037,-0.4959436560039983
121.3,23.4,271.1424,SSP1-2.6,2021-2040,-9.753199999999993,31.6702,94.7799,1.081199999999999,9.069600000000001,2.6857000000000006,12.565999999999999,31.1822625,112.90163750000002,1.3922625000000004,7.091287499999998,2.8397249999999996,12.922,0.7316977951799037,-0.43274787563421135
121.3,23.45,263.8152,SSP1-2.6,2021-2040,-0.41399999999998727,32.5182,109.41940000000022,1.062400000000002,7.814299999999999,3.612499999999999,13.500000000000002,31.23645,117.01233749999997,1.3585875,6.8287875,2.9433000000000002,12.96025,0.7316977951799037,-0.3695520952644199
121.3,23.5,266.137,SSP1-2.6,2021-2040,10.937400000000025,31.921800000000005,148.59770000000026,1.092600000000001,3.292900000000003,3.4696,13.388,31.0407125,137.84850000000003,1.4133125,6.499549999999999,3.4553624999999997,13.257750000000001,0.7316977951799037,-0.3063563148946285
121.3,23.55,253.8481,SSP1-2.6,2021-2040,25.418800000000033,29.8318,206.20720000000028,1.3040000000000003,4.169599999999999,4.2339,13.966,30.04595,157.90809999999996,1.401225,5.5310375,3.1540125000000003,12.89725,0.7316977951799037,-0.24316053452483705
121.3,23.6,231.6263,SSP1-2.6,2021-2040,28.208499999999987,28.957600000000006,223.63839999999982,1.4632000000000005,3.2179,2.6731999999999996,14.288,28.2586875,166.8654375,1.4256999999999997,5.6511125,3.0002125,12.7345,0.7316977951799037,-0.17996475415504562
121.3,23.65,198.8598,SSP1-2.6,2021-2040,25.913999999999987,26.018299999999996,178.1633999999999,1.6039999999999992,5.067900000000002,2.2143000000000015,14.626000000000001,27.0634375,150.58106249999992,1.3941875000000004,4.6180875,2.4372625,12.1275,0.7316977951799037,-0.11676897378525869
121.3,23.7,198.088,SSP1-2.6,2021-2040,13.82250000000002,24.950699999999998,145.28419999999983,1.550600000000001,3.7017999999999986,1.4803999999999995,11.065999999999999,26.1030625,122.35446250000001,1.3047625,3.3067,2.4765625,12.610499999999998,0.7316977951799037,-0.053573193415467256
121.3,23.75,206.5757,SSP1-2.6,2021-2040,4.482299999999981,25.008099999999992,65.7657999999999,1.3539999999999992,1.5320999999999998,1.8732000000000006,13.065999999999999,25.368699999999997,96.97698749999998,1.2311500000000004,3.236625,2.273225,11.5475,0.7316977951799037,0.009622586954324176
121.3,23.8,210.7696,SSP1-2.6,2021-2040,3.832700000000017,25.058099999999996,50.858799999999974,1.1525000000000016,5.292900000000003,1.9606999999999992,11.126,23.759387500000003,80.17128750000003,1.2232749999999994,3.948875,2.1910749999999997,10.55575,0.7316977951799037,0.0728183673241156
121.3,23.85,217.8147,SSP1-2.6,2021-2040,9.462299999999999,18.871500000000005,69.02160000000003,1.2276000000000007,6.601800000000004,1.9338999999999995,7.545999999999999,23.681725,79.56354999999996,1.3103124999999995,5.637949999999999,1.9252124999999995,10.254,0.7316977951799037,0.13601414769390704
121.3,23.9,216.9464,SSP1-2.6,2021-2040,11.000999999999976,23.4212,100.23919999999998,1.3826999999999998,7.033899999999999,1.7339000000000002,11.198,22.3237375,103.70316249999999,1.4411999999999991,5.4176375000000005,1.6082499999999997,9.183,0.7316977951799037,0.19920992806369398
121.3,23.95,210.6926,SSP1-2.6,2021-2040,11.501200000000011,21.6053,148.78449999999975,1.5766999999999989,4.598200000000002,1.4178999999999995,9.814,22.92135,146.04698750000003,1.6666875,4.2341625,1.1227500000000001,9.4955,0.7316977951799037,0.26240570843348543
121.3,24.0,204.0411,SSP1-2.6,2021-2040,25.82329999999999,22.5169,220.84670000000006,2.107000000000003,1.7410999999999994,0.41610000000000014,8.984000000000002,22.688225000000003,186.32361250000002,1.872937499999999,2.650887500000001,0.8763375000000004,9.146,0.7316977951799037,0.32560148880327683
121.3,24.05,201.9381,SSP1-2.6,2021-2040,36.405699999999996,22.285900000000005,271.991,2.3317999999999977,-0.36790000000000234,0.6678999999999995,9.703999999999999,22.7798875,218.9034625,2.145775,1.8810375000000006,0.6040125000000005,9.21925,0.7316977951799037,0.3887972691730683
121.3,24.1,183.4887,SSP1-2.6,2021-2040,27.07310000000001,22.439,316.46169999999984,2.8580000000000005,1.2286000000000001,0.5643000000000011,9.806000000000001,22.7601375,201.96309999999994,2.008174999999999,1.4343750000000002,0.6091500000000001,9.46475,0.7316977951799037,0.4519930495428597
121.3,24.15,195.9269,SSP1-2.6,2021-2040,6.051800000000014,22.368000000000002,186.69259999999986,1.9330999999999996,1.869600000000002,0.4642999999999997,9.496000000000002,22.75345,140.12563749999993,1.5041124999999997,1.8556000000000004,0.5799125000000003,9.476,0.7316977951799037,0.5151888299126467
121.3,24.2,225.1123,SSP1-2.6,2021-2040,-15.925900000000013,22.442100000000003,34.82790000000023,0.4863999999999997,2.3018,0.46610000000000085,8.87,22.955325000000002,69.27883749999995,0.7866750000000002,2.3576,0.6348249999999998,9.0595,0.7316977951799037,0.578384610282438
121.3,24.25,236.656,SSP1-2.6,2021-2040,-13.766500000000008,23.270200000000003,41.03729999999996,0.1498000000000026,2.0749999999999993,0.2767999999999997,7.974,23.083650000000002,11.41637499999996,0.22014999999999985,2.5672,0.8493374999999999,8.555,0.7316977951799037,0.6415803906522295
121.3,24.3,221.4116,SSP1-2.6,2021-2040,-10.91719999999998,23.3564,23.96429999999964,-0.04669999999999774,2.1000000000000014,1.4161000000000001,7.898,23.0193375,-2.0088250000000585,0.08133750000000006,2.9466625,0.9305749999999995,8.020499999999998,0.7316977951799037,0.704776171022021
121.3,24.35,219.0711,SSP1-2.6,2021-2040,-13.216100000000012,22.3658,-22.483400000000074,-0.07010000000000005,3.8536000000000037,1.1160999999999994,7.593999999999999,22.2724125,-15.540125000000131,0.1823125000000001,3.0359375000000006,1.3145,7.724499999999999,0.7316977951799037,0.7679719513918124
121.3,24.4,223.1844,SSP1-2.6,2021-2040,-8.783000000000015,23.3846,-20.505800000000136,0.15050000000000097,1.8179000000000016,1.8732000000000006,7.879999999999999,21.1956625,-25.02697500000002,0.2815749999999997,3.6886000000000005,1.2915249999999996,7.668,0.7316977951799037,0.8311677317615993
121.3,24.45,221.8939,SSP1-2.6,2021-2040,-3.5156000000000063,20.6764,3.151100000000042,0.5695999999999977,3.194600000000001,1.4106999999999985,8.206,21.4547375,-17.90587500000001,0.45093749999999977,2.9890625,1.3814874999999998,7.50825,0.7316977951799037,0.8943635121313908
121.3,24.5,233.9166,SSP1-2.6,2021-2040,-4.542899999999975,23.143099999999997,15.83809999999994,0.5489999999999995,1.6554000000000002,1.6143,6.767999999999999,21.673825,14.431112500000097,0.6330624999999999,2.9249874999999994,1.7111749999999994,7.89875,0.7316977951799037,0.9575592925011822
121.3,24.55,262.7394,SSP1-2.6,2021-2040,-11.169699999999978,22.235799999999998,50.09180000000015,0.7033999999999985,3.3695999999999984,2.9392999999999994,6.859999999999999,22.5429625,27.34273749999997,0.71095,2.4227749999999997,2.0404124999999995,8.96175,0.7316977951799037,1.0207550728709736
121.3,24.6,277.6191,SSP1-2.6,2021-2040,-9.217800000000011,24.602300000000007,39.98219999999992,0.8798999999999992,3.071399999999997,2.8142999999999994,12.726,22.9969125,24.31476250000003,0.7023250000000001,4.032137500000001,2.2875125,10.38625,0.7316977951799037,1.0839508532407651
121.3,24.65,301.9903,SSP1-2.6,2021-2040,-6.737300000000005,24.983599999999996,14.29469999999992,0.7225000000000001,6.548200000000001,1.9143000000000008,14.798,23.9676875,9.935512499999902,0.7754499999999993,4.7979875000000005,2.197775,12.793500000000002,0.7316977951799037,1.147146633610552
121.3,24.7,308.3239,SSP1-2.6,2021-2040,-4.677699999999959,23.2074,-19.338200000000143,0.8223999999999982,6.512500000000003,1.8767999999999994,13.502,25.46915,7.199250000000006,0.7941375000000002,6.632137500000001,1.8477750000000006,15.21625,0.7316977951799037,1.2103424139803434
121.3,24.75,270.9052,SSP1-2.6,2021-2040,7.312800000000038,25.350900000000003,-3.9589999999998327,0.804000000000002,7.491100000000003,1.5393000000000008,15.374,26.1858625,10.603712499999972,0.7573999999999996,6.297325000000001,1.8537875000000006,16.4435,0.7316977951799037,1.273538194350135
121.3,24.8,216.2419,SSP1-2.6,2021-2040,3.274400000000014,27.99770000000001,20.01409999999987,0.6567000000000007,6.517900000000001,1.9963999999999995,17.82,26.4687,13.750500000000017,0.6926375000000005,6.51585,1.5046875000000008,16.638,0.7316977951799037,1.3367339747199263
121.3,24.85,177.3614,SSP1-2.6,2021-2040,3.0803999999999974,27.562800000000003,28.52529999999979,0.8698000000000015,7.903600000000001,1.221400000000001,17.07,26.390287500000003,9.0101875,0.6667124999999996,6.129025,1.0935375000000005,16.5965,0.7316977951799037,1.3999297550897176
121.3,24.9,149.5874,SSP1-2.6,2021-2040,6.910599999999988,25.859300000000005,11.100599999999986,0.9576999999999991,7.685699999999997,0.3910999999999998,16.851999999999997,26.0939625,0.43894999999994866,0.7273624999999999,6.5171875,0.42902500000000043,16.65275,0.7316977951799037,1.4631255354595045
121.3,24.95,142.3323,SSP1-2.6,2021-2040,5.3297000000000025,25.975300000000004,-10.181600000000117,0.7968999999999973,6.446400000000001,-0.24289999999999878,16.799999999999997,25.9834625,5.941062500000015,0.8525499999999995,6.806475000000001,0.2517999999999998,16.86425,0.7316977951799037,1.526321315829296
121.3,25.0,140.2247,SSP1-2.6,2021-2040,6.126999999999981,26.187299999999993,46.69820000000004,0.9990999999999985,6.976800000000001,0.7964000000000002,17.119999999999997,26.517474999999997,8.686312499999985,0.8958874999999993,6.696650000000002,0.060049999999999826,17.313,0.7316977951799037,1.5895170961990874
121.3,25.05,133.8473,SSP1-2.6,2021-2040,7.860800000000012,26.8797,58.53669999999988,1.1492999999999967,7.149999999999999,0.6035999999999992,17.79,27.342449999999996,31.26109999999997,1.0039374999999997,6.566750000000001,0.215175,17.48025,0.7316977951799037,1.652712876568879
121.3,25.1,127.6105,SSP1-2.6,2021-2040,11.609700000000004,28.413999999999994,72.00859999999989,1.1570999999999998,4.939299999999996,0.43210000000000015,17.696,27.712149999999998,34.55333749999997,1.0163624999999992,6.5913,0.09220000000000017,17.564,0.7316977951799037,1.7159086569386703
121.3,25.15,130.2116,SSP1-2.6,2021-2040,8.256799999999998,27.711899999999993,25.857500000000073,0.9262999999999977,6.125,0.10890000000000022,17.222,27.913624999999996,41.83552499999993,1.0415499999999995,6.489962499999999,0.14956250000000015,17.879,0.7316977951799037,1.7791044373084572
121.35,23.05,216.5907,SSP1-2.6,2021-2040,-15.201899999999995,31.745999999999995,22.6088000000002,0.8050999999999995,12.048200000000001,2.7981999999999996,13.826,30.718375,20.121562499999982,1.0927125000000002,8.056687499999999,2.6524625000000004,12.14075,0.837391635261125,-0.8751183382227424
121.35,23.1,223.9805,SSP1-2.6,2021-2040,-18.56020000000001,30.397400000000005,24.006200000000035,0.6414000000000009,10.8732,3.3161000000000005,12.877999999999998,30.3155875,20.996512499999994,0.9561999999999999,8.483249999999998,2.7060250000000003,11.44125,0.837391635261125,-0.811922557852951
121.35,23.15,217.1935,SSP1-2.6,2021-2040,-13.876800000000003,30.069200000000002,-4.396400000000085,0.9858000000000011,9.076799999999999,2.5875000000000004,10.565999999999999,29.6874125,15.578212499999978,0.8528125000000002,8.120524999999999,2.7522375,10.79725,0.837391635261125,-0.748726777483164
121.35,23.2,235.3941,SSP1-2.6,2021-2040,-21.312000000000012,28.136700000000005,-29.976599999999962,0.9467999999999996,5.491100000000003,2.278600000000001,9.18,29.311437500000004,23.439862499999975,1.035425,7.517637499999999,2.7062625000000002,10.8205,0.837391635261125,-0.6855309971133726
121.35,23.25,226.3064,SSP1-2.6,2021-2040,-15.612799999999993,29.4598,32.7337,1.2280000000000015,4.735700000000001,2.4053999999999993,12.644000000000002,29.25775,48.70272499999999,1.2177624999999996,7.0576125,2.7462125,11.069500000000001,0.837391635261125,-0.6223352167435812
121.35,23.3,217.9439,SSP1-2.6,2021-2040,-1.2530000000000143,29.260999999999996,91.14799999999991,1.6098,8.367899999999999,2.6607000000000003,11.908000000000001,29.45925,82.00247500000003,1.3712499999999999,6.778124999999999,2.8562624999999997,11.5745,0.837391635261125,-0.5591394363737897
121.35,23.35,247.5784,SSP1-2.6,2021-2040,-7.248199999999997,29.6494,73.45960000000014,1.5383999999999993,7.891099999999998,2.7624999999999993,12.278,30.011849999999995,94.94428749999997,1.3745625000000001,7.625212499999999,2.8555750000000004,11.829,0.837391635261125,-0.4959436560039983
121.35,23.4,262.7087,SSP1-2.6,2021-2040,-7.143400000000014,30.184999999999995,26.571299999999837,1.2788000000000004,8.187499999999996,2.2482000000000006,11.927999999999999,30.329974999999997,89.06556250000003,1.4345875000000001,8.26405,2.9569125,12.211250000000001,0.837391635261125,-0.43274787563421135
121.35,23.45,243.0505,SSP1-2.6,2021-2040,2.4399999999999977,29.768499999999996,30.48960000000011,1.7753999999999994,9.358899999999998,2.674999999999999,11.72,30.7639,85.31494999999998,1.4070250000000002,8.13885,2.8903875,12.650500000000001,0.837391635261125,-0.3695520952644199
121.35,23.5,239.3016,SSP1-2.6,2021-2040,4.8589999999999804,29.9715,42.4079999999999,1.607899999999999,8.9893,2.75,12.485999999999999,30.335787500000002,101.61945000000006,1.5384000000000002,7.5384,3.067625,12.844000000000001,0.837391635261125,-0.3063563148946285
121.35,23.55,232.5434,SSP1-2.6,2021-2040,20.20870000000002,30.0054,102.38459999999986,1.5347000000000008,7.303599999999999,3.142900000000001,12.607999999999999,29.651987500000004,121.55732500000002,1.53675,6.544425,2.829,12.6695,0.837391635261125,-0.24316053452483705
121.35,23.6,240.6029,SSP1-2.6,2021-2040,22.363799999999998,29.983300000000007,151.00189999999998,1.4454000000000011,6.0214,2.5464,10.702000000000002,28.4529125,140.43881250000004,1.520025,6.3355,2.8245500000000003,13.035499999999999,0.837391635261125,-0.17996475415504562
121.35,23.65,236.2236,SSP1-2.6,2021-2040,16.919999999999987,26.239700000000006,153.8909000000001,1.3015999999999988,6.824999999999999,2.9213999999999984,12.286,28.134212500000004,141.69693749999993,1.5396250000000002,5.817425,2.4390625000000004,12.17025,0.837391635261125,-0.11676897378525869
121.35,23.7,250.289,SSP1-2.6,2021-2040,12.549599999999998,28.214200000000005,80.29859999999962,1.4807000000000006,5.903599999999999,3.251800000000001,11.339999999999998,27.1717625,145.7909625,1.5349249999999999,5.3935375,2.4006749999999997,12.0105,0.837391635261125,-0.053573193415467256
121.35,23.75,267.4969,SSP1-2.6,2021-2040,18.915700000000015,28.362300000000005,201.92140000000018,1.7319000000000013,2.7661000000000016,3.2303999999999995,11.661999999999999,26.326787500000002,111.09828749999988,1.4793499999999997,5.7908625,2.3642874999999997,10.95125,0.837391635261125,0.009622586954324176
121.35,23.8,253.1649,SSP1-2.6,2021-2040,14.58420000000001,24.125800000000005,120.95000000000005,1.7339999999999982,7.216100000000001,2.4803999999999995,9.8,25.425975,104.67852500000001,1.4939625000000003,5.7611750000000015,2.444625,10.180250000000001,0.837391635261125,0.0728183673241156
121.35,23.85,261.0585,SSP1-2.6,2021-2040,25.419600000000003,24.94140000000001,99.1228000000001,1.8584999999999994,7.544599999999999,2.2964,9.814000000000002,23.822175000000005,111.65815000000006,1.5384124999999997,6.388862500000001,2.350425,9.167,0.837391635261125,0.13601414769390704
121.35,23.9,256.0584,SSP1-2.6,2021-2040,25.557500000000005,24.110800000000005,149.4402,1.8728999999999978,5.803599999999999,2.2981999999999996,9.88,22.400400000000005,119.73992500000003,1.6537624999999998,5.9846,1.9783375000000003,8.333749999999998,0.837391635261125,0.19920992806369398
121.35,23.95,241.2656,SSP1-2.6,2021-2040,21.267600000000016,20.727800000000002,155.04640000000018,1.8327999999999989,3.903600000000001,1.6893000000000011,7.733999999999998,22.620075,143.06912500000004,1.6825249999999998,4.844200000000001,1.575225,8.64475,0.837391635261125,0.26240570843348543
121.35,24.0,253.4908,SSP1-2.6,2021-2040,17.633599999999973,22.391800000000003,145.55000000000018,1.5726000000000013,2.955400000000001,1.1839000000000013,7.853999999999999,22.478862499999998,152.1731625,1.7671624999999993,3.6432874999999996,1.1777,8.815750000000001,0.837391635261125,0.32560148880327683
121.35,24.05,255.8123,SSP1-2.6,2021-2040,15.253800000000012,23.436299999999996,153.60930000000008,1.5106000000000002,1.894599999999997,1.346400000000001,8.658,22.689712500000002,171.69063750000004,1.9480874999999995,2.9359374999999996,0.7638500000000001,9.284500000000001,0.837391635261125,0.3887972691730683
121.35,24.1,214.4599,SSP1-2.6,2021-2040,4.683599999999984,20.2038,191.79610000000002,1.992799999999999,1.892900000000001,0.6018000000000008,9.482000000000001,23.2046375,155.63254999999992,1.8469499999999992,2.800199999999999,0.7218750000000003,9.558250000000001,0.837391635261125,0.4519930495428597
121.35,24.15,215.3173,SSP1-2.6,2021-2040,-8.173599999999993,23.861399999999996,127.42139999999972,1.5970000000000013,2.3892999999999986,0.6321000000000012,10.526000000000002,22.585462500000002,104.11648749999995,1.3799374999999996,3.0712,0.7703250000000004,9.23175,0.837391635261125,0.5151888299126467
121.35,24.2,255.9653,SSP1-2.6,2021-2040,-22.286200000000008,22.476800000000004,23.166299999999865,0.4750000000000014,2.2357000000000014,1.080400000000001,9.37,22.9964375,40.76951249999999,0.8057874999999997,3.2720875,0.8363874999999998,8.99925,0.837391635261125,0.578384610282438
121.35,24.25,256.3137,SSP1-2.6,2021-2040,-18.171099999999996,21.947499999999998,-11.316399999999703,0.18879999999999697,3.8643,1.0874999999999986,9.095999999999998,22.6372,1.0346124999999518,0.3719375000000009,2.7629500000000005,1.0180874999999998,8.402750000000001,0.837391635261125,0.6415803906522295
121.35,24.3,226.5923,SSP1-2.6,2021-2040,-5.200099999999992,22.588100000000004,15.009799999999814,0.5988000000000007,2.2303999999999995,1.3195999999999994,7.912000000000001,22.423575,-12.333287500000012,0.18528750000000027,2.876125,0.9933124999999994,8.113,0.837391635261125,0.704776171022021
121.35,24.35,215.3445,SSP1-2.6,2021-2040,-10.254800000000017,22.8675,-47.23120000000017,-0.08009999999999806,2.314299999999996,1.1750000000000007,7.431999999999999,22.5977375,-29.475312500000086,0.24766250000000012,3.050237500000001,1.1716624999999996,7.905749999999999,0.837391635261125,0.7679719513918124
121.35,24.4,218.0868,SSP1-2.6,2021-2040,-5.877400000000023,22.801099999999998,-140.68359999999984,0.067499999999999,5.444600000000001,1.3178999999999998,7.708,22.9708875,-31.502575000000093,0.30373749999999977,3.3218750000000004,1.2093874999999998,8.513499999999999,0.837391635261125,0.8311677317615993
121.35,24.45,218.0459,SSP1-2.6,2021-2040,0.04830000000001178,23.6064,-43.44359999999983,0.2621000000000002,3.3195999999999977,1.3553999999999995,8.506,23.1036625,-31.52077500000007,0.48511249999999984,3.154462500000001,1.3506749999999998,8.641,0.837391635261125,0.8943635121313908
121.35,24.5,238.1233,SSP1-2.6,2021-2040,6.140199999999993,21.727600000000002,4.765099999999848,0.6528999999999989,1.2124999999999986,1.2481999999999989,7.332000000000001,22.746312500000002,5.788999999999987,0.6880875000000002,3.1138375,1.7066999999999999,8.82425,0.837391635261125,0.9575592925011822
121.35,24.55,256.441,SSP1-2.6,2021-2040,0.7402000000000157,22.152,49.484100000000126,0.9254000000000033,2.3035999999999994,2.096400000000001,9.128,22.0609375,35.40186249999991,0.8542124999999996,1.9109374999999988,2.1133874999999995,8.70975,0.837391635261125,1.0207550728709736
121.35,24.6,250.5095,SSP1-2.6,2021-2040,3.201999999999998,19.750500000000002,58.57249999999976,1.0211000000000006,0.3374999999999986,2.7463999999999995,8.134000000000002,22.91245,47.97461249999992,0.9493624999999999,3.1091374999999997,2.3640625,10.75575,0.837391635261125,1.0839508532407651
121.35,24.65,265.6146,SSP1-2.6,2021-2040,3.1639999999999873,24.1201,47.84569999999985,1.1235,5.408900000000003,2.3392999999999997,12.053999999999998,23.416200000000003,37.933837499999925,0.9786874999999999,3.576325,2.3727625,12.677750000000001,0.837391635261125,1.147146633610552
121.35,24.7,295.0779,SSP1-2.6,2021-2040,0.5307000000000244,25.475100000000005,18.63889999999992,1.0896000000000008,6.371400000000001,2.101800000000001,15.468,24.62825,30.166962499999954,0.9384625000000004,5.544412500000001,2.05045,14.24725,0.837391635261125,1.2103424139803434
121.35,24.75,290.8384,SSP1-2.6,2021-2040,3.226500000000044,25.914300000000004,16.984899999999925,0.9227999999999987,7.132099999999998,1.9107000000000003,16.706,25.250800000000005,21.392900000000054,0.8562625000000006,5.8651875,1.8602625000000002,15.31475,0.837391635261125,1.273538194350135
121.35,24.8,259.6651,SSP1-2.6,2021-2040,0.27940000000000964,25.330800000000004,4.479000000000269,0.5881000000000007,5.360699999999998,2.096400000000001,15.886,26.0810125,14.76215000000002,0.7899250000000007,6.2768,1.5171750000000002,16.183500000000002,0.837391635261125,1.3367339747199263
121.35,24.85,214.0627,SSP1-2.6,2021-2040,2.5161999999999978,26.23409999999999,-24.082499999999982,0.6068999999999996,5.391100000000002,1.3232,16.392000000000003,26.3558375,7.593087500000053,0.710375,6.0872874999999995,1.23615,16.5685,0.837391635261125,1.3999297550897176
121.35,24.9,163.7108,SSP1-2.6,2021-2040,7.3086999999999875,26.174600000000005,0.9962000000000444,0.6700999999999979,5.899999999999999,0.5554000000000006,16.412,26.016199999999998,-10.494425000000035,0.7370000000000001,6.3721000000000005,0.8097999999999999,16.77975,0.837391635261125,1.4631255354595045
121.35,24.95,153.6637,SSP1-2.6,2021-2040,4.735500000000002,25.2828,-6.6422999999999774,0.7083000000000013,5.537500000000001,0.1338999999999988,17.442,25.8875875,-0.05055000000004384,0.8407874999999989,6.4700875,0.6417374999999998,16.79075,0.837391635261125,1.526321315829296
121.35,25.0,151.0352,SSP1-2.6,2021-2040,0.5758999999999901,25.373099999999994,-7.025499999999965,0.8521000000000001,6.825000000000003,0.4178999999999995,16.567999999999998,25.949162499999996,8.901824999999974,0.9616249999999988,6.7941875000000005,0.4118124999999996,17.233249999999998,0.837391635261125,1.5895170961990874
121.35,25.05,144.0754,SSP1-2.6,2021-2040,5.938600000000008,26.161900000000003,1.9369000000001506,0.9271999999999991,7.608900000000002,-0.07680000000000042,16.506,26.649737499999997,28.06828749999994,1.061449999999999,6.796212499999999,0.4354874999999996,17.3765,0.837391635261125,1.652712876568879
121.35,25.1,135.6902,SSP1-2.6,2021-2040,9.940200000000004,27.524499999999996,43.72719999999981,1.1202000000000005,7.600000000000001,0.3661000000000003,17.028,27.013812499999997,26.582112499999994,1.0249249999999988,7.007812499999999,0.20154999999999978,17.642000000000003,0.837391635261125,1.7159086569386703
121.35,25.15,133.6245,SSP1-2.6,2021-2040,9.188499999999976,26.875999999999998,45.62239999999997,1.0216999999999992,6.380400000000002,0.34110000000000085,17.39,26.8908375,20.074024999999978,0.9164749999999993,6.4082625,0.054674999999999696,17.527749999999997,0.837391635261125,1.7791044373084572
121.4,23.1,213.0608,SSP1-2.6,2021-2040,-11.084000000000003,30.462699999999998,64.87599999999998,0.9344000000000001,7.594599999999996,3.0518,10.792,29.827325000000002,14.3592625,0.8779250000000003,9.1535625,2.7283500000000003,10.985,0.9430854753423764,-0.811922557852951
121.4,23.15,207.1675,SSP1-2.6,2021-2040,-5.969099999999997,29.415499999999994,55.625099999999975,0.9983000000000004,8.560699999999997,3.0142999999999995,9.914,29.67575,23.66270000000003,0.9397375000000001,8.9633875,2.7868375000000003,10.933250000000001,0.9430854753423764,-0.748726777483164
121.4,23.2,202.9342,SSP1-2.6,2021-2040,-2.645399999999995,28.870799999999996,45.27749999999992,1.0912000000000006,9.839300000000001,2.8339,10.124,29.67885,33.44028750000001,1.1109750000000003,7.2890625,2.75515,10.941749999999999,0.9430854753423764,-0.6855309971133726
121.4,23.25,192.7873,SSP1-2.6,2021-2040,3.4734000000000265,28.764000000000003,76.1219000000001,1.4042999999999992,9.1768,2.9036,10.534000000000002,29.1486125,67.23092499999998,1.3119000000000005,7.6296875,2.8524624999999997,10.79325,0.9430854753423764,-0.6223352167435812
121.4,23.3,189.4785,SSP1-2.6,2021-2040,12.237300000000005,30.889699999999998,109.45060000000012,1.7346000000000004,8.410699999999999,3.2749999999999995,11.806,29.257675,87.251125,1.4428875000000003,7.78795,2.9178625,11.441500000000001,0.9430854753423764,-0.5591394363737897
121.4,23.35,214.6207,SSP1-2.6,2021-2040,14.587999999999994,28.333999999999996,145.70479999999998,1.4672000000000018,7.6571,3.4875,10.192,29.826324999999997,83.61658749999998,1.4817,8.106925,2.90535,11.7915,0.9430854753423764,-0.4959436560039983
121.4,23.4,225.7963,SSP1-2.6,2021-2040,10.995499999999993,29.897599999999997,101.63539999999989,1.4387000000000008,8.8339,3.3267999999999995,12.208000000000002,29.584662499999997,74.18278749999999,1.5660999999999998,8.270987499999999,2.8423999999999996,11.75975,0.9430854753423764,-0.43274787563421135
121.4,23.45,214.7204,SSP1-2.6,2021-2040,13.32729999999998,30.1314,72.9989999999998,1.8156999999999996,9.0429,2.5821000000000005,12.99,29.7284,63.744587499999966,1.6497624999999996,8.5104875,2.759375,12.07075,0.9430854753423764,-0.3695520952644199
121.4,23.5,220.4992,SSP1-2.6,2021-2040,16.95920000000001,29.8155,86.10889999999995,1.8788999999999998,9.880400000000002,2.448200000000001,12.138000000000002,29.47195,60.54567499999996,1.7743499999999994,8.602675,2.70625,12.198500000000001,0.9430854753423764,-0.3063563148946285
121.4,23.55,226.6173,SSP1-2.6,2021-2040,16.906000000000006,28.693700000000007,56.74919999999997,1.8434999999999988,9.444600000000001,2.3767999999999994,12.442,29.196062499999996,71.99727499999997,1.6915624999999999,7.897987499999999,2.6647250000000007,11.8815,0.9430854753423764,-0.24316053452483705
121.4,23.6,249.4343,SSP1-2.6,2021-2040,14.036699999999996,28.0407,57.747299999999996,1.6585,7.3393000000000015,2.1339000000000006,11.946000000000002,28.723300000000002,98.17178750000002,1.6029999999999998,7.7448625,2.69575,11.857,0.9430854753423764,-0.17996475415504562
121.4,23.65,262.2052,SSP1-2.6,2021-2040,4.892899999999997,29.836099999999995,144.72950000000037,1.4507000000000012,7.316099999999999,2.9000000000000004,12.121999999999998,28.3646625,110.19817499999996,1.6191499999999996,7.014737499999999,2.5473125,11.568750000000001,0.9430854753423764,-0.11676897378525869
121.4,23.7,262.7116,SSP1-2.6,2021-2040,7.545000000000016,29.0728,152.71219999999994,1.6638999999999982,7.971399999999999,2.3125,11.271999999999998,28.5252375,132.4794,1.5831000000000004,6.775925000000001,2.587725,11.838249999999999,0.9430854753423764,-0.053573193415467256
121.4,23.75,249.325,SSP1-2.6,2021-2040,9.221100000000035,27.8861,123.86029999999982,1.6227,7.9679,2.273199999999999,9.983999999999998,28.067725,122.19782499999997,1.5183499999999999,6.7469,2.601125,11.63275,0.9430854753423764,0.009622586954324176
121.4,23.8,285.1217,SSP1-2.6,2021-2040,-5.465599999999995,26.298500000000004,149.05639999999994,1.2763999999999989,6.741099999999999,3.2821,9.956,27.370825000000004,101.16255000000004,1.5629624999999998,7.290425000000001,2.4551375,10.54875,0.9430854753423764,0.0728183673241156
121.4,23.85,276.9052,SSP1-2.6,2021-2040,12.218000000000018,26.981800000000007,77.82110000000011,1.7281000000000013,7.642900000000001,2.7071000000000005,8.288,25.131225,112.91220000000013,1.6175124999999988,6.748225,2.4424,8.91325,0.9430854753423764,0.13601414769390704
121.4,23.9,283.5294,SSP1-2.6,2021-2040,26.725300000000004,21.709700000000005,175.8779000000004,1.9330999999999996,4.778600000000001,2.4071000000000016,5.541999999999998,24.142550000000004,109.32965000000007,1.7431249999999994,6.406025,2.1692,7.917000000000001,0.9430854753423764,0.19920992806369398
121.4,23.95,272.3215,SSP1-2.6,2021-2040,24.972399999999993,20.944500000000005,132.00589999999966,1.6905999999999999,5.773199999999999,1.6410999999999998,6.734,23.464312500000005,119.7762375000002,1.6956249999999995,5.358925000000001,1.8250000000000002,7.78475,0.9430854753423764,0.26240570843348543
121.4,24.0,285.9052,SSP1-2.6,2021-2040,11.091700000000003,24.260399999999997,71.8086000000003,1.3245999999999984,6.069600000000001,1.5035999999999987,9.152000000000001,23.338587500000003,106.4846,1.6566999999999998,4.9435125,1.3953250000000004,8.433499999999999,0.9430854753423764,0.32560148880327683
121.4,24.05,298.1246,SSP1-2.6,2021-2040,-6.376699999999971,24.053799999999995,63.29289999999992,1.7631999999999977,5.533899999999999,0.7393000000000001,9.745999999999999,23.3779375,104.82182500000005,1.5908625,4.3100375,1.0763375,9.002749999999999,0.9430854753423764,0.3887972691730683
121.4,24.1,280.8568,SSP1-2.6,2021-2040,-12.808600000000013,23.366100000000003,91.7781,1.6346999999999987,4.433899999999998,0.4338999999999995,9.548,23.305549999999997,90.20054999999991,1.5201374999999997,3.8225374999999997,0.9122750000000002,9.472249999999999,0.9430854753423764,0.4519930495428597
121.4,24.15,300.9809,SSP1-2.6,2021-2040,-27.633100000000013,23.8266,33.8134,1.147199999999998,5.419599999999999,0.9268000000000001,8.982000000000001,23.1931625,62.73467499999987,1.1929875,3.631475,0.9667375000000002,9.41975,0.9430854753423764,0.5151888299126467
121.4,24.2,324.1519,SSP1-2.6,2021-2040,-39.78059999999999,23.561299999999996,-45.60420000000022,0.5122999999999998,5.1875,1.625,8.299999999999999,23.454625,13.828299999999956,0.7549749999999991,3.6245375,1.0830375,9.456499999999998,0.9430854753423764,0.578384610282438
121.4,24.25,276.7358,SSP1-2.6,2021-2040,-22.595499999999987,22.6944,-40.71589999999992,0.4316999999999993,3.069600000000001,1.2124999999999986,8.75,22.823075000000003,-30.40016250000002,0.4379249999999999,3.6843750000000006,1.206475,8.68925,0.9430854753423764,0.6415803906522295
121.4,24.3,230.4741,SSP1-2.6,2021-2040,-11.390699999999981,20.7083,-43.40859999999975,0.36820000000000164,2.903600000000001,0.7481999999999989,8.148000000000001,21.886675000000004,-37.071200000000005,0.3595249999999992,2.893525,1.1336999999999995,8.17675,0.9430854753423764,0.704776171022021
121.4,24.35,225.9675,SSP1-2.6,2021-2040,-9.562900000000013,22.1785,1.4875999999999294,0.5406999999999975,2.828599999999998,0.914299999999999,8.012,21.4169625,-45.90997500000003,0.3684000000000003,2.8426375000000004,1.0575874999999997,7.73975,0.9430854753423764,0.7679719513918124
121.4,24.4,220.9495,SSP1-2.6,2021-2040,-5.057299999999998,23.399099999999997,-49.18280000000027,0.37239999999999895,3.223200000000002,0.6678999999999995,8.093999999999998,21.7795375,-34.39681250000001,0.47662499999999963,3.2091499999999997,1.1861625,8.3035,0.9430854753423764,0.8311677317615993
121.4,24.45,228.7963,SSP1-2.6,2021-2040,-1.8495000000000061,25.288799999999995,-73.81250000000023,0.684800000000001,6.023200000000003,1.1625000000000014,12.383999999999999,22.973125,-19.766887500000024,0.6050499999999999,3.1149500000000003,1.2883999999999998,8.80825,0.9430854753423764,0.8943635121313908
121.4,24.5,258.4791,SSP1-2.6,2021-2040,7.522099999999966,24.4086,8.264200000000073,0.8342000000000027,2.664300000000001,1.5107,10.756,23.492462500000002,9.003999999999934,0.7870000000000001,3.5100499999999997,1.6142875,10.022,0.9430854753423764,0.9575592925011822
121.4,24.55,271.0039,SSP1-2.6,2021-2040,8.21120000000002,20.459400000000002,36.73879999999963,0.9761999999999986,2.380399999999998,1.5642999999999994,7.986000000000001,22.9710875,47.01541249999994,0.9783375000000007,2.6350499999999997,2.0939625,10.273,0.9430854753423764,1.0207550728709736
121.4,24.6,252.2096,SSP1-2.6,2021-2040,17.48769999999999,20.160200000000003,68.96219999999994,1.2169999999999987,0.5963999999999992,2.4696,9.116000000000001,22.619349999999997,70.67063749999988,1.0786750000000005,3.271875,2.3846,10.907499999999999,0.9430854753423764,1.0839508532407651
121.4,24.65,243.4296,SSP1-2.6,2021-2040,21.89069999999998,24.586199999999998,76.39739999999983,1.0470000000000006,1.1946000000000012,2.7750000000000004,13.378,22.077925,70.62359999999995,1.1373250000000001,3.888825,2.40535,11.450500000000002,0.9430854753423764,1.147146633610552
121.4,24.7,262.8641,SSP1-2.6,2021-2040,16.597800000000007,24.564300000000003,45.96100000000024,1.0300000000000011,3.9786,2.283899999999999,14.3,23.496450000000003,69.4330124999999,1.0700375000000002,5.0238625,2.2395125,13.23725,0.9430854753423764,1.2103424139803434
121.4,24.75,272.7705,SSP1-2.6,2021-2040,8.39179999999999,24.2992,63.14919999999984,1.0355000000000025,6.089299999999998,1.7643000000000004,13.866,24.309725,51.1529000000001,0.9388625000000004,5.012487499999999,1.9609250000000003,14.6175,0.9430854753423764,1.273538194350135
121.4,24.8,272.6348,SSP1-2.6,2021-2040,0.457300000000032,25.781000000000006,42.19820000000027,0.8237999999999985,4.599999999999998,1.2232000000000003,16.302,24.945050000000002,26.982450000000085,0.8085375000000008,5.121874999999999,1.6607,15.19,0.9430854753423764,1.3367339747199263
121.4,24.85,248.1649,SSP1-2.6,2021-2040,-1.9239999999999782,25.5081,-24.73299999999972,0.5999000000000017,5.0893000000000015,1.1588999999999992,15.938,25.4178875,3.9978250000000912,0.6725750000000001,4.9142875,1.2633750000000001,15.855500000000001,0.9430854753423764,1.3999297550897176
121.4,24.9,199.7681,SSP1-2.6,2021-2040,7.846000000000004,26.63239999999999,-21.835700000000088,0.5168999999999997,5.641100000000002,1.2463999999999995,16.268,25.1114875,-27.12609999999995,0.6565375000000002,5.536837500000001,0.9548874999999997,16.20975,0.9430854753423764,1.4631255354595045
121.4,24.95,168.4861,SSP1-2.6,2021-2040,-1.2892999999999972,25.074799999999996,-36.10620000000017,0.8396000000000008,7.2821,1.2463999999999995,17.476,25.0736875,-28.346599999999995,0.7001374999999999,5.8971125,0.7562374999999997,16.356749999999998,0.9430854753423764,1.526321315829296
121.4,25.0,155.8292,SSP1-2.6,2021-2040,-3.101399999999984,25.823899999999995,15.949599999999919,1.0938999999999979,5.003600000000002,0.7231999999999985,16.83,24.965137499999997,-24.516599999999954,0.85195,6.838162500000001,0.5754374999999996,16.94625,0.9430854753423764,1.5895170961990874
121.4,25.05,152.3147,SSP1-2.6,2021-2040,0.8278999999999996,26.207599999999992,1.023300000000063,1.1786999999999992,8.348199999999999,0.11069999999999958,17.902,25.5467625,-4.3618000000000166,0.9332999999999996,6.604237500000001,0.42121249999999966,17.12975,0.9430854753423764,1.652712876568879
121.4,25.1,155.8915,SSP1-2.6,2021-2040,1.3722999999999956,26.787800000000004,-6.371800000000121,0.9411999999999985,7.526799999999998,0.03389999999999915,18.078,26.129949999999997,15.470625000000013,0.9680124999999995,6.7973125,0.20536249999999978,17.536749999999998,0.9430854753423764,1.7159086569386703
121.4,25.15,151.4827,SSP1-2.6,2021-2040,3.5537999999999954,27.071599999999997,14.043300000000045,0.8978999999999999,7.983899999999998,0.05889999999999951,18.552,26.1642,11.993099999999998,0.8022499999999995,6.0555875000000015,0.13572499999999998,17.7065,0.9430854753423764,1.7791044373084572
121.4,25.2,142.1568,SSP1-2.6,2021-2040,4.114000000000004,25.658400000000007,-9.891000000000076,0.657,4.0804000000000045,-0.4070999999999998,17.844,26.355525,-12.404999999999973,0.662949999999999,6.2921875,-0.05892500000000034,17.9215,0.9430854753423764,1.8423002176782488
121.45,23.3,182.6812,SSP1-2.6,2021-2040,18.129500000000007,28.821400000000004,87.88429999999994,1.4192999999999998,7.975000000000001,2.864299999999999,10.578000000000001,29.531374999999997,89.5437,1.5081625,8.2756625,3.1142874999999997,11.44425,1.0487793154235978,-0.5591394363737897
121.45,23.35,188.4775,SSP1-2.6,2021-2040,21.069000000000017,29.874199999999995,89.32130000000006,1.4374000000000002,7.6661,2.9321,11.189999999999998,29.4406375,85.81960000000001,1.5488499999999998,8.212712499999999,3.1154124999999997,11.515250000000002,1.0487793154235978,-0.4959436560039983
121.45,23.4,205.0619,SSP1-2.6,2021-2040,19.24339999999998,30.0323,89.46219999999994,1.3965999999999994,7.523199999999999,3.1731999999999996,12.436,29.3448875,72.22282499999997,1.5742374999999997,8.362950000000001,3.0198625,11.494250000000001,1.0487793154235978,-0.43274787563421135
121.45,23.45,199.9067,SSP1-2.6,2021-2040,20.151700000000005,28.7025,65.45450000000005,1.8192999999999984,8.8411,2.8786000000000005,11.344,29.700475,55.65411249999997,1.6697499999999996,8.4046875,2.8966499999999997,12.23775,1.0487793154235978,-0.3695520952644199
121.45,23.5,207.711,SSP1-2.6,2021-2040,14.817799999999977,29.454299999999996,67.82680000000005,2.0024999999999995,6.4696,2.5749999999999993,12.306000000000001,29.375950000000003,43.30803749999998,1.7354999999999996,9.022549999999999,2.7848125,12.137500000000001,1.0487793154235978,-0.3063563148946285
121.45,23.55,219.2241,SSP1-2.6,2021-2040,14.312700000000007,29.048299999999998,46.053699999999935,1.7957999999999998,9.371399999999998,2.669600000000001,11.692,28.819275,43.06137500000003,1.6605249999999998,8.1006625,2.8171875,12.0645,1.0487793154235978,-0.24316053452483705
121.45,23.6,240.6733,SSP1-2.6,2021-2040,7.787299999999988,27.24949999999999,22.447000000000116,1.6087999999999987,7.808899999999998,3.0518,11.174,28.8477625,71.4923875,1.5875624999999998,7.997987500000001,2.6935124999999998,11.963000000000001,1.0487793154235978,-0.17996475415504562
121.45,23.65,240.973,SSP1-2.6,2021-2040,8.046899999999994,28.730400000000003,108.11749999999984,1.8434999999999988,7.867900000000002,1.9570999999999987,11.83,28.579887499999998,99.19133750000006,1.5775874999999997,7.3272375,2.63505,11.62675,1.0487793154235978,-0.11676897378525869
121.45,23.7,232.4353,SSP1-2.6,2021-2040,14.712799999999987,29.38669999999999,155.37000000000012,1.950800000000001,6.380399999999998,2.2036,11.999999999999998,28.879949999999997,107.52019999999999,1.5233625,7.923450000000001,2.2567000000000004,11.695,1.0487793154235978,-0.053573193415467256
121.45,23.75,240.1365,SSP1-2.6,2021-2040,6.062599999999975,29.5464,91.64699999999993,1.2829000000000015,9.180400000000002,1.9643000000000015,13.482000000000001,28.8841625,86.86057499999998,1.4230500000000001,7.416974999999999,2.30335,11.77375,1.0487793154235978,0.009622586954324176
121.45,23.8,259.8564,SSP1-2.6,2021-2040,-3.4180999999999813,29.535099999999993,25.626999999999953,1.0261999999999993,7.816099999999999,2.0839,13.55,28.8843,60.994474999999994,1.3469625000000003,7.6540375,2.32255,11.38425,1.0487793154235978,0.0728183673241156
121.45,23.85,273.9441,SSP1-2.6,2021-2040,1.0475000000000136,27.587699999999998,68.35080000000016,1.5193999999999974,8.1893,2.6053999999999995,7.809999999999999,27.5241125,59.879425000000055,1.4016000000000002,6.7928625,2.2803375,10.456499999999998,1.0487793154235978,0.13601414769390704
121.45,23.9,282.4909,SSP1-2.6,2021-2040,17.064999999999998,22.7408,114.8725000000004,1.7195999999999998,5.8964,2.085699999999999,4.953999999999999,26.6324375,56.62142499999996,1.5689874999999998,7.002012500000001,2.107375,9.383999999999999,1.0487793154235978,0.19920992806369398
121.45,23.95,282.5981,SSP1-2.6,2021-2040,19.727300000000014,25.105600000000003,77.97749999999996,1.7231000000000005,6.494600000000002,2.0304,8.122,24.9414625,57.90036250000003,1.5633624999999998,6.5964125,1.8167374999999997,8.35725,1.0487793154235978,0.26240570843348543
121.45,24.0,299.6006,SSP1-2.6,2021-2040,11.336400000000026,26.667600000000007,67.63680000000022,1.5862999999999996,6.9696,1.4017999999999997,9.040000000000001,24.25415,42.46899999999988,1.5528874999999998,6.3816749999999995,1.5451124999999997,8.97675,1.0487793154235978,0.32560148880327683
121.45,24.05,329.8432,SSP1-2.6,2021-2040,-13.817000000000007,23.381299999999996,56.75799999999981,1.5744000000000007,6.023199999999999,1.1303999999999998,9.579999999999998,24.1812875,46.78774999999996,1.499975,5.456225,1.1499999999999997,9.163,1.0487793154235978,0.3887972691730683
121.45,24.1,358.1538,SSP1-2.6,2021-2040,-29.208699999999965,23.316200000000002,59.63769999999977,1.5309000000000026,4.241100000000003,1.0088999999999988,8.707999999999998,23.9245125,43.973687499999926,1.3547374999999993,4.560462499999999,0.9779125000000001,9.69125,1.0487793154235978,0.4519930495428597
121.45,24.15,381.7394,SSP1-2.6,2021-2040,-40.843500000000006,24.364999999999995,35.27559999999994,1.0449999999999982,3.1857000000000006,0.9124999999999996,10.096,24.320475,26.613862499999897,1.0281124999999998,4.140162499999999,1.1455375,9.40325,1.0487793154235978,0.5151888299126467
121.45,24.2,365.9708,SSP1-2.6,2021-2040,-41.803,24.3947,18.40639999999985,0.7561999999999998,5.485699999999998,1.4393000000000011,9.328,24.1799625,-20.68726250000003,0.665274999999999,3.5372624999999998,1.2863875,9.548,1.0487793154235978,0.578384610282438
121.45,24.25,299.3308,SSP1-2.6,2021-2040,-30.49279999999999,24.070600000000006,-75.4244000000001,0.3988999999999976,3.3464000000000027,1.3732000000000006,9.503999999999998,23.3207,-62.002925000000005,0.43377500000000024,3.9375000000000004,1.2502249999999997,8.94825,1.0487793154235978,0.6415803906522295
121.45,24.3,235.0949,SSP1-2.6,2021-2040,-15.509500000000003,22.8373,-124.03019999999992,0.20520000000000138,4.221400000000003,0.9786000000000001,7.856000000000002,21.590575,-61.92644999999996,0.4288124999999994,3.0265625000000003,1.0839124999999992,8.473749999999999,1.0487793154235978,0.704776171022021
121.45,24.35,234.2998,SSP1-2.6,2021-2040,-5.504099999999994,15.909500000000001,-14.348899999999958,0.5921999999999983,1.2731999999999992,1.0088999999999988,6.852,21.95355,-49.396450000000016,0.463975,2.770987500000001,1.0267749999999993,8.148499999999999,1.0487793154235978,0.7679719513918124
121.45,24.4,252.4848,SSP1-2.6,2021-2040,-4.982500000000016,20.224800000000002,36.59569999999985,0.8230000000000004,1.1304000000000016,1.2446000000000002,7.916,21.5675375,-17.940450000000055,0.6382374999999996,2.5500000000000003,1.2223124999999997,8.47475,1.0487793154235978,0.8311677317615993
121.45,24.45,279.4547,SSP1-2.6,2021-2040,-6.5627999999999815,21.359700000000004,6.262000000000171,0.9227999999999987,3.3393000000000015,1.3107000000000006,7.618,22.971975,-0.9001625000000786,0.7889875000000004,2.727237500000001,1.578125,9.727,1.0487793154235978,0.8943635121313908
121.45,24.5,305.3852,SSP1-2.6,2021-2040,3.0527000000000157,26.257700000000007,19.28789999999981,0.9055,4.585699999999999,1.6517999999999997,12.536,23.349899999999998,24.973787499999986,0.9518500000000001,3.6415375000000005,1.9687500000000002,10.7295,1.0487793154235978,0.9575592925011822
121.45,24.55,288.5667,SSP1-2.6,2021-2040,11.515199999999993,27.088099999999997,72.75019999999995,0.9663000000000004,4.9161,2.5250000000000004,14.685999999999998,23.445775000000005,58.874562500000025,1.1095124999999997,3.6884,2.1919625,11.29925,1.0487793154235978,1.0207550728709736
121.45,24.6,263.3209,SSP1-2.6,2021-2040,15.507200000000012,22.223999999999997,94.03710000000001,1.3043000000000013,4.4643000000000015,2.5036000000000005,10.496,23.745,94.28472499999998,1.1472874999999996,3.98995,2.3419499999999998,12.457249999999998,1.0487793154235978,1.0839508532407651
121.45,24.65,265.1685,SSP1-2.6,2021-2040,34.02699999999999,20.5745,129.5392999999999,1.2655999999999992,5.169599999999999,2.5267999999999997,11.398,23.051575,91.23513750000006,1.1393999999999997,4.107575000000001,2.1502,12.1245,1.0487793154235978,1.147146633610552
121.45,24.7,259.908,SSP1-2.6,2021-2040,26.169600000000003,19.7547,101.43209999999999,1.0474999999999994,4.783899999999999,2.2714,10.638,23.69865,87.56887500000005,1.0391000000000004,4.673425,2.0073625,13.043000000000001,1.0487793154235978,1.2103424139803434
121.45,24.75,277.3872,SSP1-2.6,2021-2040,11.886500000000012,23.247499999999995,101.47659999999996,1.0288000000000004,4.0411,2.226800000000001,12.39,24.0081625,69.39350000000013,0.9521875000000004,4.805349999999999,1.6944125,13.889750000000001,1.0487793154235978,1.273538194350135
121.45,24.8,281.618,SSP1-2.6,2021-2040,4.603400000000022,24.4101,78.05250000000024,0.9803000000000033,3.8321000000000005,1.5732,15.250000000000002,24.87395,36.731762500000116,0.8272000000000004,4.7421999999999995,1.50245,14.761,1.0487793154235978,1.3367339747199263
121.45,24.85,269.4379,SSP1-2.6,2021-2040,-0.16380000000003747,24.616300000000003,0.5329000000001543,0.7059999999999995,4.039300000000001,1.232099999999999,15.092000000000002,24.969225,-2.3142999999998892,0.6775125000000002,4.7471,1.17565,15.2575,1.0487793154235978,1.3999297550897176
121.45,24.9,229.719,SSP1-2.6,2021-2040,-0.7006999999999834,24.163799999999995,-48.358000000000175,0.48850000000000193,4.550000000000001,0.8571000000000009,15.241999999999999,24.616812499999998,-45.92468749999989,0.5994124999999997,5.529250000000001,1.0222999999999998,15.493000000000002,1.0487793154235978,1.4631255354595045
121.45,24.95,184.5371,SSP1-2.6,2021-2040,-8.388599999999997,23.837399999999995,-78.61589999999978,0.6329999999999991,6.505400000000002,1.1320999999999994,15.684,24.121162499999997,-56.065162499999985,0.5928874999999998,5.913175000000001,0.951325,15.76625,1.0487793154235978,1.526321315829296
121.45,25.0,167.6302,SSP1-2.6,2021-2040,-7.862300000000005,23.301500000000004,-81.24119999999994,0.638300000000001,7.214299999999998,0.9839000000000002,16.407999999999998,24.145774999999993,-37.854462499999954,0.7703499999999996,6.391299999999999,0.8453124999999997,16.42625,1.0487793154235978,1.5895170961990874
121.45,25.05,152.8315,SSP1-2.6,2021-2040,-3.832400000000007,24.481999999999992,10.538099999999986,1.0383999999999993,5.383900000000001,0.6554000000000002,17.584,24.49035,-24.329499999999967,0.7775749999999997,6.8022374999999995,0.6211999999999995,17.01775,1.0487793154235978,1.652712876568879
121.45,25.1,152.66,SSP1-2.6,2021-2040,2.1336000000000013,24.919400000000003,-12.407699999999977,0.8551000000000002,5.671400000000002,0.2660999999999998,18.035999999999998,25.541149999999995,8.02021250000007,0.8062749999999994,6.7162875,0.36784999999999957,17.725,1.0487793154235978,1.7159086569386703
121.45,25.15,161.2244,SSP1-2.6,2021-2040,4.115099999999984,25.796599999999998,19.28150000000005,0.7048999999999985,5.4018000000000015,-0.07860000000000156,17.296,25.935787500000004,-14.810474999999968,0.6487749999999997,6.275887500000001,-0.008250000000000313,18.081000000000003,1.0487793154235978,1.7791044373084572
121.45,25.2,155.7339,SSP1-2.6,2021-2040,3.228999999999985,25.0544,-21.532600000000002,0.5961999999999996,6.221400000000003,0.06610000000000049,17.106,26.029287500000002,-55.01006249999995,0.41842499999999916,5.552225,-0.42878750000000054,17.715500000000002,1.0487793154235978,1.8423002176782488
121.45,25.25,147.3289,SSP1-2.6,2021-2040,2.713499999999982,25.298099999999998,-63.130499999999984,0.4491999999999976,5.448199999999996,-0.4214000000000002,17.442,25.688000000000002,-110.64162500000003,0.16692499999999955,5.027675000000001,-0.7522250000000004,17.2085,1.0487793154235978,1.9054959980480402
121.5,22.05,131.3531,SSP1-2.6,2021-2040,1.0809999999999889,36.9753,-12.122299999999996,0.19709999999999894,6.494599999999998,3.091100000000001,14.56,37.18792499999999,-76.52928750000004,0.42958750000000023,10.49955,3.580375,15.247,1.154473155504819,-2.139033945618553
121.5,22.65,147.1573,SSP1-2.6,2021-2040,11.644400000000019,36.1454,-31.551300000000083,1.4415000000000013,7.283899999999999,2.4642999999999997,14.453999999999999,32.851625,-6.881750000000011,0.7753625,8.785500000000003,2.0537875,14.7955,1.154473155504819,-1.3806845811810693
121.5,23.4,176.4399,SSP1-2.6,2021-2040,28.79050000000001,29.198200000000007,13.505400000000009,1.5766999999999989,8.569599999999998,3.1553999999999993,11.28,29.505812499999998,72.28404999999998,1.577975,8.310275,3.0366,11.863,1.154473155504819,-0.43274787563421135
121.5,23.45,180.9229,SSP1-2.6,2021-2040,28.14760000000001,29.799800000000005,1.277900000000045,1.6195999999999984,8.317900000000002,2.9321,12.171999999999999,29.518825,51.64723749999999,1.7001124999999997,8.4511125,2.90045,12.102,1.154473155504819,-0.3695520952644199
121.5,23.5,187.6755,SSP1-2.6,2021-2040,25.973000000000013,29.274700000000003,12.417300000000068,1.6293000000000006,8.600000000000001,2.9803999999999995,12.372000000000002,29.4640625,40.02992499999999,1.7065499999999993,8.511149999999999,2.8359375,11.937000000000001,1.154473155504819,-0.3063563148946285
121.5,23.55,203.4472,SSP1-2.6,2021-2040,18.738799999999998,29.5417,5.403800000000047,1.4819000000000013,8.682099999999998,3.4107000000000003,11.950000000000001,29.175250000000002,40.37062500000002,1.6030749999999994,7.91315,2.8598249999999994,12.18125,1.154473155504819,-0.24316053452483705
121.5,23.6,219.3545,SSP1-2.6,2021-2040,10.754400000000004,28.484100000000005,35.790700000000015,1.1807999999999996,6.580400000000001,3.560699999999999,12.188,29.266525,54.965262499999966,1.5027874999999993,7.72275,2.8366000000000002,11.88825,1.154473155504819,-0.17996475415504562
121.5,23.65,212.1956,SSP1-2.6,2021-2040,16.108599999999996,28.407100000000007,117.34739999999988,1.4457999999999984,7.382100000000001,2.539300000000001,11.534,28.991625,72.55971250000002,1.4491749999999999,7.020325,2.8631624999999996,11.640999999999998,1.154473155504819,-0.11676897378525869
121.5,23.7,215.9641,SSP1-2.6,2021-2040,15.146799999999985,28.162099999999995,107.38660000000004,1.6614000000000004,7.8393000000000015,2.3786000000000005,10.778000000000002,29.310074999999998,74.88912499999995,1.3563000000000003,7.325900000000001,2.4236625000000003,12.132000000000001,1.154473155504819,-0.053573193415467256
121.5,23.75,228.4385,SSP1-2.6,2021-2040,5.848199999999991,29.398599999999995,14.361100000000079,1.216000000000001,7.862500000000001,1.7286000000000001,12.558,29.506974999999997,45.083687499999996,1.2393625000000006,7.503125,2.2924125,12.537,1.154473155504819,0.009622586954324176
121.5,23.8,243.236,SSP1-2.6,2021-2040,-7.604799999999983,31.333400000000005,-33.48900000000003,0.9670000000000023,6.757099999999998,2.164300000000001,14.092,29.663149999999998,13.280100000000004,1.1782249999999996,7.8149625,2.0114,12.759,1.154473155504819,0.0728183673241156
121.5,23.85,239.7198,SSP1-2.6,2021-2040,-2.717199999999991,32.04189999999999,-3.6519000000000688,1.1631999999999998,6.891100000000002,1.8553999999999995,14.904000000000002,28.9737375,4.831512500000031,1.2514749999999997,7.5343625,1.9881625,11.846,1.154473155504819,0.13601414769390704
121.5,23.9,261.2974,SSP1-2.6,2021-2040,-8.402499999999975,29.551700000000004,-27.07860000000028,1.3992000000000004,7.819600000000001,1.6570999999999998,12.365999999999998,28.886625000000002,14.96445,1.4084874999999994,7.603350000000001,1.9408625,11.48325,1.154473155504819,0.19920992806369398
121.5,23.95,290.0911,SSP1-2.6,2021-2040,-12.046299999999974,29.136599999999994,-48.33130000000028,1.395199999999999,8.4268,1.9553999999999991,11.306,27.986700000000003,17.572912499999973,1.4592125,7.4055625,1.7850249999999999,10.741499999999998,1.154473155504819,0.26240570843348543
121.5,24.0,294.3171,SSP1-2.6,2021-2040,-1.529299999999978,24.520399999999995,-23.588900000000194,1.4583000000000013,7.037499999999998,1.8820999999999994,7.763999999999999,26.6904375,11.453024999999911,1.4610500000000002,7.172087500000001,1.6750124999999998,10.37975,1.154473155504819,0.32560148880327683
121.5,24.05,317.0389,SSP1-2.6,2021-2040,-14.1096,22.6306,9.829299999999876,1.4937000000000005,5.694600000000001,1.4786000000000001,9.41,25.4348125,17.361762499999912,1.3682625000000008,5.9785625,1.4098124999999997,9.56175,1.154473155504819,0.3887972691730683
121.5,24.1,372.9615,SSP1-2.6,2021-2040,-33.24889999999999,24.635199999999998,33.9074999999998,1.2081000000000017,3.669599999999999,0.7518000000000011,9.936000000000002,24.3243875,18.718249999999927,1.209775,4.813162499999999,1.3477749999999997,9.714749999999999,1.154473155504819,0.4519930495428597
121.5,24.15,449.7831,SSP1-2.6,2021-2040,-55.887,25.137499999999996,27.134700000000066,0.9715999999999987,2.5231999999999957,1.4500000000000002,10.232,24.731387499999997,11.694474999999898,0.9131874999999998,4.052887499999999,1.2424125000000004,10.072,1.154473155504819,0.5151888299126467
121.5,24.2,430.1145,SSP1-2.6,2021-2040,-62.7518,26.326199999999993,-6.162700000000086,0.46389999999999887,2.1606999999999985,1.5286000000000008,10.192,23.856425,-19.160187500000035,0.6844249999999992,3.982799999999999,1.3926375000000002,9.8515,1.154473155504819,0.578384610282438
121.5,24.25,318.813,SSP1-2.6,2021-2040,-37.41899999999998,23.4581,-93.81459999999993,0.35160000000000124,3.4054,1.2624999999999993,10.328,23.152575,-49.97346250000004,0.5354249999999996,4.0944,1.4361625000000002,8.9525,1.154473155504819,0.6415803906522295
121.5,24.3,252.8969,SSP1-2.6,2021-2040,-17.902199999999993,22.585299999999997,-160.69360000000006,0.3811,5.066100000000002,1.2070999999999987,8.684000000000001,21.5584375,-46.452287499999954,0.5102374999999997,2.9600250000000004,1.3573624999999998,8.329,1.154473155504819,0.704776171022021
121.5,24.35,255.5467,SSP1-2.6,2021-2040,-5.6089999999999804,21.119899999999994,-68.49319999999989,0.3660999999999994,2.3195999999999977,0.9445999999999994,7.511999999999999,21.701349999999998,-17.913074999999964,0.6122125000000005,2.1680750000000013,1.5113749999999997,8.598,1.154473155504819,0.7679719513918124
121.5,24.4,300.0776,SSP1-2.6,2021-2040,-2.691400000000044,22.575199999999995,12.553499999999985,0.6551000000000009,0.4750000000000014,1.5088999999999988,8.966000000000001,21.09115,28.53081250000008,0.7543500000000001,1.6265625,1.713375,8.436,1.154473155504819,0.8311677317615993
121.5,24.45,350.4436,SSP1-2.6,2021-2040,-0.4386000000000081,20.709600000000002,42.010699999999815,0.9718000000000018,0.9178999999999995,2.2607,8.36,22.277975,45.95280000000014,0.8822375,2.2919625000000003,2.02075,9.28425,1.154473155504819,0.8943635121313908
121.5,24.5,385.5678,SSP1-2.6,2021-2040,2.095100000000002,20.912,-2.9179999999996653,1.0650999999999975,2.7982000000000014,2.6179000000000006,8.804,23.529075,73.15912500000007,1.0028500000000005,3.7040249999999997,2.1886,10.91475,1.154473155504819,0.9575592925011822
121.5,24.55,323.3038,SSP1-2.6,2021-2040,9.466999999999985,26.573,110.49490000000014,1.1936,6.0929,2.7981999999999996,15.241999999999999,24.361525,85.41378750000007,1.132425,4.674775,2.3069124999999997,11.97575,1.154473155504819,1.0207550728709736
121.5,24.6,281.8765,SSP1-2.6,2021-2040,21.228899999999953,26.571300000000008,136.12940000000026,1.3801999999999985,5.925000000000001,2.419599999999999,15.457999999999998,24.8907,108.30843750000003,1.1458625000000002,5.5392875,2.1870499999999997,13.1335,1.154473155504819,1.0839508532407651
121.5,24.65,268.169,SSP1-2.6,2021-2040,34.720500000000015,23.9473,123.26560000000018,1.1324000000000005,5.6446000000000005,1.6570999999999998,12.394000000000002,23.790312500000002,92.71736250000004,1.1182999999999992,5.711825,1.8073624999999998,12.628,1.154473155504819,1.147146633610552
121.5,24.7,256.3934,SSP1-2.6,2021-2040,33.56030000000004,22.604599999999998,83.69630000000006,0.9567999999999977,6.273200000000001,0.8214000000000006,11.216,23.730175000000003,74.23616250000009,0.9973749999999999,5.391275,1.4796875,13.085,1.154473155504819,1.2103424139803434
121.5,24.75,276.5896,SSP1-2.6,2021-2040,22.71199999999999,25.765600000000006,77.06560000000036,0.8167000000000009,4.996400000000001,2.0036000000000005,15.402000000000001,23.62125,51.27356250000008,0.9434749999999998,5.1178375,0.9328000000000003,13.30725,1.154473155504819,1.273538194350135
121.5,24.8,293.3549,SSP1-2.6,2021-2040,16.54200000000003,24.885800000000003,63.59310000000005,0.9268999999999998,3.8892999999999986,1.6143,14.144,24.4533,19.176400000000115,0.7740250000000004,4.8415125,0.9198500000000003,14.567499999999999,1.154473155504819,1.3367339747199263
121.5,24.85,271.892,SSP1-2.6,2021-2040,5.617200000000025,24.8881,-29.428499999999985,0.6799999999999997,5.192899999999998,0.7964000000000002,14.954,23.871225000000003,-23.057924999999898,0.5519625000000001,4.612712500000001,0.9292250000000002,14.439,1.154473155504819,1.3999297550897176
121.5,24.9,229.5603,SSP1-2.6,2021-2040,-1.2290000000000134,23.484500000000004,-78.0029999999997,0.40379999999999683,5.182100000000002,0.9357000000000006,13.962000000000002,23.4279375,-76.45934999999997,0.3579875000000001,5.1533625,0.7658375000000002,14.678,1.154473155504819,1.4631255354595045
121.5,24.95,183.2088,SSP1-2.6,2021-2040,-5.134799999999984,22.892899999999997,-99.20809999999983,0.41610000000000014,5.3018,0.43040000000000056,14.57,22.73775,-97.97913749999998,0.3199499999999995,6.0897375,0.8263250000000004,15.095749999999999,1.154473155504819,1.526321315829296
121.5,25.0,174.3547,SSP1-2.6,2021-2040,-6.85590000000002,21.5955,-99.7186999999999,0.3460000000000001,7.130399999999998,1.1875,15.373999999999999,23.084899999999998,-74.01437499999994,0.4898374999999997,6.309162499999999,0.6908500000000002,16.0,1.154473155504819,1.5895170961990874
121.5,25.05,175.4995,SSP1-2.6,2021-2040,-7.150100000000009,23.2521,-16.697799999999916,0.6171000000000006,6.174999999999997,1.2767999999999997,15.989999999999998,23.4553875,-42.56576249999995,0.5844874999999998,6.4346,0.6921875,16.987,1.154473155504819,1.652712876568879
121.5,25.1,162.8556,SSP1-2.6,2021-2040,4.16119999999998,24.034999999999997,4.828300000000127,0.5503,7.348200000000002,0.3874999999999993,17.524,24.63915,5.70777500000014,0.6875749999999998,5.5821375,0.47076249999999975,17.40925,1.154473155504819,1.7159086569386703
121.5,25.15,204.7554,SSP1-2.6,2021-2040,-2.342500000000001,26.6965,37.51680000000033,0.5216999999999992,5.5625,0.49820000000000064,18.874000000000002,25.128025,-30.577024999999907,0.5109124999999999,5.599312500000001,-0.17007500000000042,17.444000000000003,1.154473155504819,1.7791044373084572
121.5,25.2,226.1129,SSP1-2.6,2021-2040,-6.429000000000002,27.263199999999998,-124.66910000000007,0.17079999999999984,5.8125,-0.9696000000000016,18.634,25.466675000000002,-75.7616249999999,0.2734499999999991,5.365387500000001,-0.5026750000000002,17.179000000000002,1.154473155504819,1.8423002176782488
121.5,25.25,168.2755,SSP1-2.6,2021-2040,1.6265999999999963,25.641000000000005,-145.27010000000018,0.04359999999999786,5.408900000000003,-0.7661000000000016,17.178,25.591637499999997,-162.79041250000003,-0.14641250000000072,5.016512499999999,-0.9636,17.03575,1.154473155504819,1.9054959980480402
121.5,25.3,156.1099,SSP1-2.6,2021-2040,3.360299999999995,25.7031,-116.28860000000032,0.113900000000001,3.2892999999999972,-0.8928999999999991,16.842000000000002,25.55025,-188.10665000000003,-0.30838750000000115,5.0843625,-1.0453000000000003,17.009249999999998,1.154473155504819,1.9686917784178315
121.55,22.05,157.5298,SSP1-2.6,2021-2040,1.9072999999999922,38.1349,19.0016999999998,-0.04130000000000322,5.0428999999999995,4.560699999999999,14.872000000000002,37.042975,-80.41978750000001,0.4593875000000005,10.6810125,3.396675,15.208000000000002,1.2601669955860404,-2.139033945618553
121.55,23.55,183.7436,SSP1-2.6,2021-2040,21.317000000000007,30.152200000000008,34.60839999999985,1.4776999999999987,7.9571000000000005,2.6178999999999997,12.613999999999999,29.25695,36.96045000000004,1.5084874999999998,7.528112499999999,3.0868249999999997,11.99925,1.2601669955860404,-0.24316053452483705
121.55,23.6,193.2841,SSP1-2.6,2021-2040,19.224199999999996,31.04520000000001,47.07190000000014,1.2861999999999991,7.0732,3.0463999999999993,12.662,28.93,53.50109999999995,1.3875499999999996,7.361375,2.980575,11.72325,1.2601669955860404,-0.17996475415504562
121.55,23.65,201.9305,SSP1-2.6,2021-2040,15.588600000000014,29.9578,58.672399999999925,1.0825999999999993,5.639299999999999,3.4000000000000004,11.65,29.254337500000002,62.99001249999995,1.3655249999999997,7.374325000000001,2.7120499999999996,11.951,1.2601669955860404,-0.11676897378525869
121.55,23.7,203.7558,SSP1-2.6,2021-2040,11.907600000000002,28.917199999999994,45.621599999999944,0.9793000000000021,6.9731999999999985,3.3071,10.846,29.44155,58.589462500000025,1.3362624999999997,7.156912500000001,2.4417500000000003,12.091250000000002,1.2601669955860404,-0.053573193415467256
121.55,23.75,207.1175,SSP1-2.6,2021-2040,8.552099999999996,30.136399999999995,7.975999999999885,1.0495,7.321400000000001,2.289300000000001,13.156000000000002,29.546825,23.266312499999998,1.1697250000000006,7.4388375,2.3134000000000006,12.50225,1.2601669955860404,0.009622586954324176
121.55,23.8,221.5869,SSP1-2.6,2021-2040,2.9444999999999766,29.0385,-39.469699999999875,0.997799999999998,7.757100000000001,1.9482,12.392,30.5964125,-6.962862500000028,1.1114125000000004,7.5986625,1.9207625000000004,14.0145,1.2601669955860404,0.0728183673241156
121.55,23.85,225.5658,SSP1-2.6,2021-2040,-1.1895000000000095,30.0206,-58.599500000000035,1.1707999999999998,7.501799999999999,1.6161000000000012,14.22,30.363912499999998,-7.27192500000001,1.1655374999999997,7.963825,1.9932999999999996,13.126000000000001,1.2601669955860404,0.13601414769390704
121.55,23.9,230.093,SSP1-2.6,2021-2040,-7.481499999999983,31.982100000000003,-11.561400000000049,1.2118000000000002,8.537500000000001,1.7446000000000002,15.384,30.847562500000002,-19.294475000000062,1.2064374999999998,8.209825,1.8236625,13.834249999999999,1.2601669955860404,0.19920992806369398
121.55,23.95,240.3488,SSP1-2.6,2021-2040,-5.530900000000003,32.477700000000006,-19.341100000000097,1.364799999999999,8.889300000000002,1.6339000000000006,15.165999999999999,30.03965,-12.673500000000104,1.1977500000000005,8.103124999999999,1.8841374999999996,12.831,1.2601669955860404,0.26240570843348543
121.55,24.0,270.0113,SSP1-2.6,2021-2040,0.0050999999999703505,30.847700000000003,-38.333500000000186,1.2105999999999995,7.600000000000001,1.8445999999999998,13.136000000000001,28.3152625,-5.056700000000063,1.270750000000001,7.7127375,1.8616124999999997,11.56775,1.2601669955860404,0.32560148880327683
121.55,24.05,304.0508,SSP1-2.6,2021-2040,-19.431699999999978,23.276399999999995,-14.571500000000015,1.3403000000000027,7.278600000000001,1.924999999999999,7.2780000000000005,27.751625,-0.830587500000064,1.1829000000000005,6.5345875,1.6553499999999999,11.444500000000001,1.2601669955860404,0.3887972691730683
121.55,24.1,363.4706,SSP1-2.6,2021-2040,-35.5625,26.8337,-2.5519999999999072,1.0371999999999986,5.008899999999997,1.3338999999999999,11.052,26.324624999999997,-4.596212500000036,1.0974125,5.94485,1.6252375,10.619499999999999,1.2601669955860404,0.4519930495428597
121.55,24.15,449.7768,SSP1-2.6,2021-2040,-59.55949999999996,25.654400000000003,-21.765800000000127,0.6850999999999985,4.549999999999997,1.5429000000000004,11.361999999999998,26.063499999999998,-3.251237500000002,0.8772624999999992,4.724299999999999,1.5136125000000002,10.725750000000001,1.2601669955860404,0.5151888299126467
121.55,24.2,421.1452,SSP1-2.6,2021-2040,-57.1284,22.325699999999998,-23.190900000000056,0.5791000000000004,4.121399999999998,1.4214000000000002,9.902000000000001,24.673512499999998,-6.9095874999999864,0.7656874999999994,4.436374999999998,1.6634000000000002,9.985,1.2601669955860404,0.578384610282438
121.55,24.25,339.8152,SSP1-2.6,2021-2040,-41.0505,21.4454,-19.902499999999918,0.6878999999999991,5.244599999999998,1.7393,8.06,23.243975,0.3787374999999997,0.7434500000000002,3.7774499999999995,1.7345875,9.383500000000002,1.2601669955860404,0.6415803906522295
121.55,24.3,289.102,SSP1-2.6,2021-2040,-18.596599999999967,21.2354,-8.789800000000014,0.8110999999999997,3.108900000000002,1.8018,8.094000000000001,22.5397375,15.842812500000036,0.7341750000000005,3.057137499999999,1.758025,8.81275,1.2601669955860404,0.704776171022021
121.55,24.35,289.7415,SSP1-2.6,2021-2040,-2.2454999999999927,22.391299999999994,33.1853000000001,0.6689000000000007,0.7606999999999999,1.75,8.426,23.375075000000002,42.36403750000002,0.7654250000000005,1.7580250000000004,1.9287875,9.48775,1.2601669955860404,0.7679719513918124
121.55,24.4,338.5587,SSP1-2.6,2021-2040,3.9557000000000357,25.852000000000004,82.22340000000031,0.7611000000000026,1.3089000000000013,2.591100000000001,11.99,23.095174999999998,67.28248750000006,0.8040750000000001,0.8604874999999996,2.1028875000000005,9.389499999999998,1.2601669955860404,0.8311677317615993
121.55,24.45,413.7522,SSP1-2.6,2021-2040,4.665099999999995,21.162399999999998,110.81150000000025,0.9288999999999987,1.9624999999999986,2.596400000000001,8.814,22.506487500000002,78.38097500000015,0.9269875000000005,1.3714250000000003,2.5504375,9.575000000000001,1.2601669955860404,0.8943635121313908
121.55,24.5,429.3974,SSP1-2.6,2021-2040,4.103999999999985,19.880000000000003,102.8064000000004,0.9964000000000013,2.735699999999998,2.6445999999999987,7.630000000000001,22.3515125,97.53023750000017,1.058475,3.2426375000000003,2.572975,10.283999999999999,1.2601669955860404,0.9575592925011822
121.55,24.55,348.8081,SSP1-2.6,2021-2040,4.926099999999963,25.202099999999994,120.84940000000006,1.1375000000000028,5.0821000000000005,1.7213999999999992,12.431999999999999,23.136962500000003,111.36538750000017,1.1900749999999998,4.8160875,2.5026624999999996,11.503999999999998,1.2601669955860404,1.0207550728709736
121.55,24.6,312.6147,SSP1-2.6,2021-2040,4.115499999999997,26.756999999999998,140.36789999999974,1.3040999999999983,6.891100000000002,2.3713999999999995,13.764,25.280525000000004,116.20017500000017,1.187075,5.868987500000001,1.8345874999999998,13.36525,1.2601669955860404,1.0839508532407651
121.55,24.65,274.1065,SSP1-2.6,2021-2040,15.802999999999997,26.759600000000006,75.16310000000021,0.8630999999999993,6.053599999999999,1.3928999999999991,14.656,25.399225,72.87572500000005,1.1083374999999993,6.341962500000001,1.1564625000000002,13.42975,1.2601669955860404,1.147146633610552
121.55,24.7,255.6028,SSP1-2.6,2021-2040,15.95580000000001,25.0768,-18.6262999999999,0.8247999999999998,6.133900000000001,0.1517999999999997,13.398,25.194737500000002,37.39606250000014,0.9212249999999993,6.225875,0.7658500000000004,13.61325,1.2601669955860404,1.2103424139803434
121.55,24.75,270.7445,SSP1-2.6,2021-2040,20.064899999999966,24.71540000000001,4.5733000000000175,1.0000999999999998,6.307099999999998,-0.39289999999999914,14.403999999999998,24.7957875,2.2117750000001024,0.7951999999999995,5.878100000000001,0.39666250000000036,13.8655,1.2601669955860404,1.273538194350135
121.55,24.8,274.097,SSP1-2.6,2021-2040,17.659400000000005,24.275099999999995,-4.009099999999762,0.7825999999999986,5.682100000000002,-0.8035999999999994,15.017999999999999,24.594450000000002,-17.522187499999973,0.6887249999999998,5.464949999999999,0.6861625000000002,14.3895,1.2601669955860404,1.3367339747199263
121.55,24.85,277.8704,SSP1-2.6,2021-2040,0.9343000000000075,23.7083,-74.85210000000006,0.1977000000000011,4.641099999999998,0.7232000000000003,14.029999999999998,23.364575000000002,-54.378525000000025,0.4831874999999992,5.233474999999999,0.6272249999999999,14.12575,1.2601669955860404,1.3999297550897176
121.55,24.9,245.9151,SSP1-2.6,2021-2040,-1.6836999999999875,21.425900000000006,-121.41969999999992,-0.07010000000000005,5.085699999999999,1.3018,12.774000000000001,22.5159625,-111.9342625000001,0.17222499999999963,5.2580374999999995,0.47409999999999997,14.170750000000002,1.2601669955860404,1.4631255354595045
121.55,24.95,202.4474,SSP1-2.6,2021-2040,-1.8744999999999834,21.8908,-160.32540000000017,-0.18730000000000047,5.910700000000002,-0.34639999999999915,15.078000000000001,21.707025,-132.02673750000002,0.09221249999999959,5.968525,0.7133875000000001,14.1965,1.2601669955860404,1.526321315829296
121.55,25.0,190.5201,SSP1-2.6,2021-2040,-8.343800000000016,22.202599999999997,-116.15120000000024,0.3073999999999977,7.139299999999999,0.5589000000000013,16.244,22.165187500000002,-119.28446249999996,0.15777500000000044,6.3676375,0.559825,15.149750000000001,1.2601669955860404,1.5895170961990874
121.55,25.05,191.5299,SSP1-2.6,2021-2040,-4.190799999999996,22.819899999999997,-50.41349999999966,0.4557000000000002,6.8429,0.8356999999999992,16.442,23.0679,-73.06402500000002,0.375575,6.691962499999999,0.7727625000000002,16.369500000000002,1.2601669955860404,1.652712876568879
121.55,25.1,186.7833,SSP1-2.6,2021-2040,4.7616999999999905,24.287200000000006,4.039800000000014,0.48470000000000013,4.746399999999998,0.6624999999999996,18.284,24.182,-45.260112499999934,0.445875,6.2633875,0.4004375,16.916249999999998,1.2601669955860404,1.7159086569386703
121.55,25.15,265.0967,SSP1-2.6,2021-2040,1.7579999999999814,24.859500000000004,53.80500000000029,0.8230000000000004,4.873200000000001,-0.34999999999999964,16.768,25.09115,-114.92593749999997,0.08288749999999956,5.782125,-0.29017500000000007,17.28425,1.2601669955860404,1.7791044373084572
121.55,25.2,258.9274,SSP1-2.6,2021-2040,0.6021000000000072,24.8089,-167.96139999999968,-0.09769999999999968,4.7196,-1.3445999999999998,15.904,25.639474999999997,-188.323625,-0.26182500000000086,5.4377125,-0.8843750000000004,17.087249999999997,1.2601669955860404,1.8423002176782488
121.55,25.25,189.9007,SSP1-2.6,2021-2040,4.163399999999996,25.578400000000002,-318.8017,-0.8533000000000008,5.287500000000001,-1.625,16.863999999999997,25.5405625,-205.52220000000005,-0.4111875000000009,4.85155,-1.0667375000000001,16.799500000000002,1.2601669955860404,1.9054959980480402
121.55,25.3,158.4971,SSP1-2.6,2021-2040,6.1577000000000055,25.342099999999995,-105.61200000000008,-0.2333000000000034,4.175000000000001,-0.976799999999999,17.311999999999998,25.324462500000003,-224.47858750000003,-0.4538875000000009,4.945074999999999,-1.0792375,16.5945,1.2601669955860404,1.9686917784178315
121.6,21.95,197.4578,SSP1-2.6,2021-2040,-0.1022999999999854,33.337,31.17780000000039,0.07809999999999917,4.307100000000002,4.991099999999999,9.552,37.6427125,-81.94180000000009,0.4444625000000002,10.7729875,3.3428750000000003,15.873,1.3658608356672617,-2.265425506358136
121.6,22.0,183.9167,SSP1-2.6,2021-2040,3.311300000000017,34.91179999999999,44.46509999999989,0.07360000000000255,4.739300000000002,4.8268,10.411999999999999,37.445862500000004,-83.60271250000002,0.4450249999999998,10.7189625,3.3634125,15.765500000000001,1.3658608356672617,-2.2022297259883445
121.6,23.85,204.8463,SSP1-2.6,2021-2040,5.891599999999983,30.323199999999993,3.634800000000041,1.0868000000000002,8.101799999999997,1.8838999999999997,14.251999999999999,30.899625,-21.854787500000015,1.1226625000000001,7.9140500000000005,1.8716500000000003,13.97725,1.3658608356672617,0.13601414769390704
121.6,23.9,210.4865,SSP1-2.6,2021-2040,1.359899999999982,31.052800000000005,-14.910399999999981,0.979099999999999,9.6571,2.0874999999999995,13.808,31.202887500000003,-6.772700000000043,1.1655500000000005,7.93595,1.7866,14.396999999999998,1.3658608356672617,0.19920992806369398
121.6,23.95,217.6648,SSP1-2.6,2021-2040,2.8526999999999987,32.176,13.922200000000203,1.0924000000000014,8.391099999999998,1.9000000000000004,14.652,30.783375,-6.717162500000086,1.1309999999999998,8.4058125,1.9508874999999999,13.80225,1.3658608356672617,0.26240570843348543
121.6,24.0,232.4058,SSP1-2.6,2021-2040,5.102800000000002,31.0499,48.49389999999994,0.8354000000000035,7.3553999999999995,2.0017999999999994,14.232000000000001,29.145712500000002,-3.5981750000000545,1.1853625000000005,8.0547,1.9591499999999997,12.12275,1.3658608356672617,0.32560148880327683
121.6,24.05,270.6114,SSP1-2.6,2021-2040,-13.376300000000015,31.254500000000007,-6.866199999999935,1.1859000000000002,8.628600000000002,2.1160999999999994,12.733999999999998,28.9233,4.00913749999998,1.0460625000000006,7.440175,1.9205375,12.40775,1.3658608356672617,0.3887972691730683
121.6,24.1,329.3079,SSP1-2.6,2021-2040,-27.77370000000002,30.241,-27.534799999999905,1.033999999999999,7.2821,1.8338999999999999,13.292,28.3625625,-5.547362499999991,1.0324250000000004,7.268075000000001,1.8553750000000002,11.76125,1.3658608356672617,0.4519930495428597
121.6,24.15,347.4789,SSP1-2.6,2021-2040,-29.927099999999996,27.767399999999995,-36.902900000000045,0.860599999999998,7.932100000000002,1.9036,10.712000000000002,27.5919625,-5.559837499999958,0.9580249999999997,6.270075,1.7486625000000002,11.76775,1.3658608356672617,0.5151888299126467
121.6,24.2,361.3219,SSP1-2.6,2021-2040,-34.47240000000005,25.241299999999995,9.291200000000117,0.8635999999999981,5.096399999999999,1.8857,10.488000000000001,25.3307875,10.415137499999986,0.9342625,5.798875,1.7794750000000001,10.17125,1.3658608356672617,0.578384610282438
121.6,24.25,343.2496,SSP1-2.6,2021-2040,-31.067999999999984,22.357800000000005,86.84590000000003,1.2412000000000027,4.578599999999998,1.9946000000000002,8.506000000000002,23.2559875,51.8121625,0.9219749999999998,4.0198374999999995,1.9495625000000003,9.09375,1.3658608356672617,0.6415803906522295
121.6,24.3,326.3621,SSP1-2.6,2021-2040,-10.011900000000026,22.422000000000004,199.5444,1.2560000000000002,2.6820999999999984,2.7750000000000004,8.874,23.258274999999998,73.9852625,0.9088250000000002,2.5988624999999996,1.9839375000000004,9.00125,1.3658608356672617,0.704776171022021
121.6,24.35,329.0514,SSP1-2.6,2021-2040,-6.38209999999998,24.538100000000007,150.07079999999996,0.9206000000000003,0.3999999999999986,2.3911000000000016,10.111999999999998,24.4570125,99.74726250000003,0.9156000000000009,1.358012500000001,2.1984500000000002,9.944749999999999,1.3658608356672617,0.7679719513918124
121.6,24.4,358.1433,SSP1-2.6,2021-2040,-1.9313000000000216,26.672700000000006,132.4967999999999,0.9723000000000006,-1.2963999999999984,2.210700000000001,11.669999999999998,24.9174625,100.36483750000014,0.8900375000000005,1.450425,2.3410750000000005,10.428,1.3658608356672617,0.8311677317615993
121.6,24.45,401.4136,SSP1-2.6,2021-2040,-2.280499999999961,25.5922,125.62450000000035,0.9488999999999983,1.3445999999999998,3.1607000000000003,11.256,22.727525,107.57575000000008,0.969650000000001,1.9102625000000004,2.452,9.6295,1.3658608356672617,0.8943635121313908
121.6,24.5,433.8064,SSP1-2.6,2021-2040,4.047300000000007,17.858199999999997,132.2505000000001,1.0452000000000012,2.6875,3.408899999999999,7.924000000000001,22.6490125,122.19700000000012,1.0644500000000003,3.5662875,2.3379250000000003,9.86575,1.3658608356672617,0.9575592925011822
121.6,24.55,376.8988,SSP1-2.6,2021-2040,5.071000000000026,20.802600000000005,141.1184000000003,1.1768,5.055400000000002,2.0196000000000005,9.439999999999998,22.966099999999997,132.00638749999996,1.204450000000001,4.99175,2.2356999999999996,10.891,1.3658608356672617,1.0207550728709736
121.6,24.6,322.8684,SSP1-2.6,2021-2040,13.268399999999986,25.741600000000005,130.67360000000008,1.3592000000000013,6.3429,1.7411000000000012,13.77,25.396050000000002,124.97741250000001,1.2201499999999998,6.015862500000001,1.5332499999999998,12.7695,1.3658608356672617,1.0839508532407651
121.6,24.65,286.5627,SSP1-2.6,2021-2040,12.71569999999997,26.64670000000001,91.90700000000015,1.2537999999999982,6.755400000000002,0.9268000000000001,13.53,26.271237499999998,53.068374999999946,1.0567249999999997,6.3649625,0.7171875000000001,13.83025,1.3658608356672617,1.147146633610552
121.6,24.7,260.2413,SSP1-2.6,2021-2040,-2.12560000000002,25.848499999999994,-104.4077000000002,0.6554000000000002,6.7696000000000005,-0.8374999999999986,13.908000000000001,25.9729375,0.7890000000000441,0.8578624999999991,6.306024999999999,0.322325,13.747499999999999,1.3658608356672617,1.2103424139803434
121.6,24.75,281.6095,SSP1-2.6,2021-2040,-5.567200000000014,25.270199999999996,-52.09469999999965,0.6914999999999978,7.007099999999999,0.5554000000000006,13.395999999999999,25.074012499999995,-47.53123750000003,0.6962999999999999,6.1627125,-0.15959999999999974,13.85375,1.3658608356672617,1.273538194350135
121.6,24.8,281.1558,SSP1-2.6,2021-2040,-2.274099999999976,24.639699999999998,-27.52300000000014,0.706900000000001,6.273199999999999,-0.3321000000000005,14.442000000000002,24.1190625,-47.601774999999975,0.5986749999999992,5.6912875,0.21383750000000012,13.8505,1.3658608356672617,1.3367339747199263
121.6,24.85,272.1187,SSP1-2.6,2021-2040,1.303200000000004,22.8825,-101.51120000000037,0.48999999999999844,5.412499999999998,0.5213999999999999,14.344000000000001,22.854712499999998,-53.47502500000002,0.3903624999999997,5.4104874999999995,0.3566999999999998,13.5995,1.3658608356672617,1.3999297550897176
121.6,24.9,251.0524,SSP1-2.6,2021-2040,-3.7775000000000034,20.435000000000002,-136.72680000000037,-0.05460000000000065,5.149999999999999,0.9838999999999984,13.368,21.8465375,-102.88993750000009,0.06032499999999974,5.201112499999999,0.33661249999999976,13.408750000000001,1.3658608356672617,1.4631255354595045
121.6,24.95,228.8761,SSP1-2.6,2021-2040,2.9620999999999924,19.9456,-215.41900000000032,-0.5678999999999981,5.273199999999999,-0.25180000000000113,13.060000000000002,21.321962499999998,-123.72820000000007,0.017724999999999547,5.7580374999999995,0.6247750000000001,13.749500000000001,1.3658608356672617,1.526321315829296
121.6,25.0,212.0405,SSP1-2.6,2021-2040,-1.251400000000018,21.6742,-189.5673999999999,-0.04299999999999926,7.485700000000001,0.5607000000000006,14.219999999999999,22.0629875,-120.858025,0.05637499999999962,6.0484375,0.3830374999999999,14.918500000000002,1.3658608356672617,1.5895170961990874
121.6,25.05,211.386,SSP1-2.6,2021-2040,-1.4239000000000033,23.250500000000002,-122.92579999999998,0.22550000000000026,6.821400000000001,0.7857000000000003,16.464,23.0515875,-90.95564999999999,0.2802749999999996,6.324775,0.46896250000000017,16.0575,1.3658608356672617,1.652712876568879
121.6,25.1,195.5677,SSP1-2.6,2021-2040,4.213099999999997,24.246100000000006,-48.319400000000314,0.5166000000000004,6.689299999999999,0.7625000000000011,16.856,23.8967375,-116.98168749999996,0.14154999999999962,5.9091375,-0.06496250000000003,16.49975,1.3658608356672617,1.7159086569386703
121.6,25.15,243.72,SSP1-2.6,2021-2040,3.697100000000006,24.29639999999999,-219.87450000000035,-0.14290000000000092,5.794599999999999,-0.9929000000000006,16.412,24.437375000000003,-170.5028375,-0.15151250000000083,5.483025,-0.43883749999999977,16.508000000000003,1.3658608356672617,1.7791044373084572
121.6,25.2,221.5467,SSP1-2.6,2021-2040,-5.204999999999984,25.0959,-404.96799999999985,-1.3404000000000025,5.5839,-1.3249999999999993,15.786000000000001,24.753237499999997,-233.66966250000002,-0.4510250000000009,5.30245,-1.0026750000000002,16.317249999999998,1.3658608356672617,1.8423002176782488
121.6,25.25,184.373,SSP1-2.6,2021-2040,0.12360000000001037,25.6849,-384.3274000000001,-1.3171,5.178599999999999,-1.5446000000000009,16.182000000000002,25.0212875,-224.704025,-0.5171625000000017,5.097525000000001,-0.9886250000000001,16.607999999999997,1.3658608356672617,1.9054959980480402
121.6,25.3,165.5419,SSP1-2.6,2021-2040,2.054699999999997,24.785399999999996,-195.08100000000013,-0.6293000000000006,4.6446000000000005,-0.7142999999999997,16.558,25.2611875,-226.594175,-0.5042625000000012,4.908025,-1.153575,16.606,1.3658608356672617,1.9686917784178315
121.65,24.0,214.1692,SSP1-2.6,2021-2040,5.093600000000009,29.397000000000006,26.611699999999928,0.9642999999999979,8.6786,2.4554,13.134,30.795325000000002,1.841312500000015,1.0355125000000007,8.1540125,1.9692,13.623999999999999,1.4715546757485132,0.32560148880327683
121.65,24.05,230.0174,SSP1-2.6,2021-2040,3.838799999999992,29.216,33.38189999999986,0.8663000000000025,7.933900000000001,1.916100000000001,13.118,29.4855375,-0.7340249999999742,1.0630625000000005,7.995987500000002,2.04265,12.402000000000001,1.4715546757485132,0.3887972691730683
121.65,24.1,254.4267,SSP1-2.6,2021-2040,-4.964100000000002,30.524700000000003,6.577400000000125,1.080400000000001,8.383900000000004,2.053600000000001,14.02,29.3280625,0.10423750000001064,1.0416374999999998,7.647762500000001,1.9346125,12.2585,1.4715546757485132,0.4519930495428597
121.65,24.15,260.1308,SSP1-2.6,2021-2040,-2.269100000000037,32.3734,-1.6797999999998865,1.2036000000000016,8.428600000000003,2.051800000000001,13.813999999999998,28.3687375,8.974349999999987,1.0191874999999997,6.957337500000001,1.9013500000000003,11.916250000000002,1.4715546757485132,0.5151888299126467
121.65,24.2,290.2077,SSP1-2.6,2021-2040,-13.555099999999982,27.541500000000006,16.375999999999976,1.1812000000000005,7.289300000000004,1.8660999999999994,10.212,27.9376875,17.24074999999999,1.0884874999999998,6.480125,1.9442000000000004,11.556750000000001,1.4715546757485132,0.578384610282438
121.65,24.25,300.6087,SSP1-2.6,2021-2040,-19.699599999999975,23.180699999999995,83.54109999999991,1.0353999999999992,4.246399999999998,1.7161000000000008,8.802,25.817025,61.59008749999995,1.1203500000000002,4.564724999999999,2.1049125,10.223,1.4715546757485132,0.6415803906522295
121.65,24.3,313.9771,SSP1-2.6,2021-2040,-15.850700000000018,22.655899999999995,157.62779999999998,0.9615000000000009,0.3696000000000019,2.3911000000000007,8.318000000000001,25.039875,89.14063749999994,1.045575,3.246874999999999,2.0957625000000006,9.794,1.4715546757485132,0.704776171022021
121.65,24.35,348.9838,SSP1-2.6,2021-2040,-20.298000000000002,28.261599999999994,109.30349999999999,0.9439999999999991,2.0821000000000005,2.0875000000000004,11.692,24.5121375,109.7131,0.9675125000000002,1.6765625000000002,2.1852750000000003,9.80175,1.4715546757485132,0.7679719513918124
121.65,24.4,363.9797,SSP1-2.6,2021-2040,-14.817799999999977,26.165200000000006,92.38670000000002,0.9499000000000031,1.848200000000002,1.9803999999999995,10.494,25.690275,102.04383750000005,0.9441124999999997,1.7484375,2.198200000000001,10.7435,1.4715546757485132,0.8311677317615993
121.65,24.45,377.9533,SSP1-2.6,2021-2040,-6.1544999999999845,25.376900000000006,99.3130000000001,0.9980000000000011,1.8963999999999999,2.1714,10.639999999999999,22.7869375,104.910325,1.0147875000000002,2.4107250000000007,2.2781125,9.754249999999999,1.4715546757485132,0.8943635121313908
121.65,24.5,398.5396,SSP1-2.6,2021-2040,-1.1770999999999958,18.852799999999995,108.3176999999996,1.1053999999999995,4.139300000000002,2.012500000000001,7.8740000000000006,22.889312500000003,119.72986250000002,1.075825,3.838175,2.3156125000000003,10.081,1.4715546757485132,0.9575592925011822
121.65,24.55,427.1516,SSP1-2.6,2021-2040,-3.872699999999952,24.323100000000004,168.73509999999987,1.223700000000001,6.314299999999999,2.3767999999999994,10.84,22.301375,118.52469999999994,1.1468000000000003,4.9685500000000005,1.8948625000000003,10.576,1.4715546757485132,1.0207550728709736
121.65,24.6,341.5363,SSP1-2.6,2021-2040,26.034500000000037,25.113999999999997,152.05049999999983,1.464100000000002,5.741099999999999,1.6089000000000002,12.894,25.617262500000002,98.89373750000004,1.1393999999999997,6.0852875,1.0955375000000003,12.6365,1.4715546757485132,1.0839508532407651
121.65,24.65,255.9377,SSP1-2.6,2021-2040,17.598700000000008,27.563300000000005,109.62789999999995,1.3380999999999972,6.233899999999998,-0.1517999999999997,14.600000000000001,26.4649625,32.814262499999984,1.0207250000000005,6.3386375,0.42745000000000033,13.666250000000002,1.4715546757485132,1.147146633610552
121.65,24.7,239.1876,SSP1-2.6,2021-2040,-4.009999999999991,27.309099999999994,-60.302000000000135,0.6449999999999996,6.753599999999999,-0.5393000000000008,13.652000000000001,26.398825,-15.684174999999982,0.8581374999999993,6.328574999999999,0.24375000000000036,13.75375,1.4715546757485132,1.2103424139803434
121.65,24.75,251.2344,SSP1-2.6,2021-2040,-16.864499999999992,24.442399999999992,-143.9363000000003,0.24650000000000105,5.203599999999998,0.6356999999999999,12.343999999999998,25.728424999999998,-30.093237499999987,0.7469749999999995,6.298887499999999,0.14867500000000033,13.81325,1.4715546757485132,1.273538194350135
121.65,24.8,277.4363,SSP1-2.6,2021-2040,-5.5878999999999905,24.2851,-26.01879999999983,0.7090999999999994,6.178600000000001,0.8411000000000008,13.664,24.482287499999998,-26.55306250000001,0.6343499999999991,5.667412499999999,0.36139999999999994,13.538250000000001,1.4715546757485132,1.3367339747199263
121.65,24.85,311.7786,SSP1-2.6,2021-2040,-5.4821999999999775,23.3735,17.034700000000157,0.6718999999999973,5.0981999999999985,-0.3696000000000019,13.604000000000001,22.8559625,-25.20223750000008,0.5103749999999994,5.5986625,0.41585000000000005,13.355500000000001,1.4715546757485132,1.3999297550897176
121.65,24.9,257.8623,SSP1-2.6,2021-2040,-0.342899999999986,20.695099999999996,-54.28540000000021,0.17940000000000111,5.174999999999999,0.5089000000000006,11.895999999999999,21.691174999999998,-55.74842500000011,0.29122499999999896,5.483699999999999,0.31027499999999963,13.132000000000001,1.4715546757485132,1.4631255354595045
121.65,24.95,233.9441,SSP1-2.6,2021-2040,-0.8537999999999784,20.8506,-112.3413999999998,-0.23110000000000142,5.012499999999999,0.6053999999999995,12.484000000000002,21.140874999999998,-93.6592250000001,0.1856749999999998,5.869425,0.3557999999999999,13.097000000000001,1.4715546757485132,1.526321315829296
121.65,25.0,229.1821,SSP1-2.6,2021-2040,8.11930000000001,21.4015,-99.00829999999996,0.24109999999999943,5.1053999999999995,0.8249999999999993,13.931999999999999,22.026787499999998,-99.26228750000001,0.17497499999999988,6.175212500000001,0.1477750000000002,13.9905,1.4715546757485132,1.5895170961990874
121.65,25.05,220.8446,SSP1-2.6,2021-2040,6.078799999999973,24.142400000000002,-90.27959999999985,0.20759999999999934,6.2821,0.05180000000000007,15.643999999999998,22.7331,-79.36880000000002,0.33248750000000005,6.198437500000001,0.27120000000000033,15.065249999999999,1.4715546757485132,1.652712876568879
121.65,25.1,207.0185,SSP1-2.6,2021-2040,5.3230000000000075,23.638800000000003,-137.9456,0.07209999999999894,6.307100000000002,-0.5053999999999998,16.838,23.6036875,-103.37066250000015,0.18446249999999997,5.86205,-0.0022374999999994483,15.6725,1.4715546757485132,1.7159086569386703
121.65,25.15,218.6738,SSP1-2.6,2021-2040,5.069099999999992,23.879199999999997,-372.25930000000017,-0.9933000000000014,5.6053999999999995,-1.0070999999999994,15.145999999999999,24.0207875,-146.35987500000016,-0.04723750000000049,5.5140625,-0.1466749999999999,16.11075,1.4715546757485132,1.7791044373084572
121.65,25.2,190.889,SSP1-2.6,2021-2040,-0.4830000000000041,24.6834,-290.41380000000026,-0.6771000000000029,5.3393000000000015,-0.40360000000000085,16.482,24.2718875,-220.1438750000001,-0.4226750000000008,5.4482125,-0.6625125000000001,16.141000000000002,1.4715546757485132,1.8423002176782488
121.65,25.25,171.5283,SSP1-2.6,2021-2040,0.057999999999992724,24.235200000000006,-169.52419999999984,-0.3498000000000019,5.621400000000001,-0.7536000000000005,16.78,24.6314875,-254.76290000000012,-0.6400625000000009,5.14175,-0.7238875,16.12525,1.4715546757485132,1.9054959980480402
121.7,24.2,275.0358,SSP1-2.6,2021-2040,-4.122599999999977,33.237300000000005,-12.935100000000148,1.2319999999999993,7.494599999999998,2.0357000000000003,14.686000000000002,27.8842625,14.891599999999983,1.1327125000000002,6.0645125,1.9069375000000006,11.548,1.5772485158297345,0.578384610282438
121.7,24.25,277.3466,SSP1-2.6,2021-2040,-7.308900000000051,28.818899999999992,3.1881999999998243,1.1910999999999987,5.680399999999999,1.9125000000000005,11.425999999999998,27.531299999999998,37.374024999999904,1.1244125,4.6283375,1.9524750000000002,11.2105,1.5772485158297345,0.6415803906522295
121.7,24.3,295.0345,SSP1-2.6,2021-2040,-11.4418,24.26149999999999,32.78229999999985,1.036200000000001,3.3267999999999986,1.978600000000001,9.274,27.517974999999996,53.42274999999995,1.0723749999999996,4.0345875,1.9841625,11.12575,1.5772485158297345,0.704776171022021
121.7,24.35,335.7223,SSP1-2.6,2021-2040,-17.693700000000035,26.4784,47.84889999999996,0.7400999999999982,2.9786,1.9107000000000003,9.666,26.262475,73.30695000000006,1.0059875000000003,3.089937500000001,2.0305874999999998,10.69975,1.5772485158297345,0.7679719513918124
121.7,24.4,358.8934,SSP1-2.6,2021-2040,-16.53159999999997,22.903299999999994,64.94710000000032,0.9034999999999975,3.1036,1.8445999999999998,10.006,26.9017125,81.74101250000007,0.9927500000000005,3.1921750000000007,1.9758874999999998,11.00375,1.5772485158297345,0.8311677317615993
121.7,24.45,364.1507,SSP1-2.6,2021-2040,-13.565699999999993,25.698999999999998,86.74609999999984,1.1255000000000024,3.4786,1.8089000000000013,10.905999999999999,24.094862499999998,88.42276250000003,1.051675,3.4591500000000006,1.8727624999999997,10.28,1.5772485158297345,0.8943635121313908
121.7,24.5,374.8033,SSP1-2.6,2021-2040,-10.629899999999964,18.552100000000003,96.51319999999987,1.0675999999999988,3.9803999999999995,1.7981999999999996,7.903999999999998,24.7674625,110.59453749999989,1.1114625,4.690175,1.8866125,10.962499999999999,1.5772485158297345,0.9575592925011822
121.7,24.55,416.0153,SSP1-2.6,2021-2040,-9.937600000000032,24.910399999999996,107.53809999999976,1.0208999999999975,5.9482,1.7804000000000002,11.738,23.6838625,118.97352499999988,1.1353250000000004,5.3605,1.5734375,10.997499999999999,1.5772485158297345,1.0207550728709736
121.7,24.6,327.1352,SSP1-2.6,2021-2040,15.626599999999996,26.579299999999996,79.73559999999998,0.9352000000000018,5.8536,0.7893000000000008,13.063999999999998,26.0094875,87.72789999999992,1.01925,5.9698625,0.9419625,12.777000000000001,1.5772485158297345,1.0839508532407651
121.7,24.65,278.3812,SSP1-2.6,2021-2040,-1.25649999999996,28.371100000000006,-38.185799999999745,0.807500000000001,6.178599999999999,-0.7179000000000002,14.110000000000001,26.575075,46.36958749999991,0.9204000000000003,5.8930875,0.48168750000000027,13.633000000000001,1.5772485158297345,1.147146633610552
121.7,24.7,241.0741,SSP1-2.6,2021-2040,-7.14579999999998,26.1094,11.042899999999918,1.0456000000000003,6.314299999999999,0.44819999999999993,14.402000000000001,26.7894875,-18.21223750000007,0.6643874999999997,5.8071625,0.30825000000000036,13.837,1.5772485158297345,1.2103424139803434
121.7,24.75,229.8429,SSP1-2.6,2021-2040,-18.765799999999984,26.939,0.5733000000000175,0.8266999999999989,6.1661,1.0911000000000008,13.74,25.8906875,-14.55626250000006,0.6806375,5.610962499999999,0.5232125000000003,13.966000000000001,1.5772485158297345,1.273538194350135
121.7,24.8,247.45,SSP1-2.6,2021-2040,-12.36869999999999,25.4264,17.984100000000126,0.6955999999999989,4.928599999999999,-0.037499999999999645,13.302000000000001,24.851774999999996,10.560324999999978,0.6833749999999994,5.280374999999999,0.7640750000000001,13.7375,1.5772485158297345,1.3367339747199263
121.7,24.85,271.1531,SSP1-2.6,2021-2040,2.7934999999999945,22.8846,77.04860000000008,0.7456999999999994,5.25,0.8268000000000004,13.134,23.392937500000002,23.149237500000027,0.6716124999999997,5.0855,0.38126249999999984,13.228000000000002,1.5772485158297345,1.3999297550897176
121.7,24.9,277.5127,SSP1-2.6,2021-2040,-0.45420000000001437,21.5993,49.414600000000064,0.6108999999999973,6.4214,0.014300000000000423,12.693999999999999,21.899612499999996,2.0553375000000074,0.5613374999999996,4.998449999999999,0.30469999999999975,12.642,1.5772485158297345,1.4631255354595045
121.7,24.95,261.6735,SSP1-2.6,2021-2040,2.685600000000022,21.558299999999996,-23.486900000000333,0.6648999999999994,6.251799999999999,0.1518000000000015,12.368,21.294075,-46.394049999999936,0.4241499999999996,5.4388499999999995,0.018987499999999713,12.66525,1.5772485158297345,1.526321315829296
121.7,25.0,245.8166,SSP1-2.6,2021-2040,11.808300000000031,21.818000000000005,-80.19459999999981,0.4545999999999992,6.0929,0.053599999999999426,13.238000000000001,22.06945,-56.41131250000001,0.4125499999999991,5.716512499999999,-0.3892749999999998,13.38575,1.5772485158297345,1.5895170961990874
121.7,25.05,221.6028,SSP1-2.6,2021-2040,25.365199999999987,22.9747,40.116399999999885,0.6891999999999996,6.182100000000002,-0.7749999999999986,14.446,22.69585,-70.56369999999998,0.3461999999999996,5.5779,-0.3863749999999999,14.20375,1.5772485158297345,1.652712876568879
121.7,25.1,199.8942,SSP1-2.6,2021-2040,11.853399999999993,22.860999999999997,2.89429999999993,0.5038000000000018,4.903600000000001,0.46250000000000036,14.528,23.4000625,-75.33105000000006,0.22073749999999936,5.3410625,-0.39286249999999945,14.90175,1.5772485158297345,1.7159086569386703
121.7,25.15,183.4885,SSP1-2.6,2021-2040,7.1399000000000115,23.179199999999994,-16.31740000000036,0.4692000000000007,4.617899999999999,0.6946000000000012,15.883999999999999,23.75115,-98.83411250000006,0.1042124999999996,4.96965,0.029674999999999896,15.08125,1.5772485158297345,1.7791044373084572
121.7,25.2,173.4387,SSP1-2.6,2021-2040,7.134699999999981,24.1655,-55.934600000000046,0.22080000000000055,4.876799999999999,0.1338999999999988,16.1,23.928975,-144.86221250000006,-0.12042500000000089,4.9899625,-0.0223374999999999,15.266,1.5772485158297345,1.8423002176782488
121.75,24.25,262.9529,SSP1-2.6,2021-2040,4.4920999999999935,31.1321,-30.94360000000006,1.470200000000002,6.064299999999996,1.7911000000000001,14.348,28.5529375,25.731174999999894,1.1324249999999996,5.6917375,1.9598375,11.79675,1.6829423559109558,0.6415803906522295
121.75,24.3,280.3745,SSP1-2.6,2021-2040,4.071399999999983,31.76299999999999,4.694799999999759,1.3386999999999993,5.257100000000001,1.9303999999999988,14.378,27.925649999999997,41.908549999999934,1.0538750000000001,4.4605,2.0044750000000002,11.56075,1.6829423559109558,0.704776171022021
121.75,24.35,323.1967,SSP1-2.6,2021-2040,-3.210399999999993,27.8532,52.12130000000025,0.8979999999999997,5.598200000000002,2.133899999999999,10.376000000000001,27.9620125,50.153337499999964,0.9624125000000001,4.032150000000001,1.929475,12.18075,1.6829423559109558,0.7679719513918124
121.75,24.4,357.6013,SSP1-2.6,2021-2040,-14.495599999999968,26.2361,72.5921000000003,1.0161000000000016,3.1339000000000006,1.8981999999999992,11.059999999999999,27.895187500000002,70.51602500000007,0.965875,4.250237500000001,1.9279,12.092,1.6829423559109558,0.8311677317615993
121.75,24.45,339.8916,SSP1-2.6,2021-2040,-10.74939999999998,29.143299999999996,93.61650000000009,1.2703999999999986,4.5214,1.8160999999999987,13.196000000000002,25.887612500000003,71.78563750000006,0.9847250000000001,4.21095,1.8348125,11.52775,1.6829423559109558,0.8943635121313908
121.75,24.5,338.6862,SSP1-2.6,2021-2040,-12.71859999999998,25.529200000000003,79.69579999999996,1.1024999999999991,5.050000000000001,1.4606999999999992,11.065999999999999,25.741837500000003,82.24116249999997,1.0222249999999997,5.035937499999999,1.8113875,11.771249999999998,1.6829423559109558,0.9575592925011822
121.75,24.55,384.9637,SSP1-2.6,2021-2040,8.545799999999986,24.305,140.79399999999987,1.045300000000001,6.173199999999998,1.6661000000000001,11.439999999999998,25.178375,86.19971249999998,0.9782374999999996,5.189275,1.4292375,11.59175,1.6829423559109558,1.0207550728709736
121.75,24.6,318.566,SSP1-2.6,2021-2040,14.084500000000048,26.215399999999995,125.94630000000006,1.1387999999999998,5.632100000000001,0.875,12.898,26.370575000000002,68.19436249999995,0.8521000000000001,5.4698625,0.9752250000000002,12.7,1.6829423559109558,1.0839508532407651
121.75,24.65,279.9552,SSP1-2.6,2021-2040,-13.657600000000002,27.273600000000002,-64.68290000000025,0.11560000000000059,5.537500000000001,0.09820000000000029,13.696000000000002,26.894299999999998,62.28400000000005,0.9912000000000001,5.585712500000001,0.6937500000000003,13.445999999999998,1.6829423559109558,1.147146633610552
121.75,24.7,227.1843,SSP1-2.6,2021-2040,-9.014600000000002,26.436500000000002,17.53839999999991,0.6808000000000014,5.078600000000002,0.7250000000000014,13.858,27.022975,15.496000000000038,0.7811124999999994,5.590637500000001,0.6354875000000002,13.995000000000001,1.6829423559109558,1.2103424139803434
121.75,24.75,201.423,SSP1-2.6,2021-2040,-9.921600000000012,25.9809,33.66949999999997,0.6548999999999978,5.305399999999999,1.325000000000001,14.696000000000002,26.62755,23.978312500000072,0.8349375000000001,5.335500000000001,0.7279000000000002,14.167,1.6829423559109558,1.273538194350135
121.75,24.8,217.8323,SSP1-2.6,2021-2040,-10.701899999999995,27.1357,33.572099999999864,0.7676000000000016,5.125,0.7874999999999996,15.81,25.654162499999998,42.28693750000008,0.8106999999999993,4.8656375,0.8107125000000002,13.883000000000001,1.6829423559109558,1.3367339747199263
121.75,24.85,258.6382,SSP1-2.6,2021-2040,-0.5446999999999775,23.772999999999996,92.53949999999986,0.8445999999999998,3.9161,0.9749999999999996,12.908,24.04395,42.67266250000006,0.7896999999999998,4.6573625000000005,0.48550000000000004,13.459,1.6829423559109558,1.3999297550897176
121.75,24.9,295.6983,SSP1-2.6,2021-2040,-2.107900000000029,20.855400000000003,54.95310000000018,0.8938000000000024,3.841100000000001,0.33039999999999914,11.946,22.3728125,10.300624999999968,0.6586624999999993,4.779025000000001,0.28013750000000015,12.6415,1.6829423559109558,1.4631255354595045
121.75,24.95,291.636,SSP1-2.6,2021-2040,-0.4218000000000188,21.206400000000002,-35.01949999999988,0.7214999999999989,5.442899999999998,-0.5911000000000008,12.796,21.5010875,-46.639324999999985,0.48582499999999973,5.1022375,-0.20466249999999975,12.263,1.6829423559109558,1.526321315829296
121.75,25.0,272.5216,SSP1-2.6,2021-2040,2.427400000000034,21.926299999999998,-94.67090000000007,0.5229999999999997,6.419599999999999,-1.5945999999999998,12.336,21.967225,-64.21094999999997,0.4310999999999994,5.2959875,-0.5865999999999996,12.8895,1.6829423559109558,1.5895170961990874
121.75,25.05,229.8115,SSP1-2.6,2021-2040,3.8411000000000115,22.495400000000004,-36.60030000000006,0.48419999999999774,5.0356999999999985,-1.7874999999999996,13.08,22.7710375,-54.143374999999935,0.3876750000000002,5.1716500000000005,-0.4993124999999996,13.48225,1.6829423559109558,1.652712876568879
121.75,25.1,211.3809,SSP1-2.6,2021-2040,5.7982000000000085,23.2834,-28.704600000000028,0.2832000000000008,4.476800000000001,-0.5963999999999992,14.034,23.232099999999996,-5.202175000000011,0.5199875,4.6950875,0.026325000000000376,14.0015,1.6829423559109558,1.7159086569386703
121.75,25.15,200.9515,SSP1-2.6,2021-2040,3.530399999999986,23.6074,39.3420000000001,0.5536999999999992,4.221399999999999,0.7820999999999998,14.142,23.661162499999996,-24.942712500000084,0.42003750000000073,4.5165375,0.2962,14.45125,1.6829423559109558,1.7791044373084572
121.8,24.3,281.1604,SSP1-2.6,2021-2040,10.33770000000004,31.767400000000002,26.080799999999726,1.146799999999999,6.641100000000002,2.1053999999999995,15.22,28.8241875,32.74657499999992,1.0240250000000004,4.5901875,1.9281375,12.16375,1.788636195992177,0.704776171022021
121.8,24.35,308.6296,SSP1-2.6,2021-2040,2.5300000000000296,30.437800000000003,46.56269999999995,0.9871000000000016,5.025000000000002,1.8125,13.858,28.4559875,55.07132500000006,0.9806999999999997,4.501125,1.9899624999999996,12.42925,1.788636195992177,0.7679719513918124
121.8,24.4,346.0626,SSP1-2.6,2021-2040,-3.00649999999996,29.848600000000005,105.71799999999985,0.5308000000000028,2.7911,1.955400000000001,13.984000000000002,28.3342125,52.999162500000125,1.0442124999999995,5.021650000000001,1.9403999999999995,12.6265,1.788636195992177,0.8311677317615993
121.8,24.45,295.8852,SSP1-2.6,2021-2040,-6.644299999999987,30.797900000000006,66.56760000000031,1.2715999999999994,6.505399999999998,2.1411,14.744,27.936225,61.6386,0.9365000000000006,4.40625,1.7707624999999998,12.57225,1.788636195992177,0.8943635121313908
121.8,24.5,300.6507,SSP1-2.6,2021-2040,-16.14269999999999,27.5347,1.505200000000059,0.860199999999999,5.6446000000000005,1.7713999999999999,12.552000000000001,26.194112500000003,67.16471250000001,0.8983749999999993,5.173449999999999,1.6689874999999996,11.95375,1.788636195992177,0.9575592925011822
121.8,24.55,308.9933,SSP1-2.6,2021-2040,0.11230000000000473,24.992300000000007,64.64859999999999,0.5163000000000011,4.0356999999999985,1.7088999999999999,11.69,26.8333625,70.69671249999999,0.8647999999999998,5.427887500000001,1.4522374999999998,12.43375,1.788636195992177,1.0207550728709736
121.8,24.6,258.7833,SSP1-2.6,2021-2040,-0.5196000000000254,27.113599999999998,134.01490000000013,1.1844000000000001,5.369600000000002,1.25,11.822,26.507275,72.77383749999996,0.7912125000000003,5.055125,1.1529000000000003,12.908000000000001,1.788636195992177,1.0839508532407651
121.8,24.65,237.7586,SSP1-2.6,2021-2040,-0.7102000000000146,27.419299999999993,121.6923999999999,1.1915999999999976,4.662500000000001,1.2268000000000008,14.04,26.946962499999998,69.13655,0.9112750000000007,5.222750000000001,0.9294625000000003,13.401499999999999,1.788636195992177,1.147146633610552
121.8,24.7,213.9866,SSP1-2.6,2021-2040,-6.437300000000022,26.909799999999997,46.48730000000023,0.9456999999999987,5.596400000000003,0.9535999999999998,13.373999999999999,26.786412499999997,42.28556249999997,0.8626,5.249787500000001,0.7727625000000005,14.007000000000001,1.788636195992177,1.2103424139803434
121.8,24.75,181.712,SSP1-2.6,2021-2040,2.2125000000000057,27.1807,13.371300000000247,0.6613000000000007,4.9643000000000015,0.6588999999999992,13.902000000000001,26.831287499999995,49.19947500000001,0.9175249999999995,5.266075000000001,1.0386250000000006,14.2705,1.788636195992177,1.273538194350135
121.8,24.8,184.8057,SSP1-2.6,2021-2040,0.8101000000000056,26.882899999999992,51.257100000000264,1.0562000000000005,4.5107,1.1964000000000006,14.947999999999999,25.4078,36.29547500000001,0.7700624999999999,4.452237500000001,0.6919625,13.810500000000001,1.788636195992177,1.3367339747199263
121.8,24.85,211.9242,SSP1-2.6,2021-2040,-3.5877000000000123,26.165799999999997,51.852100000000064,1.0005999999999986,3.8839000000000006,0.4499999999999993,14.434000000000001,24.2349875,38.93616250000002,0.8102500000000008,4.243975000000001,0.7171875000000001,13.62175,1.788636195992177,1.3999297550897176
121.8,24.9,270.9585,SSP1-2.6,2021-2040,-5.222000000000037,21.4015,5.299599999999828,0.5472000000000001,3.2982000000000014,0.3161000000000005,11.404000000000002,23.081325,-10.259799999999927,0.6840875000000004,3.9335,0.3283374999999997,12.99325,1.788636195992177,1.4631255354595045
121.8,24.95,286.0704,SSP1-2.6,2021-2040,-4.112300000000005,20.3936,-135.24299999999994,0.13390000000000057,3.767900000000001,0.09820000000000029,11.393999999999998,22.213412500000004,-64.01947499999994,0.4818250000000006,4.384825,-0.3180750000000001,12.48,1.788636195992177,1.526321315829296
121.8,25.0,255.9441,SSP1-2.6,2021-2040,-4.7035999999999945,22.4563,-149.1864999999998,0.05829999999999913,4.725000000000001,-1.0070999999999994,12.724,22.2057625,-88.62972499999995,0.37826249999999995,4.6508875,-0.67835,12.376249999999999,1.788636195992177,1.5895170961990874
121.8,25.05,234.9002,SSP1-2.6,2021-2040,-3.4483000000000175,22.835099999999997,-94.07319999999982,0.24220000000000041,4.869599999999998,-0.8356999999999992,13.07,23.2833,-57.96521249999995,0.3964374999999998,4.6006625,-0.5760999999999998,12.9025,1.788636195992177,1.652712876568879
121.8,25.1,217.2597,SSP1-2.6,2021-2040,1.4852999999999952,24.0135,-29.327899999999772,0.3471000000000011,3.7036000000000016,0.2981999999999996,13.482,23.5521125,24.39195000000001,0.6684124999999996,4.258025,0.04085000000000005,13.2665,1.788636195992177,1.7159086569386703
121.8,25.15,197.1041,SSP1-2.6,2021-2040,7.9147000000000105,23.890499999999996,52.34870000000001,0.8704999999999998,4.026799999999998,1.3713999999999995,13.38,23.7820375,96.20657499999999,1.0120875000000005,3.8924125000000003,0.5964250000000002,13.69925,1.788636195992177,1.7791044373084572
121.85,24.5,290.1548,SSP1-2.6,2021-2040,-15.324200000000019,29.061100000000003,6.672399999999925,0.5993999999999993,5.6053999999999995,1.6428999999999991,13.956000000000001,27.001787500000002,67.63535000000002,0.85995,5.30535,1.6821374999999998,12.592749999999999,1.8943300360733983,0.9575592925011822
121.85,24.55,274.5239,SSP1-2.6,2021-2040,-15.068400000000054,27.171999999999997,-11.190399999999954,0.31389999999999674,5.516100000000002,1.1179000000000006,11.634,26.9685125,90.75602499999997,0.9422875000000004,5.182125,1.5557999999999996,12.9335,1.8943300360733983,1.0207550728709736
121.85,24.6,253.7975,SSP1-2.6,2021-2040,-6.145800000000008,27.7359,88.13549999999987,0.6739000000000033,4.432100000000002,1.8338999999999999,14.102,26.85785,105.27957500000002,1.0422624999999996,4.983025000000001,1.181025,12.969249999999999,1.8943300360733983,1.0839508532407651
121.85,24.65,236.8816,SSP1-2.6,2021-2040,3.4709000000000003,26.944699999999997,116.84720000000016,1.3343000000000025,4.451800000000002,0.6964000000000006,13.764000000000001,27.203574999999997,72.82669999999996,0.9005874999999994,5.238600000000002,1.0375125,13.344750000000001,1.8943300360733983,1.147146633610552
121.85,24.7,202.0537,SSP1-2.6,2021-2040,0.5203999999999951,26.946199999999997,88.80569999999989,1.2166999999999994,5.683900000000001,1.0036000000000005,13.698,26.985174999999998,46.632337500000006,0.7822625000000003,5.003575000000001,0.9397250000000004,13.929,1.8943300360733983,1.2103424139803434
121.85,24.85,194.3985,SSP1-2.6,2021-2040,-5.184899999999999,26.1984,42.07560000000012,0.9887000000000015,4.196400000000001,1.0607000000000006,14.028,24.30465,33.32298750000001,0.9029875000000003,3.6122875,0.5863750000000001,13.353250000000001,1.8943300360733983,1.3999297550897176
121.85,24.9,219.6486,SSP1-2.6,2021-2040,-12.154899999999998,24.748400000000004,-45.25630000000001,0.6382000000000012,3.8142999999999994,0.24460000000000015,14.796000000000001,23.283025000000002,-23.847262499999943,0.6352750000000005,3.5560375000000004,0.2942,12.709,1.8943300360733983,1.4631255354595045
121.85,24.95,244.5554,SSP1-2.6,2021-2040,-0.775999999999982,21.309600000000003,-107.97989999999982,0.2514000000000003,2.6053999999999995,0.05889999999999951,11.643999999999998,23.396162500000003,-87.59775000000002,0.3838375000000003,3.9120625000000007,0.02142500000000025,12.61675,1.8943300360733983,1.526321315829296
121.85,25.0,223.7946,SSP1-2.6,2021-2040,8.925399999999996,23.803400000000003,-140.29539999999997,0.22120000000000317,4.932100000000002,-0.30180000000000007,12.194,23.127012500000003,-87.11606249999994,0.3020499999999995,4.0839375,-0.04152499999999981,12.23875,1.8943300360733983,1.5895170961990874
121.85,25.05,209.6039,SSP1-2.6,2021-2040,6.240899999999982,23.676300000000005,-65.15560000000005,0.44869999999999877,4.133900000000001,-0.4732000000000003,12.495999999999999,24.0414,-8.239949999999908,0.587075,4.351562500000001,0.28057500000000024,12.6,1.8943300360733983,1.652712876568879
121.85,25.1,189.4712,SSP1-2.6,2021-2040,6.257499999999993,24.611800000000002,80.21950000000015,0.8057999999999979,3.3786000000000023,0.8536000000000001,12.874000000000002,24.165775,135.42686250000003,1.2650875000000006,3.9881625,0.798875,12.924,1.8943300360733983,1.7159086569386703
121.85,25.15,170.9226,SSP1-2.6,2021-2040,12.31280000000001,24.016999999999996,247.75909999999976,1.6590000000000025,3.921400000000002,1.0124999999999993,13.056,24.1006125,121.99352500000003,1.158075,3.7705375,0.758475,13.228250000000001,1.8943300360733983,1.7791044373084572
121.9,24.55,236.2946,SSP1-2.6,2021-2040,-3.0899,27.9473,110.92650000000003,1.0959000000000003,5.085699999999999,1.7570999999999994,13.514,27.2015625,72.4980625,0.8806625000000001,5.020750000000001,1.3546874999999998,12.989,2.00002387615465,1.0207550728709736
121.9,24.6,197.3731,SSP1-2.6,2021-2040,12.1353,27.058199999999992,179.35109999999986,1.562899999999999,5.110700000000001,0.8160999999999987,14.392,27.5425125,81.988025,0.9512624999999999,5.100887500000001,1.316075,13.31625,2.00002387615465,1.0839508532407651
121.9,24.9,208.899,SSP1-2.6,2021-2040,-12.462600000000009,25.192699999999995,-46.172399999999925,0.7876000000000012,3.216100000000001,0.18040000000000056,14.329999999999998,24.03465,-5.314937500000042,0.7593124999999998,3.6950999999999996,0.5562250000000002,12.52225,2.00002387615465,1.4631255354595045
121.9,24.95,213.5584,SSP1-2.6,2021-2040,2.9783999999999935,24.747200000000007,-55.56320000000005,0.4789999999999992,3.6392999999999986,-0.14109999999999978,12.492,23.6910375,-72.05609999999996,0.4627250000000003,3.9645250000000005,0.38837500000000014,12.5375,2.00002387615465,1.526321315829296
121.9,25.0,206.9323,SSP1-2.6,2021-2040,0.8378000000000156,24.426199999999994,-134.3648000000003,0.2052999999999976,3.903600000000001,0.7820999999999998,11.6,24.420862500000002,-8.796662499999968,0.6873124999999998,4.43795,0.5497624999999999,12.47725,2.00002387615465,1.5895170961990874
121.9,25.05,177.6348,SSP1-2.6,2021-2040,4.990799999999979,25.171800000000005,44.63770000000022,0.5975999999999999,5.0268000000000015,1.1857000000000006,12.489999999999998,24.7824,59.79356249999995,0.9858499999999997,4.451112500000001,0.7841375000000002,12.4485,2.00002387615465,1.652712876568879
121.9,25.1,136.3095,SSP1-2.6,2021-2040,26.238999999999976,25.0131,356.471,2.219100000000001,4.273199999999999,1.2696000000000005,12.366000000000001,24.6,106.40229999999997,1.123425,3.8962125000000007,1.0198625,12.80875,2.00002387615465,1.7159086569386703
121.9,25.15,122.7288,SSP1-2.6,2021-2040,33.276099999999985,24.7089,570.7550999999999,3.7365000000000013,1.9499999999999993,2.5625,13.052,24.571062500000004,102.95597500000002,1.0169000000000001,4.2020125,0.9319124999999999,12.945500000000001,2.00002387615465,1.7791044373084572
121.95,24.85,139.3408,SSP1-2.6,2021-2040,37.8596,24.963299999999997,265.0441999999998,2.0981000000000005,3.6535999999999973,1.2696000000000005,12.361999999999998,24.855775,-5.469537499999944,0.8073374999999998,3.9212124999999998,0.4982,13.35075,2.105717716235871,1.3999297550897176
121.95,25.0,171.8806,SSP1-2.6,2021-2040,7.309899999999999,24.482600000000005,-11.774699999999939,0.8665999999999983,4.449999999999999,0.8589000000000002,11.852,25.198574999999998,23.81911249999996,0.857175,4.6024625,0.7828000000000002,12.81775,2.105717716235871,1.5895170961990874
121.95,25.05,156.8258,SSP1-2.6,2021-2040,9.173000000000002,26.174500000000002,136.69529999999986,1.1874000000000002,5.151799999999998,1.9375,13.420000000000002,24.943962499999998,143.27304999999996,1.4316374999999995,4.3359375,1.1006500000000001,12.484,2.105717716235871,1.652712876568879
122.0,25.0,141.2376,SSP1-2.6,2021-2040,11.579100000000011,26.001499999999993,129.0625,1.4465999999999983,5.564299999999999,1.2731999999999992,13.23,25.159925,68.31026249999996,1.0344124999999997,4.380812499999999,0.9274375000000004,12.667,2.2114115563170924,1.5895170961990874
122.0,25.05,132.0459,SSP1-2.6,2021-2040,20.691699999999997,26.071299999999994,256.55319999999983,1.9327000000000005,5.3857,1.346400000000001,12.786000000000001,25.090725,129.48986249999996,1.3422624999999995,4.2448749999999995,1.21605,12.562750000000001,2.2114115563170924,1.652712876568879
122.1,25.65,212.7383,SSP1-2.6,2021-2040,-2.947900000000004,27.9375,31.8279,0.23000000000000043,6.387499999999999,1.0267999999999997,14.072000000000001,24.5891625,167.33097499999997,1.3868250000000002,4.1792375,0.9745374999999998,13.79925,2.422799236479535,2.4110622410063627
119.45,23.2,88.1242,SSP1-2.6,2041-2060,-3.1482000000000028,59.4359,16.552999999999997,-0.09740000000000038,4.107100000000003,0.7767999999999997,29.932000000000002,59.957912500000006,1.0322000000000173,-0.5830000000000011,1.7589374999999965,1.6116125000000001,30.115499999999997,-3.1789742878254956,-0.6855309971133726
119.5,23.35,140.2317,SSP1-2.6,2041-2060,1.0364000000000146,59.912099999999995,0.7164999999999964,-0.4396000000000022,0.7928999999999888,1.7518000000000002,29.984,59.8983875,3.0117625000000174,-0.5402250000000008,2.173212499999998,1.4897375,30.109,-3.073280447744274,-0.4959436560039983
119.5,23.4,139.9822,SSP1-2.6,2041-2060,-1.4028000000000134,59.596700000000006,-0.983600000000024,-0.5348000000000006,0.508899999999997,1.7179000000000002,30.648,60.1927375,0.06567499999999882,-0.5833375000000007,1.5216499999999975,1.4022375,30.362250000000003,-3.073280447744274,-0.43274787563421135
119.5,23.5,143.6065,SSP1-2.6,2041-2060,-10.590300000000013,60.90650000000001,-8.284999999999968,-0.9786000000000001,0.10709999999998843,1.6893000000000002,31.804,60.5240625,1.5508124999999922,-0.4982000000000011,0.9078125000000004,1.507825,30.68475,-3.073280447744274,-0.3063563148946285
119.5,23.6,133.4372,SSP1-2.6,2041-2060,-8.936499999999995,60.619600000000005,8.928099999999972,-0.6256999999999984,-0.26789999999999736,1.2535999999999996,30.852,60.751400000000004,2.339074999999994,-0.476700000000001,1.095537499999999,1.4207625,31.031,-3.073280447744274,-0.17996475415504562
119.5,23.65,131.2561,SSP1-2.6,2041-2060,-7.484800000000007,60.788,14.290900000000079,-0.38750000000000284,0.5731999999999999,1.3875000000000002,31.378,60.641774999999996,5.0497874999999794,-0.4281750000000004,1.2205375000000007,1.3205375,31.104,-3.073280447744274,-0.11676897378525869
119.55,23.35,139.2331,SSP1-2.6,2041-2060,-2.6670000000000016,59.8239,-6.4985000000000355,-0.5837000000000003,1.7356999999999942,1.3500000000000005,29.97,59.9094125,3.9136375000000214,-0.5222125000000011,2.0553624999999975,1.5399625000000001,30.110750000000003,-2.967586607663053,-0.4959436560039983
119.55,23.55,151.4465,SSP1-2.6,2041-2060,-12.6464,61.031800000000004,-11.32510000000002,-0.7722000000000016,2.2804,1.7286000000000001,30.630000000000003,60.6800375,3.3771375000000035,-0.4913250000000007,0.8223125000000007,1.3823625,30.85775,-2.967586607663053,-0.24316053452483705
119.55,23.65,133.0819,SSP1-2.6,2041-2060,-8.365799999999993,60.901300000000006,12.759599999999978,-0.4278000000000013,0.5250000000000057,1.2893,30.542,60.6625375,4.6462874999999855,-0.4073625000000005,1.4261125000000003,1.3384,31.006,-2.967586607663053,-0.11676897378525869
119.6,23.25,136.6252,SSP1-2.6,2041-2060,-4.1761000000000195,59.0543,10.358699999999999,-0.694700000000001,2.237499999999997,1.1482,29.622000000000003,60.0056125,1.8064875000000171,-0.508337500000001,1.9926374999999972,1.5651875,30.15425,-2.8618927675818315,-0.6223352167435812
119.6,23.55,143.8459,SSP1-2.6,2041-2060,-11.670500000000004,60.757799999999996,-9.92229999999995,-0.4748000000000019,1.180400000000006,1.5195999999999996,30.104,60.585862500000005,2.2404374999999845,-0.5332750000000006,1.2263374999999996,1.3553625,30.77675,-2.8618927675818315,-0.24316053452483705
119.6,23.6,141.1564,SSP1-2.6,2041-2060,-10.41149999999999,60.5852,-2.057600000000093,-0.32319999999999993,1.6696000000000026,1.4143,31.34,60.6560125,4.3033624999999915,-0.4548125000000005,1.4770125000000025,1.3247749999999998,30.619999999999997,-2.8618927675818315,-0.17996475415504562
119.6,23.65,136.5514,SSP1-2.6,2041-2060,-10.1584,60.5801,7.657600000000002,-0.18029999999999902,1.998199999999997,1.2321,30.375999999999998,60.5933,9.013974999999988,-0.3574625000000009,1.4542375000000014,1.2549124999999999,31.292749999999998,-2.8618927675818315,-0.11676897378525869
119.6,23.7,132.8465,SSP1-2.6,2041-2060,-9.894699999999986,60.4605,15.594499999999925,-0.26920000000000144,0.4303999999999917,1.1054000000000004,32.074,60.590975,10.378162499999988,-0.36521250000000016,1.4691750000000017,1.2374999999999998,31.174,-2.8618927675818315,-0.053573193415467256
119.6,23.75,131.5149,SSP1-2.6,2041-2060,-9.230500000000006,60.1979,18.763500000000022,-0.35219999999999985,1.9482,1.0213999999999999,32.914,60.6238,9.982037499999976,-0.35483750000000036,1.2794500000000006,1.2479999999999998,31.069000000000003,-2.8618927675818315,0.009622586954324176
119.65,23.25,154.9015,SSP1-2.6,2041-2060,-1.366800000000012,58.580200000000005,34.19690000000014,-0.18560000000000088,5.2286,1.9874999999999998,28.162,59.889337499999996,3.273449999999997,-0.5395000000000012,1.4687499999999964,1.3404125000000002,30.3095,-2.7561989275005803,-0.6223352167435812
119.65,23.55,137.1792,SSP1-2.6,2041-2060,-10.09020000000001,60.3018,3.6458000000000084,-0.532700000000002,0.792900000000003,1.2732,30.465999999999998,60.624424999999995,3.8095124999999825,-0.40722500000000084,1.8035750000000021,1.312725,30.628999999999998,-2.7561989275005803,-0.24316053452483705
119.65,23.6,135.7117,SSP1-2.6,2041-2060,-9.441000000000003,60.578399999999995,8.678999999999974,-0.3990000000000009,1.7625000000000028,1.2356999999999996,30.695999999999998,60.518437500000005,6.54531249999998,-0.36106250000000095,1.451125000000001,1.2395125,30.780749999999998,-2.7561989275005803,-0.17996475415504562
119.65,23.65,133.1052,SSP1-2.6,2041-2060,-9.483800000000002,60.4773,14.004199999999969,-0.2259999999999991,3.5446000000000026,1.0660999999999996,31.293999999999997,60.531075,5.879662499999981,-0.3826875000000012,1.2283625000000011,1.2607125,30.705999999999996,-2.7561989275005803,-0.11676897378525869
119.7,23.55,133.6888,SSP1-2.6,2041-2060,-8.833099999999988,60.083499999999994,10.680700000000002,-0.454500000000003,1.4679000000000002,1.0160999999999998,30.05,60.6517125,2.9301499999999834,-0.4170000000000007,1.7192000000000025,1.3448624999999998,30.680999999999997,-2.6505050874193588,-0.24316053452483705
120.0,23.45,147.1014,SSP1-2.6,2041-2060,-3.867800000000017,58.87350000000001,24.764699999999948,-0.7256,2.4679,1.6375000000000002,30.804,59.37855,38.56143750000001,-0.047350000000000225,0.8935250000000021,1.6511125,31.22025,-2.016342046932001,-0.3695520952644199
120.05,23.05,151.7014,SSP1-2.6,2041-2060,6.263000000000005,56.661899999999996,5.836299999999937,0.07850000000000179,1.3803999999999945,0.6553999999999993,26.752,57.536874999999995,26.174774999999983,0.6067000000000005,3.8354875,1.1256750000000002,28.22775,-1.9106482068507795,-0.8751183382227424
120.05,23.1,160.5833,SSP1-2.6,2041-2060,4.674599999999998,57.35059999999999,-17.795100000000048,-0.031099999999998573,5.4679,0.7463999999999995,26.950000000000003,58.1227625,19.142899999999997,0.3284625000000001,3.2941874999999996,1.1171875000000002,28.8585,-1.9106482068507795,-0.811922557852951
120.05,23.15,161.5848,SSP1-2.6,2041-2060,5.051299999999998,56.167399999999994,-6.867199999999912,-0.2683,5.446400000000011,0.8856999999999999,26.644,58.1741375,20.34281249999995,0.1936625000000003,3.5042374999999986,1.130575,28.8375,-1.9106482068507795,-0.748726777483164
120.05,23.5,152.7158,SSP1-2.6,2041-2060,-2.970400000000012,59.375299999999996,28.101800000000026,-0.6629000000000005,1.7607,1.8143000000000002,32.878,59.1426625,41.47313750000001,0.2887624999999998,0.4120625000000029,1.5747750000000003,32.03425,-1.9106482068507795,-0.3063563148946285
120.1,23.05,164.0755,SSP1-2.6,2041-2060,12.208100000000002,56.6875,33.09909999999991,0.6834999999999987,1.7160999999999973,0.8714000000000004,28.823999999999998,57.5972875,31.60511249999999,0.733012500000001,3.5723249999999984,1.1835,28.205,-1.8049543667695582,-0.8751183382227424
120.1,23.1,164.0134,SSP1-2.6,2041-2060,8.67010000000002,58.505500000000005,4.826099999999997,0.4768000000000008,5.598199999999991,0.8732000000000006,28.936000000000003,57.8961625,21.15308749999997,0.4792500000000004,3.2752250000000016,1.1323750000000001,28.46825,-1.8049543667695582,-0.811922557852951
120.1,23.15,162.4066,SSP1-2.6,2041-2060,9.179200000000009,59.70530000000001,9.9541999999999,-0.0032999999999994145,5.457100000000004,1.6036000000000001,29.567999999999998,58.223487500000005,17.94115000000002,0.4106749999999999,3.4403999999999995,1.072975,29.184,-1.8049543667695582,-0.748726777483164
120.1,23.2,171.3221,SSP1-2.6,2041-2060,6.801299999999998,58.0724,46.546600000000126,-0.26040000000000063,2.1214000000000013,1.1945999999999994,29.071999999999996,58.6445875,24.720325000000003,0.26298749999999993,4.022525000000002,1.2607125000000001,29.683,-1.8049543667695582,-0.6855309971133726
120.1,23.25,167.5961,SSP1-2.6,2041-2060,3.186099999999982,57.6961,57.229699999999866,-0.13759999999999906,3.685699999999997,1.5143000000000004,28.786,58.9275125,35.18025,0.17971249999999994,2.939725000000002,1.2725499999999996,30.08075,-1.8049543667695582,-0.6223352167435812
120.1,23.3,161.8927,SSP1-2.6,2041-2060,1.3422000000000196,57.943,60.02980000000002,-0.27220000000000155,1.3375000000000057,1.7142999999999997,28.581999999999997,58.7926625,42.570562499999994,0.1488125000000009,2.8910625000000003,1.3642874999999997,29.878749999999997,-1.8049543667695582,-0.5591394363737897
120.1,23.35,160.5993,SSP1-2.6,2041-2060,-2.6610000000000014,59.557599999999994,44.41619999999989,-0.5976999999999997,-1.2393,1.4981999999999998,29.458000000000002,58.806975,42.07579999999999,0.283487500000001,2.8886125000000016,1.5366125,30.28125,-1.8049543667695582,-0.4959436560039983
120.1,23.55,158.8799,SSP1-2.6,2041-2060,-7.100399999999979,59.153099999999995,42.09029999999996,-0.3005000000000031,-0.9588999999999999,1.5696000000000003,32.641999999999996,58.780325,51.115975000000006,0.4299124999999999,-0.8767750000000003,1.4625000000000001,32.198750000000004,-1.8049543667695582,-0.24316053452483705
120.1,23.65,147.0171,SSP1-2.6,2041-2060,-4.042900000000003,58.1305,69.63760000000002,0.6951999999999998,-5.039300000000011,1.0320999999999998,29.945999999999998,57.704612499999996,60.910512500000024,0.7041374999999999,-0.7812375000000014,1.3098125,31.69125,-1.8049543667695582,-0.11676897378525869
120.15,22.9,182.8242,SSP1-2.6,2041-2060,6.651900000000012,54.859199999999994,36.37850000000003,1.0504999999999995,3.873199999999997,0.8661000000000012,26.465999999999998,57.616437499999996,49.150337500000006,1.2443999999999993,4.295537499999999,1.204,28.30975,-1.699260526688307,-1.0647056793321166
120.15,22.95,183.9828,SSP1-2.6,2041-2060,8.676700000000011,55.1134,42.63319999999999,1.197899999999997,4.9054,0.9570999999999996,26.654000000000003,56.70728749999999,55.33738749999998,1.2364625,3.8598250000000007,1.4495625000000003,27.7035,-1.699260526688307,-1.0015098989623252
120.15,23.0,179.0614,SSP1-2.6,2041-2060,14.817599999999999,55.9959,64.22929999999997,1.3642000000000003,2.871399999999994,1.3143000000000002,27.703999999999997,56.283500000000004,51.030824999999965,1.1954500000000001,3.6350625,1.4136125000000002,27.524,-1.699260526688307,-0.9383141185925338
120.15,23.05,168.845,SSP1-2.6,2041-2060,21.5188,57.4145,85.24929999999995,1.453800000000001,2.1000000000000085,1.4428999999999998,27.935999999999996,57.678825,36.57287499999998,1.0532000000000004,3.4716624999999954,1.3444250000000004,28.62475,-1.699260526688307,-0.8751183382227424
120.15,23.1,171.8789,SSP1-2.6,2041-2060,9.248200000000026,58.46829999999999,36.7025000000001,1.1780000000000008,2.0267999999999944,1.267900000000001,29.259999999999998,58.7393625,32.32649999999998,0.8121250000000004,3.7555749999999994,1.2756750000000001,29.49675,-1.699260526688307,-0.811922557852951
120.15,23.15,172.6805,SSP1-2.6,2041-2060,3.5839,60.7138,23.045599999999922,0.7428999999999988,2.6071000000000026,1.585700000000001,31.812,59.434524999999994,19.200187500000027,0.5562125000000004,3.9453124999999982,1.2261125000000002,30.164499999999997,-1.699260526688307,-0.748726777483164
120.15,23.2,173.6379,SSP1-2.6,2041-2060,5.124200000000002,59.8224,23.97160000000008,0.7639999999999993,2.5392999999999972,1.1588999999999992,31.974,59.4607375,22.655149999999992,0.39349999999999996,4.144850000000002,1.2875,30.5615,-1.699260526688307,-0.6855309971133726
120.15,23.25,176.7822,SSP1-2.6,2041-2060,3.3830000000000098,58.603199999999994,25.572800000000143,0.8016000000000005,5.508900000000004,0.75,31.162000000000003,58.7633625,34.45879999999997,0.22586249999999986,3.4285750000000013,1.3196499999999998,30.198,-1.699260526688307,-0.6223352167435812
120.15,23.3,164.996,SSP1-2.6,2041-2060,3.460099999999983,58.4641,55.40449999999987,0.19870000000000232,4.1554,1.3928999999999991,29.821999999999996,58.7298,37.287649999999985,0.1928500000000004,2.9075750000000005,1.3198749999999997,30.02325,-1.699260526688307,-0.5591394363737897
120.15,23.35,166.8912,SSP1-2.6,2041-2060,-0.9904999999999973,60.197900000000004,49.445900000000165,0.2001000000000026,1.4624999999999915,1.4463999999999997,30.016000000000002,58.647237499999996,32.49844999999996,0.2898000000000005,3.1671875000000025,1.4620624999999996,30.075000000000003,-1.699260526688307,-0.4959436560039983
120.15,23.4,167.3857,SSP1-2.6,2041-2060,-3.8270000000000266,59.5835,38.00800000000004,0.7769000000000013,2.4125000000000085,1.8499999999999996,30.516000000000002,59.064612499999996,34.44572499999998,0.330925000000001,2.7665124999999993,1.4609374999999998,30.7805,-1.699260526688307,-0.43274787563421135
120.15,23.45,169.7463,SSP1-2.6,2041-2060,-7.3659999999999854,59.61330000000001,25.788299999999936,0.20870000000000033,1.3571000000000026,1.5036000000000005,32.668,59.4898,36.94606250000001,0.6074875000000004,2.0660750000000005,1.5513374999999998,31.61,-1.699260526688307,-0.3695520952644199
120.15,23.5,182.3152,SSP1-2.6,2041-2060,-17.297600000000017,59.6047,20.611200000000053,0.2687999999999988,1.0161000000000087,1.8125000000000009,33.001999999999995,59.27095,46.13908749999996,0.5182125000000002,0.4129499999999995,1.5341624999999999,32.497749999999996,-1.699260526688307,-0.3063563148946285
120.15,23.55,169.2276,SSP1-2.6,2041-2060,-13.295600000000007,58.552499999999995,47.347099999999955,0.23939999999999984,-2.1464,1.6106999999999996,32.306,58.9263,52.46733750000003,0.5865499999999999,-0.28413749999999993,1.4421875000000002,32.491,-1.699260526688307,-0.24316053452483705
120.15,23.6,154.9187,SSP1-2.6,2041-2060,-5.106400000000008,57.1827,78.64300000000014,0.7830000000000013,-1.5213999999999999,1.3036000000000003,31.354,58.4212625,57.864324999999994,0.5860499999999997,-1.1587000000000014,1.2841375,31.92675,-1.699260526688307,-0.17996475415504562
120.15,23.65,152.2337,SSP1-2.6,2041-2060,-3.3582000000000107,57.5156,85.19860000000006,1.3979999999999997,-0.7820999999999998,1.0320999999999998,31.412000000000003,57.80329999999999,59.40735000000004,0.8400374999999998,-1.0933000000000028,1.1948499999999997,31.327749999999998,-1.699260526688307,-0.11676897378525869
120.15,23.7,159.0972,SSP1-2.6,2041-2060,-8.262499999999989,57.913900000000005,67.10050000000001,1.234099999999998,-3.0875000000000057,1.3963999999999999,30.314,57.56085,62.13490000000003,0.9679500000000001,-0.42856250000000173,1.0343749999999998,31.66825,-1.699260526688307,-0.053573193415467256
120.15,23.75,155.5938,SSP1-2.6,2041-2060,-9.89439999999999,56.705000000000005,48.7097,0.6670000000000016,0.6036000000000001,1.1018,32.47,57.43995,50.64425,0.9703499999999994,0.07433750000000039,1.01405,32.4875,-1.699260526688307,0.009622586954324176
120.15,23.8,149.9186,SSP1-2.6,2041-2060,-8.882000000000005,56.17209999999999,35.04189999999994,0.6329999999999991,0.8571000000000026,0.8731999999999998,33.88,56.8158875,35.06925,0.7457499999999997,-0.5750000000000011,1.1154,33.15175000000001,-1.699260526688307,0.0728183673241156
120.2,22.8,197.0965,SSP1-2.6,2041-2060,4.440500000000014,61.745599999999996,38.86900000000014,0.8571000000000026,3.762500000000003,0.7018000000000004,30.006,60.9048375,33.15221250000002,0.7697500000000002,4.255125000000001,1.08905,30.01175,-1.5935666866070857,-1.191097240071695
120.2,22.85,199.0056,SSP1-2.6,2041-2060,4.528500000000008,60.6213,35.58770000000004,1.1732000000000014,5.071399999999997,0.6445999999999996,29.514,58.728562499999995,40.140862500000026,0.9601000000000002,3.9042375,1.0917375000000002,28.913249999999998,-1.5935666866070857,-1.1279014597019037
120.2,22.9,190.9749,SSP1-2.6,2041-2060,8.543700000000001,57.9146,30.34810000000016,0.9222999999999999,5.430400000000006,1.5643000000000002,28.700000000000003,57.640362499999995,47.5189125,1.3556624999999993,4.395537499999999,1.151325,28.24275,-1.5935666866070857,-1.0647056793321166
120.2,22.95,197.0414,SSP1-2.6,2041-2060,8.129799999999989,54.915099999999995,50.08629999999994,0.7991000000000028,4.037500000000001,1.6106999999999996,26.396,56.880562499999996,50.72592499999999,1.3376374999999991,4.1718874999999995,1.4180750000000002,27.798,-1.5935666866070857,-1.0015098989623252
120.2,23.0,195.1873,SSP1-2.6,2041-2060,4.787300000000016,55.99960000000001,41.15119999999979,1.1672000000000011,5.042899999999996,2.1518000000000006,26.948,57.062,58.30836249999999,1.3543374999999997,3.5165250000000006,1.5162874999999998,27.83475,-1.5935666866070857,-0.9383141185925338
120.2,23.05,177.4156,SSP1-2.6,2041-2060,15.594899999999996,56.6763,63.83830000000012,1.3472000000000008,3.6768,1.5643000000000002,28.534,58.2961875,43.90191249999995,1.2978750000000008,3.1437624999999976,1.4745625000000002,28.66,-1.5935666866070857,-0.8751183382227424
120.2,23.1,182.2399,SSP1-2.6,2041-2060,8.786299999999983,59.259299999999996,28.254500000000007,1.0968000000000018,3.678599999999996,0.9268000000000001,29.422,59.3860375,34.169624999999996,1.0346500000000005,2.879012499999999,1.4098250000000003,29.95725,-1.5935666866070857,-0.811922557852951
120.2,23.15,197.3576,SSP1-2.6,2041-2060,-1.817700000000002,60.9527,10.344900000000052,0.6993000000000009,5.210699999999996,1.3374999999999995,30.941999999999997,59.82355,18.425224999999983,0.7763750000000003,2.9966624999999985,1.3026750000000002,30.863749999999996,-1.5935666866070857,-0.748726777483164
120.2,23.2,193.4613,SSP1-2.6,2041-2060,-6.42519999999999,60.69029999999999,-6.998900000000049,0.49849999999999994,4.930400000000006,1.4464000000000006,32.141999999999996,59.45845,14.735562500000015,0.5963874999999996,3.3999875,1.25535,31.226749999999996,-1.5935666866070857,-0.6855309971133726
120.2,23.25,181.3037,SSP1-2.6,2041-2060,-2.6012000000000057,59.2521,15.546299999999974,0.8069999999999986,3.637500000000003,0.8678999999999997,31.008,58.63849999999999,12.687674999999984,0.3894000000000002,4.107150000000001,1.3450874999999998,31.069499999999998,-1.5935666866070857,-0.6223352167435812
120.2,23.3,176.4082,SSP1-2.6,2041-2060,-9.144599999999997,58.1665,23.940799999999854,0.20889999999999986,5.0214,1.2678999999999991,30.198,58.524537499999994,15.806975000000023,0.46342500000000086,3.7901750000000005,1.2578125,30.738749999999996,-1.5935666866070857,-0.5591394363737897
120.2,23.35,181.8558,SSP1-2.6,2041-2060,-9.952699999999993,58.422,22.119699999999966,0.532700000000002,3.8464000000000027,1.5,30.976000000000003,58.7508375,22.74546250000003,0.47196250000000095,3.8341625000000006,1.4276749999999998,30.66275,-1.5935666866070857,-0.4959436560039983
120.2,23.4,177.111,SSP1-2.6,2041-2060,-5.344499999999982,58.53589999999999,28.58050000000003,0.7606000000000002,4.851800000000004,1.3713999999999995,30.884,59.3087625,25.55291250000002,0.5773750000000009,3.174549999999999,1.4709875000000001,31.1595,-1.5935666866070857,-0.43274787563421135
120.2,23.45,179.4661,SSP1-2.6,2041-2060,-8.709699999999998,58.44389999999999,25.280699999999797,0.7088999999999999,4.594599999999993,1.6178999999999997,30.657999999999998,59.7494625,33.20546250000004,0.6866625000000006,2.505812500000003,1.5453125,32.20975,-1.5935666866070857,-0.3695520952644199
120.2,23.5,174.421,SSP1-2.6,2041-2060,-6.776600000000002,60.578,54.53250000000003,1.0594000000000001,0.6696000000000026,1.3106999999999998,32.982,59.6541125,34.29532499999996,0.5190750000000004,1.4301499999999994,1.6201125,32.6855,-1.5935666866070857,-0.3063563148946285
120.2,23.55,178.3221,SSP1-2.6,2041-2060,-12.780400000000014,60.267999999999994,53.60019999999986,0.5091000000000001,-1.6589000000000027,1.5911,34.024,59.067325,46.85915000000004,0.5997500000000007,0.20268750000000146,1.4618375000000001,32.444500000000005,-1.5935666866070857,-0.24316053452483705
120.2,23.6,175.7264,SSP1-2.6,2041-2060,-13.83450000000002,57.155899999999995,56.92100000000005,0.5404000000000018,-0.6804000000000059,1.25,31.549999999999997,58.600162499999996,54.10241250000003,0.7055125000000002,0.0011375000000004576,1.3203125,32.2985,-1.5935666866070857,-0.17996475415504562
120.2,23.65,157.1646,SSP1-2.6,2041-2060,-4.613500000000016,57.458200000000005,61.273900000000026,1.0716999999999999,2.3232,1.2142999999999997,31.482000000000003,58.009225,59.36845000000005,0.9531375,-0.04731250000000031,1.0466375,31.653,-1.5935666866070857,-0.11676897378525869
120.2,23.7,156.8797,SSP1-2.6,2041-2060,-4.022500000000008,57.29710000000001,62.56700000000001,1.4828999999999972,-1.0732,0.5820999999999996,30.874,57.72036250000001,52.78276250000002,0.9285750000000004,0.8482249999999993,1.1243249999999998,32.17125,-1.5935666866070857,-0.053573193415467256
120.2,23.75,158.5914,SSP1-2.6,2041-2060,-9.704999999999984,57.061,45.146499999999946,0.6677999999999997,-2.553600000000003,1.3429000000000002,32.93600000000001,57.3552125,41.966224999999994,0.8980249999999996,0.29331250000000075,0.9863749999999999,32.887,-1.5935666866070857,0.009622586954324176
120.2,23.8,159.4839,SSP1-2.6,2041-2060,-11.450299999999999,57.186299999999996,27.035300000000007,0.6305999999999976,-0.5695999999999941,1.1482,34.524,56.604974999999996,33.09837499999999,0.6892,0.22833749999999853,1.041525,33.38725000000001,-1.5935666866070857,0.0728183673241156
120.2,23.85,150.5228,SSP1-2.6,2041-2060,-9.242599999999982,55.68579999999999,22.620700000000056,0.5239999999999974,0.08389999999999986,0.8445999999999998,33.822,55.735675,27.997512499999957,0.7892624999999995,-0.8991250000000015,1.0618250000000002,32.78925,-1.5935666866070857,0.13601414769390704
120.25,22.6,206.2164,SSP1-2.6,2041-2060,-7.398799999999994,65.8814,-8.05970000000002,0.6049000000000007,6.0053999999999945,1.9642999999999997,30.93,62.643625,-25.095162500000015,0.4597749999999996,5.592187500000001,2.37745,29.66875,-1.4878728465258642,-1.4438803615508562
120.25,22.65,214.8677,SSP1-2.6,2041-2060,-5.379300000000001,62.965300000000006,11.426000000000158,0.938799999999997,6.019599999999997,1.8429000000000002,31.714,63.1936125,-14.148625000000038,0.4864375000000005,5.202450000000002,1.9723125,30.5135,-1.4878728465258642,-1.3806845811810693
120.25,22.7,222.8883,SSP1-2.6,2041-2060,-3.709799999999973,61.0551,29.685300000000097,0.5965000000000025,2.7286,1.4250000000000007,30.368000000000002,62.886375,5.242737500000004,0.6046499999999999,5.194862500000002,1.5008875,30.942999999999998,-1.4878728465258642,-1.317488800811278
120.25,22.75,220.3806,SSP1-2.6,2041-2060,0.7994000000000199,62.4058,30.510499999999865,0.48370000000000246,3.9839000000000055,1.1143,30.11,62.370112500000005,23.678787500000055,0.7225625000000004,4.1991000000000005,1.2283500000000003,30.94525,-1.4878728465258642,-1.2542930204414864
120.25,22.8,217.3803,SSP1-2.6,2041-2060,-0.4265000000000043,62.8659,37.90969999999993,0.5058000000000007,1.6875,0.9856999999999996,30.164,61.2052,33.40112500000001,0.8414750000000004,4.376550000000001,1.1366,30.30225,-1.4878728465258642,-1.191097240071695
120.25,22.85,205.1626,SSP1-2.6,2041-2060,4.862400000000008,59.811800000000005,35.06169999999997,1.3638999999999974,4.5249999999999915,0.8946000000000005,30.032,60.3221125,37.25206250000005,0.9908375000000005,4.078787500000001,1.1154,29.809,-1.4878728465258642,-1.1279014597019037
120.25,22.9,205.1656,SSP1-2.6,2041-2060,3.2280999999999835,58.61919999999999,51.118600000000015,1.438399999999998,3.873199999999997,1.0357000000000003,29.828,58.5213875,47.38866250000004,1.3569874999999998,4.7450874999999995,1.3569124999999997,28.833,-1.4878728465258642,-1.0647056793321166
120.25,22.95,208.7716,SSP1-2.6,2041-2060,2.81189999999998,57.9402,84.13779999999997,1.6961999999999975,3.6500000000000057,1.6106999999999996,27.65,58.060937499999994,46.37805,1.5321250000000002,4.4239,1.690175,28.981250000000003,-1.4878728465258642,-1.0015098989623252
120.25,23.0,207.0415,SSP1-2.6,2041-2060,0.0024999999999977263,58.602399999999996,55.8107,1.8643999999999998,3.7286,1.8445999999999998,28.434,58.18885,41.43535,1.3241125,4.022999999999999,1.8325875,29.166999999999998,-1.4878728465258642,-0.9383141185925338
120.25,23.05,201.4759,SSP1-2.6,2041-2060,0.43840000000000146,59.83820000000001,20.48199999999997,1.1118999999999986,3.1624999999999943,1.7857000000000003,29.37,59.304249999999996,28.44312499999998,1.267837500000001,3.626362499999999,1.65535,30.06875,-1.4878728465258642,-0.8751183382227424
120.25,23.1,193.5872,SSP1-2.6,2041-2060,2.985600000000005,60.79130000000001,19.335799999999836,1.1467000000000027,2.5392999999999972,1.0625,30.205999999999996,59.905675,17.658150000000035,0.9547000000000008,3.557812499999999,1.4845875,30.55,-1.4878728465258642,-0.811922557852951
120.25,23.15,192.8901,SSP1-2.6,2041-2060,0.710000000000008,60.2332,14.358600000000024,0.5974000000000004,1.7088999999999999,1.2321000000000009,31.598,59.8458875,13.503549999999962,0.8114500000000007,3.7506875000000006,1.3859249999999999,30.746,-1.4878728465258642,-0.748726777483164
120.25,23.2,198.0553,SSP1-2.6,2041-2060,-5.884999999999991,58.60979999999999,8.732099999999946,0.1866999999999983,3.9428999999999945,1.7410999999999994,30.495999999999995,59.085012500000005,11.34741249999999,0.5718125000000001,2.9948625000000026,1.3952999999999998,30.903749999999995,-1.4878728465258642,-0.6855309971133726
120.25,23.25,200.0552,SSP1-2.6,2041-2060,-9.772600000000011,57.4804,-3.687400000000025,0.17220000000000013,2.0446000000000026,1.3696000000000002,30.821999999999996,58.1277125,-0.7697875000000067,0.2910749999999993,3.908500000000002,1.5471,30.937999999999995,-1.4878728465258642,-0.6223352167435812
120.25,23.3,181.8647,SSP1-2.6,2041-2060,-8.294000000000011,57.2713,-25.434099999999944,0.2846000000000011,4.7143000000000015,1.6339000000000006,31.939999999999998,57.901025,-3.5828124999999886,0.31564999999999976,3.5779000000000014,1.3863875,30.63475,-1.4878728465258642,-0.5591394363737897
120.25,23.35,175.3702,SSP1-2.6,2041-2060,-4.358600000000024,58.5053,-12.511899999999969,0.7104999999999997,4.951799999999999,1.1018000000000008,30.163999999999998,58.14071249999999,-0.05453749999995239,0.43372500000000036,4.240412500000002,1.4269875,31.201,-1.4878728465258642,-0.4959436560039983
120.25,23.4,177.6964,SSP1-2.6,2041-2060,-3.1999000000000137,59.282199999999996,24.5300000000002,0.6354000000000006,3.1036,1.3571,31.762,58.97291249999999,13.416337499999997,0.6635625000000003,3.9991125,1.4116,31.27675,-1.4878728465258642,-0.43274787563421135
120.25,23.45,174.0829,SSP1-2.6,2041-2060,0.019700000000000273,60.422,31.76260000000002,0.8458000000000006,3.667899999999996,1.3911000000000007,32.516,59.6946625,31.297387500000013,0.7563875000000002,3.5582625000000005,1.5292249999999998,32.0305,-1.4878728465258642,-0.3695520952644199
120.25,23.5,175.4561,SSP1-2.6,2041-2060,-5.805800000000005,60.3761,41.830600000000004,0.9377000000000031,2.9679,1.7660999999999998,33.348,60.025662499999996,36.93546249999994,0.6585874999999999,2.2714374999999984,1.5979999999999999,32.573750000000004,-1.4878728465258642,-0.3063563148946285
120.25,23.55,180.6196,SSP1-2.6,2041-2060,-15.475599999999986,59.9524,28.141900000000078,0.4342000000000006,1.6428999999999974,1.6678999999999995,32.962,59.4471,49.06494999999995,0.7146375000000003,1.2691999999999997,1.4558,32.631249999999994,-1.4878728465258642,-0.24316053452483705
120.25,23.6,176.2028,SSP1-2.6,2041-2060,-14.761499999999984,59.1363,46.84590000000003,0.5350999999999999,-0.32679999999999154,0.9732000000000003,32.052,58.7912125,48.589224999999985,0.7033375000000004,1.3227749999999983,1.402675,32.6255,-1.4878728465258642,-0.17996475415504562
120.25,23.65,168.6701,SSP1-2.6,2041-2060,-14.281599999999997,58.7356,31.76870000000008,0.6736000000000004,2.4786,1.1696,32.79599999999999,58.313425,56.08455000000002,0.9073500000000001,1.3624875000000003,1.0620375,32.3585,-1.4878728465258642,-0.11676897378525869
120.25,23.7,176.4131,SSP1-2.6,2041-2060,-11.888499999999993,59.1367,45.902900000000045,0.9780000000000015,4.6143,0.6661000000000001,32.872,58.00705000000001,50.049000000000035,0.9166750000000001,1.2225375000000005,1.1158375,33.022999999999996,-1.4878728465258642,-0.053573193415467256
120.25,23.75,176.3085,SSP1-2.6,2041-2060,-15.839600000000019,57.2369,37.16129999999998,0.7384000000000022,3.189300000000003,1.0713999999999997,33.088,57.790425,43.78090000000002,0.9043749999999995,0.3403999999999998,1.0029125,33.591,-1.4878728465258642,0.009622586954324176
120.25,23.8,169.3849,SSP1-2.6,2041-2060,-10.619299999999981,57.19370000000001,12.211199999999963,0.8201999999999998,-2.1875,1.0518,35.074,56.5735875,36.433062500000005,0.7789874999999995,0.223424999999998,1.0834875,33.27975,-1.4878728465258642,0.0728183673241156
120.25,23.85,157.8286,SSP1-2.6,2041-2060,-9.356899999999996,55.54449999999999,20.56880000000001,0.6839000000000013,-0.07860000000000866,0.9661,32.986000000000004,55.654725,31.287937499999984,0.8131624999999993,-0.5254500000000011,1.0091375,32.508,-1.4878728465258642,0.13601414769390704
120.25,23.9,148.1982,SSP1-2.6,2041-2060,-7.871900000000011,54.6704,14.18909999999994,0.6404999999999994,-0.08040000000001157,0.9964000000000004,31.598000000000003,54.809425,27.509225,0.7834125000000003,-0.43393750000000075,0.8732,31.758750000000003,-1.4878728465258642,0.19920992806369398
120.3,22.5,208.2381,SSP1-2.6,2041-2060,-11.233399999999989,61.380300000000005,-34.68470000000002,0.8287000000000013,8.1554,2.1357,26.332,62.0810125,-40.92103750000004,0.5764374999999999,7.0281375,2.3796749999999998,27.5805,-1.3821790064446429,-1.570271922290439
120.3,22.55,225.1234,SSP1-2.6,2041-2060,-12.6815,62.1823,-26.979000000000042,0.6541999999999994,6.755400000000002,2.6945999999999994,27.884,62.3955625,-39.412487500000026,0.5469375000000003,6.934162500000001,2.3187374999999997,28.07125,-1.3821790064446429,-1.5070761419206478
120.3,22.6,230.9354,SSP1-2.6,2041-2060,-7.87469999999999,64.3343,-10.160400000000209,0.8528999999999982,6.544600000000003,3.010699999999999,29.810000000000002,62.9717875,-29.985487500000005,0.4734624999999997,5.894425,2.1883875,29.868499999999997,-1.3821790064446429,-1.4438803615508562
120.3,22.65,240.0305,SSP1-2.6,2041-2060,-13.28479999999999,63.7119,-3.7707000000000335,0.46999999999999886,5.328600000000009,2.0588999999999995,31.451999999999998,62.934025,-22.47534999999999,0.4939125,5.6761,2.052675,30.734,-1.3821790064446429,-1.3806845811810693
120.3,22.7,248.9375,SSP1-2.6,2041-2060,-14.837400000000002,62.1333,-11.538000000000011,0.9540000000000006,5.685699999999997,0.9588999999999999,30.846,62.481925000000004,1.3214750000000208,0.5346375000000001,4.981462500000003,1.6812500000000001,31.22625,-1.3821790064446429,-1.317488800811278
120.3,22.75,241.4981,SSP1-2.6,2041-2060,-1.3307999999999822,62.051700000000004,36.7641000000001,0.805299999999999,5.766100000000009,1.1089000000000002,30.715999999999998,62.139700000000005,14.120224999999976,0.6103125000000009,4.1796750000000005,1.4361625000000002,31.00375,-1.3821790064446429,-1.2542930204414864
120.3,22.8,228.2381,SSP1-2.6,2041-2060,-0.9177999999999997,62.4705,17.680900000000065,0.1600999999999999,3.5321,1.325000000000001,31.144,60.8656,33.198212499999954,0.9311124999999998,3.985712500000001,1.321875,30.116749999999996,-1.3821790064446429,-1.191097240071695
120.3,22.85,215.0137,SSP1-2.6,2041-2060,12.516500000000008,59.097100000000005,41.35500000000002,0.7437000000000005,4.044600000000003,1.0749999999999993,29.714,59.60495,28.87297499999997,1.2034374999999993,3.8810249999999993,1.4174125,29.6055,-1.3821790064446429,-1.1279014597019037
120.3,22.9,209.3031,SSP1-2.6,2041-2060,11.4957,59.2427,45.147500000000036,2.126100000000001,5.2286,1.591099999999999,29.402,58.218475,29.177425,1.4551999999999987,4.7937375,1.3955374999999999,29.01375,-1.3821790064446429,-1.0647056793321166
120.3,22.95,218.45,SSP1-2.6,2041-2060,0.12000000000000455,58.628299999999996,57.38520000000017,2.031399999999998,5.973199999999991,1.8643,29.256,59.01695,19.666424999999975,1.6783875,4.9631750000000014,1.5613874999999997,29.735999999999997,-1.3821790064446429,-1.0015098989623252
120.3,23.0,219.9452,SSP1-2.6,2041-2060,-5.681600000000003,60.5656,39.97679999999991,1.908100000000001,2.0768000000000058,1.8589000000000002,32.885999999999996,59.5215375,3.7977500000000077,1.3711374999999997,5.6270124999999975,1.7578125,29.68775,-1.3821790064446429,-0.9383141185925338
120.3,23.05,227.2896,SSP1-2.6,2041-2060,-12.208400000000012,60.9475,-25.57479999999987,0.5318000000000005,4.564299999999996,2.2142999999999997,32.29600000000001,60.0763,3.3678874999999664,1.3367375000000008,4.6125124999999985,1.6613625,30.072499999999998,-1.3821790064446429,-0.8751183382227424
120.3,23.1,210.2699,SSP1-2.6,2041-2060,-3.7309999999999945,61.592,4.752500000000055,1.0805000000000007,3.7036000000000016,1.6196000000000002,31.823999999999998,59.6650125,4.3417125,1.0059875000000011,4.064499999999999,1.5997625000000002,29.90625,-1.3821790064446429,-0.811922557852951
120.3,23.15,200.9192,SSP1-2.6,2041-2060,-0.31879999999998176,59.7462,24.80919999999992,1.1727000000000025,2.7571000000000083,1.1963999999999988,30.413999999999998,58.973012499999996,12.471125,0.8448000000000007,3.5826000000000002,1.635475,29.935999999999996,-1.3821790064446429,-0.748726777483164
120.3,23.2,201.7078,SSP1-2.6,2041-2060,0.3217000000000212,57.125499999999995,18.798299999999927,0.6103999999999985,3.242900000000006,1.7570999999999994,30.522,58.1265875,12.242075,0.5278625000000003,2.645525000000001,1.7169624999999997,29.84425,-1.3821790064446429,-0.6855309971133726
120.3,23.25,203.524,SSP1-2.6,2041-2060,-9.8279,57.19969999999999,17.6083000000001,0.01699999999999946,0.42680000000000007,1.9553999999999991,29.781999999999996,57.1366125,-5.694175000000001,0.26376249999999946,3.3687500000000012,1.8743124999999998,30.348499999999998,-1.3821790064446429,-0.6223352167435812
120.3,23.3,183.7246,SSP1-2.6,2041-2060,-3.547300000000007,56.706500000000005,-58.35109999999986,-0.2845000000000013,5.351800000000004,1.7071000000000005,31.415999999999997,57.0087125,-3.932424999999995,0.33528749999999974,2.9131625000000003,1.8075875,30.31325,-1.3821790064446429,-0.5591394363737897
120.3,23.35,177.6045,SSP1-2.6,2041-2060,-5.433400000000006,57.475699999999996,-33.32719999999995,0.3613999999999997,3.3429,1.3214000000000006,30.712000000000003,57.507512500000004,-3.0838749999999493,0.4259375000000003,3.608037500000001,1.6444,31.125,-1.3821790064446429,-0.4959436560039983
120.3,23.4,171.67,SSP1-2.6,2041-2060,-1.2719999999999914,59.2656,17.505100000000084,0.9707000000000008,3.691100000000006,1.2571000000000003,31.72,58.513562500000006,7.035475000000048,0.5062500000000005,2.8995624999999983,1.6129375000000001,31.501,-1.3821790064446429,-0.43274787563421135
120.3,23.45,181.7201,SSP1-2.6,2041-2060,-4.0142999999999915,60.712900000000005,27.9212,0.4178999999999995,3.0463999999999984,1.732099999999999,32.584,59.112187500000005,21.781375000000054,0.6400500000000009,3.2638624999999992,1.646425,31.976000000000003,-1.3821790064446429,-0.3695520952644199
120.3,23.5,190.8068,SSP1-2.6,2041-2060,-12.381700000000023,60.362700000000004,30.198499999999967,0.5604999999999976,5.5411,1.8214000000000006,32.306,59.1466875,30.9626375,0.6368125000000004,2.811187499999999,1.8047,32.02075,-1.3821790064446429,-0.3063563148946285
120.3,23.55,178.1936,SSP1-2.6,2041-2060,-11.961000000000013,59.465399999999995,44.0460999999998,0.7329000000000008,0.667900000000003,1.6518000000000006,32.55799999999999,58.7316,44.48861249999999,0.7327999999999997,3.5962250000000004,1.662275,31.651,-1.3821790064446429,-0.24316053452483705
120.3,23.6,169.0598,SSP1-2.6,2041-2060,-8.464499999999987,58.2344,64.5447999999999,0.8419999999999987,2.9731999999999914,1.2820999999999998,32.23,58.802437499999996,45.6347375,0.7431624999999995,2.6138625000000024,1.5087,31.948249999999998,-1.3821790064446429,-0.17996475415504562
120.3,23.65,174.8116,SSP1-2.6,2041-2060,-15.137200000000007,59.059799999999996,48.41720000000009,0.8228000000000009,2.8357000000000028,1.3945999999999996,33.402,58.7955625,54.830637499999995,0.8238874999999997,2.571662500000002,1.2426249999999999,32.443999999999996,-1.3821790064446429,-0.11676897378525869
120.3,23.7,183.594,SSP1-2.6,2041-2060,-16.797300000000007,59.029,62.203700000000026,0.9859000000000009,0.23390000000000555,1.1339000000000006,34.406,58.49995,47.70311250000003,0.7234375000000002,2.6149625000000007,1.1651749999999996,33.144,-1.3821790064446429,-0.053573193415467256
120.3,23.75,182.2375,SSP1-2.6,2041-2060,-16.0942,58.1788,51.85370000000012,0.8902999999999999,2.3463999999999956,1.0179,35.2,57.82752500000001,48.173662500000006,0.7397250000000004,1.4075875,1.084375,33.339,-1.3821790064446429,0.009622586954324176
120.3,23.8,182.4818,SSP1-2.6,2041-2060,-15.111400000000003,57.2408,43.32690000000002,0.7792999999999992,1.9124999999999943,1.0804,32.842,56.506125,42.253112500000015,0.7913250000000005,0.11873749999999728,1.0357125,32.93375,-1.3821790064446429,0.0728183673241156
120.3,23.85,168.7682,SSP1-2.6,2041-2060,-10.117999999999995,54.4546,43.7512999999999,1.3175999999999988,-2.542900000000003,1.1964000000000006,30.840000000000003,55.4829875,33.22217499999999,0.7334875000000003,0.1122749999999968,0.9058,32.0715,-1.3821790064446429,0.13601414769390704
120.3,23.9,154.9006,SSP1-2.6,2041-2060,-6.002199999999988,53.602799999999995,26.035999999999945,0.9205000000000005,-0.037499999999994316,0.9196,30.476,54.711725,27.831775000000007,0.7560000000000007,0.4231999999999969,0.8370500000000001,31.19925,-1.3821790064446429,0.19920992806369398
120.3,23.95,146.4972,SSP1-2.6,2041-2060,-5.187899999999985,53.038399999999996,5.216600000000085,0.6286000000000023,1.0945999999999998,0.8874999999999993,29.762,53.9023125,15.6837625,0.7009125000000003,0.6055749999999973,0.6386000000000002,30.799750000000003,-1.3821790064446429,0.26240570843348543
120.3,24.0,144.2081,SSP1-2.6,2041-2060,-5.07589999999999,53.187799999999996,-1.1099999999999,0.42660000000000053,0.3678999999999917,0.5304000000000002,31.227999999999998,53.9688875,8.81310000000002,0.6450750000000007,1.0595874999999984,0.48948749999999996,30.742250000000002,-1.3821790064446429,0.32560148880327683
120.35,22.35,196.0512,SSP1-2.6,2041-2060,-20.057299999999998,65.89,-38.35289999999986,1.061,13.921399999999998,1.8392999999999997,30.906,61.9911,-1.033850000000058,0.9486750000000002,6.7948749999999976,2.002675,27.240000000000002,-1.2764851663634216,-1.759859263399809
120.35,22.5,221.2971,SSP1-2.6,2041-2060,-22.185599999999994,59.810100000000006,-22.804200000000037,0.6347000000000023,7.399999999999999,2.1713999999999993,25.112000000000002,61.6644625,-40.369650000000036,0.7223374999999996,7.4718875,2.3124874999999996,27.22,-1.2764851663634216,-1.570271922290439
120.35,22.55,236.2247,SSP1-2.6,2041-2060,-21.23010000000002,60.873,-61.106500000000096,0.23629999999999995,6.017899999999997,2.741100000000001,25.529999999999998,61.4219875,-50.35155000000003,0.6308499999999997,7.374787500000001,2.2921624999999994,27.38475,-1.2764851663634216,-1.5070761419206478
120.35,22.6,228.3469,SSP1-2.6,2041-2060,-15.113900000000001,63.1107,-68.47929999999997,-0.015699999999998937,6.810700000000004,2.7981999999999996,29.357999999999997,61.795649999999995,-56.23017500000003,0.44588749999999955,6.417187500000001,2.3055624999999997,28.75725,-1.2764851663634216,-1.4438803615508562
120.35,22.65,238.678,SSP1-2.6,2041-2060,-13.177599999999984,62.916399999999996,-71.37670000000003,-0.05480000000000018,4.5321,2.4482,31.233999999999998,62.111774999999994,-43.96621250000001,0.3897124999999999,6.140837500000002,2.172525,30.33325,-1.2764851663634216,-1.3806845811810693
120.35,22.7,246.6065,SSP1-2.6,2041-2060,-18.761200000000002,61.0757,-51.299999999999955,0.07469999999999999,7.082100000000004,1.9732000000000003,31.612,62.30855,-23.686025,0.4773125000000005,5.1258875,1.8843625000000002,30.945,-1.2764851663634216,-1.317488800811278
120.35,22.75,250.3008,SSP1-2.6,2041-2060,-4.724800000000016,63.673500000000004,28.633299999999963,0.9629000000000012,4.4106999999999985,1.4786000000000001,32.604,61.089124999999996,-12.412374999999997,0.6116874999999999,4.998212500000001,1.9254375000000004,30.228499999999997,-1.2764851663634216,-1.2542930204414864
120.35,22.8,246.0041,SSP1-2.6,2041-2060,-1.4307000000000016,61.437799999999996,31.380099999999857,1.1448,4.326799999999999,2.2286,31.182000000000002,58.91023750000001,6.351524999999981,0.8835874999999995,4.3080375,1.7743375000000001,28.54,-1.2764851663634216,-1.191097240071695
120.35,22.85,228.9874,SSP1-2.6,2041-2060,4.290199999999999,55.5812,23.97129999999993,1.438799999999997,3.1411000000000016,1.6892999999999994,26.412,57.3625625,3.53937499999995,1.1466625000000001,4.7515625,1.9024750000000001,27.82225,-1.2764851663634216,-1.1279014597019037
120.35,22.9,228.3372,SSP1-2.6,2041-2060,-2.7502999999999815,56.8105,-11.286000000000058,1.4496000000000002,4.7339000000000055,1.5892999999999997,28.68,56.47658750000001,-8.187612500000029,1.3705249999999998,5.754024999999999,1.8245749999999998,27.223499999999998,-1.2764851663634216,-1.0647056793321166
120.35,22.95,240.1659,SSP1-2.6,2041-2060,-17.165300000000002,59.2595,-48.32420000000002,1.4796000000000014,8.408900000000003,1.4054000000000002,30.538,57.89835000000001,-22.607050000000044,1.4633000000000003,5.916749999999999,1.8812624999999998,28.36125,-1.2764851663634216,-1.0015098989623252
120.35,23.0,244.5636,SSP1-2.6,2041-2060,-18.737400000000008,61.0955,-59.24980000000005,1.4647000000000006,8.005399999999995,1.5553999999999988,30.47,58.9960125,-31.426675000000017,1.1480625,5.861824999999998,1.9247750000000001,29.29,-1.2764851663634216,-0.9383141185925338
120.35,23.05,239.9779,SSP1-2.6,2041-2060,-14.005400000000009,59.86070000000001,-54.28490000000011,0.7891000000000012,7.523199999999996,1.7821000000000016,29.488,59.631025,-27.1019,1.1055875000000004,5.197324999999998,1.9245499999999998,29.837,-1.2764851663634216,-0.8751183382227424
120.35,23.1,232.6515,SSP1-2.6,2041-2060,-12.012499999999989,58.26469999999999,0.12000000000011823,1.3285000000000018,6.1606999999999985,1.7820999999999998,27.902,59.2271875,-18.29796250000001,0.9179750000000007,4.528125,1.9372749999999999,29.65325,-1.2764851663634216,-0.811922557852951
120.35,23.15,235.644,SSP1-2.6,2041-2060,-16.454200000000014,57.63830000000001,35.48780000000011,1.3698000000000015,4.100000000000001,1.7429000000000006,27.976000000000003,58.3515125,-14.397537499999999,0.8342875000000007,3.908262500000002,2.050649999999999,29.4045,-1.2764851663634216,-0.748726777483164
120.35,23.2,227.8857,SSP1-2.6,2041-2060,-10.717400000000026,57.52929999999999,-1.8161000000000058,0.43840000000000146,3.262500000000003,2.1464,28.964000000000002,57.533225,-3.7824500000000114,0.6131250000000001,2.741737500000002,2.2042374999999996,29.159750000000003,-1.2764851663634216,-0.6855309971133726
120.35,23.25,212.9953,SSP1-2.6,2041-2060,-9.557799999999986,56.5758,2.444099999999935,0.26869999999999905,2.9213999999999984,2.351799999999999,28.702,56.864599999999996,-12.805099999999982,0.3270749999999998,2.5428500000000014,2.2921749999999994,29.842,-1.2764851663634216,-0.6223352167435812
120.35,23.3,200.8874,SSP1-2.6,2041-2060,-4.788300000000021,55.79430000000001,13.760800000000017,0.43359999999999843,1.4695999999999998,2.2874999999999996,29.926000000000002,56.51165,-5.962237500000015,0.33166249999999975,2.487937500000001,2.3205374999999995,29.962000000000003,-1.2764851663634216,-0.5591394363737897
120.35,23.35,194.7958,SSP1-2.6,2041-2060,-2.8130000000000166,55.7672,9.687999999999874,0.43430000000000035,3.4339000000000013,2.4393000000000002,30.458,56.6323,1.2943250000000148,0.49142500000000044,1.9598125000000008,1.9278875000000002,30.688000000000002,-1.2764851663634216,-0.4959436560039983
120.35,23.4,185.5828,SSP1-2.6,2041-2060,-3.8608999999999867,57.4677,6.1422000000000025,0.22290000000000276,2.1481999999999957,1.3713999999999995,31.614,57.297399999999996,13.013712499999997,0.5919500000000006,1.3712000000000009,2.0341375000000004,30.990000000000002,-1.2764851663634216,-0.43274787563421135
120.35,23.45,185.7078,SSP1-2.6,2041-2060,-1.8057000000000016,58.475500000000004,2.0789000000002034,0.42180000000000106,-0.4982000000000042,2.1893000000000002,32.198,57.864112500000005,19.307525,0.5416500000000006,2.193525,1.7394874999999996,31.1355,-1.2764851663634216,-0.3695520952644199
120.35,23.5,192.3627,SSP1-2.6,2041-2060,-7.333100000000002,57.24570000000001,20.20309999999995,0.5256000000000007,5.4893,2.017899999999999,30.344,57.8247375,27.674750000000017,0.5817249999999996,1.8651875000000002,1.8886000000000003,30.98825,-1.2764851663634216,-0.3063563148946285
120.35,23.55,191.5476,SSP1-2.6,2041-2060,-9.748099999999994,56.523500000000006,51.716699999999946,0.7785999999999973,5.505400000000002,2.0214000000000008,29.656,57.315512500000004,39.993787499999996,0.7566374999999996,3.22635,1.6845875000000001,30.44025,-1.2764851663634216,-0.24316053452483705
120.35,23.6,171.1946,SSP1-2.6,2041-2060,-4.54170000000002,58.0217,72.42740000000003,1.2486999999999995,4.976800000000004,1.7481999999999998,30.31,57.1116375,43.4539125,0.8026874999999993,3.0859500000000004,1.595525,30.7195,-1.2764851663634216,-0.17996475415504562
120.35,23.65,182.5119,SSP1-2.6,2041-2060,-13.129199999999997,59.524800000000006,41.71399999999994,0.7193999999999967,3.1304000000000016,1.442899999999999,31.85,57.606237500000006,55.04102500000002,0.8884875000000001,2.9991125000000016,1.4776625,31.45975,-1.2764851663634216,-0.11676897378525869
120.35,23.7,187.8699,SSP1-2.6,2041-2060,-16.85069999999999,58.54600000000001,73.2376999999999,0.6083999999999996,2.492900000000006,1.5249999999999995,33.036,57.9771375,45.473475000000064,0.6908499999999997,2.076337500000001,1.3102624999999999,32.232749999999996,-1.2764851663634216,-0.053573193415467256
120.35,23.75,178.4038,SSP1-2.6,2041-2060,-12.27249999999998,57.581,51.56940000000009,0.35660000000000025,-0.16790000000000305,1.0339,32.908,57.594475,50.41968750000001,0.6381874999999995,1.4513375000000002,1.2084875,32.267250000000004,-1.2764851663634216,0.009622586954324176
120.35,23.8,179.6057,SSP1-2.6,2041-2060,-11.691700000000026,56.6561,59.77620000000002,0.6509999999999998,1.1731999999999942,1.1124999999999998,32.486000000000004,56.206149999999994,45.39896250000001,0.6622499999999998,0.1477624999999989,1.0256625000000001,31.36375,-1.2764851663634216,0.0728183673241156
120.35,23.85,175.2072,SSP1-2.6,2041-2060,-6.673399999999987,55.203399999999995,61.13300000000004,0.872600000000002,-0.7820999999999998,0.8357000000000001,30.888,54.953337499999996,39.49006249999995,0.6941625,-0.1379500000000009,0.8053499999999999,30.639,-1.2764851663634216,0.13601414769390704
120.35,23.9,162.5015,SSP1-2.6,2041-2060,-6.697199999999981,53.7522,28.536200000000008,0.49990000000000023,0.9786000000000001,0.28390000000000004,30.222,53.9296375,30.925037499999988,0.7793625000000013,0.17588750000000086,0.7124874999999999,30.1265,-1.2764851663634216,0.19920992806369398
120.35,23.95,156.0889,SSP1-2.6,2041-2060,-5.839799999999997,53.789500000000004,5.932300000000055,0.6256000000000022,2.883900000000004,0.4500000000000002,30.455999999999996,53.73085,13.17106250000002,0.5929750000000009,0.8881749999999986,0.44284999999999985,30.53775,-1.2764851663634216,0.26240570843348543
120.35,24.0,149.0506,SSP1-2.6,2041-2060,-3.7793000000000063,54.4247,-7.1743000000000166,0.6095000000000006,1.3267999999999915,0.2820999999999998,31.658,53.6597375,5.187775000000059,0.5638375000000004,1.1899499999999987,0.34330000000000005,30.5475,-1.2764851663634216,0.32560148880327683
120.35,24.05,146.5864,SSP1-2.6,2041-2060,-2.516300000000001,53.832100000000004,-7.739599999999996,0.6293000000000006,0.8106999999999971,0.07319999999999993,30.620000000000005,53.56805,-1.2218249999999529,0.5578625000000006,0.7151749999999968,0.34285,30.487499999999997,-1.2764851663634216,0.3887972691730683
120.4,22.5,207.384,SSP1-2.6,2041-2060,-20.16659999999999,60.393499999999996,-23.544800000000123,0.8804999999999978,7.480399999999996,1.987499999999999,25.974000000000004,61.131225,-28.47026250000002,0.9157499999999996,7.359149999999999,2.0254375,27.137,-1.1707913262821703,-1.570271922290439
120.4,22.55,229.0997,SSP1-2.6,2041-2060,-17.888200000000012,60.0628,-106.23439999999982,0.7637,9.210700000000003,1.669599999999999,26.046,60.77748750000001,-45.32001250000005,0.7242249999999997,7.1582625,2.2475375,27.1765,-1.1707913262821703,-1.5070761419206478
120.4,22.6,239.1591,SSP1-2.6,2041-2060,-12.436599999999999,60.10189999999999,-109.92560000000003,0.4477999999999973,6.641100000000002,1.8696000000000002,28.561999999999998,61.011475,-64.084,0.42772500000000013,6.099087500000001,2.4004375,28.136249999999997,-1.1707913262821703,-1.4438803615508562
120.4,22.65,245.7498,SSP1-2.6,2041-2060,-13.008499999999998,60.182599999999994,-60.288099999999986,0.19700000000000273,6.307099999999991,1.9518000000000004,29.54,61.331087499999995,-64.88874999999999,0.20221249999999946,5.011812500000003,2.5707375,29.70875,-1.1707913262821703,-1.3806845811810693
120.4,22.7,249.8626,SSP1-2.6,2041-2060,-14.042599999999993,62.24380000000001,-36.2675999999999,0.13700000000000045,4.726800000000004,2.7589000000000006,31.486000000000004,60.838237500000005,-58.97613749999999,0.22639999999999993,4.6298875,2.3332500000000005,29.485,-1.1707913262821703,-1.317488800811278
120.4,22.75,262.3101,SSP1-2.6,2041-2060,-22.808399999999978,61.5552,-71.64450000000011,0.3471000000000011,4.249999999999993,2.3107000000000006,29.682,59.4785625,-30.959412499999985,0.5658374999999998,4.518975000000001,2.4758875000000002,28.859499999999997,-1.1707913262821703,-1.2542930204414864
120.4,22.8,252.613,SSP1-2.6,2041-2060,-6.233800000000002,55.745000000000005,-14.374000000000024,1.2704999999999984,4.616100000000003,2.7393,25.159999999999997,57.27883750000001,-14.266275000000064,0.9386874999999995,3.955149999999999,2.2553625,27.2575,-1.1707913262821703,-1.191097240071695
120.4,22.85,245.8822,SSP1-2.6,2041-2060,-6.553800000000024,51.1077,-11.573900000000094,1.3402999999999992,4.7035999999999945,2.4679,22.887999999999998,55.6379375,-4.923575000000085,1.1861874999999995,4.1560375,2.259375,26.5125,-1.1707913262821703,-1.1279014597019037
120.4,22.9,260.1326,SSP1-2.6,2041-2060,-20.547200000000032,52.989200000000004,-70.0146000000002,0.9382000000000019,6.826799999999999,2.2036000000000016,24.407999999999998,55.105712499999996,-24.413250000000062,1.1604499999999995,5.4450875,2.1408499999999995,26.11925,-1.1707913262821703,-1.0647056793321166
120.4,22.95,265.6406,SSP1-2.6,2041-2060,-31.581199999999995,55.907000000000004,-103.44720000000007,0.8660999999999994,7.705399999999997,2.299999999999999,25.169999999999998,56.629400000000004,-52.01182500000007,1.0296375000000006,7.042624999999999,2.1553625,26.877499999999998,-1.1707913262821703,-1.0015098989623252
120.4,23.0,259.5552,SSP1-2.6,2041-2060,-23.572400000000016,57.94800000000001,-79.36830000000009,0.9222000000000001,6.783899999999996,2.0875000000000004,26.618,57.9574,-65.33571250000006,0.830625,7.418974999999999,2.2116,27.441499999999998,-1.1707913262821703,-0.9383141185925338
120.4,23.05,257.5938,SSP1-2.6,2041-2060,-21.191699999999997,58.851499999999994,-37.77600000000007,0.6561999999999983,3.8588999999999984,1.8857,28.068,58.25823750000001,-61.857500000000044,0.8704749999999999,7.147549999999998,2.190175,27.773,-1.1707913262821703,-0.8751183382227424
120.4,23.1,258.2545,SSP1-2.6,2041-2060,-21.163399999999996,57.78339999999999,-59.69560000000001,0.9527000000000001,6.424999999999997,2.392899999999999,28.631999999999998,57.9250625,-40.67587500000002,0.7939250000000002,5.5584875,2.19285,28.02325,-1.1707913262821703,-0.811922557852951
120.4,23.15,265.9338,SSP1-2.6,2041-2060,-24.47270000000003,57.3979,-34.101900000000114,0.7910000000000004,3.292900000000003,2.664299999999999,28.528,57.2317,-36.35541249999997,0.7237125000000009,4.8805875,2.3698625,27.94725,-1.1707913262821703,-0.748726777483164
120.4,23.2,247.6968,SSP1-2.6,2041-2060,-23.13210000000001,57.3731,-68.04669999999987,0.3001000000000005,2.4213999999999984,2.846399999999999,28.450000000000003,56.803799999999995,-19.733325000000065,0.5508500000000005,3.5973250000000005,2.6667375,28.06375,-1.1707913262821703,-0.6855309971133726
120.4,23.25,241.2646,SSP1-2.6,2041-2060,-15.654799999999994,57.2093,-27.25870000000009,0.3752999999999993,2.7714,3.1195999999999993,28.904000000000003,56.169587500000006,-14.287500000000051,0.46582500000000016,2.2564624999999996,2.7877249999999996,28.59125,-1.1707913262821703,-0.6223352167435812
120.4,23.3,229.3535,SSP1-2.6,2041-2060,-9.574399999999997,55.979099999999995,2.8643999999999323,0.7263000000000019,1.3963999999999999,2.517899999999999,30.772000000000002,55.82415,4.891187499999916,0.5056374999999993,1.5901625000000008,3.1341625,29.026,-1.1707913262821703,-0.5591394363737897
120.4,23.35,217.5594,SSP1-2.6,2041-2060,-4.5423000000000116,55.179899999999996,38.63429999999994,0.7547999999999995,0.2589000000000041,3.1518000000000006,28.950000000000003,55.906499999999994,12.932924999999955,0.5187875000000006,0.5225374999999994,2.7268,30.185000000000002,-1.1707913262821703,-0.4959436560039983
120.4,23.4,194.6296,SSP1-2.6,2041-2060,-3.471900000000005,55.1896,23.12609999999995,0.7462000000000018,-1.980400000000003,1.8088999999999995,30.394,56.342200000000005,17.169712499999974,0.44876250000000084,0.5348250000000005,2.7410750000000004,30.624000000000002,-1.1707913262821703,-0.43274787563421135
120.4,23.45,191.9373,SSP1-2.6,2041-2060,0.7634999999999934,56.312799999999996,18.483299999999872,0.6285000000000025,-0.32499999999999574,2.3732000000000006,30.903999999999996,56.214625,12.20583750000003,0.3684500000000006,0.9763374999999987,2.13995,30.32175,-1.1707913262821703,-0.3695520952644199
120.4,23.5,197.1109,SSP1-2.6,2041-2060,-5.867199999999997,56.3559,10.88070000000016,0.26089999999999947,-0.0625,1.5338999999999992,29.218000000000004,55.553200000000004,22.463062500000035,0.5752375000000001,2.6567,2.261825,29.74375,-1.1707913262821703,-0.3063563148946285
120.4,23.55,194.6141,SSP1-2.6,2041-2060,-4.933000000000021,54.3892,36.07260000000019,0.8526999999999987,1.0463999999999984,1.7857000000000003,28.482000000000003,55.339150000000004,31.867812500000014,0.7067124999999996,4.064075,1.986825,28.89025,-1.1707913262821703,-0.24316053452483705
120.4,23.6,169.4447,SSP1-2.6,2041-2060,-3.1766000000000076,54.449099999999994,41.57709999999997,1.0298000000000016,5.178600000000003,1.6357000000000008,28.073999999999998,55.622325000000004,36.169087500000046,0.7920749999999988,3.727475,1.74955,29.23775,-1.1707913262821703,-0.17996475415504562
120.4,23.65,188.9892,SSP1-2.6,2041-2060,-13.191100000000006,55.246900000000004,19.54280000000017,0.6433,3.3500000000000014,1.5499999999999998,29.504,56.3683875,40.19052499999998,0.776899999999999,3.3482375000000006,1.5560249999999998,29.863500000000002,-1.1707913262821703,-0.11676897378525869
120.4,23.7,189.6133,SSP1-2.6,2041-2060,-16.211700000000008,58.263,58.377500000000055,0.9269999999999996,1.9517999999999986,1.5518,30.716,56.251850000000005,32.80641250000002,0.47424999999999917,2.3303625000000014,1.3551249999999997,30.279500000000002,-1.1707913262821703,-0.053573193415467256
120.4,23.75,184.6684,SSP1-2.6,2041-2060,-14.012499999999989,56.933800000000005,30.109500000000025,0.18149999999999977,2.930400000000006,1.3571,29.876,56.2124125,42.36375000000001,0.4619999999999993,0.9336874999999987,1.2941874999999996,30.619500000000002,-1.1707913262821703,0.009622586954324176
120.4,23.8,181.3336,SSP1-2.6,2041-2060,-12.489599999999996,55.9083,24.472299999999905,0.08209999999999695,-1.4303999999999988,0.8892999999999995,29.576,55.721487499999995,46.80056250000004,0.5362,0.6004499999999995,1.09105,30.264500000000005,-1.1707913262821703,0.0728183673241156
120.4,23.85,177.2337,SSP1-2.6,2041-2060,-4.645700000000005,54.14849999999999,56.975599999999986,0.8180000000000014,-1.0838999999999999,0.7946,28.779999999999998,54.983225,41.13752499999998,0.5312874999999999,0.01116249999999841,0.8013374999999999,29.9615,-1.1707913262821703,0.13601414769390704
120.4,23.9,165.6823,SSP1-2.6,2041-2060,-6.877600000000001,53.8634,33.04599999999982,0.4849000000000032,-0.07319999999999993,0.16609999999999925,29.89,53.9188125,36.11063750000001,0.6721375000000007,0.1758999999999995,0.6035625000000001,29.1815,-1.1707913262821703,0.19920992806369398
120.4,23.95,168.0032,SSP1-2.6,2041-2060,-5.643499999999989,53.336499999999994,15.309500000000071,0.5670999999999999,1.9482,0.4500000000000002,29.919999999999998,53.527699999999996,19.028087499999998,0.560725000000001,0.14709999999999734,0.2598124999999999,29.4255,-1.1707913262821703,0.26240570843348543
120.4,24.0,160.5416,SSP1-2.6,2041-2060,-2.293700000000001,54.641,5.50850000000014,0.6067,1.5,0.02320000000000011,31.145999999999997,53.1585125,5.9519875000000155,0.5506250000000006,-0.024112500000003756,0.18436249999999998,29.49975,-1.1707913262821703,0.32560148880327683
120.4,24.05,156.3616,SSP1-2.6,2041-2060,0.38479999999998427,53.7004,-10.151299999999992,0.5268999999999977,-0.06430000000000291,0.048200000000000465,31.026,53.234300000000005,-0.9217250000000092,0.46716250000000015,-0.19442500000000518,0.16783749999999997,29.75675,-1.1707913262821703,0.3887972691730683
120.4,24.1,153.5601,SSP1-2.6,2041-2060,0.31100000000000705,53.994800000000005,-13.377700000000004,0.5474999999999994,1.1124999999999972,0.30710000000000015,30.444,53.179100000000005,-5.421637499999974,0.4542999999999999,-0.2785750000000027,0.2066874999999999,29.849,-1.1707913262821703,0.4519930495428597
120.4,24.15,150.4574,SSP1-2.6,2041-2060,2.186700000000002,52.57770000000001,-9.508799999999951,0.45700000000000074,-0.6410999999999945,0.27859999999999996,29.726,53.247299999999996,-8.923524999999984,0.3834124999999995,-0.4895000000000014,0.15868749999999998,29.541000000000004,-1.1707913262821703,0.5151888299126467
120.45,22.45,184.9807,SSP1-2.6,2041-2060,-6.515900000000016,64.311,28.608999999999924,1.2256,7.244599999999991,2.0428999999999995,29.568000000000005,62.363550000000004,22.152737499999972,1.0993624999999998,6.67835,1.9091375,27.971249999999998,-1.0650974862009488,-1.6334677026602307
120.45,22.5,186.9582,SSP1-2.6,2041-2060,-11.002100000000013,60.9788,8.231899999999996,1.5780999999999992,8.799999999999997,1.4625000000000004,26.826,61.8602875,3.173699999999968,0.9644749999999997,6.486587499999998,2.183699999999999,28.03275,-1.0650974862009488,-1.570271922290439
120.45,22.55,220.504,SSP1-2.6,2041-2060,-18.587699999999984,60.4135,-28.217599999999948,1.243199999999998,8.558900000000001,2.0588999999999995,27.43,60.738975,-36.22852500000002,0.7874999999999996,6.1912875000000005,2.1694124999999995,27.794249999999998,-1.0650974862009488,-1.5070761419206478
120.45,22.6,233.7048,SSP1-2.6,2041-2060,-13.141800000000018,60.538399999999996,-56.71400000000017,0.7889000000000017,5.5571000000000055,2.8911,28.62,59.995212499999994,-61.184699999999964,0.40593749999999984,5.194625000000001,2.372975,27.936749999999996,-1.0650974862009488,-1.4438803615508562
120.45,22.65,252.1399,SSP1-2.6,2041-2060,-17.68040000000002,59.9944,-60.25540000000001,0.26319999999999766,1.7982000000000085,2.6446000000000005,27.331999999999997,59.912125,-60.60172499999999,0.18013750000000028,3.656912499999999,2.8160625,28.68425,-1.0650974862009488,-1.3806845811810693
120.45,22.7,261.5788,SSP1-2.6,2041-2060,-22.112099999999998,60.66740000000001,-64.79139999999984,-0.023400000000002308,2.946399999999997,3.1821,29.465999999999998,58.64795,-68.54785000000001,0.1223500000000004,3.2752250000000007,2.8678500000000007,27.3705,-1.0650974862009488,-1.317488800811278
120.45,22.75,267.5862,SSP1-2.6,2041-2060,-28.077600000000018,56.64070000000001,-120.78629999999998,0.04449999999999932,5.712500000000006,2.6768,24.410000000000004,57.4146875,-52.873699999999985,0.40607499999999996,3.5591625000000002,2.97365,27.04625,-1.0650974862009488,-1.2542930204414864
120.45,22.8,246.563,SSP1-2.6,2041-2060,-13.907699999999977,54.34459999999999,-20.169399999999996,0.9157000000000011,2.3303999999999974,2.7696000000000005,24.956000000000003,54.9825,-48.873687500000045,0.6022999999999996,4.509162500000001,2.7846,25.4115,-1.0650974862009488,-1.191097240071695
120.45,22.85,241.4185,SSP1-2.6,2041-2060,-7.933799999999991,53.89,26.05919999999992,1.3153999999999968,2.7661000000000016,2.4213999999999984,25.926,53.840562500000004,-29.908750000000055,0.8580875000000003,5.000674999999999,2.7361625000000003,24.8615,-1.0650974862009488,-1.1279014597019037
120.45,22.9,252.5991,SSP1-2.6,2041-2060,-17.948399999999992,54.3052,-4.955200000000104,1.0165000000000006,4.507099999999994,2.4338999999999995,25.375999999999998,53.6707375,-38.118112500000024,0.8377124999999999,5.5721124999999985,2.6265624999999995,24.590249999999997,-1.0650974862009488,-1.0647056793321166
120.45,22.95,275.3526,SSP1-2.6,2041-2060,-34.389999999999986,53.98459999999999,-65.75,0.37730000000000175,7.5946,2.8195999999999994,23.964,54.9073125,-50.48704999999998,0.812125,6.886162499999998,2.5450875,24.68425,-1.0650974862009488,-1.0015098989623252
120.45,23.0,285.0495,SSP1-2.6,2041-2060,-27.59540000000004,56.642700000000005,-77.14650000000006,0.5889999999999986,9.480400000000003,3.148199999999999,24.965999999999998,55.980737500000004,-58.613887500000004,0.6063124999999996,6.8272249999999985,2.5432999999999995,25.139,-1.0650974862009488,-0.9383141185925338
120.45,23.05,283.224,SSP1-2.6,2041-2060,-25.19939999999997,58.0577,-76.70710000000008,0.42299999999999827,6.774999999999999,2.7964,26.868000000000002,56.6347,-61.773762500000004,0.6241124999999994,7.2319125,2.5332624999999993,25.923249999999996,-1.0650974862009488,-0.8751183382227424
120.45,23.1,284.2293,SSP1-2.6,2041-2060,-26.94410000000005,56.413199999999996,-88.52780000000007,0.4945999999999984,6.0268000000000015,1.976799999999999,27.24,56.800749999999994,-51.10428750000003,0.6187125,6.190412500000001,2.6752249999999997,26.7845,-1.0650974862009488,-0.811922557852951
120.45,23.15,288.1429,SSP1-2.6,2041-2060,-29.29860000000002,56.91649999999999,-69.61709999999994,0.49920000000000186,6.730400000000003,2.9125000000000014,28.116000000000003,56.2138375,-52.38062499999998,0.5699875000000003,5.2256875,2.6332499999999994,26.813499999999998,-1.0650974862009488,-0.748726777483164
120.45,23.2,282.192,SSP1-2.6,2041-2060,-23.376100000000008,55.9351,-38.7478000000001,0.4064000000000014,3.917899999999996,3.158899999999999,26.298,55.581825,-44.10120000000009,0.3904625000000004,3.870987500000001,2.9263250000000003,27.05275,-1.0650974862009488,-0.6855309971133726
120.45,23.25,276.5424,SSP1-2.6,2041-2060,-20.9632,55.22820000000001,-24.256900000000314,0.2579999999999991,1.7820999999999998,3.2375000000000007,27.022,54.758725,-45.36833750000008,0.4024125000000005,3.1160749999999995,3.0843749999999996,27.250500000000002,-1.0650974862009488,-0.6223352167435812
120.45,23.3,256.2755,SSP1-2.6,2041-2060,-9.16210000000001,54.9418,-0.5018000000000029,0.8950999999999993,0.8804000000000016,3.7554,28.596,54.2190875,-35.44612500000014,0.32691250000000016,2.3689625000000003,3.4593875,27.780500000000004,-1.0650974862009488,-0.5591394363737897
120.45,23.35,241.0817,SSP1-2.6,2041-2060,-6.6177000000000135,55.8967,26.619699999999966,0.6252999999999993,-0.7963999999999984,4.7303999999999995,29.65,54.452662499999995,-26.603012500000062,0.33028750000000073,1.0709875000000002,3.141975,28.8765,-1.0650974862009488,-0.4959436560039983
120.45,23.4,221.4944,SSP1-2.6,2041-2060,-11.076000000000022,56.2156,21.763999999999896,0.0666000000000011,-2.3714000000000013,2.903600000000001,30.070000000000004,54.9445875,-10.881112500000029,0.4076750000000007,0.8038000000000016,3.1964125,29.7155,-1.0650974862009488,-0.43274787563421135
120.45,23.45,203.6636,SSP1-2.6,2041-2060,1.3086999999999875,55.422200000000004,13.947300000000041,0.4359000000000002,2.428600000000003,2.7696000000000005,31.148000000000003,54.96782499999999,-5.596525000000014,0.34470000000000045,0.23704999999999998,2.5428375,29.501,-1.0650974862009488,-0.3695520952644199
120.45,23.5,216.1281,SSP1-2.6,2041-2060,-3.136899999999997,53.34479999999999,-0.4955999999999676,0.26769999999999783,2.6571,2.5250000000000004,27.587999999999997,54.37765,6.796600000000041,0.5797875000000006,1.5881750000000006,2.3673875000000004,29.10675,-1.0650974862009488,-0.3063563148946285
120.45,23.55,203.0046,SSP1-2.6,2041-2060,-6.581200000000024,52.71190000000001,37.69820000000004,0.6911000000000023,4.949999999999996,2.4125000000000005,27.63,54.15895,9.632137500000056,0.5845499999999997,2.1921875,2.1243125000000003,28.36075,-1.0650974862009488,-0.24316053452483705
120.45,23.6,193.698,SSP1-2.6,2041-2060,-9.899100000000004,54.06060000000001,20.93489999999997,0.8512999999999984,3.8178999999999945,1.9999999999999991,28.302,54.176050000000004,16.41547500000007,0.6543749999999999,2.984375000000001,1.9741000000000004,28.308500000000002,-1.0650974862009488,-0.17996475415504562
120.45,23.65,187.914,SSP1-2.6,2041-2060,-9.377399999999994,54.50000000000001,9.24610000000007,0.5514999999999972,3.042900000000003,1.0357000000000003,28.168,54.86265,18.239637500000043,0.6392749999999996,3.1700874999999993,1.8895,28.643,-1.0650974862009488,-0.11676897378525869
120.45,23.7,196.2103,SSP1-2.6,2041-2060,-18.7928,53.5819,4.009499999999889,0.2790999999999997,2.194599999999994,1.5088999999999997,28.452,55.2054625,19.929100000000062,0.5189499999999994,3.055812500000002,1.5475374999999998,28.7805,-1.0650974862009488,-0.053573193415467256
120.45,23.75,176.8161,SSP1-2.6,2041-2060,-10.35220000000001,54.10039999999999,33.02230000000009,0.45420000000000016,1.6696000000000026,1.3874999999999993,28.442000000000004,55.3532625,25.889274999999998,0.38923749999999924,2.2832625,1.4466375,29.0405,-1.0650974862009488,0.009622586954324176
120.45,23.8,172.7138,SSP1-2.6,2041-2060,-6.090699999999998,55.0626,34.44510000000014,0.33759999999999835,-0.41430000000000433,1.3445999999999998,29.340000000000003,55.0916625,36.61712499999999,0.4485749999999995,1.7053625000000014,1.1741000000000001,28.981,-1.0650974862009488,0.0728183673241156
120.45,23.85,172.6274,SSP1-2.6,2041-2060,-4.663499999999999,56.08610000000001,47.37339999999995,0.6180999999999983,1.4786000000000001,0.8625000000000007,29.396,54.248949999999994,37.01739999999998,0.5371499999999996,0.5792374999999987,0.9930875,28.8955,-1.0650974862009488,0.13601414769390704
120.45,23.9,166.1502,SSP1-2.6,2041-2060,-1.2305000000000064,53.3337,40.317999999999984,0.7041000000000004,-0.8411000000000044,0.9161000000000001,27.894,53.166825,35.53151249999999,0.7136375000000004,0.4149624999999988,0.6640625,28.352249999999998,-1.0650974862009488,0.19920992806369398
120.45,23.95,174.7063,SSP1-2.6,2041-2060,-5.706999999999994,51.7006,33.30709999999999,0.6717000000000013,-3.1750000000000043,0.23569999999999958,25.895999999999997,52.6402625,21.60397500000002,0.6184750000000001,0.4024499999999991,0.3944249999999998,28.61025,-1.0650974862009488,0.26240570843348543
120.45,24.0,172.2528,SSP1-2.6,2041-2060,0.13979999999997972,52.7165,12.750900000000001,0.2834000000000003,-1.4232000000000085,-0.27859999999999996,28.242,52.228275,11.89270000000002,0.5712625,-0.6361750000000015,0.2651749999999998,28.551499999999997,-1.0650974862009488,0.32560148880327683
120.45,24.05,163.1144,SSP1-2.6,2041-2060,2.019500000000022,51.7678,5.38130000000001,0.49150000000000205,-2.500000000000007,0.2142999999999997,28.18,52.9975625,0.1400250000000085,0.3889124999999991,-0.4587125000000025,0.15979999999999994,29.491500000000002,-1.0650974862009488,0.3887972691730683
120.45,24.1,157.3901,SSP1-2.6,2041-2060,1.2831000000000188,52.807300000000005,-15.445500000000038,0.2522999999999982,-0.7143000000000086,0.2946,29.314000000000004,52.861975,-4.292937500000008,0.40172500000000033,-0.7877250000000009,0.29642499999999994,29.4625,-1.0650974862009488,0.4519930495428597
120.45,24.15,154.1392,SSP1-2.6,2041-2060,2.8940000000000055,53.118199999999995,-19.301699999999983,0.28829999999999956,0.7999999999999972,0.3392999999999997,29.274,53.077200000000005,-6.724574999999973,0.37399999999999967,-0.6060249999999998,0.2397125,29.498,-1.0650974862009488,0.5151888299126467
120.45,24.2,153.3517,SSP1-2.6,2041-2060,4.544200000000018,53.0813,-7.714999999999918,0.41829999999999856,-0.26430000000000575,-0.2231999999999994,28.622,52.981700000000004,-7.305237499999961,0.40836249999999996,-0.3915124999999984,0.2761,29.22425,-1.0650974862009488,0.578384610282438
120.5,22.4,199.1072,SSP1-2.6,2041-2060,-13.625100000000003,64.114,34.00070000000005,0.9984000000000002,4.764300000000006,1.4982000000000006,29.296,62.32295,44.765625,0.9741750000000002,5.700887499999999,2.13995,28.69075,-0.9594036461197276,-1.696663483030022
120.5,22.45,202.3235,SSP1-2.6,2041-2060,-9.2055,64.0681,63.02779999999984,1.2071000000000005,4.496399999999994,1.982099999999999,29.282,62.394200000000005,37.0321625,1.0038000000000005,6.0915125,2.0229875,28.43125,-0.9594036461197276,-1.6334677026602307
120.5,22.5,214.1717,SSP1-2.6,2041-2060,-8.79419999999999,62.49870000000001,63.68529999999987,1.1966,5.0,2.1875,28.022,61.91695,13.267812499999991,0.9496625000000001,6.002212499999999,2.3160749999999997,28.49825,-0.9594036461197276,-1.570271922290439
120.5,22.55,231.1404,SSP1-2.6,2041-2060,-20.721499999999992,61.9822,-17.43820000000005,0.5779999999999994,5.519600000000004,2.8785999999999987,29.273999999999997,60.2630875,-3.576549999999969,0.6888000000000001,4.384362499999999,2.5828124999999997,28.2295,-0.9594036461197276,-1.5070761419206478
120.5,22.6,229.9008,SSP1-2.6,2041-2060,-18.28909999999999,59.355500000000006,-47.88839999999982,0.06640000000000157,1.321399999999997,2.408899999999999,29.029999999999998,59.0574125,-39.499337500000024,0.34891249999999996,3.3287875000000016,3.1051374999999997,27.8415,-0.9594036461197276,-1.4438803615508562
120.5,22.65,250.338,SSP1-2.6,2041-2060,-19.108800000000002,57.86879999999999,-59.22990000000004,-0.3117999999999981,2.200000000000003,3.501800000000001,26.279999999999998,58.1323375,-47.24746250000004,0.19512499999999955,1.7665124999999984,3.329675,27.76925,-0.9594036461197276,-1.3806845811810693
120.5,22.7,257.1677,SSP1-2.6,2041-2060,-16.92130000000003,58.3386,-49.70880000000011,0.13919999999999888,-0.4446000000000083,3.9642999999999997,26.490000000000002,55.9382875,-64.06085000000004,0.19862499999999983,2.633037500000002,3.4468625000000004,25.91075,-0.9594036461197276,-1.317488800811278
120.5,22.75,253.0183,SSP1-2.6,2041-2060,-21.884600000000006,52.359500000000004,-90.20219999999995,0.1626000000000012,1.6518000000000086,3.1339000000000006,23.744,55.3205625,-53.05023750000004,0.4182874999999995,3.6948749999999997,3.5100375,25.712000000000003,-0.9594036461197276,-1.2542930204414864
120.5,22.8,254.5648,SSP1-2.6,2041-2060,-22.6139,54.0634,-75.83169999999996,0.29990000000000094,8.396400000000007,2.9304000000000006,25.386000000000003,53.625487500000006,-43.84943750000008,0.5827624999999999,3.6658750000000015,3.384575,24.887999999999998,-0.9594036461197276,-1.191097240071695
120.5,22.85,255.6571,SSP1-2.6,2041-2060,-22.867800000000017,54.49849999999999,-32.63610000000017,0.03810000000000002,3.9767999999999972,3.596399999999999,26.096,53.5612875,-23.257450000000063,0.8797250000000001,5.185725000000001,3.02655,25.034999999999997,-0.9594036461197276,-1.1279014597019037
120.5,22.9,262.6279,SSP1-2.6,2041-2060,-18.9923,53.6709,-9.715099999999893,1.0455000000000005,4.648200000000003,2.7482000000000006,24.621999999999996,53.428875,-24.17341250000004,0.7917124999999996,5.958049999999999,2.9267749999999992,24.43975,-0.9594036461197276,-1.0647056793321166
120.5,22.95,278.503,SSP1-2.6,2041-2060,-28.611799999999988,53.318000000000005,-37.867199999999684,0.7807999999999993,6.355399999999996,2.455399999999999,23.648000000000003,53.737562499999996,-23.16196249999996,0.8035375,7.510487500000001,2.8441875,23.671999999999997,-0.9594036461197276,-1.0015098989623252
120.5,23.0,297.2332,SSP1-2.6,2041-2060,-28.401800000000037,54.477500000000006,-21.38229999999976,0.33869999999999933,8.7821,2.9839,22.665999999999997,54.2842,-45.9327375,0.6810874999999998,7.800900000000001,2.7928625,23.85125,-0.9594036461197276,-0.9383141185925338
120.5,23.05,299.1761,SSP1-2.6,2041-2060,-25.239400000000046,55.30160000000001,-46.613000000000284,0.4862000000000002,6.762500000000003,3.017899999999999,24.11,54.931825,-54.47777499999995,0.5825874999999998,8.129462500000002,2.7285625,24.471,-0.9594036461197276,-0.8751183382227424
120.5,23.1,303.6556,SSP1-2.6,2041-2060,-21.065799999999967,55.659699999999994,-83.68059999999969,0.5533000000000001,9.735700000000001,2.773199999999999,25.086,55.1844375,-52.38618750000009,0.5555625000000002,6.963850000000002,2.79665,25.306,-0.9594036461197276,-0.811922557852951
120.5,23.15,302.0877,SSP1-2.6,2041-2060,-9.120000000000005,54.4377,-0.6430000000000291,0.5881000000000007,5.942900000000002,2.9589,24.868000000000002,55.165400000000005,-61.24706249999994,0.4977375000000004,6.525462500000001,2.7497625,25.612499999999997,-0.9594036461197276,-0.748726777483164
120.5,23.2,316.0196,SSP1-2.6,2041-2060,-19.64390000000003,54.71060000000001,-45.60159999999996,0.4737000000000009,4.042900000000003,2.294600000000001,25.406,54.198750000000004,-55.286500000000046,0.3323250000000004,5.21005,3.0466500000000005,25.56925,-0.9594036461197276,-0.6855309971133726
120.5,23.25,308.7537,SSP1-2.6,2041-2060,-10.226399999999956,51.3813,-83.28370000000041,-0.16169999999999973,3.9838999999999984,3.3767999999999994,25.128,53.484325000000005,-68.98235,0.3236500000000002,4.256712499999999,3.0651875000000004,25.70175,-0.9594036461197276,-0.6223352167435812
120.5,23.3,307.9355,SSP1-2.6,2041-2060,-7.353000000000009,50.5395,-102.37080000000014,0.2041000000000004,5.514299999999999,3.6053999999999995,24.450000000000003,52.8692,-75.58432500000006,0.22352499999999997,3.3863874999999988,3.3848374999999997,26.57375,-0.9594036461197276,-0.5591394363737897
120.5,23.35,284.4778,SSP1-2.6,2041-2060,-14.026099999999985,52.338699999999996,-114.51729999999998,-0.1667999999999985,4.0411,3.9357000000000006,27.368000000000002,53.2186125,-73.87797500000008,0.1760250000000001,2.340424999999999,3.2716624999999997,27.814,-0.9594036461197276,-0.4959436560039983
120.5,23.4,236.4689,SSP1-2.6,2041-2060,-13.873099999999994,55.23709999999999,-81.82300000000009,-0.5839999999999996,0.8286000000000016,3.4571000000000005,30.412,53.4934375,-60.522275000000036,0.2596875000000005,1.9759124999999997,3.0772250000000003,28.7665,-0.9594036461197276,-0.43274787563421135
120.5,23.45,227.6155,SSP1-2.6,2041-2060,-4.712400000000002,53.9797,-11.51929999999993,0.8215000000000003,1.9750000000000014,3.3446,28.898000000000003,53.6059875,-55.16653750000003,0.12501250000000041,1.4296999999999995,2.6732000000000005,29.105000000000004,-0.9594036461197276,-0.3695520952644199
120.5,23.5,227.3932,SSP1-2.6,2041-2060,-0.14820000000000277,53.107099999999996,-25.1884,0.5502000000000002,1.1749999999999972,2.3964,28.524,53.041425000000004,-29.700987499999968,0.41001250000000056,2.2817000000000007,2.7272250000000002,28.317500000000003,-0.9594036461197276,-0.3063563148946285
120.5,23.55,216.9757,SSP1-2.6,2041-2060,-0.8523999999999887,52.742399999999996,-26.001600000000053,0.39750000000000085,1.5179000000000045,2.3232,28.05,53.3344125,-13.26563749999994,0.4697750000000003,2.3928499999999984,2.6252125,27.90525,-0.9594036461197276,-0.24316053452483705
120.5,23.6,221.8191,SSP1-2.6,2041-2060,-9.673100000000005,54.8225,19.27740000000017,0.4663000000000004,2.207100000000004,2.794600000000001,28.648000000000003,53.5604625,0.33383750000001555,0.5701874999999998,2.801124999999999,2.3488875,27.429499999999997,-0.9594036461197276,-0.17996475415504562
120.5,23.65,203.9974,SSP1-2.6,2041-2060,-10.3356,54.546400000000006,-6.088799999999992,0.6027999999999984,2.582099999999997,2.2554,27.912,54.002775,11.88993750000003,0.5417374999999995,2.9781249999999986,2.0854749999999997,27.31775,-0.9594036461197276,-0.11676897378525869
120.5,23.7,192.0714,SSP1-2.6,2041-2060,-16.305000000000007,53.93079999999999,-11.71329999999989,0.31459999999999866,4.078600000000002,1.8195999999999994,27.535999999999998,53.829350000000005,21.273775,0.5669124999999995,3.23325,1.8374999999999997,26.96925,-0.9594036461197276,-0.053573193415467256
120.5,23.75,173.0611,SSP1-2.6,2041-2060,-4.531300000000016,54.122400000000006,26.936699999999973,0.476700000000001,4.841100000000004,1.4232000000000005,28.090000000000003,54.30525,26.206650000000025,0.4818874999999996,3.0551249999999994,1.7060124999999995,27.32,-0.9594036461197276,0.009622586954324176
120.5,23.8,165.0206,SSP1-2.6,2041-2060,0.8497999999999877,55.023300000000006,40.47689999999989,0.5152999999999999,4.1143,1.6786000000000003,28.737999999999996,54.720325,35.71077500000004,0.5158374999999995,3.1812500000000004,1.3446249999999997,27.737250000000003,-0.9594036461197276,0.0728183673241156
120.5,23.85,168.0732,SSP1-2.6,2041-2060,-3.4868000000000166,54.4105,33.57030000000009,0.44269999999999854,1.123199999999997,1.0000000000000009,28.950000000000003,54.4876875,39.82601250000002,0.6118499999999991,2.9033499999999988,1.2321374999999999,27.9595,-0.9594036461197276,0.13601414769390704
120.5,23.9,169.8942,SSP1-2.6,2041-2060,-0.9847000000000037,52.241299999999995,32.835000000000036,0.9124999999999979,3.2393,1.1554000000000002,27.996000000000002,53.422399999999996,41.1930375,0.7491499999999998,0.9919624999999979,0.8381625,27.793999999999997,-0.9594036461197276,0.19920992806369398
120.5,23.95,184.0378,SSP1-2.6,2041-2060,-5.982699999999994,49.5477,31.835199999999986,1.1941000000000024,-0.13750000000000284,0.6481999999999992,25.990000000000002,53.039087499999994,29.91345000000004,0.635162499999999,-0.011837500000001278,0.5794624999999998,28.1915,-0.9594036461197276,0.26240570843348543
120.5,24.0,179.1759,SSP1-2.6,2041-2060,-3.5386000000000024,51.44200000000001,1.2287000000001171,0.19499999999999673,-0.9928999999999917,0.07499999999999929,27.804000000000002,52.598425,21.113174999999984,0.6399125000000008,-1.202012500000003,0.35489999999999977,28.384499999999996,-0.9594036461197276,0.32560148880327683
120.5,24.05,168.6595,SSP1-2.6,2041-2060,0.5517999999999859,51.6902,12.72259999999983,0.31709999999999994,-1.667900000000003,0.42680000000000007,28.449999999999996,52.997600000000006,3.440012500000023,0.3689874999999998,-0.8102625000000021,0.24238749999999976,29.13875,-0.9594036461197276,0.3887972691730683
120.5,24.1,158.9785,SSP1-2.6,2041-2060,3.466200000000015,52.9883,7.8840000000000146,0.3824000000000005,-1.4196000000000026,0.38209999999999944,29.506,52.8394125,-3.2716625000000192,0.3304250000000004,-0.6767875000000014,0.39061250000000003,29.346,-0.9594036461197276,0.4519930495428597
120.5,24.15,158.5858,SSP1-2.6,2041-2060,1.2206999999999937,53.0584,-7.991899999999987,0.20310000000000272,-1.9213999999999913,0.375,29.093999999999998,53.1469125,-5.478862499999963,0.3923124999999996,-0.13481250000000156,0.247525,29.301500000000004,-0.9594036461197276,0.5151888299126467
120.5,24.2,160.4429,SSP1-2.6,2041-2060,1.9093000000000018,53.229699999999994,-5.289099999999962,0.44849999999999923,-1.444599999999994,-0.2536000000000005,29.048,53.54090000000001,0.3904750000000661,0.4656625000000001,-0.46718749999999964,0.3078000000000002,29.497,-0.9594036461197276,0.578384610282438
120.5,24.25,164.6783,SSP1-2.6,2041-2060,3.7165999999999997,52.31270000000001,6.898300000000063,0.5767999999999986,-0.5606999999999971,0.10709999999999997,28.432000000000002,53.484825,7.00701250000003,0.5031625000000006,-0.6743249999999987,0.07255000000000011,29.470749999999995,-0.9594036461197276,0.6415803906522295
120.5,24.3,159.7178,SSP1-2.6,2041-2060,4.530799999999999,52.389799999999994,16.702099999999973,0.6654000000000018,0.19460000000000122,-0.2107000000000001,28.616,53.0079125,25.995487500000024,0.6023750000000003,-0.2602624999999996,-0.02232500000000004,29.915999999999997,-0.9594036461197276,0.704776171022021
120.55,22.4,227.6629,SSP1-2.6,2041-2060,-17.445600000000013,63.5918,22.677700000000186,0.988900000000001,8.5625,1.7357000000000014,28.290000000000003,60.6665375,40.40536250000005,0.8311375000000005,5.029237500000001,2.2781124999999998,28.624,-0.8537098060385062,-1.696663483030022
120.55,22.45,239.3253,SSP1-2.6,2041-2060,-18.549599999999998,62.849999999999994,37.3608999999999,0.7021000000000015,5.764300000000006,2.3606999999999996,28.65,61.738525,45.62241249999997,0.8791375000000006,4.852675000000001,2.1544499999999998,28.521,-0.8537098060385062,-1.6334677026602307
120.55,22.5,259.2096,SSP1-2.6,2041-2060,-23.81510000000003,61.152499999999996,45.502500000000055,0.621100000000002,4.382099999999994,2.6624999999999996,28.666000000000004,60.66785,20.553899999999942,0.7708625000000002,4.3846000000000025,2.525224999999999,28.41425,-0.8537098060385062,-1.570271922290439
120.55,22.55,253.096,SSP1-2.6,2041-2060,-25.501000000000005,59.5795,-30.933799999999792,0.44209999999999994,3.251800000000003,3.080399999999999,28.290000000000003,58.966350000000006,2.017025000000018,0.5415625,2.822312499999999,2.8473249999999997,28.32775,-0.8537098060385062,-1.5070761419206478
120.55,22.6,244.0175,SSP1-2.6,2041-2060,-21.996800000000007,57.5878,17.721700000000055,-0.42600000000000193,-1.7964000000000055,3.9107000000000003,28.952,57.143875,-48.39224999999996,0.3852500000000001,3.0162875,3.1649624999999997,27.49275,-0.8537098060385062,-1.4438803615508562
120.55,22.65,251.6719,SSP1-2.6,2041-2060,-23.56049999999999,54.49470000000001,-80.92750000000024,0.2137000000000029,1.541099999999993,3.875,26.554000000000002,55.7843375,-43.671525,0.2150874999999992,1.547324999999998,3.3975375000000003,26.80325,-0.8537098060385062,-1.3806845811810693
120.55,22.7,265.5977,SSP1-2.6,2041-2060,-19.698699999999974,54.081900000000005,-35.41590000000019,0.5389999999999979,3.2089,3.7607,25.709999999999997,53.616887500000004,-55.235325000000074,0.2758625000000001,1.9408750000000001,3.6229875000000007,25.175250000000002,-0.8537098060385062,-1.317488800811278
120.55,22.75,253.8176,SSP1-2.6,2041-2060,-13.86930000000001,51.398900000000005,-0.8782000000001062,0.7012,2.0054000000000016,4.800000000000001,23.79,53.2976125,-54.546899999999994,0.4545374999999994,3.1712250000000006,3.4828125000000005,24.961,-0.8537098060385062,-1.2542930204414864
120.55,22.8,251.6414,SSP1-2.6,2041-2060,-19.497800000000012,53.029,-56.82020000000011,0.7302,5.403599999999997,3.9963999999999995,25.487999999999996,52.5402625,-47.559087499999976,0.5575625,4.442875000000002,3.5183,24.42125,-0.8537098060385062,-1.191097240071695
120.55,22.85,255.2334,SSP1-2.6,2041-2060,-19.70919999999998,52.8427,-55.36230000000023,0.7544000000000004,5.480400000000003,3.6821,24.694,53.2162625,-41.25694999999999,0.7264625000000002,6.216975000000001,3.3029,24.543499999999998,-0.8537098060385062,-1.1279014597019037
120.55,22.9,262.1451,SSP1-2.6,2041-2060,-15.082700000000017,52.3445,10.735099999999875,0.9602000000000004,7.953600000000002,3.2303999999999995,23.832,53.09943750000001,-45.05484999999999,0.8060375,6.970325,3.092175,23.8185,-0.8537098060385062,-1.0647056793321166
120.55,22.95,287.6154,SSP1-2.6,2041-2060,-22.63960000000003,52.2475,-33.61079999999993,1.0909999999999975,9.0304,2.7750000000000004,21.981999999999996,52.92863750000001,-33.23993749999994,0.7583500000000005,7.916737500000002,2.8654,23.03325,-0.8537098060385062,-1.0015098989623252
120.55,23.0,310.5027,SSP1-2.6,2041-2060,-23.897699999999986,52.227599999999995,16.5291000000002,1.0101000000000013,8.087500000000006,2.6143,21.967999999999996,53.263537500000005,-55.28729999999996,0.6227499999999999,8.618075000000001,2.7654125,23.031,-0.8537098060385062,-0.9383141185925338
120.55,23.05,330.9167,SSP1-2.6,2041-2060,-21.1884,52.493900000000004,-46.296400000000176,0.6913000000000018,8.321400000000004,2.716100000000001,23.304000000000002,53.855825,-55.39062499999994,0.4872000000000005,8.3104875,2.7071375,23.4255,-0.8537098060385062,-0.8751183382227424
120.55,23.1,343.1903,SSP1-2.6,2041-2060,-17.196199999999976,53.48230000000001,-58.61059999999998,0.5607000000000006,7.826799999999999,2.8195999999999994,23.669999999999998,54.2929625,-51.35176250000006,0.5034875000000003,7.479475000000002,2.8136125000000005,24.189,-0.8537098060385062,-0.811922557852951
120.55,23.15,328.4217,SSP1-2.6,2041-2060,-12.639599999999973,54.3726,-32.07450000000017,0.7013999999999996,7.325000000000003,3.1750000000000007,24.272000000000002,54.4308375,-53.61022499999996,0.4345125000000003,6.7279125,2.7970750000000004,24.667250000000003,-0.8537098060385062,-0.748726777483164
120.55,23.2,306.4682,SSP1-2.6,2041-2060,-16.360900000000015,53.833200000000005,-73.11649999999963,0.2926000000000002,6.5981999999999985,2.887500000000001,24.812000000000005,53.844975000000005,-62.29248750000005,0.34306250000000027,5.783487500000001,2.8430750000000002,24.91975,-0.8537098060385062,-0.6855309971133726
120.55,23.25,309.7694,SSP1-2.6,2041-2060,-12.947699999999998,51.485400000000006,-120.55249999999978,0.07460000000000022,5.399999999999999,2.6661,24.038,52.9656125,-92.00066249999998,0.2572125000000005,5.686837499999999,2.8910750000000003,25.13875,-0.8537098060385062,-0.6223352167435812
120.55,23.3,305.6043,SSP1-2.6,2041-2060,-16.311000000000035,51.2008,-146.71090000000004,-0.01529999999999987,5.917899999999996,2.9161,24.992000000000004,52.1163,-102.89747499999999,0.27707500000000085,4.979024999999998,2.8386125,25.682000000000002,-0.8537098060385062,-0.5591394363737897
120.55,23.35,287.5638,SSP1-2.6,2041-2060,-13.012300000000039,50.480700000000006,-141.47119999999995,0.2789999999999999,5.882099999999994,2.460699999999999,25.796,52.4595625,-114.86518750000002,0.20396250000000027,3.8212374999999987,2.8450750000000005,27.22925,-0.8537098060385062,-0.4959436560039983
120.55,23.4,269.8697,SSP1-2.6,2041-2060,-13.376500000000021,51.2367,-166.52980000000025,-0.06259999999999977,2.867899999999999,2.3446,28.546000000000003,52.724875,-100.26133750000002,0.2766625000000005,2.662962499999999,2.80445,28.34025,-0.8537098060385062,-0.43274787563421135
120.55,23.45,262.998,SSP1-2.6,2041-2060,-11.087999999999994,52.3772,-112.47160000000008,0.07860000000000156,1.7804000000000002,2.1286000000000005,28.656,52.579750000000004,-100.73431250000002,0.18276250000000038,1.7165249999999999,2.8986375000000004,28.829750000000004,-0.8537098060385062,-0.3695520952644199
120.55,23.5,257.6796,SSP1-2.6,2041-2060,-7.453800000000001,51.9072,-90.5351999999998,0.2477000000000018,2.071399999999997,2.8606999999999996,27.896,52.546850000000006,-78.12332500000002,0.25925000000000065,1.0810375000000016,3.046425,28.268250000000002,-0.8537098060385062,-0.3063563148946285
120.55,23.55,237.0578,SSP1-2.6,2041-2060,-5.389899999999983,51.846000000000004,-48.23009999999999,0.3400999999999996,0.8732000000000042,3.4536,26.673999999999996,53.00393749999999,-64.59822499999993,0.26762500000000067,1.2752249999999998,3.050425,28.0095,-0.8537098060385062,-0.24316053452483705
120.55,23.6,218.2215,SSP1-2.6,2041-2060,-5.392399999999981,54.87519999999999,-19.586299999999937,0.34380000000000166,1.3910999999999945,2.5588999999999995,27.979999999999997,53.236900000000006,-37.105887499999966,0.44628749999999995,1.81785,3.1692,27.08625,-0.8537098060385062,-0.17996475415504562
120.55,23.65,208.916,SSP1-2.6,2041-2060,-11.811299999999989,53.2012,34.69830000000002,0.7834000000000003,4.233899999999998,2.7517999999999994,24.72,53.5668,-9.043599999999941,0.5574624999999997,2.4821374999999986,2.9066875,26.81825,-0.8537098060385062,-0.11676897378525869
120.55,23.7,192.3829,SSP1-2.6,2041-2060,-8.478000000000009,53.050000000000004,38.252899999999954,0.7439,2.8588999999999984,2.2142999999999997,24.736,53.7430375,19.37715000000003,0.6779625,3.45915,2.5879499999999998,26.289500000000004,-0.8537098060385062,-0.053573193415467256
120.55,23.75,181.1643,SSP1-2.6,2041-2060,-7.4284000000000106,53.532500000000006,30.113200000000006,0.643699999999999,4.442900000000002,2.123199999999999,25.234,54.239149999999995,34.91795000000002,0.625975,3.566062500000001,2.128125,26.383000000000003,-0.8537098060385062,0.009622586954324176
120.55,23.8,162.2805,SSP1-2.6,2041-2060,3.0345000000000084,56.1605,41.046600000000126,0.5667000000000009,5.496400000000001,1.5713999999999988,26.081999999999997,54.263225000000006,35.96858750000001,0.5654999999999997,3.7111625000000004,1.6957624999999998,26.773,-0.8537098060385062,0.0728183673241156
120.55,23.85,169.5102,SSP1-2.6,2041-2060,-4.472499999999997,54.2876,39.17859999999996,0.5869999999999997,6.8125,1.0446,26.363999999999997,54.2757125,35.547562500000055,0.5973374999999992,3.1526749999999995,1.4723249999999997,27.1115,-0.8537098060385062,0.13601414769390704
120.55,23.9,177.276,SSP1-2.6,2041-2060,-0.3453000000000088,53.706399999999995,42.93450000000007,0.6534999999999975,3.3410999999999973,1.2839,27.866,53.45515,36.41171250000005,0.8000374999999997,2.568299999999999,1.1075875,27.41275,-0.8537098060385062,0.19920992806369398
120.55,23.95,179.6715,SSP1-2.6,2041-2060,-3.189900000000023,54.306599999999996,61.02719999999999,1.1219999999999999,-0.6661000000000001,0.7142999999999997,29.996,53.268187499999996,25.337725000000063,0.6807124999999994,1.2859375000000002,0.8573624999999998,27.70225,-0.8537098060385062,0.26240570843348543
120.55,24.0,185.4935,SSP1-2.6,2041-2060,-8.712400000000002,54.8656,14.906200000000126,0.5390999999999977,0.42320000000000135,0.5338999999999992,29.837999999999997,53.5055125,19.4273125,0.6076000000000006,0.11249999999999982,0.5475499999999999,28.69825,-0.8537098060385062,0.32560148880327683
120.55,24.05,167.6183,SSP1-2.6,2041-2060,-2.1843000000000075,54.192400000000006,-3.025100000000066,0.5004000000000026,-0.4695999999999998,0.3446000000000007,30.483999999999998,54.0969125,8.07831250000001,0.3388749999999998,0.041525000000000034,0.4468749999999997,29.502000000000002,-0.8537098060385062,0.3887972691730683
120.55,24.1,160.576,SSP1-2.6,2041-2060,1.4221000000000004,53.200900000000004,3.8396000000000186,0.3078000000000003,0.6143000000000001,0.37319999999999975,29.742,54.2451875,5.36798749999997,0.3502875000000003,0.33305000000000007,0.554675,30.33125,-0.8537098060385062,0.4519930495428597
120.55,24.15,170.3301,SSP1-2.6,2041-2060,5.8563000000000045,52.880100000000006,-2.3525999999999385,0.28289999999999793,0.4446000000000012,0.7571000000000003,30.230000000000004,54.373875,5.437700000000007,0.4549000000000003,0.18038750000000103,0.4053375,30.35075,-0.8537098060385062,0.5151888299126467
120.55,24.2,170.34,SSP1-2.6,2041-2060,6.825500000000005,53.86950000000001,-5.450599999999895,0.7580000000000027,0.9054000000000002,0.31070000000000064,28.676000000000002,54.0938875,7.7786375000000305,0.4376374999999997,-0.4870499999999982,0.36226250000000004,30.397750000000002,-0.8537098060385062,0.578384610282438
120.55,24.25,176.9566,SSP1-2.6,2041-2060,9.022999999999996,54.0252,15.568100000000186,0.5046999999999997,-2.0054000000000016,0.41249999999999964,29.4,53.74165,18.134950000000003,0.6073625000000007,-0.24172499999999886,0.03660000000000008,30.116750000000003,-0.8537098060385062,0.6415803906522295
120.55,24.3,164.6762,SSP1-2.6,2041-2060,10.5445,53.14430000000001,34.460599999999886,0.6707999999999998,-0.519599999999997,0.014300000000000423,30.131999999999998,52.484399999999994,27.51931250000004,0.6141375000000009,0.31472500000000014,-0.04107499999999997,29.74125,-0.8537098060385062,0.704776171022021
120.55,24.35,156.3234,SSP1-2.6,2041-2060,7.321600000000018,51.65540000000001,22.17560000000003,0.6101000000000028,1.4482,-0.08389999999999986,29.272000000000002,51.83347499999999,39.57581250000004,0.7004250000000005,0.3308,-0.08549999999999991,29.520249999999997,-0.8537098060385062,0.7679719513918124
120.55,24.4,152.6448,SSP1-2.6,2041-2060,6.4421999999999855,49.7961,24.660000000000082,0.5480000000000018,2.441100000000006,-0.17859999999999943,29.165999999999997,51.617475,43.50606250000001,0.7842125000000006,0.2160624999999996,-0.12388749999999993,29.478499999999997,-0.8537098060385062,0.8311677317615993
120.6,22.35,235.3471,SSP1-2.6,2041-2060,-19.60250000000002,60.3364,31.18690000000015,1.1128,6.566099999999992,2.1036,28.72,57.0484125,21.064500000000038,0.6367625000000006,7.5421875000000025,2.2964125,26.701999999999998,-0.7480159659572849,-1.759859263399809
120.6,22.4,257.9927,SSP1-2.6,2041-2060,-19.732800000000026,61.270799999999994,55.38810000000012,0.6406999999999989,3.758900000000004,2.4732000000000003,28.862000000000002,58.558862500000004,25.44995000000003,0.7223750000000004,6.218762500000001,2.2868250000000003,27.76075,-0.7480159659572849,-1.696663483030022
120.6,22.45,287.9199,SSP1-2.6,2041-2060,-25.537699999999973,59.656800000000004,56.1893,0.7195999999999998,4.214300000000009,2.2338999999999984,28.131999999999998,57.14855,29.435925000000026,0.6331625000000014,5.3446500000000015,2.54375,27.0455,-0.7480159659572849,-1.6334677026602307
120.6,22.5,316.9811,SSP1-2.6,2041-2060,-34.45150000000001,57.5555,24.50789999999961,0.6607000000000021,3.6429000000000045,2.4624999999999986,27.618000000000002,56.410512499999996,15.01962499999999,0.5794125000000001,4.333262500000001,2.7529125,26.724249999999998,-0.7480159659572849,-1.570271922290439
120.6,22.55,316.2605,SSP1-2.6,2041-2060,-34.13059999999996,57.152,-31.967999999999847,0.6606999999999985,3.1875,3.0161,28.046,55.19685,-6.114787500000034,0.5129000000000001,3.127674999999998,3.1258999999999997,26.584000000000003,-0.7480159659572849,-1.5070761419206478
120.6,22.6,287.5262,SSP1-2.6,2041-2060,-27.08420000000001,54.446600000000004,-37.986599999999726,0.9749999999999979,1.321399999999997,3.2517999999999994,27.013999999999996,54.480562500000005,-49.78035000000011,0.3730374999999997,3.109149999999998,3.3388375000000003,26.52375,-0.7480159659572849,-1.4438803615508562
120.6,22.65,297.1287,SSP1-2.6,2041-2060,-30.410799999999995,52.271699999999996,-80.76560000000018,0.45789999999999864,5.787500000000001,3.3071,25.453999999999997,53.753075,-56.99712500000007,0.36953749999999985,2.681024999999998,3.4808000000000003,26.21725,-0.7480159659572849,-1.3806845811810693
120.6,22.7,285.9173,SSP1-2.6,2041-2060,-14.198599999999999,52.3238,-56.09870000000001,0.2809999999999988,0.7804000000000002,3.075000000000001,25.496,52.9449125,-59.726475000000136,0.46323749999999997,4.21295,3.6399500000000007,25.36125,-0.7480159659572849,-1.317488800811278
120.6,22.75,274.4394,SSP1-2.6,2041-2060,-12.586299999999994,49.8791,-24.071699999999964,0.5630999999999986,2.0054000000000016,3.3268000000000004,23.594,53.3342875,-60.413575000000066,0.6163749999999992,4.584825,3.7647250000000003,25.192499999999995,-0.7480159659572849,-1.2542930204414864
120.6,22.8,270.2769,SSP1-2.6,2041-2060,-17.632600000000025,52.3056,-48.22599999999966,0.9212999999999987,4.367899999999999,3.6750000000000007,23.779999999999998,53.0964875,-64.82667500000008,0.7537624999999997,5.3587125,3.6446375,24.978749999999998,-0.7480159659572849,-1.191097240071695
120.6,22.85,272.7929,SSP1-2.6,2041-2060,-11.604899999999986,52.9744,-53.26449999999977,1.0198999999999998,7.658899999999996,3.0017999999999994,24.286,53.648399999999995,-74.4110750000001,0.82585,6.328362500000001,3.4814625,24.83525,-0.7480159659572849,-1.1279014597019037
120.6,22.9,290.1625,SSP1-2.6,2041-2060,-17.189999999999998,52.843799999999995,-64.29710000000023,0.7966000000000015,7.3304000000000045,3.2446,22.858,53.610487500000005,-77.37740000000002,0.7617124999999998,8.1299125,3.134375,24.63875,-0.7480159659572849,-1.0647056793321166
120.6,22.95,313.2142,SSP1-2.6,2041-2060,-17.094400000000007,52.399699999999996,-73.6857,0.9220000000000006,11.2821,3.2339,22.362000000000002,53.2358,-64.83497500000004,0.5761375000000002,7.713837500000001,2.950225,23.8215,-0.7480159659572849,-1.0015098989623252
120.6,23.0,334.2407,SSP1-2.6,2041-2060,-13.494000000000028,52.1471,-86.23630000000003,0.2129000000000012,8.894600000000004,2.4124999999999996,22.310000000000002,53.035687499999995,-79.87493749999999,0.4482624999999998,8.486375,2.7620625000000003,23.60175,-0.7480159659572849,-0.9383141185925338
120.6,23.05,362.2545,SSP1-2.6,2041-2060,-11.611199999999997,53.723000000000006,-96.60669999999982,0.4590999999999994,9.516100000000002,2.528600000000001,23.865999999999996,53.0118625,-78.63303750000006,0.2755875000000003,7.597312500000001,2.6488875,23.579250000000002,-0.7480159659572849,-0.8751183382227424
120.6,23.1,383.8683,SSP1-2.6,2041-2060,-11.587499999999977,53.827799999999996,-66.52460000000019,0.27660000000000196,6.878599999999999,2.507100000000001,23.728,53.861000000000004,-78.17643750000002,0.3028499999999994,7.659600000000001,2.7924125,24.49975,-0.7480159659572849,-0.811922557852951
120.6,23.15,369.5087,SSP1-2.6,2041-2060,-0.49569999999999936,54.5274,-38.37530000000015,0.2718999999999987,5.3536,2.8321000000000005,24.278,54.515975000000005,-61.71601249999998,0.39658749999999987,6.8317000000000005,2.89375,25.2085,-0.7480159659572849,-0.748726777483164
120.6,23.2,315.9903,SSP1-2.6,2041-2060,-7.70150000000001,54.968,-62.32960000000003,0.45919999999999916,7.444600000000001,3.3035999999999994,25.49,54.5422375,-68.2132749999999,0.4244250000000003,5.982375,2.7165125000000003,25.459000000000003,-0.7480159659572849,-0.6855309971133726
120.6,23.25,305.9738,SSP1-2.6,2041-2060,-11.517200000000003,54.8768,-115.47969999999987,0.3373000000000026,6.774999999999999,2.137500000000001,25.878,53.298975,-88.25806249999988,0.4471250000000002,5.844662499999999,2.6600500000000005,25.34425,-0.7480159659572849,-0.6223352167435812
120.6,23.3,334.1415,SSP1-2.6,2041-2060,-12.566900000000032,52.21469999999999,-107.11249999999973,0.46780000000000044,5.2179,2.607100000000001,24.954000000000004,52.714325,-96.37844999999993,0.5542875000000005,5.341537499999998,2.2620500000000003,26.042749999999998,-0.7480159659572849,-0.5591394363737897
120.6,23.35,322.9772,SSP1-2.6,2041-2060,-0.9461999999999762,53.61330000000001,-38.39210000000003,1.1823000000000015,3.0178999999999974,1.9196000000000009,27.844,52.151512499999995,-121.97799999999995,0.4488749999999997,4.500687499999998,2.2321375000000003,26.725750000000005,-0.7480159659572849,-0.4959436560039983
120.6,23.4,338.4893,SSP1-2.6,2041-2060,-5.237599999999986,53.295700000000004,-161.4650999999999,0.6061999999999976,3.1642999999999972,1.9750000000000014,29.268,52.4663375,-119.14802500000005,0.38872500000000043,3.1801499999999985,2.2015624999999996,27.73475,-0.7480159659572849,-0.43274787563421135
120.6,23.45,332.1796,SSP1-2.6,2041-2060,-5.775100000000009,50.476600000000005,-140.43110000000024,-0.0034999999999989484,0.6143000000000001,3.2142999999999997,28.48,52.3603875,-148.27893749999996,0.19472500000000004,2.462512499999999,2.3361625000000004,27.796,-0.7480159659572849,-0.3695520952644199
120.6,23.5,343.8021,SSP1-2.6,2041-2060,-9.075400000000002,51.39789999999999,-128.3825999999999,-0.11339999999999861,1.0357000000000056,3.596400000000001,28.614000000000004,52.597775,-129.5000875,0.1867000000000001,1.3328249999999988,2.7538125,27.6685,-0.7480159659572849,-0.3063563148946285
120.6,23.55,327.9692,SSP1-2.6,2041-2060,-11.875,54.447900000000004,-132.76189999999997,0.0030000000000001137,-0.32319999999999993,3.914300000000001,28.25,52.6064875,-109.76419999999993,0.22795000000000032,1.0683124999999984,3.005575,27.339249999999996,-0.7480159659572849,-0.24316053452483705
120.6,23.6,256.096,SSP1-2.6,2041-2060,1.5919000000000096,50.7313,-113.60719999999992,0.2458999999999989,1.1267999999999958,3.9589,26.113999999999997,53.5768625,-64.80916249999996,0.4181875000000006,1.1160749999999986,3.3634,27.085499999999996,-0.7480159659572849,-0.17996475415504562
120.6,23.65,200.8481,SSP1-2.6,2041-2060,2.844600000000014,53.5575,-24.133199999999988,0.731300000000001,2.3249999999999957,3.9017999999999997,26.322,53.0711625,-26.602049999999934,0.6100625000000002,1.5895124999999988,3.36875,26.13975,-0.7480159659572849,-0.11676897378525869
120.6,23.7,198.1259,SSP1-2.6,2041-2060,-4.30510000000001,53.0207,45.249700000000075,1.011099999999999,3.2875000000000014,3.75,25.298000000000002,53.3835,15.31566250000003,0.7840000000000003,2.2120499999999996,3.1826,25.57275,-0.7480159659572849,-0.053573193415467256
120.6,23.75,189.4702,SSP1-2.6,2041-2060,-8.612400000000008,54.03280000000001,59.95460000000003,0.8601000000000028,1.8821000000000012,2.6785999999999994,25.204000000000004,54.187862499999994,35.173212500000005,0.7590124999999994,2.640175000000001,2.6640625,25.631999999999998,-0.7480159659572849,0.009622586954324176
120.6,23.8,177.3559,SSP1-2.6,2041-2060,-5.372199999999992,54.5727,39.1395,0.5193999999999974,1.9695999999999998,1.8892999999999986,25.379999999999995,54.483712499999996,34.02595000000002,0.6662000000000003,3.7430875000000006,2.15625,25.8785,-0.7480159659572849,0.0728183673241156
120.6,23.85,177.3776,SSP1-2.6,2041-2060,-5.606799999999993,54.124,18.378900000000158,0.47909999999999897,4.503599999999999,1.7285999999999992,26.223999999999997,54.6779375,29.887462500000026,0.5928749999999998,3.2250000000000005,1.7022249999999999,26.147499999999997,-0.7480159659572849,0.13601414769390704
120.6,23.9,169.1613,SSP1-2.6,2041-2060,1.455299999999994,53.967,35.998800000000074,0.6895000000000024,1.4339000000000013,1.4714,25.656000000000002,54.74785,26.334925000000055,0.6765999999999992,3.1430999999999987,1.365625,27.301249999999996,-0.7480159659572849,0.19920992806369398
120.6,23.95,169.1359,SSP1-2.6,2041-2060,2.505200000000002,54.75650000000001,38.4697000000001,0.973399999999998,4.237499999999997,1.0982000000000003,28.126,55.026425,22.68021250000004,0.6101249999999996,0.9162999999999997,1.1069125,27.95425,-0.7480159659572849,0.26240570843348543
120.6,24.0,185.8405,SSP1-2.6,2041-2060,-7.389099999999985,55.619,4.49369999999999,0.2886000000000024,-1.2571000000000012,0.5929000000000002,28.342,55.4967625,18.06661250000002,0.5902875000000001,1.0531249999999996,0.8676249999999999,29.232999999999997,-0.7480159659572849,0.32560148880327683
120.6,24.05,185.0339,SSP1-2.6,2041-2060,-8.52879999999999,56.4897,8.666500000000042,0.27020000000000266,1.8536000000000001,0.4803999999999995,30.394,55.508725000000005,5.572062499999987,0.4095625000000003,1.0100500000000006,0.6734249999999999,29.75625,-0.7480159659572849,0.3887972691730683
120.6,24.1,179.1346,SSP1-2.6,2041-2060,-6.730000000000018,56.479600000000005,10.88519999999994,0.4107999999999983,2.7785999999999973,0.7107000000000001,31.940000000000005,55.638875000000006,2.1961749999999824,0.3295750000000002,1.537062500000001,0.6296750000000002,30.631749999999997,-0.7480159659572849,0.4519930495428597
120.6,24.15,188.8,SSP1-2.6,2041-2060,-0.21290000000001896,56.1828,16.155199999999923,0.4353999999999978,3.0660999999999987,0.9607000000000001,32.552,55.6346,0.6124125000000333,0.40932499999999994,0.8971125000000004,0.5037750000000003,30.995500000000003,-0.7480159659572849,0.5151888299126467
120.6,24.2,189.5597,SSP1-2.6,2041-2060,7.3566000000000145,55.9818,23.4692,0.6932000000000009,-1.1357,0.3839000000000006,32.248000000000005,55.385787500000006,3.3477500000000475,0.3663999999999996,-0.21003750000000032,0.4883875000000001,31.170500000000004,-0.7480159659572849,0.578384610282438
120.6,24.25,180.3961,SSP1-2.6,2041-2060,10.484800000000007,55.080400000000004,15.77189999999996,0.3565000000000005,-0.3393000000000015,0.1554000000000002,32.178,54.80005,25.89670000000004,0.5243250000000006,-1.2459625,0.19843749999999993,31.1265,-0.7480159659572849,0.6415803906522295
120.6,24.3,169.6259,SSP1-2.6,2041-2060,13.510099999999994,53.925,58.5172,0.689700000000002,0.9660999999999973,-0.2143000000000006,31.604,53.206825,39.48443750000001,0.6058625000000002,-1.0328125000000004,0.025237500000000024,30.44025,-0.7480159659572849,0.704776171022021
120.6,24.35,166.0059,SSP1-2.6,2041-2060,19.620499999999993,50.690599999999996,59.86130000000003,0.9619,0.3731999999999971,-0.3160999999999996,29.262000000000004,51.7595375,47.27200000000002,0.7028375000000007,0.07076250000000073,-0.08124999999999993,29.93075,-0.7480159659572849,0.7679719513918124
120.6,24.4,157.7691,SSP1-2.6,2041-2060,9.160499999999985,49.5731,28.935400000000072,0.4604999999999997,2.5463999999999984,0.007100000000000328,29.099999999999998,51.10365,49.908187500000025,0.921850000000001,0.5488875000000002,-0.09308749999999988,29.3585,-0.7480159659572849,0.8311677317615993
120.65,22.25,217.9816,SSP1-2.6,2041-2060,-22.837699999999984,59.8116,-24.157699999999977,0.7076999999999991,12.560700000000004,1.8429000000000002,28.112,52.619225,-2.3186625000000163,0.617575,12.212737500000001,2.3799124999999997,25.1065,-0.6423221258760335,-1.8862508241393918
120.65,22.3,240.0325,SSP1-2.6,2041-2060,-24.616199999999992,58.3431,12.007499999999936,0.5937000000000019,13.326800000000006,2.1339000000000006,27.108,52.418675,-3.155899999999974,0.6017625000000004,10.3437625,2.3962125,24.9095,-0.6423221258760335,-1.8230550437696005
120.65,22.35,297.1076,SSP1-2.6,2041-2060,-28.408199999999965,56.2338,4.595699999999852,0.25760000000000005,8.549999999999997,2.6357,27.595999999999997,50.267075,8.226237500000053,0.49796250000000075,9.1145125,2.6656250000000004,22.94175,-0.6423221258760335,-1.759859263399809
120.65,22.4,339.4786,SSP1-2.6,2041-2060,-34.54559999999998,51.883700000000005,0.5867000000002918,0.6473000000000013,6.287500000000001,2.9107000000000003,27.384,51.9095375,21.690675,0.4602000000000004,6.5821375,2.7596,23.95775,-0.6423221258760335,-1.696663483030022
120.65,22.45,364.378,SSP1-2.6,2041-2060,-35.18039999999996,49.804399999999994,17.0016999999998,0.3522999999999996,5.0411,2.8161000000000005,24.018,50.5692625,31.620150000000024,0.5060375000000015,5.368075000000003,3.0549124999999995,23.311500000000002,-0.6423221258760335,-1.6334677026602307
120.65,22.5,376.5089,SSP1-2.6,2041-2060,-36.488099999999974,49.0797,32.46190000000024,0.4522000000000048,5.317900000000002,2.9285999999999994,22.875999999999998,50.5022125,25.52663749999988,0.6006749999999994,4.3200875000000005,3.2185374999999996,23.277,-0.6423221258760335,-1.570271922290439
120.65,22.55,414.5796,SSP1-2.6,2041-2060,-33.50880000000001,52.0092,-5.457500000000437,0.6851999999999947,3.507099999999994,2.9250000000000007,25.116,49.4470375,-0.8284250000000384,0.6925750000000006,4.0341499999999995,3.4767999999999994,22.7125,-0.6423221258760335,-1.5070761419206478
120.65,22.6,455.9923,SSP1-2.6,2041-2060,-36.51920000000001,50.164,-94.73440000000028,0.6929000000000016,5.394599999999997,3.7857000000000003,24.14,49.633425,-30.061525000000074,0.6678999999999986,3.429899999999998,3.2142875,23.18275,-0.6423221258760335,-1.4438803615508562
120.65,22.65,403.1326,SSP1-2.6,2041-2060,-28.668200000000013,52.5856,-91.17770000000019,0.25780000000000314,4.0,2.8107000000000006,25.638,49.6819625,-50.91811250000006,0.6980749999999984,3.7196375,3.168975,23.129749999999998,-0.6423221258760335,-1.3806845811810693
120.65,22.7,389.3107,SSP1-2.6,2041-2060,-29.959699999999998,54.340199999999996,-77.35789999999997,0.4228999999999985,6.998200000000004,3.376800000000001,26.234,50.429475000000004,-56.16186250000004,0.6313374999999986,3.933037500000001,3.0359375,23.38975,-0.6423221258760335,-1.317488800811278
120.65,22.75,360.4782,SSP1-2.6,2041-2060,-30.729900000000043,54.507200000000005,-87.21730000000025,0.5503,8.1571,3.8625000000000007,25.915999999999997,51.7523875,-64.8509249999999,0.7022249999999981,4.236175000000001,3.2125000000000004,23.604,-0.6423221258760335,-1.2542930204414864
120.65,22.8,369.6386,SSP1-2.6,2041-2060,-24.259799999999984,54.6877,-121.29440000000022,0.7850999999999999,5.757100000000001,3.5714000000000006,25.125999999999998,50.920137499999996,-90.8159624999999,0.6845874999999988,5.982374999999999,3.2192000000000003,22.93875,-0.6423221258760335,-1.191097240071695
120.65,22.85,361.9481,SSP1-2.6,2041-2060,-7.9658000000000015,55.45290000000001,-119.70479999999998,0.9258999999999986,6.4018000000000015,2.9161,26.936,51.5942375,-112.24352499999998,0.5711499999999998,6.748449999999999,3.2841375000000004,23.19175,-0.6423221258760335,-1.1279014597019037
120.65,22.9,342.0699,SSP1-2.6,2041-2060,-15.689200000000028,55.681,-140.3189000000002,0.7331000000000003,7.932099999999998,3.5357000000000003,25.968000000000004,52.008300000000006,-128.75577499999997,0.24077500000000018,8.0962125,3.21875,23.9005,-0.6423221258760335,-1.0647056793321166
120.65,22.95,353.0599,SSP1-2.6,2041-2060,-16.979900000000043,54.941199999999995,-153.80729999999994,-0.3127999999999993,9.299999999999997,2.6999999999999993,27.05,52.415675,-132.38130000000007,0.04731250000000031,7.686375,3.1404000000000005,23.78725,-0.6423221258760335,-1.0015098989623252
120.65,23.0,336.8459,SSP1-2.6,2041-2060,-8.07239999999996,53.453700000000005,-67.67360000000008,0.11799999999999855,3.1820999999999984,3.0893000000000015,24.604000000000003,51.9204375,-169.39041250000002,-0.2573875000000001,8.9979875,2.7582625,23.60025,-0.6423221258760335,-0.9383141185925338
120.65,23.05,374.8571,SSP1-2.6,2041-2060,-6.742399999999975,52.798899999999996,-183.84810000000016,-0.3926000000000016,9.171399999999998,2.4392999999999994,23.677999999999997,52.4522625,-143.67135000000002,-0.13165000000000004,7.714075000000001,2.4613875000000007,23.88925,-0.6423221258760335,-0.8751183382227424
120.65,23.1,387.8653,SSP1-2.6,2041-2060,-8.476600000000019,53.663599999999995,-136.40380000000005,-0.2723000000000013,8.4161,2.5928999999999984,25.372,53.0117375,-110.70575000000002,0.1072624999999996,7.388187500000001,2.6354750000000005,24.55175,-0.6423221258760335,-0.811922557852951
120.65,23.15,368.115,SSP1-2.6,2041-2060,8.283000000000015,55.8263,-33.19609999999966,0.403299999999998,5.346400000000003,3.2356999999999996,27.558,53.492625000000004,-65.90831250000008,0.38370000000000015,6.748900000000001,2.730575,24.92325,-0.6423221258760335,-0.748726777483164
120.65,23.2,339.2139,SSP1-2.6,2041-2060,7.6334999999999695,56.154,-31.472400000000107,0.7512000000000008,4.817900000000002,2.6286000000000005,26.766,53.646425,-57.668037500000025,0.6042375000000004,6.154025000000001,2.7223,25.448249999999998,-0.6423221258760335,-0.6855309971133726
120.65,23.25,301.5406,SSP1-2.6,2041-2060,0.3813000000000102,55.2622,-101.4391999999998,0.5631000000000022,6.242899999999999,2.169600000000001,26.069999999999997,53.84175,-71.16179999999997,0.7148125000000007,5.896000000000001,2.6303500000000004,25.880499999999998,-0.6423221258760335,-0.6223352167435812
120.65,23.3,315.2784,SSP1-2.6,2041-2060,6.785200000000032,51.2735,-63.33089999999993,0.9837999999999987,5.117899999999999,2.101800000000001,25.631999999999998,54.495000000000005,-83.07544999999993,0.7639875000000012,5.278824999999999,2.2071250000000004,26.63325,-0.6423221258760335,-0.5591394363737897
120.65,23.35,338.7004,SSP1-2.6,2041-2060,4.99169999999998,53.521899999999995,-43.65110000000004,1.0294999999999987,4.378599999999999,1.7249999999999996,28.092,53.77185,-104.24929999999989,0.6705750000000004,4.542212499999999,2.143075,26.8305,-0.6423221258760335,-0.4959436560039983
120.65,23.4,378.3673,SSP1-2.6,2041-2060,-8.067499999999995,53.98810000000001,-145.55249999999978,0.30260000000000176,3.4589,1.726799999999999,26.526000000000003,53.17563750000001,-111.24666250000001,0.5768374999999999,3.7138624999999994,2.0991125,27.6215,-0.6423221258760335,-0.43274787563421135
120.65,23.45,414.5657,SSP1-2.6,2041-2060,-11.458399999999983,54.036199999999994,-164.6848,0.3038999999999987,3.4410999999999987,2.0929,27.937999999999995,51.57837500000001,-159.62448749999993,0.23121249999999982,2.782825,2.2727625,26.9295,-0.6423221258760335,-0.3695520952644199
120.65,23.5,438.6241,SSP1-2.6,2041-2060,-20.22980000000001,50.6441,-216.60989999999993,0.1947999999999972,1.8803999999999945,1.9642999999999997,24.923999999999996,52.4299375,-144.99683749999997,0.1692750000000003,1.4183124999999999,2.6868375,27.4555,-0.6423221258760335,-0.3063563148946285
120.65,23.55,361.7503,SSP1-2.6,2041-2060,-9.567000000000007,55.047,-130.27610000000004,0.3290000000000006,0.32499999999999574,2.4017999999999997,28.53,52.425174999999996,-141.4617624999999,0.1454749999999998,0.652687499999999,3.0205375,26.771,-0.6423221258760335,-0.24316053452483705
120.65,23.6,293.7536,SSP1-2.6,2041-2060,5.5634000000000015,54.4032,-130.88619999999992,0.23570000000000135,-0.1570999999999998,3.25,27.982,53.8475,-85.41916249999994,0.3951125000000002,0.4890624999999984,3.5799250000000002,27.261499999999998,-0.6423221258760335,-0.17996475415504562
120.65,23.65,246.2337,SSP1-2.6,2041-2060,9.708400000000012,51.2369,-67.29779999999982,0.5792000000000002,0.26069999999999993,4.675000000000001,26.226,54.304925,-44.57367499999992,0.6181874999999999,0.89175,3.632825,27.094250000000002,-0.6423221258760335,-0.11676897378525869
120.65,23.7,209.2149,SSP1-2.6,2041-2060,1.8584999999999923,54.050799999999995,0.3602000000000771,0.9375,-0.2856999999999985,3.7911,26.062,54.475775,0.6563875000000792,0.8235000000000001,1.684825,3.6060375000000002,26.81375,-0.6423221258760335,-0.053573193415467256
120.65,23.75,199.5551,SSP1-2.6,2041-2060,-9.141700000000014,54.4063,50.57709999999997,0.9928999999999988,1.9786000000000001,3.325000000000001,26.077999999999996,54.6107625,21.514137500000032,0.8108624999999998,1.6203000000000003,3.007825,26.28125,-0.6423221258760335,0.009622586954324176
120.65,23.8,200.0373,SSP1-2.6,2041-2060,-10.583999999999975,54.70940000000001,36.64649999999983,0.6569000000000003,1.3732000000000042,2.648200000000001,26.185999999999996,54.4467,23.88597500000003,0.7152625000000001,2.7142874999999993,2.5187624999999993,25.9425,-0.6423221258760335,0.0728183673241156
120.65,23.85,194.0294,SSP1-2.6,2041-2060,-6.3399,54.6166,-3.6878999999998996,0.5432000000000023,3.4553999999999974,2.1304,25.656,54.607725,23.43395000000001,0.6503125000000001,2.2828125000000012,2.0158499999999995,25.894,-0.6423221258760335,0.13601414769390704
120.65,23.9,181.6138,SSP1-2.6,2041-2060,1.2120999999999924,55.403299999999994,7.8431000000000495,0.5267999999999979,1.917900000000003,1.5785999999999998,25.990000000000002,55.1060875,16.62955000000005,0.6730500000000008,2.11855,1.6013374999999999,26.49475,-0.6423221258760335,0.19920992806369398
120.65,23.95,181.2748,SSP1-2.6,2041-2060,-1.3641000000000076,56.781800000000004,6.5353000000000065,0.5277999999999992,1.542899999999996,1.346400000000001,28.188,55.6257,18.878400000000028,0.6810375000000009,0.2020250000000008,1.1993374999999997,27.153750000000002,-0.6423221258760335,0.26240570843348543
120.65,24.0,179.1852,SSP1-2.6,2041-2060,-4.005700000000019,55.5617,7.7029,0.5336999999999996,0.5945999999999998,1.333899999999999,27.758,56.50715,14.431624999999997,0.5831500000000007,0.19599999999999973,0.9584999999999999,28.55775,-0.6423221258760335,0.32560148880327683
120.65,24.05,190.7765,SSP1-2.6,2041-2060,-7.061800000000005,57.0198,10.25019999999995,0.2557000000000009,0.9089000000000027,1.0892999999999997,29.080000000000002,56.6996625,6.3639499999999884,0.5138500000000006,0.8263499999999997,0.8154124999999999,29.63725,-0.6423221258760335,0.3887972691730683
120.65,24.1,194.7942,SSP1-2.6,2041-2060,-10.025199999999984,57.13080000000001,-4.476200000000063,0.44040000000000035,4.487500000000004,0.40890000000000093,30.865999999999996,56.97725,-0.5349999999999966,0.37716249999999985,1.9187624999999997,0.7709875000000002,30.626000000000005,-0.6423221258760335,0.4519930495428597
120.65,24.15,204.3697,SSP1-2.6,2041-2060,-8.0685,58.014500000000005,-11.488200000000006,0.14379999999999882,1.3911000000000016,0.6232000000000006,31.706000000000003,56.77615,-2.194562499999961,0.39842500000000003,0.8201124999999996,0.5622625000000002,31.55525,-0.6423221258760335,0.5151888299126467
120.65,24.2,200.7228,SSP1-2.6,2041-2060,-3.126800000000003,57.5196,-9.527099999999791,0.23770000000000024,-2.3089000000000013,0.46249999999999947,32.556000000000004,56.2045375,1.9442999999999984,0.3053250000000003,-0.5316749999999999,0.4410625,31.71075,-0.6423221258760335,0.578384610282438
120.65,24.25,198.4469,SSP1-2.6,2041-2060,6.438999999999993,55.51420000000001,8.105299999999943,0.21219999999999928,-2.8339,0.22499999999999964,32.066,55.202975,31.074512500000054,0.4002250000000007,-1.9852500000000006,0.23169999999999968,31.7265,-0.6423221258760335,0.6415803906522295
120.65,24.3,177.468,SSP1-2.6,2041-2060,15.705000000000013,54.4208,82.03089999999997,0.4283000000000001,-3.0356999999999985,-0.007100000000000328,32.33,53.256687500000005,52.042474999999996,0.6306375000000002,-1.6035625000000016,-0.015625000000000222,30.48875,-0.6423221258760335,0.704776171022021
120.65,24.35,175.6112,SSP1-2.6,2041-2060,22.242999999999995,51.1237,77.9018000000001,1.1023999999999994,-1.3500000000000014,-0.19819999999999993,28.881999999999998,51.80005,66.5556,0.8281125,-0.5935250000000005,-0.08572500000000005,29.88325,-0.6423221258760335,0.7679719513918124
120.65,24.4,177.823,SSP1-2.6,2041-2060,13.422200000000004,50.437900000000006,49.494500000000016,1.1128999999999998,-1.9303999999999988,0.010699999999999932,28.959999999999997,50.8125625,57.41605000000001,1.063425,1.1649499999999984,-0.034162499999999874,29.008499999999998,-0.6423221258760335,0.8311677317615993
120.65,24.45,163.5848,SSP1-2.6,2041-2060,9.704800000000006,50.3316,34.47180000000003,0.902000000000001,0.014299999999998647,0.15359999999999996,29.378,50.4180875,48.898262500000044,1.0678874999999999,1.9676250000000008,-0.0223374999999999,28.793,-0.6423221258760335,0.8943635121313908
120.65,24.5,160.682,SSP1-2.6,2041-2060,8.434000000000026,50.201,36.568300000000136,0.6887000000000008,2.4732000000000056,-0.07139999999999969,28.726,50.2199125,40.74089999999998,1.1437624999999998,2.26985,-0.043087500000000056,28.625500000000002,-0.6423221258760335,0.9575592925011822
120.7,21.95,230.9297,SSP1-2.6,2041-2060,-35.5051,56.0339,-84.53920000000016,-0.3917999999999999,14.3643,2.7393,25.488000000000003,56.034099999999995,-75.88406249999994,-0.47481249999999964,13.985275000000001,2.9102875,25.74475,-0.5366282857948123,-2.265425506358136
120.7,22.0,237.8747,SSP1-2.6,2041-2060,-34.30849999999998,55.831700000000005,-32.68419999999992,-0.6789999999999985,7.017899999999997,2.294600000000001,25.286,55.920575,-64.00332499999999,-0.37155000000000005,13.2279,2.687075,25.836750000000002,-0.5366282857948123,-2.2022297259883445
120.7,22.05,245.2909,SSP1-2.6,2041-2060,-34.0325,57.8141,-31.730699999999842,-0.6731999999999978,10.4893,1.7928999999999995,24.964,55.6377125,-38.059800000000024,-0.19830000000000014,10.929462500000001,2.3893000000000004,25.619999999999997,-0.5366282857948123,-2.139033945618553
120.7,22.1,238.3069,SSP1-2.6,2041-2060,-26.306600000000003,56.266999999999996,17.602300000000014,-0.3769999999999989,5.869599999999991,1.6607000000000003,23.808,55.10195,-32.270899999999926,0.16786250000000047,10.539725000000002,2.1877375000000003,25.73375,-0.5366282857948123,-2.0758381652487614
120.7,22.15,223.9088,SSP1-2.6,2041-2060,-22.776900000000012,55.6012,-2.713999999999942,-0.019700000000000273,5.992900000000006,1.5768000000000004,26.134,54.181287499999996,-14.759987499999966,0.4786625000000009,10.110925,2.113625,25.62975,-0.5366282857948123,-2.0126423848789745
120.7,22.2,211.7954,SSP1-2.6,2041-2060,-17.19409999999999,58.115300000000005,-30.69360000000006,0.7397999999999989,11.112500000000004,1.9518000000000004,28.052,52.6086875,-3.42999999999995,0.5627625000000003,10.7578125,2.166975,24.7575,-0.5366282857948123,-1.9494466045091832
120.7,22.25,217.0396,SSP1-2.6,2041-2060,-17.266800000000018,54.202799999999996,-14.989899999999807,0.8009000000000022,10.9054,1.9535999999999998,26.828000000000003,51.935487499999994,-6.407937500000003,0.7263124999999997,13.086837500000001,2.497775,24.343,-0.5366282857948123,-1.8862508241393918
120.7,22.3,259.9265,SSP1-2.6,2041-2060,-26.50369999999998,48.8058,-11.268199999999979,0.41880000000000095,14.226800000000004,2.3911,22.05,50.1452625,-3.249000000000052,0.55525,12.0350625,2.4971,23.05325,-0.5366282857948123,-1.8230550437696005
120.7,22.35,330.0179,SSP1-2.6,2041-2060,-31.879200000000026,41.293299999999995,-16.92970000000014,0.24790000000000134,10.873199999999997,2.75,16.948,46.909112500000006,-1.9502500000000111,0.4168625000000006,10.039737500000001,2.820525,21.063499999999998,-0.5366282857948123,-1.759859263399809
120.7,22.4,431.5457,SSP1-2.6,2041-2060,-46.66110000000003,42.634600000000006,-2.798399999999674,-0.04099999999999682,7.621400000000001,3.4124999999999996,18.074,43.797587500000006,7.660187499999893,0.4538000000000002,7.599324999999999,3.0830375,19.186999999999998,-0.5366282857948123,-1.696663483030022
120.7,22.45,438.457,SSP1-2.6,2041-2060,-40.492999999999995,44.0462,28.891799999999876,0.39170000000000016,6.0321,3.6517999999999997,19.312,41.8272875,25.871912500000008,0.5357250000000011,6.2542375,3.3676375,17.79675,-0.5366282857948123,-1.6334677026602307
120.7,22.5,444.0645,SSP1-2.6,2041-2060,-39.21719999999999,38.42679999999999,57.73389999999972,0.5771000000000015,6.069600000000001,4.366099999999999,14.234000000000002,42.9264125,38.29353749999996,0.6455124999999997,4.859149999999999,3.4292499999999997,18.775,-0.5366282857948123,-1.570271922290439
120.7,22.55,488.9889,SSP1-2.6,2041-2060,-38.062400000000025,45.3668,57.314000000000306,0.7580999999999989,2.866099999999996,4.2768,19.74,41.3944125,14.310249999999826,0.6959124999999995,5.054224999999998,3.4616124999999998,17.978,-0.5366282857948123,-1.5070761419206478
120.7,22.6,562.3419,SSP1-2.6,2041-2060,-29.637200000000007,43.384899999999995,-13.956100000000333,0.7638999999999996,4.4731999999999985,3.726799999999999,18.032,42.5591,-15.347250000000145,0.6779624999999987,4.195962499999997,3.0850500000000003,19.233249999999998,-0.5366282857948123,-1.4438803615508562
120.7,22.65,544.4473,SSP1-2.6,2041-2060,-18.624700000000075,39.8506,-36.49470000000019,0.7845999999999975,2.2963999999999984,2.4000000000000004,16.422,45.414312499999994,-36.6360375000001,0.7524124999999984,4.9218625,2.8797,20.709500000000002,-0.5366282857948123,-1.3806845811810693
120.7,22.7,490.1472,SSP1-2.6,2041-2060,-15.888199999999983,50.673899999999996,-9.95089999999982,1.206399999999995,2.7054000000000045,2.4285999999999994,22.246,47.6771875,-44.27910000000003,0.7414499999999986,4.9140375,2.8006750000000005,21.5045,-0.5366282857948123,-1.317488800811278
120.7,22.75,464.0424,SSP1-2.6,2041-2060,-24.179899999999975,51.3439,-63.518299999999726,0.9495999999999967,5.732100000000003,3.0768000000000004,22.351999999999997,49.11167499999999,-53.96551249999999,0.7087874999999988,4.84285,2.9301250000000003,21.82825,-0.5366282857948123,-1.2542930204414864
120.7,22.8,459.2751,SSP1-2.6,2041-2060,-17.794100000000014,48.46489999999999,-118.28949999999986,0.4883999999999986,5.542899999999996,3.169600000000001,20.003999999999998,47.549549999999996,-95.24890000000005,0.44791249999999927,5.441949999999999,3.0854875,20.8215,-0.5366282857948123,-1.191097240071695
120.7,22.85,452.4225,SSP1-2.6,2041-2060,-19.764400000000023,42.4331,-212.23559999999998,0.05819999999999936,7.992899999999999,2.7249999999999996,16.642,48.1242375,-131.25781250000006,0.07678750000000001,6.006474999999999,3.3383875000000005,21.784750000000003,-0.5366282857948123,-1.1279014597019037
120.7,22.9,392.5271,SSP1-2.6,2041-2060,-17.583600000000047,53.363400000000006,-140.02219999999988,-0.2333999999999996,7.4054,3.3500000000000014,26.869999999999997,48.654799999999994,-187.88158750000002,-0.4327000000000001,7.367412499999999,3.5018000000000002,22.24125,-0.5366282857948123,-1.0647056793321166
120.7,22.95,420.996,SSP1-2.6,2041-2060,-29.058299999999974,51.6579,-213.029,-1.2501999999999995,7.398199999999996,4.5786,24.200000000000003,50.33595,-208.48745000000002,-0.567825,7.335724999999999,3.1031375000000008,23.464,-0.5366282857948123,-1.0015098989623252
120.7,23.0,394.6266,SSP1-2.6,2041-2060,-18.92579999999998,47.7788,-273.7876000000001,-0.9205000000000005,8.066099999999999,1.6786000000000012,21.126,50.10275,-231.41645,-0.7496375000000004,7.355812499999999,2.9904124999999997,23.29625,-0.5366282857948123,-0.9383141185925338
120.7,23.05,410.8476,SSP1-2.6,2041-2060,-13.539600000000007,49.9169,-274.12260000000015,-0.777000000000001,8.355400000000003,2.4946,24.209999999999997,50.233062499999996,-216.05757500000004,-0.4982500000000005,7.3973375,2.4442125,22.93025,-0.5366282857948123,-0.8751183382227424
120.7,23.1,402.7462,SSP1-2.6,2041-2060,-7.4418999999999755,55.107200000000006,-148.01559999999972,-0.14999999999999858,8.403600000000004,2.387500000000001,25.898000000000003,51.012724999999996,-169.58328750000004,-0.1589125000000009,7.5596125,2.5790124999999993,24.2095,-0.5366282857948123,-0.811922557852951
120.7,23.15,376.2442,SSP1-2.6,2041-2060,6.479300000000023,48.3664,-44.957000000000335,0.7667999999999999,6.080399999999997,2.658899999999999,23.197999999999997,52.745662499999995,-99.54951249999993,0.2522999999999995,7.019425000000001,2.581475,25.10125,-0.5366282857948123,-0.748726777483164
120.7,23.2,364.7975,SSP1-2.6,2041-2060,9.584900000000005,51.3266,0.8117999999999483,0.9662000000000006,6.596400000000003,2.9338999999999995,24.656,51.9624625,-71.47788749999995,0.6323624999999997,6.187062500000001,2.4290125000000002,24.630249999999997,-0.5366282857948123,-0.6855309971133726
120.7,23.25,319.5886,SSP1-2.6,2041-2060,13.706700000000012,54.017700000000005,-66.37920000000031,1.0661000000000023,5.3929000000000045,2.507100000000001,26.458,51.8607375,-76.1328499999999,0.7156249999999997,6.0846124999999995,2.28125,24.34375,-0.5366282857948123,-0.6223352167435812
120.7,23.3,324.5851,SSP1-2.6,2041-2060,9.249199999999973,55.9027,-124.00189999999975,0.6869000000000014,5.805399999999999,2.8232,27.209999999999997,52.5254125,-81.36728749999997,0.7883374999999999,5.6373,1.9321375000000003,25.10775,-0.5366282857948123,-0.5591394363737897
120.7,23.35,357.7791,SSP1-2.6,2041-2060,-2.312400000000025,56.550700000000006,-68.14789999999994,0.7789000000000001,5.399999999999999,1.7678999999999991,26.56,52.9693125,-98.38896249999993,0.6187625000000003,4.797349999999999,2.0575874999999995,26.038,-0.5366282857948123,-0.4959436560039983
120.7,23.4,387.3973,SSP1-2.6,2041-2060,-18.112099999999998,53.3361,-125.99150000000009,0.3561000000000014,5.1554,2.2231999999999985,26.650000000000002,52.782775,-107.47648749999996,0.523075,4.0605,1.8863999999999999,26.3855,-0.5366282857948123,-0.43274787563421135
120.7,23.45,410.6323,SSP1-2.6,2041-2060,-24.108299999999986,50.574600000000004,-147.20969999999988,0.36129999999999995,4.539300000000004,1.875,26.139999999999997,51.754125,-149.8214499999999,0.2722124999999993,2.8886249999999984,1.9694249999999998,25.85875,-0.5366282857948123,-0.3695520952644199
120.7,23.5,447.641,SSP1-2.6,2041-2060,-24.980200000000025,48.913900000000005,-211.3534999999997,0.14559999999999818,2.4142999999999972,1.6071000000000009,24.834000000000003,52.774212500000004,-145.92228749999998,0.22169999999999934,1.5236624999999986,2.154025,26.671749999999996,-0.5366282857948123,-0.3063563148946285
120.7,23.55,377.4282,SSP1-2.6,2041-2060,-6.9956000000000245,54.545399999999994,-104.875,0.32830000000000226,-0.7000000000000028,2.7928999999999995,26.857999999999997,52.964275,-147.01079999999996,0.07496249999999938,0.5015624999999986,2.5171875,26.438249999999996,-0.5366282857948123,-0.24316053452483705
120.7,23.6,340.1265,SSP1-2.6,2041-2060,-3.3139000000000465,54.3177,-93.2177999999999,0.12389999999999901,-0.055399999999998784,3.080399999999999,26.592000000000002,54.4345625,-91.10175000000004,0.3001000000000005,0.15468750000000053,3.3276875,27.3155,-0.5366282857948123,-0.17996475415504562
120.7,23.65,260.59,SSP1-2.6,2041-2060,14.777500000000032,56.8963,-17.184299999999894,0.8202999999999996,0.9536000000000016,3.914300000000001,29.199999999999996,54.395250000000004,-53.12674999999996,0.5211874999999999,0.053350000000001785,3.5337250000000004,26.78225,-0.5366282857948123,-0.11676897378525869
120.7,23.7,217.806,SSP1-2.6,2041-2060,12.085699999999974,57.46189999999999,-23.170599999999922,0.8398000000000003,-0.06069999999999709,3.4161,29.184,54.163512499999996,-5.484299999999905,0.8320874999999996,0.9756875000000003,3.6962125000000006,26.286499999999997,-0.5366282857948123,-0.053573193415467256
120.7,23.75,202.2517,SSP1-2.6,2041-2060,2.002600000000001,55.1938,-18.744399999999814,0.7532999999999994,2.8517999999999972,3.1875,26.998000000000005,54.4526125,23.369125000000054,0.9352999999999998,0.6421999999999999,3.3265750000000005,25.983999999999998,-0.5366282857948123,0.009622586954324176
120.7,23.8,190.7907,SSP1-2.6,2041-2060,-3.4222999999999786,53.844,32.677599999999984,0.9087999999999994,1.944599999999994,2.7018000000000004,25.937999999999995,53.9485375,20.572775000000007,0.8002750000000005,1.4792625000000008,3.0328125000000004,25.52125,-0.5366282857948123,0.0728183673241156
120.7,23.85,192.2506,SSP1-2.6,2041-2060,-3.9932000000000016,54.78340000000001,12.792399999999816,0.665300000000002,3.128600000000006,2.508899999999999,26.062,54.3929875,12.669450000000012,0.754175,1.1122875000000008,2.3649625,25.71925,-0.5366282857948123,0.13601414769390704
120.7,23.9,185.3979,SSP1-2.6,2041-2060,-3.3917999999999893,55.458,3.9948000000001684,0.7567000000000021,1.991100000000003,1.5999999999999996,25.715999999999998,55.2022125,-2.1600250000000187,0.6624125000000003,0.20806250000000048,1.8404,26.46075,-0.5366282857948123,0.19920992806369398
120.7,23.95,181.8069,SSP1-2.6,2041-2060,-5.668000000000006,56.361399999999996,20.554399999999987,0.7494000000000014,-3.3446,0.9268000000000001,26.33,56.200900000000004,-2.2170375000000035,0.7030500000000002,-0.8631499999999992,1.4977624999999999,27.46875,-0.5366282857948123,0.26240570843348543
120.7,24.0,180.7551,SSP1-2.6,2041-2060,-2.1839999999999975,57.87870000000001,31.96979999999985,0.9302000000000028,-3.957099999999997,0.9928999999999988,29.312000000000005,56.660475,-2.7453125000000114,0.6657250000000001,-1.0810249999999995,1.3160625000000001,28.30975,-0.5366282857948123,0.32560148880327683
120.7,24.05,191.374,SSP1-2.6,2041-2060,-1.6648999999999887,57.1503,-5.486599999999953,0.6698999999999984,1.5838999999999999,1.1410999999999998,28.69,57.0411,-4.639575000000036,0.6624000000000008,-0.46406249999999893,1.0886125,29.3495,-0.5366282857948123,0.3887972691730683
120.7,24.1,200.5656,SSP1-2.6,2041-2060,-5.1895999999999844,57.2875,-2.843699999999899,0.5670000000000002,0.5267999999999944,0.8625000000000007,29.796,56.903437499999995,-20.246725000000026,0.49898750000000014,1.4560250000000012,0.8178625000000004,30.043750000000003,-0.5366282857948123,0.4519930495428597
120.7,24.15,211.7542,SSP1-2.6,2041-2060,-7.632199999999983,57.1938,-30.41859999999997,0.26450000000000173,3.241100000000003,0.3000000000000007,30.85,56.82425,-17.703899999999976,0.4119250000000001,0.27546249999999883,0.5881750000000002,31.088250000000002,-0.5366282857948123,0.5151888299126467
120.7,24.2,215.4407,SSP1-2.6,2041-2060,-4.5493999999999915,56.4333,-20.80049999999983,0.13840000000000074,-4.0946,0.40889999999999915,31.634,56.143037500000005,-6.091000000000037,0.28727500000000017,-0.6343500000000004,0.4127249999999999,31.478,-0.5366282857948123,0.578384610282438
120.7,24.25,214.8046,SSP1-2.6,2041-2060,6.223800000000011,55.23550000000001,14.760099999999966,0.19860000000000255,-3.5482000000000014,0.47139999999999915,30.452,55.055575000000005,26.191712499999994,0.34209999999999985,-2.270737500000001,0.23661249999999967,31.752499999999998,-0.5366282857948123,0.6415803906522295
120.7,24.3,200.8877,SSP1-2.6,2041-2060,6.0488,53.02740000000001,84.37440000000015,0.4593999999999987,-2.3857,0.19289999999999985,30.810000000000002,53.4496,53.58197499999994,0.6212625000000003,-2.1874875000000014,0.06918749999999962,30.50375,-0.5366282857948123,0.704776171022021
120.7,24.35,177.1856,SSP1-2.6,2041-2060,18.403999999999996,51.4567,97.04779999999982,1.0643999999999991,-3.7107000000000028,-0.4411000000000005,28.656,52.274725000000004,65.44418750000003,0.9352374999999999,-0.05513750000000073,0.09420000000000017,29.967750000000002,-0.5366282857948123,0.7679719513918124
120.7,24.4,173.267,SSP1-2.6,2041-2060,15.733800000000002,50.868900000000004,72.18329999999992,1.4478000000000009,2.428600000000003,0.0821000000000005,28.344,51.164075,56.995562500000034,1.1351749999999998,1.0921749999999983,0.04798749999999996,29.071,-0.5366282857948123,0.8311677317615993
120.7,24.45,170.5324,SSP1-2.6,2041-2060,21.879999999999995,49.7526,38.13220000000001,1.2875000000000014,3.9213999999999984,0.10889999999999933,28.136000000000003,50.6262375,46.60136250000002,1.1405375000000002,2.280125000000001,0.04553750000000023,29.03025,-0.5366282857948123,0.8943635121313908
120.7,24.5,157.9655,SSP1-2.6,2041-2060,19.326899999999995,50.0558,34.50260000000003,1.2592999999999996,3.292900000000003,-0.2142999999999997,29.47,50.0134,45.313162500000004,1.12815,2.4990875,-0.03213750000000004,28.38675,-0.5366282857948123,0.9575592925011822
120.7,24.55,154.1484,SSP1-2.6,2041-2060,13.023200000000003,50.4442,36.71849999999995,1.1955999999999989,2.8339,-0.3160999999999996,28.142,50.1897125,44.71016249999997,1.0435625000000006,2.604675000000001,-0.03258749999999999,28.403,-0.5366282857948123,1.0207550728709736
120.7,24.6,152.1908,SSP1-2.6,2041-2060,9.843199999999996,51.918000000000006,47.631799999999885,1.1098000000000035,4.485700000000001,0.1642999999999999,28.938000000000002,49.869637499999996,47.14137499999998,1.0117624999999992,1.7834874999999997,-0.1892999999999998,28.0665,-0.5366282857948123,1.0839508532407651
120.75,21.9,240.7403,SSP1-2.6,2041-2060,-37.126000000000005,54.8709,-109.80400000000009,-0.4065000000000012,15.1875,2.930399999999999,25.535999999999998,56.1633,-104.3663875,-0.38622500000000004,15.121662500000001,3.291075,25.89425,-0.4309344457135909,-2.3286212867279272
120.75,21.95,248.0101,SSP1-2.6,2041-2060,-40.6901,55.446299999999994,-91.53879999999981,-0.5718999999999994,15.549999999999997,3.1714,25.970000000000002,55.9886125,-94.00028750000001,-0.3835875000000004,14.6558125,3.0993500000000003,25.860750000000003,-0.4309344457135909,-2.265425506358136
120.75,22.0,264.8936,SSP1-2.6,2041-2060,-44.63219999999998,55.962799999999994,-50.29790000000003,-0.35260000000000247,14.316100000000006,3.3804,25.245999999999995,55.9226625,-80.37162499999997,-0.42607499999999954,13.870537500000001,2.8379625000000006,26.147750000000002,-0.4309344457135909,-2.2022297259883445
120.75,22.05,259.2501,SSP1-2.6,2041-2060,-36.22629999999998,56.1052,-38.42079999999987,-0.38289999999999935,13.294600000000003,2.2429000000000006,24.806000000000004,55.463925,-57.18951249999998,-0.1162375,12.0544625,2.6580500000000002,26.171999999999997,-0.4309344457135909,-2.139033945618553
120.75,22.1,243.7158,SSP1-2.6,2041-2060,-25.46090000000001,55.391600000000004,-1.9614000000001397,0.5940000000000012,12.358900000000006,2.226800000000001,25.674,54.064975000000004,-44.29122499999991,0.17955000000000032,10.5865875,2.3158625,25.7695,-0.4309344457135909,-2.0758381652487614
120.75,22.15,227.9635,SSP1-2.6,2041-2060,-11.3082,49.247600000000006,5.380200000000059,0.9830000000000005,9.607100000000003,2.0161,22.968000000000004,53.470524999999995,-28.67841249999998,0.5472875000000004,10.5812375,2.377225,25.8785,-0.4309344457135909,-2.0126423848789745
120.75,22.2,222.212,SSP1-2.6,2041-2060,-10.687599999999975,51.544399999999996,5.954099999999926,0.6590999999999987,9.7714,2.4624999999999986,25.772,50.92305,-18.01548749999992,0.8219375000000007,11.704250000000002,2.481925,24.4495,-0.4309344457135909,-1.9494466045091832
120.75,22.25,227.0294,SSP1-2.6,2041-2060,-13.721800000000002,46.9266,10.116100000000188,0.8495999999999988,17.028599999999997,2.9285999999999994,21.808,49.6381625,-11.8296,0.7847000000000004,12.741300000000003,2.6508875,23.45675,-0.4309344457135909,-1.8862508241393918
120.75,22.3,268.0443,SSP1-2.6,2041-2060,-22.280700000000024,46.782000000000004,5.7289999999998145,0.6210999999999984,12.7804,2.5821000000000005,21.637999999999998,45.411,-7.163662499999958,0.7013375000000002,12.904700000000002,2.8951000000000002,20.31925,-0.4309344457135909,-1.8230550437696005
120.75,22.35,330.0234,SSP1-2.6,2041-2060,-27.06809999999996,37.5689,-2.3630000000002838,0.3634999999999984,10.255400000000002,3.1500000000000004,14.388,42.4146625,-3.268549999999948,0.5179750000000003,10.8049,3.0194125000000005,18.00325,-0.4309344457135909,-1.759859263399809
120.75,22.4,426.5289,SSP1-2.6,2041-2060,-40.97500000000002,33.021,-22.091300000000047,0.47390000000000043,7.269599999999997,3.3482000000000003,10.27,40.076674999999994,21.527449999999988,0.5440125,8.6310125,3.2986625,16.4185,-0.4309344457135909,-1.696663483030022
120.75,22.45,402.7515,SSP1-2.6,2041-2060,-34.0163,36.529399999999995,51.58959999999979,0.8962000000000003,6.485700000000001,3.4017999999999997,13.58,37.194562499999996,41.358212500000036,0.6217125000000001,7.3852375,3.6033375000000003,14.38025,-0.4309344457135909,-1.6334677026602307
120.75,22.5,383.3252,SSP1-2.6,2041-2060,-27.721900000000005,33.238699999999994,72.49119999999994,0.9277999999999977,5.941099999999999,3.7570999999999994,11.938,37.83385,59.45564999999999,0.7205500000000002,6.624974999999999,3.72255,15.232000000000001,-0.4309344457135909,-1.570271922290439
120.75,22.55,401.9101,SSP1-2.6,2041-2060,-26.318600000000004,33.33690000000001,52.05560000000014,0.7006000000000014,3.6820999999999984,3.6768,13.620000000000001,37.5404,44.54782499999993,0.7453749999999988,6.700437499999998,3.5709874999999998,15.216750000000001,-0.4309344457135909,-1.5070761419206478
120.75,22.6,437.8793,SSP1-2.6,2041-2060,-1.158299999999997,31.515100000000004,13.887399999999616,0.7675999999999945,6.048199999999994,2.5267999999999997,13.868,38.5271375,16.18607499999996,0.7308749999999993,5.696187499999998,3.2614,16.148,-0.4309344457135909,-1.4438803615508562
120.75,22.65,487.3667,SSP1-2.6,2041-2060,-3.301499999999976,35.644600000000004,-18.170700000000124,0.7768999999999977,5.773199999999996,2.278600000000001,15.322000000000001,40.0454375,-6.483975000000044,0.8713874999999978,5.384362499999999,2.807825,17.07475,-0.4309344457135909,-1.3806845811810693
120.75,22.7,485.5615,SSP1-2.6,2041-2060,1.3708999999999492,45.0062,-1.6279999999997017,1.130899999999997,3.9821000000000026,2.1036,20.196,42.290075,-25.880437500000028,0.8438749999999979,4.789274999999999,2.701125,17.908749999999998,-0.4309344457135909,-1.317488800811278
120.75,22.75,433.8144,SSP1-2.6,2041-2060,6.0359000000000265,48.139199999999995,21.33179999999993,1.0585999999999984,2.373199999999997,2.4963999999999995,19.956,43.82854999999999,-53.5554249999999,0.5939249999999987,4.784375,2.740625,18.6875,-0.4309344457135909,-1.2542930204414864
120.75,22.8,441.5667,SSP1-2.6,2041-2060,-5.582900000000052,37.0741,-37.31790000000001,0.027700000000002944,3.2267999999999972,2.4321,14.948,42.663399999999996,-97.89891249999994,0.16983749999999898,4.516737499999999,2.99465,17.4885,-0.4309344457135909,-1.191097240071695
120.75,22.85,461.3478,SSP1-2.6,2041-2060,-24.09190000000001,36.75829999999999,-142.03470000000016,-0.7721000000000018,3.894599999999997,3.6036,14.696000000000002,41.633024999999996,-137.79596249999992,-0.3743999999999992,5.160512499999999,3.1433,17.661,-0.4309344457135909,-1.1279014597019037
120.75,22.9,460.7495,SSP1-2.6,2041-2060,-33.25890000000004,43.5116,-231.08010000000013,-1.340399999999999,7.891100000000002,4.1286000000000005,19.73,42.099675,-187.1529749999999,-0.8679249999999996,5.644424999999998,3.4877375,18.08325,-0.4309344457135909,-1.0647056793321166
120.75,22.95,447.1037,SSP1-2.6,2041-2060,-30.521299999999997,48.80239999999999,-290.8422999999998,-1.5032999999999994,8.128599999999999,3.8268000000000004,22.708000000000002,43.4948375,-233.6003875,-1.0471999999999997,6.830149999999999,3.1453250000000006,18.970999999999997,-0.4309344457135909,-1.0015098989623252
120.75,23.0,452.9206,SSP1-2.6,2041-2060,-25.313099999999963,45.1555,-370.36760000000004,-1.0833000000000013,6.7804,2.5161,19.656,44.355937499999996,-268.72356249999996,-1.0494874999999997,7.287512499999999,2.7625125,19.63425,-0.4309344457135909,-0.9383141185925338
120.75,23.05,440.0337,SSP1-2.6,2041-2060,-26.08359999999999,44.095499999999994,-297.6410999999998,-0.7958999999999996,6.5304,2.278599999999999,20.264000000000003,45.445475,-282.53517500000004,-0.6968625000000004,7.565425,2.0392875000000004,19.88825,-0.4309344457135909,-0.8751183382227424
120.75,23.1,430.4859,SSP1-2.6,2041-2060,-19.584699999999998,49.811299999999996,-250.72320000000036,-0.48939999999999984,8.628599999999999,2.5714000000000006,22.844,47.58725,-236.02018749999996,-0.2742625000000003,7.360950000000001,1.9986624999999998,21.9055,-0.4309344457135909,-0.811922557852951
120.75,23.15,392.1154,SSP1-2.6,2041-2060,-2.122100000000046,53.622899999999994,-135.7743999999998,0.2857999999999983,7.9482,2.3606999999999996,26.551999999999996,48.467699999999994,-164.4360625,0.1509374999999995,7.371875,2.0712,22.02,-0.4309344457135909,-0.748726777483164
120.75,23.2,370.2086,SSP1-2.6,2041-2060,1.9057000000000244,46.4534,-61.62239999999974,0.5235999999999983,5.998199999999997,1.9411000000000005,21.164,50.241325,-112.85060000000004,0.5342624999999996,7.031912500000002,2.2191875,23.20825,-0.4309344457135909,-0.6855309971133726
120.75,23.25,348.2569,SSP1-2.6,2041-2060,4.802500000000009,45.99680000000001,-96.98239999999987,0.6989999999999981,7.669600000000003,1.9304000000000006,19.276,51.13905,-100.42443749999995,0.6182374999999998,6.3765625,2.1903875,23.560499999999998,-0.4309344457135909,-0.6223352167435812
120.75,23.3,342.7216,SSP1-2.6,2041-2060,1.3893999999999664,52.5167,-131.0254,0.5511999999999979,6.428599999999996,1.7213999999999992,23.976,51.5902875,-103.22756249999998,0.6349750000000003,5.507375000000001,2.02545,23.98625,-0.4309344457135909,-0.5591394363737897
120.75,23.35,367.3666,SSP1-2.6,2041-2060,-8.489599999999996,51.06379999999999,-79.98219999999992,0.6351000000000013,4.4679,1.533900000000001,24.798000000000002,52.6498125,-112.54632499999991,0.48216250000000027,4.797337499999999,2.036837499999999,25.04925,-0.4309344457135909,-0.4959436560039983
120.75,23.4,402.595,SSP1-2.6,2041-2060,-18.747100000000046,52.15169999999999,-73.57619999999997,0.40490000000000137,3.5660999999999987,2.6053999999999995,25.42,52.12032500000001,-110.91021249999994,0.42466250000000016,3.9000125000000008,1.7218749999999996,25.5335,-0.4309344457135909,-0.43274787563421135
120.75,23.45,407.0928,SSP1-2.6,2041-2060,-24.490400000000022,50.37520000000001,-137.00750000000016,0.3683999999999976,3.2321000000000026,1.7643000000000004,25.61,51.0947,-121.76098749999983,0.24221249999999994,3.0279125000000002,1.9455249999999997,24.978499999999997,-0.4309344457135909,-0.3695520952644199
120.75,23.5,408.9241,SSP1-2.6,2041-2060,-19.620499999999993,50.58769999999999,-123.79569999999967,0.10139999999999816,-0.03930000000000433,1.7713999999999999,24.967999999999996,51.2670625,-133.0252749999999,0.14402500000000007,2.410262500000001,2.0779,25.32125,-0.4309344457135909,-0.3063563148946285
120.75,23.55,389.5544,SSP1-2.6,2041-2060,-8.52109999999999,56.3835,-142.91960000000017,-0.2134999999999998,-0.48930000000000007,2.5695999999999994,28.406,50.960212500000004,-117.16144999999989,0.07018749999999985,1.4736500000000001,2.5450999999999997,24.755499999999998,-0.4309344457135909,-0.24316053452483705
120.75,23.6,347.3933,SSP1-2.6,2041-2060,-5.406000000000006,53.4171,-127.02760000000035,-0.3171999999999997,0.13390000000000413,3.4929000000000006,25.270000000000003,53.24915,-70.01302499999997,0.2819625000000001,1.0665125000000009,3.0325999999999995,26.244999999999997,-0.4309344457135909,-0.17996475415504562
120.75,23.65,258.0759,SSP1-2.6,2041-2060,13.508800000000008,53.5471,-8.347400000000107,0.6389999999999993,0.9107000000000056,3.5250000000000004,26.051999999999996,54.334475,-45.81172499999997,0.45764999999999967,0.6450875000000016,3.2848375,26.664250000000003,-0.4309344457135909,-0.11676897378525869
120.75,23.7,222.1197,SSP1-2.6,2041-2060,13.780000000000001,56.7273,24.57320000000027,1.1315999999999988,-0.3196000000000012,3.039300000000001,26.89,54.64405,-20.085212499999955,0.6738624999999998,1.270312500000001,3.4343875,26.641,-0.4309344457135909,-0.053573193415467256
120.75,23.75,210.2625,SSP1-2.6,2041-2060,3.6614000000000146,51.2496,-7.810999999999922,0.8029000000000011,1.4553999999999974,4.112500000000001,22.785999999999998,54.7415625,2.542687500000085,0.84815,1.0723124999999998,3.1915375,26.44525,-0.4309344457135909,0.009622586954324176
120.75,23.8,191.8796,SSP1-2.6,2041-2060,1.1029999999999802,53.1716,73.10000000000014,1.2119999999999997,-0.9481999999999999,3.5786,24.748000000000005,53.90575,-1.454999999999984,0.7486875000000004,1.7078124999999993,3.0848250000000004,25.54075,-0.4309344457135909,0.0728183673241156
120.75,23.85,195.4845,SSP1-2.6,2041-2060,-7.369100000000003,53.4576,21.709499999999935,0.7757000000000005,-1.4606999999999957,2.7714,25.656000000000002,54.2649,-13.847312499999987,0.7309750000000004,1.6678625,2.6462125,25.408250000000002,-0.4309344457135909,0.13601414769390704
120.75,23.9,188.8619,SSP1-2.6,2041-2060,2.610299999999995,54.4834,-70.92800000000011,0.653299999999998,0.625,1.9107000000000003,25.864,55.294925,-31.216350000000006,0.6022250000000007,0.11117500000000025,2.0808,26.08025,-0.4309344457135909,0.19920992806369398
120.75,23.95,183.7087,SSP1-2.6,2041-2060,1.8311999999999955,55.730199999999996,-12.098999999999933,0.857800000000001,-4.200000000000003,1.5500000000000007,27.939999999999998,56.641600000000004,-37.75105000000002,0.6237250000000008,-0.7709624999999996,1.6618374999999999,27.07825,-0.4309344457135909,0.26240570843348543
120.75,24.0,188.7842,SSP1-2.6,2041-2060,-0.27309999999999945,58.3101,7.244799999999941,0.8381000000000007,-5.4195999999999955,1.6696000000000009,28.982,56.83766250000001,-33.896787500000016,0.7139500000000005,-0.6964250000000005,1.4410874999999999,28.27875,-0.4309344457135909,0.32560148880327683
120.75,24.05,206.2086,SSP1-2.6,2041-2060,-0.622399999999999,56.3685,-56.66450000000009,0.8933999999999997,-0.3142999999999958,1.471400000000001,29.509999999999998,57.380925000000005,-15.664199999999994,0.7634125000000007,-0.5265500000000003,1.28105,29.0955,-0.4309344457135909,0.3887972691730683
120.75,24.1,208.7482,SSP1-2.6,2041-2060,8.462800000000016,56.7717,-30.29989999999998,0.8407000000000018,-0.5393000000000043,0.8803999999999998,29.491999999999997,56.63946250000001,-24.65643750000001,0.6568874999999998,0.8310375000000008,1.1085000000000005,29.445750000000004,-0.4309344457135909,0.4519930495428597
120.75,24.15,208.3345,SSP1-2.6,2041-2060,6.086200000000019,55.5781,-33.3900000000001,0.4834999999999994,0.8892999999999986,0.6286000000000005,30.156000000000002,56.4354625,-17.350724999999983,0.5121875000000005,0.23929999999999918,0.8716625000000005,30.14825,-0.4309344457135909,0.5151888299126467
120.75,24.2,219.7389,SSP1-2.6,2041-2060,3.86760000000001,55.8585,-28.80560000000014,0.4438999999999993,1.8517999999999972,0.43040000000000056,32.5,55.42472500000001,-5.107437500000003,0.3677000000000006,-0.9225250000000003,0.7176249999999997,30.356250000000003,-0.4309344457135909,0.578384610282438
120.75,24.25,239.7277,SSP1-2.6,2041-2060,1.1938000000000102,54.2301,42.036099999999806,0.31400000000000006,-3.757100000000001,0.1606999999999985,31.538000000000004,54.3729,13.44550000000001,0.3981250000000003,-0.7997750000000012,0.5642749999999999,30.74775,-0.4309344457135909,0.6415803906522295
120.75,24.3,219.9145,SSP1-2.6,2041-2060,2.7027999999999963,53.44069999999999,52.12019999999984,0.5029000000000003,-1.6018000000000043,0.019600000000000506,30.586000000000002,53.1869875,48.150800000000004,0.6836250000000001,-1.4095875000000007,0.36717499999999936,30.3515,-0.4309344457135909,0.704776171022021
120.75,24.35,201.6784,SSP1-2.6,2041-2060,14.782099999999986,52.17509999999999,54.6536000000001,1.1473000000000013,2.3374999999999986,0.32319999999999993,29.520000000000003,52.5657875,58.51747499999999,0.9570499999999997,0.3352749999999993,0.18436249999999998,30.04425,-0.4309344457135909,0.7679719513918124
120.75,24.4,212.2149,SSP1-2.6,2041-2060,16.927600000000012,52.70329999999999,50.79480000000012,1.280899999999999,5.096399999999996,0.3304000000000009,30.310000000000002,51.5215125,56.844112499999994,1.1912125000000002,1.6426374999999993,0.15554999999999963,28.99425,-0.4309344457135909,0.8311677317615993
120.75,24.45,202.2433,SSP1-2.6,2041-2060,8.71860000000001,51.3317,53.468000000000075,1.1839999999999975,4.358899999999998,0.09640000000000004,28.726,50.5529375,51.66456249999999,1.2960375000000008,2.7136125,0.1256624999999999,28.773000000000003,-0.4309344457135909,0.8943635121313908
120.75,24.5,168.5485,SSP1-2.6,2041-2060,12.1284,49.079699999999995,41.32759999999985,1.248700000000003,2.507100000000001,-0.02320000000000011,28.327999999999996,49.9288625,50.53631249999998,1.1810749999999997,2.564049999999999,0.003562499999999913,28.202000000000005,-0.4309344457135909,0.9575592925011822
120.75,24.55,153.7346,SSP1-2.6,2041-2060,7.3204000000000065,50.3258,37.8119999999999,0.9600999999999971,3.1606999999999985,-0.1607000000000003,27.864,50.03722500000001,50.332149999999956,1.1247750000000007,2.3180750000000003,-0.18459999999999988,28.29175,-0.4309344457135909,1.0207550728709736
120.75,24.6,158.1567,SSP1-2.6,2041-2060,8.1387,51.598600000000005,51.82690000000002,0.9166999999999987,1.4464000000000041,-0.08929999999999971,28.154000000000003,49.701125,43.761574999999965,0.9939624999999999,2.1988874999999997,-0.2040249999999999,27.9895,-0.4309344457135909,1.0839508532407651
120.75,24.65,147.2359,SSP1-2.6,2041-2060,6.83420000000001,49.16629999999999,48.05840000000012,1.0141999999999989,0.6749999999999972,0.3714000000000004,27.344,49.5517,41.48283749999996,0.9572124999999998,3.1187500000000012,-0.2366125,27.901000000000003,-0.4309344457135909,1.147146633610552
120.8,21.95,265.6306,SSP1-2.6,2041-2060,-49.455400000000026,56.4148,-130.9577999999999,-0.4867999999999988,18.3089,3.9536,26.256,56.057249999999996,-121.05240000000006,-0.28623750000000037,15.855137500000001,3.3725500000000004,26.23825,-0.32524060563236956,-2.265425506358136
120.8,22.0,268.3165,SSP1-2.6,2041-2060,-46.823200000000014,55.827,-121.63830000000007,-0.2455999999999996,17.7179,3.5161000000000016,27.894000000000002,55.7804,-126.388225,-0.18602500000000077,15.032125,3.3332750000000004,26.8395,-0.32524060563236956,-2.2022297259883445
120.8,22.05,256.5459,SSP1-2.6,2041-2060,-34.36960000000002,53.908300000000004,-111.46320000000014,0.022599999999997067,14.221400000000003,2.9929000000000006,28.518,55.3126625,-120.85545000000002,0.21096249999999994,14.034362500000002,3.1462250000000007,27.245,-0.32524060563236956,-2.139033945618553
120.8,22.1,269.4312,SSP1-2.6,2041-2060,-28.672499999999985,52.7089,-125.3426999999997,0.780899999999999,14.444600000000001,3.4000000000000004,27.986,53.301575,-99.57612499999999,0.5936875000000001,12.211137500000001,2.7723375000000003,26.66625,-0.32524060563236956,-2.0758381652487614
120.8,22.15,254.6277,SSP1-2.6,2041-2060,-7.2089,50.8675,-67.64089999999987,1.1027000000000022,10.773199999999996,2.8446,26.972,51.147549999999995,-79.0247875,0.8803375000000004,12.273200000000003,2.9209875,25.6295,-0.32524060563236956,-2.0126423848789745
120.8,22.2,256.7233,SSP1-2.6,2041-2060,-9.410300000000007,47.268299999999996,-24.63110000000006,0.8985000000000021,14.326799999999999,2.8945999999999987,22.63,48.601312500000006,-53.01513749999992,1.0662625000000001,12.520975,3.1288,24.14125,-0.32524060563236956,-1.9494466045091832
120.8,22.25,258.5786,SSP1-2.6,2041-2060,-13.994,45.1551,-18.95069999999987,1.2207000000000008,13.887500000000003,3.689300000000001,20.204000000000004,47.719687500000006,-34.752025,0.9302874999999999,13.4546875,3.1593625,23.328,-0.32524060563236956,-1.8862508241393918
120.8,22.3,280.0734,SSP1-2.6,2041-2060,-22.850899999999967,45.2316,-5.786399999999958,0.9187000000000012,14.919600000000003,3.2821000000000016,20.48,45.614450000000005,-19.04438749999997,0.8791499999999992,13.024350000000002,3.2854875000000003,21.52,-0.32524060563236956,-1.8230550437696005
120.8,22.35,315.6494,SSP1-2.6,2041-2060,-29.044100000000014,44.1039,2.862500000000182,0.7905999999999977,11.141100000000002,3.0161,19.848,42.6559625,-3.702024999999992,0.7328250000000001,11.067625000000001,3.2901625,18.89575,-0.32524060563236956,-1.759859263399809
120.8,22.4,345.9948,SSP1-2.6,2041-2060,-34.08260000000001,37.4451,24.134100000000217,0.7137999999999991,7.607100000000003,3.3732000000000006,14.717999999999998,40.3045375,26.498012500000016,0.8496124999999997,9.804012499999999,3.3950875,17.0515,-0.32524060563236956,-1.696663483030022
120.8,22.45,333.4543,SSP1-2.6,2041-2060,-26.512699999999995,36.99199999999999,86.83269999999993,0.9893999999999998,9.0321,3.6339000000000006,14.48,37.500987499999994,47.18201250000007,0.9594124999999996,8.9024375,3.4227625,15.027249999999999,-0.32524060563236956,-1.6334677026602307
120.8,22.5,323.4253,SSP1-2.6,2041-2060,-25.204499999999996,31.752100000000006,85.67170000000033,0.940999999999999,9.508899999999997,3.283900000000001,12.015999999999998,37.72135,59.63587499999997,0.9432,8.8598125,3.436375,15.52175,-0.32524060563236956,-1.570271922290439
120.8,22.55,332.3605,SSP1-2.6,2041-2060,-23.18259999999998,36.2206,55.55589999999984,0.5103000000000009,9.3232,3.4893,14.874,36.893724999999996,41.735124999999954,0.8374374999999992,8.7482125,3.158925,15.317499999999999,-0.32524060563236956,-1.5070761419206478
120.8,22.6,358.4882,SSP1-2.6,2041-2060,-12.89730000000003,40.41819999999999,27.684600000000046,0.7171999999999983,9.373199999999997,3.1411,17.032,36.454100000000004,10.385024999999928,0.6611124999999998,7.996199999999999,2.9656249999999997,15.1305,-0.32524060563236956,-1.4438803615508562
120.8,22.65,398.7711,SSP1-2.6,2041-2060,-5.5312999999999874,33.994499999999995,5.5,0.8353999999999999,7.7821,3.101799999999999,14.142,38.101262500000004,-19.339012500000024,0.6160124999999987,7.307587499999999,2.73505,15.98075,-0.32524060563236956,-1.3806845811810693
120.8,22.7,419.3707,SSP1-2.6,2041-2060,-7.166999999999973,35.520100000000006,-36.91409999999996,0.7651000000000003,6.414299999999997,3.033900000000001,14.660000000000002,39.933099999999996,-38.58768749999996,0.5100624999999992,5.944637499999999,2.7040249999999997,16.6295,-0.32524060563236956,-1.317488800811278
120.8,22.75,393.7862,SSP1-2.6,2041-2060,-6.694700000000012,43.153800000000004,-68.82660000000033,0.37439999999999785,5.237499999999997,2.7928999999999995,18.17,39.9120375,-57.82238749999988,0.24706250000000018,5.159374999999999,2.720975,16.747750000000003,-0.32524060563236956,-1.2542930204414864
120.8,22.8,391.1317,SSP1-2.6,2041-2060,-4.738100000000031,39.39149999999999,-91.9980999999998,-0.19109999999999872,5.433900000000001,2.8874999999999993,16.924,38.105975,-83.53694999999993,-0.13258750000000008,4.112724999999998,2.9194250000000004,15.27375,-0.32524060563236956,-1.191097240071695
120.8,22.85,437.2961,SSP1-2.6,2041-2060,-15.910300000000007,31.622499999999995,-107.62029999999959,-0.6072999999999986,-0.07319999999999993,3.205399999999999,11.163999999999998,36.4744375,-122.86126249999995,-0.6191749999999994,5.281475,3.1236625,14.67175,-0.32524060563236956,-1.1279014597019037
120.8,22.9,451.4754,SSP1-2.6,2041-2060,-24.222499999999968,37.20309999999999,-163.8040000000001,-1.1972999999999985,3.8643,3.2482000000000006,15.006000000000002,35.804874999999996,-161.20098749999988,-0.9151124999999998,5.6571375,3.2500125,13.94725,-0.32524060563236956,-1.0647056793321166
120.8,22.95,394.1903,SSP1-2.6,2041-2060,-29.92579999999998,34.956700000000005,-227.63569999999982,-1.4379999999999988,6.5445999999999955,3.3643,13.379999999999999,37.082525,-199.148375,-0.993325,6.40895,2.8479875,14.4885,-0.32524060563236956,-1.0015098989623252
120.8,23.0,377.9689,SSP1-2.6,2041-2060,-22.065500000000043,34.3317,-249.07690000000002,-0.9145000000000003,6.691099999999999,2.2981999999999996,11.8,37.7752125,-235.74582499999997,-0.9365749999999999,6.803349999999999,2.423225,15.1115,-0.32524060563236956,-0.9383141185925338
120.8,23.05,422.9678,SSP1-2.6,2041-2060,-25.89930000000004,43.30760000000001,-323.65329999999994,-0.7964999999999982,6.585700000000003,1.580400000000001,19.386,37.518975,-262.54858750000005,-0.7158625000000005,6.994662499999999,1.9415125,14.54725,-0.32524060563236956,-0.8751183382227424
120.8,23.1,456.3283,SSP1-2.6,2041-2060,-27.141999999999996,38.154799999999994,-370.53459999999995,-0.4437000000000033,7.012499999999996,0.7874999999999996,14.186,42.864437499999994,-251.06170000000003,-0.5227874999999997,7.2225375000000005,1.8546875,18.32125,-0.32524060563236956,-0.811922557852951
120.8,23.15,421.4172,SSP1-2.6,2041-2060,-15.156799999999976,48.1267,-293.4629,-0.28359999999999985,7.971400000000003,1.4410999999999987,21.549999999999997,45.109337499999995,-211.40362499999998,-0.22875000000000068,6.731687499999999,1.738375,19.20725,-0.32524060563236956,-0.748726777483164
120.8,23.2,386.4121,SSP1-2.6,2041-2060,-8.175400000000025,50.395199999999996,-146.98459999999977,0.31759999999999877,8.283900000000003,1.8482000000000003,22.664,47.772400000000005,-163.83187500000003,0.006174999999999375,6.344174999999999,1.8854874999999998,20.63375,-0.32524060563236956,-0.6855309971133726
120.8,23.25,363.5412,SSP1-2.6,2041-2060,-2.617999999999995,50.078300000000006,-119.07610000000022,0.45619999999999905,6.3125,2.0732,21.311999999999998,48.3479875,-140.06736249999994,0.18968749999999934,6.268512499999998,1.8718749999999997,21.0625,-0.32524060563236956,-0.6223352167435812
120.8,23.3,350.1428,SSP1-2.6,2041-2060,-1.6654000000000337,48.4218,-155.1176999999998,0.3780999999999999,6.194600000000001,1.674999999999999,21.043999999999997,49.5118125,-124.62692500000003,0.31089999999999973,5.594199999999999,1.919425,22.0905,-0.32524060563236956,-0.5591394363737897
120.8,23.35,359.2459,SSP1-2.6,2041-2060,-9.2226,50.6905,-116.13310000000001,0.37950000000000017,2.8160999999999987,1.8928999999999991,25.232000000000003,50.765187499999996,-119.02481249999994,0.35067499999999985,4.688625,1.8984374999999996,23.40925,-0.32524060563236956,-0.4959436560039983
120.8,23.4,378.8655,SSP1-2.6,2041-2060,-17.539300000000026,51.62830000000001,-106.37689999999975,0.3216999999999999,3.012500000000003,1.5856999999999992,24.302,51.149375000000006,-104.86938750000002,0.340125,3.5651875000000004,1.8551374999999997,24.4385,-0.32524060563236956,-0.43274787563421135
120.8,23.45,349.367,SSP1-2.6,2041-2060,-12.088799999999992,52.7434,-106.43289999999979,0.1963000000000008,2.5767999999999986,1.1320999999999994,24.976,51.1005375,-105.33343749999995,0.21971249999999953,2.9511125000000007,2.0698624999999997,24.526,-0.32524060563236956,-0.3695520952644199
120.8,23.5,415.8918,SSP1-2.6,2041-2060,-5.9132999999999925,48.82190000000001,-79.35149999999976,0.05039999999999978,2.998200000000004,2.7643000000000004,22.537999999999997,51.70275,-127.23536249999995,0.06437500000000007,2.9035624999999996,1.8874874999999998,25.13975,-0.32524060563236956,-0.3063563148946285
120.8,23.55,403.9372,SSP1-2.6,2041-2060,-0.9156000000000404,47.778600000000004,-135.05249999999978,-0.08459999999999823,4.710700000000003,2.1179000000000006,23.208,52.2073125,-110.50818749999996,0.01707499999999973,2.3078000000000003,2.4173999999999998,25.22775,-0.32524060563236956,-0.24316053452483705
120.8,23.6,307.6143,SSP1-2.6,2041-2060,-0.42880000000002383,49.2994,-62.61799999999994,0.21369999999999933,2.3267999999999986,2.7338999999999984,23.776,53.500699999999995,-84.63885000000002,0.14608750000000015,2.303112500000002,2.7259,26.019,-0.32524060563236956,-0.17996475415504562
120.8,23.65,246.432,SSP1-2.6,2041-2060,0.6226000000000056,53.2252,4.110400000000027,0.4285999999999994,0.875,3.5267999999999997,25.868,53.720375,-51.2069625,0.4082124999999994,1.614950000000002,2.9022375,25.573749999999997,-0.32524060563236956,-0.11676897378525869
120.8,23.7,246.221,SSP1-2.6,2041-2060,-2.492999999999995,53.33089999999999,-71.95910000000003,0.42050000000000054,1.3071000000000055,3.0749999999999993,26.534000000000002,54.579750000000004,-17.908012499999955,0.6157749999999993,1.052687500000001,3.1024625000000006,25.416249999999998,-0.32524060563236956,-0.053573193415467256
120.8,23.75,219.1426,SSP1-2.6,2041-2060,3.8238000000000056,56.247600000000006,-17.57529999999997,0.6864999999999988,1.8695999999999984,2.7179,26.506,53.678475,-11.69222499999995,0.7342999999999997,0.7723250000000013,3.072775,24.80175,-0.32524060563236956,0.009622586954324176
120.8,23.8,200.978,SSP1-2.6,2041-2060,-2.4532000000000096,51.9554,21.44010000000003,0.8327000000000027,1.9339000000000013,3.8161000000000005,24.763999999999996,54.24005,-18.405262499999964,0.6645624999999997,1.1218750000000002,2.8457625,25.109,-0.32524060563236956,0.0728183673241156
120.8,23.85,204.2281,SSP1-2.6,2041-2060,-2.8349000000000046,54.514599999999994,-56.12889999999993,0.5642999999999994,1.9392999999999958,2.8625000000000007,25.615999999999996,53.98285,-31.976425000000006,0.5899874999999999,1.3709750000000005,2.5509,24.97875,-0.32524060563236956,0.13601414769390704
120.8,23.9,212.8352,SSP1-2.6,2041-2060,3.9963000000000193,55.9088,-127.72649999999999,0.2546999999999997,2.7286,2.1911000000000005,24.558,54.78385,-56.242650000000026,0.4486374999999998,0.6098124999999985,2.1792375,26.006500000000003,-0.32524060563236956,0.19920992806369398
120.8,23.95,221.66,SSP1-2.6,2041-2060,2.990700000000004,56.1454,-112.8275000000001,0.1938999999999993,0.10709999999999553,2.2356999999999996,26.764,55.5818375,-56.892637500000006,0.5064250000000001,0.17612499999999986,1.8334875000000002,26.487500000000004,-0.32524060563236956,0.26240570843348543
120.8,24.0,207.341,SSP1-2.6,2041-2060,7.9839000000000055,58.58700000000001,-54.29019999999991,0.6135000000000019,1.1017999999999972,1.7678999999999991,29.099999999999998,56.0258125,-55.67025000000001,0.6444624999999999,0.5073625000000002,1.5772250000000003,27.734,-0.32524060563236956,0.32560148880327683
120.8,24.05,221.4278,SSP1-2.6,2041-2060,9.965600000000023,56.479800000000004,-82.33069999999998,0.8034999999999997,3.4517999999999986,1.4428999999999998,28.584,56.2907625,-31.873762499999998,0.7785125000000002,1.0122750000000016,1.4069250000000002,28.424,-0.32524060563236956,0.3887972691730683
120.8,24.1,221.0414,SSP1-2.6,2041-2060,19.00539999999998,56.582300000000004,10.722899999999981,0.8444000000000003,-0.9606999999999957,1.4911000000000012,28.808000000000003,55.6844375,-39.095762500000035,0.7844624999999996,2.0198625000000003,1.2681000000000002,28.781,-0.32524060563236956,0.4519930495428597
120.8,24.15,223.0379,SSP1-2.6,2041-2060,20.409699999999987,56.47540000000001,3.15969999999993,0.7288999999999994,-1.769599999999997,1.5304000000000002,29.172,55.0213,-24.642337500000053,0.6592125000000002,2.037937499999999,1.2794875000000006,28.99975,-0.32524060563236956,0.5151888299126467
120.8,24.2,239.039,SSP1-2.6,2041-2060,4.937700000000007,54.8812,-39.52009999999996,0.2697000000000003,3.6588999999999956,1.0696000000000012,28.934,54.5870625,-8.557487500000093,0.58805,0.19398749999999954,1.2404125,29.622750000000003,-0.32524060563236956,0.578384610282438
120.8,24.25,249.2116,SSP1-2.6,2041-2060,-1.9744000000000028,53.370400000000004,23.31380000000013,0.5440000000000005,-2.0,1.1713999999999984,30.113999999999997,53.825500000000005,3.893562499999888,0.5407250000000001,0.34664999999999857,0.9098125000000001,30.0205,-0.32524060563236956,0.6415803906522295
120.8,24.3,229.2985,SSP1-2.6,2041-2060,0.1559000000000026,52.736200000000004,22.12169999999992,0.6280999999999999,1.7214000000000027,0.75,30.952,53.021249999999995,30.660287499999953,0.7706249999999999,-0.840837500000001,0.6428374999999995,30.093000000000004,-0.32524060563236956,0.704776171022021
120.8,24.35,222.7878,SSP1-2.6,2041-2060,9.8536,53.264500000000005,46.89890000000014,1.113199999999999,0.06609999999999872,0.3088999999999995,30.770000000000003,52.5901625,36.718624999999975,0.963025,1.029237499999999,0.5256624999999999,30.055750000000003,-0.32524060563236956,0.7679719513918124
120.8,24.4,232.9193,SSP1-2.6,2041-2060,16.12530000000001,53.02859999999999,42.59870000000001,1.1597000000000008,1.0679000000000016,0.23209999999999908,29.926000000000002,51.986525,44.88653750000003,1.1178,2.2890499999999987,0.4772249999999999,29.55425,-0.32524060563236956,0.8311677317615993
120.8,24.45,204.9742,SSP1-2.6,2041-2060,10.387200000000007,50.294,49.77039999999988,1.1258000000000017,2.6713999999999984,0.5338999999999992,27.876,51.2324625,46.91726250000005,1.1630250000000004,2.6008749999999994,0.30581250000000015,29.067999999999998,-0.32524060563236956,0.8943635121313908
120.8,24.5,151.3938,SSP1-2.6,2041-2060,12.061800000000005,48.6406,84.00690000000009,1.5586000000000002,0.7231999999999985,-0.04459999999999997,27.794000000000004,50.015275,44.09531249999998,0.9843750000000004,2.641937499999999,0.1392874999999999,28.26625,-0.32524060563236956,0.9575592925011822
120.8,24.55,150.1773,SSP1-2.6,2041-2060,9.340800000000002,48.5862,69.8798999999999,0.8777000000000008,-0.45000000000000284,0.025000000000000355,27.608000000000004,49.5850875,38.88012499999999,0.9942875000000002,2.7122625000000005,-0.22052500000000008,28.04975,-0.32524060563236956,1.0207550728709736
120.8,24.6,168.016,SSP1-2.6,2041-2060,0.7073000000000036,49.9747,36.76299999999992,0.8318000000000012,3.7053999999999974,-0.9786000000000001,27.900000000000002,49.0128625,41.394837499999994,0.9259999999999993,2.0761125,-0.12924999999999998,27.7975,-0.32524060563236956,1.0839508532407651
120.8,24.65,152.9264,SSP1-2.6,2041-2060,5.598299999999995,48.8055,61.56970000000001,1.0386999999999986,-0.39639999999999986,-0.1517999999999997,28.05,48.805387499999995,36.65361250000001,0.8998624999999998,2.5125,-0.14621249999999997,27.555750000000003,-0.32524060563236956,1.147146633610552
120.85,21.9,269.1639,SSP1-2.6,2041-2060,-48.32740000000001,56.9273,-139.61480000000006,-0.23859999999999815,16.658900000000003,3.5356999999999985,24.64,56.15515,-127.43915000000004,-0.2345000000000006,16.4607125,3.4964375000000003,26.81125,-0.21954676555114824,-2.3286212867279272
120.85,21.95,276.0158,SSP1-2.6,2041-2060,-50.82650000000001,56.86259999999999,-183.66010000000006,-0.1235000000000035,17.039299999999997,3.7375000000000007,26.374,56.181375,-135.38812500000003,-0.1522874999999999,15.954675,3.50715,27.001,-0.21954676555114824,-2.265425506358136
120.85,22.0,274.2275,SSP1-2.6,2041-2060,-48.02750000000003,56.52719999999999,-187.32610000000022,0.0406000000000013,16.0071,3.9696000000000016,28.758,56.075325,-137.75615000000002,-0.02176250000000124,15.726775,3.3890875000000005,27.701999999999998,-0.21954676555114824,-2.2022297259883445
120.85,22.05,274.0325,SSP1-2.6,2041-2060,-40.211700000000036,55.016,-217.4411,0.36629999999999896,11.519599999999997,3.2179,28.788000000000004,55.54575,-150.64652500000005,0.3498374999999996,15.510700000000002,3.3145125,28.661499999999997,-0.21954676555114824,-2.139033945618553
120.85,22.1,267.8106,SSP1-2.6,2041-2060,-22.029600000000016,54.962599999999995,-224.41530000000012,0.8870000000000005,12.616100000000003,3.216100000000001,28.808,54.1044,-139.49411249999994,0.6743374999999996,13.8792125,3.0926375,28.388,-0.21954676555114824,-2.0758381652487614
120.85,22.15,245.2124,SSP1-2.6,2041-2060,-9.526900000000012,50.9138,-140.64649999999983,1.1768,13.298200000000001,3.4214,26.796,52.473074999999994,-127.72596249999998,0.9331625000000008,13.727224999999999,3.1319124999999994,27.00775,-0.21954676555114824,-2.0126423848789745
120.85,22.2,286.3185,SSP1-2.6,2041-2060,-22.200999999999965,47.1432,-126.53560000000016,1.0634000000000015,11.7625,3.7303999999999995,24.401999999999997,50.557787499999996,-92.20844999999991,1.1377750000000009,13.696874999999999,3.19775,25.49225,-0.21954676555114824,-1.9494466045091832
120.85,22.25,275.7984,SSP1-2.6,2041-2060,-16.27539999999999,47.01230000000001,-91.79779999999982,1.4747999999999983,14.039300000000004,3.9375,24.208,49.2467375,-68.59364999999997,1.023725000000001,13.847100000000001,3.2359125000000004,24.215249999999997,-0.21954676555114824,-1.8862508241393918
120.85,22.3,270.1267,SSP1-2.6,2041-2060,-18.178000000000026,49.84910000000001,-51.06449999999995,0.9571000000000005,13.008900000000004,3.4571000000000005,25.685999999999996,48.258187500000005,-41.51107499999989,0.8730375000000001,13.290187500000002,3.3792250000000004,23.50225,-0.21954676555114824,-1.8230550437696005
120.85,22.35,289.6063,SSP1-2.6,2041-2060,-25.088199999999972,47.517700000000005,-6.886700000000019,0.7558000000000007,12.053600000000003,3.523199999999999,24.38,46.54715,-17.479137499999865,0.6692750000000003,12.102887500000001,3.3586875000000003,21.948,-0.21954676555114824,-1.759859263399809
120.85,22.4,297.7591,SSP1-2.6,2041-2060,-26.34839999999997,43.832300000000004,28.712600000000293,1.0587000000000018,10.6464,3.6053999999999995,19.606,44.0991,11.828025000000082,0.6890874999999999,11.2531125,3.4636000000000005,20.44575,-0.21954676555114824,-1.696663483030022
120.85,22.45,293.1296,SSP1-2.6,2041-2060,-26.020999999999958,42.8711,73.32770000000028,1.468799999999998,11.548199999999994,3.482100000000001,19.86,40.833687499999996,27.803262500000045,0.8450250000000001,11.2546625,3.381475,18.0275,-0.21954676555114824,-1.6334677026602307
120.85,22.5,279.1767,SSP1-2.6,2041-2060,-24.54819999999998,41.3182,63.620499999999765,1.1951,12.212500000000006,3.1304,18.229999999999997,40.01075,28.63450000000006,0.8190249999999999,11.5665,3.2638249999999998,17.549,-0.21954676555114824,-1.570271922290439
120.85,22.55,288.674,SSP1-2.6,2041-2060,-29.01049999999998,41.2639,21.613800000000083,0.8574000000000019,12.653600000000004,2.919599999999999,17.592,40.4764375,9.447824999999995,0.6488874999999998,10.696637500000001,3.0765624999999996,17.684749999999998,-0.21954676555114824,-1.5070761419206478
120.85,22.6,319.2749,SSP1-2.6,2041-2060,-29.697600000000023,42.3067,-3.143800000000283,0.5928000000000004,10.566099999999999,2.835699999999999,18.244,40.185312499999995,-31.014112499999953,0.44431250000000055,9.476775,2.97075,17.04775,-0.21954676555114824,-1.4438803615508562
120.85,22.65,354.9169,SSP1-2.6,2041-2060,-28.32310000000001,37.3505,-44.21799999999985,0.24790000000000134,8.141100000000002,2.8964,13.382,39.6324125,-70.31933749999996,0.33803750000000043,8.224549999999999,2.9031249999999997,17.0955,-0.21954676555114824,-1.3806845811810693
120.85,22.7,364.6054,SSP1-2.6,2041-2060,-27.155299999999954,37.048700000000004,-92.20949999999993,-0.07029999999999959,8.162500000000001,3.0642999999999994,15.142000000000001,38.0922,-95.07996249999991,0.1955250000000004,7.128137499999999,2.8017874999999997,16.1,-0.21954676555114824,-1.317488800811278
120.85,22.75,340.672,SSP1-2.6,2041-2060,-17.900000000000034,39.1273,-110.48049999999967,-0.273299999999999,6.105399999999996,2.898200000000001,16.726,37.046275,-105.10552499999994,-0.025962499999999444,6.932600000000001,2.754475,15.52325,-0.21954676555114824,-1.2542930204414864
120.85,22.8,329.8324,SSP1-2.6,2041-2060,-13.478000000000009,37.9892,-113.36279999999988,-0.47109999999999985,5.576799999999999,2.851800000000001,15.430000000000001,35.7498375,-102.19354999999987,-0.1321124999999994,6.285500000000001,2.7118374999999997,14.26375,-0.21954676555114824,-1.191097240071695
120.85,22.85,336.1172,SSP1-2.6,2041-2060,-13.8981,30.983400000000003,-109.98459999999977,-0.3976000000000006,6.560700000000004,3.075000000000001,11.099999999999998,34.6603375,-100.44271249999991,-0.31986249999999883,6.0736750000000015,2.7279,13.13775,-0.21954676555114824,-1.1279014597019037
120.85,22.9,320.1834,SSP1-2.6,2041-2060,-15.843500000000006,28.884300000000003,-93.30789999999979,-0.6114999999999995,5.803600000000003,2.7624999999999993,9.54,34.3113375,-100.64288749999992,-0.36466249999999967,6.1053500000000005,2.6837,12.55875,-0.21954676555114824,-1.0647056793321166
120.85,22.95,269.1855,SSP1-2.6,2041-2060,-24.9127,30.919799999999995,-87.10230000000001,-0.6507000000000005,6.507100000000001,2.033899999999999,9.260000000000002,33.37735,-103.48123749999996,-0.35302500000000014,6.4808125,2.476775,11.795,-0.21954676555114824,-1.0015098989623252
120.85,23.0,259.6237,SSP1-2.6,2041-2060,-24.556999999999988,27.851799999999997,-107.60590000000002,-0.6456000000000017,5.605399999999996,1.9695999999999998,8.207999999999998,33.337387500000006,-125.56723749999998,-0.2649625000000002,6.9649375,2.0937625,11.782,-0.21954676555114824,-0.9383141185925338
120.85,23.05,309.4019,SSP1-2.6,2041-2060,-17.975400000000036,27.112399999999994,-181.1184000000003,-0.5792999999999999,7.744599999999998,1.8161000000000005,8.03,33.266575,-163.46351249999992,-0.18456250000000063,6.611174999999999,1.6194125,11.597,-0.21954676555114824,-0.8751183382227424
120.85,23.1,386.2774,SSP1-2.6,2041-2060,-16.15269999999998,33.638799999999996,-273.3209999999999,-0.7751999999999981,6.9643000000000015,1.2946000000000009,11.389999999999999,37.28675,-189.23894999999996,-0.19085000000000063,6.32945,1.4779125,14.307499999999997,-0.21954676555114824,-0.811922557852951
120.85,23.15,410.2421,SSP1-2.6,2041-2060,-14.995400000000018,43.2003,-252.79930000000013,-0.7482000000000006,5.4071,1.4946000000000002,16.554,41.5305625,-189.3816374999999,-0.16105000000000036,5.670974999999999,1.3890499999999997,16.557,-0.21954676555114824,-0.748726777483164
120.85,23.2,392.642,SSP1-2.6,2041-2060,-11.592300000000023,45.598,-199.46950000000015,-0.5004999999999988,3.6106999999999942,1.6088999999999984,18.304,46.3145875,-171.40482500000002,-0.20225000000000026,5.513825000000001,1.7959749999999999,19.410249999999998,-0.21954676555114824,-0.6855309971133726
120.85,23.25,389.0688,SSP1-2.6,2041-2060,-6.929900000000032,49.102799999999995,-151.4680000000003,-0.38289999999999935,5.835699999999996,2.2339,20.358,47.426525,-158.7870625,-0.11568750000000039,4.9933,1.9274499999999997,20.203,-0.21954676555114824,-0.6223352167435812
120.85,23.3,367.6713,SSP1-2.6,2041-2060,-4.841799999999978,48.2992,-177.86889999999994,-0.0686,6.126799999999996,2.0161,21.714,48.515812499999996,-136.40233750000004,-0.02803750000000038,4.625,2.0147375,20.8575,-0.21954676555114824,-0.5591394363737897
120.85,23.35,360.5144,SSP1-2.6,2041-2060,-7.172799999999995,48.3464,-124.47929999999997,0.21770000000000067,5.096400000000003,1.9535999999999998,20.058,49.251112500000005,-118.36058749999995,0.16286249999999924,3.9750125,1.8191999999999995,22.2775,-0.21954676555114824,-0.4959436560039983
120.85,23.4,364.9905,SSP1-2.6,2041-2060,-11.353599999999972,53.693599999999996,-103.77190000000019,0.36529999999999774,2.616100000000003,2.096399999999999,25.962000000000003,49.284937500000005,-99.3425749999999,0.24026250000000005,3.7089375,1.6508999999999996,22.335749999999997,-0.21954676555114824,-0.43274787563421135
120.85,23.45,354.3272,SSP1-2.6,2041-2060,-10.24509999999998,50.13040000000001,-97.57200000000012,0.15380000000000038,4.149999999999999,1.862499999999999,23.451999999999998,49.8453375,-99.12373749999989,0.21162500000000017,3.481037500000001,1.767175,22.9955,-0.21954676555114824,-0.3695520952644199
120.85,23.5,342.8322,SSP1-2.6,2041-2060,-5.576700000000017,51.4155,-121.21579999999994,-0.008199999999998653,4.0732,2.1089,23.956000000000003,50.3729625,-109.19677499999989,0.09335000000000093,4.116075,1.806475,23.74125,-0.21954676555114824,-0.3063563148946285
120.85,23.55,318.4764,SSP1-2.6,2041-2060,-8.111899999999991,54.2077,-153.88689999999997,0.00140000000000029,5.014299999999999,1.7731999999999992,26.541999999999998,51.0982375,-94.07278749999992,0.08456250000000054,4.1415125,2.1330375000000004,24.30775,-0.21954676555114824,-0.24316053452483705
120.85,23.6,262.9637,SSP1-2.6,2041-2060,-8.149400000000014,53.52570000000001,-73.2503999999999,0.30859999999999843,4.444600000000001,2.125,26.365999999999996,53.5196625,-73.17843749999994,0.17472500000000046,3.8674124999999995,2.488175,25.792749999999998,-0.21954676555114824,-0.17996475415504562
120.85,23.65,233.8112,SSP1-2.6,2041-2060,-10.346400000000017,55.9207,-40.7367999999999,0.4064000000000014,2.825000000000003,2.6768,26.44,53.97475,-48.837537499999996,0.33407499999999946,3.007812499999999,2.7129375,26.01975,-0.21954676555114824,-0.11676897378525869
120.85,23.7,232.6723,SSP1-2.6,2041-2060,-11.684300000000007,53.9948,-50.289600000000064,0.4630999999999972,1.2911000000000001,2.5500000000000007,23.262,55.5055625,-41.49097499999999,0.40832500000000005,2.4736625000000005,2.8575875,26.87,-0.21954676555114824,-0.053573193415467256
120.85,23.75,216.9823,SSP1-2.6,2041-2060,-11.5471,55.7257,-47.187599999999975,0.3680999999999983,-0.48569999999999425,2.6714,25.526,54.308099999999996,-40.745487500000024,0.4914749999999999,2.542625,2.6120625000000004,25.628500000000003,-0.21954676555114824,0.009622586954324176
120.85,23.8,214.1326,SSP1-2.6,2041-2060,-4.431899999999985,53.272499999999994,-35.40380000000005,0.6434999999999995,1.9446000000000012,1.7393,23.904000000000003,54.71615,-50.43131249999996,0.3770749999999996,2.7325875,2.6488875000000003,25.24525,-0.21954676555114824,0.0728183673241156
120.85,23.85,223.7883,SSP1-2.6,2041-2060,8.90700000000001,56.2812,-77.94499999999994,0.2635000000000005,4.6606999999999985,2.3125,26.130000000000003,53.1112,-49.01838749999999,0.37466249999999945,2.2685250000000003,2.2944250000000004,23.803,-0.21954676555114824,0.13601414769390704
120.85,23.9,218.0876,SSP1-2.6,2041-2060,15.84729999999999,53.332300000000004,-60.05770000000007,0.08449999999999847,1.4838999999999984,2.0874999999999986,24.206000000000003,53.724112500000004,-68.65179999999998,0.28558749999999966,1.9772374999999993,2.022775,24.4235,-0.21954676555114824,0.19920992806369398
120.85,23.95,241.0315,SSP1-2.6,2041-2060,8.332700000000017,54.3261,-81.66460000000006,0.19610000000000127,1.7231999999999985,1.7036000000000016,25.876,53.99668749999999,-56.109650000000016,0.36824999999999974,1.715187499999999,1.66095,24.878750000000004,-0.21954676555114824,0.26240570843348543
120.85,24.0,223.3904,SSP1-2.6,2041-2060,10.25139999999999,53.9768,-55.619899999999916,0.5533999999999999,3.366100000000003,1.7874999999999996,25.374000000000002,55.0889625,-58.62905000000001,0.4272,2.506462499999998,1.2656375,26.567,-0.21954676555114824,0.32560148880327683
120.85,24.05,219.5046,SSP1-2.6,2041-2060,19.399999999999977,56.869600000000005,-51.40059999999994,0.8194999999999979,5.3446,0.7570999999999994,28.842000000000002,55.050200000000004,-40.560250000000025,0.5900875000000001,3.202675,1.2852875,27.12175,-0.21954676555114824,0.3887972691730683
120.85,24.1,219.5583,SSP1-2.6,2041-2060,24.46799999999999,52.8601,-24.682700000000068,0.8250999999999991,5.519600000000004,1.4304000000000006,27.284,55.351175,-36.05732500000002,0.7026499999999998,2.798212500000001,1.32055,27.766750000000002,-0.21954676555114824,0.4519930495428597
120.85,24.15,242.29,SSP1-2.6,2041-2060,25.99690000000001,54.0723,-37.15740000000005,0.8811,3.5767999999999986,2.0036000000000005,27.208,54.063612500000005,-13.220787500000029,0.6981875,2.3683000000000005,1.4723375,27.451999999999998,-0.21954676555114824,0.5151888299126467
120.85,24.2,229.9375,SSP1-2.6,2041-2060,16.556600000000003,53.566199999999995,-14.00590000000011,0.6853000000000016,2.3070999999999984,2.3018,27.615999999999996,53.5156,-9.221612499999992,0.6630374999999997,1.1241249999999994,1.528575,27.5935,-0.21954676555114824,0.578384610282438
120.85,24.25,226.4111,SSP1-2.6,2041-2060,9.883299999999991,53.5455,-23.610600000000204,0.6236999999999995,0.45360000000000156,1.6964000000000006,28.678,52.7379125,5.288125000000008,0.6974749999999998,0.5656249999999989,1.2761125,28.125499999999995,-0.21954676555114824,0.6415803906522295
120.85,24.3,224.8746,SSP1-2.6,2041-2060,4.623100000000022,52.345600000000005,20.81269999999995,0.8582000000000001,-1.8607000000000014,0.8499999999999996,29.36,52.464375000000004,9.761624999999981,0.8517874999999995,-0.11628749999999943,1.0718625,28.90825,-0.21954676555114824,0.704776171022021
120.85,24.35,234.397,SSP1-2.6,2041-2060,11.718000000000018,51.7981,29.057599999999866,1.0616999999999983,-0.36430000000000007,0.6124999999999989,30.177999999999997,52.213562499999995,11.219674999999967,0.9545999999999997,0.6995625000000008,0.8323500000000001,29.146749999999997,-0.21954676555114824,0.7679719513918124
120.85,24.4,232.7173,SSP1-2.6,2041-2060,14.736800000000017,52.49369999999999,21.589699999999993,1.0654000000000003,1.8374999999999986,1.0875000000000004,29.613999999999997,51.5532625,23.748662499999966,0.9995374999999997,1.7419625000000005,0.6707374999999998,28.9705,-0.21954676555114824,0.8311677317615993
120.85,24.45,199.7521,SSP1-2.6,2041-2060,27.09219999999999,51.831799999999994,52.859300000000076,0.964100000000002,2.3089000000000013,0.5250000000000004,29.439999999999998,50.81625,23.261049999999983,1.0095999999999996,2.7124875,0.5785625,28.686749999999996,-0.21954676555114824,0.8943635121313908
120.85,24.5,193.6135,SSP1-2.6,2041-2060,8.467100000000016,50.75030000000001,28.693100000000186,0.8428000000000004,2.9071,0.24290000000000056,28.406000000000002,49.6742625,29.231387499999954,0.9084000000000001,2.778549999999999,0.19999999999999973,28.45625,-0.21954676555114824,0.9575592925011822
120.85,24.55,175.2682,SSP1-2.6,2041-2060,7.2712999999999965,47.92269999999999,18.952199999999948,0.6718000000000011,3.6713999999999984,-0.1250000000000009,27.882,49.2402625,16.401624999999996,0.8527875,2.7173999999999996,-0.19418750000000018,28.21525,-0.21954676555114824,1.0207550728709736
120.85,24.6,177.8317,SSP1-2.6,2041-2060,-2.0013000000000147,48.388299999999994,11.65930000000003,0.9238,3.5768000000000058,-0.5857000000000001,28.07,48.479425,15.833624999999984,0.7744125,2.5984374999999984,-0.26161250000000036,27.7945,-0.21954676555114824,1.0839508532407651
120.85,24.65,172.7335,SSP1-2.6,2041-2060,-4.631299999999982,47.30949999999999,31.400300000000016,1.004999999999999,4.924999999999997,-0.31789999999999985,27.408,48.623287499999996,23.714650000000034,0.8496999999999999,2.5274625000000004,-0.26093750000000016,27.36725,-0.21954676555114824,1.147146633610552
120.85,24.7,147.7511,SSP1-2.6,2041-2060,3.641699999999986,48.093199999999996,53.19969999999989,0.8718000000000004,4.0464000000000055,0.2267999999999999,26.823999999999998,48.9443,31.268850000000043,0.7958624999999993,2.3435249999999996,-0.284825,27.8615,-0.21954676555114824,1.2103424139803434
120.9,22.0,253.4294,SSP1-2.6,2041-2060,-37.0,57.3296,-144.29020000000014,0.2702999999999989,17.558899999999998,3.3125,28.456,56.1531375,-170.59901250000007,0.21613749999999987,15.384812499999999,3.412725,28.016750000000002,-0.11385292546989689,-2.2022297259883445
120.9,22.05,241.9081,SSP1-2.6,2041-2060,-26.79589999999999,57.2815,-142.3005999999998,0.37519999999999953,15.132100000000001,3.0017999999999994,30.084,55.0995875,-167.08753750000008,0.5417249999999996,14.608237500000001,3.2491125000000003,28.5105,-0.11385292546989689,-2.139033945618553
120.9,22.1,234.1006,SSP1-2.6,2041-2060,-14.87439999999998,55.8209,-148.39580000000024,0.6677,16.387499999999996,3.107099999999999,28.787999999999997,54.9032,-162.4103374999999,0.7401999999999997,14.259575000000002,3.179025,28.42425,-0.11385292546989689,-2.0758381652487614
120.9,22.15,234.4953,SSP1-2.6,2041-2060,-12.339099999999974,56.318299999999994,-162.72209999999995,0.9024999999999999,15.257100000000001,2.7554,29.172,52.989562500000005,-135.15165,0.9498750000000009,13.495312499999999,3.1700749999999998,27.475749999999998,-0.11385292546989689,-2.0126423848789745
120.9,22.2,248.2464,SSP1-2.6,2041-2060,-19.57219999999998,54.694900000000004,-142.12419999999975,1.1626000000000012,14.249999999999996,3.107099999999999,27.304000000000002,51.1385625,-109.29820000000001,1.0190625000000004,14.2116125,3.1966374999999996,26.1265,-0.11385292546989689,-1.9494466045091832
120.9,22.25,245.4047,SSP1-2.6,2041-2060,-16.51139999999998,52.23210000000001,-89.15430000000015,1.1636000000000024,13.742899999999999,2.9321,26.651999999999997,50.62321250000001,-89.44626249999988,0.9301500000000003,13.592850000000002,3.4162875,25.40275,-0.11385292546989689,-1.8862508241393918
120.9,22.3,252.972,SSP1-2.6,2041-2060,-21.45410000000001,52.39960000000001,-90.50239999999985,0.8051999999999992,14.878599999999999,2.794600000000001,26.364000000000004,49.506662500000004,-54.37536249999994,0.8178375000000009,13.329462500000002,3.4475125,24.698999999999998,-0.11385292546989689,-1.8230550437696005
120.9,22.35,261.906,SSP1-2.6,2041-2060,-15.305300000000017,52.413199999999996,-31.872799999999643,-0.14509999999999934,11.6589,3.8589,25.881999999999998,47.67306250000001,-32.47576249999997,0.8088000000000006,12.806925000000001,3.2687375000000003,23.366750000000003,-0.11385292546989689,-1.759859263399809
120.9,22.4,260.687,SSP1-2.6,2041-2060,-21.302300000000002,47.1024,-16.316200000000208,0.2552000000000021,12.962500000000002,3.482100000000001,23.0,47.1535875,-18.389687499999866,0.7099375000000001,12.5341375,3.3470874999999998,22.728250000000003,-0.11385292546989689,-1.696663483030022
120.9,22.45,272.293,SSP1-2.6,2041-2060,-25.275300000000016,44.3474,-37.45710000000008,0.6842000000000006,14.021400000000003,3.3393000000000006,21.398,45.8828625,-4.160787499999941,0.6508250000000002,12.085249999999998,3.35245,21.587249999999997,-0.11385292546989689,-1.6334677026602307
120.9,22.5,250.163,SSP1-2.6,2041-2060,-17.678300000000007,43.88,-12.772199999999884,0.9227999999999987,14.046399999999998,3.2036,20.772,44.2819,-14.669524999999993,0.6090000000000004,12.25535,3.0272249999999996,20.599249999999998,-0.11385292546989689,-1.570271922290439
120.9,22.55,262.9983,SSP1-2.6,2041-2060,-27.972499999999968,42.758900000000004,-43.696500000000015,0.17830000000000013,12.398200000000003,2.758899999999999,19.4,44.0422125,-32.521649999999994,0.4883500000000005,11.406025000000001,2.9866124999999997,20.371249999999996,-0.11385292546989689,-1.5070761419206478
120.9,22.6,319.0565,SSP1-2.6,2041-2060,-41.24580000000003,45.1568,-97.33759999999984,0.13360000000000127,8.144600000000004,2.7696000000000005,20.909999999999997,43.0517375,-77.70303749999994,0.17578750000000065,10.027012500000001,2.9165124999999996,18.93675,-0.11385292546989689,-1.4438803615508562
120.9,22.65,370.8145,SSP1-2.6,2041-2060,-51.20980000000003,44.3191,-173.2150999999999,0.07440000000000069,7.998199999999997,2.6892999999999994,19.049999999999997,41.741299999999995,-116.51857499999994,-0.05006249999999968,8.119650000000002,3.0011125,18.012749999999997,-0.11385292546989689,-1.3806845811810693
120.9,22.7,378.5575,SSP1-2.6,2041-2060,-52.35480000000001,38.2952,-192.91919999999982,-0.3438999999999979,7.3553999999999995,2.5892999999999997,17.584000000000003,40.14985,-135.57266249999986,-0.1058374999999998,7.297112499999999,2.8917374999999996,16.928250000000002,-0.11385292546989689,-1.317488800811278
120.9,22.75,333.0307,SSP1-2.6,2041-2060,-39.91720000000004,32.9771,-139.56619999999975,-0.11580000000000013,7.991100000000003,2.4124999999999996,15.085999999999999,38.26021250000001,-126.48979999999992,-0.10661249999999889,7.1431,2.76675,15.81075,-0.11385292546989689,-1.2542930204414864
120.9,22.8,290.6291,SSP1-2.6,2041-2060,-25.393599999999992,31.994600000000005,-105.04770000000008,-0.15499999999999758,9.289300000000004,2.403599999999999,11.189999999999998,37.6597875,-104.82969999999986,0.12253750000000085,7.5272375,2.5727625000000005,15.42575,-0.11385292546989689,-1.191097240071695
120.9,22.85,268.2432,SSP1-2.6,2041-2060,-17.947599999999994,36.7485,-84.02440000000001,0.3088000000000015,9.7393,2.0195999999999987,13.75,35.74365,-77.17107499999995,0.268237500000001,7.751125000000002,2.5317000000000003,13.54,-0.11385292546989689,-1.1279014597019037
120.9,22.9,250.9295,SSP1-2.6,2041-2060,-18.554399999999987,33.449,-44.37650000000008,0.3656000000000006,8.955400000000004,2.444600000000001,12.097999999999999,35.46469999999999,-37.33482499999994,0.5271124999999999,7.492850000000001,2.2631625,12.8385,-0.11385292546989689,-1.0647056793321166
120.9,22.95,233.7078,SSP1-2.6,2041-2060,-20.067199999999985,38.607699999999994,19.404700000000048,0.6991999999999976,6.744599999999998,2.0786000000000016,14.712,31.472025,-0.6878999999999849,0.6774749999999998,7.264075,2.1251999999999995,10.288499999999999,-0.11385292546989689,-1.0015098989623252
120.9,23.0,235.3136,SSP1-2.6,2041-2060,-16.7363,31.734500000000004,38.55230000000006,0.9178999999999995,7.637500000000003,1.6481999999999992,9.615999999999998,29.210787499999995,7.217487499999976,0.6918374999999992,6.881237499999999,1.96495,9.032499999999999,-0.11385292546989689,-0.9383141185925338
120.9,23.05,255.1994,SSP1-2.6,2041-2060,-6.545899999999989,25.728700000000003,6.0917000000001735,0.642199999999999,7.264299999999999,1.9303999999999988,8.072,29.9842875,-22.899624999999986,0.5549874999999997,6.452237499999999,1.7968625,9.19575,-0.11385292546989689,-0.8751183382227424
120.9,23.1,298.448,SSP1-2.6,2041-2060,2.187000000000012,31.384700000000002,-28.160399999999754,0.5388999999999982,5.128599999999999,1.4464000000000006,10.117999999999999,33.9734,-65.918825,0.2754749999999997,5.483474999999999,1.6857250000000001,11.710249999999998,-0.11385292546989689,-0.811922557852951
120.9,23.15,343.7647,SSP1-2.6,2041-2060,1.323599999999999,41.2788,-70.27439999999979,0.14339999999999975,3.5214,1.3268000000000004,16.564,39.553887499999995,-95.34593749999996,0.08396249999999972,4.295762499999999,1.6589125,14.54675,-0.11385292546989689,-0.748726777483164
120.9,23.2,362.8426,SSP1-2.6,2041-2060,-11.865400000000022,43.6675,-132.84569999999985,-0.28529999999999944,2.875,1.3588999999999984,17.68,44.156925,-108.25881250000009,-0.0724250000000004,4.162049999999998,1.8321375000000002,17.688249999999996,-0.11385292546989689,-0.6855309971133726
120.9,23.25,397.2404,SSP1-2.6,2041-2060,-12.977599999999995,44.6671,-204.32760000000007,-0.8352000000000004,3.903600000000001,2.591100000000001,18.6,46.58895,-107.0813250000001,-0.0398000000000005,3.8531249999999972,1.9334749999999996,19.26075,-0.11385292546989689,-0.6223352167435812
120.9,23.3,385.0652,SSP1-2.6,2041-2060,-4.0190000000000055,48.2851,-134.60640000000012,-0.38780000000000214,2.6392999999999986,2.2482000000000006,20.306,46.9308875,-106.25385000000011,-0.031587500000000546,4.264062499999999,2.0234499999999995,19.822,-0.11385292546989689,-0.5591394363737897
120.9,23.35,351.4799,SSP1-2.6,2041-2060,-3.196300000000008,48.5345,-86.01049999999987,-0.049900000000000944,4.201799999999999,1.4499999999999993,19.95,47.2909625,-91.88717500000013,0.10591249999999874,3.6468749999999996,2.1069249999999995,20.7825,-0.11385292546989689,-0.4959436560039983
120.9,23.4,338.5996,SSP1-2.6,2041-2060,-1.7117000000000075,44.4559,-66.99929999999995,0.36459999999999937,4.192900000000002,1.5892999999999997,19.71,46.322025000000004,-79.47291250000006,0.1304499999999993,3.5178499999999993,1.9904,20.9315,-0.11385292546989689,-0.43274787563421135
120.9,23.45,336.646,SSP1-2.6,2041-2060,-2.047799999999995,47.750099999999996,-90.73659999999973,0.33840000000000003,3.625,1.7411000000000012,21.006,46.2243875,-76.14145000000008,0.10923749999999988,3.1533499999999988,1.9281125,21.768,-0.11385292546989689,-0.3695520952644199
120.9,23.5,305.2153,SSP1-2.6,2041-2060,-5.3553,48.254,-118.10500000000002,0.06450000000000244,4.753599999999999,1.1196000000000002,21.514000000000003,48.321912499999996,-82.21733749999993,0.06590000000000051,3.316962499999999,2.050675,23.10775,-0.11385292546989689,-0.3063563148946285
120.9,23.55,255.8611,SSP1-2.6,2041-2060,-6.077499999999986,53.297599999999996,-92.43679999999995,0.026600000000001955,5.100000000000001,1.9411000000000005,26.694,50.123737500000004,-85.84329999999991,0.07386250000000016,3.8214249999999996,2.0200875,23.69175,-0.11385292546989689,-0.24316053452483705
120.9,23.6,253.6143,SSP1-2.6,2041-2060,-12.208799999999997,56.3932,-70.55230000000006,0.10549999999999926,4.724999999999994,2.153600000000001,26.409999999999997,51.9773,-74.24512499999992,0.18506250000000035,4.143975000000001,2.268975,24.834249999999997,-0.11385292546989689,-0.17996475415504562
120.9,23.65,254.9225,SSP1-2.6,2041-2060,-14.460000000000008,58.03490000000001,-34.25459999999998,0.30020000000000024,5.362499999999997,2.982100000000001,27.403999999999996,50.9646875,-56.475262499999985,0.34799999999999986,3.4046875000000005,2.2073625000000003,24.313000000000002,-0.11385292546989689,-0.11676897378525869
120.9,23.7,251.597,SSP1-2.6,2041-2060,-15.610399999999998,53.9939,-31.88670000000002,0.43240000000000123,3.730399999999996,2.5571,28.538,53.550575,-54.920112500000016,0.3820999999999999,2.9448750000000006,2.3535625000000007,25.3405,-0.11385292546989689,-0.053573193415467256
120.9,23.75,241.5842,SSP1-2.6,2041-2060,-14.537500000000023,57.5656,-92.43810000000008,0.22390000000000043,4.305399999999999,2.653600000000001,28.144,53.591249999999995,-53.69888750000001,0.3857749999999993,2.8410625000000005,2.1370375000000004,25.216500000000003,-0.11385292546989689,0.009622586954324176
120.9,23.8,228.4438,SSP1-2.6,2041-2060,-4.78400000000002,54.104099999999995,-47.85140000000001,0.22919999999999874,3.9589,1.7874999999999996,23.376,55.61931250000001,-83.08328749999998,0.18532499999999974,3.5915125000000003,2.1035625000000002,26.16775,-0.11385292546989689,0.0728183673241156
120.9,23.85,228.7538,SSP1-2.6,2041-2060,12.295899999999989,51.334999999999994,-85.76429999999982,-0.15160000000000196,3.678600000000003,2.3696,21.900000000000002,54.1234625,-71.6008625,0.20453749999999982,3.3537750000000006,1.7935249999999998,24.5515,-0.11385292546989689,0.13601414769390704
120.9,23.9,212.2855,SSP1-2.6,2041-2060,18.90519999999998,50.466899999999995,-0.6546000000000731,0.5399999999999991,0.48040000000000305,1.5018000000000011,22.1,53.2980375,-74.23863749999995,0.14622499999999983,3.2511,1.6676374999999999,24.15175,-0.11385292546989689,0.19920992806369398
120.9,23.95,225.6764,SSP1-2.6,2041-2060,15.338400000000007,50.8149,-6.502999999999929,0.42379999999999995,0.5,1.0053999999999998,22.444000000000003,52.4480375,-44.610062500000026,0.3175874999999997,2.8825875000000005,1.5549125000000001,24.0975,-0.11385292546989689,0.26240570843348543
120.9,24.0,219.0071,SSP1-2.6,2041-2060,9.492400000000004,52.74139999999999,-31.197800000000143,0.28219999999999956,3.9535999999999945,0.710700000000001,24.484,53.5488,-34.9809875,0.4103374999999998,3.1379375000000005,1.2897375,25.4165,-0.11385292546989689,0.32560148880327683
120.9,24.05,219.5285,SSP1-2.6,2041-2060,12.903599999999983,54.747499999999995,-48.817999999999984,0.08510000000000062,3.8695999999999984,0.5017999999999994,26.442000000000004,53.5272875,-25.130900000000025,0.6033124999999999,4.092412500000001,1.2319125,26.0195,-0.11385292546989689,0.3887972691730683
120.9,24.1,217.7921,SSP1-2.6,2041-2060,24.362799999999993,54.426700000000004,-38.26560000000018,0.7134999999999998,5.319600000000001,1.1499999999999986,26.898,53.310312499999995,-26.878612499999974,0.6941875,3.8317000000000014,1.2683,25.966749999999998,-0.11385292546989689,0.4519930495428597
120.9,24.15,240.1689,SSP1-2.6,2041-2060,25.319999999999993,53.1558,-44.36889999999994,0.7452000000000005,3.553600000000003,1.6875,26.179999999999996,51.964325,-10.23547499999998,0.8209124999999999,3.2647375000000007,1.4109499999999997,25.22,-0.11385292546989689,0.5151888299126467
120.9,24.2,251.3502,SSP1-2.6,2041-2060,11.550399999999996,50.5612,41.19430000000011,0.7733999999999988,1.3178999999999945,1.1178999999999988,24.724,51.1199625,-17.327012499999995,0.8264374999999995,1.9953250000000011,1.650675,24.6775,-0.11385292546989689,0.578384610282438
120.9,24.25,255.4906,SSP1-2.6,2041-2060,14.200999999999993,52.063,3.2163000000000466,0.7382999999999988,0.20179999999999865,1.9518000000000004,25.738000000000003,50.432475,-6.917512500000015,0.8687624999999994,0.6424250000000002,1.2308124999999999,25.05625,-0.11385292546989689,0.6415803906522295
120.9,24.3,263.9308,SSP1-2.6,2041-2060,12.25200000000001,52.3795,-14.827800000000025,1.0827999999999989,-0.821399999999997,0.9964000000000013,27.565999999999995,50.049949999999995,-5.176162500000089,0.8659499999999998,-0.040837499999999416,1.1366125,25.86925,-0.11385292546989689,0.704776171022021
120.9,24.35,270.9366,SSP1-2.6,2041-2060,8.491600000000005,50.5578,-8.076900000000023,1.0225000000000009,-0.1875,1.0875000000000004,27.27,50.185199999999995,-9.722250000000116,0.8547624999999996,0.8323750000000008,0.9515625000000003,26.813499999999998,-0.11385292546989689,0.7679719513918124
120.9,24.4,263.7339,SSP1-2.6,2041-2060,6.348299999999995,50.9026,-41.35960000000023,0.7068999999999974,3.7732000000000028,1.346400000000001,27.715999999999998,49.7748625,4.250712499999906,0.8217750000000001,1.9317000000000002,0.8381750000000001,26.987499999999997,-0.11385292546989689,0.8311677317615993
120.9,24.45,234.5316,SSP1-2.6,2041-2060,15.230099999999993,50.74869999999999,18.24090000000001,0.8423999999999978,4.600000000000001,0.7195999999999998,28.588,49.4026625,-11.82381250000006,0.7220624999999998,3.2057874999999996,0.7484500000000003,27.058,-0.11385292546989689,0.8943635121313908
120.9,24.5,247.5951,SSP1-2.6,2041-2060,8.117400000000004,49.6715,-17.451700000000073,0.7751999999999981,4.119599999999998,0.5106999999999999,29.573999999999998,49.24648749999999,-10.748150000000038,0.6529375000000006,3.2508749999999997,0.23126249999999982,27.543750000000003,-0.11385292546989689,0.9575592925011822
120.9,24.55,236.4759,SSP1-2.6,2041-2060,-6.647899999999993,49.6986,-42.4068000000002,0.4515999999999991,4.5839,-0.5446000000000009,28.888,48.419975,-23.959224999999975,0.6630000000000003,2.8966375000000006,0.007374999999999687,27.762749999999997,-0.11385292546989689,1.0207550728709736
120.9,24.6,207.7669,SSP1-2.6,2041-2060,-9.095499999999987,48.21189999999999,-39.93069999999989,0.5608000000000004,2.5732,-0.1786000000000012,27.481999999999996,48.0068,-13.390674999999987,0.6939250000000001,3.2718750000000005,-0.26628750000000023,27.83475,-0.11385292546989689,1.0839508532407651
120.9,24.65,186.1524,SSP1-2.6,2041-2060,-5.591000000000008,47.3263,-9.558599999999842,0.7578999999999994,2.174999999999997,0.17859999999999943,27.137999999999998,48.1947,11.10465000000002,0.7433374999999995,3.425225000000002,-0.3203125,27.544249999999998,-0.11385292546989689,1.147146633610552
120.9,24.7,162.078,SSP1-2.6,2041-2060,-0.2635999999999967,49.02009999999999,27.95640000000003,0.7986000000000004,3.8643,-0.9695999999999998,26.13,48.855149999999995,27.248950000000036,0.6779125000000001,1.2499875000000005,-0.2473249999999999,28.22875,-0.11385292546989689,1.2103424139803434
120.9,24.75,129.2189,SSP1-2.6,2041-2060,8.244400000000013,51.008100000000006,25.95119999999997,0.18260000000000076,1.5945999999999998,-0.42320000000000046,29.65,49.466112499999994,37.43781249999998,0.6912625000000001,1.0694250000000007,-0.3361624999999999,28.32775,-0.11385292546989689,1.273538194350135
120.9,24.8,125.7672,SSP1-2.6,2041-2060,9.612599999999986,49.543699999999994,36.43520000000012,0.5594000000000001,3.7267999999999972,-0.3357000000000001,28.214,49.5223625,30.679824999999965,0.5966625000000003,0.9247750000000003,-0.40646249999999995,28.634500000000003,-0.11385292546989689,1.3367339747199263
120.9,24.85,123.3388,SSP1-2.6,2041-2060,11.226799999999983,49.31,45.618999999999915,0.6816999999999993,1.7179000000000002,-0.7803999999999993,29.630000000000003,48.770487499999994,31.33001249999998,0.56575,3.4272125000000004,-0.28703750000000006,28.283749999999998,-0.11385292546989689,1.3999297550897176
120.95,22.45,244.9499,SSP1-2.6,2041-2060,-21.853400000000022,49.9674,-69.66660000000002,0.1291000000000011,11.419599999999999,2.9696,23.564,46.3590125,-23.304449999999918,0.4770375000000002,12.49485,3.1462000000000003,22.2185,-0.008159085388675564,-1.6334677026602307
120.95,22.5,240.3232,SSP1-2.6,2041-2060,-20.34880000000001,45.67829999999999,-68.31930000000011,0.3219999999999992,12.187499999999996,3.0875000000000004,21.784000000000002,45.441925,-37.50668749999997,0.4079875000000004,12.183462500000001,2.94175,21.361,-0.008159085388675564,-1.570271922290439
120.95,22.55,251.542,SSP1-2.6,2041-2060,-27.179400000000015,46.05,-56.778699999999844,0.03710000000000235,11.6018,2.5304,22.966,45.676249999999996,-76.66419999999991,0.197025,10.7586875,2.85825,21.057499999999997,-0.008159085388675564,-1.5070761419206478
120.95,22.6,286.5512,SSP1-2.6,2041-2060,-36.092899999999986,46.6838,-107.05589999999984,-0.15399999999999991,9.835700000000003,3.416100000000001,22.472,45.7083,-85.8058874999999,0.10232500000000044,9.902000000000001,2.6403875,20.954749999999997,-0.008159085388675564,-1.4438803615508562
120.95,22.65,375.6943,SSP1-2.6,2041-2060,-51.912300000000016,43.681000000000004,-215.13009999999986,-0.42760000000000176,7.0214,3.2857000000000003,18.387999999999998,44.9261125,-104.49163749999991,0.028587500000000432,8.660275,2.8350375,20.721,-0.008159085388675564,-1.3806845811810693
120.95,22.7,384.2909,SSP1-2.6,2041-2060,-51.0283,43.4077,-180.13450000000012,-0.37900000000000134,5.7303999999999995,3.1517999999999997,17.98,42.861025,-115.29556249999987,0.040637500000000326,8.354249999999999,2.8386125,19.69625,-0.008159085388675564,-1.317488800811278
120.95,22.75,337.9073,SSP1-2.6,2041-2060,-48.46890000000002,43.287400000000005,-129.62739999999985,0.09700000000000131,7.226799999999997,2.7356999999999996,19.672,40.330375000000004,-100.62948749999995,0.20210000000000106,8.223225,2.7491125,17.641750000000002,-0.008159085388675564,-1.2542930204414864
120.95,22.8,285.5942,SSP1-2.6,2041-2060,-34.0025,34.9316,-88.1368,0.7427000000000028,7.6982,2.439300000000001,12.762,41.423162500000004,-81.43952499999997,0.5663375000000008,8.7288,2.4397249999999997,17.764,-0.008159085388675564,-1.191097240071695
120.95,22.85,255.1593,SSP1-2.6,2041-2060,-22.835399999999993,45.233799999999995,-63.45489999999995,1.0896000000000008,9.319600000000001,2.1500000000000004,18.88,39.6999,-48.19213750000006,1.015775000000001,8.523900000000001,2.2962,15.91025,-0.008159085388675564,-1.1279014597019037
120.95,22.9,236.5576,SSP1-2.6,2041-2060,-9.990399999999994,42.48330000000001,0.302599999999984,1.5832000000000015,8.805399999999999,2.1267999999999994,17.32,38.26429999999999,15.781912499999976,1.4904749999999996,7.6948750000000015,2.1689625,14.459249999999999,-0.008159085388675564,-1.0647056793321166
120.95,22.95,234.3535,SSP1-2.6,2041-2060,9.133700000000005,29.856799999999993,119.4882,2.195899999999998,6.462499999999999,1.8589000000000002,8.146,34.900850000000005,75.67196249999998,1.7598500000000001,7.0819375,2.171875,12.475999999999999,-0.008159085388675564,-1.0015098989623252
120.95,23.0,232.8915,SSP1-2.6,2041-2060,20.072000000000003,26.5967,168.54629999999997,2.2650000000000006,8.3357,2.1571,8.12,30.669062500000003,103.26461250000003,1.7247874999999997,6.23795,1.9828125,9.585749999999999,-0.008159085388675564,-0.9383141185925338
120.95,23.05,232.9709,SSP1-2.6,2041-2060,14.614900000000006,27.012399999999992,120.03559999999993,1.6080000000000005,6.3857,1.875,7.711999999999998,30.9461875,88.29791250000008,1.4396125,5.718987499999999,1.9417375,9.628999999999998,-0.008159085388675564,-0.8751183382227424
120.95,23.1,247.647,SSP1-2.6,2041-2060,10.542100000000005,34.543,79.87450000000013,1.110199999999999,3.8160999999999987,2.1678999999999995,10.372,33.871787499999996,49.794387500000056,0.9999374999999997,4.726125,1.8660750000000002,11.41725,-0.008159085388675564,-0.811922557852951
120.95,23.15,269.5686,SSP1-2.6,2041-2060,8.340100000000007,39.272800000000004,44.160699999999906,0.802699999999998,2.7642999999999986,1.580400000000001,14.988000000000001,39.259299999999996,13.52541250000013,0.7228749999999997,3.80515,1.995975,14.004999999999999,-0.008159085388675564,-0.748726777483164
120.95,23.2,300.2097,SSP1-2.6,2041-2060,-6.466200000000015,45.12599999999999,-0.20679999999993015,0.5290999999999997,3.799999999999997,2.319600000000001,16.968,42.5990625,-30.005637499999978,0.4854999999999996,3.7355,1.9930875,16.91325,-0.008159085388675564,-0.6855309971133726
120.95,23.25,344.9796,SSP1-2.6,2041-2060,-13.522400000000005,45.0096,-31.68560000000025,0.41219999999999857,4.453599999999998,1.5017999999999994,19.17,44.36427499999999,-56.36568749999998,0.32573749999999935,3.4424125,2.205125,18.269750000000002,-0.008159085388675564,-0.6223352167435812
120.95,23.3,332.6699,SSP1-2.6,2041-2060,-12.81759999999997,47.6234,-28.499700000000303,0.3653999999999975,1.4838999999999984,2.180399999999999,19.586,43.4491625,-71.11307500000004,0.15271249999999936,3.9451000000000005,1.9971,18.8955,-0.008159085388675564,-0.5591394363737897
120.95,23.35,294.6614,SSP1-2.6,2041-2060,-12.145000000000039,43.8641,-45.69120000000021,0.08859999999999957,3.0107,2.2607,19.14,42.9815375,-57.51553750000005,0.12968749999999885,3.7401875,1.807375,18.982,-0.008159085388675564,-0.4959436560039983
120.95,23.4,277.6213,SSP1-2.6,2041-2060,-9.030599999999993,43.75999999999999,-53.18070000000034,-0.09790000000000276,4.008899999999997,2.5107,19.784,41.2363125,-47.713337499999966,0.1526499999999995,3.4037999999999995,1.657825,18.722250000000003,-0.008159085388675564,-0.43274787563421135
120.95,23.45,284.7185,SSP1-2.6,2041-2060,-1.69459999999998,34.4971,-34.3411000000001,0.027599999999999625,1.4338999999999942,2.0482000000000014,18.1,43.1262,-44.50040000000001,0.12782499999999963,2.8582624999999986,1.73885,19.576,-0.008159085388675564,-0.3695520952644199
120.95,23.5,293.0801,SSP1-2.6,2041-2060,2.6995000000000005,43.58859999999999,-13.945799999999963,0.00420000000000087,-0.0018000000000029104,2.0892999999999997,21.666,45.046549999999996,-50.027499999999975,0.09171250000000031,2.8957624999999982,2.0069375000000003,20.817750000000004,-0.008159085388675564,-0.3063563148946285
120.95,23.55,264.764,SSP1-2.6,2041-2060,-1.887800000000027,51.688300000000005,-53.60369999999966,-0.016600000000000392,3.1411000000000016,2.841100000000001,23.445999999999998,47.73985,-55.82092500000002,0.08366250000000042,3.4607124999999987,1.9546999999999999,22.513,-0.008159085388675564,-0.24316053452483705
120.95,23.6,284.1808,SSP1-2.6,2041-2060,-11.792899999999975,41.91689999999999,-82.1864999999998,0.13149999999999906,4.4214000000000055,1.9499999999999993,19.634,52.30500000000001,-56.424950000000024,0.1575125000000006,3.989074999999999,2.2272375,24.79475,-0.008159085388675564,-0.17996475415504562
120.95,23.65,282.0884,SSP1-2.6,2041-2060,-18.487499999999955,47.2266,-63.60530000000017,0.3224000000000018,2.8429,1.8625000000000007,22.148000000000003,52.0799375,-53.5466625,0.30264999999999986,4.201337499999999,2.017175,25.429499999999997,-0.008159085388675564,-0.11676897378525869
120.95,23.7,267.0414,SSP1-2.6,2041-2060,-18.523300000000006,44.7457,-39.29449999999997,0.6141000000000005,2.957100000000004,1.783900000000001,21.706,54.422812500000006,-59.85925000000003,0.3081000000000005,4.328137499999999,2.0357000000000003,27.101499999999998,-0.008159085388675564,-0.053573193415467256
120.95,23.75,234.9577,SSP1-2.6,2041-2060,-12.424099999999981,55.1906,-71.55439999999999,0.35859999999999914,4.460699999999996,1.648200000000001,28.094,54.079337499999994,-73.68076249999999,0.23704999999999998,4.848875,2.0098125000000002,26.5,-0.008159085388675564,0.009622586954324176
120.95,23.8,217.9916,SSP1-2.6,2041-2060,-1.1462999999999965,57.7027,-106.12310000000002,-0.022800000000000153,4.871400000000001,2.3589,27.326,54.4689625,-112.37479999999996,0.008062500000000306,5.062275,1.92365,26.28575,-0.008159085388675564,0.0728183673241156
120.95,23.85,229.2761,SSP1-2.6,2041-2060,10.328099999999978,57.88120000000001,-148.25,-0.2005999999999979,5.296399999999998,1.0749999999999993,28.318,52.450925,-112.81268749999995,0.0045874999999995225,4.673662500000002,1.8723125000000003,23.9895,-0.008159085388675564,0.13601414769390704
120.95,23.9,196.9245,SSP1-2.6,2041-2060,19.22970000000001,49.9468,-96.52129999999988,0.0990000000000002,4.133900000000004,1.4856999999999996,21.052,52.1661375,-98.27606249999997,0.11403749999999979,4.262275000000001,1.5301375000000002,24.0325,-0.008159085388675564,0.19920992806369398
120.95,23.95,185.3342,SSP1-2.6,2041-2060,19.911999999999978,52.46679999999999,-37.203199999999924,0.45509999999999806,4.5321,1.3018,23.287999999999997,51.593312499999996,-49.31913750000004,0.3419749999999997,4.109600000000001,1.4359375000000003,23.8745,-0.008159085388675564,0.26240570843348543
120.95,24.0,189.1248,SSP1-2.6,2041-2060,15.979600000000005,52.327200000000005,6.03859999999986,0.3304000000000009,3.387500000000003,1.8606999999999996,26.400000000000002,52.775974999999995,-22.102100000000036,0.4630249999999996,3.9709749999999993,1.29465,24.552500000000002,-0.008159085388675564,0.32560148880327683
120.95,24.05,208.9561,SSP1-2.6,2041-2060,25.80970000000002,52.86149999999999,-4.677200000000084,0.4192999999999998,2.3804000000000016,1.4000000000000004,24.665999999999997,53.030775000000006,1.3776749999999538,0.6589500000000004,4.100662499999999,1.2955249999999998,25.475,-0.008159085388675564,0.3887972691730683
120.95,24.1,221.9666,SSP1-2.6,2041-2060,35.3973,52.154999999999994,-1.2419999999997344,0.8831000000000024,3.4679,0.7589000000000006,24.208,51.841449999999995,4.704687500000006,0.8002250000000002,4.017625,1.3399499999999995,24.469499999999996,-0.008159085388675564,0.4519930495428597
120.95,24.15,244.2324,SSP1-2.6,2041-2060,30.573700000000002,49.7607,-2.6820999999999913,0.8950999999999993,2.941100000000006,1.607099999999999,22.904,50.533474999999996,15.397400000000061,0.9247875000000003,3.7145124999999988,1.2526749999999995,23.354499999999998,-0.008159085388675564,0.5151888299126467
120.95,24.2,259.8112,SSP1-2.6,2041-2060,30.989800000000002,48.312400000000004,-5.042399999999816,0.9106999999999985,1.667900000000003,0.9178999999999995,20.918,47.966924999999996,9.333837500000072,0.9175999999999993,3.2897374999999993,1.3591499999999996,21.563,-0.008159085388675564,0.578384610282438
120.95,24.25,269.7017,SSP1-2.6,2041-2060,31.334599999999966,44.4838,-14.965099999999893,1.1320999999999977,1.2607,1.039299999999999,18.178,47.6238875,-3.376049999999964,0.8540249999999991,2.3569375,1.1667500000000002,21.91975,-0.008159085388675564,0.6415803906522295
120.95,24.3,302.1375,SSP1-2.6,2041-2060,16.557200000000023,48.26559999999999,-44.895300000000134,0.8839000000000006,0.8143000000000029,0.9268000000000001,23.410000000000004,46.4383875,-13.171462500000018,0.8529249999999995,1.4406375000000002,1.0180875000000005,21.7445,-0.008159085388675564,0.704776171022021
120.95,24.35,321.8954,SSP1-2.6,2041-2060,0.5086000000000013,47.340199999999996,-2.94800000000032,0.6072000000000024,-0.644599999999997,0.9286000000000012,24.141999999999996,46.95728749999999,-31.452725000000044,0.6990124999999994,1.9663000000000004,0.9535750000000005,23.08475,-0.008159085388675564,0.7679719513918124
120.95,24.4,287.059,SSP1-2.6,2041-2060,5.824399999999969,45.9563,-45.20730000000003,0.5719999999999992,3.924999999999997,0.8643000000000001,22.522,46.80395,-19.28350000000009,0.5254374999999998,1.9826000000000006,0.9274625000000003,23.6565,-0.008159085388675564,0.8311677317615993
120.95,24.45,301.5276,SSP1-2.6,2041-2060,8.275499999999965,47.4723,-31.50960000000032,0.4389000000000003,3.9786,0.8803999999999998,24.146,46.037499999999994,-38.17861249999996,0.4567499999999991,3.5823624999999995,0.7705375000000003,23.8125,-0.008159085388675564,0.8943635121313908
120.95,24.5,291.8077,SSP1-2.6,2041-2060,9.0942,46.1428,-62.20440000000008,0.4112000000000009,2.7963999999999984,0.5304000000000002,25.046,46.6911125,-49.947975000000014,0.4723375000000001,3.9180875000000004,0.3102624999999999,24.91775,-0.008159085388675564,0.9575592925011822
120.95,24.55,261.5396,SSP1-2.6,2041-2060,-8.251100000000008,49.4047,-68.60989999999993,0.6007000000000033,1.1606999999999985,-0.3786000000000005,27.954000000000004,46.8357125,-63.675099999999986,0.4517374999999997,4.2138375,0.0754499999999998,26.081999999999997,-0.008159085388675564,1.0207550728709736
120.95,24.6,233.6375,SSP1-2.6,2041-2060,-11.773299999999978,46.867599999999996,-62.7817,0.5176999999999978,2.367900000000006,0.042899999999999494,27.688,47.97398749999999,-39.78356249999999,0.5238250000000009,3.6790125,-0.1602750000000004,27.521499999999996,-0.008159085388675564,1.0839508532407651
120.95,24.65,207.5133,SSP1-2.6,2041-2060,-6.146999999999991,47.1367,14.219800000000077,0.6229000000000013,3.7143000000000015,-0.3999999999999986,27.65,48.51197499999999,-6.232337499999943,0.5951874999999998,3.218075,-0.2433000000000003,27.944999999999997,-0.008159085388675564,1.147146633610552
120.95,24.7,171.6327,SSP1-2.6,2041-2060,1.205299999999994,50.5303,53.11410000000001,0.646099999999997,2.3339,-0.38039999999999985,29.102000000000004,48.962999999999994,18.006925000000024,0.6396625000000009,0.9323625,-0.32923750000000007,28.3375,-0.008159085388675564,1.2103424139803434
120.95,24.75,131.9503,SSP1-2.6,2041-2060,12.1738,49.99430000000001,20.68820000000005,0.6547000000000018,-12.123199999999997,-0.12680000000000025,28.870000000000005,49.808724999999995,33.7213625,0.6037125000000003,2.8488749999999996,-0.4439624999999999,28.57025,-0.008159085388675564,1.273538194350135
120.95,24.8,131.9864,SSP1-2.6,2041-2060,11.771799999999985,49.461400000000005,39.878999999999905,0.5070000000000014,3.6625000000000014,-0.1570999999999998,28.264000000000003,49.479887500000004,28.90194999999997,0.5765625000000001,0.94665,-0.32410000000000005,28.8585,-0.008159085388675564,1.3367339747199263
120.95,24.85,128.2105,SSP1-2.6,2041-2060,10.891099999999994,47.9216,27.88670000000002,0.49499999999999744,4.4071,-0.24460000000000015,28.518000000000004,48.571625,31.942037499999998,0.6494374999999999,3.3029,-0.39463749999999975,28.247500000000002,-0.008159085388675564,1.3999297550897176
120.95,24.9,128.708,SSP1-2.6,2041-2060,10.344899999999996,47.24719999999999,55.90100000000007,1.0133999999999972,1.1071000000000026,-0.37680000000000025,27.999999999999996,47.680687500000005,28.533037499999978,0.6831249999999995,4.7486625,-0.3365999999999999,27.90175,-0.008159085388675564,1.4631255354595045
121.0,22.55,233.2394,SSP1-2.6,2041-2060,-24.35589999999999,48.5297,-36.246999999999844,0.2713000000000001,11.932100000000002,2.1857000000000006,22.086,45.6723375,-56.25028749999993,0.24891250000000031,11.041737500000002,2.8337000000000003,21.64275,0.09753475469254576,-1.5070761419206478
121.0,22.6,228.2414,SSP1-2.6,2041-2060,-25.1798,49.041500000000006,-32.75499999999988,0.3298000000000023,10.503600000000002,2.1589,22.647999999999996,46.346175,-77.25433749999988,0.10366249999999999,9.9243125,2.7183,21.82275,0.09753475469254576,-1.4438803615508562
121.0,22.65,255.3947,SSP1-2.6,2041-2060,-24.20240000000001,46.129400000000004,-31.28710000000001,0.22169999999999845,9.6161,2.7446,22.19,46.1731875,-102.11092499999992,0.04559999999999986,8.8941875,2.662275,20.933,0.09753475469254576,-1.3806845811810693
121.0,22.7,283.8308,SSP1-2.6,2041-2060,-32.69830000000002,46.3754,-21.22869999999989,0.34609999999999985,10.098199999999999,3.1607000000000003,22.934000000000005,46.0012,-86.31554999999994,0.09531249999999991,8.5125,2.5656250000000003,20.858,0.09753475469254576,-1.317488800811278
121.0,22.75,295.801,SSP1-2.6,2041-2060,-36.5643,47.8236,-19.390699999999924,0.47320000000000206,9.526799999999998,3.0911,22.666,44.8095,-69.18437499999996,0.38886250000000055,8.2455375,2.6020000000000003,20.1205,0.09753475469254576,-1.2542930204414864
121.0,22.8,290.8779,SSP1-2.6,2041-2060,-35.87210000000002,46.837799999999994,-58.612100000000055,1.0485000000000007,8.096399999999996,2.7446,20.932000000000002,45.24925,-49.11482499999997,0.8325500000000008,8.6846,2.4647375,20.2,0.09753475469254576,-1.191097240071695
121.0,22.85,280.0154,SSP1-2.6,2041-2060,-25.170600000000007,46.4825,-51.79280000000017,1.784399999999998,8.641100000000002,1.9606999999999992,19.936,44.85405,-12.236625000000004,1.3974125000000006,8.4272375,2.4390625,19.570249999999998,0.09753475469254576,-1.1279014597019037
121.0,22.9,269.019,SSP1-2.6,2041-2060,-2.4945999999999913,44.6719,46.15059999999994,2.4480000000000004,6.966100000000001,2.2303999999999995,19.293999999999997,41.21635,50.03804999999997,1.8842249999999994,7.658050000000001,2.302225,16.35975,0.09753475469254576,-1.0647056793321166
121.0,22.95,260.8454,SSP1-2.6,2041-2060,32.020399999999995,31.064200000000007,184.86040000000003,3.0322999999999993,4.730400000000003,2.6089,8.858,38.435875,108.41129999999998,2.16975,6.9989,2.1955374999999995,14.681750000000001,0.09753475469254576,-1.0015098989623252
121.0,23.0,243.1891,SSP1-2.6,2041-2060,26.624900000000025,30.599500000000006,191.93529999999987,2.7676000000000016,4.4803999999999995,2.080400000000001,9.790000000000001,32.9821125,138.820075,2.102025,6.315849999999999,2.1078,10.8615,0.09753475469254576,-0.9383141185925338
121.0,23.05,229.3887,SSP1-2.6,2041-2060,17.967700000000008,30.7487,145.7487000000001,1.9352000000000018,6.198199999999996,1.7820999999999998,9.780000000000001,34.602774999999994,123.22603749999999,1.7657375000000002,5.391074999999999,2.1062624999999997,11.54225,0.09753475469254576,-0.8751183382227424
121.0,23.1,224.4784,SSP1-2.6,2041-2060,14.968000000000018,36.2337,103.7949000000001,1.3399,2.8911000000000016,2.3214000000000006,11.163999999999998,36.426725,87.54456249999996,1.288875,5.048224999999999,2.1321624999999997,12.3635,0.09753475469254576,-0.811922557852951
121.0,23.15,227.905,SSP1-2.6,2041-2060,10.844300000000004,39.314499999999995,76.95829999999978,0.9892000000000003,3.6554,2.6661,12.940000000000001,41.096575,59.303262500000045,1.0552749999999995,4.5274624999999995,2.2707625,14.817,0.09753475469254576,-0.748726777483164
121.0,23.2,240.4428,SSP1-2.6,2041-2060,7.384500000000003,42.5262,79.06290000000035,1.4176000000000002,4.753600000000002,2.3606999999999996,16.234,43.379212499999994,22.336449999999928,0.8934874999999995,5.0924125,2.2959875,16.956249999999997,0.09753475469254576,-0.6855309971133726
121.0,23.25,273.4078,SSP1-2.6,2041-2060,-7.640300000000025,45.056,-1.0936999999998989,1.2393999999999998,3.9571000000000005,2.5588999999999995,19.13,42.7174875,3.1071749999999554,0.8215749999999993,5.28795,2.275225,17.8265,0.09753475469254576,-0.6223352167435812
121.0,23.3,255.5978,SSP1-2.6,2041-2060,-21.492500000000007,37.9629,-28.408500000000004,0.5626999999999995,4.126800000000003,2.023200000000001,17.654,42.143562499999994,-19.204962500000107,0.6445999999999996,5.0667375,2.1317125,18.61975,0.09753475469254576,-0.5591394363737897
121.0,23.35,232.374,SSP1-2.6,2041-2060,-22.074399999999997,34.214,-37.08109999999988,0.19170000000000087,5.2679000000000045,1.3429000000000002,17.214,41.777312499999994,-22.411287500000128,0.3869124999999989,4.399987499999999,2.0279125000000002,18.560499999999998,0.09753475469254576,-0.4959436560039983
121.0,23.4,219.7043,SSP1-2.6,2041-2060,-15.640500000000003,39.01649999999999,-25.33809999999994,0.08869999999999933,4.0,1.1143,17.652,39.566987499999996,-16.012125000000083,0.2168499999999991,3.4660499999999983,1.8457750000000002,18.2405,0.09753475469254576,-0.43274787563421135
121.0,23.45,223.7154,SSP1-2.6,2041-2060,-5.781899999999979,37.5583,4.491199999999935,0.1714999999999982,1.498199999999997,1.716099999999999,17.006,39.8370625,-7.9197250000000565,0.1220624999999993,2.3678374999999976,1.8649750000000003,18.76075,0.09753475469254576,-0.3695520952644199
121.0,23.5,235.9735,SSP1-2.6,2041-2060,-0.16429999999999723,40.62619999999999,7.811099999999897,0.08859999999999957,0.7892999999999972,2.0304,18.270000000000003,40.9043625,-9.606637499999977,0.10933749999999964,1.779449999999998,2.1605125000000003,19.411749999999998,0.09753475469254576,-0.3063563148946285
121.0,23.55,239.3606,SSP1-2.6,2041-2060,1.0193999999999903,46.7008,-23.29910000000018,0.03310000000000102,2.8249999999999957,2.617899999999999,20.506,43.4275875,-24.072637499999928,0.12924999999999942,2.689725000000001,2.0826000000000002,20.506750000000004,0.09753475469254576,-0.24316053452483705
121.0,23.6,244.608,SSP1-2.6,2041-2060,-6.886899999999997,51.1415,-53.853000000000065,0.21529999999999916,5.0732,1.7356999999999996,25.410000000000004,46.4464,-40.467724999999945,0.18301250000000024,3.311837500000001,2.0863875,21.42975,0.09753475469254576,-0.17996475415504562
121.0,23.65,252.8218,SSP1-2.6,2041-2060,-15.692599999999999,53.9571,-59.79480000000012,0.27360000000000184,2.8429,1.6838999999999995,26.339999999999996,48.059075,-46.498212499999966,0.30121249999999966,4.070300000000001,1.6790125,23.25625,0.09753475469254576,-0.11676897378525869
121.0,23.7,255.6359,SSP1-2.6,2041-2060,-21.20259999999999,56.4563,-56.550899999999956,0.3485999999999976,4.498199999999997,1.2911000000000001,27.994,51.075575,-50.95206250000001,0.29963750000000067,4.0366,1.6723125,25.45825,0.09753475469254576,-0.053573193415467256
121.0,23.75,236.0405,SSP1-2.6,2041-2060,-16.040999999999997,52.957499999999996,-68.78919999999994,0.20510000000000161,6.582100000000004,1.607099999999999,28.15,53.5055125,-73.69111249999997,0.1984874999999997,5.0760999999999985,1.6183000000000003,26.630000000000003,0.09753475469254576,0.009622586954324176
121.0,23.8,228.8837,SSP1-2.6,2041-2060,-7.826300000000003,55.1089,-146.5121999999999,-0.1341000000000001,7.887499999999996,2.039300000000001,26.766000000000002,53.8889,-112.51872499999996,-0.0032249999999991452,5.28615,1.6017749999999997,26.974,0.09753475469254576,0.0728183673241156
121.0,23.85,254.3969,SSP1-2.6,2041-2060,4.576300000000032,51.6088,-237.8388,-0.4659999999999975,4.328600000000002,2.2089,25.538,52.226625,-123.39024999999995,-0.00903749999999981,6.216725,1.5709749999999998,25.08475,0.09753475469254576,0.13601414769390704
121.0,23.9,211.885,SSP1-2.6,2041-2060,13.652800000000013,49.334199999999996,-181.23579999999993,-0.05700000000000216,8.050000000000004,1.2268000000000008,23.857999999999997,50.6840625,-108.52511249999992,0.12675000000000036,5.654887499999999,1.6033499999999998,24.011000000000003,0.09753475469254576,0.19920992806369398
121.0,23.95,184.7052,SSP1-2.6,2041-2060,23.268,53.421299999999995,-88.75880000000006,0.3686000000000007,7.2320999999999955,1.5518,24.814000000000004,49.3404375,-57.158199999999965,0.4039499999999996,5.835700000000001,1.6883875000000002,23.307249999999996,0.09753475469254576,0.26240570843348543
121.0,24.0,216.031,SSP1-2.6,2041-2060,32.977599999999995,53.693799999999996,4.279599999999846,0.7487999999999992,5.139300000000006,2.1446000000000005,25.843999999999998,49.9095625,-16.29694999999998,0.6064249999999998,5.463162499999999,1.6172,23.2855,0.09753475469254576,0.32560148880327683
121.0,24.05,236.8337,SSP1-2.6,2041-2060,41.905699999999996,51.4606,36.0616,0.9212999999999987,4.1606999999999985,1.7410999999999994,24.438,50.529225,19.25208749999996,0.8313750000000004,4.993762500000001,1.5816875,23.539249999999996,0.09753475469254576,0.3887972691730683
121.0,24.1,256.4605,SSP1-2.6,2041-2060,40.18309999999997,52.693999999999996,84.16499999999996,1.3072000000000017,3.507099999999994,1.4963999999999995,25.086,47.99991249999999,29.715900000000033,0.9896749999999996,5.3031375,1.3120499999999997,21.16675,0.09753475469254576,0.4519930495428597
121.0,24.15,278.4557,SSP1-2.6,2041-2060,27.83820000000003,45.6248,56.22270000000026,1.315100000000001,6.408899999999996,1.1357,19.142000000000003,47.56765,39.030662500000005,1.0796249999999996,4.685275,1.2968624999999996,20.74675,0.09753475469254576,0.5151888299126467
121.0,24.2,281.4165,SSP1-2.6,2041-2060,27.671100000000024,47.3379,30.516099999999824,0.7500999999999998,4.4731999999999985,1.7570999999999994,19.68,44.213875,34.4066375000001,1.156087499999999,4.7669625,1.0807999999999995,18.20075,0.09753475469254576,0.578384610282438
121.0,24.25,322.664,SSP1-2.6,2041-2060,29.175099999999986,40.7482,5.5374000000001615,0.9914999999999985,6.1606999999999985,0.5768000000000004,15.957999999999998,44.14815,7.515350000000012,0.9974124999999994,3.639287500000001,1.1895125,18.478749999999998,0.09753475469254576,0.6415803906522295
121.0,24.3,337.0487,SSP1-2.6,2041-2060,23.420299999999997,41.323299999999996,-42.70699999999988,0.7014999999999993,5.0411,1.0893000000000015,17.364,43.002312499999995,-11.994137500000079,0.9317375000000001,2.5292375000000016,0.8209875,17.994,0.09753475469254576,0.704776171022021
121.0,24.35,312.3891,SSP1-2.6,2041-2060,7.492500000000007,42.6113,-30.600600000000213,0.5474999999999994,0.5142999999999986,0.47499999999999964,17.740000000000002,43.4768,-32.5304000000001,0.7017500000000001,2.4647250000000014,0.8710000000000004,19.4095,0.09753475469254576,0.7679719513918124
121.0,24.4,298.9119,SSP1-2.6,2041-2060,4.106400000000008,43.661899999999996,-23.947299999999814,0.07499999999999929,2.6713999999999984,0.8429000000000002,21.09,43.543837499999995,-23.504675000000134,0.536775,2.065850000000001,0.8770250000000002,19.585,0.09753475469254576,0.8311677317615993
121.0,24.45,317.0633,SSP1-2.6,2041-2060,1.6094999999999686,41.136799999999994,-34.066899999999805,-0.03689999999999927,1.1554000000000002,1.1393000000000004,18.560000000000002,43.021699999999996,-39.54192499999999,0.4170624999999992,3.4261124999999995,0.7464500000000003,20.02525,0.09753475469254576,0.8943635121313908
121.0,24.5,319.3667,SSP1-2.6,2041-2060,-0.7648999999999546,40.0794,-99.43259999999964,0.30819999999999936,5.617899999999999,0.210700000000001,17.404,43.8194125,-63.41708750000004,0.3763500000000004,3.6935375000000006,0.5921874999999999,21.509500000000003,0.09753475469254576,0.9575592925011822
121.0,24.55,305.1535,SSP1-2.6,2041-2060,-2.2192000000000007,45.3169,-124.34720000000016,0.39860000000000184,6.128600000000006,-0.05540000000000056,24.228,44.733012499999994,-78.53172499999994,0.39237500000000036,3.9662999999999995,0.35133749999999986,23.37675,0.09753475469254576,1.0207550728709736
121.0,24.6,252.4526,SSP1-2.6,2041-2060,3.0575000000000045,48.697,-60.84569999999985,0.19059999999999988,5.523199999999996,0.08750000000000036,28.345999999999997,46.609275,-54.152225000000016,0.46345000000000125,3.7821500000000015,0.24462499999999965,26.29775,0.09753475469254576,1.0839508532407651
121.0,24.65,214.3513,SSP1-2.6,2041-2060,-3.728499999999997,47.99979999999999,13.210599999999886,0.6075000000000017,3.5732,0.008899999999998798,28.485999999999997,47.86908749999999,-10.047699999999935,0.4598250000000004,3.4133875000000007,0.0616000000000001,28.02825,0.09753475469254576,1.147146633610552
121.0,24.7,179.7886,SSP1-2.6,2041-2060,-0.34720000000001505,49.44279999999999,28.976900000000114,0.6823000000000015,3.3339,-0.7356999999999996,29.188000000000002,48.607524999999995,17.86926249999999,0.5919375000000007,0.7709875000000004,-0.12011250000000018,28.698999999999998,0.09753475469254576,1.2103424139803434
121.0,24.75,146.3956,SSP1-2.6,2041-2060,10.141699999999986,49.77589999999999,22.6108999999999,0.8108000000000004,1.3267999999999986,-0.16610000000000014,29.588,49.3644125,25.88023750000002,0.6125500000000006,0.9221000000000004,-0.33415000000000006,28.887500000000003,0.09753475469254576,1.273538194350135
121.0,24.8,140.3764,SSP1-2.6,2041-2060,14.786200000000008,49.68749999999999,34.84719999999993,0.6429000000000009,2.9482,-0.3838999999999997,28.426,48.93481249999999,18.741687500000012,0.6242375,0.9604999999999997,-0.29842500000000005,28.727000000000004,0.09753475469254576,1.3367339747199263
121.0,24.85,133.1036,SSP1-2.6,2041-2060,14.781900000000007,48.598,17.177199999999857,0.5853999999999999,3.9750000000000014,-0.13210000000000033,27.972,47.937262499999996,27.305200000000042,0.7094624999999994,3.8915125,-0.27856249999999994,28.13525,0.09753475469254576,1.3999297550897176
121.0,24.9,136.3656,SSP1-2.6,2041-2060,6.864599999999996,46.6964,12.562599999999975,0.540300000000002,5.996400000000001,-0.24289999999999967,27.226,46.3708,38.06967500000002,0.8883624999999986,4.959137499999999,-0.15244999999999997,27.33,0.09753475469254576,1.4631255354595045
121.0,24.95,138.7093,SSP1-2.6,2041-2060,3.394299999999987,46.3113,38.35919999999987,0.8201,7.774999999999999,-0.5589000000000004,26.657999999999998,45.23375,38.04107499999998,0.975274999999999,5.350887500000001,-0.07947500000000007,26.87575,0.09753475469254576,1.526321315829296
121.0,25.0,142.3879,SSP1-2.6,2041-2060,2.491800000000012,43.939699999999995,21.657500000000027,0.9116,8.2286,-0.5964,26.14,44.198687500000005,56.69034999999997,1.22845,5.7741,-0.2305999999999998,26.4895,0.09753475469254576,1.5895170961990874
121.05,22.65,227.0661,SSP1-2.6,2041-2060,-27.69890000000001,48.16329999999999,-52.9695999999999,0.40109999999999957,11.144599999999997,1.6536,22.636000000000003,46.9128875,-61.63494999999995,0.18758750000000024,9.320975,2.5198625000000003,21.745250000000002,0.2032285947737671,-1.3806845811810693
121.05,22.7,229.6971,SSP1-2.6,2041-2060,-29.030500000000018,47.713699999999996,-34.39850000000001,0.1739999999999995,8.821400000000004,1.7820999999999998,21.356,47.019925,-45.06594999999999,0.3119375,9.139287499999998,2.4337125000000004,21.924,0.2032285947737671,-1.317488800811278
121.05,22.75,241.0917,SSP1-2.6,2041-2060,-29.685900000000004,47.8035,-27.586499999999887,0.2021000000000015,9.012499999999996,2.080400000000001,21.976,47.593774999999994,-18.75649999999999,0.5964500000000004,8.720087499999998,2.4247625000000004,22.51475,0.2032285947737671,-1.2542930204414864
121.05,22.8,266.0909,SSP1-2.6,2041-2060,-29.142599999999987,48.1189,-13.750499999999874,0.8795000000000002,9.2804,2.7214,23.351999999999997,46.932337499999996,-18.267275000000012,0.8507375000000001,8.322325,2.3794625000000003,21.9055,0.2032285947737671,-1.191097240071695
121.05,22.85,291.6802,SSP1-2.6,2041-2060,-29.641400000000033,48.31269999999999,0.8209999999999127,1.3918999999999997,8.771400000000003,2.539300000000001,22.355999999999998,45.920725000000004,-0.5957375000000127,1.3393875,8.5739,2.3694124999999997,21.2285,0.2032285947737671,-1.1279014597019037
121.05,22.9,281.962,SSP1-2.6,2041-2060,-13.200699999999983,48.242399999999996,78.78710000000001,1.995899999999999,8.480400000000003,2.560699999999999,21.666000000000004,42.833537500000006,40.993537499999945,1.6995124999999995,8.076350000000001,2.3562499999999997,18.372,0.2032285947737671,-1.0647056793321166
121.05,22.95,248.7601,SSP1-2.6,2041-2060,5.588899999999995,38.0551,131.29279999999994,2.0005999999999986,6.053600000000003,2.6125,13.716000000000001,42.4618,92.84746249999998,1.9471875,7.497112500000002,2.3332625,17.588,0.2032285947737671,-1.0015098989623252
121.05,23.0,231.4066,SSP1-2.6,2041-2060,7.3489999999999895,46.981300000000005,130.78750000000014,2.101800000000001,6.4071,1.9375,19.402,37.069762499999996,117.63384999999997,1.82295,6.331050000000001,2.3040125000000002,13.644,0.2032285947737671,-0.9383141185925338
121.05,23.05,226.0089,SSP1-2.6,2041-2060,6.117899999999992,33.54169999999999,109.8010999999999,1.6773999999999987,5.953599999999998,2.0304,11.158,39.807675,102.08275,1.531037500000001,5.5736625,2.2,14.902000000000001,0.2032285947737671,-0.8751183382227424
121.05,23.1,222.386,SSP1-2.6,2041-2060,4.852100000000007,41.3139,81.03309999999988,1.2560000000000002,4.858899999999998,2.2803999999999984,14.620000000000001,40.2013125,72.91183749999999,1.1751375000000008,5.3444375,2.3299125000000003,14.798,0.2032285947737671,-0.811922557852951
121.05,23.15,228.6602,SSP1-2.6,2041-2060,-2.1169999999999902,45.666799999999995,42.744500000000016,0.9323000000000015,6.753599999999999,2.675,17.338,42.997662500000004,58.069049999999976,1.0452375000000003,4.9078125,2.4049249999999995,15.96525,0.2032285947737671,-0.748726777483164
121.05,23.2,215.6993,SSP1-2.6,2041-2060,-5.828900000000004,44.0902,43.962299999999914,1.0543999999999976,6.5821000000000005,2.460699999999999,16.851999999999997,44.0285125,33.515900000000016,1.0812375000000003,6.083937500000001,2.4846125,17.153,0.2032285947737671,-0.6855309971133726
121.05,23.25,211.5235,SSP1-2.6,2041-2060,-10.9204,43.4978,3.851899999999887,1.188600000000001,8.773200000000003,2.6053999999999995,18.264000000000003,41.570775,20.168225000000035,1.1036499999999998,6.511162500000001,2.42075,17.17775,0.2032285947737671,-0.6223352167435812
121.05,23.3,207.615,SSP1-2.6,2041-2060,-12.910800000000023,35.9038,-13.219100000000026,1.0426000000000002,8.330399999999997,2.75,17.884,41.7819875,7.168987500000014,0.9641875000000002,6.155575000000002,2.21965,18.38125,0.2032285947737671,-0.5591394363737897
121.05,23.35,199.6455,SSP1-2.6,2041-2060,-16.413900000000012,41.9798,-0.2212000000001808,0.6282999999999994,5.257100000000001,1.8536000000000001,18.57,40.96521249999999,8.712350000000015,0.7288875000000001,5.6899625,2.0446500000000003,18.68925,0.2032285947737671,-0.4959436560039983
121.05,23.4,191.6569,SSP1-2.6,2041-2060,-14.380099999999999,44.108,15.268199999999979,0.41689999999999827,4.9820999999999955,1.5304000000000002,18.214000000000002,41.21928750000001,17.434712500000018,0.4948249999999996,4.002675,1.758725,18.80325,0.2032285947737671,-0.43274787563421135
121.05,23.45,190.2957,SSP1-2.6,2041-2060,-6.953900000000004,36.5546,22.65890000000013,0.3080999999999996,2.269599999999997,1.5036000000000005,17.896,41.05995,22.76253749999995,0.3383999999999996,3.050674999999999,1.79265,18.5715,0.2032285947737671,-0.3695520952644199
121.05,23.5,195.1576,SSP1-2.6,2041-2060,-4.765800000000013,36.5455,17.709699999999884,0.14029999999999987,1.4607000000000028,2.0929,18.504,40.164525,19.50121249999998,0.2563,2.2026749999999984,1.9321625,18.069250000000004,0.2032285947737671,-0.3063563148946285
121.05,23.55,201.5322,SSP1-2.6,2041-2060,-2.565100000000001,40.101699999999994,3.4768000000001393,0.20649999999999835,1.6088999999999984,2.375,18.17,40.88055,4.805724999999967,0.22953750000000062,2.9651750000000003,1.898225,19.137749999999997,0.2032285947737671,-0.24316053452483705
121.05,23.6,207.0804,SSP1-2.6,2041-2060,-4.3396999999999935,41.812000000000005,-17.989699999999857,0.2641999999999989,5.025000000000006,1.5464000000000002,18.954,43.865525,-10.913037500000002,0.26641250000000083,3.4924,1.9138499999999998,20.59225,0.2032285947737671,-0.17996475415504562
121.05,23.65,216.5508,SSP1-2.6,2041-2060,-11.028600000000012,48.16780000000001,-26.739499999999907,0.2494000000000014,3.7875000000000014,1.8142999999999994,22.240000000000002,46.7218625,-21.21112500000001,0.3232499999999998,4.257362499999999,1.5919625,22.95375,0.2032285947737671,-0.11676897378525869
121.05,23.7,233.9575,SSP1-2.6,2041-2060,-18.3245,53.00580000000001,-31.7663,0.2641999999999989,3.957099999999997,1.4482,27.964000000000002,49.4341625,-26.79495,0.29495000000000005,4.487049999999999,1.5587124999999997,24.555500000000002,0.2032285947737671,-0.053573193415467256
121.05,23.75,243.289,SSP1-2.6,2041-2060,-20.419399999999996,53.3535,-46.07249999999999,0.10970000000000013,4.862499999999997,1.5304000000000002,27.024,51.296975,-47.88176249999995,0.20816249999999936,5.540174999999999,1.4312499999999997,25.954,0.2032285947737671,0.009622586954324176
121.05,23.8,226.6518,SSP1-2.6,2041-2060,-15.08590000000001,52.480599999999995,-91.65499999999997,0.04960000000000164,7.1143,0.8463999999999992,26.166,49.577762500000006,-82.03317499999991,0.07882500000000014,5.638837500000001,1.4964374999999996,24.94275,0.2032285947737671,0.0728183673241156
121.05,23.85,227.46,SSP1-2.6,2041-2060,-5.780000000000001,49.9363,-129.86679999999978,-0.05940000000000012,4.773200000000003,1.539299999999999,25.176,48.364712499999996,-99.56477499999997,0.11251250000000024,6.883262500000001,1.3471,23.5395,0.2032285947737671,0.13601414769390704
121.05,23.9,222.2441,SSP1-2.6,2041-2060,2.6844000000000108,45.4223,-86.95780000000013,0.2530000000000001,7.6070999999999955,1.9963999999999995,22.016000000000002,47.277525,-88.73516249999989,0.2779625000000001,6.542175000000001,1.2341625000000003,22.7765,0.2032285947737671,0.19920992806369398
121.05,23.95,236.7169,SSP1-2.6,2041-2060,23.27199999999999,44.788999999999994,-42.80419999999958,0.5642999999999994,7.335699999999996,1.6679000000000013,21.886,47.8995625,-46.38703749999996,0.56195,6.910925000000001,1.4359250000000003,22.762,0.2032285947737671,0.26240570843348543
121.05,24.0,249.6501,SSP1-2.6,2041-2060,30.17379999999997,46.7434,-22.861499999999978,0.838000000000001,6.5,1.8232,22.113999999999997,47.4678375,-1.9165249999999219,0.8043499999999999,6.629675,1.42835,21.984250000000003,0.2032285947737671,0.32560148880327683
121.05,24.05,247.8418,SSP1-2.6,2041-2060,37.15329999999997,45.2067,23.829099999999926,0.9543999999999997,8.1768,1.591099999999999,18.678,48.0438625,31.748849999999948,1.0354875000000003,6.0910625,1.43905,22.0525,0.2032285947737671,0.3887972691730683
121.05,24.1,264.8585,SSP1-2.6,2041-2060,40.56650000000002,48.552200000000006,64.48509999999987,1.1697999999999986,7.391100000000002,1.5785999999999998,21.317999999999998,44.893725,50.609587499999975,1.1993500000000004,6.526987499999998,0.9997749999999996,19.244750000000003,0.2032285947737671,0.4519930495428597
121.05,24.15,276.5115,SSP1-2.6,2041-2060,32.88669999999996,38.37779999999999,65.73000000000002,1.3592999999999975,7.498199999999997,0.6838999999999995,13.98,44.5407125,65.5080124999999,1.2348875000000001,6.149312499999999,1.17075,18.874000000000002,0.2032285947737671,0.5151888299126467
121.05,24.2,296.6736,SSP1-2.6,2041-2060,34.04169999999999,43.3512,76.3155999999999,1.361699999999999,6.5356999999999985,1.5749999999999993,17.880000000000003,41.467625,70.10095000000001,1.2329749999999997,6.245524999999999,0.992175,16.30625,0.2032285947737671,0.578384610282438
121.05,24.25,308.0691,SSP1-2.6,2041-2060,34.9511,43.0521,94.13700000000017,1.2832000000000008,5.662500000000001,1.1106999999999996,16.646,40.7016,38.02152499999994,1.1031249999999995,5.279462499999999,1.0834750000000004,16.12625,0.2032285947737671,0.6415803906522295
121.05,24.3,333.5907,SSP1-2.6,2041-2060,38.991499999999974,37.058899999999994,-33.23610000000008,0.9560999999999993,3.6589000000000027,1.1000000000000014,13.754000000000001,40.151275000000005,9.845787499999972,1.0391125000000003,3.9859374999999995,0.6649499999999999,15.58325,0.2032285947737671,0.704776171022021
121.05,24.35,308.0292,SSP1-2.6,2041-2060,33.20780000000002,40.458400000000005,-68.98240000000033,1.0524000000000022,2.8071000000000055,0.4106999999999985,14.123999999999999,39.882525,-20.42236250000002,0.7761874999999998,2.7080249999999992,0.7158625000000003,16.284750000000003,0.2032285947737671,0.7679719513918124
121.05,24.4,289.6841,SSP1-2.6,2041-2060,17.376100000000008,43.7498,1.680199999999786,0.7658999999999985,1.4446000000000012,0.8054000000000006,18.87,39.9903625,-24.818899999999985,0.5816874999999997,1.9825749999999998,0.8236624999999997,16.35725,0.2032285947737671,0.8311677317615993
121.05,24.45,294.0646,SSP1-2.6,2041-2060,13.002100000000041,39.6256,23.597200000000157,0.3471999999999973,3.3464000000000027,1.512500000000001,16.576,40.0863875,-38.54827499999993,0.5071374999999994,3.214062499999999,0.8122875,16.875,0.2032285947737671,0.8943635121313908
121.05,24.5,317.0719,SSP1-2.6,2041-2060,2.733599999999967,37.4855,-79.3116,0.41809999999999903,3.6285999999999987,0.3249999999999993,14.548,41.13199999999999,-59.85906249999999,0.4291999999999998,4.85425,0.8591375000000001,18.532999999999998,0.2032285947737671,0.9575592925011822
121.05,24.55,334.6958,SSP1-2.6,2041-2060,9.830799999999954,43.970699999999994,-130.88430000000017,0.43299999999999983,7.3536,0.7838999999999992,21.018,42.558875,-68.76839999999999,0.3789000000000007,5.5609375,0.7466375000000001,20.981,0.2032285947737671,1.0207550728709736
121.05,24.6,295.7651,SSP1-2.6,2041-2060,2.7328999999999724,45.21639999999999,-64.18359999999984,0.25950000000000273,3.2821,1.2088999999999999,25.009999999999998,45.7442875,-47.347262500000056,0.353612500000001,5.280800000000001,0.7678374999999997,25.1935,0.2032285947737671,1.0839508532407651
121.05,24.65,221.7964,SSP1-2.6,2041-2060,-1.6184000000000083,46.9614,-9.841499999999996,0.2677000000000014,2.6768,0.7463999999999995,28.348,46.920824999999994,-6.031012499999974,0.4360000000000013,3.9667250000000003,0.49887499999999996,27.436749999999996,0.2032285947737671,1.147146633610552
121.05,24.7,182.9404,SSP1-2.6,2041-2060,-2.3618000000000166,48.100500000000004,20.96010000000001,0.49180000000000135,4.075000000000003,-0.07680000000000042,28.894000000000002,47.66636249999999,12.097787499999981,0.5798875000000008,2.8042375,0.04931249999999987,28.560499999999998,0.2032285947737671,1.2103424139803434
121.05,24.75,161.2503,SSP1-2.6,2041-2060,5.351599999999991,48.36129999999999,7.991899999999987,0.6340000000000003,0.5910999999999973,-0.5661000000000005,28.654,48.1792875,13.544700000000006,0.6357750000000006,3.268087500000001,-0.291075,28.832500000000003,0.2032285947737671,1.273538194350135
121.05,24.8,152.8326,SSP1-2.6,2041-2060,12.650599999999997,49.337199999999996,0.5845000000001619,0.6416000000000004,2.555399999999999,-0.2464000000000004,29.702,47.8341375,9.145399999999967,0.6759749999999998,3.270549999999999,-0.34843749999999996,28.226,0.2032285947737671,1.3367339747199263
121.05,24.85,141.2455,SSP1-2.6,2041-2060,10.21380000000002,48.0288,13.115100000000211,0.6653999999999982,3.2892999999999972,-0.7481999999999989,28.248000000000005,46.896675,16.536487499999993,0.7992875000000002,4.723224999999999,-0.10267500000000007,27.58725,0.2032285947737671,1.3999297550897176
121.05,24.9,136.1488,SSP1-2.6,2041-2060,8.598399999999998,45.118,33.665500000000065,1.170099999999998,7.1661,0.17139999999999933,26.698,45.777150000000006,29.198274999999967,0.8901124999999994,5.317187499999998,-0.08079999999999987,27.035,0.2032285947737671,1.4631255354595045
121.05,24.95,139.4281,SSP1-2.6,2041-2060,9.27770000000001,43.44989999999999,61.52929999999992,1.0129999999999981,6.3570999999999955,0.39640000000000075,26.444000000000003,44.523025000000004,43.00082499999999,1.0989624999999998,6.03795,-0.19532500000000008,26.457,0.2032285947737671,1.526321315829296
121.05,25.0,144.7718,SSP1-2.6,2041-2060,8.439899999999994,43.379000000000005,65.65599999999995,1.335799999999999,4.783900000000003,-0.1285999999999996,25.754,44.071475,53.82839999999999,1.2541499999999997,6.350899999999999,-0.23728749999999998,26.47175,0.2032285947737671,1.5895170961990874
121.05,25.05,148.9552,SSP1-2.6,2041-2060,16.786900000000003,43.78,68.69740000000002,1.6723999999999997,7.682099999999998,-0.47859999999999925,25.809999999999995,43.776250000000005,63.93647499999997,1.2828749999999998,5.6178625,-0.21206250000000004,26.39375,0.2032285947737671,1.652712876568879
121.1,22.7,209.7102,SSP1-2.6,2041-2060,-26.865199999999987,47.87479999999999,-23.637800000000198,0.808600000000002,9.658900000000003,1.5304000000000002,21.998,47.921875,-14.767912499999966,0.40346249999999984,8.9116,2.263825,22.85725,0.30892243485498844,-1.317488800811278
121.1,22.75,218.2794,SSP1-2.6,2041-2060,-25.62100000000001,48.5817,-4.292699999999968,0.42169999999999774,8.326799999999999,2.057100000000001,23.012,48.27488749999999,-5.597225000000009,0.5966500000000008,8.26875,2.2046875000000004,22.98975,0.30892243485498844,-1.2542930204414864
121.1,22.8,239.6302,SSP1-2.6,2041-2060,-29.24879999999999,47.424299999999995,25.259000000000015,0.620000000000001,5.951799999999999,2.3106999999999998,23.868000000000002,47.536024999999995,-2.5081750000000227,0.7813875000000001,8.313625000000002,2.1814750000000003,22.848999999999997,0.30892243485498844,-1.191097240071695
121.1,22.85,261.6494,SSP1-2.6,2041-2060,-33.71950000000001,42.192600000000006,-10.54340000000002,0.8641000000000005,8.251800000000003,2.2518000000000002,20.497999999999998,46.862112499999995,10.28627499999999,0.9819374999999999,8.740637500000002,2.2392874999999997,22.49,0.30892243485498844,-1.1279014597019037
121.1,22.9,261.195,SSP1-2.6,2041-2060,-28.9015,43.3954,-20.263799999999947,1.0747,12.923199999999998,2.174999999999999,20.281999999999996,44.9908625,38.691187499999955,1.0847874999999996,8.120550000000001,2.3575999999999997,20.521250000000002,0.30892243485498844,-1.0647056793321166
121.1,22.95,241.7306,SSP1-2.6,2041-2060,-4.9702000000000055,48.4939,47.423499999999876,1.0000999999999998,8.273200000000003,2.471400000000001,22.036,44.364125,71.3717125,1.2097249999999993,7.660500000000001,2.3232249999999994,19.37275,0.30892243485498844,-1.0015098989623252
121.1,23.0,222.7341,SSP1-2.6,2041-2060,2.269599999999997,46.245799999999996,83.09909999999991,1.1570999999999998,7.716100000000004,2.6018,19.375999999999998,42.5693125,85.25448749999998,1.1703499999999996,6.0785875,2.3171875,17.582250000000002,0.30892243485498844,-0.9383141185925338
121.1,23.05,218.2652,SSP1-2.6,2041-2060,-3.3636999999999944,37.809200000000004,46.90990000000011,1.013300000000001,7.242900000000002,2.2446,14.437999999999999,44.6891375,75.64359999999996,1.0749875000000002,5.299775,2.3089375,18.212,0.30892243485498844,-0.8751183382227424
121.1,23.1,223.2152,SSP1-2.6,2041-2060,-3.461500000000001,48.529300000000006,33.35349999999994,0.6774000000000022,4.794599999999999,2.351800000000001,20.646,44.2080875,50.35877499999998,0.9068875000000007,5.8774750000000004,2.4421874999999997,17.29675,0.30892243485498844,-0.811922557852951
121.1,23.15,245.1815,SSP1-2.6,2041-2060,-10.05940000000001,49.7666,23.983799999999974,0.8364000000000011,5.266100000000002,2.5679,20.92,44.724962500000004,35.83027499999994,0.8096000000000005,5.9310125000000005,2.3716624999999993,16.9835,0.30892243485498844,-0.748726777483164
121.1,23.2,221.9474,SSP1-2.6,2041-2060,-16.060299999999984,42.206900000000005,22.40359999999987,0.7910000000000004,6.460700000000003,2.2303999999999995,14.345999999999998,44.357749999999996,25.20256249999997,0.9600874999999998,7.474550000000001,2.339525,17.40175,0.30892243485498844,-0.6855309971133726
121.1,23.25,201.5175,SSP1-2.6,2041-2060,-10.4897,44.19330000000001,20.215900000000147,1.255399999999998,9.0518,2.2125000000000004,18.052,41.2777625,24.60021249999994,1.1198999999999997,7.8357,2.3339374999999998,16.4775,0.30892243485498844,-0.6223352167435812
121.1,23.3,201.1787,SSP1-2.6,2041-2060,-5.2202000000000055,40.6269,38.422399999999925,1.4661000000000026,8.826799999999999,2.7696000000000005,17.27,43.1966125,34.24528749999999,1.212462499999999,7.5694125,2.2750125,18.682250000000003,0.30892243485498844,-0.5591394363737897
121.1,23.35,193.4156,SSP1-2.6,2041-2060,-6.228300000000019,46.7252,61.66620000000012,1.1813000000000002,3.983900000000002,2.3911,20.896,44.455625,47.75671249999996,1.1084374999999997,6.964062499999999,2.32165,19.753,0.30892243485498844,-0.4959436560039983
121.1,23.4,184.9147,SSP1-2.6,2041-2060,-5.137200000000007,49.1644,58.38879999999995,0.8811,6.001800000000003,2.4357000000000006,22.729999999999997,44.19415,59.91752500000001,0.8236999999999997,4.5703,2.0136374999999997,19.488,0.30892243485498844,-0.43274787563421135
121.1,23.45,184.3021,SSP1-2.6,2041-2060,-3.541499999999985,44.541500000000006,54.91300000000001,0.5078999999999994,3.742899999999999,1.7125000000000004,18.462000000000003,41.33081249999999,57.849312499999996,0.5984000000000003,3.5991,1.946225,18.89675,0.30892243485498844,-0.3695520952644199
121.1,23.5,183.5907,SSP1-2.6,2041-2060,0.5173000000000059,36.9192,48.856399999999894,0.4122000000000021,1.9303999999999988,1.7088999999999999,17.733999999999998,38.6593875,51.647162500000036,0.45718749999999986,2.6854750000000003,1.8625250000000004,17.247999999999998,0.30892243485498844,-0.3063563148946285
121.1,23.55,185.1699,SSP1-2.6,2041-2060,0.8214999999999861,38.313900000000004,37.10140000000001,0.32250000000000156,2.957100000000004,1.7929000000000013,16.509999999999998,37.2448875,40.06031250000004,0.44548750000000004,3.1540125000000003,1.8245500000000003,17.3825,0.30892243485498844,-0.24316053452483705
121.1,23.6,187.5404,SSP1-2.6,2041-2060,-2.1952,34.985299999999995,22.10900000000015,0.36010000000000275,3.6606999999999985,1.6607000000000003,17.214,39.8464125,28.374962500000038,0.4643874999999995,3.8812375000000015,1.8111625000000002,18.189999999999998,0.30892243485498844,-0.17996475415504562
121.1,23.65,193.9438,SSP1-2.6,2041-2060,-8.707400000000007,37.556099999999994,13.694899999999961,0.47080000000000055,5.183900000000001,1.6303999999999998,18.348,43.2458875,21.730175000000003,0.46802499999999947,3.9567000000000005,1.7408375000000003,21.10075,0.30892243485498844,-0.11676897378525869
121.1,23.7,206.6394,SSP1-2.6,2041-2060,-14.232799999999997,44.860800000000005,14.461799999999812,0.3891999999999989,3.8178999999999945,1.7393,21.406,45.916325,16.284025000000014,0.43387499999999957,3.8232125000000003,1.6901875000000002,22.98625,0.30892243485498844,-0.053573193415467256
121.1,23.75,220.3771,SSP1-2.6,2041-2060,-20.434200000000004,48.1642,15.43060000000014,0.31319999999999837,4.321399999999997,1.1731999999999996,24.942,47.0055375,-1.6601374999999905,0.34862499999999974,4.320774999999999,1.5520125000000002,23.818,0.30892243485498844,0.009622586954324176
121.1,23.8,201.3441,SSP1-2.6,2041-2060,-17.93119999999999,47.3417,-17.6728999999998,0.22949999999999804,6.1429000000000045,1.3053999999999988,24.243999999999996,43.56745,-23.375224999999944,0.30100000000000016,4.9433,1.2453125,21.609500000000004,0.30892243485498844,0.0728183673241156
121.1,23.85,203.6382,SSP1-2.6,2041-2060,-13.867500000000007,38.1512,-24.94360000000006,0.43260000000000076,6.212500000000006,0.5678999999999998,17.701999999999998,43.239925,-35.86553749999999,0.34103749999999966,6.377224999999999,1.1874874999999998,20.794,0.30892243485498844,0.13601414769390704
121.1,23.9,215.4339,SSP1-2.6,2041-2060,3.639700000000005,47.470000000000006,-9.702099999999973,0.5925000000000011,7.7231999999999985,0.585700000000001,22.026000000000003,41.1221375,-26.488149999999933,0.5444749999999994,6.674087500000001,1.06585,19.606250000000003,0.30892243485498844,0.19920992806369398
121.1,23.95,231.9823,SSP1-2.6,2041-2060,20.544099999999986,43.5094,5.268800000000283,0.8480999999999987,6.6821000000000055,0.5250000000000004,21.212000000000003,43.547512499999996,-3.7961749999999483,0.7731875000000001,6.761824999999998,1.0950750000000002,20.39775,0.30892243485498844,0.26240570843348543
121.1,24.0,228.2982,SSP1-2.6,2041-2060,23.302599999999984,43.6021,8.871300000000247,0.9036000000000008,6.3536,1.6339000000000006,20.212000000000003,43.794175,18.53312500000004,0.9774375000000002,6.835487499999999,0.9057999999999999,20.176750000000002,0.30892243485498844,0.32560148880327683
121.1,24.05,224.8174,SSP1-2.6,2041-2060,31.89990000000003,44.0598,37.92039999999997,1.125700000000002,7.957099999999997,0.5713999999999988,18.79,43.882225,32.44094999999993,1.0929625,6.6616125,1.0482125000000002,19.443749999999998,0.30892243485498844,0.3887972691730683
121.1,24.1,239.5316,SSP1-2.6,2041-2060,36.44520000000003,43.545,41.06929999999966,1.2695000000000007,7.7196,0.523200000000001,18.618000000000002,42.053825,47.393637499999954,1.2051124999999998,7.2834875,0.7875124999999998,17.40925,0.30892243485498844,0.4519930495428597
121.1,24.15,254.6405,SSP1-2.6,2041-2060,35.661399999999986,38.1811,59.878600000000006,1.3423000000000016,6.787500000000001,0.25539999999999985,15.226,41.230624999999996,64.59639999999996,1.2783499999999992,6.87745,0.8058000000000001,16.664250000000003,0.30892243485498844,0.5151888299126467
121.1,24.2,271.6774,SSP1-2.6,2041-2060,39.05010000000004,37.039500000000004,111.41169999999966,1.3633999999999986,6.371400000000001,1.0446000000000009,14.042000000000002,40.3528,81.20960000000008,1.305025,6.442862499999999,0.7441999999999998,15.58425,0.30892243485498844,0.578384610282438
121.1,24.25,272.0958,SSP1-2.6,2041-2060,42.20170000000002,41.3796,137.3741,1.4588999999999999,6.601799999999997,1.3732000000000006,15.775999999999998,39.290575000000004,59.598762499999964,1.1938875000000002,5.1343749999999995,0.7185249999999999,14.873750000000001,0.30892243485498844,0.6415803906522295
121.1,24.3,259.7439,SSP1-2.6,2041-2060,37.59770000000003,37.37420000000001,18.960399999999936,1.2418000000000013,3.3928999999999974,0.1517999999999997,14.556000000000001,37.7518375,29.309599999999932,1.120537500000001,4.302225000000001,0.5379374999999997,13.81175,0.30892243485498844,0.704776171022021
121.1,24.35,265.8524,SSP1-2.6,2041-2060,27.165300000000002,34.2631,-34.952600000000075,1.0361000000000011,1.707099999999997,0.13209999999999944,12.501999999999999,37.8300375,-5.475725000000068,0.963162500000001,3.2819125000000016,0.4995624999999999,14.1175,0.30892243485498844,0.7679719513918124
121.1,24.4,270.9881,SSP1-2.6,2041-2060,12.473900000000015,39.01769999999999,-18.57589999999982,0.8856000000000002,3.2338999999999984,1.1303999999999998,14.402000000000001,37.688575,-5.9216125000000375,0.8125000000000004,2.629450000000001,0.6888249999999998,14.4505,0.30892243485498844,0.8311677317615993
121.1,24.45,294.4583,SSP1-2.6,2041-2060,6.234399999999994,39.14809999999999,-11.022699999999986,0.7465999999999973,0.42499999999999716,0.9463999999999988,15.863999999999999,38.596475,-6.58348749999999,0.7376874999999998,3.9037875000000004,1.0040250000000002,15.08975,0.30892243485498844,0.8943635121313908
121.1,24.5,335.8741,SSP1-2.6,2041-2060,4.9010000000000105,36.411899999999996,-43.70940000000019,0.8946000000000005,7.5356999999999985,1.0982000000000003,14.261999999999999,39.4791,-30.625987500000065,0.5543374999999995,4.589062500000001,1.0932874999999997,16.79925,0.30892243485498844,0.9575592925011822
121.1,24.55,340.5173,SSP1-2.6,2041-2060,1.3217000000000212,43.3666,-59.00660000000016,0.3423000000000016,7.271400000000003,1.2375000000000007,20.352,40.541775,-50.73802500000005,0.44720000000000004,5.7138375,1.2135999999999996,19.0265,0.30892243485498844,1.0207550728709736
121.1,24.6,306.6514,SSP1-2.6,2041-2060,-0.7047000000000025,43.8973,-19.310500000000047,0.2193000000000005,5.5,1.8606999999999996,23.698,43.7968875,-48.41521250000005,0.30607500000000076,5.466725,1.2765374999999999,23.22975,0.30892243485498844,1.0839508532407651
121.1,24.65,236.5661,SSP1-2.6,2041-2060,4.09129999999999,45.74459999999999,12.247100000000046,0.36990000000000123,4.2196,1.4732000000000003,27.072,45.27595,-20.165487500000012,0.3581750000000006,4.333700000000001,0.9502124999999999,26.01925,0.30892243485498844,1.147146633610552
121.1,24.7,177.9282,SSP1-2.6,2041-2060,7.573199999999986,46.2682,20.69699999999989,0.6671000000000014,2.2268000000000043,0.16430000000000078,28.799999999999997,46.164387500000004,-4.399575000000027,0.47968750000000027,3.926775,0.3854749999999998,27.522000000000002,0.30892243485498844,1.2103424139803434
121.1,24.75,159.3,SSP1-2.6,2041-2060,11.297899999999998,46.7769,0.8894000000000233,0.5997999999999983,4.485700000000001,-0.5304000000000002,28.348,46.6218875,-9.89133750000002,0.5368875000000006,3.9368374999999998,-0.0073625000000000496,28.080750000000002,0.30892243485498844,1.273538194350135
121.1,24.8,160.3747,SSP1-2.6,2041-2060,13.53970000000001,46.0453,-21.208399999999983,0.5499000000000009,5.192900000000002,-0.35360000000000014,27.714,46.1711125,-19.55619999999999,0.58215,4.3912999999999975,-0.11071249999999988,27.615250000000003,0.30892243485498844,1.3367339747199263
121.1,24.85,141.9203,SSP1-2.6,2041-2060,16.414999999999992,45.39940000000001,-2.260100000000193,0.9195999999999991,4.355399999999996,0.0929000000000002,26.857999999999997,45.2493125,-9.802299999999917,0.7397,5.455587499999998,-0.027237499999999915,27.088500000000003,0.30892243485498844,1.3999297550897176
121.1,24.9,133.3081,SSP1-2.6,2041-2060,13.951400000000007,44.2916,56.92340000000013,1.3445,5.596399999999996,0.2732000000000001,26.102000000000004,44.29375,7.844337500000023,0.9178249999999992,5.706712499999998,-0.02366249999999992,26.71,0.30892243485498844,1.4631255354595045
121.1,24.95,141.1648,SSP1-2.6,2041-2060,11.054999999999978,43.44180000000001,36.17949999999996,1.232599999999998,5.192900000000002,0.2731999999999992,26.772000000000002,43.730050000000006,47.0378125,1.2141624999999996,5.448662499999999,-0.09554999999999991,26.3585,0.30892243485498844,1.526321315829296
121.1,25.0,145.5255,SSP1-2.6,2041-2060,13.377100000000013,43.006400000000006,79.00289999999995,1.4367000000000019,3.564300000000003,-0.7535999999999996,26.306000000000004,43.6539875,64.22223749999998,1.4169624999999995,5.3538,-0.08751249999999988,26.45975,0.30892243485498844,1.5895170961990874
121.1,25.05,141.6811,SSP1-2.6,2041-2060,15.071500000000015,43.5247,91.53590000000008,1.7767000000000017,4.841099999999997,-0.3517999999999999,26.946,43.649437500000005,71.46558749999997,1.4697999999999989,4.879025000000001,-0.14487499999999986,26.45875,0.30892243485498844,1.652712876568879
121.15,22.75,204.2117,SSP1-2.6,2041-2060,-18.71780000000001,51.1837,28.360799999999927,0.8410000000000011,8.321399999999997,2.3213999999999997,24.886,48.005725,-5.09788750000007,0.7037125,7.879025000000001,1.9000125000000003,23.194250000000004,0.41461627493623976,-1.2542930204414864
121.15,22.8,211.0309,SSP1-2.6,2041-2060,-21.7483,48.2566,20.366399999999885,0.774799999999999,5.576800000000006,1.7999999999999998,23.816000000000003,47.3494125,1.5504624999999521,0.7239999999999998,8.1663,2.0611625,23.104,0.41461627493623976,-1.191097240071695
121.15,22.85,229.0423,SSP1-2.6,2041-2060,-26.2431,45.8385,-13.440500000000156,0.8760000000000012,8.9679,1.6803999999999997,22.896,46.6548125,2.814499999999981,0.7624249999999995,7.868087500000001,2.0680875,22.44775,0.41461627493623976,-1.1279014597019037
121.15,22.9,228.9635,SSP1-2.6,2041-2060,-20.5479,45.308099999999996,4.511500000000069,0.24269999999999925,9.973199999999999,2.1267999999999994,21.684,45.517287499999995,18.518824999999964,0.7943624999999996,7.829475,2.1497875000000004,21.214999999999996,0.41461627493623976,-1.0647056793321166
121.15,22.95,213.8064,SSP1-2.6,2041-2060,0.7496000000000151,43.483599999999996,70.67750000000001,0.3069999999999986,6.1928999999999945,2.6178999999999997,19.318,45.5900625,47.047274999999985,0.8965374999999995,6.82455,2.1558124999999997,20.48575,0.41461627493623976,-1.0015098989623252
121.15,23.0,216.1364,SSP1-2.6,2041-2060,-1.5486000000000217,43.201299999999996,92.08199999999988,0.7979999999999983,3.5375000000000014,1.9535999999999998,19.538,44.710499999999996,64.5362125,0.8735500000000003,5.397774999999999,2.3263375,19.3315,0.41461627493623976,-0.9383141185925338
121.15,23.05,219.7358,SSP1-2.6,2041-2060,-10.003000000000014,48.9884,53.0616,0.4646000000000008,4.9679,2.669600000000001,21.051999999999996,44.4208875,55.871737499999995,0.8492500000000005,4.6071375,2.2933125,18.944499999999998,0.41461627493623976,-0.8751183382227424
121.15,23.1,237.045,SSP1-2.6,2041-2060,-16.655699999999996,48.711400000000005,21.930900000000065,0.4676000000000009,4.162500000000001,2.646399999999999,19.904,45.428925,39.79457500000001,0.604925000000001,4.928350000000001,2.465625,19.24375,0.41461627493623976,-0.811922557852951
121.15,23.15,249.418,SSP1-2.6,2041-2060,-22.006699999999995,47.866699999999994,23.405299999999897,0.6075000000000017,7.814300000000003,2.4231999999999996,18.944000000000003,44.9762125,26.110174999999998,0.5543875000000007,5.082350000000002,2.3468875,18.080750000000002,0.41461627493623976,-0.748726777483164
121.15,23.2,231.0542,SSP1-2.6,2041-2060,-19.951099999999997,39.4145,17.80899999999997,0.6905999999999999,6.0214,1.9053999999999993,13.218,44.331937499999995,23.471475000000027,0.7794624999999997,6.342850000000002,2.2745625,17.732,0.41461627493623976,-0.6855309971133726
121.15,23.25,215.7752,SSP1-2.6,2041-2060,-13.7346,40.3661,25.64779999999996,1.1154999999999973,9.533900000000003,1.8661000000000003,15.625999999999998,42.7284125,32.915212500000024,1.0874499999999998,7.014275,2.2287875,16.84675,0.41461627493623976,-0.6223352167435812
121.15,23.3,208.7432,SSP1-2.6,2041-2060,-6.2934999999999945,44.1159,57.92380000000003,1.6103999999999985,8.157099999999996,2.0839000000000008,18.36,44.6649125,66.54976250000004,1.3130874999999993,6.903125000000001,2.370975,19.18425,0.41461627493623976,-0.5591394363737897
121.15,23.35,210.3023,SSP1-2.6,2041-2060,0.22550000000001091,48.791,118.09699999999998,1.6775999999999982,7.467900000000004,2.4375,21.806,46.989712499999996,94.89250000000001,1.2835750000000001,5.981249999999999,2.378775,20.907249999999998,0.41461627493623976,-0.4959436560039983
121.15,23.4,202.4417,SSP1-2.6,2041-2060,1.7668999999999926,50.95519999999999,107.39380000000006,1.1445000000000007,6.689299999999999,2.7124999999999995,23.190000000000005,45.6913875,114.15863750000003,1.1038999999999999,4.507150000000001,2.1555750000000002,20.195,0.41461627493623976,-0.43274787563421135
121.15,23.45,199.0466,SSP1-2.6,2041-2060,3.4553999999999974,39.8979,99.5643,0.7250000000000014,2.1696000000000026,1.9679000000000002,16.869999999999997,43.8184375,106.96203749999998,0.9077625000000005,4.3850625,2.087275,19.521749999999997,0.41461627493623976,-0.3695520952644199
121.15,23.5,195.4459,SSP1-2.6,2041-2060,6.010700000000014,36.50170000000001,92.95440000000008,0.7591000000000001,3.289300000000001,1.6179000000000006,16.036,40.571175,97.32702499999999,0.7498750000000007,3.7459750000000005,1.8830375000000001,17.60325,0.41461627493623976,-0.3063563148946285
121.15,23.55,189.8661,SSP1-2.6,2041-2060,10.783300000000025,36.8183,84.79880000000003,0.6880999999999986,3.985699999999998,1.8375000000000004,15.535999999999998,38.21951250000001,86.03559999999999,0.739925000000001,3.8709750000000005,1.7859375000000002,17.46,0.41461627493623976,-0.24316053452483705
121.15,23.6,186.0783,SSP1-2.6,2041-2060,10.20999999999998,34.2754,68.56709999999998,0.7333999999999996,4.2714,1.7571000000000012,16.912,39.188925,75.8613875,0.7422125000000002,4.13705,1.6265625000000001,17.69225,0.41461627493623976,-0.17996475415504562
121.15,23.65,185.8847,SSP1-2.6,2041-2060,8.470199999999977,41.7261,64.08989999999994,0.7801999999999971,4.230400000000003,1.7356999999999996,18.85,39.801425,71.92482499999994,0.7415999999999998,3.5326,1.7906250000000004,19.59925,0.41461627493623976,-0.11676897378525869
121.15,23.7,194.7473,SSP1-2.6,2041-2060,4.688199999999995,47.133900000000004,81.1090999999999,0.7034999999999982,2.9036000000000044,2.2250000000000014,25.266000000000002,40.833775,58.83606249999997,0.6720374999999992,2.943987499999999,1.7493375000000002,20.108249999999998,0.41461627493623976,-0.053573193415467256
121.15,23.75,198.8984,SSP1-2.6,2041-2060,-6.913000000000011,38.2232,60.52600000000007,0.5800000000000018,1.3393000000000015,1.9643000000000015,19.256,40.97987500000001,40.50331249999999,0.5583249999999991,3.134174999999999,1.7227750000000002,20.95425,0.41461627493623976,0.009622586954324176
121.15,23.8,191.5716,SSP1-2.6,2041-2060,-8.85499999999999,39.644800000000004,17.788700000000063,0.46330000000000027,4.428599999999996,1.3571000000000009,19.218,36.392625,19.664787500000045,0.5115124999999994,4.1654,1.4180875000000002,17.825499999999998,0.41461627493623976,0.0728183673241156
121.15,23.85,194.29,SSP1-2.6,2041-2060,-6.401999999999987,28.5858,11.79079999999999,0.5189999999999984,6.494599999999998,0.9839000000000002,13.392000000000001,37.838025,10.984024999999974,0.5554124999999996,5.7589375,1.0968750000000003,17.50125,0.41461627493623976,0.13601414769390704
121.15,23.9,210.7855,SSP1-2.6,2041-2060,0.8430999999999926,35.03790000000001,19.35079999999971,0.6807999999999979,6.733899999999998,0.8856999999999999,14.113999999999999,38.52363750000001,21.00071250000005,0.7519874999999994,6.572312500000001,0.7633875000000003,17.81425,0.41461627493623976,0.19920992806369398
121.15,23.95,221.0313,SSP1-2.6,2041-2060,15.172000000000025,43.54520000000001,36.25680000000011,1.1174,7.553599999999999,0.3606999999999996,21.352000000000004,40.646100000000004,41.443812500000035,0.9649000000000001,6.3330375,0.5685125000000002,18.268,0.41461627493623976,0.26240570843348543
121.15,24.0,208.2416,SSP1-2.6,2041-2060,21.5111,41.770199999999996,67.47730000000001,1.2359000000000009,4.287500000000001,-0.19289999999999985,19.462,41.5773375,49.76180000000005,1.1597750000000007,6.6169625,0.6399499999999998,18.71875,0.41461627493623976,0.32560148880327683
121.15,24.05,227.0086,SSP1-2.6,2041-2060,24.598299999999995,40.7297,43.17829999999958,1.1357,6.191099999999999,0.9000000000000004,17.92,41.120025,49.78634999999997,1.2489375000000007,6.322087499999999,0.5189625,17.7885,0.41461627493623976,0.3887972691730683
121.15,24.1,226.4273,SSP1-2.6,2041-2060,28.50479999999999,40.9085,33.47870000000012,1.2367999999999988,6.673200000000001,0.5286000000000008,17.228,40.5660125,46.06908749999991,1.2757000000000005,6.44955,0.5446500000000001,16.909,0.41461627493623976,0.4519930495428597
121.15,24.15,233.0759,SSP1-2.6,2041-2060,33.18029999999999,40.4148,50.64890000000014,1.3169000000000004,7.5929,0.1911000000000005,16.134,39.2376125,54.500187499999925,1.2403999999999997,5.868075000000001,0.46830000000000016,15.674000000000001,0.41461627493623976,0.5151888299126467
121.15,24.2,239.0644,SSP1-2.6,2041-2060,35.458999999999975,37.656,73.63190000000031,1.1494,5.237499999999997,0.3213999999999988,14.114,39.1703375,70.53148749999997,1.1617625000000005,5.8098375,0.44197500000000023,15.055,0.41461627493623976,0.578384610282438
121.15,24.25,228.7634,SSP1-2.6,2041-2060,32.686199999999985,40.409800000000004,91.96070000000009,1.1685000000000016,5.626799999999996,0.44289999999999985,14.918000000000001,37.982275,62.34383749999989,0.9887125000000005,4.9252375,0.36606249999999996,14.2255,0.41461627493623976,0.6415803906522295
121.15,24.3,218.3997,SSP1-2.6,2041-2060,24.535300000000007,38.3829,43.60889999999972,1.027000000000001,4.5893000000000015,0.0017999999999993577,13.08,35.2562,40.000899999999945,0.9121125000000014,4.356487499999999,0.26227500000000004,13.18075,0.41461627493623976,0.704776171022021
121.15,24.35,226.7928,SSP1-2.6,2041-2060,14.14500000000001,27.009899999999995,4.567199999999957,0.9821000000000026,3.7643000000000058,-0.2679000000000009,9.693999999999999,35.4503,18.00653749999998,0.8533875000000011,3.7339374999999997,0.5218750000000001,13.008,0.41461627493623976,0.7679719513918124
121.15,24.4,243.9756,SSP1-2.6,2041-2060,4.2704000000000235,39.588499999999996,8.171900000000278,0.7944000000000031,3.3643,0.6643000000000008,14.46,34.175462499999995,12.534925000000044,0.8170750000000004,3.2580375000000004,0.7966374999999999,12.63775,0.41461627493623976,0.8311677317615993
121.15,24.45,280.6583,SSP1-2.6,2041-2060,4.038099999999986,37.6652,29.56829999999991,0.7753000000000014,4.1768,1.3071000000000002,13.514,36.8508375,11.770175000000108,0.8272374999999994,3.7430875,1.1582625,13.761500000000002,0.41461627493623976,0.8943635121313908
121.15,24.5,332.4719,SSP1-2.6,2041-2060,7.30680000000001,35.227599999999995,25.911399999999958,1.0203999999999986,4.5000000000000036,1.1892999999999994,14.086000000000002,37.956875000000004,-5.10265000000004,0.6589749999999999,4.634824999999999,1.3122624999999999,15.20625,0.41461627493623976,0.9575592925011822
121.15,24.55,331.7236,SSP1-2.6,2041-2060,3.804900000000032,39.3435,-43.85960000000023,0.3518000000000008,6.0107,1.4445999999999994,18.436,38.3039,-18.61680000000007,0.5154999999999998,5.978800000000001,1.4959749999999998,16.80175,0.41461627493623976,1.0207550728709736
121.15,24.6,323.2732,SSP1-2.6,2041-2060,0.8124000000000251,42.781299999999995,-50.55659999999989,-0.01910000000000167,7.899999999999999,1.7981999999999996,21.154000000000003,40.504525,-31.13440000000014,0.3425125000000011,5.563600000000001,1.5836875000000001,20.497,0.41461627493623976,1.0839508532407651
121.15,24.65,257.0223,SSP1-2.6,2041-2060,6.9787000000000035,42.9906,-41.23660000000018,0.4435000000000002,5.019600000000004,1.5196000000000005,24.448,42.93375,-23.41910000000007,0.3384250000000004,5.0207500000000005,1.3178625000000002,23.849000000000004,0.41461627493623976,1.147146633610552
121.15,24.7,207.5158,SSP1-2.6,2041-2060,6.7724999999999795,45.9919,-17.85220000000004,0.5355999999999987,3.9893,0.38039999999999985,27.802000000000003,44.584125,-13.284800000000104,0.47635000000000005,4.415150000000001,0.9410750000000003,26.304000000000002,0.41461627493623976,1.2103424139803434
121.15,24.75,181.2701,SSP1-2.6,2041-2060,10.795699999999982,44.3879,-8.354800000000068,0.49520000000000053,6.3570999999999955,0.1374999999999993,26.61,45.3916,-18.91688750000003,0.47743749999999974,4.78035,0.4611750000000001,27.48,0.41461627493623976,1.273538194350135
121.15,24.8,173.8362,SSP1-2.6,2041-2060,11.276200000000017,44.4828,-81.94880000000012,0.27990000000000137,6.507099999999998,0.5018000000000011,26.470000000000002,44.621224999999995,-21.667337500000002,0.4860249999999997,5.710274999999999,0.3526874999999998,26.984,0.41461627493623976,1.3367339747199263
121.15,24.85,173.5678,SSP1-2.6,2041-2060,10.635999999999996,42.5946,-86.46679999999992,0.4217000000000013,6.9893,0.4732000000000003,26.032000000000004,43.630624999999995,-12.470999999999975,0.6158999999999999,6.081249999999999,0.23549999999999993,26.244750000000003,0.41461627493623976,1.3999297550897176
121.15,24.9,151.5627,SSP1-2.6,2041-2060,7.968199999999996,42.096199999999996,6.917100000000119,0.8445,6.3481999999999985,-0.2893000000000008,25.742000000000004,43.03852500000001,-4.049887500000011,0.8626624999999994,5.8431,0.128575,25.853,0.41461627493623976,1.4631255354595045
121.15,24.95,146.9294,SSP1-2.6,2041-2060,5.565800000000024,44.2213,0.07510000000002037,1.0757000000000012,5.955399999999997,-0.5588999999999995,26.886,43.0246125,35.56721250000001,1.1915874999999994,5.052912500000001,-0.11765000000000025,26.042,0.41461627493623976,1.526321315829296
121.15,25.0,148.0878,SSP1-2.6,2041-2060,16.25200000000001,44.278000000000006,72.53319999999985,1.4929999999999986,3.8179000000000016,0.125,26.936,43.5730875,52.006325000000004,1.4054249999999997,4.875025000000001,-0.25470000000000015,26.5395,0.41461627493623976,1.5895170961990874
121.15,25.05,138.5894,SSP1-2.6,2041-2060,22.64319999999998,43.157199999999996,117.57150000000001,1.7364999999999995,4.200000000000003,0.02319999999999922,26.13,44.040350000000004,67.16978750000001,1.4614249999999993,4.71965,-0.1743374999999998,27.038,0.41461627493623976,1.652712876568879
121.15,25.1,133.6598,SSP1-2.6,2041-2060,14.721800000000002,43.4601,70.73860000000013,1.4171999999999976,4.389299999999999,-0.2946,26.651999999999997,44.2136,71.55111249999999,1.4990749999999995,4.9689749999999995,-0.06206249999999991,27.07125,0.41461627493623976,1.7159086569386703
121.2,22.8,206.7171,SSP1-2.6,2041-2060,-20.6926,49.896499999999996,5.202399999999898,1.1221999999999994,8.626800000000003,1.9143,23.802000000000003,48.0951,4.545924999999954,0.7247624999999998,7.41965,2.0080375,23.308,0.520310115017461,-1.191097240071695
121.2,22.85,221.465,SSP1-2.6,2041-2060,-27.591499999999996,48.369899999999994,-22.653400000000147,0.8042999999999978,6.910700000000006,1.8268000000000004,24.186,46.7301625,9.546674999999965,0.7938999999999998,7.6797,1.9759,22.11025,0.520310115017461,-1.1279014597019037
121.2,22.9,210.415,SSP1-2.6,2041-2060,-17.2723,48.3951,20.637300000000096,0.5965999999999987,4.730399999999996,2.1393000000000004,21.446,46.6757875,14.78526249999996,0.8087124999999995,8.387725,2.0051499999999995,21.95325,0.520310115017461,-1.0647056793321166
121.2,22.95,200.492,SSP1-2.6,2041-2060,2.9309000000000083,43.9693,76.3134,0.8321000000000005,6.3857,2.0357000000000003,19.058,45.862425,37.49241250000003,0.9718374999999995,6.4937499999999995,2.0698875,20.898249999999997,0.520310115017461,-1.0015098989623252
121.2,23.0,206.371,SSP1-2.6,2041-2060,-0.0841000000000065,45.711600000000004,72.5752,1.471,1.0570999999999984,1.7428999999999997,20.465999999999998,45.121174999999994,58.00893750000006,1.0209000000000001,5.2151749999999995,2.225675,20.0225,0.520310115017461,-0.9383141185925338
121.2,23.05,215.9436,SSP1-2.6,2041-2060,-8.342700000000008,42.98219999999999,66.22950000000014,0.7432000000000016,1.3463999999999956,2.226799999999999,18.907999999999998,45.9774625,46.44733750000003,0.984925,4.323875,2.3205375,20.23075,0.520310115017461,-0.8751183382227424
121.2,23.1,235.1445,SSP1-2.6,2041-2060,-19.469099999999997,42.1763,30.79379999999992,0.46640000000000015,7.0,2.5786,18.28,46.44415,35.05217500000006,0.6222125000000003,3.9314624999999994,2.4785625,20.0345,0.520310115017461,-0.811922557852951
121.2,23.15,236.1311,SSP1-2.6,2041-2060,-20.588099999999997,45.3127,40.61920000000009,0.03059999999999974,0.9946000000000055,2.6624999999999996,20.762000000000004,44.330375000000004,18.81272500000003,0.5797625000000002,5.9700750000000005,2.3435249999999996,18.0295,0.520310115017461,-0.748726777483164
121.2,23.2,238.2312,SSP1-2.6,2041-2060,-20.851100000000002,43.692,17.987600000000157,0.4751000000000012,5.9589,1.8321000000000005,16.57,43.30448749999999,20.09158750000003,0.811175,5.901550000000001,2.3236625,17.5225,0.520310115017461,-0.6855309971133726
121.2,23.25,247.1971,SSP1-2.6,2041-2060,-18.9529,41.2512,13.508600000000115,1.1241999999999983,5.662500000000001,2.4017999999999997,16.636000000000003,43.8133625,40.37462500000001,1.0867625000000003,6.733912500000001,2.2269875,17.70075,0.520310115017461,-0.6223352167435812
121.2,23.3,235.7734,SSP1-2.6,2041-2060,-4.203300000000013,46.32659999999999,75.05079999999998,1.2867999999999995,5.975000000000001,2.3945999999999996,20.322000000000003,45.9532,89.05475000000001,1.3775125,6.624550000000001,2.4122625,19.749750000000002,0.520310115017461,-0.5591394363737897
121.2,23.35,238.803,SSP1-2.6,2041-2060,10.530599999999993,49.038999999999994,179.78940000000011,1.3978000000000002,4.7231999999999985,2.4946,22.865999999999996,47.8341375,130.72613749999996,1.3984625,6.101575,2.3622625000000004,21.227000000000004,0.520310115017461,-0.4959436560039983
121.2,23.4,231.2304,SSP1-2.6,2041-2060,10.852599999999995,48.964499999999994,180.50479999999993,1.3005999999999993,3.492899999999999,1.7482000000000006,21.624,46.734399999999994,159.0959375,1.3105750000000003,5.176787500000001,2.3982125000000005,20.906,0.520310115017461,-0.43274787563421135
121.2,23.45,227.5312,SSP1-2.6,2041-2060,10.64919999999998,38.4076,160.3456000000001,1.1599000000000004,4.475000000000001,2.0571,16.305999999999997,46.0144125,157.87642499999995,1.1546250000000002,4.485725,2.3656375,20.561,0.520310115017461,-0.3695520952644199
121.2,23.5,225.2992,SSP1-2.6,2041-2060,12.537799999999976,45.09340000000001,152.33949999999982,1.0968000000000018,5.4589,2.705399999999999,20.092,42.858675000000005,154.84842500000002,1.077725,4.1587000000000005,2.3084750000000005,18.875,0.520310115017461,-0.3063563148946285
121.2,23.55,220.2388,SSP1-2.6,2041-2060,14.879999999999995,44.577600000000004,140.69720000000007,1.0866000000000007,5.248200000000001,1.2820999999999998,19.316000000000003,40.50905,146.43218749999994,1.0851,4.5609375,2.3450875,18.3065,0.520310115017461,-0.24316053452483705
121.2,23.6,206.7954,SSP1-2.6,2041-2060,19.568399999999997,35.089600000000004,125.6597999999999,1.1486999999999998,4.1518000000000015,1.7624999999999993,15.866,41.133862500000006,133.83202499999996,1.1006874999999998,4.59665,1.9444000000000004,18.516,0.520310115017461,-0.17996475415504562
121.2,23.65,192.5687,SSP1-2.6,2041-2060,25.773899999999998,44.4445,118.74009999999998,1.0807000000000002,3.6785999999999994,1.3107000000000006,19.897999999999996,39.50285,120.57274999999993,1.0791249999999994,3.3542500000000013,1.9029000000000003,19.2695,0.520310115017461,-0.11676897378525869
121.2,23.7,197.9342,SSP1-2.6,2041-2060,24.36789999999999,40.065799999999996,131.05679999999984,1.0463999999999984,0.5929000000000002,2.2393,21.884,39.429387500000004,89.48401250000003,0.9004249999999996,2.0721000000000007,1.8520125000000005,19.37375,0.520310115017461,-0.053573193415467256
121.2,23.75,198.2544,SSP1-2.6,2041-2060,-2.7424000000000035,31.6295,52.6884,0.715799999999998,0.38749999999999574,2.2018000000000004,16.282,37.7975625,66.37745000000001,0.7537125000000002,1.6500125000000003,1.7649625000000007,19.14725,0.520310115017461,0.009622586954324176
121.2,23.8,189.9227,SSP1-2.6,2041-2060,-2.6154999999999973,28.9983,29.163999999999987,0.6057000000000023,2.4786,1.5411000000000001,14.392,34.0283,36.66296250000002,0.6612874999999991,3.140837499999998,1.6278875000000006,15.948250000000002,0.520310115017461,0.0728183673241156
121.2,23.85,191.8552,SSP1-2.6,2041-2060,-1.7548999999999921,30.0471,30.335000000000036,0.6962999999999973,5.946399999999997,1.6071000000000009,12.394,33.9878125,35.174699999999916,0.7535374999999997,5.029912499999999,1.2227500000000002,15.202749999999998,0.520310115017461,0.13601414769390704
121.2,23.9,205.9578,SSP1-2.6,2041-2060,1.3174000000000206,36.0132,43.55229999999983,0.7425999999999995,6.4054,0.9250000000000007,15.920000000000002,35.3565375,54.72022499999994,0.9797499999999988,6.145524999999999,0.9243124999999999,15.45675,0.520310115017461,0.19920992806369398
121.2,23.95,219.311,SSP1-2.6,2041-2060,14.381900000000002,40.867200000000004,75.44770000000017,1.0673999999999992,5.560700000000001,0.5518000000000001,18.516,37.66695,94.7658874999999,1.3362500000000002,5.816537499999999,0.39373749999999963,16.521,0.520310115017461,0.26240570843348543
121.2,24.0,211.048,SSP1-2.6,2041-2060,31.74969999999999,36.8988,121.2844,1.6483000000000025,6.917899999999996,-0.3661000000000012,14.682,39.46843750000001,124.79808749999995,1.6137000000000001,4.872774999999999,0.38906249999999987,17.502499999999998,0.520310115017461,0.32560148880327683
121.2,24.05,239.5331,SSP1-2.6,2041-2060,27.22180000000003,39.4065,69.86670000000004,1.4320000000000022,5.7196,0.9428999999999998,17.066,38.607225,138.87487499999992,1.7949875,4.4343875,0.22767499999999985,16.34675,0.520310115017461,0.3887972691730683
121.2,24.1,223.0383,SSP1-2.6,2041-2060,24.09820000000002,38.769299999999994,18.322699999999713,1.1396999999999977,4.9482,0.5106999999999999,16.25,38.42563750000001,130.2910625,1.7625375,4.459837500000001,0.4881875,15.801250000000001,0.520310115017461,0.4519930495428597
121.2,24.15,218.2223,SSP1-2.6,2041-2060,28.46090000000001,39.4219,47.66780000000017,1.4437999999999995,4.680400000000002,0.46250000000000036,15.268,37.9243375,96.12434999999999,1.4091124999999995,4.414075,0.3133999999999997,15.106000000000002,0.520310115017461,0.5151888299126467
121.2,24.2,229.8587,SSP1-2.6,2041-2060,24.774900000000002,38.379599999999996,50.54079999999976,0.9783000000000008,4.5268000000000015,0.09999999999999964,14.646,37.81295,72.23686250000009,1.0025375000000003,4.3953375,0.2540249999999997,14.4315,0.520310115017461,0.578384610282438
121.2,24.25,214.5532,SSP1-2.6,2041-2060,12.233900000000006,38.1364,14.76929999999993,0.2220000000000013,4.2911,-0.33389999999999986,14.429999999999998,37.713825,52.46887499999997,0.6998500000000005,4.16765,0.21986249999999963,13.86075,0.520310115017461,0.6415803906522295
121.2,24.3,210.2561,SSP1-2.6,2041-2060,10.555800000000005,35.51,48.453599999999824,0.4689000000000014,4.391100000000002,0.2696000000000005,13.159999999999998,35.33115,37.714249999999936,0.5771500000000014,4.172112500000001,0.2573749999999997,12.79825,0.520310115017461,0.704776171022021
121.2,24.35,213.7987,SSP1-2.6,2041-2060,7.148600000000016,27.9666,38.8744999999999,0.7186000000000021,5.076799999999999,0.3304000000000009,10.41,33.685537499999995,35.431387499999914,0.6527125000000011,3.939300000000002,0.6448499999999999,12.1765,0.520310115017461,0.7679719513918124
121.2,24.4,230.6327,SSP1-2.6,2041-2060,-0.709699999999998,31.4994,39.51150000000007,0.6546999999999983,4.116100000000003,1.4946000000000002,11.493999999999998,32.10850000000001,33.863999999999976,0.7357375000000017,4.003350000000001,0.9066875000000001,11.67725,0.520310115017461,0.8311677317615993
121.2,24.45,269.3947,SSP1-2.6,2041-2060,1.880800000000022,36.83370000000001,52.3091000000004,0.7376000000000005,3.564300000000003,1.3000000000000007,13.222000000000001,33.54944999999999,33.73671250000001,0.7988374999999999,3.7589375,1.2194125,12.201250000000002,0.520310115017461,0.8943635121313908
121.2,24.5,324.1016,SSP1-2.6,2041-2060,6.04929999999996,37.0798,41.565500000000156,0.8839999999999968,3.2053999999999974,1.4428999999999998,12.302,35.052324999999996,23.74508750000001,0.7091000000000003,4.124325000000001,1.4392749999999996,13.649000000000001,0.520310115017461,0.9575592925011822
121.2,24.55,335.3871,SSP1-2.6,2041-2060,-0.9223999999999819,33.806200000000004,-6.6658000000002176,0.5396000000000001,4.889299999999999,1.7213999999999992,13.697999999999999,36.9133625,8.962424999999996,0.5570249999999994,4.907150000000001,1.6109249999999997,15.525750000000002,0.520310115017461,1.0207550728709736
121.2,24.6,331.4024,SSP1-2.6,2041-2060,-1.2971999999999753,33.8605,-37.16240000000016,0.24290000000000234,7.028600000000004,1.6196000000000002,14.862000000000002,38.650475,-17.631637500000068,0.37141250000000037,5.2874875,1.7609249999999999,18.4915,0.520310115017461,1.0839508532407651
121.2,24.65,302.8522,SSP1-2.6,2041-2060,7.870800000000031,41.0269,-54.08080000000018,0.23080000000000211,4.569600000000001,1.7929000000000013,21.41,40.6082125,-22.193537500000076,0.4001874999999995,5.5970875,1.5049,21.53575,0.520310115017461,1.147146633610552
121.2,24.7,276.8722,SSP1-2.6,2041-2060,3.5301999999999794,43.899300000000004,-41.33440000000019,0.46089999999999876,4.7320999999999955,1.4535999999999998,25.994000000000003,42.6636375,-10.340875000000068,0.5252499999999998,5.321624999999999,1.2576000000000003,24.42925,0.520310115017461,1.2103424139803434
121.2,24.75,236.2187,SSP1-2.6,2041-2060,15.987299999999976,45.5786,4.89469999999983,0.5435999999999979,3.7107000000000028,1.517900000000001,27.75,43.7794125,-5.135487500000039,0.5385749999999994,5.8457374999999985,0.9531375,26.16825,0.520310115017461,1.273538194350135
121.2,24.8,178.2848,SSP1-2.6,2041-2060,10.76830000000001,44.0898,-15.472399999999652,0.18270000000000053,7.398200000000003,0.5553999999999988,26.962000000000003,43.2867375,-5.867500000000064,0.515825,6.163162499999999,0.9330375000000004,26.110500000000002,0.520310115017461,1.3367339747199263
121.2,24.85,172.0038,SSP1-2.6,2041-2060,6.053100000000001,42.0973,-45.36030000000005,0.17569999999999908,7.192899999999998,0.9285999999999994,25.598000000000003,42.220225,-4.035887500000001,0.5953500000000003,6.452662500000001,0.5000000000000002,25.45075,0.520310115017461,1.3999297550897176
121.2,24.9,157.3468,SSP1-2.6,2041-2060,5.026900000000012,40.5426,2.641499999999951,0.6303999999999981,6.058900000000001,0.1750000000000007,24.512,41.6466375,-3.0155249999999967,0.7997750000000008,6.623225000000001,0.08906250000000004,25.0975,0.520310115017461,1.4631255354595045
121.2,24.95,144.8226,SSP1-2.6,2041-2060,10.790999999999997,41.7196,5.868600000000015,1.1010999999999989,5.403600000000004,-0.6286000000000005,24.064,42.276425,24.3897125,1.10825,6.017200000000001,-0.06918750000000018,25.79025,0.520310115017461,1.526321315829296
121.2,25.0,141.6057,SSP1-2.6,2041-2060,10.619599999999991,44.8207,24.471500000000106,1.4498999999999995,4.441099999999999,-0.1161000000000012,27.901999999999997,43.0745125,48.23106249999998,1.3088999999999995,5.605600000000003,-0.12588749999999993,26.17475,0.520310115017461,1.5895170961990874
121.2,25.05,139.4125,SSP1-2.6,2041-2060,17.597499999999997,44.693,61.34559999999988,1.434199999999997,5.4018000000000015,0.07500000000000107,27.309999999999995,43.9063,67.61416250000002,1.4306374999999991,5.127012499999999,-0.033925000000000205,26.869749999999996,0.520310115017461,1.652712876568879
121.2,25.1,131.6031,SSP1-2.6,2041-2060,17.34129999999999,44.3476,63.503200000000106,1.3818999999999981,5.882099999999994,-0.10540000000000038,26.566,43.9178125,72.38544999999999,1.4452124999999993,5.001337500000001,0.03885000000000016,26.8175,0.520310115017461,1.7159086569386703
121.25,22.9,216.8963,SSP1-2.6,2041-2060,-24.8519,49.9846,-26.673700000000053,1.0427,8.924999999999997,1.8589000000000002,23.682,46.5261,13.992462500000016,0.9695374999999999,8.4013375,2.008725,21.67525,0.6260039550986825,-1.0647056793321166
121.25,22.95,205.0974,SSP1-2.6,2041-2060,-12.099999999999994,46.5558,24.344900000000052,1.2426999999999992,11.119600000000005,1.9803999999999995,21.0,46.589299999999994,31.605037500000037,1.107075,7.231475,2.1216625000000002,21.09975,0.6260039550986825,-1.0015098989623252
121.25,23.0,198.2906,SSP1-2.6,2041-2060,-1.886000000000024,44.2593,41.78460000000018,2.0740000000000016,6.414300000000004,2.1393000000000004,20.052,46.0849625,37.202450000000056,1.3342000000000005,6.473412499999999,2.1178624999999998,20.64975,0.6260039550986825,-0.9383141185925338
121.25,23.05,204.9055,SSP1-2.6,2041-2060,-4.418299999999988,47.5295,39.5780000000002,1.7056000000000004,1.757099999999994,2.1820999999999993,21.253999999999998,45.1897,35.778387500000036,1.2206000000000006,5.9368124999999985,2.2899624999999997,20.0495,0.6260039550986825,-0.8751183382227424
121.25,23.1,235.0819,SSP1-2.6,2041-2060,-19.615099999999984,47.24190000000001,19.77260000000001,0.43219999999999814,5.694600000000001,2.6518000000000006,21.299999999999997,44.3645625,28.203162500000076,0.9277625000000005,4.669849999999998,2.3874999999999997,19.1265,0.6260039550986825,-0.811922557852951
121.25,23.15,250.155,SSP1-2.6,2041-2060,-23.358800000000002,42.9204,15.820300000000088,0.5263999999999989,4.714299999999994,2.3661000000000003,18.152,44.4853625,11.135425000000055,0.609375,5.831675,2.4162875,18.82625,0.6260039550986825,-0.748726777483164
121.25,23.2,265.027,SSP1-2.6,2041-2060,-24.204799999999977,42.619800000000005,2.982300000000123,0.9723000000000006,6.394600000000004,2.3446,17.868000000000002,43.986125,12.582062500000063,0.7967,5.112049999999999,2.4542375,18.17125,0.6260039550986825,-0.6855309971133726
121.25,23.25,255.8634,SSP1-2.6,2041-2060,-13.131900000000002,46.6845,20.940200000000004,1.4223000000000035,6.076799999999999,2.6196,18.974000000000004,44.4808625,40.498625000000004,1.0199875,5.472312500000001,2.4604749999999997,18.68875,0.6260039550986825,-0.6223352167435812
121.25,23.3,241.7888,SSP1-2.6,2041-2060,3.7095999999999947,47.287499999999994,104.65549999999985,1.121100000000002,5.753600000000002,2.7696000000000005,20.668,46.1806,89.9339625,1.3395000000000001,5.420299999999999,2.5473125000000003,19.96575,0.6260039550986825,-0.5591394363737897
121.25,23.35,238.2871,SSP1-2.6,2041-2060,17.844299999999976,50.0904,191.87570000000005,1.5512000000000015,5.621400000000001,2.625,23.062000000000005,47.28988749999999,132.31696249999996,1.3016499999999995,5.5113875,2.37075,20.793,0.6260039550986825,-0.4959436560039983
121.25,23.4,249.908,SSP1-2.6,2041-2060,14.290400000000005,46.141999999999996,210.30769999999984,1.4954999999999998,5.6554,2.126800000000001,20.784000000000002,47.8185625,153.5453875,1.3064499999999994,5.6569125,2.4491000000000005,21.17475,0.6260039550986825,-0.43274787563421135
121.25,23.45,255.8864,SSP1-2.6,2041-2060,14.145299999999992,50.5521,205.39399999999978,1.3331,4.612500000000001,2.7643000000000004,22.364,46.998025,161.81727500000002,1.2275999999999994,5.352012500000001,2.5484375000000004,20.93375,0.6260039550986825,-0.3695520952644199
121.25,23.5,265.0738,SSP1-2.6,2041-2060,15.95490000000001,50.0085,214.55290000000014,1.3823999999999987,4.517900000000001,3.2821,23.528,46.17002500000001,173.9009875,1.2164750000000002,4.9490875,2.7520000000000002,20.707,0.6260039550986825,-0.3063563148946285
121.25,23.55,268.8578,SSP1-2.6,2041-2060,21.587199999999996,46.1057,240.48019999999997,1.4876000000000005,4.971399999999999,3.658900000000001,21.043999999999997,44.2625125,179.40115,1.2537125,4.418750000000001,2.4696375,20.36275,0.6260039550986825,-0.24316053452483705
121.25,23.6,227.2408,SSP1-2.6,2041-2060,29.021800000000013,40.17979999999999,192.1047999999996,1.3847000000000005,5.841100000000001,2.1393000000000004,17.438000000000002,42.601575000000004,178.2230125,1.3591500000000003,4.2375,2.1774375000000004,20.141750000000002,0.6260039550986825,-0.17996475415504562
121.25,23.65,198.6305,SSP1-2.6,2041-2060,32.594599999999986,40.94350000000001,161.1781000000001,1.5642000000000014,4.546399999999998,1.8338999999999999,19.134,39.801875,160.92997499999993,1.3460375,3.1618500000000007,1.7930875000000002,19.48225,0.6260039550986825,-0.11676897378525869
121.25,23.7,192.2125,SSP1-2.6,2041-2060,21.774699999999996,36.6087,140.81640000000016,1.2719000000000005,0.296400000000002,1.5304000000000002,18.805999999999997,38.5040125,115.10524999999998,1.2095874999999998,2.200224999999999,1.8109375000000003,19.29775,0.6260039550986825,-0.053573193415467256
121.25,23.75,196.7212,SSP1-2.6,2041-2060,-1.9879999999999995,34.7257,36.724100000000135,0.5070999999999994,-0.8053999999999988,2.0143000000000004,17.497999999999998,36.1911625,85.09379999999999,1.1027500000000003,1.9794749999999999,1.6752375000000002,18.0235,0.6260039550986825,0.009622586954324176
121.25,23.8,188.5517,SSP1-2.6,2041-2060,8.0034,36.98009999999999,33.834499999999935,0.8518000000000008,1.9660999999999973,1.2482000000000006,16.858,33.0455625,52.372712500000006,0.9407999999999994,3.3307875,1.7517875000000003,15.41875,0.6260039550986825,0.0728183673241156
121.25,23.85,197.332,SSP1-2.6,2041-2060,5.369900000000001,32.3902,49.616199999999935,0.9569999999999972,5.369599999999998,1.6463999999999999,12.688,33.8044625,60.020637499999935,1.0411500000000005,5.3163,1.4310250000000004,15.203500000000002,0.6260039550986825,0.13601414769390704
121.25,23.9,202.9011,SSP1-2.6,2041-2060,7.210799999999978,34.252199999999995,76.30029999999988,1.2081000000000017,6.362500000000004,1.1945999999999994,15.04,34.35680000000001,89.36717499999992,1.2239499999999992,5.970974999999999,1.1772250000000002,14.855500000000003,0.6260039550986825,0.19920992806369398
121.25,23.95,198.7248,SSP1-2.6,2041-2060,16.8039,38.12670000000001,138.6641999999997,1.5919999999999987,5.142899999999997,0.164299999999999,16.158,35.910775,139.02603749999997,1.599812500000001,5.3901875,0.7225375,15.603750000000002,0.6260039550986825,0.26240570843348543
121.25,24.0,184.3078,SSP1-2.6,2041-2060,48.39980000000003,35.6914,255.24099999999999,2.4649,3.1285999999999987,0.17859999999999943,15.440000000000001,36.409737500000006,180.1996125,1.9070250000000004,4.072549999999999,0.49352499999999977,15.313749999999999,0.6260039550986825,0.32560148880327683
121.25,24.05,199.552,SSP1-2.6,2041-2060,60.196,35.610600000000005,312.2527,2.8643,1.3981999999999992,0.2071000000000005,14.106000000000002,36.4543875,203.47671249999996,2.1656250000000004,3.3446499999999992,0.37009999999999965,15.15725,0.6260039550986825,0.3887972691730683
121.25,24.1,183.641,SSP1-2.6,2041-2060,39.69160000000002,38.47930000000001,259.7638999999999,2.6342999999999996,1.9303999999999988,0.055399999999998784,15.685999999999998,35.707625,193.8053125,2.1007374999999997,2.8075875000000003,0.5283624999999998,14.6425,0.6260039550986825,0.4519930495428597
121.25,24.15,209.9447,SSP1-2.6,2041-2060,22.467399999999998,32.4338,225.4715000000001,2.0365,1.4929000000000023,0.6178999999999988,13.002,36.532825,133.89763749999997,1.6259375,3.2546875000000006,0.29576249999999993,14.59625,0.6260039550986825,0.5151888299126467
121.25,24.2,229.0998,SSP1-2.6,2041-2060,3.5607000000000255,36.3534,57.13639999999987,0.7809999999999988,2.910700000000002,0.18210000000000015,13.787999999999998,36.0649375,89.07405000000006,0.9785750000000006,3.3183250000000006,0.20603749999999965,13.8825,0.6260039550986825,0.578384610282438
121.25,24.25,225.2069,SSP1-2.6,2041-2060,-0.28299999999998704,37.6775,16.608400000000074,-0.09779999999999944,3.3303999999999974,0.14819999999999922,13.798,36.3844375,50.00879999999995,0.46690000000000076,3.4087250000000013,0.25915,13.632,0.6260039550986825,0.6415803906522295
121.25,24.3,209.9772,SSP1-2.6,2041-2060,6.169199999999989,37.34139999999999,37.8103000000001,0.12349999999999994,2.7286000000000037,0.2928999999999995,13.382000000000001,35.120450000000005,37.994799999999884,0.2889625000000011,3.7993499999999996,0.5314749999999999,12.8825,0.6260039550986825,0.704776171022021
121.25,24.35,223.0774,SSP1-2.6,2041-2060,1.3470999999999833,35.7247,53.51469999999972,0.47330000000000183,3.9696,1.4445999999999994,12.674,32.8827125,34.7014749999999,0.3857000000000008,3.761850000000001,0.9656250000000002,12.046,0.6260039550986825,0.7679719513918124
121.25,24.4,225.9841,SSP1-2.6,2041-2060,3.1038999999999817,24.427500000000002,47.81299999999965,0.6978000000000009,4.591100000000001,1.2589000000000006,9.468000000000002,32.7211375,32.50707499999996,0.5324250000000008,3.833475,1.2607124999999997,11.91525,0.6260039550986825,0.8311677317615993
121.25,24.45,242.0057,SSP1-2.6,2041-2060,4.214700000000022,27.651900000000005,36.0933,0.7068000000000012,3.519599999999997,1.216099999999999,9.976,33.577525,37.16319999999999,0.6727749999999997,3.245537500000001,1.4348124999999998,11.951999999999998,0.6260039550986825,0.8943635121313908
121.25,24.5,273.7845,SSP1-2.6,2041-2060,1.6767000000000394,35.2557,41.258800000000065,0.8572999999999986,2.5981999999999985,1.1821000000000002,12.309999999999999,33.997712500000006,40.02952500000001,0.6990875000000001,3.4837000000000007,1.7038124999999993,12.3875,0.6260039550986825,0.9575592925011822
121.25,24.55,315.5168,SSP1-2.6,2041-2060,-7.373999999999967,34.6348,55.345200000000204,0.684000000000001,3.7357000000000014,2.153599999999999,13.950000000000001,35.6271375,31.536837499999933,0.6611499999999997,3.752687500000001,1.8930749999999996,13.989249999999998,0.6260039550986825,1.0207550728709736
121.25,24.6,338.8761,SSP1-2.6,2041-2060,-9.2851,37.1237,39.197099999999864,0.43489999999999895,4.278600000000001,2.0571,17.105999999999998,36.4351125,10.107537499999978,0.5557250000000011,4.829012500000001,2.0310249999999996,16.535999999999998,0.6260039550986825,1.0839508532407651
121.25,24.65,318.885,SSP1-2.6,2041-2060,-1.7355000000000018,37.49679999999999,-39.19599999999991,0.3058000000000014,5.896399999999996,1.5999999999999996,17.729999999999997,38.5674125,0.6462499999999523,0.5886749999999998,5.1783375,1.8580250000000003,20.017000000000003,0.6260039550986825,1.147146633610552
121.25,24.7,287.2491,SSP1-2.6,2041-2060,11.200600000000009,40.721599999999995,10.592799999999897,0.796999999999997,5.932099999999998,1.6106999999999996,23.19,40.4902875,-2.6505750000000035,0.6112875,5.6251999999999995,1.6176500000000005,22.47625,0.6260039550986825,1.2103424139803434
121.25,24.75,249.5033,SSP1-2.6,2041-2060,22.941900000000004,43.1148,62.50590000000011,0.8505000000000003,7.0981999999999985,1.5018000000000011,26.494,41.891062500000004,9.180687499999976,0.6544249999999989,5.79865,1.4725624999999998,24.414250000000003,0.6260039550986825,1.273538194350135
121.25,24.8,195.4141,SSP1-2.6,2041-2060,14.360300000000024,43.547200000000004,50.779999999999745,0.7067999999999977,4.751800000000003,1.4839000000000002,25.823999999999998,42.449325,23.26713750000002,0.6499999999999999,6.720762500000001,1.25515,25.4115,0.6260039550986825,1.3367339747199263
121.25,24.85,154.826,SSP1-2.6,2041-2060,10.357100000000003,40.490700000000004,57.010099999999966,0.6532000000000018,6.6982,0.9196000000000009,24.106,42.000074999999995,20.91637499999996,0.7212249999999996,6.875900000000001,0.8870624999999999,25.3915,0.6260039550986825,1.3999297550897176
121.25,24.9,142.2652,SSP1-2.6,2041-2060,9.245400000000018,39.917899999999996,34.2521999999999,1.0436000000000014,6.869600000000002,0.18040000000000056,23.958,40.9166375,16.64736249999993,0.8671249999999997,6.9486750000000015,0.34597500000000014,24.72925,0.6260039550986825,1.4631255354595045
121.25,24.95,139.2897,SSP1-2.6,2041-2060,8.824399999999997,40.03549999999999,3.5797999999999774,1.0827000000000027,7.528600000000004,-0.3125,24.394,41.2049875,30.733487499999967,1.1180124999999994,6.509825000000001,0.15402499999999986,25.122,0.6260039550986825,1.526321315829296
121.25,25.0,141.6408,SSP1-2.6,2041-2060,9.38209999999998,42.2992,50.64730000000009,1.2461999999999982,7.117900000000002,0.24289999999999878,25.992,42.200925,43.37719999999996,1.2668999999999997,6.159600000000001,0.06942500000000018,25.881,0.6260039550986825,1.5895170961990874
121.25,25.05,137.2724,SSP1-2.6,2041-2060,16.47289999999998,44.1923,74.22739999999999,1.3018,5.419600000000003,0.02680000000000149,27.686,43.36635,66.51513749999998,1.3886374999999993,5.933474999999999,0.26496249999999977,26.511,0.6260039550986825,1.652712876568879
121.25,25.1,130.315,SSP1-2.6,2041-2060,17.476500000000016,44.695299999999996,67.22059999999988,1.4186000000000014,5.748199999999997,-0.17319999999999958,27.094,43.4403875,73.92591249999998,1.3991624999999992,5.720524999999999,0.2116250000000004,26.445999999999998,0.6260039550986825,1.7159086569386703
121.3,22.95,212.7497,SSP1-2.6,2041-2060,-14.21029999999999,49.5128,-19.558099999999968,1.0879000000000012,12.708900000000003,2.1411000000000007,23.080000000000002,46.411775,30.889800000000037,1.3562750000000001,7.005574999999999,2.0663,20.891999999999996,0.7316977951799037,-1.0015098989623252
121.3,23.0,206.4605,SSP1-2.6,2041-2060,-6.081699999999984,47.39809999999999,17.084100000000035,1.4452999999999996,11.437499999999996,2.2982000000000005,21.695999999999998,46.6649,27.779737500000067,1.448912500000001,7.4138125,2.190625,20.985500000000002,0.7316977951799037,-0.9383141185925338
121.3,23.05,210.6232,SSP1-2.6,2041-2060,-6.706600000000009,45.0204,21.052599999999984,2.1458000000000013,5.975000000000001,2.3357,19.736,46.321524999999994,31.692925000000088,1.1182000000000007,7.174749999999998,2.4544499999999996,20.81275,0.7316977951799037,-0.8751183382227424
121.3,23.1,220.1791,SSP1-2.6,2041-2060,-12.160600000000017,46.72780000000001,16.93470000000002,0.9869000000000021,8.569599999999994,2.346399999999999,19.958,45.5435,17.90963750000006,1.0290500000000002,7.028549999999997,2.5343625,19.6815,0.7316977951799037,-0.811922557852951
121.3,23.15,238.9551,SSP1-2.6,2041-2060,-19.49709999999999,42.24720000000001,-5.402799999999843,0.8171999999999997,7.001799999999996,2.4017999999999997,15.962,44.82455,2.7280500000000245,0.7948749999999998,6.868274999999999,2.5243249999999997,18.903750000000002,0.7316977951799037,-0.748726777483164
121.3,23.2,262.8138,SSP1-2.6,2041-2060,-26.293600000000026,45.8652,-34.60400000000004,0.6942999999999984,5.039299999999997,2.5124999999999993,19.909999999999997,43.822425,9.613912500000055,1.0510625000000005,6.038162499999999,2.4558,17.83625,0.7316977951799037,-0.6855309971133726
121.3,23.25,259.1125,SSP1-2.6,2041-2060,-17.66760000000002,43.915800000000004,31.787399999999934,1.2835,5.4482,2.8375000000000004,18.403999999999996,44.9284125,39.20738749999998,1.1772375000000004,5.5779,2.4874875,18.955000000000002,0.7316977951799037,-0.6223352167435812
121.3,23.3,251.4089,SSP1-2.6,2041-2060,-1.7265999999999906,44.888799999999996,112.62079999999992,1.2026000000000003,3.5463999999999984,2.5911,19.131999999999998,46.3766125,81.53593749999999,1.4331000000000005,6.167187500000001,2.5892749999999998,20.15475,0.7316977951799037,-0.5591394363737897
121.3,23.35,264.1773,SSP1-2.6,2041-2060,3.838700000000017,47.2485,93.89879999999994,1.4475999999999978,6.308899999999998,2.414300000000001,20.33,46.57803749999999,115.18417499999995,1.4005124999999996,6.495312500000001,2.493075,20.412750000000003,0.7316977951799037,-0.4959436560039983
121.3,23.4,271.1424,SSP1-2.6,2041-2060,0.6929999999999836,48.4222,101.70790000000011,1.1611999999999973,8.6357,2.4268,20.618,47.4907625,119.58299999999997,1.4751749999999995,6.6482125,2.54755,20.9445,0.7316977951799037,-0.43274787563421135
121.3,23.45,263.8152,SSP1-2.6,2041-2060,9.74720000000002,49.8242,114.8469,1.1001999999999992,7.3857,3.0625,22.228,47.55919999999999,125.17386250000001,1.422449999999999,6.409162500000001,2.6053625,21.11675,0.7316977951799037,-0.3695520952644199
121.3,23.5,266.137,SSP1-2.6,2041-2060,23.589999999999975,49.12179999999999,159.93290000000025,1.1241999999999983,3.194600000000001,2.9786,22.29,47.411212500000005,147.72773750000002,1.4682874999999997,6.2524625,3.0160625000000003,21.4705,0.7316977951799037,-0.3063563148946285
121.3,23.55,253.8481,SSP1-2.6,2041-2060,38.18459999999999,45.677800000000005,217.17160000000013,1.3434000000000008,4.246399999999998,3.507100000000001,22.016,46.00919999999999,168.559775,1.4457249999999997,5.2591625,2.6810250000000004,20.862000000000002,0.7316977951799037,-0.24316053452483705
121.3,23.6,231.6263,SSP1-2.6,2041-2060,39.25910000000002,44.3516,232.7505000000001,1.4628999999999994,2.6911000000000023,2.0999999999999996,22.355999999999998,43.0949375,178.58672499999997,1.4873500000000002,5.332137499999999,2.5111500000000007,20.0565,0.7316977951799037,-0.17996475415504562
121.3,23.65,198.8598,SSP1-2.6,2041-2060,37.82470000000001,39.622299999999996,189.10659999999984,1.6990999999999996,4.366099999999999,1.9643000000000015,21.504,41.13068749999999,162.1984875,1.4628500000000004,4.3348125,1.9870625000000002,19.237250000000003,0.7316977951799037,-0.11676897378525869
121.3,23.7,198.088,SSP1-2.6,2041-2060,23.820700000000016,38.0527,157.20479999999998,1.6739000000000015,3.6768,1.2981999999999996,18.106,39.5600625,134.25700000000006,1.3789875,3.0180625,2.0973375,19.480249999999998,0.7316977951799037,-0.053573193415467256
121.3,23.75,206.5757,SSP1-2.6,2041-2060,14.3647,38.5481,74.1431,1.3895,1.1588999999999992,1.625,20.076,38.63695,108.71338750000001,1.3278125000000007,3.17255,1.9587250000000003,18.089750000000002,0.7316977951799037,0.009622586954324176
121.3,23.8,210.7696,SSP1-2.6,2041-2060,15.813800000000015,38.646100000000004,61.8424,1.2670000000000012,5.278600000000004,1.7179000000000002,17.784,36.4943875,92.52214999999998,1.324875,3.864725,1.9187500000000002,16.518250000000002,0.7316977951799037,0.0728183673241156
121.3,23.85,217.8147,SSP1-2.6,2041-2060,22.52340000000001,29.3795,84.46849999999995,1.388,6.832100000000004,1.6607000000000003,12.236,36.519724999999994,95.13556249999996,1.4501375000000005,5.706475,1.7350500000000002,16.026000000000003,0.7316977951799037,0.13601414769390704
121.3,23.9,216.9464,SSP1-2.6,2041-2060,23.736699999999985,36.1192,120.66809999999987,1.569700000000001,7.260699999999996,1.5536000000000012,17.004,34.323237500000005,123.09817499999997,1.6056874999999995,5.6540125,1.4691874999999999,14.29525,0.7316977951799037,0.19920992806369398
121.3,23.95,210.6926,SSP1-2.6,2041-2060,23.476499999999987,31.911299999999997,172.18539999999985,1.7786000000000008,5.2499999999999964,1.3088999999999995,13.928,35.551100000000005,169.91060000000004,1.8589125000000002,4.5171875,1.0428625000000002,14.8995,0.7316977951799037,0.26240570843348543
121.3,24.0,204.0411,SSP1-2.6,2041-2060,39.5223,35.532900000000005,247.5291000000002,2.318900000000003,2.2357000000000014,0.4339000000000013,14.3,34.752975,214.4315125,2.087049999999999,2.969649999999999,0.8149625,14.133750000000001,0.7316977951799037,0.32560148880327683
121.3,24.05,201.9381,SSP1-2.6,2041-2060,49.589500000000015,32.923899999999996,304.36670000000004,2.554699999999997,0.3553999999999995,0.7053999999999991,13.754,35.0041375,250.26760000000002,2.3856375000000005,2.2200874999999995,0.5422000000000002,14.2195,0.7316977951799037,0.3887972691730683
121.3,24.1,183.4887,SSP1-2.6,2041-2060,40.610600000000005,33.93300000000001,351.4391999999998,3.132200000000001,1.5213999999999999,0.5,14.079999999999998,34.3376375,235.34097500000001,2.2524374999999996,1.9285875,0.5395374999999998,14.0015,0.7316977951799037,0.4519930495428597
121.3,24.15,195.9269,SSP1-2.6,2041-2060,19.752800000000008,33.162000000000006,221.05520000000024,2.2027,2.3446,0.2804000000000002,13.614,34.25395,173.20086249999997,1.7424500000000003,2.5082750000000007,0.49219999999999975,13.88525,0.7316977951799037,0.5151888299126467
121.3,24.2,225.1123,SSP1-2.6,2041-2060,-1.0062000000000069,33.7641,65.25510000000031,0.6955000000000027,3.1750000000000007,0.27500000000000036,13.438,34.632324999999994,101.658975,1.0076499999999995,2.9716625000000003,0.5167499999999996,13.627500000000001,0.7316977951799037,0.578384610282438
121.3,24.25,236.656,SSP1-2.6,2041-2060,0.3225999999999942,35.544200000000004,71.22429999999986,0.3475999999999999,2.705400000000001,0.09819999999999851,12.864,35.19839999999999,43.09790000000004,0.42591250000000036,3.147775,0.6941999999999999,13.37275,0.7316977951799037,0.6415803906522295
121.3,24.3,221.4116,SSP1-2.6,2041-2060,0.8405999999999949,36.0464,54.88059999999996,0.11840000000000117,2.5411,1.1893000000000011,13.347999999999999,35.3615875,28.36943749999992,0.2623250000000006,3.424562499999999,0.8267874999999993,12.9225,0.7316977951799037,0.704776171022021
121.3,24.35,219.0711,SSP1-2.6,2041-2060,-1.6807000000000016,34.357800000000005,5.632999999999811,0.06070000000000064,4.089299999999998,1.1053999999999995,12.376,34.3321625,13.3757374999999,0.32926250000000135,3.5370625,1.2044499999999998,12.36625,0.7316977951799037,0.7679719513918124
121.3,24.4,223.1844,SSP1-2.6,2041-2060,1.4607999999999777,35.912600000000005,4.635299999999916,0.2430000000000021,2.5607000000000006,1.7838999999999992,12.73,32.528912500000004,1.2424874999998679,0.38667500000000077,4.1325875,1.2555749999999994,11.895500000000002,0.7316977951799037,0.8311677317615993
121.3,24.45,221.8939,SSP1-2.6,2041-2060,8.99969999999999,31.822400000000002,29.48519999999985,0.6646999999999998,3.7714,1.4106999999999985,12.440000000000001,33.0232375,6.687199999999933,0.5366875000000002,3.3448625000000005,1.3258874999999997,11.789250000000001,0.7316977951799037,0.8943635121313908
121.3,24.5,233.9166,SSP1-2.6,2041-2060,5.562100000000015,35.7891,40.72719999999981,0.6431000000000004,1.5571000000000055,1.6053999999999995,11.65,33.479575,38.10017499999995,0.7065125000000001,3.305575,1.6363874999999994,12.56475,0.7316977951799037,0.9575592925011822
121.3,24.55,262.7394,SSP1-2.6,2041-2060,-3.250599999999963,34.363800000000005,71.37649999999985,0.7329000000000008,3.626800000000003,2.7803999999999984,11.861999999999998,34.864712499999996,51.15446249999994,0.7923374999999999,2.6104875000000005,1.94195,14.02125,0.7316977951799037,1.0207550728709736
121.3,24.6,277.6191,SSP1-2.6,2041-2060,0.5930999999999926,37.7383,61.9978000000001,0.9544999999999995,2.8374999999999986,2.7356999999999996,18.124000000000002,35.440912499999996,46.00092499999994,0.7628000000000008,4.08795,2.1656125,15.638749999999998,0.7316977951799037,1.0839508532407651
121.3,24.65,301.9903,SSP1-2.6,2041-2060,4.121100000000013,38.5536,29.245800000000145,0.7553000000000019,6.048200000000001,1.8446000000000016,20.652,36.8376875,30.40187499999996,0.8255999999999997,4.5615999999999985,2.088375,18.240499999999997,0.7316977951799037,1.147146633610552
121.3,24.7,308.3239,SSP1-2.6,2041-2060,9.001800000000003,35.6154,-3.285899999999856,0.8330999999999982,6.0,1.75,18.798000000000002,39.38865,26.68584999999996,0.8478749999999997,6.174987499999999,1.7616000000000003,21.42825,0.7316977951799037,1.2103424139803434
121.3,24.75,270.9052,SSP1-2.6,2041-2060,23.037800000000004,38.636900000000004,20.046100000000024,0.9102999999999994,6.946400000000004,1.4803999999999995,20.982,40.7113625,32.42566249999993,0.8324874999999992,6.095762499999999,1.75625,23.666,0.7316977951799037,1.273538194350135
121.3,24.8,216.2419,SSP1-2.6,2041-2060,14.375200000000007,43.039699999999996,47.22460000000001,0.8010000000000019,6.9178999999999995,1.9285999999999994,25.814,41.2587,38.32576249999994,0.8200874999999992,6.441975000000001,1.445975,24.453,0.7316977951799037,1.3367339747199263
121.3,24.85,177.3614,SSP1-2.6,2041-2060,11.323299999999989,42.5468,55.28839999999991,1.0829999999999984,7.803599999999999,1.2088999999999999,25.586,41.1032875,35.13229999999996,0.8274499999999998,6.38885,1.1375,24.8155,0.7316977951799037,1.3999297550897176
121.3,24.9,149.5874,SSP1-2.6,2041-2060,12.392899999999997,40.219300000000004,37.97699999999986,1.1465999999999994,8.014299999999999,0.6356999999999999,24.878,40.492212499999994,26.484849999999966,0.93865,6.737287500000002,0.5158500000000001,24.7035,0.7316977951799037,1.4631255354595045
121.3,24.95,142.3323,SSP1-2.6,2041-2060,11.799000000000007,39.68130000000001,16.1737999999998,1.0642999999999994,6.889300000000002,-0.15889999999999915,24.695999999999998,40.3444625,32.91478749999999,1.0905749999999999,7.0529125000000015,0.3944375,24.8455,0.7316977951799037,1.526321315829296
121.3,25.0,140.2247,SSP1-2.6,2041-2060,11.179099999999977,40.4393,73.83600000000001,1.2620000000000005,7.283899999999999,0.9017999999999997,24.974000000000004,40.994474999999994,37.50046249999997,1.1757374999999999,6.851575000000002,0.17837500000000028,25.3165,0.7316977951799037,1.5895170961990874
121.3,25.05,133.8473,SSP1-2.6,2041-2060,12.927300000000002,42.0257,87.5148999999999,1.4391999999999996,6.908899999999996,0.7679,26.022,42.2097,61.05677499999999,1.305225,6.566962500000001,0.3198875000000002,25.7955,0.7316977951799037,1.652712876568879
121.3,25.1,127.6105,SSP1-2.6,2041-2060,19.385400000000004,43.60999999999999,103.58199999999988,1.4771,4.683900000000001,0.5267999999999997,26.228,42.8774,65.93999999999997,1.3511000000000002,6.339499999999999,0.2152000000000004,26.11825,0.7316977951799037,1.7159086569386703
121.3,25.15,130.2116,SSP1-2.6,2041-2060,14.528099999999995,42.7139,59.92640000000006,1.3263999999999996,5.726800000000004,0.24290000000000056,25.538000000000004,43.211625,72.95579999999995,1.3660375000000005,6.220962499999999,0.25827500000000014,26.552999999999997,0.7316977951799037,1.7791044373084572
121.35,23.05,216.5907,SSP1-2.6,2041-2060,-11.023200000000003,48.001999999999995,25.526000000000067,0.8774000000000015,11.7089,2.6571,22.337999999999997,46.414125,26.040250000000043,1.1806875000000003,7.555549999999998,2.5548875,20.154,0.837391635261125,-0.8751183382227424
121.35,23.1,223.9805,SSP1-2.6,2041-2060,-14.759500000000003,46.4314,26.63390000000004,0.6810000000000009,10.469599999999996,3.133899999999999,20.996000000000002,45.6068375,25.086962500000055,1.0440125000000005,7.9863624999999985,2.5848000000000004,19.158749999999998,0.837391635261125,-0.811922557852951
121.35,23.15,217.1935,SSP1-2.6,2041-2060,-10.16319999999999,44.9552,0.2964999999999236,1.046800000000001,8.9071,2.5464,17.714,44.7129125,18.234612500000054,0.925325,7.732349999999998,2.6171749999999996,18.2305,0.837391635261125,-0.748726777483164
121.35,23.2,235.3941,SSP1-2.6,2041-2060,-17.232,41.8347,-26.01189999999997,1.0190999999999981,5.1571,2.2928999999999995,15.332,44.3774375,25.982887500000032,1.1035750000000002,7.2305874999999995,2.561375,18.189,0.837391635261125,-0.6855309971133726
121.35,23.25,226.3064,SSP1-2.6,2041-2060,-8.488900000000001,45.40180000000001,36.499300000000176,1.3209000000000017,4.605400000000003,2.2375,20.284000000000002,44.51925,51.96083749999997,1.2881124999999995,6.6968749999999995,2.6265625,18.421999999999997,0.837391635261125,-0.6223352167435812
121.35,23.3,217.9439,SSP1-2.6,2041-2060,6.1696999999999775,44.845,96.5768999999998,1.6652999999999984,8.049999999999997,2.5321,19.472,45.18125,86.12228750000006,1.4644375000000003,6.4254500000000005,2.725225,19.1145,0.837391635261125,-0.5591394363737897
121.35,23.35,247.5784,SSP1-2.6,2041-2060,0.5563000000000216,45.5394,76.05370000000016,1.652899999999999,7.473200000000002,2.6785999999999994,20.044000000000004,45.937349999999995,99.5967125,1.4573749999999999,7.160712499999999,2.7098125,19.427500000000002,0.837391635261125,-0.4959436560039983
121.35,23.4,262.7087,SSP1-2.6,2041-2060,1.0757999999999583,45.409,27.675199999999904,1.3542999999999985,7.226800000000001,2.1945999999999994,19.522,46.500474999999994,94.08498750000004,1.5137125,7.827449999999999,2.7470999999999997,19.977,0.837391635261125,-0.43274787563421135
121.35,23.45,243.0505,SSP1-2.6,2041-2060,10.917699999999996,45.1205,36.61200000000008,1.8666,8.901799999999998,2.5142999999999986,19.222,46.988899999999994,89.60240000000002,1.4559749999999998,7.620312500000001,2.6390624999999996,20.681,0.837391635261125,-0.3695520952644199
121.35,23.5,239.3016,SSP1-2.6,2041-2060,14.457799999999992,45.6975,45.20830000000001,1.6623,8.5286,2.5554000000000006,20.606,46.3372875,107.00025000000005,1.5781125,7.102675,2.7254375,20.841250000000002,0.837391635261125,-0.3063563148946285
121.35,23.55,232.5434,SSP1-2.6,2041-2060,30.185900000000032,46.3034,107.55600000000004,1.5706999999999987,6.8553999999999995,2.783900000000001,20.756,45.3944875,126.61497500000004,1.5661250000000002,6.115175000000001,2.4245500000000004,20.60825,0.837391635261125,-0.24316053452483705
121.35,23.6,240.6029,SSP1-2.6,2041-2060,31.64930000000001,46.305299999999995,155.8925999999999,1.4910000000000014,5.4731999999999985,1.950000000000001,18.878,43.588162499999996,146.98486250000005,1.558875,5.843975,2.3714250000000003,20.61,0.837391635261125,-0.17996475415504562
121.35,23.65,236.2236,SSP1-2.6,2041-2060,26.35529999999997,39.6217,165.2039000000002,1.3580999999999985,6.357099999999999,2.2517999999999994,19.682000000000002,43.2417125,149.40445,1.5884000000000007,5.376125,2.0256750000000006,19.699250000000003,0.837391635261125,-0.11676897378525869
121.35,23.7,250.289,SSP1-2.6,2041-2060,23.545799999999986,42.98219999999999,92.43679999999995,1.4961000000000002,5.7964,2.7929000000000013,19.497999999999998,41.6975125,155.26118750000003,1.5922625000000004,4.943312499999999,2.026575,19.36825,0.837391635261125,-0.053573193415467256
121.35,23.75,267.4969,SSP1-2.6,2041-2060,30.523500000000013,43.42829999999999,214.44700000000012,1.7459000000000007,2.4285999999999994,2.7661,19.644000000000002,40.5260375,121.09158749999995,1.5401875000000007,5.45715,2.0596125,18.12975,0.837391635261125,0.009622586954324176
121.35,23.8,253.1649,SSP1-2.6,2041-2060,27.27600000000001,37.6718,132.40109999999981,1.8088000000000015,6.742899999999999,2.3018,16.524,39.253225,116.56103749999997,1.5643625000000003,5.479237500000001,2.1368375,17.00725,0.837391635261125,0.0728183673241156
121.35,23.85,261.0585,SSP1-2.6,2041-2060,38.44870000000003,38.83140000000001,114.54269999999997,1.9509000000000007,7.225000000000001,2.0875000000000004,16.622,36.865674999999996,127.35933750000001,1.6395500000000007,6.195975000000001,2.1163125000000003,15.228,0.837391635261125,0.13601414769390704
121.35,23.9,256.0584,SSP1-2.6,2041-2060,37.9196,37.266799999999996,171.8792000000003,1.9878,5.446400000000001,2.1304,15.688,34.67715,139.0377375,1.7821,5.94375,1.8002250000000004,13.714,0.837391635261125,0.19920992806369398
121.35,23.95,241.2656,SSP1-2.6,2041-2060,33.830600000000004,32.427800000000005,177.12890000000016,1.9830999999999968,3.6036,1.5607000000000006,12.001999999999999,34.996575,166.52527500000008,1.827837500000001,4.9049,1.4710000000000003,14.04325,0.837391635261125,0.26240570843348543
121.35,24.0,253.4908,SSP1-2.6,2041-2060,32.072899999999976,34.9918,171.87400000000025,1.7468000000000004,2.9571000000000005,1.1268000000000011,13.564,34.6696125,178.45985000000002,1.9311124999999996,3.8348249999999995,1.0997875000000001,13.8385,0.837391635261125,0.32560148880327683
121.35,24.05,255.8123,SSP1-2.6,2041-2060,29.83140000000003,36.34029999999999,183.73919999999998,1.7119999999999997,1.9213999999999984,1.267900000000001,14.118,34.691712499999994,200.23315000000002,2.1369625,3.2531250000000003,0.7185375,14.1005,0.837391635261125,0.3887972691730683
121.35,24.1,214.4599,SSP1-2.6,2041-2060,16.541799999999995,29.453799999999994,220.30169999999998,2.2117000000000004,2.6678999999999995,0.5678999999999998,12.461999999999998,35.3298875,185.89836249999996,2.0519499999999997,3.1921874999999997,0.646225,14.353000000000002,0.837391635261125,0.4519930495428597
121.35,24.15,215.3173,SSP1-2.6,2041-2060,4.140500000000003,36.2974,155.77689999999984,1.8033000000000001,3.3179000000000016,0.6143000000000001,15.270000000000001,34.0972125,133.67778749999997,1.5821375000000004,3.5676375,0.686175,13.654,0.837391635261125,0.5151888299126467
121.35,24.2,255.9653,SSP1-2.6,2041-2060,-8.552300000000002,33.3168,50.46219999999994,0.6450999999999993,3.0500000000000007,1.125,13.356,34.8671875,69.51251250000001,0.9879499999999997,3.8982249999999996,0.7142999999999997,13.748000000000001,0.837391635261125,0.578384610282438
121.35,24.25,256.3137,SSP1-2.6,2041-2060,-7.685099999999977,32.2735,15.53690000000006,0.3427999999999969,4.621399999999998,1.0678999999999998,13.328000000000001,34.49594999999999,29.955437500000016,0.5429125000000008,3.3600625,0.9042374999999998,13.06175,0.837391635261125,0.6415803906522295
121.35,24.3,226.5923,SSP1-2.6,2041-2060,4.860000000000014,34.814099999999996,47.0933,0.7988000000000035,2.8249999999999993,1.2731999999999992,12.543999999999999,34.116075,15.209112499999975,0.3323999999999998,3.446662499999999,0.9037999999999997,12.77225,0.837391635261125,0.704776171022021
121.35,24.35,215.3445,SSP1-2.6,2041-2060,-0.9172000000000082,35.1595,-20.465400000000272,0.04970000000000141,3.126799999999996,1.1838999999999995,12.414000000000001,34.7349875,-2.8441250000000196,0.36995000000000067,3.5754500000000005,1.0937499999999998,12.66475,0.837391635261125,0.7679719513918124
121.35,24.4,218.0868,SSP1-2.6,2041-2060,1.84729999999999,35.231100000000005,-118.27589999999987,0.12959999999999994,5.953600000000002,1.2088999999999999,12.37,35.3046375,-7.781162500000136,0.3908125,3.8381624999999997,1.1624999999999994,13.445,0.837391635261125,0.8311677317615993
121.35,24.45,218.0459,SSP1-2.6,2041-2060,6.333200000000005,35.8564,-23.857999999999947,0.3108000000000004,4.039300000000001,1.216099999999999,13.446000000000002,35.7654125,-9.703500000000105,0.5500750000000001,3.509587500000001,1.2734249999999996,13.684000000000001,0.837391635261125,0.8943635121313908
121.35,24.5,238.1233,SSP1-2.6,2041-2060,14.285699999999991,34.0616,25.10389999999984,0.7050999999999981,1.9392999999999994,1.1357,12.364,35.0693125,26.45118749999986,0.7426250000000003,3.3631625000000014,1.6209874999999996,13.792000000000002,0.837391635261125,0.9575592925011822
121.35,24.55,256.441,SSP1-2.6,2041-2060,8.963300000000004,34.19,69.99649999999974,0.9905000000000008,3.2143000000000015,1.9964000000000013,14.170000000000002,34.0624375,54.729237499999925,0.9008625000000001,2.0705375000000004,2.0096,13.57575,0.837391635261125,1.0207550728709736
121.35,24.6,250.5095,SSP1-2.6,2041-2060,11.51400000000001,30.124500000000005,75.60919999999987,1.069300000000002,0.7231999999999985,2.669600000000001,12.496,35.25095,65.91026249999993,0.9837750000000001,3.292875,2.256475,15.79825,0.837391635261125,1.0839508532407651
121.35,24.65,265.6146,SSP1-2.6,2041-2060,10.831099999999992,37.0401,66.43309999999974,1.1296999999999997,5.180399999999999,2.2232000000000003,17.144,35.84145,52.936525000000074,0.9962625000000003,3.653799999999999,2.2676250000000007,17.94975,0.837391635261125,1.147146633610552
121.35,24.7,295.0779,SSP1-2.6,2041-2060,8.150800000000004,38.841100000000004,31.866899999999987,1.0805000000000007,5.644599999999997,2.0607000000000006,21.336000000000002,37.7715,45.58968749999997,0.9600124999999995,5.5660875,1.937275,19.968,0.837391635261125,1.2103424139803434
121.35,24.75,290.8384,SSP1-2.6,2041-2060,11.904200000000003,40.704299999999996,31.992199999999684,0.9538999999999973,6.653600000000001,1.7713999999999999,23.898,38.829299999999996,39.07003750000001,0.890625,6.015412499999999,1.7629624999999998,21.82425,0.837391635261125,1.273538194350135
121.35,24.8,259.6651,SSP1-2.6,2041-2060,10.495000000000005,40.1068,27.728799999999865,0.6371000000000002,5.767899999999997,1.9428999999999998,23.974,40.3987625,35.58058749999998,0.8853999999999993,6.460725,1.4292374999999995,23.582,0.837391635261125,1.3367339747199263
121.35,24.85,214.0627,SSP1-2.6,2041-2060,12.65039999999999,40.92209999999999,1.2546000000002095,0.7658999999999985,5.816100000000002,1.2588999999999988,24.759999999999998,41.0965875,30.702062499999982,0.8328124999999997,6.3993375,1.2100499999999998,24.771250000000002,0.837391635261125,1.3999297550897176
121.35,24.9,163.7108,SSP1-2.6,2041-2060,12.643,40.582600000000006,24.831100000000106,0.8653999999999975,6.274999999999999,0.75,25.21,40.5407,14.008374999999944,0.9158,6.680137500000001,0.8350374999999999,24.852999999999998,0.837391635261125,1.4631255354595045
121.35,24.95,153.6637,SSP1-2.6,2041-2060,12.719300000000004,39.760799999999996,19.488799999999856,0.9511000000000003,6.0179000000000045,0.2804000000000002,24.918,40.1703375,24.967199999999963,1.0485499999999996,6.793749999999999,0.7372750000000001,24.9345,0.837391635261125,1.526321315829296
121.35,25.0,151.0352,SSP1-2.6,2041-2060,7.035799999999995,39.501099999999994,18.706100000000106,1.126999999999999,7.316099999999999,0.4768000000000008,24.440000000000005,40.3416625,35.345937499999934,1.2093875,7.041525000000001,0.5404125000000001,25.198,0.837391635261125,1.5895170961990874
121.35,25.05,144.0754,SSP1-2.6,2041-2060,10.71459999999999,40.459900000000005,29.66560000000004,1.1936,7.614300000000004,0.10360000000000014,24.384,41.347737499999994,55.14307499999995,1.3301999999999996,6.8774625,0.5419750000000001,25.6095,0.837391635261125,1.652712876568879
121.35,25.1,135.6902,SSP1-2.6,2041-2060,14.28819999999999,42.4805,70.56919999999991,1.4155000000000015,7.351799999999997,0.45360000000000067,25.566,41.9773125,55.50382499999995,1.3193375,6.861387500000002,0.325025,25.97525,0.837391635261125,1.7159086569386703
121.35,25.15,133.6245,SSP1-2.6,2041-2060,14.249200000000002,42.104000000000006,74.89269999999988,1.3318000000000012,6.064300000000003,0.4054000000000002,26.09,41.811837499999996,48.54199999999997,1.2016125,6.212725000000002,0.15895000000000004,25.92825,0.837391635261125,1.7791044373084572
121.4,23.1,213.0608,SSP1-2.6,2041-2060,-6.109499999999997,46.00869999999999,66.96960000000013,1.0018999999999991,7.633900000000001,2.944600000000001,18.578000000000003,44.848325,17.416725000000042,0.9538250000000006,8.725199999999997,2.5854749999999997,18.426000000000002,0.9430854753423764,-0.811922557852951
121.4,23.15,207.1675,SSP1-2.6,2041-2060,-2.42319999999998,44.6515,55.54650000000015,1.0439000000000007,8.399999999999999,2.7946,17.683999999999997,44.68275,26.468937500000038,1.008175,8.6651625,2.642175,18.30925,0.9430854753423764,-0.748726777483164
121.4,23.2,202.9342,SSP1-2.6,2041-2060,1.1698000000000093,43.9368,45.81089999999995,1.1583000000000006,9.587499999999999,2.5107,17.424,44.9481,36.025325000000066,1.1760875,7.0611625,2.633025,18.4005,0.9430854753423764,-0.6855309971133726
121.4,23.25,192.7873,SSP1-2.6,2041-2060,9.441500000000019,44.046,77.92930000000001,1.4636999999999993,8.855400000000003,2.6499999999999995,18.13,44.3613625,69.46467500000006,1.3740375000000005,7.2863875,2.672975,18.0295,0.9430854753423764,-0.6223352167435812
121.4,23.3,189.4785,SSP1-2.6,2041-2060,18.172699999999992,46.8217,111.57730000000015,1.8181000000000012,7.891100000000002,3.0857,19.572000000000003,44.90367499999999,89.27100000000004,1.5016125000000007,7.396212500000001,2.7229874999999995,18.831000000000003,0.9430854753423764,-0.5591394363737897
121.4,23.35,214.6207,SSP1-2.6,2041-2060,22.599500000000006,43.588,148.61170000000016,1.5262000000000029,7.274999999999999,3.3070999999999993,17.02,45.522324999999995,84.77101250000004,1.5369875,7.6044625,2.7127125,19.3245,0.9430854753423764,-0.4959436560039983
121.4,23.4,225.7963,SSP1-2.6,2041-2060,19.60300000000001,46.2756,104.1051,1.4837000000000025,8.3518,3.1268000000000002,19.754,45.2211625,76.14925000000005,1.6253750000000002,7.771425000000001,2.6595874999999993,19.22075,0.9430854753423764,-0.43274787563421135
121.4,23.45,214.7204,SSP1-2.6,2041-2060,22.201899999999995,45.9854,76.84379999999987,1.8713000000000015,8.287500000000001,2.446399999999999,20.6,45.39815,65.49178750000002,1.6918250000000001,7.991525000000001,2.5727624999999996,19.73075,0.9430854753423764,-0.3695520952644199
121.4,23.5,220.4992,SSP1-2.6,2041-2060,24.4401,45.1755,86.4991,1.890600000000001,9.3518,2.3213999999999997,19.83,45.08095,63.29577499999999,1.8133750000000004,8.0625125,2.4948625,19.8245,0.9430854753423764,-0.3063563148946285
121.4,23.55,226.6173,SSP1-2.6,2041-2060,23.842000000000013,43.4897,56.53970000000004,1.8579000000000008,8.598200000000002,2.1892999999999994,19.788,44.8703125,74.07956249999998,1.7224375000000003,7.383937500000001,2.3761,19.4785,0.9430854753423764,-0.24316053452483705
121.4,23.6,249.4343,SSP1-2.6,2041-2060,20.45920000000001,43.33669999999999,58.92509999999993,1.6966999999999999,6.837500000000002,1.7946000000000009,19.102,44.13805,101.98272500000002,1.6394875000000004,7.1854875,2.3290125,19.365499999999997,0.9430854753423764,-0.17996475415504562
121.4,23.65,262.2052,SSP1-2.6,2041-2060,10.166699999999992,46.3021,148.6255000000001,1.4822000000000024,6.799999999999997,2.3804,19.676000000000002,43.6324125,115.74758750000001,1.6694375000000001,6.5058,2.1732125,19.027,0.9430854753423764,-0.11676897378525869
121.4,23.7,262.7116,SSP1-2.6,2041-2060,13.2543,44.9808,160.29370000000017,1.7053000000000011,7.367899999999999,1.924999999999999,18.474,43.7892375,140.25838750000003,1.6402000000000005,6.301337500000001,2.2381875,19.581250000000004,0.9430854753423764,-0.053573193415467256
121.4,23.75,249.325,SSP1-2.6,2041-2060,17.413700000000006,43.024100000000004,133.06489999999985,1.684099999999999,7.391100000000002,2.0017999999999994,17.784,43.283725,130.75931250000002,1.5754250000000005,6.2855,2.296225,19.0515,0.9430854753423764,0.009622586954324176
121.4,23.8,285.1217,SSP1-2.6,2041-2060,7.23520000000002,40.302499999999995,157.3458999999998,1.296800000000001,6.244599999999998,2.8142999999999994,16.792,42.372075,112.48338749999999,1.637025,6.8437625,2.210725,17.771500000000003,0.9430854753423764,0.0728183673241156
121.4,23.85,276.9052,SSP1-2.6,2041-2060,25.698300000000017,41.86580000000001,92.63380000000006,1.7927,7.274999999999999,2.4214,15.120000000000001,38.910225,127.38526250000004,1.6961499999999998,6.3633875,2.2306,15.18,0.9430854753423764,0.13601414769390704
121.4,23.9,283.5294,SSP1-2.6,2041-2060,37.62579999999997,33.6737,197.63570000000027,2.005600000000001,4.487500000000001,2.330400000000001,10.675999999999998,37.469550000000005,126.91798750000004,1.840637499999999,6.1183,1.9763375,13.715,0.9430854753423764,0.19920992806369398
121.4,23.95,272.3215,SSP1-2.6,2041-2060,35.67750000000001,33.20850000000001,153.0387999999998,1.7881999999999998,5.616099999999999,1.4786000000000001,12.124,36.3148125,140.81741250000016,1.8017999999999998,5.1522125,1.69465,13.263749999999998,0.9430854753423764,0.26240570843348543
121.4,24.0,285.9052,SSP1-2.6,2041-2060,22.883700000000033,37.26839999999999,97.39190000000008,1.4271000000000011,5.985700000000001,1.4053999999999984,15.061999999999998,36.29508750000001,130.2726,1.7914624999999993,4.849537499999999,1.2524625000000005,13.941500000000001,0.9430854753423764,0.32560148880327683
121.4,24.05,298.1246,SSP1-2.6,2041-2060,7.171899999999994,37.74379999999999,92.29880000000003,1.8862999999999985,5.710699999999999,0.6375000000000011,15.420000000000002,35.7644375,130.99104999999997,1.7556500000000006,4.376099999999999,0.9567124999999999,14.152750000000001,0.9430854753423764,0.3887972691730683
121.4,24.1,280.8568,SSP1-2.6,2041-2060,-0.9757000000000176,35.6861,116.66379999999981,1.8180000000000014,4.591100000000001,0.3713999999999995,14.162,35.68055,118.70889999999991,1.7087874999999997,4.091737499999999,0.7859625000000001,14.4835,0.9430854753423764,0.4519930495428597
121.4,24.15,300.9809,SSP1-2.6,2041-2060,-15.682299999999998,36.5526,61.847099999999955,1.3064,5.774999999999999,0.7928999999999995,14.406,35.2471625,90.24614999999989,1.3821749999999997,4.0105,0.8953249999999999,14.102250000000002,0.9430854753423764,0.5151888299126467
121.4,24.2,324.1519,SSP1-2.6,2041-2060,-26.047300000000007,36.909299999999995,-17.602000000000317,0.6454999999999984,5.4161,1.5768000000000004,13.714,35.595125,40.103962499999994,0.926512499999999,4.1616124999999995,0.9962249999999999,14.33375,0.9430854753423764,0.578384610282438
121.4,24.25,276.7358,SSP1-2.6,2041-2060,-12.918799999999976,34.4344,-16.993399999999838,0.5597999999999992,3.8303999999999974,1.0088999999999988,13.349999999999998,34.622075,-3.952750000000009,0.5959499999999998,4.194637500000001,1.154025,13.32875,0.9430854753423764,0.6415803906522295
121.4,24.3,230.4741,SSP1-2.6,2041-2060,0.8242000000000189,31.138300000000008,-14.67659999999978,0.5326000000000022,3.337500000000002,0.6875,11.88,33.217925,-12.624375000000043,0.4923124999999997,3.5466499999999996,1.0680749999999997,12.558250000000001,0.9430854753423764,0.704776171022021
121.4,24.35,225.9675,SSP1-2.6,2041-2060,-1.9835999999999956,33.9745,26.533500000000004,0.6475999999999971,3.3214000000000006,0.8893000000000004,12.617999999999999,32.6499625,-21.989962500000075,0.4797875000000009,3.4803625000000005,1.0008749999999995,12.05075,0.9430854753423764,0.7679719513918124
121.4,24.4,220.9495,SSP1-2.6,2041-2060,0.6707999999999856,36.4051,-28.5762000000002,0.4288999999999987,3.9750000000000014,0.6124999999999989,13.451999999999998,33.2897875,-13.416637500000093,0.5468124999999997,3.7113875000000003,1.1142749999999997,12.825,0.9430854753423764,0.8311677317615993
121.4,24.45,228.7963,SSP1-2.6,2041-2060,4.7209,38.948800000000006,-55.636700000000246,0.7210999999999999,5.821400000000001,1.0982000000000003,18.084000000000003,35.326625,-1.2489875000000552,0.6521749999999997,3.5328250000000008,1.1488749999999996,13.840749999999998,0.9430854753423764,0.8943635121313908
121.4,24.5,258.4791,SSP1-2.6,2041-2060,14.583899999999971,37.9526,24.909200000000055,0.8651000000000018,2.4982000000000006,1.3321000000000005,16.381999999999998,36.1674625,26.721274999999906,0.8285499999999995,3.7714375000000007,1.47255,15.347000000000001,0.9430854753423764,0.9575592925011822
121.4,24.55,271.0039,SSP1-2.6,2041-2060,15.297200000000032,31.6314,54.60959999999977,1.0127999999999986,2.3767999999999994,1.528599999999999,12.302,35.3820875,62.92893749999999,1.0101625000000003,2.875675,1.9274500000000006,15.58425,0.9430854753423764,1.0207550728709736
121.4,24.6,252.2096,SSP1-2.6,2041-2060,23.520700000000005,30.8382,83.5005000000001,1.2241,1.005399999999998,2.289300000000001,13.426,34.785849999999996,86.24494999999996,1.1039374999999998,3.4732250000000002,2.2361625000000007,16.03425,0.9430854753423764,1.0839508532407651
121.4,24.65,243.4296,SSP1-2.6,2041-2060,27.899699999999996,37.6522,90.1223,1.0703999999999994,2.0535999999999994,2.653600000000001,18.706,33.714425000000006,83.3089,1.133925,3.9669749999999993,2.240625,16.37075,0.9430854753423764,1.147146633610552
121.4,24.7,262.8641,SSP1-2.6,2041-2060,21.476699999999994,37.368300000000005,54.43560000000025,0.9829000000000008,4.9178999999999995,2.1374999999999993,20.060000000000002,35.94245,82.28874999999988,1.0704999999999996,5.0234499999999995,2.081475,18.69425,0.9430854753423764,1.2103424139803434
121.4,24.75,272.7705,SSP1-2.6,2041-2060,14.83239999999995,36.60119999999999,75.72829999999976,1.0444999999999993,6.728599999999997,1.6374999999999993,19.504,37.542725,64.52532499999995,0.9335000000000004,5.1509,1.8294749999999997,21.036749999999998,0.9430854753423764,1.273538194350135
121.4,24.8,272.6348,SSP1-2.6,2041-2060,8.452200000000005,40.425,58.815900000000056,0.8355999999999995,5.199999999999999,1.1661000000000001,24.126,38.7883,43.7387875,0.8473375000000001,5.366524999999999,1.5290124999999994,22.451,0.9430854753423764,1.3367339747199263
121.4,24.85,248.1649,SSP1-2.6,2041-2060,5.205200000000019,40.314099999999996,-5.705399999999827,0.6890000000000001,5.619599999999998,0.9820999999999991,23.985999999999997,39.7458875,23.82781250000002,0.7421625000000001,5.1663,1.1830499999999997,23.896499999999996,0.9430854753423764,1.3999297550897176
121.4,24.9,199.7681,SSP1-2.6,2041-2060,12.033699999999982,41.538399999999996,-0.5439000000001215,0.6048000000000009,5.596400000000003,1.0661000000000005,24.596,39.447987499999996,-5.233424999999954,0.7958624999999997,5.823662500000001,0.9515499999999997,24.395249999999997,0.9430854753423764,1.4631255354595045
121.4,24.95,168.4861,SSP1-2.6,2041-2060,5.099700000000013,39.3428,-11.866300000000138,1.0217000000000027,7.683900000000001,1.4070999999999998,25.403999999999996,39.391437499999995,-5.3494249999999965,0.8772249999999993,6.13885,0.7837125000000003,24.64025,0.9430854753423764,1.526321315829296
121.4,25.0,155.8292,SSP1-2.6,2041-2060,2.5653000000000077,40.057900000000004,40.623800000000074,1.296599999999998,5.291099999999997,0.8195999999999994,25.278,39.336637499999995,0.08086249999999495,1.0732499999999998,7.135950000000001,0.6763500000000005,25.08025,0.9430854753423764,1.5895170961990874
121.4,25.05,152.3147,SSP1-2.6,2041-2060,6.108100000000007,40.9656,27.33089999999993,1.4466,8.642900000000004,0.20180000000000042,25.908,40.0615125,20.969637500000005,1.1710999999999991,6.7685375,0.5370625000000003,25.512,0.9430854753423764,1.652712876568879
121.4,25.1,155.8915,SSP1-2.6,2041-2060,5.615899999999982,41.701800000000006,18.98169999999982,1.1775999999999982,7.541100000000004,0.1875,26.459999999999997,40.95445,41.987750000000005,1.2278250000000002,6.789737500000001,0.3098375000000001,26.016,0.9430854753423764,1.7159086569386703
121.4,25.15,151.4827,SSP1-2.6,2041-2060,8.289299999999997,42.23759999999999,42.136400000000094,1.1624000000000017,7.7089,0.164299999999999,27.172,41.133449999999996,38.75222499999998,1.0483749999999996,5.885262500000001,0.1975625000000002,26.3055,0.9430854753423764,1.7791044373084572
121.4,25.2,142.1568,SSP1-2.6,2041-2060,6.761200000000002,40.730399999999996,19.28579999999988,0.9149999999999991,3.6714000000000055,-0.3570999999999991,26.042,41.427274999999995,15.711512500000055,0.8938374999999996,5.9803625,-0.03705000000000003,26.651,0.9430854753423764,1.8423002176782488
121.45,23.3,182.6812,SSP1-2.6,2041-2060,24.015100000000018,43.8114,87.10670000000005,1.4405000000000001,7.325000000000003,2.6231999999999998,17.448,45.186625,90.73838750000004,1.5550000000000006,7.8991125,2.8716375,18.959249999999997,1.0487793154235978,-0.5591394363737897
121.45,23.35,188.4775,SSP1-2.6,2041-2060,26.384100000000018,45.722199999999994,87.2853,1.4597000000000016,7.233900000000002,2.6286000000000005,18.496,45.11013749999999,86.95005000000009,1.5994125000000006,7.7926375000000005,2.8924,18.95525,1.0487793154235978,-0.4959436560039983
121.45,23.4,205.0619,SSP1-2.6,2041-2060,26.929399999999987,45.75429999999999,87.78790000000026,1.4213999999999984,7.283899999999999,2.8321000000000005,20.287999999999997,44.952637499999994,73.2038,1.609700000000001,7.928575000000001,2.7754375,18.82075,1.0487793154235978,-0.43274787563421135
121.45,23.45,199.9067,SSP1-2.6,2041-2060,28.29159999999999,44.65050000000001,68.32439999999997,1.8506,8.4893,2.674999999999999,18.573999999999998,45.414474999999996,55.903737500000005,1.6946875000000001,8.0192,2.6397125,19.906,1.0487793154235978,-0.3695520952644199
121.45,23.5,207.711,SSP1-2.6,2041-2060,21.021299999999997,45.10229999999999,67.7222999999999,2.0051000000000005,5.798200000000001,2.3625000000000007,20.05,45.00595,44.2638125,1.7597,8.6591625,2.5479749999999997,19.69925,1.0487793154235978,-0.3063563148946285
121.45,23.55,219.2241,SSP1-2.6,2041-2060,21.266700000000014,44.2983,47.55970000000002,1.8225000000000016,9.0411,2.4321,19.0,44.40027499999999,43.76253749999995,1.6823249999999996,7.630800000000001,2.5723125,19.521749999999997,1.0487793154235978,-0.24316053452483705
121.45,23.6,240.6733,SSP1-2.6,2041-2060,15.599599999999981,42.74349999999999,23.273400000000038,1.6405999999999992,7.185700000000001,2.8088999999999995,17.605999999999998,44.3797625,73.67308749999998,1.6243000000000003,7.491962500000001,2.434375,19.47,1.0487793154235978,-0.17996475415504562
121.45,23.65,240.973,SSP1-2.6,2041-2060,15.084299999999985,44.040400000000005,111.21099999999979,1.892900000000001,7.173200000000001,1.8356999999999992,19.538000000000004,44.1971375,102.53377500000005,1.6345625000000001,6.743975000000001,2.3584875,18.866999999999997,1.0487793154235978,-0.11676897378525869
121.45,23.7,232.4353,SSP1-2.6,2041-2060,20.542,45.0487,158.7442000000001,2.0747999999999998,5.8553999999999995,2.0267999999999997,19.438000000000002,44.6227,112.42805000000007,1.591725000000001,7.312275000000001,2.01675,19.22925,1.0487793154235978,-0.053573193415467256
121.45,23.75,240.1365,SSP1-2.6,2041-2060,13.4692,45.86639999999999,98.33380000000011,1.3875000000000028,8.608900000000002,1.8500000000000014,21.39,44.6066625,92.72712500000003,1.5005750000000002,6.8203125,2.0538125000000003,19.21775,1.0487793154235978,0.009622586954324176
121.45,23.8,259.8564,SSP1-2.6,2041-2060,6.788700000000006,45.9891,32.072000000000116,1.088199999999997,7.2393,1.892900000000001,20.651999999999997,44.562799999999996,69.52927499999996,1.4369125000000003,7.1276625000000005,2.0986625,18.942999999999998,1.0487793154235978,0.0728183673241156
121.45,23.85,273.9441,SSP1-2.6,2041-2060,14.209100000000035,42.2997,82.3717999999999,1.638099999999998,7.8393000000000015,2.3643,14.436,42.4691125,70.82898749999998,1.4805374999999996,6.347524999999999,2.0767875,17.37075,1.0487793154235978,0.13601414769390704
121.45,23.9,282.4909,SSP1-2.6,2041-2060,29.579499999999996,35.2468,130.83370000000014,1.7929999999999993,5.682099999999998,1.9231999999999996,10.049999999999999,41.156687500000004,71.0399374999999,1.6630124999999991,6.639950000000001,1.9252124999999998,16.01875,1.0487793154235978,0.19920992806369398
121.45,23.95,282.5981,SSP1-2.6,2041-2060,30.92750000000001,38.60960000000001,92.91499999999996,1.791299999999998,6.258900000000001,1.8445999999999998,13.678,38.5922125,75.97118749999993,1.6609375000000002,6.329012499999999,1.6633999999999995,14.47425,1.0487793154235978,0.26240570843348543
121.45,24.0,299.6006,SSP1-2.6,2041-2060,22.247299999999996,41.03360000000001,86.88090000000011,1.6797000000000022,6.796399999999998,1.2356999999999996,15.389999999999999,37.639399999999995,64.10946249999989,1.6775874999999996,6.2252125,1.3716625,14.905750000000001,1.0487793154235978,0.32560148880327683
121.45,24.05,329.8432,SSP1-2.6,2041-2060,2.1610999999999763,36.00529999999999,84.30519999999979,1.744299999999999,5.932099999999998,0.8679000000000006,15.236,37.2455375,70.61828749999995,1.663250000000001,5.403337499999999,1.0116124999999998,14.7195,1.0487793154235978,0.3887972691730683
121.45,24.1,358.1538,SSP1-2.6,2041-2060,-13.712400000000002,35.336200000000005,86.77169999999978,1.7056000000000004,4.1571,0.8106999999999989,13.228000000000002,36.8687625,71.34331249999997,1.5679375000000002,4.639499999999998,0.8305875000000004,15.193750000000001,1.0487793154235978,0.4519930495428597
121.45,24.15,381.7394,SSP1-2.6,2041-2060,-24.452200000000005,37.715,64.63059999999996,1.300699999999999,3.2517999999999994,0.7286000000000001,15.728000000000002,37.28897500000001,55.028387499999894,1.2445750000000002,4.2968625,1.0453125,14.786249999999999,1.0487793154235978,0.5151888299126467
121.45,24.2,365.9708,SSP1-2.6,2041-2060,-28.022299999999973,37.26270000000001,44.964300000000094,0.9274999999999984,5.632099999999998,1.3679000000000006,14.898,37.1577125,6.108937499999939,0.8572624999999996,3.943975,1.1692,14.928249999999998,1.0487793154235978,0.578384610282438
121.45,24.25,299.3308,SSP1-2.6,2041-2060,-21.178699999999992,36.9086,-55.392900000000054,0.5264999999999986,3.814300000000003,1.2643000000000004,14.334,35.7132,-37.30913750000002,0.5876250000000005,4.436150000000001,1.1573624999999998,13.9865,1.0487793154235978,0.6415803906522295
121.45,24.3,235.0949,SSP1-2.6,2041-2060,-3.2229999999999848,34.3533,-102.00720000000001,0.34880000000000067,4.860700000000001,0.8696000000000002,12.576,33.033575,-40.49111249999996,0.5413125000000001,3.638612500000001,0.9886124999999995,12.8945,1.0487793154235978,0.704776171022021
121.45,24.35,234.2998,SSP1-2.6,2041-2060,1.0272999999999968,23.825499999999998,4.700199999999768,0.6645000000000003,1.973200000000002,0.9874999999999989,9.302000000000001,33.631550000000004,-27.736137499999955,0.5579250000000004,3.360937500000001,0.9289999999999996,12.7525,1.0487793154235978,0.7679719513918124
121.45,24.4,252.4848,SSP1-2.6,2041-2060,2.306999999999988,30.272800000000004,56.28809999999976,0.8854000000000006,1.7911000000000001,1.1838999999999995,11.867999999999999,33.2295375,0.9502999999999702,0.6937874999999996,2.9442000000000004,1.0999874999999997,13.146,1.0487793154235978,0.8311677317615993
121.45,24.45,279.4547,SSP1-2.6,2041-2060,0.8817999999999984,33.049699999999994,23.38110000000006,0.965799999999998,3.664300000000001,1.1463999999999999,12.498,35.286225,15.162087499999927,0.8135125000000003,2.839962500000001,1.3912875,14.815999999999999,1.0487793154235978,0.8943635121313908
121.45,24.5,305.3852,SSP1-2.6,2041-2060,8.77800000000002,39.7837,31.035899999999856,0.9267000000000003,4.4018000000000015,1.3553999999999995,18.345999999999997,36.0454,39.46631249999999,0.9614999999999996,3.544425000000001,1.7616125000000002,16.198999999999998,1.0487793154235978,0.9575592925011822
121.45,24.55,288.5667,SSP1-2.6,2041-2060,17.996199999999988,41.8181,89.13790000000017,0.9955999999999996,4.7143000000000015,2.303600000000001,21.566000000000003,36.042525,71.25742500000007,1.1090499999999999,3.6263375000000004,1.9446625,16.789250000000003,1.0487793154235978,1.0207550728709736
121.45,24.6,263.3209,SSP1-2.6,2041-2060,19.315600000000018,34.288,104.13840000000027,1.3049,4.508900000000001,2.3375000000000004,15.924000000000001,36.478500000000004,107.39263750000009,1.1517,4.0243375,2.0707875000000002,18.05225,1.0487793154235978,1.0839508532407651
121.45,24.65,265.1685,SSP1-2.6,2041-2060,40.278099999999995,31.542499999999997,139.9126000000001,1.2582999999999984,5.014300000000002,2.1768,15.966000000000001,35.116075,102.2875125000001,1.1306875,4.2810375,1.8913125000000002,17.38975,1.0487793154235978,1.147146633610552
121.45,24.7,259.908,SSP1-2.6,2041-2060,32.36989999999997,29.672700000000006,110.57489999999962,1.0216999999999992,4.741099999999999,2.0303999999999984,14.613999999999999,36.09465,98.38632500000011,1.0326250000000003,4.87635,1.7437500000000004,18.6245,1.0487793154235978,1.2103424139803434
121.45,24.75,277.3872,SSP1-2.6,2041-2060,16.692799999999977,35.485499999999995,111.67970000000014,1.0050000000000026,4.171400000000002,2.0982000000000003,18.386,36.7701625,80.1971125,0.9384375,5.0256875,1.4745624999999998,19.9875,1.0487793154235978,1.273538194350135
121.45,24.8,281.618,SSP1-2.6,2041-2060,9.848900000000015,37.7381,89.10860000000002,0.9513000000000034,4.110700000000001,1.4285999999999994,21.9,38.578199999999995,51.072587500000054,0.8435125000000001,4.887275,1.3040124999999998,21.912,1.0487793154235978,1.3367339747199263
121.45,24.85,269.4379,SSP1-2.6,2041-2060,4.906399999999962,38.4343,18.12350000000015,0.7319999999999993,4.064299999999999,1.112499999999999,23.2,39.088725,14.839737500000012,0.7158500000000001,4.8187375,1.0035875,22.9925,1.0487793154235978,1.3999297550897176
121.45,24.9,229.719,SSP1-2.6,2041-2060,3.0351,38.219800000000006,-28.696100000000115,0.5452000000000012,4.5,0.7393000000000001,23.406,38.654062499999995,-26.308287499999892,0.6968249999999996,5.597300000000001,0.9026750000000001,23.570749999999997,1.0487793154235978,1.4631255354595045
121.45,24.95,184.5371,SSP1-2.6,2041-2060,-4.437399999999997,38.0074,-59.297599999999875,0.796599999999998,6.612500000000001,1.0821000000000005,24.278,38.0669125,-34.893712499999964,0.7248124999999996,6.0357,0.9125125000000003,23.9855,1.0487793154235978,1.526321315829296
121.45,25.0,167.6302,SSP1-2.6,2041-2060,-2.5065999999999917,37.463499999999996,-57.9076,0.8310999999999993,7.501799999999999,1.0554000000000006,24.996,38.224275,-15.64973749999993,0.9485249999999992,6.624549999999999,0.8832500000000003,24.700000000000003,1.0487793154235978,1.5895170961990874
121.45,25.05,152.8315,SSP1-2.6,2041-2060,0.4052999999999827,39.192,34.527000000000044,1.2182999999999993,5.698199999999996,0.8036000000000012,26.313999999999997,38.72109999999999,-0.8685999999999865,0.9831249999999989,7.008050000000001,0.7033500000000001,25.344,1.0487793154235978,1.652712876568879
121.45,25.1,152.66,SSP1-2.6,2041-2060,6.907299999999992,39.6354,12.591300000000047,1.109099999999998,5.833900000000003,0.39639999999999986,26.657999999999998,40.20739999999999,33.05436250000005,1.0210999999999997,6.7620625,0.44845000000000024,26.21575,1.0487793154235978,1.7159086569386703
121.45,25.15,161.2244,SSP1-2.6,2041-2060,8.797499999999985,40.560599999999994,44.1889000000001,0.9452999999999996,5.403599999999997,-0.05000000000000071,26.036,40.856787499999996,12.104825000000062,0.8672624999999994,6.060037500000002,0.03103750000000005,26.669249999999998,1.0487793154235978,1.7791044373084572
121.45,25.2,155.7339,SSP1-2.6,2041-2060,4.965000000000003,39.644400000000005,4.726200000000063,0.7990999999999993,5.9696,0.06429999999999936,25.693999999999996,40.986287499999996,-25.01314999999994,0.6403499999999993,5.1680875,-0.4970999999999999,26.438000000000002,1.0487793154235978,1.8423002176782488
121.45,25.25,147.3289,SSP1-2.6,2041-2060,6.9786,40.00209999999999,-30.741899999999987,0.7000999999999991,4.9178999999999995,-0.39289999999999914,26.09,40.544250000000005,-79.2912375,0.3869124999999993,4.6209875,-0.8446499999999999,25.98375,1.0487793154235978,1.9054959980480402
121.5,22.05,131.3531,SSP1-2.6,2041-2060,3.0609999999999786,55.697300000000006,-4.109699999999975,0.30799999999999983,6.596399999999999,2.9268,26.008000000000003,54.687925,-63.63988750000004,0.5149999999999997,10.777225,3.3256625,25.70525,1.154473155504819,-2.139033945618553
121.5,22.65,147.1573,SSP1-2.6,2041-2060,15.034999999999997,54.6654,-30.69320000000016,1.5303000000000004,6.998200000000001,2.3499999999999996,24.838,49.019375,3.753324999999961,0.9390249999999996,8.36495,1.997775,23.23725,1.154473155504819,-1.3806845811810693
121.5,23.4,176.4399,SSP1-2.6,2041-2060,35.815,44.4402,12.033599999999979,1.6019000000000005,8.2518,2.8106999999999998,18.942,45.3198125,73.14953750000004,1.6120500000000004,7.96875,2.779225,19.3145,1.154473155504819,-0.43274787563421135
121.5,23.45,180.9229,SSP1-2.6,2041-2060,36.25710000000001,45.147800000000004,1.3197999999999865,1.643699999999999,8.214300000000001,2.585700000000001,19.732,45.301075,52.02938750000001,1.7227374999999998,8.0942,2.64775,19.794249999999998,1.154473155504819,-0.3695520952644199
121.5,23.5,187.6755,SSP1-2.6,2041-2060,32.25729999999999,45.4347,10.918300000000045,1.6397999999999975,8.6143,2.6320999999999994,20.052,45.123562500000006,40.45663749999997,1.7318250000000004,8.1785875,2.5671749999999998,19.5915,1.154473155504819,-0.3063563148946285
121.5,23.55,203.4472,SSP1-2.6,2041-2060,25.340599999999995,45.8657,6.10570000000007,1.501199999999999,8.6768,3.101800000000001,20.018,44.88225,41.02139999999994,1.6345625000000001,7.455362500000001,2.5961999999999996,19.67425,1.154473155504819,-0.24316053452483705
121.5,23.6,219.3545,SSP1-2.6,2041-2060,18.933599999999984,44.0541,40.11669999999958,1.2266999999999992,5.983900000000002,3.367899999999999,19.728,45.040025,56.23542500000002,1.5487000000000002,7.324562500000001,2.5859249999999996,19.445,1.154473155504819,-0.17996475415504562
121.5,23.65,212.1956,SSP1-2.6,2041-2060,24.828099999999978,43.65110000000001,120.30130000000031,1.5142999999999986,6.825000000000003,2.3732000000000006,18.909999999999997,44.687875,75.01731249999997,1.5119375000000002,6.4736625000000005,2.6660749999999993,19.050250000000002,1.154473155504819,-0.11676897378525869
121.5,23.7,215.9641,SSP1-2.6,2041-2060,22.226399999999984,43.4601,109.99030000000016,1.7359000000000009,7.096400000000003,2.1911000000000005,18.002000000000002,45.132075,78.20315000000005,1.4404250000000005,6.757812500000001,2.27075,19.789,1.154473155504819,-0.053573193415467256
121.5,23.75,228.4385,SSP1-2.6,2041-2060,11.929000000000002,45.65659999999999,17.603900000000067,1.3316000000000017,7.235700000000001,1.5768000000000004,20.06,45.686724999999996,49.311225000000064,1.3323625000000001,6.899100000000001,2.1357250000000003,20.20375,1.154473155504819,0.009622586954324176
121.5,23.8,243.236,SSP1-2.6,2041-2060,1.9446000000000083,48.3914,-27.297900000000027,1.0879000000000012,6.132099999999998,2.001800000000001,22.54,46.001149999999996,19.075425000000024,1.2846999999999993,7.264050000000001,1.8562500000000002,20.473,1.154473155504819,0.0728183673241156
121.5,23.85,239.7198,SSP1-2.6,2041-2060,5.673699999999997,49.09589999999999,2.1779999999998836,1.2765999999999984,6.294600000000003,1.7588999999999988,23.421999999999997,44.871737499999995,12.64791249999999,1.358624999999999,7.101324999999999,1.8212125,19.218249999999998,1.154473155504819,0.13601414769390704
121.5,23.9,261.2974,SSP1-2.6,2041-2060,0.7775000000000318,45.1877,-18.769300000000385,1.503499999999999,7.425000000000001,1.4713999999999992,19.714,44.536125,25.788024999999948,1.526849999999999,7.224762500000001,1.7921749999999996,18.85425,1.154473155504819,0.19920992806369398
121.5,23.95,290.0911,SSP1-2.6,2041-2060,1.3229000000000042,45.312599999999996,-33.68430000000035,1.5080999999999989,7.923200000000001,1.732099999999999,18.979999999999997,42.996700000000004,30.94986249999991,1.572575,7.1245375,1.6314749999999996,17.671,1.154473155504819,0.26240570843348543
121.5,24.0,294.3171,SSP1-2.6,2041-2060,10.71980000000002,37.8064,-5.557900000000245,1.5823,6.716099999999997,1.7303999999999995,13.797999999999998,41.0951875,28.77821249999991,1.6106375000000002,6.970962500000001,1.4924125,16.937,1.154473155504819,0.32560148880327683
121.5,24.05,317.0389,SSP1-2.6,2041-2060,-2.3759000000000015,35.1606,32.16820000000007,1.6931000000000012,5.658899999999999,1.2768000000000015,14.948,39.0423125,38.62826249999989,1.563512500000001,5.893062499999999,1.2370624999999997,15.524249999999999,1.154473155504819,0.3887972691730683
121.5,24.1,372.9615,SSP1-2.6,2041-2060,-20.977199999999982,37.92920000000001,58.328899999999976,1.5139000000000031,3.610699999999998,0.625,15.748,37.3336375,45.36208749999997,1.4621500000000003,4.855787499999998,1.1904000000000001,15.247250000000001,1.154473155504819,0.4519930495428597
121.5,24.15,449.7831,SSP1-2.6,2041-2060,-38.67289999999997,38.157500000000006,60.50390000000016,1.2807999999999993,2.5856999999999957,1.3446000000000007,15.902000000000001,38.0288875,40.47156249999992,1.1865750000000004,4.2285499999999985,1.1397249999999999,15.679499999999999,1.154473155504819,0.5151888299126467
121.5,24.2,430.1145,SSP1-2.6,2041-2060,-43.62420000000003,40.478199999999994,28.749399999999696,0.7589000000000006,2.6071000000000026,1.4732000000000003,16.232,36.711175000000004,7.26226250000002,0.9179749999999998,4.3372625,1.2984375,15.218,1.154473155504819,0.578384610282438
121.5,24.25,318.813,SSP1-2.6,2041-2060,-29.676999999999964,36.106100000000005,-76.87120000000004,0.4795000000000016,4.271400000000003,1.164299999999999,15.760000000000002,35.548824999999994,-26.61265000000003,0.709975,4.537262500000001,1.3531250000000001,14.01775,1.154473155504819,0.6415803906522295
121.5,24.3,252.8969,SSP1-2.6,2041-2060,-7.789799999999985,35.0233,-144.03639999999996,0.448400000000003,5.533900000000003,1.1106999999999996,13.482,32.9851875,-26.73906249999999,0.6221000000000001,3.4910750000000013,1.2629499999999996,12.893,1.154473155504819,0.704776171022021
121.5,24.35,255.5467,SSP1-2.6,2041-2060,5.842300000000023,32.857899999999994,-47.192099999999755,0.4715999999999987,3.026799999999998,0.7963999999999984,12.430000000000001,33.09235,0.8212750000000142,0.6817875000000013,2.5462125000000007,1.3990999999999998,13.047999999999998,1.154473155504819,0.7679719513918124
121.5,24.4,300.0776,SSP1-2.6,2041-2060,6.145299999999963,35.02719999999999,31.777800000000298,0.7001000000000026,1.0411000000000001,1.2820999999999998,13.713999999999999,32.230149999999995,45.71671250000003,0.7974375000000005,1.8399625,1.5417374999999998,12.929,1.154473155504819,0.8311677317615993
121.5,24.45,350.4436,SSP1-2.6,2041-2060,6.1071999999999775,31.7476,52.61479999999983,0.9507000000000012,0.7303999999999995,1.9875000000000007,13.07,34.141724999999994,60.60561250000006,0.8922625000000002,2.3176375000000005,1.746875,14.131,1.154473155504819,0.8943635121313908
121.5,24.5,385.5678,SSP1-2.6,2041-2060,11.286000000000001,32.152,8.883800000000065,1.0300999999999974,2.4607000000000028,2.278600000000001,13.612,36.16307499999999,84.27997500000004,0.9881500000000001,3.6149625000000007,1.8654125,16.37675,1.154473155504819,0.9575592925011822
121.5,24.55,323.3038,SSP1-2.6,2041-2060,12.419600000000003,41.06300000000001,117.83080000000018,1.1508000000000003,6.0893000000000015,2.4178999999999995,22.078000000000003,37.397025,95.72501250000005,1.1197999999999997,4.486600000000001,1.9837249999999997,17.81475,1.154473155504819,1.0207550728709736
121.5,24.6,281.8765,SSP1-2.6,2041-2060,23.54129999999998,40.631299999999996,145.15120000000024,1.3579000000000008,5.669599999999999,2.017899999999999,22.244,38.3107,119.07645000000014,1.147875,5.391962500000002,1.8372875,19.30375,1.154473155504819,1.0839508532407651
121.5,24.65,268.169,SSP1-2.6,2041-2060,43.94120000000004,36.651300000000006,138.87620000000015,1.1437000000000026,5.2714,1.1786000000000012,18.13,36.40956250000001,103.23407500000008,1.123687499999999,5.538175000000001,1.4593874999999996,18.4585,1.154473155504819,1.147146633610552
121.5,24.7,256.3934,SSP1-2.6,2041-2060,37.82730000000004,33.8266,91.5010000000002,0.939899999999998,6.080399999999999,0.48570000000000135,16.014000000000003,36.524924999999996,85.76573750000006,1.006875,5.227675000000001,1.0921874999999999,19.1415,1.154473155504819,1.2103424139803434
121.5,24.75,276.5896,SSP1-2.6,2041-2060,25.51679999999999,39.629599999999996,84.83490000000029,0.8163000000000018,4.773200000000003,1.5821000000000005,22.23,36.35,62.45571249999995,0.9452874999999996,5.028575000000001,0.6272374999999999,19.5005,1.154473155504819,1.273538194350135
121.5,24.8,293.3549,SSP1-2.6,2041-2060,22.33570000000003,38.8998,76.57769999999982,0.9152999999999984,3.653600000000001,1.3285999999999998,21.451999999999998,37.9638,31.81433750000008,0.7882875000000005,4.736375000000001,0.6227625000000001,21.646250000000002,1.154473155504819,1.3367339747199263
121.5,24.85,271.892,SSP1-2.6,2041-2060,9.995400000000018,38.836099999999995,-11.473899999999958,0.7103999999999999,4.887499999999999,0.5250000000000004,22.412,37.344725,-7.34428749999995,0.5893250000000001,4.472325,0.6980000000000002,21.909,1.154473155504819,1.3999297550897176
121.5,24.9,229.5603,SSP1-2.6,2041-2060,-0.007400000000018281,36.73850000000001,-59.36499999999978,0.4751999999999974,4.982099999999999,0.7929000000000013,22.061999999999998,36.8536875,-57.9627999999999,0.4389124999999998,5.0169625,0.5790125000000004,22.46875,1.154473155504819,1.4631255354595045
121.5,24.95,183.2088,SSP1-2.6,2041-2060,-3.0309000000000026,36.02089999999999,-80.33769999999959,0.5448999999999984,5.3321000000000005,0.2536000000000005,22.628000000000004,36.07275,-78.6114,0.43726249999999967,6.08995,0.7495500000000006,23.048499999999997,1.154473155504819,1.526321315829296
121.5,25.0,174.3547,SSP1-2.6,2041-2060,-4.660200000000003,35.153499999999994,-81.05690000000004,0.4789999999999992,7.398199999999999,1.1661000000000001,23.514000000000003,36.6049,-53.95694999999995,0.635912499999999,6.452887499999999,0.6828000000000005,24.14925,1.154473155504819,1.5895170961990874
121.5,25.05,175.4995,SSP1-2.6,2041-2060,-5.106500000000011,37.054100000000005,4.878900000000158,0.7844999999999978,6.337499999999999,1.3321000000000005,24.276,37.2628875,-21.341762500000016,0.7549249999999996,6.6875,0.7352750000000001,25.25125,1.154473155504819,1.652712876568879
121.5,25.1,162.8556,SSP1-2.6,2041-2060,8.488900000000001,37.736999999999995,27.609100000000126,0.7405000000000008,7.517900000000001,0.4679000000000002,25.662,38.9529,29.65982500000007,0.8671249999999993,5.648874999999999,0.46383750000000035,26.0035,1.154473155504819,1.7159086569386703
121.5,25.15,204.7554,SSP1-2.6,2041-2060,2.601399999999984,42.210499999999996,64.78200000000015,0.6936,5.246399999999998,0.48040000000000127,27.898,39.555525,-4.046399999999892,0.7045124999999994,5.427462500000001,-0.27656250000000004,26.131749999999997,1.154473155504819,1.7791044373084572
121.5,25.2,226.1129,SSP1-2.6,2041-2060,-2.6728999999999985,42.9572,-93.27389999999968,0.340799999999998,4.991099999999999,-1.1554000000000002,27.767999999999997,40.138425,-45.28272499999997,0.47751249999999956,4.999112499999999,-0.6241124999999996,26.00575,1.154473155504819,1.8423002176782488
121.5,25.25,168.2755,SSP1-2.6,2041-2060,5.613699999999994,40.233000000000004,-110.4644000000003,0.2691999999999979,5.2393,-0.8018000000000001,25.722,40.4296375,-129.4626874999999,0.07267499999999938,4.48505,-1.0910874999999998,25.905499999999996,1.154473155504819,1.9054959980480402
121.5,25.3,156.1099,SSP1-2.6,2041-2060,7.774199999999979,40.725100000000005,-81.18780000000015,0.37519999999999953,2.8588999999999984,-0.8874999999999993,25.892,40.321,-153.93257499999993,-0.09050000000000091,4.585725,-1.1919874999999998,25.862249999999996,1.154473155504819,1.9686917784178315
121.55,22.05,157.5298,SSP1-2.6,2041-2060,3.8725000000000023,56.2949,24.563199999999597,0.08209999999999695,5.3643,3.9392999999999994,25.856,54.613225,-67.22399999999999,0.5432375,10.9312375,3.1990999999999996,25.72425,1.2601669955860404,-2.139033945618553
121.55,23.55,183.7436,SSP1-2.6,2041-2060,26.166900000000027,46.3082,34.08849999999984,1.5390000000000015,7.6053999999999995,2.2481999999999998,20.586,45.113949999999996,37.87998749999997,1.5393749999999997,7.173662500000001,2.8240999999999996,19.5445,1.2601669955860404,-0.24316053452483705
121.55,23.6,193.2841,SSP1-2.6,2041-2060,24.8904,47.6272,47.952600000000075,1.3449000000000009,6.816099999999999,2.7285999999999992,20.584000000000003,44.649,55.49336249999996,1.4367999999999999,6.891075000000001,2.7631625,19.2365,1.2601669955860404,-0.17996475415504562
121.55,23.65,201.9305,SSP1-2.6,2041-2060,20.075099999999992,45.7858,59.391200000000026,1.1341999999999999,5.273199999999999,3.158899999999999,19.318000000000005,45.0185875,65.46252499999997,1.4302250000000003,6.823887500000001,2.5111624999999997,19.62575,1.2601669955860404,-0.11676897378525869
121.55,23.7,203.7558,SSP1-2.6,2041-2060,19.015299999999996,44.7432,49.459100000000035,1.0455000000000005,6.4054,3.210699999999999,18.188,45.40305,60.896475000000095,1.42185,6.6196375000000005,2.2459875,19.716500000000003,1.2601669955860404,-0.053573193415467256
121.55,23.75,207.1175,SSP1-2.6,2041-2060,16.685000000000002,46.264399999999995,10.580699999999979,1.1425999999999998,6.685700000000001,2.1339000000000006,21.470000000000002,45.842575,27.117950000000064,1.2669500000000005,6.870075,2.1578125000000004,20.231499999999997,1.2601669955860404,0.009622586954324176
121.55,23.8,221.5869,SSP1-2.6,2041-2060,10.506199999999978,45.73049999999999,-37.39239999999995,1.096499999999999,7.169599999999999,1.778599999999999,19.95,47.293662499999996,-2.5212499999999807,1.227775,7.081462500000001,1.7770125,22.090249999999997,1.2601669955860404,0.0728183673241156
121.55,23.85,225.5658,SSP1-2.6,2041-2060,7.683799999999991,47.1066,-53.144399999999905,1.3164999999999978,7.039300000000001,1.4946000000000002,22.403999999999996,46.7781625,-1.3239625000000501,1.2907625,7.5066875,1.8330374999999999,21.02125,1.2601669955860404,0.13601414769390704
121.55,23.9,230.093,SSP1-2.6,2041-2060,0.565400000000011,49.022099999999995,-7.490199999999959,1.3453000000000017,8.2839,1.6428999999999991,24.000000000000004,47.579562499999994,-11.630600000000072,1.3508874999999994,7.7642875,1.675425,21.99275,1.2601669955860404,0.19920992806369398
121.55,23.95,240.3488,SSP1-2.6,2041-2060,5.7213999999999885,49.5957,-7.6754000000000815,1.5458999999999996,8.4768,1.5768000000000004,23.864000000000004,46.25665,-2.475962500000122,1.3389625,7.7671875,1.7017874999999996,20.706,1.2601669955860404,0.26240570843348543
121.55,24.0,270.0113,SSP1-2.6,2041-2060,12.386300000000006,47.4717,-23.537900000000263,1.3396000000000008,7.357100000000003,1.6267999999999994,20.874000000000002,43.6057625,8.192987499999958,1.4506625,7.526787499999999,1.6968874999999999,18.9495,1.2601669955860404,0.32560148880327683
121.55,24.05,304.0508,SSP1-2.6,2041-2060,-8.865999999999985,35.572399999999995,-1.1459999999999582,1.5831000000000017,7.3643,1.778599999999999,12.525999999999998,42.696124999999995,16.916162499999956,1.3960750000000006,6.511825,1.5060375,18.517,1.2601669955860404,0.3887972691730683
121.55,24.1,363.4706,SSP1-2.6,2041-2060,-19.42259999999999,41.183699999999995,22.981199999999944,1.3596000000000004,5.210699999999996,1.221400000000001,17.394,40.346625,17.558512500000063,1.3591250000000006,6.025662499999999,1.5220875,16.99025,1.2601669955860404,0.4519930495428597
121.55,24.15,449.7768,SSP1-2.6,2041-2060,-35.480500000000006,39.5384,12.681900000000041,1.0300000000000011,4.685699999999997,1.4945999999999993,17.016,39.983999999999995,22.624524999999977,1.1551500000000003,4.945974999999999,1.4452875000000003,16.90975,1.2601669955860404,0.5151888299126467
121.55,24.2,421.1452,SSP1-2.6,2041-2060,-40.210699999999974,34.7877,4.664499999999862,0.8963999999999999,4.673199999999998,1.3963999999999999,15.192,37.8397625,18.744275000000016,1.0064875000000004,4.748875,1.5830125000000002,15.582999999999998,1.2601669955860404,0.578384610282438
121.55,24.25,339.8152,SSP1-2.6,2041-2060,-30.042399999999986,33.2134,2.9170000000001437,0.9024000000000001,5.783900000000003,1.6267999999999994,12.914,35.773475000000005,22.451037499999956,0.9174125000000006,4.1290125,1.654225,14.61275,1.2601669955860404,0.6415803906522295
121.55,24.3,289.102,SSP1-2.6,2041-2060,-9.501999999999953,32.3634,7.240099999999984,0.8708999999999989,3.392900000000001,1.7161000000000008,12.514,34.7567375,35.41071250000002,0.8516250000000007,3.325225,1.6426249999999996,13.8595,1.2601669955860404,0.704776171022021
121.55,24.35,289.7415,SSP1-2.6,2041-2060,8.380100000000027,34.253299999999996,52.69360000000006,0.7126000000000019,0.8053999999999988,1.6785999999999994,13.313999999999998,35.999325,60.76585000000003,0.8388500000000008,1.8399624999999995,1.7787875,14.641499999999999,1.2601669955860404,0.7679719513918124
121.55,24.4,338.5587,SSP1-2.6,2041-2060,14.319900000000018,39.620000000000005,99.91400000000021,0.8236000000000026,0.9713999999999992,2.3643,17.613999999999997,35.493174999999994,84.22322500000001,0.8436750000000006,0.8265749999999992,1.8745500000000002,14.5495,1.2601669955860404,0.8311677317615993
121.55,24.45,413.7522,SSP1-2.6,2041-2060,13.262,32.2144,123.33400000000029,0.9053000000000004,1.7571000000000012,2.189300000000001,13.336000000000002,34.640987499999994,91.72595000000001,0.9273625000000005,1.1660749999999998,2.2354875,14.6325,1.2601669955860404,0.8943635121313908
121.55,24.5,429.3974,SSP1-2.6,2041-2060,10.248299999999972,31.013999999999996,110.23019999999997,0.9010999999999996,2.453599999999998,2.174999999999999,12.06,34.27001249999999,107.28996250000006,1.0321500000000001,3.0502125000000007,2.1917375000000003,15.414,1.2601669955860404,0.9575592925011822
121.55,24.55,348.8081,SSP1-2.6,2041-2060,11.439999999999998,38.6141,126.67509999999993,1.1092000000000013,5.108900000000002,1.3481999999999985,18.06,35.5837125,119.70877500000006,1.1547624999999995,4.5285625000000005,2.1116124999999997,17.152,1.2601669955860404,1.0207550728709736
121.55,24.6,312.6147,SSP1-2.6,2041-2060,10.5745,40.87500000000001,150.54759999999987,1.3328999999999986,6.575000000000003,2.0535999999999994,20.706,38.839524999999995,126.0888250000001,1.1811875,5.604900000000001,1.4057999999999997,19.797250000000002,1.2601669955860404,1.0839508532407651
121.55,24.65,274.1065,SSP1-2.6,2041-2060,21.179100000000005,41.6336,85.4930000000004,0.8875999999999991,5.8536,0.8820999999999994,22.0,38.928225,85.10767499999997,1.1316124999999997,5.9941875,0.7254499999999999,20.085250000000002,1.2601669955860404,1.147146633610552
121.55,24.7,255.6028,SSP1-2.6,2041-2060,24.11700000000002,38.8068,-1.446100000000115,0.8862999999999985,5.862500000000001,-0.3089000000000013,20.2,38.7794875,49.325487500000065,0.9512124999999996,5.945975,0.26561250000000025,20.37,1.2601669955860404,1.2103424139803434
121.55,24.75,270.7445,SSP1-2.6,2041-2060,26.46089999999998,38.77740000000001,16.20069999999987,1.0360999999999976,6.133900000000001,-0.9017999999999997,21.606,38.1827875,14.045900000000017,0.8230249999999999,5.6042375,-0.05357499999999993,20.598999999999997,1.2601669955860404,1.273538194350135
121.55,24.8,274.097,SSP1-2.6,2041-2060,20.530700000000024,37.59309999999999,5.449200000000019,0.8066999999999993,5.475000000000001,-1.1428999999999991,21.832,38.2507,-4.65576249999998,0.7214874999999998,5.1600375,0.22367500000000007,21.56625,1.2601669955860404,1.3367339747199263
121.55,24.85,277.8704,SSP1-2.6,2041-2060,6.2438999999999965,37.216300000000004,-59.4079999999999,0.24849999999999994,4.274999999999999,0.2804000000000002,21.604000000000003,36.509074999999996,-39.376525000000015,0.5318999999999998,4.9178625,0.2801375000000004,21.297,1.2601669955860404,1.3999297550897176
121.55,24.9,245.9151,SSP1-2.6,2041-2060,1.2432000000000016,33.917899999999996,-100.54419999999982,0.04040000000000177,4.7179,1.0446000000000009,19.816,35.3477125,-95.29429999999996,0.23762499999999953,4.985925,0.20068750000000035,21.536250000000003,1.2601669955860404,1.4631255354595045
121.55,24.95,202.4474,SSP1-2.6,2041-2060,2.4136000000000024,34.1768,-142.0684000000001,-0.10670000000000002,5.746400000000001,-0.40539999999999843,22.406,34.327025,-114.89814999999999,0.18703749999999975,5.8290125,0.5640750000000001,21.72,1.2601669955860404,1.526321315829296
121.55,25.0,190.5201,SSP1-2.6,2041-2060,-6.597200000000015,34.904599999999995,-99.95540000000028,0.43730000000000047,7.2607,0.5213999999999999,23.909999999999997,35.1016875,-101.78332499999993,0.26692499999999963,6.366725000000001,0.49687499999999996,22.9415,1.2601669955860404,1.5895170961990874
121.55,25.05,191.5299,SSP1-2.6,2041-2060,-3.303200000000004,36.01989999999999,-31.49479999999994,0.5812999999999988,7.133900000000001,0.8195999999999994,24.385999999999996,36.505900000000004,-54.46720000000005,0.5103249999999999,6.7484375,0.7558125,24.48525,1.2601669955860404,1.652712876568879
121.55,25.1,186.7833,SSP1-2.6,2041-2060,7.159400000000005,37.9972,24.953199999999924,0.6428000000000011,5.1554,0.6517999999999997,26.57,38.194250000000004,-21.944874999999968,0.5944374999999993,6.126775,0.2830375000000003,25.406,1.2601669955860404,1.7159086569386703
121.55,25.15,265.0967,SSP1-2.6,2041-2060,6.197900000000004,38.9535,82.85210000000006,0.9620999999999995,4.382100000000001,-0.7231999999999985,25.89,39.5239,-86.90838749999995,0.2587749999999991,5.461399999999999,-0.4995499999999997,26.01975,1.2601669955860404,1.7791044373084572
121.55,25.2,258.9274,SSP1-2.6,2041-2060,1.0658999999999992,38.95890000000001,-136.01809999999978,0.09639999999999915,4.1661,-1.8643,24.776,40.377224999999996,-154.55363749999998,-0.06616250000000123,4.93885,-1.1180874999999995,26.04225,1.2601669955860404,1.8423002176782488
121.55,25.25,189.9007,SSP1-2.6,2041-2060,6.072599999999994,40.544399999999996,-281.5866000000001,-0.6456999999999979,4.6678999999999995,-1.7053999999999991,25.939999999999998,40.272062500000004,-170.79557499999993,-0.18725000000000147,4.368525,-1.2598374999999997,25.683749999999996,1.2601669955860404,1.9054959980480402
121.55,25.3,158.4971,SSP1-2.6,2041-2060,10.648500000000013,40.4861,-73.85349999999971,0.0030999999999998806,3.7321000000000026,-1.0411000000000001,26.137999999999998,39.9099625,-188.9457125,-0.22343750000000107,4.47635,-1.2475624999999995,25.44925,1.2601669955860404,1.9686917784178315
121.6,21.95,197.4578,SSP1-2.6,2041-2060,2.727400000000017,48.295,40.12700000000041,0.14199999999999946,4.601800000000001,4.1821,18.148,55.6132125,-69.16947500000009,0.5357499999999997,11.02655,3.1687499999999997,26.68775,1.3658608356672617,-2.265425506358136
121.6,22.0,183.9167,SSP1-2.6,2041-2060,4.945899999999995,51.49779999999999,54.59259999999995,0.14990000000000236,4.917900000000001,3.9571000000000005,20.3,55.2128625,-70.97767500000003,0.5347624999999994,10.9870375,3.1968749999999995,26.418750000000003,1.3658608356672617,-2.2022297259883445
121.6,23.85,204.8463,SSP1-2.6,2041-2060,13.297399999999982,46.82319999999999,5.3279,1.233500000000003,7.741099999999999,1.7143000000000006,22.174,47.756125,-16.14918750000001,1.2561624999999994,7.44485,1.7254375,22.17675,1.3658608356672617,0.13601414769390704
121.6,23.9,210.4865,SSP1-2.6,2041-2060,11.793599999999998,47.674800000000005,-9.519599999999855,1.1447000000000003,9.1679,1.932100000000001,21.934,48.051137499999996,-0.10273750000004611,1.3136875,7.565625000000001,1.6421875,22.74075,1.3658608356672617,0.19920992806369398
121.6,23.95,217.6648,SSP1-2.6,2041-2060,15.379399999999976,49.84,22.242300000000114,1.278299999999998,8.046399999999998,1.7232000000000003,23.450000000000003,47.41137499999999,1.3451624999999297,1.2870625000000007,8.102912500000002,1.7680875,22.051000000000002,1.3658608356672617,0.26240570843348543
121.6,24.0,232.4058,SSP1-2.6,2041-2060,16.406299999999987,47.7379,56.509199999999964,1.0099000000000018,7.2179,1.7553999999999998,22.897999999999996,44.8724625,7.129937499999954,1.3659249999999998,7.904462500000001,1.7919749999999997,19.8655,1.3658608356672617,0.32560148880327683
121.6,24.05,270.6114,SSP1-2.6,2041-2060,-3.7767000000000053,47.820499999999996,2.687800000000152,1.4045999999999985,8.8107,2.0017999999999994,21.132,44.588300000000004,16.477012499999972,1.2596375000000006,7.482587500000001,1.7381749999999998,20.16225,1.3658608356672617,0.3887972691730683
121.6,24.1,329.3079,SSP1-2.6,2041-2060,-14.45640000000003,46.459,-8.25019999999995,1.2655999999999992,7.512500000000003,1.8106999999999989,21.344,43.5013125,10.656225000000035,1.2786125000000008,7.4435125,1.7254375,19.086,1.3658608356672617,0.4519930495428597
121.6,24.15,347.4789,SSP1-2.6,2041-2060,-16.29910000000001,42.135400000000004,-16.506399999999985,1.1019000000000005,7.976800000000001,1.8446000000000007,17.305999999999997,42.4137125,14.660525000000007,1.2138875000000007,6.620975,1.6535625,18.656,1.3658608356672617,0.5151888299126467
121.6,24.2,361.3219,SSP1-2.6,2041-2060,-20.728200000000015,38.741299999999995,30.524900000000116,1.0640999999999998,5.391099999999998,1.846400000000001,16.159999999999997,38.8415375,31.273949999999985,1.1705375000000005,6.151562500000001,1.682575,16.13225,1.3658608356672617,0.578384610282438
121.6,24.25,343.2496,SSP1-2.6,2041-2060,-17.854600000000005,34.3478,107.9547,1.4343000000000004,4.689299999999999,1.8696000000000002,13.374,35.6872375,70.60653749999997,1.0955125,4.3593875,1.8573625000000002,14.32675,1.3658608356672617,0.6415803906522295
121.6,24.3,326.3621,SSP1-2.6,2041-2060,3.77679999999998,34.34,221.3823,1.386800000000001,2.4731999999999985,2.6571,14.188,35.637024999999994,91.94956249999993,1.0333124999999996,2.7844,1.8781250000000003,14.154499999999999,1.3658608356672617,0.704776171022021
121.6,24.35,329.0514,SSP1-2.6,2041-2060,3.375699999999995,37.9121,166.4377999999997,0.9773999999999994,0.017899999999997362,2.2375000000000007,15.413999999999998,37.3177625,117.67332499999992,1.0010750000000006,1.3334875,2.0647375000000006,15.478749999999998,1.3658608356672617,0.7679719513918124
121.6,24.4,358.1433,SSP1-2.6,2041-2060,9.761300000000006,40.8507,150.60329999999976,1.032,-1.7375000000000007,2.0661000000000005,17.776,37.978462500000006,117.23037499999998,0.9527500000000004,1.2700874999999998,2.1254500000000003,16.082,1.3658608356672617,0.8311677317615993
121.6,24.45,401.4136,SSP1-2.6,2041-2060,10.963100000000054,39.08219999999999,143.51659999999993,0.9997000000000007,0.9713999999999992,2.7589000000000006,17.342,34.720774999999996,119.52303749999999,0.9757500000000001,1.6696375000000003,2.1509,14.724499999999999,1.3658608356672617,0.8943635121313908
121.6,24.5,433.8064,SSP1-2.6,2041-2060,10.767100000000028,27.634199999999993,136.26710000000003,0.9816000000000003,2.4375,2.971399999999999,11.871999999999998,34.5225125,132.56970000000007,1.0469874999999997,3.3529000000000004,1.9415125,14.94325,1.3658608356672617,0.9575592925011822
121.6,24.55,376.8988,SSP1-2.6,2041-2060,11.908999999999992,31.6526,149.19750000000022,1.1297999999999995,4.846399999999999,1.5821000000000005,13.942,35.269600000000004,140.53631249999995,1.1780749999999998,4.6924125000000005,1.8115999999999994,16.51825,1.3658608356672617,1.0207550728709736
121.6,24.6,322.8684,SSP1-2.6,2041-2060,15.914100000000019,39.6476,139.5619999999999,1.3538999999999994,5.696400000000001,1.3963999999999999,20.702,38.9303,135.32382500000006,1.2290874999999994,5.6986625,1.0877124999999996,19.4095,1.3658608356672617,1.0839508532407651
121.6,24.65,286.5627,SSP1-2.6,2041-2060,17.918299999999988,40.8227,105.92479999999978,1.3165999999999976,6.303599999999999,0.4231999999999996,21.222,40.495737500000004,65.15942499999994,1.0963124999999994,5.9312375,0.2948624999999996,21.216749999999998,1.3658608356672617,1.147146633610552
121.6,24.7,260.2413,SSP1-2.6,2041-2060,0.9611999999999625,40.1645,-89.25530000000026,0.721700000000002,6.494599999999998,-1.4428999999999998,21.464,40.0631875,13.731599999999958,0.9153999999999982,5.923649999999999,-0.15245000000000042,21.2065,1.3658608356672617,1.2103424139803434
121.6,24.75,281.6095,SSP1-2.6,2041-2060,0.027799999999956526,38.7302,-38.9713999999999,0.747799999999998,6.657099999999998,-0.0821000000000005,20.293999999999997,38.8057625,-33.72363750000011,0.7588499999999998,5.8194,-0.6446500000000002,21.12075,1.3658608356672617,1.273538194350135
121.6,24.8,281.1558,SSP1-2.6,2041-2060,1.6326999999999998,37.811699999999995,-16.322799999999916,0.7502000000000031,5.837500000000002,-0.8482000000000003,21.305999999999997,37.47681250000001,-34.02455000000003,0.654749999999999,5.3493125,-0.3093625000000002,21.06275,1.3658608356672617,1.3367339747199263
121.6,24.85,272.1187,SSP1-2.6,2041-2060,3.784500000000037,36.1045,-88.68330000000014,0.5472999999999999,5.0625,-0.0945999999999998,21.626,35.535962500000004,-38.653362500000014,0.4533750000000003,5.00715,-0.08705000000000007,20.55225,1.3658608356672617,1.3999297550897176
121.6,24.9,251.0524,SSP1-2.6,2041-2060,-1.2565999999999917,32.17099999999999,-120.64990000000034,0.00969999999999871,4.726800000000001,0.6356999999999999,19.869999999999997,34.1500375,-87.1092375,0.13054999999999994,4.7745625,-0.026774999999999993,20.4035,1.3658608356672617,1.4631255354595045
121.6,24.95,228.8761,SSP1-2.6,2041-2060,5.535499999999985,31.51760000000001,-200.3681999999999,-0.528299999999998,4.875,-0.3821000000000012,19.682000000000002,33.4297125,-108.0763500000001,0.10371249999999987,5.445775000000001,0.39865000000000017,20.88275,1.3658608356672617,1.526321315829296
121.6,25.0,212.0405,SSP1-2.6,2041-2060,-1.47890000000001,34.19219999999999,-176.90790000000015,0.03810000000000002,7.3393000000000015,0.4803999999999995,22.278000000000002,34.5824875,-105.33685000000003,0.146725,5.8712,0.2620374999999997,22.336499999999997,1.3658608356672617,1.5895170961990874
121.6,25.05,211.386,SSP1-2.6,2041-2060,-1.3353999999999928,36.67850000000001,-106.91159999999991,0.3426000000000009,6.7714,0.7106999999999992,24.362000000000002,36.205087500000005,-73.88098750000006,0.3907624999999997,6.2107125000000005,0.3694249999999999,24.098,1.3658608356672617,1.652712876568879
121.6,25.1,195.5677,SSP1-2.6,2041-2060,6.0785999999999945,38.3301,-28.347000000000207,0.617799999999999,6.2071000000000005,0.7161000000000008,25.310000000000002,37.601237499999996,-93.60591249999999,0.2837999999999994,5.7160625000000005,-0.31227499999999986,24.915,1.3658608356672617,1.7159086569386703
121.6,25.15,243.72,SSP1-2.6,2041-2060,4.348099999999988,38.57039999999999,-188.9277000000002,0.033099999999997465,5.4178999999999995,-1.5393000000000008,25.464000000000002,38.518375000000006,-141.213325,0.01939999999999875,5.078787500000001,-0.7459749999999992,25.21275,1.3658608356672617,1.7791044373084572
121.6,25.2,221.5467,SSP1-2.6,2041-2060,-3.5638999999999896,39.4299,-366.0446999999999,-1.0948000000000029,4.9893,-1.7535999999999987,24.71,39.11173749999999,-199.11011249999996,-0.2563500000000012,4.7995625,-1.3417374999999996,25.161749999999998,1.3658608356672617,1.8423002176782488
121.6,25.25,184.373,SSP1-2.6,2041-2060,3.7697000000000003,40.1189,-343.7658999999999,-1.087600000000002,4.576800000000002,-1.7463999999999995,24.945999999999998,39.5717875,-189.71313749999996,-0.29671250000000127,4.663175000000001,-1.2051499999999997,25.412,1.3658608356672617,1.9054959980480402
121.6,25.3,165.5419,SSP1-2.6,2041-2060,5.411000000000001,39.267399999999995,-161.7563,-0.40030000000000143,4.3946000000000005,-0.8285999999999998,25.517999999999997,39.8776875,-190.82277499999992,-0.275675000000001,4.432600000000001,-1.3446499999999997,25.407249999999998,1.3658608356672617,1.9686917784178315
121.65,24.0,214.1692,SSP1-2.6,2041-2060,13.266700000000014,45.653000000000006,30.83159999999998,1.1694999999999993,8.655400000000004,2.1643,21.684,47.454075,11.819975000000028,1.2240625,8.0819125,1.799775,22.02625,1.4715546757485132,0.32560148880327683
121.65,24.05,230.0174,SSP1-2.6,2041-2060,12.327200000000005,45.220000000000006,39.194999999999936,1.0241000000000007,7.808900000000001,1.7338999999999993,21.595999999999997,45.239787500000006,11.185287500000044,1.2825250000000006,8.153575000000002,1.8855,20.326,1.4715546757485132,0.3887972691730683
121.65,24.1,254.4267,SSP1-2.6,2041-2060,3.7557999999999936,47.4087,15.233200000000124,1.3257000000000012,8.733899999999998,1.8143000000000011,22.982,44.9578125,13.7984625,1.2618750000000003,7.841962500000001,1.8026749999999998,19.951999999999998,1.4715546757485132,0.4519930495428597
121.65,24.15,260.1308,SSP1-2.6,2041-2060,6.156999999999982,49.131400000000006,10.123100000000022,1.3999000000000024,8.957100000000004,1.9143,22.736000000000004,43.5674875,23.307437499999992,1.2308750000000002,7.2435375,1.7656125,19.266,1.4715546757485132,0.5151888299126467
121.65,24.2,290.2077,SSP1-2.6,2041-2060,-5.40870000000001,42.05950000000001,29.325599999999895,1.3698000000000015,7.803600000000003,1.7303999999999995,16.424,42.8466875,31.985625,1.3058625000000004,6.8437625,1.7850250000000005,18.715249999999997,1.4715546757485132,0.578384610282438
121.65,24.25,300.6087,SSP1-2.6,2041-2060,-6.809000000000026,35.518699999999995,99.0311999999999,1.2295999999999978,4.642900000000001,1.5838999999999999,14.096,39.617025,76.34221249999996,1.3005500000000008,4.907825,1.9488750000000001,16.43475,1.4715546757485132,0.6415803906522295
121.65,24.3,313.9771,SSP1-2.6,2041-2060,-6.848000000000013,34.47389999999999,169.7666999999999,1.0441000000000003,0.7143000000000015,2.301800000000001,13.126000000000001,38.501374999999996,104.82832499999992,1.2047374999999998,3.420324999999999,1.9245375000000005,15.75875,1.4715546757485132,0.704776171022021
121.65,24.35,348.9838,SSP1-2.6,2041-2060,-7.059999999999945,43.013600000000004,129.55539999999974,1.0951999999999984,2.2286,2.0107,18.483999999999998,37.6161375,125.32184999999993,1.0740000000000003,1.6048999999999993,1.9971000000000005,15.53125,1.4715546757485132,0.7679719513918124
121.65,24.4,363.9797,SSP1-2.6,2041-2060,-2.9377999999999815,39.627199999999995,110.23119999999972,1.0434000000000019,1.8196000000000012,1.7232000000000003,16.814,39.341525000000004,118.11734999999999,1.0406374999999994,1.4388374999999995,1.9812500000000004,16.766,1.4715546757485132,0.8311677317615993
121.65,24.45,377.9533,SSP1-2.6,2041-2060,3.559100000000001,38.1049,112.16040000000021,1.0647999999999982,1.5893000000000015,2.0411,16.338,34.9279375,116.92152499999997,1.0549749999999998,2.0435125,1.9729875000000001,14.995749999999997,1.4715546757485132,0.8943635121313908
121.65,24.5,398.5396,SSP1-2.6,2041-2060,6.292699999999968,28.7008,113.44409999999971,1.054199999999998,4.066100000000002,1.6768,11.985999999999999,34.9615625,130.8022125000001,1.0953999999999997,3.4379374999999994,1.913825,15.384749999999999,1.4715546757485132,0.9575592925011822
121.65,24.55,427.1516,SSP1-2.6,2041-2060,3.8034000000000106,36.79710000000001,181.9997000000003,1.2118000000000002,6.0304,1.7607,16.482,34.346625,128.01138749999996,1.1408624999999994,4.562262499999999,1.4718624999999999,16.23125,1.4715546757485132,1.0207550728709736
121.65,24.6,341.5363,SSP1-2.6,2041-2060,30.47210000000001,38.874,165.5646999999999,1.4799000000000007,5.171399999999998,1.1106999999999996,20.278,39.2277625,110.51747499999999,1.1633124999999995,5.60535,0.6363749999999999,19.57025,1.4715546757485132,1.0839508532407651
121.65,24.65,255.9377,SSP1-2.6,2041-2060,18.994899999999973,42.173300000000005,117.18820000000005,1.3648999999999987,5.699999999999999,-0.45889999999999986,22.586000000000002,40.8262125,45.049224999999865,1.0733375,5.7828,-0.01428750000000023,21.409,1.4715546757485132,1.147146633610552
121.65,24.7,239.1876,SSP1-2.6,2041-2060,-0.3206000000000131,41.79109999999999,-46.37870000000021,0.7432999999999979,6.096399999999999,-0.8732000000000006,21.798,40.711325,-4.664750000000083,0.9157624999999996,5.829675,-0.2165125000000001,21.591749999999998,1.4715546757485132,1.2103424139803434
121.65,24.75,251.2344,SSP1-2.6,2041-2060,-11.695899999999995,37.770399999999995,-128.1577000000002,0.34059999999999846,4.7821,0.09999999999999964,19.945999999999998,39.886675000000004,-18.240987500000074,0.8133250000000003,5.837037499999999,-0.2990999999999999,21.42625,1.4715546757485132,1.273538194350135
121.65,24.8,277.4363,SSP1-2.6,2041-2060,-0.33950000000004366,37.731100000000005,-9.878400000000056,0.7859000000000016,5.873199999999999,0.26069999999999993,20.814,37.9750375,-14.564025000000015,0.6931374999999993,5.2211875,-0.12073750000000016,20.964,1.4715546757485132,1.3367339747199263
121.65,24.85,311.7786,SSP1-2.6,2041-2060,-0.20990000000000464,35.89150000000001,31.252500000000055,0.7250999999999976,4.5356999999999985,-0.8946000000000023,20.78,35.577712500000004,-12.042775000000063,0.5729000000000002,5.158037500000001,-0.053999999999999826,20.381,1.4715546757485132,1.3999297550897176
121.65,24.9,257.8623,SSP1-2.6,2041-2060,2.5702,31.9551,-39.12530000000015,0.2605000000000004,4.616100000000001,-0.032099999999999795,18.396,33.786175,-42.18960000000004,0.3498624999999995,4.9817,-0.07431250000000023,20.052,1.4715546757485132,1.4631255354595045
121.65,24.95,233.9441,SSP1-2.6,2041-2060,2.373100000000022,32.4206,-97.92900000000009,-0.14240000000000208,4.367899999999999,0.2696000000000005,18.918,32.995374999999996,-80.44288750000004,0.25497499999999995,5.4442,0.0759124999999996,20.158499999999997,1.4715546757485132,1.526321315829296
121.65,25.0,229.1821,SSP1-2.6,2041-2060,7.109300000000019,33.6995,-87.43069999999989,0.2927999999999997,4.7911,0.6749999999999989,21.468,34.3177875,-86.0238,0.26222499999999993,5.79285,-0.08503750000000032,21.355249999999998,1.4715546757485132,1.5895170961990874
121.65,25.05,220.8446,SSP1-2.6,2041-2060,4.92519999999999,37.2424,-76.53670000000011,0.29720000000000013,6.023199999999999,-0.11250000000000071,23.56,35.6906,-62.98059999999998,0.4424249999999996,5.832575,0.03192499999999998,22.991750000000003,1.4715546757485132,1.652712876568879
121.65,25.1,207.0185,SSP1-2.6,2041-2060,7.043599999999998,37.2548,-115.32859999999982,0.2187999999999981,5.775000000000002,-0.7963999999999984,25.302000000000003,37.238437499999996,-80.29980000000006,0.3256874999999999,5.4778875000000005,-0.34999999999999987,23.948,1.4715546757485132,1.7159086569386703
121.65,25.15,218.6738,SSP1-2.6,2041-2060,5.861199999999997,38.093199999999996,-337.4531999999999,-0.807500000000001,5.069600000000001,-1.5088999999999988,23.786,38.0642875,-116.71683750000011,0.1281999999999992,5.029237500000001,-0.49286249999999954,24.718000000000004,1.4715546757485132,1.7791044373084572
121.65,25.2,190.889,SSP1-2.6,2041-2060,1.6418999999999926,39.1294,-254.32030000000032,-0.48040000000000305,4.8857,-0.6892999999999994,25.358000000000004,38.4518875,-186.90987499999994,-0.22478750000000103,4.937287500000001,-1.0252124999999996,24.783250000000002,1.4715546757485132,1.8423002176782488
121.65,25.25,171.5283,SSP1-2.6,2041-2060,3.782499999999999,38.5252,-133.66119999999955,-0.12120000000000175,5.230400000000003,-0.9571000000000005,25.134000000000004,39.0257375,-219.37808750000005,-0.43192500000000056,4.6279,-1.0165249999999995,24.89775,1.4715546757485132,1.9054959980480402
121.7,24.2,275.0358,SSP1-2.6,2041-2060,1.9155999999999835,50.997299999999996,-2.093800000000101,1.4662000000000006,8.078600000000002,1.7607,24.22,42.9195125,27.141149999999982,1.3434750000000006,6.49175,1.7214250000000004,18.769000000000002,1.5772485158297345,0.578384610282438
121.7,24.25,277.3466,SSP1-2.6,2041-2060,-1.8377000000000407,44.4929,11.618099999999913,1.4252000000000002,6.2804,1.6464000000000008,18.848,42.32255,49.251162499999964,1.3100125,5.016975,1.7281250000000001,18.36775,1.5772485158297345,0.6415803906522295
121.7,24.3,295.0345,SSP1-2.6,2041-2060,-6.886899999999969,37.4835,42.259199999999964,1.2139000000000024,3.832099999999997,1.7786,15.138,42.300725,65.45411249999995,1.241299999999999,4.2120750000000005,1.7718625000000001,18.2985,1.5772485158297345,0.704776171022021
121.7,24.35,335.7223,SSP1-2.6,2041-2060,-8.64330000000001,40.90240000000001,60.38790000000017,0.8754999999999988,3.1982,1.6125000000000007,16.528,40.209725,86.47686249999995,1.1416999999999997,2.9966500000000003,1.8303625,17.33325,1.5772485158297345,0.7679719513918124
121.7,24.4,358.8934,SSP1-2.6,2041-2060,-3.4137999999999806,35.339299999999994,81.50640000000021,1.0188999999999986,2.5214,1.5999999999999996,15.265999999999998,41.120962500000005,95.17601250000001,1.1121249999999994,2.8290250000000006,1.7522375000000001,17.7765,1.5772485158297345,0.8311677317615993
121.7,24.45,364.1507,SSP1-2.6,2041-2060,-1.8611999999999966,39.527,100.77100000000019,1.2616000000000014,2.721399999999999,1.523200000000001,16.98,36.8503625,98.71498750000006,1.123337499999999,3.0620625000000006,1.5843875,16.17275,1.5772485158297345,0.8943635121313908
121.7,24.5,374.8033,SSP1-2.6,2041-2060,-4.398499999999956,28.662100000000002,99.03250000000025,1.0483999999999973,3.548199999999998,1.4642999999999997,11.929999999999998,37.8379625,121.60230000000013,1.1594624999999996,4.2314875,1.4837125000000002,17.058249999999997,1.5772485158297345,0.9575592925011822
121.7,24.55,416.0153,SSP1-2.6,2041-2060,-0.3229000000000042,38.2324,123.47289999999975,1.0655000000000001,5.358899999999998,1.2088999999999999,18.192,36.4796125,129.16391250000015,1.1565124999999998,4.9518,1.1312625,17.24975,1.5772485158297345,1.0207550728709736
121.7,24.6,327.1352,SSP1-2.6,2041-2060,24.060900000000004,41.3693,97.55029999999988,1.0136000000000003,5.373200000000001,0.36430000000000007,20.948,39.900487500000004,99.16893750000008,1.0525125000000006,5.440849999999999,0.44465,20.141750000000002,1.5772485158297345,1.0839508532407651
121.7,24.65,278.3812,SSP1-2.6,2041-2060,2.121900000000039,43.127100000000006,-30.75559999999996,0.8504000000000005,5.533899999999999,-1.1857000000000006,22.488,41.070074999999996,57.700587499999926,0.9879375000000006,5.3138375,0.06853750000000014,21.658,1.5772485158297345,1.147146633610552
121.7,24.7,241.0741,SSP1-2.6,2041-2060,-4.836399999999998,40.813399999999994,18.18159999999989,1.1073000000000022,5.5929,0.0929000000000002,22.372000000000003,41.264737499999995,-8.343550000000107,0.7370874999999995,5.2548875,-0.10067499999999985,22.10725,1.5772485158297345,1.2103424139803434
121.7,24.75,229.8429,SSP1-2.6,2041-2060,-16.74799999999999,42.089000000000006,8.527399999999943,0.8767999999999994,5.5732,0.8214000000000006,22.362000000000002,40.205187499999994,-3.0474375000001146,0.7641624999999999,5.1093625,0.1475500000000003,21.901999999999997,1.5772485158297345,1.273538194350135
121.7,24.8,247.45,SSP1-2.6,2041-2060,-8.153899999999993,39.9624,28.16969999999992,0.7735999999999983,4.571400000000001,-0.3213999999999988,21.0,38.587025,22.53061249999996,0.7497999999999996,4.804224999999999,0.34799999999999986,21.4845,1.5772485158297345,1.3367339747199263
121.7,24.85,271.1531,SSP1-2.6,2041-2060,6.46410000000003,35.440599999999996,87.67340000000013,0.7836999999999996,4.75,0.35360000000000014,20.398,36.3496875,35.14404999999999,0.7324125000000001,4.579012499999999,-0.04841250000000019,20.4825,1.5772485158297345,1.3999297550897176
121.7,24.9,277.5127,SSP1-2.6,2041-2060,2.365000000000009,33.445299999999996,62.47440000000006,0.6722999999999999,5.8268,-0.38569999999999993,19.637999999999998,33.943362500000006,13.695812499999988,0.6182874999999997,4.427899999999999,-0.12900000000000023,19.621000000000002,1.5772485158297345,1.4631255354595045
121.7,24.95,261.6735,SSP1-2.6,2041-2060,5.9062000000000126,33.2983,-11.28670000000011,0.7315000000000005,5.7089,-0.09639999999999915,19.503999999999998,33.03982500000001,-34.73591249999993,0.4925874999999995,4.8709875,-0.3953125000000002,19.626,1.5772485158297345,1.526321315829296
121.7,25.0,245.8166,SSP1-2.6,2041-2060,10.891200000000026,33.684,-70.24879999999985,0.5631999999999984,5.669599999999999,-0.2875000000000014,20.432000000000002,34.2317,-43.12209999999999,0.49722499999999936,5.1964375,-0.7723249999999997,20.725499999999997,1.5772485158297345,1.5895170961990874
121.7,25.05,221.6028,SSP1-2.6,2041-2060,21.086299999999994,35.5087,51.99850000000015,0.7958999999999996,5.587500000000002,-1.2624999999999993,22.106,35.519850000000005,-52.471874999999955,0.4645874999999995,5.1417375000000005,-0.7839249999999998,22.006500000000003,1.5772485158297345,1.652712876568879
121.7,25.1,199.8942,SSP1-2.6,2041-2060,12.513899999999978,36.17699999999999,29.33129999999983,0.6702000000000012,4.5196000000000005,0.019600000000000506,22.676000000000002,36.996812500000004,-50.62154999999996,0.3735499999999998,4.869875000000001,-0.8510999999999995,23.098,1.5772485158297345,1.7159086569386703
121.7,25.15,183.4885,SSP1-2.6,2041-2060,9.722400000000022,37.307199999999995,14.447999999999865,0.6562000000000019,4.226800000000001,0.17680000000000007,24.32,37.846149999999994,-67.9516375,0.28408750000000005,4.456250000000001,-0.3957499999999996,23.555,1.5772485158297345,1.7791044373084572
121.7,25.2,173.4387,SSP1-2.6,2041-2060,9.560999999999979,38.31549999999999,-24.545700000000124,0.40470000000000184,4.212499999999999,-0.07680000000000042,24.604,38.113475,-110.99391249999996,0.08076249999999963,4.506925000000001,-0.4618249999999997,23.796750000000003,1.5772485158297345,1.8423002176782488
121.75,24.25,262.9529,SSP1-2.6,2041-2060,8.13409999999999,48.520100000000006,-20.98610000000008,1.7195999999999998,6.292899999999996,1.4571000000000005,23.768,43.8496875,36.31183749999997,1.3274249999999999,5.96475,1.7310249999999998,19.410249999999998,1.6829423559109558,0.6415803906522295
121.75,24.3,280.3745,SSP1-2.6,2041-2060,8.471799999999973,48.625,16.31860000000006,1.561399999999999,5.5732,1.5999999999999996,23.642,43.11515,50.912537499999985,1.2186,4.5410875,1.7689625000000002,19.191499999999998,1.6829423559109558,0.704776171022021
121.75,24.35,323.1967,SSP1-2.6,2041-2060,0.7889999999999873,42.8592,57.941100000000006,0.9797999999999973,4.766100000000002,1.9624999999999986,17.896,43.1512625,60.24622500000004,1.1212374999999999,3.9140625,1.6656250000000004,19.99475,1.6829423559109558,0.7679719513918124
121.75,24.4,357.6013,SSP1-2.6,2041-2060,-3.2878000000000043,40.256099999999996,84.23630000000003,1.1768999999999998,2.517900000000001,1.6661000000000001,18.3,43.061687500000005,80.11770000000007,1.0878249999999996,3.7584874999999998,1.6562500000000002,19.69675,1.6829423559109558,0.8311677317615993
121.75,24.45,339.8916,SSP1-2.6,2041-2060,-2.492500000000007,44.6773,106.12480000000005,1.399799999999999,3.7911,1.4786000000000001,20.872,39.892362500000004,80.23408750000016,1.0947749999999998,3.724112499999999,1.5243375000000003,18.407,1.6829423559109558,0.8943635121313908
121.75,24.5,338.6862,SSP1-2.6,2041-2060,-8.89979999999997,39.43520000000001,82.98420000000033,1.180299999999999,4.642900000000001,1.0250000000000004,17.876,39.5885875,92.06751250000013,1.1036125,4.502449999999999,1.4149625000000003,18.590249999999997,1.6829423559109558,0.9575592925011822
121.75,24.55,384.9637,SSP1-2.6,2041-2060,12.763100000000009,37.229000000000006,151.86130000000048,1.037700000000001,5.651799999999998,1.1554000000000002,17.74,38.937625,96.85312500000009,1.05415,4.743525,1.0031250000000003,18.663249999999998,1.6829423559109558,1.0207550728709736
121.75,24.6,318.566,SSP1-2.6,2041-2060,18.497600000000034,40.7694,140.87450000000035,1.2262000000000022,5.130400000000002,0.49290000000000056,20.758,40.575575,80.33547499999997,0.9175250000000004,4.970974999999999,0.46250000000000013,20.50175,1.6829423559109558,1.0839508532407651
121.75,24.65,279.9552,SSP1-2.6,2041-2060,-10.8202,42.001599999999996,-56.85420000000022,0.18370000000000175,4.949999999999999,-0.5267999999999997,22.61,41.503550000000004,74.00959999999998,1.0823625000000003,5.088850000000001,0.2578250000000002,21.641,1.6829423559109558,1.147146633610552
121.75,24.7,227.1843,SSP1-2.6,2041-2060,-5.289199999999994,40.768499999999996,25.478299999999763,0.7846000000000011,4.496400000000001,0.34640000000000093,21.913999999999998,41.711974999999995,24.802137499999958,0.8646625000000001,5.09175,0.21116250000000014,22.44325,1.6829423559109558,1.2103424139803434
121.75,24.75,201.423,SSP1-2.6,2041-2060,-6.5867000000000075,40.396899999999995,44.203899999999976,0.752399999999998,4.9071,0.9714000000000009,23.154,41.42805,33.08806249999998,0.9187250000000002,4.845325000000001,0.4207625000000004,22.4615,1.6829423559109558,1.273538194350135
121.75,24.8,217.8323,SSP1-2.6,2041-2060,-6.758100000000013,42.40769999999999,44.0018,0.8256000000000014,4.555399999999999,0.6036000000000001,24.217999999999996,40.0606625,51.846112500000004,0.8861499999999998,4.4189625,0.4982125000000004,22.06225,1.6829423559109558,1.3367339747199263
121.75,24.85,258.6382,SSP1-2.6,2041-2060,4.5236000000000445,36.969,102.62199999999984,0.9083000000000006,3.4571000000000005,0.5678999999999998,20.204,37.51795,52.22877500000004,0.8467125000000002,4.1192,0.13951250000000037,21.188499999999998,1.6829423559109558,1.3999297550897176
121.75,24.9,295.6983,SSP1-2.6,2041-2060,0.7262000000000057,32.43540000000001,61.63570000000027,0.9080000000000013,3.1964000000000006,-0.18570000000000064,18.810000000000002,34.7735625,21.278062499999976,0.7166375,4.187725,-0.11472499999999974,19.98675,1.6829423559109558,1.4631255354595045
121.75,24.95,291.636,SSP1-2.6,2041-2060,1.3150999999999726,33.1364,-25.276100000000042,0.7715999999999994,4.7911,-1.0143000000000004,19.958,33.2208375,-34.431687499999896,0.5549625000000002,4.4691875,-0.6602624999999998,19.42425,1.6829423559109558,1.526321315829296
121.75,25.0,272.5216,SSP1-2.6,2041-2060,2.37620000000004,33.5423,-81.98749999999973,0.6146999999999991,5.7089,-2.2017999999999986,19.387999999999998,34.145725,-49.04653749999994,0.5302124999999998,4.684150000000001,-1.0457499999999997,20.415750000000003,1.6829423559109558,1.5895170961990874
121.75,25.05,229.8115,SSP1-2.6,2041-2060,4.351300000000009,35.0054,-16.528600000000097,0.6164999999999985,4.5929,-2.435699999999999,20.902,35.72828749999999,-33.90622499999989,0.5256875000000001,4.601100000000001,-0.9948624999999998,21.355,1.6829423559109558,1.652712876568879
121.75,25.1,211.3809,SSP1-2.6,2041-2060,6.51339999999999,37.5534,-1.0453999999999724,0.4433000000000007,4.053600000000003,-1.1320999999999994,22.323999999999998,36.81085,21.288687500000037,0.6899875000000004,4.1649625000000015,-0.5102624999999998,22.219,1.6829423559109558,1.7159086569386703
121.75,25.15,200.9515,SSP1-2.6,2041-2060,6.608000000000004,38.0094,75.47360000000026,0.7680000000000007,3.6304000000000016,0.2624999999999993,22.483999999999998,37.7671625,5.019925000000001,0.6043250000000011,4.018075000000001,-0.15668749999999987,22.91725,1.6829423559109558,1.7791044373084572
121.8,24.3,281.1604,SSP1-2.6,2041-2060,15.450000000000045,48.7614,36.0947000000001,1.3735,6.741100000000003,1.7857000000000003,25.018,44.5906875,41.088187499999975,1.1906499999999998,4.6089375,1.6674000000000002,20.235750000000003,1.788636195992177,0.704776171022021
121.8,24.35,308.6296,SSP1-2.6,2041-2060,3.966000000000008,47.4278,50.2186999999999,1.1172000000000004,4.503600000000002,1.6071000000000009,23.21,43.8129875,65.05958750000008,1.1294749999999993,4.2355,1.7116125,20.433999999999997,1.788636195992177,0.7679719513918124
121.8,24.4,346.0626,SSP1-2.6,2041-2060,1.7723000000000297,46.41460000000001,110.94799999999987,0.6326,2.424999999999997,1.6750000000000007,22.856,43.6032125,62.314537500000085,1.1881999999999997,4.5321625,1.6676375,20.57625,1.788636195992177,0.8311677317615993
121.8,24.45,295.8852,SSP1-2.6,2041-2060,-2.7982999999999834,47.34589999999999,73.04370000000017,1.4172000000000011,6.141099999999998,1.7911000000000001,23.966,43.124475000000004,69.57981250000006,1.0598625,3.871225,1.4471000000000005,20.41675,1.788636195992177,0.8943635121313908
121.8,24.5,300.6507,SSP1-2.6,2041-2060,-12.699999999999989,42.158699999999996,9.350600000000213,1.0223000000000013,5.274999999999999,1.450000000000001,20.082,40.371362500000004,74.05211250000013,0.9673749999999992,4.689299999999999,1.267425,19.29475,1.788636195992177,0.9575592925011822
121.8,24.55,308.9933,SSP1-2.6,2041-2060,0.22380000000003974,38.87630000000001,72.88329999999996,0.5763999999999996,3.5321,1.2482000000000006,18.96,41.3276125,79.82776250000018,0.949325,5.0085,1.0408625,20.3545,1.788636195992177,1.0207550728709736
121.8,24.6,258.7833,SSP1-2.6,2041-2060,3.2515999999999963,41.9976,148.67669999999998,1.3004999999999995,5.087500000000002,0.7713999999999999,20.56,40.759025,83.42280000000011,0.8617000000000004,4.584825,0.6944375000000003,20.975250000000003,1.788636195992177,1.0839508532407651
121.8,24.65,237.7586,SSP1-2.6,2041-2060,4.700299999999999,41.7713,135.8490999999999,1.3124000000000002,4.2804,0.6643000000000008,22.516000000000002,41.5664625,80.18412500000005,1.0057625,4.7607125,0.4834875000000003,21.826999999999998,1.788636195992177,1.147146633610552
121.8,24.7,213.9866,SSP1-2.6,2041-2060,-2.8656000000000006,41.41180000000001,56.221900000000005,1.0638999999999967,5.216100000000001,0.5160999999999998,21.572,41.391662499999995,52.32372499999997,0.9562000000000004,4.7549125000000005,0.3370500000000005,22.429249999999996,1.788636195992177,1.2103424139803434
121.8,24.75,181.712,SSP1-2.6,2041-2060,5.636200000000002,42.0847,23.04300000000012,0.7704000000000022,4.680400000000002,0.3356999999999992,22.471999999999998,41.5670375,59.26909999999998,1.0105374999999994,4.7863875,0.6832500000000006,22.66975,1.788636195992177,1.273538194350135
121.8,24.8,184.8057,SSP1-2.6,2041-2060,4.6798,41.8869,61.08080000000018,1.1476000000000006,4.076799999999999,0.9714000000000009,23.781999999999996,39.699299999999994,45.80496249999999,0.8446750000000001,3.9857125000000004,0.3837000000000004,21.91825,1.788636195992177,1.3367339747199263
121.8,24.85,211.9242,SSP1-2.6,2041-2060,-1.494700000000023,41.65579999999999,59.44869999999992,1.0763999999999996,3.335699999999999,0.2857000000000003,23.125999999999998,37.81473750000001,48.20363750000007,0.8668125000000004,3.6832625,0.3535750000000004,21.4485,1.788636195992177,1.3999297550897176
121.8,24.9,270.9585,SSP1-2.6,2041-2060,-3.302500000000009,32.9095,13.345699999999852,0.5865000000000009,2.6411000000000016,-0.20539999999999914,18.536,36.201075,1.3030750000000353,0.7537750000000001,3.2962,-0.04753749999999979,20.62325,1.788636195992177,1.4631255354595045
121.8,24.95,286.0704,SSP1-2.6,2041-2060,-2.4764999999999873,31.333600000000004,-118.77689999999984,0.20279999999999987,2.9910999999999994,-0.4231999999999996,18.53,34.628662500000004,-49.34013749999997,0.5656500000000007,3.6596,-0.7924124999999995,19.90525,1.788636195992177,1.526321315829296
121.8,25.0,255.9441,SSP1-2.6,2041-2060,-4.4950999999999794,35.118300000000005,-130.60939999999982,0.16070000000000206,4.0107,-1.4963999999999995,20.556,34.6812625,-69.12654999999995,0.49734999999999996,3.92345,-1.1919624999999996,20.0335,1.788636195992177,1.5895170961990874
121.8,25.05,234.9002,SSP1-2.6,2041-2060,-2.880000000000024,36.08109999999999,-71.64429999999993,0.39949999999999974,4.121400000000001,-1.3499999999999996,21.337999999999997,36.61705,-34.50426249999987,0.5450375000000003,3.946225000000001,-1.1207499999999997,21.008000000000003,1.788636195992177,1.652712876568879
121.8,25.1,217.2597,SSP1-2.6,2041-2060,2.957099999999997,38.1615,2.955800000000181,0.5579999999999998,3.137500000000003,-0.24820000000000064,22.02,37.4646125,50.61258750000013,0.8399125000000005,3.665200000000001,-0.4747625,21.657249999999998,1.788636195992177,1.7159086569386703
121.8,25.15,197.1041,SSP1-2.6,2041-2060,9.163800000000009,38.2365,84.27520000000004,1.0556000000000019,3.5035999999999987,0.7553999999999998,21.906,37.961037499999996,123.3989625000001,1.1924125000000008,3.3540250000000014,0.14063749999999975,22.167499999999997,1.788636195992177,1.7791044373084572
121.85,24.5,290.1548,SSP1-2.6,2041-2060,-11.829499999999996,45.0991,12.004899999999907,0.6881999999999984,5.0929,1.1517999999999997,23.158,41.5290375,74.63251250000019,0.9418875,4.893312499999999,1.2937625000000001,20.456,1.8943300360733983,0.9575592925011822
121.85,24.55,274.5239,SSP1-2.6,2041-2060,-12.132800000000032,41.646,-5.517800000000079,0.39099999999999824,5.1143,0.8249999999999993,19.855999999999998,41.5995125,99.0913250000001,1.0228875,4.746874999999999,1.135725,21.11525,1.8943300360733983,1.0207550728709736
121.85,24.6,253.7975,SSP1-2.6,2041-2060,-3.761700000000019,42.2859,98.38770000000022,0.7484000000000002,4.0732,1.4553999999999991,22.806,41.46285,115.27880000000005,1.1292375,4.5442,0.7620625000000003,21.35275,1.8943300360733983,1.0839508532407651
121.85,24.65,236.8816,SSP1-2.6,2041-2060,6.877800000000008,41.4927,129.89850000000024,1.4177999999999997,3.9464000000000006,0.2411000000000012,22.555999999999997,41.851575,82.63149999999996,0.9960874999999993,4.8067,0.5912999999999999,21.87675,1.8943300360733983,1.147146633610552
121.85,24.7,202.0537,SSP1-2.6,2041-2060,4.038499999999999,41.8042,98.78960000000006,1.320999999999998,5.185700000000001,0.5714000000000006,21.84,41.526675,57.028525,0.8792,4.5687500000000005,0.5004500000000003,22.45,1.8943300360733983,1.2103424139803434
121.85,24.85,194.3985,SSP1-2.6,2041-2060,-1.941900000000004,41.208400000000005,51.60490000000027,1.0641999999999996,3.7375000000000007,0.8321000000000005,22.635999999999996,38.19165,44.31563749999992,0.9853000000000003,2.9888249999999994,0.22322500000000045,21.423000000000002,1.8943300360733983,1.3999297550897176
121.85,24.9,219.6486,SSP1-2.6,2041-2060,-10.406899999999979,39.260400000000004,-36.335199999999986,0.7105999999999995,3.0518,-0.10889999999999844,23.003999999999998,36.473775,-11.601237499999968,0.7115125000000004,2.8665125,-0.11071249999999977,20.533,1.8943300360733983,1.4631255354595045
121.85,24.95,244.5554,SSP1-2.6,2041-2060,3.831400000000002,33.6096,-84.49850000000015,0.388300000000001,1.8088999999999977,-0.33389999999999986,18.718,36.5866625,-71.22005000000001,0.4856000000000007,3.13795,-0.45021249999999946,20.639,1.8943300360733983,1.526321315829296
121.85,25.0,223.7946,SSP1-2.6,2041-2060,13.288600000000002,37.0174,-110.99580000000014,0.38480000000000203,4.067900000000002,-0.7928999999999995,20.272,36.278512500000005,-66.85311249999995,0.42972500000000036,3.2745499999999996,-0.5265374999999997,20.3125,1.8943300360733983,1.5895170961990874
121.85,25.05,209.6039,SSP1-2.6,2041-2060,6.400999999999982,37.7243,-43.304699999999684,0.6006,3.305399999999999,-0.9839000000000002,21.162000000000003,37.83315,15.089800000000082,0.7403625000000003,3.6241125000000007,-0.2002124999999999,21.0345,1.8943300360733983,1.652712876568879
121.85,25.1,189.4712,SSP1-2.6,2041-2060,8.929299999999984,38.8138,105.48150000000032,0.9817,2.6929000000000016,0.3249999999999993,21.44,38.377775,158.7693000000001,1.4263750000000004,3.36005,0.36809999999999987,21.523,1.8943300360733983,1.7159086569386703
121.85,25.15,170.9226,SSP1-2.6,2041-2060,13.39100000000002,38.29299999999999,272.1934000000001,1.8541000000000025,3.421400000000002,0.7606999999999999,21.701999999999998,38.466862500000005,148.11768750000016,1.3268000000000002,3.1986875000000006,0.2810499999999996,21.80575,1.8943300360733983,1.7791044373084572
121.9,24.55,236.2946,SSP1-2.6,2041-2060,0.20490000000000919,43.255300000000005,114.06710000000021,1.1617999999999995,4.716099999999997,1.4000000000000004,22.362000000000002,41.9313125,81.39786250000003,0.9740499999999996,4.583475,0.9495625000000001,21.403999999999996,2.00002387615465,1.0207550728709736
121.9,24.6,197.3731,SSP1-2.6,2041-2060,16.327300000000008,41.89419999999999,185.4989999999998,1.6478000000000002,4.546399999999998,0.4535999999999998,23.253999999999998,42.419012499999994,91.51947500000006,1.0426374999999992,4.6870625,0.8850500000000001,21.95675,2.00002387615465,1.0839508532407651
121.9,24.9,208.899,SSP1-2.6,2041-2060,-9.59899999999999,39.9827,-35.82420000000002,0.8895000000000017,2.5070999999999977,-0.20889999999999986,22.964000000000002,37.733900000000006,9.489237499999945,0.8605124999999998,2.9531125,0.12255000000000038,20.67425,2.00002387615465,1.4631255354595045
121.9,24.95,213.5584,SSP1-2.6,2041-2060,5.171099999999996,38.65520000000001,-39.74530000000004,0.5763999999999996,2.7143000000000015,-0.6463999999999999,20.944,37.1827875,-53.12507500000004,0.5868625000000005,3.1488749999999994,-0.0627124999999995,20.6175,2.00002387615465,1.526321315829296
121.9,25.0,206.9323,SSP1-2.6,2041-2060,4.721900000000005,38.4162,-110.81930000000011,0.37349999999999994,3.1195999999999984,0.2804000000000002,20.305999999999997,38.3363625,11.632925,0.8243125000000002,3.5567,0.06585000000000019,20.81475,2.00002387615465,1.5895170961990874
121.9,25.05,177.6348,SSP1-2.6,2041-2060,6.772999999999996,39.2898,64.57349999999997,0.7360000000000007,4.125,0.7411000000000012,20.946,39.01865,80.72115000000002,1.1319374999999998,3.691075,0.29508749999999995,21.04475,2.00002387615465,1.652712876568879
121.9,25.1,136.3095,SSP1-2.6,2041-2060,25.493799999999993,39.767100000000006,371.7764000000002,2.3286999999999978,3.7179,0.9392999999999994,21.397999999999996,38.89999999999999,129.30165000000005,1.2882875000000003,3.2040125,0.5745749999999998,21.432000000000002,2.00002387615465,1.7159086569386703
121.9,25.15,122.7288,SSP1-2.6,2041-2060,34.42579999999998,39.468900000000005,589.3290999999999,3.8785000000000007,1.5481999999999978,2.330399999999999,21.712,38.9148125,126.4943750000001,1.1798250000000001,3.5232250000000005,0.4600624999999998,21.59275,2.00002387615465,1.7791044373084572
121.95,24.85,139.3408,SSP1-2.6,2041-2060,41.0154,39.2593,274.68579999999974,2.1751999999999985,3.0321,0.8178999999999998,21.05,39.216775,8.460087500000043,0.9112375000000001,3.1631625,0.12142500000000034,21.7125,2.105717716235871,1.3999297550897176
121.95,25.0,171.8806,SSP1-2.6,2041-2060,9.647200000000026,38.5526,7.675799999999981,1.0093999999999994,3.5196000000000005,0.3445999999999998,20.2,39.503575000000005,42.312337499999956,0.9890125000000005,3.7837,0.3035750000000004,21.39,2.105717716235871,1.5895170961990874
121.95,25.05,156.8258,SSP1-2.6,2041-2060,10.369100000000003,41.03249999999999,154.0038999999997,1.3238999999999983,4.2821,1.3910999999999998,22.168,39.3567125,162.06708750000007,1.5693375,3.5986624999999997,0.6645125000000001,21.1555,2.105717716235871,1.652712876568879
122.0,25.0,141.2376,SSP1-2.6,2041-2060,14.121200000000016,40.8095,145.35450000000037,1.5751000000000008,4.630400000000002,0.8071000000000002,22.108,39.565174999999996,85.44902499999995,1.1612874999999998,3.6010999999999997,0.4622875000000002,21.29225,2.2114115563170924,1.5895170961990874
122.0,25.05,132.0459,SSP1-2.6,2041-2060,22.372300000000024,40.8253,271.9513999999999,2.052900000000001,4.8232,0.8571000000000009,21.412000000000003,39.498975,147.768575,1.4751874999999997,3.4571375,0.77345,21.222749999999998,2.2114115563170924,1.652712876568879
122.1,25.65,212.7383,SSP1-2.6,2041-2060,-1.2118000000000109,43.6215,56.63210000000004,0.46580000000000155,6.076799999999999,0.8731999999999989,24.054000000000002,39.030662500000005,192.1000125000001,1.5543750000000005,3.6437625000000002,0.6167499999999997,22.4135,2.422799236479535,2.4110622410063627
119.45,23.2,88.1242,SSP1-2.6,2081-2100,-2.7245999999999952,62.69219999999999,54.006500000000074,0.031200000000000117,2.2767999999999944,1.2142999999999997,30.956000000000003,62.7043,52.17263750000002,-0.4807750000000004,0.6667375,2.010275,30.9495,-3.1789742878254956,-0.6855309971133726
119.5,23.35,140.2317,SSP1-2.6,2081-2100,1.4102000000000032,62.4136,50.815900000000056,-0.3697000000000017,-0.4036000000000115,2.1554,30.903999999999996,62.739125,52.571462500000024,-0.43066250000000017,1.0017875000000007,1.8926374999999998,30.956,-3.073280447744274,-0.4959436560039983
119.5,23.4,139.9822,SSP1-2.6,2081-2100,-0.9827999999999975,62.440999999999995,47.81700000000001,-0.4721000000000011,-0.44819999999999993,2.0946,31.548,62.9630875,47.87337500000001,-0.4955000000000005,0.3227624999999996,1.7935374999999998,31.29925,-3.073280447744274,-0.43274787563421135
119.5,23.5,143.6065,SSP1-2.6,2081-2100,-11.630500000000012,63.679100000000005,38.384000000000015,-0.939700000000002,-0.5857000000000028,2.0536000000000003,32.611999999999995,63.2326875,49.178987500000005,-0.43610000000000104,-0.21317499999999967,1.8696249999999999,31.7365,-3.073280447744274,-0.3063563148946285
119.5,23.6,133.4372,SSP1-2.6,2081-2100,-10.055499999999995,63.34490000000001,55.596700000000055,-0.5864000000000011,-1.623199999999997,1.5606999999999998,32.036,63.4413,48.93572499999998,-0.4214875000000009,0.041512500000001396,1.7727499999999998,32.09675,-3.073280447744274,-0.17996475415504562
119.5,23.65,131.2561,SSP1-2.6,2081-2100,-9.529600000000002,63.9243,58.238000000000056,-0.36710000000000065,-0.9142999999999972,1.6964000000000006,32.344,63.2808875,51.56072499999998,-0.3732875000000009,0.09910000000000174,1.6689499999999997,32.20425,-3.073280447744274,-0.11676897378525869
119.55,23.35,139.2331,SSP1-2.6,2081-2100,-3.1158000000000072,62.723800000000004,41.92269999999996,-0.5542999999999978,0.35540000000000305,1.7553999999999998,30.601999999999997,62.70035,53.683112500000036,-0.40758750000000066,0.9069124999999989,1.9426375,30.99375,-2.967586607663053,-0.4959436560039983
119.55,23.55,151.4465,SSP1-2.6,2081-2100,-12.83789999999999,63.5184,38.445299999999975,-0.6934000000000005,1.4695999999999998,2.1445999999999996,31.740000000000002,63.4079375,49.890575,-0.4395000000000011,-0.27253749999999854,1.7377125,31.848499999999998,-2.967586607663053,-0.24316053452483705
119.55,23.65,133.0819,SSP1-2.6,2081-2100,-10.26979999999999,63.3313,57.280599999999936,-0.371100000000002,-0.758899999999997,1.6018,31.875999999999998,63.362575,51.46741249999998,-0.3513875000000004,0.3095875000000028,1.6914874999999998,32.04725,-2.967586607663053,-0.11676897378525869
119.6,23.25,136.6252,SSP1-2.6,2081-2100,-2.444000000000017,61.9774,63.22929999999997,-0.4649000000000001,0.7946000000000026,1.5179,30.316,62.79365,51.019787500000035,-0.41876250000000037,0.852012499999999,1.972325,31.0295,-2.8618927675818315,-0.6223352167435812
119.6,23.55,143.8459,SSP1-2.6,2081-2100,-11.179399999999987,63.35530000000001,40.586599999999976,-0.3868000000000009,0.29820000000000846,1.9463999999999997,31.228,63.272962500000006,49.384275,-0.47950000000000115,0.16249999999999964,1.7399499999999999,31.634,-2.8618927675818315,-0.24316053452483705
119.6,23.6,141.1564,SSP1-2.6,2081-2100,-11.294299999999993,63.53269999999999,44.65179999999998,-0.24220000000000041,0.6749999999999972,1.7570999999999994,32.215999999999994,63.245337500000005,51.47471249999998,-0.39601250000000077,0.3950875000000025,1.6995375,31.589,-2.8618927675818315,-0.17996475415504562
119.6,23.65,136.5514,SSP1-2.6,2081-2100,-11.495999999999995,63.1977,53.212099999999964,-0.14470000000000027,1.2018000000000058,1.5571000000000002,31.414,63.3034125,54.87141249999998,-0.3045750000000007,0.23458750000000173,1.6053374999999999,32.268,-2.8618927675818315,-0.11676897378525869
119.6,23.7,132.8465,SSP1-2.6,2081-2100,-10.997099999999989,62.9916,60.68739999999991,-0.22690000000000055,-1.053600000000003,1.4249999999999998,33.344,63.327875,55.81326249999999,-0.3192500000000007,0.2763375000000021,1.5736374999999998,32.12775,-2.8618927675818315,-0.053573193415467256
119.6,23.75,131.5149,SSP1-2.6,2081-2100,-11.130600000000015,62.975199999999994,62.025300000000016,-0.3348000000000013,0.5838999999999999,1.3589000000000002,33.78,63.329925,55.64602499999998,-0.3057625000000006,0.07165000000000177,1.5818999999999999,32.07325,-2.8618927675818315,0.009622586954324176
119.65,23.25,154.9015,SSP1-2.6,2081-2100,0.944800000000015,61.525800000000004,96.18030000000022,0.03470000000000084,3.8536,2.4143,28.646,62.6946,50.72243750000001,-0.4568750000000008,0.19107499999999789,1.75315,31.0865,-2.7561989275005803,-0.6223352167435812
119.65,23.55,137.1792,SSP1-2.6,2081-2100,-11.033200000000008,62.8982,51.174800000000005,-0.47800000000000153,-0.4732000000000056,1.7286000000000001,31.062,63.247975000000004,51.01341249999997,-0.3441750000000008,0.7430750000000028,1.6961874999999997,31.56525,-2.7561989275005803,-0.24316053452483705
119.65,23.6,135.7117,SSP1-2.6,2081-2100,-10.921600000000012,63.281200000000005,55.18020000000001,-0.34410000000000096,0.6231999999999971,1.6124999999999998,31.299999999999997,63.13425,53.292999999999964,-0.30260000000000087,0.29062500000000213,1.6207499999999997,31.735999999999997,-2.7561989275005803,-0.17996475415504562
119.65,23.65,133.1052,SSP1-2.6,2081-2100,-11.146,63.035700000000006,60.321399999999926,-0.16359999999999886,2.4232000000000085,1.4445999999999994,32.056,63.1649375,52.650349999999975,-0.32516250000000113,0.06562500000000071,1.6417374999999998,31.6415,-2.7561989275005803,-0.11676897378525869
119.7,23.55,133.6888,SSP1-2.6,2081-2100,-10.412899999999993,62.731500000000004,58.42930000000001,-0.4075000000000024,0.012500000000002842,1.5053999999999998,30.692000000000004,63.2688125,50.10659999999997,-0.3529875000000007,0.6823625000000018,1.7240874999999998,31.6115,-2.6505050874193588,-0.24316053452483705
120.0,23.45,147.1014,SSP1-2.6,2081-2100,-2.279500000000013,61.411100000000005,87.0693,-0.46610000000000085,1.2107000000000028,2.0446,31.907999999999998,61.660799999999995,117.45575,0.28633749999999925,-0.8957625,2.1096125,31.6005,-2.016342046932001,-0.3695520952644199
120.05,23.05,151.7014,SSP1-2.6,2081-2100,13.725300000000004,59.241899999999994,94.79009999999994,0.6311999999999998,-0.9857000000000085,1.0911,27.49,60.103325,121.66897500000002,1.2104874999999997,1.9937500000000012,1.6705375000000002,29.07775,-1.9106482068507795,-0.8751183382227424
120.05,23.1,160.5833,SSP1-2.6,2081-2100,11.165599999999984,59.8795,73.904,0.5125999999999991,3.4196000000000026,1.2463999999999995,27.408,60.600375,113.0878375,0.9255374999999995,1.4799124999999993,1.6968750000000001,29.696749999999998,-1.9106482068507795,-0.811922557852951
120.05,23.15,161.5848,SSP1-2.6,2081-2100,11.094799999999992,58.84590000000001,86.19200000000001,0.2958999999999996,3.3696000000000055,1.4214000000000002,27.729999999999997,60.5953125,113.12686249999999,0.7619374999999997,1.7287874999999993,1.7093749999999999,29.539749999999998,-1.9106482068507795,-0.748726777483164
120.05,23.5,152.7158,SSP1-2.6,2081-2100,-1.3593999999999937,62.09219999999999,96.28239999999994,-0.39380000000000237,0.08929999999999438,2.2054,33.414,61.5,116.63345,0.5738374999999998,-1.1459875000000004,2.0096000000000003,32.508250000000004,-1.9106482068507795,-0.3063563148946285
120.1,23.05,164.0755,SSP1-2.6,2081-2100,19.223600000000005,59.191599999999994,128.6477,1.2841999999999985,0.0,1.3929,29.512,60.1814375,127.18217500000003,1.3478874999999997,1.7220999999999984,1.7196500000000001,28.98425,-1.8049543667695582,-0.8751183382227424
120.1,23.1,164.0134,SSP1-2.6,2081-2100,14.612899999999996,61.0867,98.44080000000008,1.0215999999999994,3.678600000000003,1.4304000000000006,29.846,60.364425,115.9001625,1.0962124999999996,1.4747750000000002,1.683475,29.29125,-1.8049543667695582,-0.811922557852951
120.1,23.15,162.4066,SSP1-2.6,2081-2100,15.167100000000005,62.134,102.39470000000006,0.6109000000000009,3.6285999999999987,2.2393,30.598,60.63075,112.92801250000002,1.0055499999999995,1.6729875000000014,1.6631624999999999,29.868249999999996,-1.8049543667695582,-0.748726777483164
120.1,23.2,171.3221,SSP1-2.6,2081-2100,10.002700000000004,60.477900000000005,138.0525,0.2576999999999998,0.3374999999999986,1.857099999999999,29.61,60.9025875,117.95958750000003,0.8154124999999999,2.279912500000001,1.8781249999999998,30.349749999999997,-1.8049543667695582,-0.6855309971133726
120.1,23.25,167.5961,SSP1-2.6,2081-2100,6.852000000000004,59.808400000000006,149.15509999999995,0.34240000000000137,2.3571000000000026,2.1731999999999996,29.311999999999998,61.0013125,126.45203750000005,0.6724125000000001,1.0886250000000022,1.8720999999999994,30.540499999999998,-1.8049543667695582,-0.6223352167435812
120.1,23.3,161.8927,SSP1-2.6,2081-2100,3.1947000000000116,60.075199999999995,145.23990000000003,0.14429999999999765,-0.7000000000000028,2.2661,29.114,60.892087499999995,130.197525,0.5802625000000003,1.0533375000000014,1.9169624999999995,30.28925,-1.8049543667695582,-0.5591394363737897
120.1,23.35,160.5993,SSP1-2.6,2081-2100,-1.4413999999999874,61.3848,124.3898999999999,-0.2347999999999999,-3.2981999999999942,1.9678999999999993,30.087999999999997,61.0289,128.17402500000003,0.6744000000000003,1.0069000000000026,2.0587,30.52075,-1.8049543667695582,-0.4959436560039983
120.1,23.55,158.8799,SSP1-2.6,2081-2100,-5.4698999999999955,61.3506,112.2233,-0.04460000000000264,-2.4214000000000055,1.9786000000000001,33.327999999999996,61.266075,124.07743749999999,0.7059249999999997,-2.3410625000000014,1.9015624999999998,32.818250000000006,-1.8049543667695582,-0.24316053452483705
120.1,23.65,147.0171,SSP1-2.6,2081-2100,-4.636300000000006,60.3995,133.31670000000008,0.9664999999999999,-6.285700000000006,1.5089000000000006,30.704,60.1853,129.41420000000002,0.9634999999999998,-2.0232124999999996,1.7248,32.587,-1.8049543667695582,-0.11676897378525869
120.15,22.9,182.8242,SSP1-2.6,2081-2100,11.63730000000001,57.896800000000006,132.28320000000008,1.7234000000000016,2.1713999999999913,1.2767999999999997,27.268000000000004,60.28895,149.67002499999998,1.9568749999999993,2.4357124999999966,1.6823624999999998,29.05725,-1.699260526688307,-1.0647056793321166
120.15,22.95,183.9828,SSP1-2.6,2081-2100,13.79570000000001,57.657300000000006,140.22129999999993,1.8499999999999979,2.7160999999999973,1.4356999999999998,27.672000000000004,59.379599999999996,157.35437499999998,1.9413625000000003,1.9725374999999978,1.9138375,28.48125,-1.699260526688307,-1.0015098989623252
120.15,23.0,179.0614,SSP1-2.6,2081-2100,19.026600000000002,59.008900000000004,162.12979999999993,1.9587000000000003,0.8820999999999941,1.801800000000001,28.477999999999998,58.9214125,151.5785125,1.8869500000000001,1.8877249999999979,1.8859375,28.325250000000004,-1.699260526688307,-0.9383141185925338
120.15,23.05,168.845,SSP1-2.6,2081-2100,26.97890000000001,59.79749999999999,185.0879,2.132100000000001,0.5554000000000059,1.9338999999999995,28.804,60.267287499999995,137.19978749999999,1.7177249999999997,1.8218749999999995,1.8799250000000003,29.424750000000003,-1.699260526688307,-0.8751183382227424
120.15,23.1,171.8789,SSP1-2.6,2081-2100,17.481900000000024,60.8825,136.5549000000001,1.8678999999999988,0.41610000000000014,1.898200000000001,30.246000000000002,61.145825,130.80895,1.4737,2.22255,1.857825,30.235,-1.699260526688307,-0.811922557852951
120.15,23.15,172.6805,SSP1-2.6,2081-2100,12.089699999999993,62.9425,119.62999999999988,1.434899999999999,1.394599999999997,2.2446,32.542,61.707837500000004,118.02546250000003,1.1985375000000005,2.3495750000000015,1.8497875000000001,30.7925,-1.699260526688307,-0.748726777483164
120.15,23.2,173.6379,SSP1-2.6,2081-2100,11.40379999999999,61.7394,122.00220000000013,1.369600000000002,0.7679000000000045,1.8142999999999994,32.05199999999999,61.6444625,119.99008750000002,0.9892500000000002,2.6750000000000007,1.926775,31.0835,-1.699260526688307,-0.6855309971133726
120.15,23.25,176.7822,SSP1-2.6,2081-2100,5.860300000000024,60.58859999999999,120.62200000000007,1.3036999999999992,3.742899999999999,1.4356999999999989,31.604000000000003,60.85147500000001,128.07136250000002,0.7377375000000002,1.7133875000000014,1.9109374999999997,30.573999999999998,-1.699260526688307,-0.6223352167435812
120.15,23.3,164.996,SSP1-2.6,2081-2100,4.004099999999994,60.4203,142.4927,0.5988000000000007,2.1321000000000083,1.9642999999999997,29.995999999999995,60.81845,126.85501250000002,0.6392125000000002,1.0727625000000005,1.8680749999999993,30.396250000000002,-1.699260526688307,-0.5591394363737897
120.15,23.35,166.8912,SSP1-2.6,2081-2100,0.7441000000000031,62.388999999999996,134.66050000000018,0.6031000000000013,-0.1554000000000002,1.9213999999999993,30.238000000000003,60.760662499999995,118.88203750000002,0.6911499999999999,1.0948625000000014,1.9734374999999997,30.4005,-1.699260526688307,-0.4959436560039983
120.15,23.4,167.3857,SSP1-2.6,2081-2100,-2.6187000000000182,61.7158,119.64470000000006,1.1140000000000008,0.22320000000000562,2.289300000000001,30.634000000000004,61.257437499999995,120.365825,0.7130875000000003,0.8386000000000031,1.9656249999999997,31.111250000000002,-1.699260526688307,-0.43274787563421135
120.15,23.45,169.7463,SSP1-2.6,2081-2100,-5.735299999999995,62.170500000000004,106.65989999999988,0.5296999999999983,-0.4981999999999971,1.976799999999999,32.812000000000005,61.686049999999994,119.49922500000002,0.9311750000000005,0.28323749999999936,2.01785,31.999750000000006,-1.699260526688307,-0.3695520952644199
120.15,23.5,182.3152,SSP1-2.6,2081-2100,-15.82480000000001,62.10829999999999,100.54539999999997,0.5728000000000009,-0.4054000000000002,2.2714000000000008,33.176,61.5931875,124.23719999999994,0.809625,-1.285937500000002,1.9855,33.071,-1.699260526688307,-0.3063563148946285
120.15,23.55,169.2276,SSP1-2.6,2081-2100,-12.293099999999981,60.7933,122.30919999999992,0.5088000000000008,-3.2482000000000113,2.0589000000000004,32.906,61.3690125,127.98190000000001,0.8594499999999998,-1.8712125000000022,1.885275,33.2475,-1.699260526688307,-0.24316053452483705
120.15,23.6,154.9187,SSP1-2.6,2081-2100,-5.295700000000011,59.6884,150.24360000000013,1.0303000000000004,-2.9124999999999943,1.6911000000000005,31.934000000000005,60.8027,129.4179625,0.8443375,-2.6616000000000017,1.7417500000000001,32.86075,-1.699260526688307,-0.17996475415504562
120.15,23.65,152.2337,SSP1-2.6,2081-2100,-4.341700000000003,60.2905,152.07000000000005,1.6301999999999985,-2.008899999999997,1.4285999999999994,32.596000000000004,60.1418375,128.5437875,1.1047500000000001,-2.4673999999999996,1.6366125000000002,32.2435,-1.699260526688307,-0.11676897378525869
120.15,23.7,159.0972,SSP1-2.6,2081-2100,-8.215799999999973,60.0105,129.3510000000001,1.5363000000000007,-3.821399999999997,1.7786,31.623999999999995,60.12035,127.41286250000003,1.2240499999999996,-1.743299999999996,1.438625,32.6245,-1.699260526688307,-0.053573193415467256
120.15,23.75,155.5938,SSP1-2.6,2081-2100,-10.590099999999978,59.8235,107.41920000000005,0.9344999999999999,-0.5053999999999945,1.5036000000000005,33.507999999999996,59.873599999999996,113.65620000000003,1.2329624999999997,-1.1164999999999958,1.3962124999999999,33.63175,-1.699260526688307,0.009622586954324176
120.15,23.8,149.9186,SSP1-2.6,2081-2100,-9.184300000000007,58.52609999999999,89.6132,0.8925999999999981,0.15000000000000568,1.2374999999999998,35.154,59.365975,95.72452500000004,1.0291750000000004,-1.6631624999999977,1.473,34.18575,-1.699260526688307,0.0728183673241156
120.2,22.8,197.0965,SSP1-2.6,2081-2100,8.596400000000017,64.5517,130.21900000000005,1.6258000000000017,2.8517999999999972,1.1143,30.885999999999996,63.7159125,134.7336,1.50915,3.002237499999998,1.5852624999999998,30.8885,-1.5935666866070857,-1.191097240071695
120.2,22.85,199.0056,SSP1-2.6,2081-2100,8.687700000000007,63.362,131.00319999999988,1.9223,3.9893,1.0928999999999993,30.581999999999997,61.508700000000005,139.51772500000004,1.6973000000000003,2.384587499999996,1.5537874999999999,29.65375,-1.5935666866070857,-1.1279014597019037
120.2,22.9,190.9749,SSP1-2.6,2081-2100,13.330600000000004,60.71319999999999,129.61149999999998,1.6686999999999976,3.1071000000000026,2.051799999999999,29.314,60.2692625,148.4547125,2.0721749999999997,2.638174999999996,1.6187499999999997,29.02375,-1.5935666866070857,-1.0647056793321166
120.2,22.95,197.0414,SSP1-2.6,2081-2100,11.934399999999982,57.6344,154.231,1.5035000000000025,2.3874999999999957,2.033900000000001,27.012,59.5524,152.72297499999996,2.0500749999999996,2.167849999999997,1.8859374999999998,28.642500000000002,-1.5935666866070857,-1.0015098989623252
120.2,23.0,195.1873,SSP1-2.6,2081-2100,10.228300000000019,58.6162,145.95539999999983,1.899000000000001,3.3000000000000043,2.5893000000000006,27.896,59.6963625,161.28541249999998,2.0543,1.7680874999999974,2.0004375,28.63925,-1.5935666866070857,-0.9383141185925338
120.2,23.05,177.4156,SSP1-2.6,2081-2100,21.196199999999976,59.420500000000004,164.15520000000015,2.048099999999998,2.1820999999999913,2.1161000000000003,29.003999999999998,60.850562499999995,147.19867499999995,2.0003500000000005,1.5225500000000007,2.0031125000000003,29.56125,-1.5935666866070857,-0.8751183382227424
120.2,23.1,182.2399,SSP1-2.6,2081-2100,14.383700000000005,61.328199999999995,133.11459999999988,1.8253000000000021,2.126800000000003,1.5267999999999997,30.248,61.85445,136.4978,1.7324125000000001,1.5359375000000002,2.0060125,30.732,-1.5935666866070857,-0.811922557852951
120.2,23.15,197.3576,SSP1-2.6,2081-2100,5.0478999999999985,63.2656,115.00070000000005,1.432500000000001,4.2143000000000015,1.978600000000001,31.325999999999997,62.0168375,120.99322499999997,1.4583000000000004,1.561162500000001,1.9332500000000001,31.49375,-1.5935666866070857,-0.748726777483164
120.2,23.2,193.4613,SSP1-2.6,2081-2100,1.8556000000000097,62.748400000000004,98.64329999999995,1.2027999999999999,3.626800000000003,2.053600000000001,32.414,61.515125,116.44153750000001,1.2291625000000002,1.9569250000000018,1.8993249999999997,31.63225,-1.5935666866070857,-0.6855309971133726
120.2,23.25,181.3037,SSP1-2.6,2081-2100,1.7247000000000128,61.19030000000001,116.42240000000015,1.3291000000000004,2.0982000000000056,1.4320999999999993,31.261999999999997,60.687687499999996,110.385325,0.9495999999999998,2.3589375000000006,1.9488999999999996,31.36825,-1.5935666866070857,-0.6223352167435812
120.2,23.3,176.4082,SSP1-2.6,2081-2100,-8.019499999999994,60.3519,112.56279999999992,0.6571999999999996,3.0874999999999915,1.726799999999999,30.832,60.614425,109.61057500000007,0.9494750000000001,1.8473250000000023,1.8412874999999995,30.95825,-1.5935666866070857,-0.5591394363737897
120.2,23.35,181.8558,SSP1-2.6,2081-2100,-8.663399999999996,60.7594,111.78749999999991,0.9687000000000019,1.4500000000000028,2.0214,30.720000000000002,60.9457625,110.83920000000009,0.8904624999999999,1.8892750000000005,1.946875,31.02775,-1.5935666866070857,-0.4959436560039983
120.2,23.4,177.111,SSP1-2.6,2081-2100,-4.5172000000000025,60.892599999999995,115.7519000000002,1.0942000000000007,3.2464000000000013,1.8571000000000009,31.340000000000003,61.485937500000006,111.91320000000002,0.9627624999999997,1.103787500000002,1.9732124999999998,31.4495,-1.5935666866070857,-0.43274787563421135
120.2,23.45,179.4661,SSP1-2.6,2081-2100,-7.179600000000022,60.5028,112.52799999999979,1.0559000000000012,2.3607000000000014,2.1125,31.320000000000004,62.0507375,116.52266250000002,1.0185749999999998,0.6611375000000006,2.0198750000000003,32.57725,-1.5935666866070857,-0.3695520952644199
120.2,23.5,174.421,SSP1-2.6,2081-2100,-6.156899999999979,62.762,134.37220000000002,1.3458000000000006,-1.116100000000003,1.7661000000000007,33.368,61.9949125,115.47719999999993,0.8254625,-0.4029125000000029,2.089725,33.258,-1.5935666866070857,-0.3063563148946285
120.2,23.55,178.3221,SSP1-2.6,2081-2100,-11.503299999999996,62.5859,131.19229999999993,0.8029000000000011,-3.4589,2.0713999999999997,35.004000000000005,61.485825,124.69785,0.8778125000000006,-1.4904250000000037,1.9274625000000003,33.175250000000005,-1.5935666866070857,-0.24316053452483705
120.2,23.6,175.7264,SSP1-2.6,2081-2100,-14.74890000000002,59.5845,133.1766,0.8076000000000008,-2.305400000000006,1.7429000000000006,32.64,61.0309375,127.61749999999999,0.9661500000000003,-1.6879375000000003,1.7825875,33.24325,-1.5935666866070857,-0.17996475415504562
120.2,23.65,157.1646,SSP1-2.6,2081-2100,-6.029200000000003,59.941100000000006,128.52069999999992,1.3049,1.0375000000000085,1.6161000000000003,32.16,60.40995,129.22017500000004,1.2142875000000002,-1.6553499999999968,1.4982250000000001,32.80025,-1.5935666866070857,-0.11676897378525869
120.2,23.7,156.8797,SSP1-2.6,2081-2100,-3.7442000000000064,59.8272,127.39499999999998,1.7404999999999973,-2.2338999999999913,0.9624999999999995,32.116,60.19970000000001,118.24535,1.1882625000000004,-0.6327999999999969,1.5384000000000002,33.2475,-1.5935666866070857,-0.053573193415467256
120.2,23.75,158.5914,SSP1-2.6,2081-2100,-9.569400000000002,59.4805,105.38490000000002,0.9375999999999998,-3.6482000000000028,1.6786000000000003,33.897999999999996,59.857437499999996,104.45845000000003,1.1624875000000001,-0.9553499999999948,1.3712125,33.98975,-1.5935666866070857,0.009622586954324176
120.2,23.8,159.4839,SSP1-2.6,2081-2100,-11.285799999999995,59.692699999999995,86.25600000000009,0.907,-1.2231999999999914,1.5160999999999998,35.336,59.13835,93.84540000000003,0.9625875000000002,-1.0129499999999991,1.4020125,34.47675,-1.5935666866070857,0.0728183673241156
120.2,23.85,150.5228,SSP1-2.6,2081-2100,-8.757299999999987,58.025,77.89830000000006,0.8636999999999979,-0.9070999999999998,1.1589,34.623999999999995,58.242425,87.04735000000002,1.0648375000000003,-1.9638374999999977,1.41205,33.9105,-1.5935666866070857,0.13601414769390704
120.25,22.6,206.2164,SSP1-2.6,2081-2100,0.07230000000001269,68.8252,77.28109999999992,1.2445000000000022,5.941099999999992,2.4285999999999994,32.344,65.41875,72.758475,1.0888624999999998,5.058475,2.7707625,30.9285,-1.4878728465258642,-1.4438803615508562
120.25,22.65,214.8677,SSP1-2.6,2081-2100,2.43719999999999,65.7524,101.63010000000008,1.5834999999999972,5.894599999999997,2.3589,32.55,66.06845,84.51942499999996,1.1328125000000004,4.6971,2.4223375,31.83325,-1.4878728465258642,-1.3806845811810693
120.25,22.7,222.8883,SSP1-2.6,2081-2100,2.423700000000025,64.29570000000001,127.32109999999989,1.2917000000000023,2.1731999999999942,2.053600000000001,31.6,65.61081250000001,104.66963749999996,1.2779374999999997,4.6261125000000005,1.9881749999999998,31.985999999999997,-1.4878728465258642,-1.317488800811278
120.25,22.75,220.3806,SSP1-2.6,2081-2100,5.526900000000012,65.3756,128.4034999999999,1.190100000000001,3.6875,1.7356999999999996,31.256,65.09945,126.34858749999998,1.4470375000000004,3.312062499999999,1.7236500000000003,31.95875,-1.4878728465258642,-1.2542930204414864
120.25,22.8,217.3803,SSP1-2.6,2081-2100,4.226200000000006,65.46979999999999,136.67419999999993,1.3476999999999997,1.376800000000003,1.4856999999999996,31.067999999999998,63.975962499999994,136.852825,1.5729250000000006,3.2035874999999967,1.6171875,31.185,-1.4878728465258642,-1.191097240071695
120.25,22.85,205.1626,SSP1-2.6,2081-2100,7.68610000000001,62.566,130.62720000000013,2.1062999999999974,3.0267999999999944,1.419599999999999,30.322,63.028737500000005,138.1728,1.7390500000000002,2.621424999999997,1.5850499999999998,30.686749999999996,-1.4878728465258642,-1.1279014597019037
120.25,22.9,205.1656,SSP1-2.6,2081-2100,8.523199999999974,61.078199999999995,155.72440000000006,2.1957999999999984,1.7338999999999913,1.5338999999999992,30.535999999999998,61.133362500000004,150.3402,2.0767374999999997,2.9761124999999966,1.8171999999999997,29.628999999999998,-1.4878728465258642,-1.0647056793321166
120.25,22.95,208.7716,SSP1-2.6,2081-2100,7.541699999999992,60.29160000000001,193.81179999999995,2.4497,1.6428999999999974,2.0892999999999997,28.542,60.592074999999994,152.16812499999997,2.2691125,2.421412499999997,2.1419625,29.82275,-1.4878728465258642,-1.0015098989623252
120.25,23.0,207.0415,SSP1-2.6,2081-2100,4.442699999999974,61.157000000000004,162.04639999999995,2.6553000000000004,1.7892999999999972,2.3088999999999995,29.434,60.70965,149.0096625,2.0507625000000003,2.230799999999997,2.2897374999999998,30.01725,-1.4878728465258642,-0.9383141185925338
120.25,23.05,201.4759,SSP1-2.6,2081-2100,5.604500000000002,62.603699999999996,128.59989999999993,1.8369999999999997,1.9893,2.283899999999999,30.168000000000003,61.8076875,135.20441249999996,1.9894000000000007,1.8852624999999987,2.168525,30.99725,-1.4878728465258642,-0.8751183382227424
120.25,23.1,193.5872,SSP1-2.6,2081-2100,5.2753999999999905,63.4105,124.10050000000001,1.8275000000000006,1.1214000000000013,1.6821000000000002,31.216,62.284412499999995,123.82808749999998,1.6503750000000008,2.1509,2.0618375,31.36875,-1.4878728465258642,-0.811922557852951
120.25,23.15,192.8901,SSP1-2.6,2081-2100,5.933000000000021,62.5128,118.85329999999999,1.2793000000000028,0.41430000000000433,1.9107000000000003,32.55,62.02868749999999,119.91587499999991,1.4883000000000002,2.4314750000000007,2.00045,31.445249999999998,-1.4878728465258642,-0.748726777483164
120.25,23.2,198.0553,SSP1-2.6,2081-2100,-0.37699999999998113,60.57039999999999,115.0469999999998,0.859099999999998,2.621399999999994,2.335699999999999,30.681999999999995,61.105062499999995,117.82986249999999,1.2238750000000005,1.640850000000004,2.0312625,31.515,-1.4878728465258642,-0.6855309971133726
120.25,23.25,200.0552,SSP1-2.6,2081-2100,-4.353300000000019,59.31139999999999,103.9547,0.8250999999999991,0.4018000000000086,2.0428999999999995,31.04,60.1678125,100.64927499999999,0.8792749999999998,2.285262499999999,2.1363999999999996,31.451999999999998,-1.4878728465258642,-0.6223352167435812
120.25,23.3,181.8647,SSP1-2.6,2081-2100,-6.852000000000004,59.771100000000004,67.75790000000006,0.7805,2.491099999999996,2.2179,32.326,59.9007875,93.71326250000004,0.8520375000000002,1.6243250000000007,1.9716499999999995,31.025750000000002,-1.4878728465258642,-0.5591394363737897
120.25,23.35,175.3702,SSP1-2.6,2081-2100,-2.7039000000000044,60.4853,79.18690000000015,1.186799999999998,2.617899999999999,1.6945999999999994,30.48,60.299825,90.58741250000006,0.8979250000000003,2.3446374999999993,1.96875,31.614250000000002,-1.4878728465258642,-0.4959436560039983
120.25,23.4,177.6964,SSP1-2.6,2081-2100,-1.5872000000000241,61.5401,114.65620000000013,1.0890999999999984,1.4714000000000027,1.9036,32.376000000000005,60.9996125,102.07633750000002,1.0704249999999997,1.929237500000001,1.9345875,31.655,-1.4878728465258642,-0.43274787563421135
120.25,23.45,174.0829,SSP1-2.6,2081-2100,-0.745900000000006,62.324600000000004,116.18190000000004,1.154799999999998,1.3607000000000014,1.8661000000000003,33.016,61.803312500000004,117.87631250000001,1.1178,1.7028875,2.0214375,32.559250000000006,-1.4878728465258642,-0.3695520952644199
120.25,23.5,175.4561,SSP1-2.6,2081-2100,-5.414699999999982,62.892,124.36909999999989,1.2482000000000006,1.007099999999994,2.2286,33.896,62.2166,120.40433749999997,0.9790125000000001,0.21717499999999834,2.0830374999999997,33.18875,-1.4878728465258642,-0.3063563148946285
120.25,23.55,180.6196,SSP1-2.6,2081-2100,-14.26339999999999,62.58189999999999,110.03179999999998,0.730599999999999,-0.3411000000000115,2.1320999999999994,33.934,61.7573375,128.58124999999998,1.0053625000000008,-0.7482250000000015,1.9524625000000002,33.44525,-1.4878728465258642,-0.24316053452483705
120.25,23.6,176.2028,SSP1-2.6,2081-2100,-15.090699999999998,61.4762,122.5349000000001,0.7784000000000013,-2.6017999999999972,1.5286000000000008,33.548,61.137387499999996,123.95299999999996,0.9789625000000006,-0.6854875000000007,1.901775,33.44325,-1.4878728465258642,-0.17996475415504562
120.25,23.65,168.6701,SSP1-2.6,2081-2100,-13.894899999999978,60.8902,104.03749999999991,0.9431000000000012,0.030400000000000205,1.7339000000000002,33.864000000000004,60.6539375,127.65803749999999,1.16555,-0.5709749999999962,1.55045,33.35075,-1.4878728465258642,-0.11676897378525869
120.25,23.7,176.4131,SSP1-2.6,2081-2100,-13.406199999999984,61.5121,114.95280000000002,1.2479000000000013,2.6107000000000085,1.1196000000000002,34.08,60.3448375,118.43226249999996,1.1744750000000002,-0.6517624999999976,1.55715,33.92425,-1.4878728465258642,-0.053573193415467256
120.25,23.75,176.3085,SSP1-2.6,2081-2100,-16.167,59.6492,104.22669999999994,0.9716000000000022,1.2428999999999988,1.4482,34.25,60.211825000000005,109.83043750000002,1.1678625,-1.3104874999999971,1.404925,34.587,-1.4878728465258642,0.009622586954324176
120.25,23.8,169.3849,SSP1-2.6,2081-2100,-11.198299999999989,59.818200000000004,76.45370000000003,1.0695000000000014,-3.862499999999997,1.4036,35.85,59.003924999999995,99.38438750000002,1.0551250000000003,-1.2011124999999998,1.4428625,34.355999999999995,-1.4878728465258642,0.0728183673241156
120.25,23.85,157.8286,SSP1-2.6,2081-2100,-8.517499999999984,58.4282,78.80640000000005,1.0132000000000012,-0.5803999999999974,1.2964000000000002,34.396,58.1201375,92.41015000000003,1.0886750000000003,-1.866512499999998,1.3694125,33.60975,-1.4878728465258642,0.13601414769390704
120.25,23.9,148.1982,SSP1-2.6,2081-2100,-7.804400000000015,56.9427,67.779,0.9498999999999995,-0.7982000000000085,1.2946,32.587999999999994,57.4852875,88.50566250000003,1.0570875000000006,-1.8202999999999987,1.243525,33.001000000000005,-1.4878728465258642,0.19920992806369398
120.3,22.5,208.2381,SSP1-2.6,2081-2100,-3.816200000000009,63.735600000000005,50.57860000000005,1.4049000000000014,7.746399999999994,2.4429,28.082,64.637225,53.8373,1.2018125000000008,6.838612499999998,2.7178625,29.0685,-1.3821790064446429,-1.570271922290439
120.3,22.55,225.1234,SSP1-2.6,2081-2100,-4.669800000000009,64.5726,65.85290000000009,1.2346000000000004,6.046399999999998,3.0357000000000003,29.199999999999996,65.048475,55.890762499999994,1.1709750000000008,6.6272249999999975,2.6674249999999997,29.53725,-1.3821790064446429,-1.5070761419206478
120.3,22.6,230.9354,SSP1-2.6,2081-2100,0.22690000000000055,67.5401,88.50799999999981,1.4816000000000003,6.014300000000006,3.3464,31.802,65.6208,67.08877500000003,1.0934499999999998,5.383699999999999,2.58215,31.06425,-1.3821790064446429,-1.4438803615508562
120.3,22.65,240.0305,SSP1-2.6,2081-2100,-5.740600000000001,66.5438,95.17509999999993,1.0740999999999978,4.5107,2.4678999999999984,32.364,65.727475,76.25936249999998,1.1359375000000003,5.208475,2.4922000000000004,32.0055,-1.3821790064446429,-1.3806845811810693
120.3,22.7,248.9375,SSP1-2.6,2081-2100,-8.602100000000007,64.62700000000001,93.19039999999995,1.5655000000000001,4.848200000000006,1.4625000000000004,32.144000000000005,65.2251125,104.64356249999997,1.2092749999999999,4.20335,2.16005,32.2765,-1.3821790064446429,-1.317488800811278
120.3,22.75,241.4981,SSP1-2.6,2081-2100,6.443399999999997,64.8535,149.13470000000007,1.5123999999999995,4.355400000000003,1.5625,31.714000000000002,64.7705625,120.88711249999992,1.3314000000000008,3.3399624999999995,1.9464250000000005,32.0115,-1.3821790064446429,-1.2542930204414864
120.3,22.8,228.2381,SSP1-2.6,2081-2100,4.784400000000005,65.2277,125.64319999999998,0.9185000000000016,2.0535999999999888,1.8196000000000012,32.028,63.500074999999995,141.28355,1.677425,2.8520249999999985,1.8107,30.974999999999998,-1.3821790064446429,-1.191097240071695
120.3,22.85,215.0137,SSP1-2.6,2081-2100,17.419399999999996,62.1595,146.7713000000001,1.4072000000000031,2.4213999999999913,1.5143000000000004,30.823999999999998,62.068549999999995,136.0543875,1.9666374999999992,2.499562499999996,1.8984249999999998,30.31825,-1.3821790064446429,-1.1279014597019037
120.3,22.9,209.3031,SSP1-2.6,2081-2100,15.777299999999997,61.6678,149.73559999999998,2.8263999999999996,3.4375,2.0679,30.256,60.661075000000004,136.77146250000004,2.195749999999999,3.036162499999995,1.8524499999999995,29.789,-1.3821790064446429,-1.0647056793321166
120.3,22.95,218.45,SSP1-2.6,2081-2100,3.5746000000000038,60.672399999999996,166.93000000000006,2.7297999999999973,3.7963999999999913,2.267899999999999,30.18,61.420249999999996,128.61711249999996,2.4306875,3.0457624999999977,2.0095874999999994,30.631249999999998,-1.3821790064446429,-1.0015098989623252
120.3,23.0,219.9452,SSP1-2.6,2081-2100,-2.3245000000000005,63.1974,153.11069999999995,2.674400000000002,-0.1804000000000059,2.2821,33.95399999999999,61.907475000000005,113.51324999999997,2.1133499999999996,3.770999999999999,2.1937499999999996,30.626,-1.3821790064446429,-0.9383141185925338
120.3,23.05,227.2896,SSP1-2.6,2081-2100,-9.346000000000004,63.24099999999999,85.28330000000005,1.2646000000000015,2.7286,2.6554,33.382000000000005,62.601625,112.89161249999995,2.0562375000000004,2.9214249999999993,2.1414999999999997,31.07475,-1.3821790064446429,-0.8751183382227424
120.3,23.1,210.2699,SSP1-2.6,2081-2100,-1.240399999999994,64.0907,113.86919999999986,1.721,2.0142999999999986,2.1875,32.844,62.069987499999996,113.0958875,1.7117750000000007,2.6511250000000013,2.1308,30.94475,-1.3821790064446429,-0.811922557852951
120.3,23.15,200.9192,SSP1-2.6,2081-2100,2.7916000000000167,61.812799999999996,131.74849999999992,1.7952000000000012,1.5375000000000014,1.8356999999999992,31.428,61.211774999999996,121.49686249999996,1.5351750000000002,2.2776750000000003,2.2225374999999996,30.9395,-1.3821790064446429,-0.748726777483164
120.3,23.2,201.7078,SSP1-2.6,2081-2100,2.8255000000000052,59.00289999999999,127.80319999999983,1.2429999999999986,2.189300000000003,2.403599999999999,31.404000000000003,60.170725,121.56667499999998,1.2210875000000003,1.2011125000000016,2.3470999999999997,30.746499999999997,-1.3821790064446429,-0.6855309971133726
120.3,23.25,203.524,SSP1-2.6,2081-2100,-5.04910000000001,58.99629999999999,130.21280000000002,0.684000000000001,-1.355399999999996,2.5929,30.695999999999998,59.1636875,99.62512499999997,0.9063374999999994,1.7868249999999994,2.5125124999999997,31.046999999999997,-1.3821790064446429,-0.6223352167435812
120.3,23.3,183.7246,SSP1-2.6,2081-2100,-2.5315000000000225,58.711200000000005,36.74480000000017,0.2785000000000011,3.5231999999999957,2.3286,32.0,59.028125,98.64126250000001,0.9316124999999995,0.961825000000001,2.4564874999999997,30.93075,-1.3821790064446429,-0.5591394363737897
120.3,23.35,177.6045,SSP1-2.6,2081-2100,-4.477100000000007,59.4005,58.83420000000001,0.8869000000000007,1.1713999999999984,1.9338999999999995,31.176000000000002,59.523275,93.11651250000006,0.9506999999999994,1.7504499999999998,2.2591625,31.6575,-1.3821790064446429,-0.4959436560039983
120.3,23.4,171.67,SSP1-2.6,2081-2100,-0.4163999999999817,60.971799999999995,106.60400000000004,1.4283000000000001,2.316100000000006,1.7607000000000008,32.144,60.4366625,99.82385000000005,0.9651499999999991,0.8118249999999998,2.2093874999999996,32.0055,-1.3821790064446429,-0.43274787563421135
120.3,23.45,181.7201,SSP1-2.6,2081-2100,-4.792699999999996,62.65989999999999,115.73630000000003,0.7877999999999972,0.9106999999999985,2.2303999999999995,33.044,61.0427875,111.78400000000002,1.0450374999999998,1.3682999999999996,2.204025,32.48775,-1.3821790064446429,-0.3695520952644199
120.3,23.5,190.8068,SSP1-2.6,2081-2100,-12.589300000000009,62.205299999999994,118.99279999999999,0.8931000000000004,3.4268,2.3125,32.986,61.2419875,117.80799999999999,0.9994999999999994,0.7481999999999971,2.335275,32.552249999999994,-1.3821790064446429,-0.3063563148946285
120.3,23.55,178.1936,SSP1-2.6,2081-2100,-11.267899999999997,62.110400000000006,124.19939999999997,1.061200000000003,-1.4054000000000002,2.1732000000000005,32.837999999999994,60.823274999999995,128.6763375,1.0625874999999998,1.4430749999999977,2.19085,32.4305,-1.3821790064446429,-0.24316053452483705
120.3,23.6,169.0598,SSP1-2.6,2081-2100,-7.9702000000000055,60.4424,139.81269999999995,1.1056999999999988,0.4679000000000002,1.7963999999999993,33.282,60.9443375,125.22415000000001,1.0518625000000004,0.3633874999999991,2.0419625000000003,32.730999999999995,-1.3821790064446429,-0.17996475415504562
120.3,23.65,174.8116,SSP1-2.6,2081-2100,-16.88069999999999,60.9627,120.65300000000002,1.0757000000000012,0.491100000000003,1.9482,33.824,61.01446249999999,130.6081625,1.1120125,0.24576250000000233,1.7794625000000002,33.40775,-1.3821790064446429,-0.11676897378525869
120.3,23.7,183.594,SSP1-2.6,2081-2100,-17.49369999999999,61.4853,134.21859999999992,1.2637,-2.0338999999999956,1.6893000000000011,35.156,60.759074999999996,120.43605,0.9955875000000001,0.3071500000000018,1.6513375000000001,34.0565,-1.3821790064446429,-0.053573193415467256
120.3,23.75,182.2375,SSP1-2.6,2081-2100,-17.476400000000012,60.5225,123.02170000000001,1.1586999999999996,-0.10000000000000142,1.3803999999999998,36.126000000000005,60.2769625,118.07116249999999,0.9991500000000002,-0.6415124999999984,1.5330375000000003,34.3455,-1.3821790064446429,0.009622586954324176
120.3,23.8,182.4818,SSP1-2.6,2081-2100,-17.216099999999983,59.356100000000005,110.96080000000006,1.0180000000000007,0.007099999999994111,1.4893,34.134,59.0969875,108.83761249999999,1.0537375000000004,-1.668524999999998,1.4187500000000002,34.063,-1.3821790064446429,0.0728183673241156
120.3,23.85,168.7682,SSP1-2.6,2081-2100,-10.506,56.8772,108.5202999999999,1.571200000000001,-4.399999999999999,1.5750000000000002,32.084,58.1227125,96.05628750000002,1.0038125000000004,-1.2573624999999993,1.2799,33.33025,-1.3821790064446429,0.13601414769390704
120.3,23.9,154.9006,SSP1-2.6,2081-2100,-6.035899999999998,56.17379999999999,83.5653000000001,1.1777000000000015,-1.3481999999999914,1.2946,31.978,57.371925,89.34507500000001,1.0323500000000005,-0.9837000000000025,1.2163,32.491,-1.3821790064446429,0.19920992806369398
120.3,23.95,146.4972,SSP1-2.6,2081-2100,-5.0702,55.7769,60.10200000000009,0.8526000000000025,-0.33210000000001116,1.2535999999999996,31.124000000000002,56.7644875,76.05844999999998,0.9793750000000006,-0.8008750000000022,1.0154,32.09325,-1.3821790064446429,0.26240570843348543
120.3,24.0,144.2081,SSP1-2.6,2081-2100,-4.5323999999999955,56.41159999999999,52.211900000000014,0.668800000000001,-0.8500000000000085,0.8696000000000002,32.602000000000004,56.8450875,66.85703750000002,0.9266250000000005,-0.3236500000000033,0.8558125,32.05175,-1.3821790064446429,0.32560148880327683
120.35,22.35,196.0512,SSP1-2.6,2081-2100,-11.96029999999999,68.5918,36.35290000000009,1.5905999999999985,14.392900000000004,2.1857000000000006,32.532,64.2717625,88.15696249999999,1.5609625000000005,6.920074999999997,2.2674125,28.60175,-1.2764851663634216,-1.759859263399809
120.35,22.5,221.2971,SSP1-2.6,2081-2100,-12.448399999999992,61.9618,69.79289999999992,1.2722000000000016,7.637499999999996,2.448199999999999,26.687999999999995,64.16161249999999,53.38170000000002,1.3292500000000005,7.221412499999999,2.6415249999999997,28.738,-1.2764851663634216,-1.570271922290439
120.35,22.55,236.2247,SSP1-2.6,2081-2100,-12.630800000000022,63.30519999999999,37.30439999999999,0.8304000000000009,5.4268,3.0196000000000005,26.756000000000004,64.0129,45.6362125,1.2596375000000006,7.164724999999998,2.6194374999999996,28.938249999999996,-1.2764851663634216,-1.5070761419206478
120.35,22.6,228.3469,SSP1-2.6,2081-2100,-4.156300000000016,65.81729999999999,33.636200000000144,0.6295000000000002,6.733899999999998,3.1179000000000006,30.555999999999997,64.5893625,44.582137500000016,1.0806250000000004,5.864962499999999,2.65135,30.146499999999996,-1.2764851663634216,-1.4438803615508562
120.35,22.65,238.678,SSP1-2.6,2081-2100,-3.0559000000000083,65.52289999999999,32.6400000000001,0.5854999999999997,3.667900000000003,2.7661,32.599999999999994,64.9022,59.57168749999997,1.027225,5.588162500000001,2.5498000000000003,31.6005,-1.2764851663634216,-1.3806845811810693
120.35,22.7,246.6065,SSP1-2.6,2081-2100,-8.014700000000005,63.4392,55.86799999999994,0.7057000000000002,6.394600000000004,2.403600000000001,32.44799999999999,64.89405000000001,84.1312,1.1544249999999998,4.191750000000002,2.2877375,32.1165,-1.2764851663634216,-1.317488800811278
120.35,22.75,250.3008,SSP1-2.6,2081-2100,4.316800000000001,66.0178,146.97599999999989,1.7312000000000012,2.9429000000000016,1.9321000000000002,33.67999999999999,63.502837500000005,100.06707499999996,1.3108999999999997,3.9801375000000005,2.3709875000000005,31.25,-1.2764851663634216,-1.2542930204414864
120.35,22.8,246.0041,SSP1-2.6,2081-2100,5.026600000000002,63.71169999999999,153.02049999999986,1.9008000000000003,3.242899999999999,2.678600000000001,31.868000000000002,61.3038625,121.86246249999999,1.6383125,2.9966624999999976,2.228775,29.515,-1.2764851663634216,-1.191097240071695
120.35,22.85,228.9874,SSP1-2.6,2081-2100,10.87469999999999,57.846700000000006,138.66100000000006,2.2236999999999973,1.7624999999999957,2.1571,27.067999999999998,59.663125,118.51506249999994,1.8965000000000005,3.405362499999997,2.3493250000000003,28.68475,-1.2764851663634216,-1.1279014597019037
120.35,22.9,228.3372,SSP1-2.6,2081-2100,3.849800000000016,58.9805,98.34899999999993,2.213899999999999,3.362499999999997,2.0249999999999986,29.4,58.692775,105.50842499999999,2.133175,4.101337499999998,2.2511124999999996,28.1015,-1.2764851663634216,-1.0647056793321166
120.35,22.95,240.1659,SSP1-2.6,2081-2100,-11.548399999999987,61.69370000000001,63.297000000000025,2.2395999999999994,6.542900000000003,1.8125,31.44,60.0409375,90.62881249999995,2.2250625000000004,4.071649999999998,2.3011124999999995,29.3285,-1.2764851663634216,-1.0015098989623252
120.35,23.0,244.5636,SSP1-2.6,2081-2100,-17.254800000000017,63.2958,52.86199999999985,2.1904000000000003,6.037500000000001,1.9571000000000005,31.488,61.261700000000005,81.613,1.9139,3.9267999999999983,2.343525,30.340249999999997,-1.2764851663634216,-0.9383141185925338
120.35,23.05,239.9779,SSP1-2.6,2081-2100,-12.657800000000009,62.30460000000001,55.27559999999994,1.5403999999999982,5.641100000000002,2.1750000000000007,30.373999999999995,62.02345,85.8171375,1.8415250000000003,3.429249999999999,2.390175,31.006999999999998,-1.2764851663634216,-0.8751183382227424
120.35,23.1,232.6515,SSP1-2.6,2081-2100,-11.266199999999998,60.753299999999996,113.2686000000001,2.0039000000000016,4.9589,2.2554,29.119999999999997,61.5938,93.93828749999997,1.6468124999999998,2.9658750000000005,2.4506625,30.728499999999997,-1.2764851663634216,-0.811922557852951
120.35,23.15,235.644,SSP1-2.6,2081-2100,-13.528600000000012,59.921200000000006,147.63740000000007,2.1463,2.8179000000000016,2.2482000000000006,29.319999999999997,60.52077499999999,98.16114999999996,1.53025,2.5971,2.6247749999999996,30.478500000000004,-1.2764851663634216,-0.748726777483164
120.35,23.2,227.8857,SSP1-2.6,2081-2100,-8.289500000000004,59.4324,111.39570000000003,1.2012999999999998,2.0839,2.7570999999999994,30.38,59.540275,108.90807499999994,1.3065375000000006,1.3671875000000018,2.8004499999999997,30.21975,-1.2764851663634216,-0.6855309971133726
120.35,23.25,212.9953,SSP1-2.6,2081-2100,-6.8337999999999965,58.808499999999995,113.68399999999997,0.9784000000000006,1.0874999999999986,3.0535999999999994,29.876,58.7419875,97.33751249999997,0.998075,1.1446250000000004,2.8993374999999997,30.845499999999998,-1.2764851663634216,-0.6223352167435812
120.35,23.3,200.8874,SSP1-2.6,2081-2100,-4.504000000000019,57.7016,120.61369999999988,1.0847999999999978,-0.10360000000000014,2.960699999999999,30.668,58.4444625,101.17421249999998,0.9665375000000007,0.7477500000000008,2.9551499999999997,30.9665,-1.2764851663634216,-0.5591394363737897
120.35,23.35,194.7958,SSP1-2.6,2081-2100,-3.223700000000008,57.750299999999996,114.88589999999999,1.0263999999999989,1.3839000000000041,3.1553999999999993,31.183999999999997,58.505587500000004,102.22071249999999,1.0677375000000007,0.20914999999999928,2.5464374999999997,31.48325,-1.2764851663634216,-0.4959436560039983
120.35,23.4,185.5828,SSP1-2.6,2081-2100,-4.347999999999985,59.254799999999996,104.48270000000002,0.7312000000000012,0.3035999999999959,2.0518,32.081999999999994,59.1652,110.44157499999997,1.1098250000000003,-0.565412499999999,2.636625,31.7795,-1.2764851663634216,-0.43274787563421135
120.35,23.45,185.7078,SSP1-2.6,2081-2100,-2.8812999999999818,60.0778,94.62670000000003,0.8582000000000001,-2.7250000000000014,2.8393000000000006,32.686,59.7100875,114.38835,1.0099000000000005,0.31071250000000017,2.3203250000000004,31.80925,-1.2764851663634216,-0.3695520952644199
120.35,23.5,192.3627,SSP1-2.6,2081-2100,-8.28879999999998,59.0759,114.35860000000002,0.9573999999999998,3.7856999999999985,2.669600000000001,30.716,59.7141,119.687175,1.0070375000000005,-0.18482500000000002,2.4459999999999997,31.606249999999996,-1.2764851663634216,-0.3063563148946285
120.35,23.55,191.5476,SSP1-2.6,2081-2100,-10.146199999999993,58.2134,142.9602,1.1977999999999973,3.3928999999999974,2.5429000000000004,30.287999999999997,59.268362499999995,127.81572499999999,1.1351500000000008,0.96875,2.243075,31.079250000000002,-1.2764851663634216,-0.24316053452483705
120.35,23.6,171.1946,SSP1-2.6,2081-2100,-2.8684000000000083,59.699099999999994,156.3506,1.589500000000001,2.4071,2.3160999999999996,30.794,59.15405,126.45609999999999,1.1451375000000001,0.6870750000000001,2.1325875,31.391499999999997,-1.2764851663634216,-0.17996475415504562
120.35,23.65,182.5119,SSP1-2.6,2081-2100,-14.013199999999983,61.620799999999996,121.02580000000012,1.0385999999999989,0.9339000000000013,1.9607,32.758,59.687799999999996,134.87851249999997,1.201575,0.46341250000000134,2.0221,32.17475,-1.2764851663634216,-0.11676897378525869
120.35,23.7,187.8699,SSP1-2.6,2081-2100,-16.485800000000012,60.989599999999996,151.93239999999992,0.929199999999998,0.1518000000000015,2.0911,33.78,60.12925,122.07803750000002,0.9828749999999999,-0.4584749999999982,1.8185375000000001,32.9835,-1.2764851663634216,-0.053573193415467256
120.35,23.75,178.4038,SSP1-2.6,2081-2100,-14.527599999999978,59.9255,123.63850000000002,0.5998999999999981,-2.9035999999999973,1.5286000000000008,33.769999999999996,59.927975,124.07491249999998,0.9201874999999999,-0.8236499999999989,1.6772375,33.19625,-1.2764851663634216,0.009622586954324176
120.35,23.8,179.6057,SSP1-2.6,2081-2100,-14.6353,59.4797,128.18579999999997,0.8933999999999997,-0.3445999999999998,1.4946000000000002,33.744,58.6431125,115.43039999999999,0.9258875,-2.111162499999998,1.4531375,32.506,-1.2764851663634216,0.0728183673241156
120.35,23.85,175.2072,SSP1-2.6,2081-2100,-7.782000000000011,58.075399999999995,127.8478,1.1524,-2.3999999999999915,1.2231999999999994,32.284000000000006,57.5334125,106.5251,0.9536750000000005,-1.9497624999999985,1.220975,32.017250000000004,-1.2764851663634216,0.13601414769390704
120.35,23.9,162.5015,SSP1-2.6,2081-2100,-6.3936999999999955,56.7076,94.85149999999999,0.7563999999999993,-0.7321000000000026,0.7428999999999997,31.668,56.6674625,95.195975,1.054237500000001,-1.4365874999999981,1.106475,31.52425,-1.2764851663634216,0.19920992806369398
120.35,23.95,156.0889,SSP1-2.6,2081-2100,-5.636400000000009,56.8113,65.89279999999997,0.9451,1.3660999999999959,0.8554000000000004,31.65,56.643074999999996,74.40746250000001,0.865812500000001,-0.5964125000000022,0.8283499999999999,31.932500000000005,-1.2764851663634216,0.26240570843348543
120.35,24.0,149.0506,SSP1-2.6,2081-2100,-3.0323999999999955,57.913700000000006,51.036899999999946,0.8913000000000011,-0.3500000000000085,0.6536,33.001999999999995,56.61305,64.51322500000002,0.8459875000000001,-0.1609250000000042,0.7062625000000001,31.89675,-1.2764851663634216,0.32560148880327683
120.35,24.05,146.5864,SSP1-2.6,2081-2100,-2.8900999999999897,56.9886,46.17790000000002,0.9192,-0.4035999999999973,0.3875000000000002,32.114000000000004,56.5893375,56.313587500000025,0.8390250000000004,-0.5651750000000071,0.6872875000000002,31.912250000000004,-1.2764851663634216,0.3887972691730683
120.4,22.5,207.384,SSP1-2.6,2081-2100,-11.744799999999998,62.4168,63.47309999999993,1.4910999999999994,7.9018000000000015,2.278599999999999,27.496000000000002,63.5315,68.55982499999999,1.5250000000000008,7.259812499999996,2.3406249999999997,28.485999999999997,-1.1707913262821703,-1.570271922290439
120.4,22.55,229.0997,SSP1-2.6,2081-2100,-8.040100000000024,62.65880000000001,-5.150199999999813,1.4306000000000019,9.007099999999994,2.0679,27.705999999999996,63.14525,53.127287499999966,1.3487000000000005,7.033262499999998,2.5587,28.603,-1.1707913262821703,-1.5070761419206478
120.4,22.6,239.1591,SSP1-2.6,2081-2100,-2.552500000000009,63.400200000000005,-1.6018000000001393,1.1326,6.230399999999996,2.2179,29.976,63.417649999999995,40.78161250000005,1.073912500000001,5.6560375,2.711825,29.545499999999997,-1.1707913262821703,-1.4438803615508562
120.4,22.65,245.7498,SSP1-2.6,2081-2100,-4.076499999999982,63.1713,43.92870000000016,0.8756000000000022,6.0160999999999945,2.289300000000001,30.768,63.76916249999999,43.77026249999997,0.8586,4.340175000000002,2.866975,31.0825,-1.1707913262821703,-1.3806845811810693
120.4,22.7,249.8626,SSP1-2.6,2081-2100,-7.766699999999986,64.6787,67.86889999999994,0.7531999999999996,3.957100000000004,3.0929,32.746,63.132625000000004,53.138075000000015,0.9322875000000002,3.757825000000003,2.6765625,30.714,-1.1707913262821703,-1.317488800811278
120.4,22.75,262.3101,SSP1-2.6,2081-2100,-13.646599999999978,63.73740000000001,44.13580000000002,1.1378999999999984,3.2357000000000014,2.7286,30.916,61.652212500000005,85.07111249999994,1.2770625,3.6000000000000023,2.8669625,29.865249999999996,-1.1707913262821703,-1.2542930204414864
120.4,22.8,252.613,SSP1-2.6,2081-2100,1.2940000000000111,57.7475,111.67509999999993,1.993199999999998,3.7535999999999987,3.2196,26.135999999999996,59.31037499999999,104.06033749999995,1.7134125,2.868312500000001,2.6716375,28.1535,-1.1707913262821703,-1.191097240071695
120.4,22.85,245.8822,SSP1-2.6,2081-2100,1.2501999999999782,52.840799999999994,111.9025999999999,2.1824000000000012,3.4482,2.8964,23.754000000000005,57.661662500000006,113.76178749999991,1.9409249999999996,3.006924999999999,2.6620374999999994,27.28575,-1.1707913262821703,-1.1279014597019037
120.4,22.9,260.1326,SSP1-2.6,2081-2100,-14.14100000000002,54.969500000000004,51.02319999999986,1.7296000000000014,5.523200000000003,2.5732,25.212,57.116262500000005,93.62644999999992,1.9468249999999996,3.9863874999999984,2.5365874999999996,26.99825,-1.1707913262821703,-1.0647056793321166
120.4,22.95,265.6406,SSP1-2.6,2081-2100,-24.190500000000014,57.69180000000001,15.746699999999919,1.726700000000001,5.878599999999999,2.7196,26.078,58.75568750000001,66.7473249999999,1.8041750000000003,5.41875,2.55915,27.908499999999997,-1.1707913262821703,-1.0015098989623252
120.4,23.0,259.5552,SSP1-2.6,2081-2100,-20.130300000000005,59.8523,37.27330000000006,1.7093000000000025,4.7179,2.5161,28.06,60.180012500000004,53.81316249999989,1.6269124999999995,5.7796875000000005,2.6430625,28.536250000000003,-1.1707913262821703,-0.9383141185925338
120.4,23.05,257.5938,SSP1-2.6,2081-2100,-18.275599999999997,61.440400000000004,75.98739999999998,1.4263999999999974,2.2892999999999972,2.319600000000001,29.254,60.52012500000001,56.977499999999964,1.6519874999999997,5.586837500000001,2.666075,28.95,-1.1707913262821703,-0.8751183382227424
120.4,23.1,258.2545,SSP1-2.6,2081-2100,-16.512400000000014,60.316700000000004,54.88260000000014,1.7421999999999969,4.867899999999999,2.9482,29.954,60.20807500000001,77.60801249999994,1.5633624999999998,4.2131875,2.6953125000000004,29.131999999999998,-1.1707913262821703,-0.811922557852951
120.4,23.15,265.9338,SSP1-2.6,2081-2100,-21.130000000000024,59.623,86.82229999999981,1.5384000000000029,1.8304000000000045,3.2356999999999996,29.272,59.397225000000006,81.40863750000003,1.4753374999999997,3.6220999999999988,2.9236625,29.158,-1.1707913262821703,-0.748726777483164
120.4,23.2,247.6968,SSP1-2.6,2081-2100,-20.45750000000001,59.13440000000001,45.4991,0.9969999999999999,1.2945999999999955,3.375,29.426000000000002,58.815075,99.37656249999995,1.2929500000000007,2.264287500000001,3.2566875,29.2945,-1.1707913262821703,-0.6855309971133726
120.4,23.25,241.2646,SSP1-2.6,2081-2100,-13.649699999999996,59.0231,87.8572999999999,1.0700000000000003,1.5357000000000056,3.6589,30.336,58.05015,103.56328749999994,1.1682750000000004,0.879224999999999,3.4203124999999996,29.71675,-1.1707913262821703,-0.6223352167435812
120.4,23.3,229.3535,SSP1-2.6,2081-2100,-6.990700000000004,57.934000000000005,118.57349999999997,1.426000000000002,-0.010699999999999932,3.117899999999999,31.854000000000003,57.617475,120.43951249999989,1.1607750000000001,0.15646250000000084,3.8095999999999997,30.1845,-1.1707913262821703,-0.5591394363737897
120.4,23.35,217.5594,SSP1-2.6,2081-2100,-5.026400000000024,56.9318,148.60119999999984,1.3821000000000012,-1.3536000000000001,3.8,30.61,57.662087500000005,123.09133749999992,1.1168250000000004,-1.0986625000000005,3.4067124999999994,31.12225,-1.1707913262821703,-0.4959436560039983
120.4,23.4,194.6296,SSP1-2.6,2081-2100,-4.814400000000006,57.13900000000001,123.3116,1.3241000000000014,-4.173200000000001,2.4178999999999995,31.332,58.1176375,122.84768749999992,1.0047500000000005,-1.1654124999999995,3.4085,31.5555,-1.1707913262821703,-0.43274787563421135
120.4,23.45,191.9373,SSP1-2.6,2081-2100,-0.6045000000000016,58.3905,120.93269999999984,1.1848000000000027,-2.053599999999996,2.955400000000001,32.059999999999995,57.970275,113.1826125,0.8835000000000002,-0.9129500000000004,2.7750125,31.10575,-1.1707913262821703,-0.3695520952644199
120.4,23.5,197.1109,SSP1-2.6,2081-2100,-5.285499999999985,57.9835,110.68810000000008,0.7725000000000009,-2.0304,2.164299999999999,30.11,57.429325,120.86658749999998,1.0638,0.8305875000000009,2.8701000000000003,30.481499999999997,-1.1707913262821703,-0.3063563148946285
120.4,23.55,194.6141,SSP1-2.6,2081-2100,-6.415199999999999,56.072,129.36120000000005,1.3009000000000022,-0.9945999999999984,2.3499999999999996,28.837999999999997,57.190974999999995,126.867325,1.1525249999999998,2.0457624999999995,2.5825875,29.747,-1.1707913262821703,-0.24316053452483705
120.4,23.6,169.4447,SSP1-2.6,2081-2100,-1.7202000000000055,56.558299999999996,128.76239999999984,1.4009,2.0929,2.1625000000000005,29.07,57.535425,126.63735000000003,1.2012375,1.664299999999999,2.3328124999999997,30.011249999999997,-1.1707913262821703,-0.17996475415504562
120.4,23.65,188.9892,SSP1-2.6,2081-2100,-13.851200000000006,57.2524,104.8741,0.9802999999999997,0.5178999999999974,2.1268000000000002,30.233999999999998,58.399325,126.9479125,1.1512625,1.0868374999999997,2.1174125000000004,30.70125,-1.1707913262821703,-0.11676897378525869
120.4,23.7,189.6133,SSP1-2.6,2081-2100,-17.02290000000002,60.11260000000001,142.42430000000013,1.2676000000000016,-0.38749999999999574,2.0464,31.258000000000003,58.498575,114.7466125,0.8140374999999995,-0.17611250000000034,1.8989000000000003,31.18775,-1.1707913262821703,-0.053573193415467256
120.4,23.75,184.6684,SSP1-2.6,2081-2100,-15.862799999999993,59.15220000000001,106.76829999999995,0.47850000000000037,-0.1856999999999971,1.8678999999999997,30.742,58.6023625,119.61607499999997,0.7678624999999997,-1.3937499999999998,1.7875,31.55725,-1.1707913262821703,0.009622586954324176
120.4,23.8,181.3336,SSP1-2.6,2081-2100,-13.45519999999999,58.3258,95.08739999999989,0.3523999999999994,-3.696399999999997,1.3588999999999993,30.630000000000003,58.26115,119.38557499999999,0.8178874999999994,-1.6587124999999983,1.5361625,31.392500000000002,-1.1707913262821703,0.0728183673241156
120.4,23.85,177.2337,SSP1-2.6,2081-2100,-7.4144000000000005,56.910199999999996,127.59840000000008,1.0760000000000005,-3.2106999999999957,1.2018000000000004,30.278000000000002,57.6315625,110.93487499999998,0.8116749999999997,-1.806237499999999,1.2330249999999998,31.272750000000002,-1.1707913262821703,0.13601414769390704
120.4,23.9,165.6823,SSP1-2.6,2081-2100,-6.6462999999999965,56.43690000000001,103.43129999999996,0.7843000000000018,-1.873199999999997,0.6106999999999996,31.622,56.706050000000005,104.2983,0.9640749999999998,-1.4772124999999994,1.0105,30.611250000000002,-1.1707913262821703,0.19920992806369398
120.4,23.95,168.0032,SSP1-2.6,2081-2100,-5.224500000000006,56.278,84.60989999999993,0.8746000000000009,0.7054000000000045,0.8375000000000004,31.173999999999996,56.40678750000001,84.535675,0.8565500000000004,-1.4127125000000031,0.6622874999999999,30.91075,-1.1707913262821703,0.26240570843348543
120.4,24.0,160.5416,SSP1-2.6,2081-2100,-3.229799999999983,57.44610000000001,65.45090000000005,0.9207999999999998,0.008899999999997021,0.36430000000000007,32.290000000000006,56.1522625,68.37822499999999,0.84395,-1.327900000000004,0.5393000000000002,30.98825,-1.1707913262821703,0.32560148880327683
120.4,24.05,156.3616,SSP1-2.6,2081-2100,-0.7313000000000045,56.484300000000005,46.80890000000011,0.8303999999999974,-1.0500000000000114,0.3393000000000006,32.55200000000001,56.2344,60.00607499999998,0.7615375000000002,-1.3283625000000043,0.5006750000000001,31.2875,-1.1707913262821703,0.3887972691730683
120.4,24.1,153.5601,SSP1-2.6,2081-2100,-1.3249000000000137,56.778,42.57400000000007,0.8548000000000009,0.04999999999999716,0.6714000000000002,32.146,56.138062500000004,53.11027500000003,0.738037499999999,-1.2350500000000046,0.51675,31.37775,-1.1707913262821703,0.4519930495428597
120.4,24.15,150.4574,SSP1-2.6,2081-2100,-1.3529000000000053,55.6018,43.438699999999926,0.6944000000000017,-1.7732000000000028,0.5999999999999996,31.445999999999998,56.0763125,50.57677500000007,0.6809999999999992,-1.3473250000000032,0.47678750000000003,31.005000000000003,-1.1707913262821703,0.5151888299126467
120.45,22.45,184.9807,SSP1-2.6,2081-2100,1.1059999999999945,66.4961,111.61509999999998,1.8202999999999996,7.546399999999991,2.2179,30.548000000000002,64.5323875,118.5562625,1.7116625000000005,6.9457499999999985,2.1897249999999997,29.264,-1.0650974862009488,-1.6334677026602307
120.45,22.5,186.9582,SSP1-2.6,2081-2100,-4.4827999999999975,63.246500000000005,92.85059999999999,2.1312999999999995,8.894599999999997,1.8232,28.305999999999997,64.001425,103.4597125,1.5843750000000005,6.460249999999996,2.4408624999999997,29.37075,-1.0650974862009488,-1.570271922290439
120.45,22.55,220.504,SSP1-2.6,2081-2100,-10.668099999999981,62.3891,73.02250000000004,1.8397000000000006,8.578600000000002,2.4571000000000005,28.548000000000002,63.053325,65.93511249999997,1.4113625,5.929449999999997,2.4683124999999997,29.303,-1.0650974862009488,-1.5070761419206478
120.45,22.6,233.7048,SSP1-2.6,2081-2100,-4.8951000000000136,62.6251,56.54039999999986,1.4628000000000014,4.862499999999997,3.107100000000001,30.498,62.3273375,46.62165000000002,1.0652375000000003,4.7609499999999985,2.6834875,29.2945,-1.0650974862009488,-1.4438803615508562
120.45,22.65,252.1399,SSP1-2.6,2081-2100,-7.723000000000013,61.8515,54.33089999999993,0.9372000000000007,0.9554000000000116,2.8696,28.932,62.3168625,50.71536249999997,0.8614625,3.0580374999999975,3.1046875000000003,30.0595,-1.0650974862009488,-1.3806845811810693
120.45,22.7,261.5788,SSP1-2.6,2081-2100,-13.831799999999987,62.818400000000004,50.87950000000001,0.6622999999999983,1.9196000000000026,3.3606999999999996,30.904,60.83395,45.46145000000001,0.8445,2.621000000000002,3.1779,28.5595,-1.0650974862009488,-1.317488800811278
120.45,22.75,267.5862,SSP1-2.6,2081-2100,-19.224300000000028,58.5025,-3.654299999999921,0.8229000000000006,4.930400000000006,3.0625,25.464,59.4738125,64.300975,1.1349624999999994,2.865400000000002,3.3071374999999996,28.13275,-1.0650974862009488,-1.2542930204414864
120.45,22.8,246.563,SSP1-2.6,2081-2100,-6.175399999999996,56.301899999999996,97.9351999999999,1.6472000000000016,1.6589000000000027,3.185699999999999,25.676000000000002,56.844925,71.36897499999998,1.36925,3.6803750000000024,3.1622624999999998,26.367,-1.0650974862009488,-1.191097240071695
120.45,22.85,241.4185,SSP1-2.6,2081-2100,-1.53479999999999,55.52420000000001,143.50589999999988,2.0611999999999995,1.7250000000000014,2.732099999999999,26.802000000000003,55.7336,92.73529999999997,1.6165250000000007,4.035725,3.1562374999999996,25.699749999999998,-1.0650974862009488,-1.1279014597019037
120.45,22.9,252.5991,SSP1-2.6,2081-2100,-11.273899999999998,56.21130000000001,115.92439999999988,1.7577999999999996,3.0267999999999944,2.7249999999999996,26.124000000000002,55.556225000000005,86.14732499999997,1.6238375000000005,4.36205,3.0649374999999996,25.46625,-1.0650974862009488,-1.0647056793321166
120.45,22.95,275.3526,SSP1-2.6,2081-2100,-25.555199999999985,56.1411,61.62499999999977,1.1692999999999998,6.144599999999997,3.2249999999999996,25.32,56.914950000000005,76.22351250000006,1.6121625000000002,5.48125,3.002675,25.63475,-1.0650974862009488,-1.0015098989623252
120.45,23.0,285.0495,SSP1-2.6,2081-2100,-21.026900000000012,58.901300000000006,53.62469999999985,1.4235000000000007,7.9946000000000055,3.6393000000000004,26.224,58.0620625,69.57081249999996,1.4308499999999995,5.464049999999999,3.0343625000000003,26.23825,-1.0650974862009488,-0.9383141185925338
120.45,23.05,283.224,SSP1-2.6,2081-2100,-19.010099999999966,59.9714,52.08689999999979,1.2989999999999995,5.7089,3.2964,28.112000000000002,58.9016125,66.84246250000001,1.444012499999999,5.8933125,3.0607125,27.0895,-1.0650974862009488,-0.8751183382227424
120.45,23.1,284.2293,SSP1-2.6,2081-2100,-19.5505,58.7656,36.546299999999974,1.3071999999999981,4.767899999999997,2.5411,28.268000000000004,59.006225,77.33262499999992,1.4178249999999997,5.009387500000001,3.2437375,27.885500000000004,-1.0650974862009488,-0.811922557852951
120.45,23.15,288.1429,SSP1-2.6,2081-2100,-25.31189999999998,58.8851,53.23959999999988,1.2453000000000003,5.691099999999999,3.491100000000001,29.336000000000002,58.37235,76.43754999999999,1.337275,3.9640750000000002,3.2473124999999996,27.834000000000003,-1.0650974862009488,-0.748726777483164
120.45,23.2,282.192,SSP1-2.6,2081-2100,-19.91919999999999,57.969100000000005,88.7998,1.1595000000000013,2.4945999999999984,3.773199999999999,27.459999999999997,57.500575,84.6424999999999,1.1145750000000008,2.6727750000000015,3.5531125,28.118750000000002,-1.0650974862009488,-0.6855309971133726
120.45,23.25,276.5424,SSP1-2.6,2081-2100,-18.205899999999986,56.858200000000004,105.57639999999992,1.0044000000000004,0.5731999999999999,3.835700000000001,28.375999999999998,56.6502375,84.10868749999992,1.099462500000001,1.8401750000000003,3.7381624999999996,28.3105,-1.0650974862009488,-0.6223352167435812
120.45,23.3,256.2755,SSP1-2.6,2081-2100,-8.670900000000017,56.563,124.36409999999978,1.4948000000000015,-0.38569999999999993,4.4893,29.694,56.00185,91.4828249999999,1.002462500000001,1.1013375000000005,4.1287875,29.0045,-1.0650974862009488,-0.5591394363737897
120.45,23.35,241.0817,SSP1-2.6,2081-2100,-7.20150000000001,57.3033,147.93349999999987,1.2453000000000003,-1.4857000000000014,5.523199999999999,30.732,56.222225,92.5139749999999,0.9529750000000008,-0.5080375000000004,3.8084874999999996,30.09925,-1.0650974862009488,-0.4959436560039983
120.45,23.4,221.4944,SSP1-2.6,2081-2100,-14.444400000000002,57.65070000000001,130.56569999999988,0.6020000000000003,-4.317900000000002,3.5374999999999996,31.432,56.7668125,101.37532499999992,0.9999375000000006,-0.6328124999999991,3.8482250000000002,30.902,-1.0650974862009488,-0.43274787563421135
120.45,23.45,203.6636,SSP1-2.6,2081-2100,-1.3299000000000092,57.581900000000005,120.7530999999999,1.0079999999999991,0.9250000000000043,3.4054,31.658,56.6916875,102.08192499999998,0.9018125000000001,-1.3899624999999993,3.1522375,30.708750000000002,-1.0650974862009488,-0.3695520952644199
120.45,23.5,216.1281,SSP1-2.6,2081-2100,-5.65979999999999,54.998599999999996,106.6744000000001,0.8145999999999987,0.928600000000003,3.1143,28.830000000000002,56.3347125,112.61813749999999,1.1162000000000005,0.06070000000000153,2.9868375,30.076749999999997,-1.0650974862009488,-0.3063563148946285
120.45,23.55,203.0046,SSP1-2.6,2081-2100,-7.999200000000002,55.024499999999996,137.2657999999999,1.1887000000000008,3.3857,3.083899999999999,28.776,55.9712625,112.32757500000002,1.0861,0.4491125000000009,2.7165125000000003,29.342,-1.0650974862009488,-0.24316053452483705
120.45,23.6,193.698,SSP1-2.6,2081-2100,-10.889900000000011,55.974500000000006,117.87850000000003,1.2988,2.4035999999999973,2.6071,29.391999999999996,56.173137499999996,114.51693749999998,1.1191500000000003,1.049125,2.5651750000000004,29.147,-1.0650974862009488,-0.17996475415504562
120.45,23.65,187.914,SSP1-2.6,2081-2100,-9.236099999999993,56.426700000000004,103.38260000000014,1.0152999999999999,1.2678999999999974,1.6750000000000007,29.009999999999998,56.8964125,112.01398749999996,1.0637500000000002,1.1131874999999996,2.44665,29.544249999999998,-1.0650974862009488,-0.11676897378525869
120.45,23.7,196.2103,SSP1-2.6,2081-2100,-19.2594,55.812999999999995,93.82669999999985,0.6702000000000012,-0.17500000000000426,2.0804,29.548,57.4135875,107.68301249999999,0.9170375000000002,0.7424249999999999,2.0966500000000003,29.67425,-1.0650974862009488,-0.053573193415467256
120.45,23.75,176.8161,SSP1-2.6,2081-2100,-11.222300000000018,56.80839999999999,112.52449999999999,0.8003,-1.0161000000000016,1.8606999999999996,29.66,57.585274999999996,107.67401249999995,0.7431375000000005,-0.051337499999999814,1.9651874999999999,29.99425,-1.0650974862009488,0.009622586954324176
120.45,23.8,172.7138,SSP1-2.6,2081-2100,-7.494299999999981,57.3643,109.30899999999997,0.6298999999999992,-2.7786000000000044,1.8392999999999997,30.067999999999998,57.4705125,112.85834999999997,0.7697249999999998,-0.6513374999999986,1.6437499999999998,30.137999999999998,-1.0650974862009488,0.0728183673241156
120.45,23.85,172.6274,SSP1-2.6,2081-2100,-6.005599999999987,58.3735,119.21229999999991,0.9126999999999974,-0.4303999999999988,1.273200000000001,30.594,56.682900000000004,110.13478750000002,0.8386624999999999,-1.3649499999999994,1.433925,30.181,-1.0650974862009488,0.13601414769390704
120.45,23.9,166.1502,SSP1-2.6,2081-2100,-1.2896000000000072,56.289300000000004,109.55390000000011,1.0119000000000007,-2.194600000000001,1.3213999999999997,29.572000000000003,55.758624999999995,107.99827499999998,1.0199124999999998,-1.310487499999999,1.0727625,29.817999999999998,-1.0650974862009488,0.19920992806369398
120.45,23.95,174.7063,SSP1-2.6,2081-2100,-5.200799999999987,54.2031,104.81979999999999,0.9834999999999994,-4.9214000000000055,0.6285999999999996,27.669999999999998,55.5186875,91.4802,0.9304625000000004,-1.0153999999999996,0.782125,30.113,-1.0650974862009488,0.26240570843348543
120.45,24.0,172.2528,SSP1-2.6,2081-2100,-0.8717000000000041,55.4463,81.24829999999997,0.5591000000000008,-2.605400000000003,0.1214000000000004,29.812,55.218900000000005,78.55186249999998,0.8811249999999999,-1.9044625000000028,0.612725,30.06375,-1.0650974862009488,0.32560148880327683
120.45,24.05,163.1144,SSP1-2.6,2081-2100,-0.9055999999999926,55.092800000000004,66.43129999999996,0.7484000000000002,-3.364300000000007,0.4911000000000003,29.932000000000002,55.915850000000006,63.38452500000004,0.6959999999999993,-1.5071500000000047,0.4964250000000001,30.99575,-1.0650974862009488,0.3887972691730683
120.45,24.1,157.3901,SSP1-2.6,2081-2100,0.9519000000000233,55.5734,46.994199999999864,0.5711999999999975,-1.2464000000000084,0.5411000000000001,31.112,55.804712499999994,55.22155000000005,0.6854999999999998,-1.6881750000000038,0.61875,31.00825,-1.0650974862009488,0.4519930495428597
120.45,24.15,154.1392,SSP1-2.6,2081-2100,-1.115099999999984,55.850500000000004,37.618200000000115,0.5558999999999976,0.11430000000000007,0.6731999999999996,30.78,55.935537499999995,53.705100000000044,0.6690999999999998,-1.561837500000002,0.56585,31.049500000000002,-1.0650974862009488,0.5151888299126467
120.45,24.2,153.3517,SSP1-2.6,2081-2100,0.727800000000002,56.11619999999999,48.50520000000006,0.7038000000000011,-1.3911000000000087,0.11430000000000007,29.894,55.757125,54.804237500000056,0.7075874999999994,-1.3330374999999997,0.591525,30.81275,-1.0650974862009488,0.578384610282438
120.5,22.4,199.1072,SSP1-2.6,2081-2100,-3.158900000000017,66.71860000000001,122.46440000000007,1.6887000000000008,5.1714000000000055,1.7339000000000002,30.442,64.4754875,148.97118749999998,1.6015000000000006,6.111137499999997,2.3705374999999993,29.840000000000003,-0.9594036461197276,-1.696663483030022
120.5,22.45,202.3235,SSP1-2.6,2081-2100,-0.9501999999999953,66.29350000000001,157.1766,1.8488000000000007,5.035699999999991,2.174999999999999,30.496,64.5378375,139.58447499999997,1.638112500000001,6.2780999999999985,2.256475,29.674500000000002,-0.9594036461197276,-1.6334677026602307
120.5,22.5,214.1717,SSP1-2.6,2081-2100,-1.536299999999983,64.79429999999999,170.64509999999996,1.7429000000000023,4.757099999999994,2.4731999999999985,29.36,64.03785,116.02387499999998,1.5797374999999998,6.055124999999997,2.5624999999999996,29.79925,-0.9594036461197276,-1.570271922290439
120.5,22.55,231.1404,SSP1-2.6,2081-2100,-13.089200000000005,63.83820000000001,90.92959999999994,1.190299999999997,4.921399999999998,3.0928999999999984,30.578,62.4217875,104.80213749999999,1.3178375000000004,4.077449999999996,2.8493125,29.7235,-0.9594036461197276,-1.5070761419206478
120.5,22.6,229.9008,SSP1-2.6,2081-2100,-10.9555,61.44670000000001,59.79410000000007,0.7092999999999989,0.8606999999999942,2.685699999999999,30.504,61.115187500000005,73.74007499999993,1.0143125,2.8598375000000003,3.37075,29.192999999999998,-0.9594036461197276,-1.4438803615508562
120.5,22.65,250.338,SSP1-2.6,2081-2100,-9.052999999999997,59.862899999999996,57.71939999999995,0.40660000000000096,1.5178999999999974,3.7875000000000014,27.343999999999998,60.168625000000006,68.69056249999994,0.8871999999999995,1.1167375000000002,3.592625,29.128749999999997,-0.9594036461197276,-1.3806845811810693
120.5,22.7,257.1677,SSP1-2.6,2081-2100,-8.062100000000015,60.5316,70.5936999999999,0.8892999999999986,-0.9000000000000057,4.2964,27.735999999999997,57.8115375,54.79587499999994,0.9274624999999999,2.049562500000005,3.7388375,26.981250000000003,-0.9594036461197276,-1.317488800811278
120.5,22.75,253.0183,SSP1-2.6,2081-2100,-12.61360000000002,54.335699999999996,28.76850000000013,0.9332999999999991,1.2554000000000087,3.2964,24.57,57.14315,66.42192499999993,1.1568,3.1290125000000018,3.8736624999999996,26.7085,-0.9594036461197276,-1.2542930204414864
120.5,22.8,254.5648,SSP1-2.6,2081-2100,-14.004400000000004,55.639300000000006,42.55110000000013,1.0633000000000017,8.042900000000003,3.2767999999999997,26.378,55.437625,76.75332499999988,1.3136875000000003,3.095762500000003,3.8158374999999993,25.76275,-0.9594036461197276,-1.191097240071695
120.5,22.85,255.6571,SSP1-2.6,2081-2100,-14.065200000000004,56.432,92.06709999999975,0.759800000000002,3.0518,4.085699999999999,26.916,55.4147875,99.52832499999994,1.6130250000000004,4.4455375,3.487499999999999,25.9095,-0.9594036461197276,-1.1279014597019037
120.5,22.9,262.6279,SSP1-2.6,2081-2100,-14.22750000000002,55.7265,118.80370000000039,1.7988999999999997,3.7804,3.2874999999999996,25.401999999999997,55.3785625,104.34877499999988,1.5480874999999998,4.9533375,3.4278999999999993,25.384,-0.9594036461197276,-1.0647056793321166
120.5,22.95,278.503,SSP1-2.6,2081-2100,-21.18689999999998,55.1239,94.50440000000026,1.5627999999999993,5.3446,3.0,24.246000000000002,55.896812499999996,112.19837499999997,1.6111874999999993,6.3616,3.3687625,24.705,-0.9594036461197276,-1.0015098989623252
120.5,23.0,297.2332,SSP1-2.6,2081-2100,-19.638800000000003,56.843,122.88770000000022,1.1886999999999972,7.5839,3.5607000000000006,23.732,56.34065,93.06376249999991,1.5252749999999997,6.716050000000001,3.3392875,24.87525,-0.9594036461197276,-0.9383141185925338
120.5,23.05,299.1761,SSP1-2.6,2081-2100,-16.20550000000003,57.43260000000001,96.45509999999967,1.3645999999999994,6.044600000000003,3.6374999999999993,25.104,57.0149,87.72772500000002,1.4369124999999996,7.088175000000001,3.287275,25.532000000000004,-0.9594036461197276,-0.8751183382227424
120.5,23.1,303.6556,SSP1-2.6,2081-2100,-13.3091,57.660999999999994,57.082600000000184,1.3902,8.880400000000002,3.3232,26.120000000000005,57.21455,89.33749999999992,1.385675,5.9406375,3.3843750000000004,26.399750000000004,-0.9594036461197276,-0.811922557852951
120.5,23.15,302.0877,SSP1-2.6,2081-2100,-3.961399999999969,56.71959999999999,142.10449999999992,1.336500000000001,4.762500000000003,3.6982,25.932000000000002,57.169799999999995,79.71051250000002,1.29305,5.4277,3.356475,26.72175,-0.9594036461197276,-0.748726777483164
120.5,23.2,316.0196,SSP1-2.6,2081-2100,-18.309900000000027,56.78939999999999,99.76319999999987,1.2271999999999998,2.814300000000003,3.0839,26.240000000000002,56.1293625,83.72372499999997,1.0766875000000007,3.991975,3.684375,26.7335,-0.9594036461197276,-0.6855309971133726
120.5,23.25,308.7537,SSP1-2.6,2081-2100,-12.86469999999997,52.971799999999995,56.27759999999989,0.4978000000000016,2.8804000000000016,4.0464,26.032000000000004,55.494325,71.4322875,1.042287500000001,2.997324999999999,3.7696375,26.8705,-0.9594036461197276,-0.6223352167435812
120.5,23.3,307.9355,SSP1-2.6,2081-2100,-8.758699999999976,52.8171,51.734899999999925,0.9234000000000009,4.0981999999999985,4.3607,25.442,54.6179625,59.03732499999998,0.897425000000001,2.1854999999999993,4.125,27.811999999999998,-0.9594036461197276,-0.5591394363737897
120.5,23.35,284.4778,SSP1-2.6,2081-2100,-19.063199999999995,54.17549999999999,15.308199999999943,0.4707000000000008,2.5732,4.6875,28.654000000000003,54.9148625,54.931374999999946,0.8136375000000005,1.0598249999999991,4.024775,29.062,-0.9594036461197276,-0.4959436560039983
120.5,23.4,236.4689,SSP1-2.6,2081-2100,-17.683999999999997,56.56669999999999,27.652599999999893,0.0006999999999983686,-0.4945999999999984,4.0571,31.776000000000003,55.2278625,60.89674999999994,0.8700500000000004,0.6977625000000005,3.8118374999999998,29.96875,-0.9594036461197276,-0.43274787563421135
120.5,23.45,227.6155,SSP1-2.6,2081-2100,-6.0548,56.04580000000001,106.50970000000007,1.3838000000000008,1.0,3.9392999999999994,30.394,55.3180625,60.36448749999994,0.7198624999999996,0.044200000000000905,3.3700875,30.3145,-0.9594036461197276,-0.3695520952644199
120.5,23.5,227.3932,SSP1-2.6,2081-2100,-2.1590000000000202,54.7587,90.32060000000001,1.131999999999998,0.021399999999999864,3.0321,29.735999999999997,54.976225,84.33260000000001,0.9952125,0.9950875000000012,3.3874999999999997,29.464,-0.9594036461197276,-0.3063563148946285
120.5,23.55,216.9757,SSP1-2.6,2081-2100,-2.9250999999999863,54.8208,85.11390000000006,0.9588999999999999,0.23210000000000264,2.9643000000000015,29.041999999999998,55.2120875,98.12377500000002,1.0418499999999997,1.0917374999999998,3.2437375,29.045749999999998,-0.9594036461197276,-0.24316053452483705
120.5,23.6,221.8191,SSP1-2.6,2081-2100,-12.115099999999984,56.603699999999996,129.82150000000001,1.010200000000001,0.9393000000000029,3.3375000000000004,29.718000000000004,55.545525,106.7461375,1.1155249999999999,1.3941999999999997,2.9328000000000003,28.346999999999998,-0.9594036461197276,-0.17996475415504562
120.5,23.65,203.9974,SSP1-2.6,2081-2100,-9.589300000000009,56.6267,97.55399999999986,1.097999999999999,0.9517999999999986,2.8214000000000006,28.488,55.9674,113.19968749999998,1.0510375,1.4504624999999987,2.6294750000000002,28.2885,-0.9594036461197276,-0.11676897378525869
120.5,23.7,192.0714,SSP1-2.6,2081-2100,-15.297500000000014,56.23009999999999,80.97039999999993,0.7839999999999989,2.5625,2.3911,28.645999999999997,55.925087500000004,116.10066249999997,1.0261875000000003,1.3118499999999989,2.365175,27.914,-0.9594036461197276,-0.053573193415467256
120.5,23.75,173.0611,SSP1-2.6,2081-2100,-4.736199999999997,56.6996,112.96589999999992,0.9123000000000019,2.2286,1.9838999999999993,29.356,56.444575,113.39781249999999,0.8828999999999998,1.0776749999999984,2.231925,28.284249999999997,-0.9594036461197276,0.009622586954324176
120.5,23.8,165.0206,SSP1-2.6,2081-2100,-0.1875,56.9846,120.04009999999994,0.850200000000001,2.0214,2.1536,29.706,56.98585,117.10266250000001,0.8864249999999996,1.1015625,1.8531125,28.838,-0.9594036461197276,0.0728183673241156
120.5,23.85,168.0732,SSP1-2.6,2081-2100,-3.8899000000000115,56.5098,108.6699000000001,0.7753999999999976,-0.9213999999999984,1.4500000000000002,30.137999999999998,56.792550000000006,117.3849375,0.9564874999999997,1.143299999999999,1.7118250000000002,29.156499999999998,-0.9594036461197276,0.13601414769390704
120.5,23.9,169.8942,SSP1-2.6,2081-2100,-0.7161000000000115,54.64229999999999,107.38830000000007,1.2291999999999987,1.7338999999999984,1.5357000000000003,29.433999999999997,56.0079375,116.90648749999997,1.0850749999999998,-0.664275,1.2754375000000002,29.20225,-0.9594036461197276,0.19920992806369398
120.5,23.95,184.0378,SSP1-2.6,2081-2100,-5.315400000000011,52.7152,108.25629999999978,1.5236000000000018,-1.5660999999999987,1.044599999999999,27.634,55.89255,103.81648750000002,0.9650374999999998,-1.5013250000000005,0.9993125,29.709249999999997,-0.9594036461197276,0.26240570843348543
120.5,24.0,179.1759,SSP1-2.6,2081-2100,-5.307600000000008,54.89540000000001,71.9027000000001,0.5401999999999987,-2.332099999999997,0.4214000000000002,29.366,55.6092625,92.60226249999994,0.9504000000000006,-2.604025000000002,0.7435124999999998,29.951500000000003,-0.9594036461197276,0.32560148880327683
120.5,24.05,168.6595,SSP1-2.6,2081-2100,-1.4133999999999958,54.6363,80.13509999999997,0.6275000000000013,-2.7161000000000044,0.7749999999999995,29.891999999999996,56.0614875,71.17576249999999,0.6726124999999996,-1.8890625000000032,0.5944124999999999,30.7705,-0.9594036461197276,0.3887972691730683
120.5,24.1,158.9785,SSP1-2.6,2081-2100,0.23980000000000246,56.067,71.96210000000019,0.6639999999999979,-2.1661000000000072,0.7374999999999998,30.796,55.75725,61.06956249999999,0.6252624999999998,-1.6180875000000023,0.7127249999999999,31.0215,-0.9594036461197276,0.4519930495428597
120.5,24.15,158.5858,SSP1-2.6,2081-2100,-2.1769000000000176,55.927,52.80410000000006,0.5086000000000013,-2.5999999999999943,0.6625000000000005,30.522000000000002,55.9739125,57.805525000000074,0.6942874999999993,-1.0524625000000025,0.5747874999999999,30.87225,-0.9594036461197276,0.5151888299126467
120.5,24.2,160.4429,SSP1-2.6,2081-2100,-0.3369000000000142,55.814099999999996,57.34750000000008,0.7592999999999996,-2.489299999999993,0.07499999999999929,30.237999999999996,56.472674999999995,66.0389000000001,0.7820499999999999,-1.3026875000000002,0.6489000000000003,30.95825,-0.9594036461197276,0.578384610282438
120.5,24.25,164.6783,SSP1-2.6,2081-2100,1.8429999999999893,55.0179,71.00960000000009,0.8700999999999972,-1.6554000000000002,0.4375,29.878,56.344787499999995,72.2122500000001,0.8174875000000008,-1.5100499999999988,0.3799250000000002,30.815749999999998,-0.9594036461197276,0.6415803906522295
120.5,24.3,159.7178,SSP1-2.6,2081-2100,1.5697999999999865,55.23819999999999,75.15690000000018,0.882200000000001,-0.6088999999999984,0.07319999999999993,30.409999999999997,55.8297625,93.98207500000004,0.9165375,-1.0884124999999987,0.28147500000000003,31.279999999999998,-0.9594036461197276,0.704776171022021
120.55,22.4,227.6629,SSP1-2.6,2081-2100,-9.061499999999995,65.28470000000002,121.78060000000005,1.5964000000000027,8.935699999999997,1.9018000000000015,29.564000000000004,62.90867500000001,151.93531249999998,1.5084625000000007,5.5053374999999996,2.4986499999999996,29.685000000000002,-0.8537098060385062,-1.696663483030022
120.55,22.45,239.3253,SSP1-2.6,2081-2100,-8.76740000000001,65.1156,147.03719999999998,1.3543999999999983,6.2911,2.674999999999999,29.9,63.79575,156.48732499999994,1.5497875000000016,5.101312499999999,2.3584749999999994,29.725,-0.8537098060385062,-1.6334677026602307
120.55,22.5,259.2096,SSP1-2.6,2081-2100,-15.503900000000016,63.124599999999994,165.96589999999992,1.3113000000000028,3.933899999999994,2.7643000000000004,30.234,62.741600000000005,138.5462249999999,1.4515875000000005,4.449099999999999,2.7524499999999987,29.70575,-0.8537098060385062,-1.570271922290439
120.55,22.55,253.096,SSP1-2.6,2081-2100,-16.079800000000006,61.799200000000006,89.59349999999995,1.1418,3.2393,3.294599999999999,29.784000000000002,61.0273,122.14628749999997,1.2166375,2.4640624999999963,3.077237499999999,29.750999999999998,-0.8537098060385062,-1.5070761419206478
120.55,22.6,244.0175,SSP1-2.6,2081-2100,-14.194299999999998,59.948800000000006,130.0050000000001,0.203599999999998,-2.5071000000000083,4.189299999999999,30.554,59.1530125,73.53368749999993,1.0996874999999995,2.754924999999999,3.4502249999999997,28.759999999999998,-0.8537098060385062,-1.4438803615508562
120.55,22.65,251.6719,SSP1-2.6,2081-2100,-13.0214,56.606700000000004,37.779299999999694,0.932500000000001,1.3107000000000042,4.1678999999999995,27.305999999999997,57.751475,79.60154999999997,0.945549999999999,1.1325999999999983,3.7432999999999996,28.006500000000003,-0.8537098060385062,-1.3806845811810693
120.55,22.7,265.5977,SSP1-2.6,2081-2100,-8.132999999999981,55.5202,89.60159999999996,1.3005999999999993,2.4321000000000055,4.064299999999999,26.596,55.520587500000005,70.9621249999999,1.0336749999999997,1.7203250000000008,4.0008875,26.118750000000002,-0.8537098060385062,-1.317488800811278
120.55,22.75,253.8176,SSP1-2.6,2081-2100,-5.392699999999991,52.994400000000006,122.94209999999975,1.4242999999999988,2.075000000000003,5.3018,24.734,55.0354125,70.6849875,1.2123874999999997,2.8096000000000014,3.8479875,25.844250000000002,-0.8537098060385062,-1.2542930204414864
120.55,22.8,251.6414,SSP1-2.6,2081-2100,-13.779699999999991,54.83689999999999,60.526499999999714,1.4445000000000014,4.873199999999997,4.441099999999999,26.179999999999996,54.1928,78.8196375,1.2897874999999996,4.164075000000002,3.9665125,25.3075,-0.8537098060385062,-1.191097240071695
120.55,22.85,255.2334,SSP1-2.6,2081-2100,-13.276999999999987,54.5734,71.9355999999998,1.4162999999999997,5.196400000000004,4.421399999999998,25.76,54.936625,87.81308749999997,1.4712749999999999,5.660050000000001,3.7892999999999994,25.38275,-0.8537098060385062,-1.1279014597019037
120.55,22.9,262.1451,SSP1-2.6,2081-2100,-9.4966,54.5048,145.04419999999982,1.7149999999999999,7.2607,3.830399999999999,24.954,54.883224999999996,91.69987499999996,1.5734874999999997,6.160262500000001,3.6872874999999996,24.5805,-0.8537098060385062,-1.0647056793321166
120.55,22.95,287.6154,SSP1-2.6,2081-2100,-15.11510000000004,54.517799999999994,110.18359999999984,1.942499999999999,7.876800000000003,3.403600000000001,22.95,54.8824125,111.54693750000001,1.5899624999999995,6.9571250000000004,3.4781375,23.85425,-0.8537098060385062,-1.0015098989623252
120.55,23.0,310.5027,SSP1-2.6,2081-2100,-13.093799999999987,54.3287,169.4937,1.8937999999999988,7.225000000000001,3.278599999999999,22.934000000000005,55.289187500000004,96.021525,1.4991749999999997,7.5406125,3.3819125000000003,23.87525,-0.8537098060385062,-0.9383141185925338
120.55,23.05,330.9167,SSP1-2.6,2081-2100,-13.387099999999975,54.3084,106.53670000000011,1.5467000000000013,7.389299999999999,3.2339,24.112000000000002,55.927125000000004,103.9699,1.3887999999999998,7.4024625,3.3370375,24.447750000000003,-0.8537098060385062,-0.8751183382227424
120.55,23.1,343.1903,SSP1-2.6,2081-2100,-8.880200000000002,55.3398,103.56320000000005,1.446200000000001,7.1554,3.424999999999999,24.754,56.308187499999995,109.70897499999995,1.3843,6.547112500000001,3.4363625000000004,25.217750000000002,-0.8537098060385062,-0.811922557852951
120.55,23.15,328.4217,SSP1-2.6,2081-2100,-7.482899999999972,56.2939,124.16769999999997,1.5398999999999994,6.005400000000002,3.751800000000001,25.580000000000002,56.4003,106.56816249999997,1.2741625,5.890187500000001,3.4716375,25.735750000000003,-0.8537098060385062,-0.748726777483164
120.55,23.2,306.4682,SSP1-2.6,2081-2100,-13.682700000000011,55.6545,74.52170000000024,1.0289000000000001,5.612499999999997,3.4625000000000004,26.016,55.8088625,92.58587499999987,1.1366625,4.700450000000001,3.5529,26.00325,-0.8537098060385062,-0.6855309971133726
120.55,23.25,309.7694,SSP1-2.6,2081-2100,-14.447300000000041,53.682700000000004,25.102499999999964,0.8012000000000015,3.9161,3.4161,25.136,54.9769625,59.994587499999966,1.012175,4.561824999999999,3.620975,26.34075,-0.8537098060385062,-0.6223352167435812
120.55,23.3,305.6043,SSP1-2.6,2081-2100,-17.697900000000004,53.620599999999996,1.5957000000003063,0.6989000000000019,4.855399999999996,3.7356999999999996,26.6,54.0347625,45.26774999999992,1.0064250000000006,3.7633874999999994,3.5859375,26.987250000000003,-0.8537098060385062,-0.5591394363737897
120.55,23.35,287.5638,SSP1-2.6,2081-2100,-15.805800000000033,51.7686,-3.859399999999823,0.9663000000000004,4.557099999999998,3.2661,27.272,54.46181249999999,28.76729999999992,0.9108749999999999,2.7656374999999995,3.6158375,28.606500000000004,-0.8537098060385062,-0.4959436560039983
120.55,23.4,269.8697,SSP1-2.6,2081-2100,-15.86220000000003,53.02889999999999,-40.53610000000026,0.5777000000000001,1.6518000000000015,3.2286,29.548,54.5783,35.86417499999993,0.9393500000000001,1.7672000000000008,3.5513375,29.75025,-0.8537098060385062,-0.43274787563421135
120.55,23.45,262.998,SSP1-2.6,2081-2100,-15.39269999999999,54.26819999999999,10.499299999999948,0.7066000000000017,0.678600000000003,2.9071,30.059999999999995,54.4192875,31.228999999999928,0.8343999999999996,0.8553625000000009,3.63415,30.04875,-0.8537098060385062,-0.3695520952644199
120.55,23.5,257.6796,SSP1-2.6,2081-2100,-11.44289999999998,53.69080000000001,36.98630000000003,0.9173000000000009,0.9606999999999957,3.6785999999999994,29.476,54.5251625,51.677587500000016,0.9029875,0.24620000000000175,3.7299,29.27225,-0.8537098060385062,-0.3063563148946285
120.55,23.55,237.0578,SSP1-2.6,2081-2100,-8.116299999999995,53.3792,70.8583000000001,0.9837999999999987,-0.14999999999999858,4.007099999999999,27.476000000000003,55.0170375,63.32801250000003,0.925875,0.41471250000000026,3.7089250000000007,28.93,-0.8537098060385062,-0.24316053452483705
120.55,23.6,218.2215,SSP1-2.6,2081-2100,-6.253899999999987,57.2667,95.1848,0.9893999999999998,0.24459999999999837,3.0892999999999997,28.961999999999996,55.246812500000004,84.13078750000003,1.0721000000000003,0.7928625,3.785262500000001,27.871500000000005,-0.8537098060385062,-0.17996475415504562
120.55,23.65,208.916,SSP1-2.6,2081-2100,-9.649200000000008,54.8451,146.73119999999994,1.391300000000001,2.8179000000000016,3.2142999999999997,25.630000000000003,55.6272125,102.984175,1.1378125,1.2468749999999993,3.4868375,27.69625,-0.8537098060385062,-0.11676897378525869
120.55,23.7,192.3829,SSP1-2.6,2081-2100,-8.941699999999997,54.5794,137.80179999999996,1.2490999999999985,1.542899999999996,2.6411,25.401999999999997,55.8591375,123.75562500000001,1.2089625000000006,1.8984500000000004,3.1493249999999997,27.249000000000002,-0.8537098060385062,-0.053573193415467256
120.55,23.75,181.1643,SSP1-2.6,2081-2100,-7.711600000000004,55.601800000000004,124.0186000000001,1.0730000000000004,2.876800000000003,2.6446000000000005,26.217999999999996,56.3273125,130.97140000000002,1.1016624999999998,1.9359374999999996,2.668525,27.37475,-0.8537098060385062,0.009622586954324176
120.55,23.8,162.2805,SSP1-2.6,2081-2100,2.5127999999999986,58.175,128.69140000000016,1.006499999999999,3.5874999999999986,2.2446,27.026,56.506175,125.65298750000002,0.9862000000000002,2.0334875000000006,2.2174,27.92875,-0.8537098060385062,0.0728183673241156
120.55,23.85,169.5102,SSP1-2.6,2081-2100,-4.793199999999985,56.3544,121.42969999999991,0.981300000000001,5.266100000000002,1.5286,27.644,56.6342625,119.60742500000003,0.9791499999999997,1.4787874999999993,2.0082500000000003,28.40075,-0.8537098060385062,0.13601414769390704
120.55,23.9,177.276,SSP1-2.6,2081-2100,-1.2396000000000242,56.157000000000004,123.45479999999998,1.0302000000000007,1.9410999999999987,1.7982000000000005,29.208,56.086225,117.09746249999998,1.1586750000000001,0.8968625000000001,1.5834750000000002,28.791249999999998,-0.8537098060385062,0.19920992806369398
120.55,23.95,179.6715,SSP1-2.6,2081-2100,-3.758400000000023,57.4612,139.85519999999997,1.4619999999999997,-2.487499999999997,1.158900000000001,31.157999999999998,56.0718125,103.63934999999998,1.0375125000000005,-0.2823624999999996,1.3062375,29.18175,-0.8537098060385062,0.26240570843348543
120.55,24.0,185.4935,SSP1-2.6,2081-2100,-8.554100000000005,58.0458,92.3089,0.9041999999999994,-1.144599999999997,1.0088999999999988,31.453999999999997,56.546899999999994,94.52614999999997,0.9426375000000009,-1.4450875000000005,0.95735,30.15,-0.8537098060385062,0.32560148880327683
120.55,24.05,167.6183,SSP1-2.6,2081-2100,-3.510600000000011,57.273399999999995,67.76319999999987,0.7949000000000019,-2.0268000000000015,0.7195999999999998,32.06,57.2293125,80.55791250000004,0.6711499999999999,-1.3334750000000017,0.8502249999999998,31.133499999999998,-0.8537098060385062,0.3887972691730683
120.55,24.1,160.576,SSP1-2.6,2081-2100,-1.0591000000000008,56.09780000000001,70.79539999999997,0.5989000000000004,-0.22680000000000433,0.7142999999999997,31.632,57.4160125,75.65771250000003,0.6658874999999997,-0.9752375000000013,0.9395125,31.974000000000004,-0.8537098060385062,0.4519930495428597
120.55,24.15,170.3301,SSP1-2.6,2081-2100,2.8811000000000035,55.6068,66.0150000000001,0.5966999999999985,-0.8785999999999987,1.125,32.242000000000004,57.5056,74.97522500000005,0.7741499999999997,-0.8245624999999999,0.777475,31.8825,-0.8537098060385062,0.5151888299126467
120.55,24.2,170.34,SSP1-2.6,2081-2100,5.4798999999999864,56.6655,63.20660000000021,1.1045000000000016,-0.13569999999999993,0.6179000000000006,30.284,57.0621,77.99743750000005,0.7660374999999999,-1.3553749999999978,0.7163125000000001,31.774250000000002,-0.8537098060385062,0.578384610282438
120.55,24.25,176.9566,SSP1-2.6,2081-2100,9.634299999999996,57.066,88.30260000000021,0.9035000000000011,-2.4161,0.7304000000000004,30.647999999999996,56.649762499999994,86.57101250000005,0.9204625000000002,-1.1234374999999988,0.3593875000000001,31.4975,-0.8537098060385062,0.6415803906522295
120.55,24.3,164.6762,SSP1-2.6,2081-2100,9.546800000000019,56.1371,99.7328,0.9747999999999983,-1.5463999999999984,0.3000000000000007,31.5,55.3788,93.97046250000005,0.9053625000000007,-0.4971124999999992,0.2618250000000001,31.25175,-0.8537098060385062,0.704776171022021
120.55,24.35,156.3234,SSP1-2.6,2081-2100,5.979500000000002,54.563300000000005,80.9994999999999,0.8186,0.42140000000000555,0.19640000000000057,30.837999999999997,54.740337499999995,106.68136250000006,0.9922625000000003,-0.3580249999999996,0.22878750000000003,31.100749999999998,-0.8537098060385062,0.7679719513918124
120.55,24.4,152.6448,SSP1-2.6,2081-2100,5.8613,53.10530000000001,81.83050000000003,0.7625000000000028,1.303600000000003,0.1446000000000005,31.101999999999997,54.4023125,110.23476250000002,1.0492749999999997,-0.3162874999999996,0.18771249999999995,31.0285,-0.8537098060385062,0.8311677317615993
120.6,22.35,235.3471,SSP1-2.6,2081-2100,-12.251600000000025,63.0924,131.22070000000008,1.6845999999999997,6.944599999999994,2.3249999999999993,29.936,59.107237500000004,135.22392499999995,1.3280250000000011,8.284812500000001,2.5156125000000005,27.570750000000004,-0.7480159659572849,-1.759859263399809
120.6,22.4,257.9927,SSP1-2.6,2081-2100,-10.82080000000002,63.205,167.9773,1.3049999999999997,4.683900000000001,2.7339,29.874000000000002,60.762725,141.96073749999996,1.4185500000000006,6.802225000000002,2.5189624999999998,28.698500000000003,-0.7480159659572849,-1.696663483030022
120.6,22.45,287.9199,SSP1-2.6,2081-2100,-15.387299999999982,61.5223,184.3168999999998,1.4596000000000018,4.694600000000008,2.4624999999999986,29.042,59.187775,157.8732,1.376862500000001,5.7292375,2.745075,28.09025,-0.7480159659572849,-1.6334677026602307
120.6,22.5,316.9811,SSP1-2.6,2081-2100,-23.915900000000022,59.42300000000001,161.5717999999997,1.4456000000000024,3.5981999999999985,2.623199999999999,28.787999999999997,58.51455,153.13794999999993,1.3825124999999998,4.494650000000001,2.9778874999999996,27.969,-0.7480159659572849,-1.570271922290439
120.6,22.55,316.2605,SSP1-2.6,2081-2100,-24.139700000000005,59.146699999999996,107.09909999999991,1.4293000000000013,3.055399999999999,3.2232000000000003,29.698,57.3281125,138.55812499999993,1.3470624999999998,2.9348249999999982,3.3700874999999995,27.87775,-0.7480159659572849,-1.5070761419206478
120.6,22.6,287.5262,SSP1-2.6,2081-2100,-16.570700000000045,56.4961,91.15970000000016,1.7007999999999974,1.0929000000000002,3.5660999999999987,28.292,56.595525,97.50134999999983,1.229625,2.9504624999999987,3.6531249999999997,27.736,-0.7480159659572849,-1.4438803615508562
120.6,22.65,297.1287,SSP1-2.6,2081-2100,-16.174499999999966,54.02760000000001,54.19479999999976,1.2868999999999993,6.0411,3.783899999999999,26.574,55.785700000000006,90.33604999999994,1.1957499999999999,2.2888375000000005,3.8384124999999996,27.27525,-0.7480159659572849,-1.3806845811810693
120.6,22.7,285.9173,SSP1-2.6,2081-2100,-3.9186000000000263,54.1779,83.74409999999989,1.0672999999999995,0.5232000000000028,3.5732,26.452,54.7871625,84.9928999999999,1.2725749999999998,4.014950000000002,4.0466625,26.28675,-0.7480159659572849,-1.317488800811278
120.6,22.75,274.4394,SSP1-2.6,2081-2100,-3.821299999999951,51.627900000000004,111.95510000000013,1.3292000000000002,1.9392999999999958,3.8000000000000007,24.234,55.0815125,82.12803749999998,1.393887499999999,4.285250000000002,4.189075000000001,26.134749999999997,-0.7480159659572849,-1.2542930204414864
120.6,22.8,270.2769,SSP1-2.6,2081-2100,-11.396200000000022,53.6138,77.73930000000018,1.671599999999998,4.310700000000004,4.0357,24.608,54.794062499999995,77.75852499999993,1.5209249999999992,5.099775,4.1576,25.8945,-0.7480159659572849,-1.191097240071695
120.6,22.85,272.7929,SSP1-2.6,2081-2100,-3.0416999999999916,54.32589999999999,82.59830000000011,1.7204999999999977,7.441099999999999,3.5143000000000004,25.259999999999998,55.37295,70.11878749999985,1.6255249999999992,5.914275000000002,4.036625,25.744,-0.7480159659572849,-1.1279014597019037
120.6,22.9,290.1625,SSP1-2.6,2081-2100,-7.045100000000048,54.4138,83.17449999999963,1.5965999999999987,6.519600000000004,3.8428999999999984,23.364,55.412012499999996,72.74739999999986,1.5934124999999995,7.470537500000001,3.7649749999999997,25.49975,-0.7480159659572849,-1.0647056793321166
120.6,22.95,313.2142,SSP1-2.6,2081-2100,-5.712800000000016,53.9525,80.33179999999993,1.7905000000000015,10.071399999999997,3.9429,22.745999999999995,55.2005875,90.07609999999983,1.4464124999999992,6.884375000000001,3.5864,24.7325,-0.7480159659572849,-1.0015098989623252
120.6,23.0,334.2407,SSP1-2.6,2081-2100,-2.1680000000000064,54.16610000000001,78.13549999999987,1.1734000000000009,7.871400000000001,3.0821000000000005,23.456000000000003,55.01271249999999,82.03202499999992,1.3406499999999997,7.439962499999999,3.41875,24.397,-0.7480159659572849,-0.9383141185925338
120.6,23.05,362.2545,SSP1-2.6,2081-2100,-2.357599999999991,55.96920000000001,79.13740000000007,1.424199999999999,8.142899999999997,3.1945999999999994,24.656000000000002,54.9409625,92.34144999999995,1.1975625,6.718537499999999,3.292175,24.539,-0.7480159659572849,-0.8751183382227424
120.6,23.1,383.8683,SSP1-2.6,2081-2100,-1.6689999999999827,55.67659999999999,125.0039999999999,1.229300000000002,6.316099999999999,3.194600000000001,24.826,55.821075,97.30757499999999,1.2376624999999999,6.708724999999999,3.4044499999999998,25.403750000000002,-0.7480159659572849,-0.811922557852951
120.6,23.15,369.5087,SSP1-2.6,2081-2100,3.796100000000024,56.4042,147.1837999999998,1.2429999999999986,4.835700000000003,3.4571000000000005,25.412,56.4632875,111.05136250000004,1.2978375,5.9763625,3.5082625,26.262500000000003,-0.7480159659572849,-0.748726777483164
120.6,23.2,315.9903,SSP1-2.6,2081-2100,-5.282699999999977,56.957300000000004,103.32229999999981,1.291999999999998,6.744599999999998,4.1286000000000005,26.586000000000002,56.4707875,96.6024625,1.2786875000000002,4.946000000000001,3.3462125000000005,26.613,-0.7480159659572849,-0.6855309971133726
120.6,23.25,305.9738,SSP1-2.6,2081-2100,-6.984099999999955,56.652,42.76539999999977,1.1556999999999995,5.644599999999997,2.841100000000001,27.108000000000004,55.3441375,69.10175000000004,1.2478250000000002,4.751124999999999,3.35335,26.6715,-0.7480159659572849,-0.6223352167435812
120.6,23.3,334.1415,SSP1-2.6,2081-2100,-13.604199999999992,54.352999999999994,49.97589999999991,1.2734999999999985,3.8446,3.3088999999999995,26.702,54.680787499999994,58.164424999999994,1.3220375000000009,4.264737499999998,2.9948750000000004,27.3795,-0.7480159659572849,-0.5591394363737897
120.6,23.35,322.9772,SSP1-2.6,2081-2100,-4.238599999999963,55.8574,124.83689999999979,1.9628000000000014,2.5929,2.7607,29.552,54.1038625,31.514662499999986,1.2048999999999999,3.560487499999998,3.01495,28.085500000000003,-0.7480159659572849,-0.4959436560039983
120.6,23.4,338.4893,SSP1-2.6,2081-2100,-10.951700000000017,55.275299999999994,-0.42970000000013897,1.379299999999997,3.0035999999999987,2.7875000000000014,30.578000000000003,54.39456249999999,33.27164999999991,1.1203375000000007,2.4080375000000007,3.0158499999999995,29.064999999999998,-0.7480159659572849,-0.43274787563421135
120.6,23.45,332.1796,SSP1-2.6,2081-2100,-16.15609999999998,52.66890000000001,6.395799999999781,0.6446000000000005,0.22680000000000433,4.0054,29.715999999999998,54.20345,5.567612499999939,0.9546749999999999,1.7312500000000002,3.1778874999999998,28.94575,-0.7480159659572849,-0.3695520952644199
120.6,23.5,343.8021,SSP1-2.6,2081-2100,-17.841700000000003,53.319199999999995,22.932800000000043,0.639800000000001,0.4732000000000056,4.3446,29.166000000000004,54.535975,20.553237499999938,0.9329874999999999,0.6078124999999996,3.533475,28.71475,-0.7480159659572849,-0.3063563148946285
120.6,23.55,327.9692,SSP1-2.6,2081-2100,-18.935099999999977,56.9405,20.790300000000116,0.7744,-0.5125000000000028,4.639300000000002,28.588,54.506975000000004,33.403474999999986,0.9675750000000001,0.30177499999999924,3.7307875,28.158,-0.7480159659572849,-0.24316053452483705
120.6,23.6,256.096,SSP1-2.6,2081-2100,0.19130000000001246,52.73590000000001,25.473899999999958,0.9849999999999994,0.9588999999999999,4.585700000000001,26.752000000000002,55.665287500000005,68.86063750000002,1.1086750000000007,0.2774624999999995,4.0504375,27.86825,-0.7480159659572849,-0.17996475415504562
120.6,23.65,200.8481,SSP1-2.6,2081-2100,4.27770000000001,56.022600000000004,96.70320000000015,1.375200000000003,1.105399999999996,4.7125,27.278000000000002,55.0194875,96.65293750000001,1.2551125,0.6660625000000007,3.9852625,26.991,-0.7480159659572849,-0.11676897378525869
120.6,23.7,198.1259,SSP1-2.6,2081-2100,-3.8762000000000114,54.9526,160.36380000000008,1.6115999999999993,1.6696000000000026,4.316099999999999,26.323999999999998,55.3472625,129.46711250000004,1.3727000000000005,1.1861750000000004,3.7816875000000003,26.55275,-0.7480159659572849,-0.053573193415467256
120.6,23.75,189.4702,SSP1-2.6,2081-2100,-8.373899999999992,55.8946,170.73790000000008,1.4263000000000012,0.9750000000000014,3.1106999999999996,26.052000000000003,56.247587499999995,139.84612500000003,1.2913124999999992,1.4288000000000007,3.2544500000000003,26.70225,-0.7480159659572849,0.009622586954324176
120.6,23.8,177.3559,SSP1-2.6,2081-2100,-6.241799999999984,57.102599999999995,136.19990000000007,0.9732999999999983,0.8999999999999986,2.5070999999999994,26.485999999999997,56.7222,133.09033750000003,1.1512125000000002,2.507600000000001,2.7218625000000003,27.029,-0.7480159659572849,0.0728183673241156
120.6,23.85,177.3776,SSP1-2.6,2081-2100,-6.8629999999999995,56.901999999999994,111.16190000000006,0.8978000000000002,2.9213999999999984,2.3607000000000005,27.83,57.0831625,122.56649999999999,1.0307125,1.8294750000000004,2.2819125,27.42975,-0.7480159659572849,0.13601414769390704
120.6,23.9,169.1613,SSP1-2.6,2081-2100,-0.7524000000000228,56.60080000000001,121.2530999999999,1.0706000000000024,-0.35360000000000014,2.0161000000000007,27.377999999999997,57.3628375,114.76581249999998,1.0861999999999998,1.6332624999999998,1.8973125000000004,28.650999999999996,-0.7480159659572849,0.19920992806369398
120.6,23.95,169.1359,SSP1-2.6,2081-2100,1.3452000000000055,57.5041,118.76530000000002,1.3294999999999995,2.582099999999997,1.5732,29.114,57.703175,108.04888749999995,1.0115375000000002,-0.7544499999999994,1.608025,29.521249999999995,-0.7480159659572849,0.26240570843348543
120.6,24.0,185.8405,SSP1-2.6,2081-2100,-8.941000000000003,58.01389999999999,85.78539999999998,0.6726000000000028,-3.1195999999999984,1.0518,29.866,58.470812499999994,99.28342499999997,0.9678750000000003,-0.5140625000000005,1.3214000000000001,30.812,-0.7480159659572849,0.32560148880327683
120.6,24.05,185.0339,SSP1-2.6,2081-2100,-10.70089999999999,59.875699999999995,83.7460000000001,0.5908000000000015,0.10539999999999594,0.9143000000000008,32.11,58.522837499999994,84.42102499999996,0.7753500000000004,-0.4272375000000004,1.1142749999999997,31.5305,-0.7480159659572849,0.3887972691730683
120.6,24.1,179.1346,SSP1-2.6,2081-2100,-7.325099999999992,60.202600000000004,87.82770000000005,0.7709999999999972,0.9320999999999984,1.1785999999999994,33.952,58.81935,78.7195625,0.6707125,0.2961999999999998,1.0573625,32.50375,-0.7480159659572849,0.4519930495428597
120.6,24.15,188.8,SSP1-2.6,2081-2100,-3.098300000000023,59.7393,95.00849999999991,0.7735999999999983,1.5482000000000014,1.4036,34.218,58.854975,75.89670000000007,0.7521125,-0.19643750000000004,0.9247875000000002,32.80425,-0.7480159659572849,0.5151888299126467
120.6,24.2,189.5597,SSP1-2.6,2081-2100,4.005700000000019,59.5315,100.84989999999993,1.013300000000001,-1.4588999999999999,0.8304000000000009,33.418,58.482775000000004,79.54531250000008,0.7258750000000003,-1.2301499999999992,0.8837125000000002,32.729749999999996,-0.7480159659572849,0.578384610282438
120.6,24.25,180.3961,SSP1-2.6,2081-2100,10.784199999999998,57.7942,92.64229999999998,0.7032000000000025,-0.8928999999999974,0.46609999999999996,33.03,57.8632375,100.77385000000007,0.874975000000001,-2.0426375000000005,0.5663000000000002,32.494749999999996,-0.7480159659572849,0.6415803906522295
120.6,24.3,169.6259,SSP1-2.6,2081-2100,13.705399999999997,56.9996,132.62249999999995,1.0563000000000002,-0.20000000000000284,0.07499999999999929,33.222,56.043125,112.28035000000003,0.9280250000000003,-1.5857249999999992,0.3671875000000001,31.7365,-0.7480159659572849,0.704776171022021
120.6,24.35,166.0059,SSP1-2.6,2081-2100,18.488699999999994,53.2459,129.1998000000001,1.246500000000001,0.07139999999999702,-0.02859999999999996,30.886,54.6144625,115.02945,0.9726875000000001,-0.46762499999999907,0.24998750000000003,31.444000000000003,-0.7480159659572849,0.7679719513918124
120.6,24.4,157.7691,SSP1-2.6,2081-2100,9.086999999999989,52.232299999999995,91.06960000000004,0.6811000000000007,1.9268,0.31960000000000033,30.828,53.83663750000001,117.76514999999998,1.1797375000000003,0.44643750000000004,0.22833749999999986,30.904,-0.7480159659572849,0.8311677317615993
120.65,22.25,217.9816,SSP1-2.6,2081-2100,-14.454199999999986,62.60850000000001,63.16819999999984,1.3102000000000018,14.367899999999999,2.0518,29.614,54.81462499999999,99.0660125,1.2670125000000003,13.227675000000001,2.613625,25.9865,-0.6423221258760335,-1.8862508241393918
120.65,22.3,240.0325,SSP1-2.6,2081-2100,-13.718799999999987,60.675599999999996,109.69319999999993,1.1819000000000024,14.289299999999997,2.3214000000000006,28.231999999999996,54.6961875,107.191025,1.2778875000000007,11.409375,2.6267875,25.784999999999997,-0.6423221258760335,-1.8230550437696005
120.65,22.35,297.1076,SSP1-2.6,2081-2100,-17.578599999999994,58.1918,122.45059999999967,0.9555000000000007,9.525000000000006,2.887500000000001,28.356,52.342200000000005,131.69356250000007,1.2055750000000005,9.615837499999998,2.8819125000000003,23.6415,-0.6423221258760335,-1.759859263399809
120.65,22.4,339.4786,SSP1-2.6,2081-2100,-21.94539999999995,54.1974,139.32349999999997,1.415300000000002,7.287500000000001,3.1196,27.556000000000004,53.8269375,157.64759999999998,1.2262749999999998,6.917400000000001,3.0078125,24.677500000000002,-0.6423221258760335,-1.696663483030022
120.65,22.45,364.378,SSP1-2.6,2081-2100,-22.844799999999964,51.97899999999999,167.0920000000001,1.1938999999999993,5.567900000000002,3.0464,24.792,52.398337500000004,182.75119999999998,1.351875000000001,5.429675000000001,3.2754375,24.02175,-0.6423221258760335,-1.6334677026602307
120.65,22.5,376.5089,SSP1-2.6,2081-2100,-25.715100000000007,51.1729,192.23730000000023,1.3930000000000007,5.535700000000006,3.096399999999999,24.014000000000003,52.374287499999994,188.3476874999999,1.51255,4.160950000000001,3.4662875,24.18675,-0.6423221258760335,-1.570271922290439
120.65,22.55,414.5796,SSP1-2.6,2081-2100,-18.685000000000002,54.256099999999996,171.76169999999956,1.7767999999999944,3.6392999999999986,3.2607,26.287999999999997,51.4059375,175.57014999999996,1.6472375000000015,3.7118374999999997,3.7575874999999996,23.75025,-0.6423221258760335,-1.5070761419206478
120.65,22.6,455.9923,SSP1-2.6,2081-2100,-17.341099999999983,52.4042,106.17009999999982,1.803600000000003,4.946399999999997,4.1661,25.067999999999998,51.501925,152.19014999999985,1.6397249999999999,3.206487499999999,3.5906249999999997,24.222,-0.6423221258760335,-1.4438803615508562
120.65,22.65,403.1326,SSP1-2.6,2081-2100,-13.509800000000041,54.5749,83.40729999999985,1.2625000000000028,3.8785999999999987,3.1393000000000004,26.615999999999996,51.56055,136.3746124999999,1.6642125,3.4279,3.6212124999999995,24.0495,-0.6423221258760335,-1.3806845811810693
120.65,22.7,389.3107,SSP1-2.6,2081-2100,-13.423600000000022,56.556799999999996,100.82130000000006,1.295099999999998,6.633900000000004,3.841100000000001,27.317999999999998,52.12415,121.65319999999997,1.5549,3.710725,3.4721,24.177,-0.6423221258760335,-1.317488800811278
120.65,22.75,360.4782,SSP1-2.6,2081-2100,-19.522800000000018,56.388799999999996,79.24170000000004,1.349499999999999,7.808900000000001,4.275,26.915999999999997,53.514725,107.62753750000013,1.5893874999999986,3.960275000000001,3.6491125,24.351750000000003,-0.6423221258760335,-1.2542930204414864
120.65,22.8,369.6386,SSP1-2.6,2081-2100,-13.66840000000002,56.56329999999999,42.407700000000204,1.5981999999999985,5.625,3.9804000000000013,26.274,52.5,78.93307500000009,1.554387499999999,5.66095,3.7042375000000005,23.659,-0.6423221258760335,-1.191097240071695
120.65,22.85,361.9481,SSP1-2.6,2081-2100,4.9121000000000095,57.041900000000005,50.461199999999735,1.8848999999999982,5.8393000000000015,3.5267999999999997,27.798000000000002,53.226375000000004,55.48267500000003,1.4328374999999984,6.492187500000001,3.8272375,23.978250000000003,-0.6423221258760335,-1.1279014597019037
120.65,22.9,342.0699,SSP1-2.6,2081-2100,-2.3805000000000405,57.4357,29.661299999999756,1.6770999999999994,7.689300000000003,4.2143,27.014000000000003,53.6531625,41.67543749999993,1.1274999999999995,7.54285,3.847337499999999,24.56125,-0.6423221258760335,-1.0647056793321166
120.65,22.95,353.0599,SSP1-2.6,2081-2100,-4.3355999999999995,56.94409999999999,11.76319999999987,0.6005000000000003,8.389299999999999,3.2661,27.516000000000002,54.1759375,37.46274999999986,0.9394874999999998,7.0546750000000005,3.8332625,24.66225,-0.6423221258760335,-1.0015098989623252
120.65,23.0,336.8459,SSP1-2.6,2081-2100,0.003700000000037562,55.293699999999994,93.15279999999984,0.9723999999999968,2.242899999999999,3.773200000000001,25.672,53.7326,8.641687499999875,0.6747625000000008,8.113824999999999,3.4600374999999994,24.393,-0.6423221258760335,-0.9383141185925338
120.65,23.05,374.8571,SSP1-2.6,2081-2100,7.52679999999998,54.787299999999995,5.656999999999698,0.5546000000000006,8.182099999999998,3.2570999999999994,24.590000000000003,54.2475,38.690362499999935,0.8237125000000001,6.852912499999999,3.1247625,24.81975,-0.6423221258760335,-0.8751183382227424
120.65,23.1,387.8653,SSP1-2.6,2081-2100,3.663600000000031,55.627100000000006,57.18870000000015,0.7640999999999991,7.366099999999996,3.0928999999999984,25.968000000000004,54.8360875,78.20187499999992,1.0768,6.593087499999999,3.2805625,25.372500000000002,-0.6423221258760335,-0.811922557852951
120.65,23.15,368.115,SSP1-2.6,2081-2100,13.001499999999965,57.8387,155.02610000000004,1.3826,4.5929,3.8232,28.158,55.34865,119.45429999999999,1.3317249999999996,5.9442125,3.3455375,25.925250000000002,-0.6423221258760335,-0.748726777483164
120.65,23.2,339.2139,SSP1-2.6,2081-2100,9.218399999999974,58.318400000000004,145.61720000000014,1.6997,4.0179000000000045,3.1875,28.212000000000003,55.488862499999996,116.84792499999992,1.4854500000000002,5.27545,3.3718875,26.497999999999998,-0.6423221258760335,-0.6855309971133726
120.65,23.25,301.5406,SSP1-2.6,2081-2100,2.9933000000000334,56.9219,58.4353000000001,1.3785000000000025,4.942900000000002,2.830400000000001,27.282,55.830675,95.29669999999993,1.5498124999999998,4.9754375,3.3180875,27.27925,-0.6423221258760335,-0.6223352167435812
120.65,23.3,315.2784,SSP1-2.6,2081-2100,3.923000000000002,53.244699999999995,94.24339999999984,1.809899999999999,4.074999999999996,2.7570999999999994,26.838,56.4917625,81.2123499999999,1.5618000000000007,4.418525,2.9437625,28.137,-0.6423221258760335,-0.5591394363737897
120.65,23.35,338.7004,SSP1-2.6,2081-2100,-1.2579999999999814,55.6984,122.19560000000001,1.8030000000000008,3.5338999999999956,2.351800000000001,29.248000000000005,55.80275,62.794462499999895,1.4684874999999997,3.9198749999999993,2.960699999999999,28.338749999999997,-0.6423221258760335,-0.4959436560039983
120.65,23.4,378.3673,SSP1-2.6,2081-2100,-16.817000000000007,55.8414,28.93190000000004,1.1306000000000012,2.9624999999999986,2.6838999999999977,27.898000000000003,55.207674999999995,59.01488749999987,1.3697125000000003,3.1928625000000004,2.925675,28.93725,-0.6423221258760335,-0.43274787563421135
120.65,23.45,414.5657,SSP1-2.6,2081-2100,-21.197000000000003,56.024699999999996,17.709199999999782,1.1710999999999991,3.060700000000004,2.9231999999999996,29.226,53.4028375,12.444162500000004,1.0478500000000004,2.1948625,3.1403999999999996,27.9655,-0.6423221258760335,-0.3695520952644199
120.65,23.5,438.6241,SSP1-2.6,2081-2100,-29.966099999999983,52.1791,-31.552799999999934,1.1149999999999984,1.0588999999999942,2.8696,25.614,54.392362500000004,22.694762499999968,0.9885625000000009,0.8372750000000009,3.4986750000000004,28.381749999999997,-0.6423221258760335,-0.3063563148946285
120.65,23.55,361.7503,SSP1-2.6,2081-2100,-18.007900000000006,57.13640000000001,32.73949999999968,1.1510999999999996,-0.4607000000000028,3.2375000000000007,29.561999999999998,54.36895,18.793675000000064,0.9599375000000006,0.09284999999999943,3.7897250000000002,27.43125,-0.6423221258760335,-0.24316053452483705
120.65,23.6,293.7536,SSP1-2.6,2081-2100,2.0027000000000044,56.3485,14.605000000000018,0.9592000000000027,-0.6713999999999984,4.033900000000001,28.256,56.0842875,59.806275,1.1367750000000005,-0.09576250000000108,4.3332625,28.0875,-0.6423221258760335,-0.17996475415504562
120.65,23.65,246.2337,SSP1-2.6,2081-2100,8.502800000000008,53.3833,73.27280000000019,1.245000000000001,-0.1535999999999973,5.4696,27.193999999999996,56.4779125,86.3254125,1.2943250000000002,0.054012500000000685,4.35,27.965,-0.6423221258760335,-0.11676897378525869
120.65,23.7,209.2149,SSP1-2.6,2081-2100,2.0609000000000037,56.044399999999996,119.79019999999991,1.6102999999999987,-1.0803999999999974,4.5321,27.407999999999998,56.653262500000004,123.65450000000007,1.4459500000000003,0.7759,4.285275,27.8125,-0.6423221258760335,-0.053573193415467256
120.65,23.75,199.5551,SSP1-2.6,2081-2100,-7.988700000000023,56.40690000000001,166.6812,1.6113999999999997,1.4054000000000002,3.928600000000001,27.240000000000002,56.7917875,134.839625,1.3892249999999993,0.5741000000000005,3.6278875,27.321749999999998,-0.6423221258760335,0.009622586954324176
120.65,23.8,200.0373,SSP1-2.6,2081-2100,-12.268,57.118,145.22209999999995,1.1952999999999996,0.5286000000000044,3.221400000000001,27.514,56.762625,130.60681250000002,1.248125,1.663387499999999,3.1209749999999996,27.022,-0.6423221258760335,0.0728183673241156
120.65,23.85,194.0294,SSP1-2.6,2081-2100,-10.081600000000009,57.32490000000001,96.7799,1.0181000000000004,2.5,2.7356999999999996,26.708,57.0920375,123.24262499999998,1.1237499999999998,0.9415125000000009,2.61295,27.207499999999996,-0.6423221258760335,0.13601414769390704
120.65,23.9,181.6138,SSP1-2.6,2081-2100,-0.3200999999999965,57.832600000000006,107.50109999999995,0.9703999999999979,0.26610000000000156,2.2036,27.473999999999997,57.768,110.851225,1.1192375000000006,0.6609250000000007,2.1520125000000005,27.955750000000002,-0.6423221258760335,0.19920992806369398
120.65,23.95,181.2748,SSP1-2.6,2081-2100,-2.6162999999999954,59.3665,99.17859999999996,1.0002999999999993,0.07679999999999865,1.8196000000000012,30.072,58.275475,108.82537499999995,1.1055250000000005,-1.4350499999999986,1.706925,28.7335,-0.6423221258760335,0.26240570843348543
120.65,24.0,179.1852,SSP1-2.6,2081-2100,-3.6970000000000027,58.1476,95.05399999999986,0.9819999999999993,-1.2143000000000015,1.8070999999999993,29.56,59.362775,101.76546249999998,1.0050500000000007,-1.2700874999999998,1.427,30.208,-0.6423221258760335,0.32560148880327683
120.65,24.05,190.7765,SSP1-2.6,2081-2100,-7.307700000000011,60.0922,97.59619999999995,0.6793000000000013,-0.0035999999999987153,1.5695999999999994,30.968,59.800025,92.15041249999999,0.9248375000000002,-0.6477625000000007,1.2890624999999996,31.41825,-0.6423221258760335,0.3887972691730683
120.65,24.1,194.7942,SSP1-2.6,2081-2100,-12.72829999999999,60.3094,78.23739999999998,0.7999000000000009,3.3857,0.8643000000000001,32.751999999999995,60.3846875,84.67083750000003,0.7752499999999993,0.6500124999999999,1.261825,32.4765,-0.6423221258760335,0.4519930495428597
120.65,24.15,204.3697,SSP1-2.6,2081-2100,-11.569099999999992,61.5602,70.59480000000008,0.5315999999999974,0.4661000000000044,1.148200000000001,34.048,60.2196,81.30770000000004,0.7763125000000004,-0.3113875000000004,1.0404,33.25025000000001,-0.6423221258760335,0.5151888299126467
120.65,24.2,200.7228,SSP1-2.6,2081-2100,-8.507800000000003,60.866,69.64680000000021,0.6010000000000026,-3.6554,0.9196,34.106,59.435025,85.37438750000001,0.6842000000000006,-1.399775,0.9017875000000001,33.28425,-0.6423221258760335,0.578384610282438
120.65,24.25,198.4469,SSP1-2.6,2081-2100,1.9509999999999934,58.56420000000001,90.94589999999994,0.5929000000000002,-3.876800000000003,0.6589,33.262,58.25823750000001,112.27261250000006,0.7741250000000015,-2.6143,0.6526749999999998,33.136,-0.6423221258760335,0.6415803906522295
120.65,24.3,177.468,SSP1-2.6,2081-2100,15.2423,57.07600000000001,160.8837000000001,0.7535000000000025,-3.0518,0.3982000000000001,33.518,56.1198625,130.9923125,0.9886750000000002,-2.0265750000000002,0.3696374999999995,31.88675,-0.6423221258760335,0.704776171022021
120.65,24.35,175.6112,SSP1-2.6,2081-2100,22.67519999999999,53.898300000000006,155.5362,1.431199999999997,-1.394599999999997,0.21609999999999907,30.21,54.4783875,139.944875,1.1256500000000003,-0.6009000000000002,0.26292499999999974,31.3615,-0.6423221258760335,0.7679719513918124
120.65,24.4,177.823,SSP1-2.6,2081-2100,12.343099999999993,52.9038,117.56079999999997,1.3034999999999997,-1.2000000000000028,0.34999999999999964,30.334,53.47443749999999,129.27802499999999,1.3292625000000005,1.4758999999999993,0.3131624999999999,30.442,-0.6423221258760335,0.8311677317615993
120.65,24.45,163.5848,SSP1-2.6,2081-2100,9.599899999999991,52.8616,97.89679999999998,1.0919000000000025,1.1160999999999959,0.4767999999999999,30.637999999999998,52.9472875,116.62032500000001,1.2789875,2.5169750000000004,0.30200000000000005,30.1565,-0.6423221258760335,0.8943635121313908
120.65,24.5,160.682,SSP1-2.6,2081-2100,6.429000000000002,52.7948,96.96810000000005,0.8140000000000001,2.9750000000000014,0.2643000000000004,30.156,52.720099999999995,104.10087499999997,1.2988750000000011,3.0645124999999984,0.26785000000000014,29.80825,-0.6423221258760335,0.9575592925011822
120.7,21.95,230.9297,SSP1-2.6,2081-2100,-24.078000000000003,59.60040000000001,-9.370200000000068,0.1664999999999992,14.674999999999997,2.7036,27.552000000000003,59.4901375,2.938037500000007,0.053062500000000234,14.069637499999999,2.9397375,27.448749999999997,-0.5366282857948123,-2.265425506358136
120.7,22.0,237.8747,SSP1-2.6,2081-2100,-25.239299999999986,59.2262,41.3583000000001,-0.13860000000000028,7.748199999999997,2.3286,27.176000000000002,59.263212499999995,16.62699999999998,0.1650125,13.3569125,2.7303750000000004,27.511499999999998,-0.5366282857948123,-2.2022297259883445
120.7,22.05,245.2909,SSP1-2.6,2081-2100,-22.74029999999999,60.943599999999996,45.946300000000065,-0.07509999999999906,11.487499999999997,1.75,26.601999999999997,58.7466,44.36767499999996,0.36192499999999983,11.262500000000003,2.4513625,27.29875,-0.5366282857948123,-2.139033945618553
120.7,22.1,238.3069,SSP1-2.6,2081-2100,-14.807400000000001,59.49249999999999,104.39559999999983,0.26310000000000144,7.294600000000003,1.6785999999999994,25.869999999999997,57.813325,54.99422500000006,0.7481250000000004,11.1941875,2.2814749999999995,27.09425,-0.5366282857948123,-2.0758381652487614
120.7,22.15,223.9088,SSP1-2.6,2081-2100,-13.112400000000008,58.15579999999999,83.60930000000008,0.6454000000000022,7.078600000000009,1.5838999999999999,27.332,56.7708375,77.33997500000001,1.0832125000000001,11.0441875,2.2406374999999996,26.8315,-0.5366282857948123,-2.0126423848789745
120.7,22.2,211.7954,SSP1-2.6,2081-2100,-7.873799999999989,60.139399999999995,57.2971,1.3691999999999993,12.960699999999996,2.1106999999999996,29.131999999999998,55.144962500000005,91.96318750000003,1.1842625000000004,11.617187500000004,2.3290374999999996,25.74275,-0.5366282857948123,-1.9494466045091832
120.7,22.25,217.0396,SSP1-2.6,2081-2100,-8.629800000000017,56.7829,75.90250000000015,1.4267000000000003,12.762500000000003,2.1678999999999995,27.912,54.14705,95.19288750000001,1.3560250000000003,13.860275000000001,2.7368375,25.279249999999998,-0.5366282857948123,-1.8862508241393918
120.7,22.3,259.9265,SSP1-2.6,2081-2100,-15.533799999999985,51.164300000000004,92.35630000000015,1.0935000000000024,15.432099999999998,2.6196,23.249999999999996,52.2578625,106.30361249999999,1.2303125000000006,12.867650000000001,2.7368500000000004,23.8275,-0.5366282857948123,-1.8230550437696005
120.7,22.35,330.0179,SSP1-2.6,2081-2100,-18.5188,43.06250000000001,113.7849000000001,1.021799999999999,11.691099999999999,2.9642999999999997,17.5,48.85923749999999,128.87776249999996,1.1416625000000011,10.3540125,3.0540125000000007,21.657249999999998,-0.5366282857948123,-1.759859263399809
120.7,22.4,431.5457,SSP1-2.6,2081-2100,-30.294399999999996,43.883399999999995,167.4702000000002,0.8177999999999983,6.957099999999997,3.6286000000000005,18.27,45.6572125,155.8651999999999,1.2563625000000003,7.663175000000001,3.3473125,19.63925,-0.5366282857948123,-1.696663483030022
120.7,22.45,438.457,SSP1-2.6,2081-2100,-26.164699999999982,45.679100000000005,206.8681999999999,1.3719999999999999,5.274999999999999,4.0143,19.65,43.520799999999994,189.03756249999998,1.4072375000000008,5.958475,3.6118125,18.368000000000002,-0.5366282857948123,-1.6334677026602307
120.7,22.5,444.0645,SSP1-2.6,2081-2100,-22.296600000000012,40.10359999999999,242.24440000000004,1.6067000000000036,5.4054,4.525,14.98,44.479275,211.84668749999997,1.5982999999999992,4.4419625,3.732575,19.46225,-0.5366282857948123,-1.570271922290439
120.7,22.55,488.9889,SSP1-2.6,2081-2100,-20.295500000000004,46.8845,265.8274000000001,1.8164999999999978,2.0518,4.575000000000001,20.256,42.989599999999996,206.0473249999999,1.7354000000000012,4.561824999999999,3.8147249999999997,18.8095,-0.5366282857948123,-1.5070761419206478
120.7,22.6,562.3419,SSP1-2.6,2081-2100,-4.311500000000024,45.616499999999995,238.25139999999965,1.9824000000000055,4.008899999999997,4.2856999999999985,18.906,44.0400875,189.09003749999982,1.735175,3.780574999999998,3.5026875000000004,20.014999999999997,-0.5366282857948123,-1.4438803615508562
120.7,22.65,544.4473,SSP1-2.6,2081-2100,3.4162000000000035,41.013000000000005,205.81979999999976,1.8626000000000005,1.883899999999997,2.8911,17.146,47.1586875,177.99431249999986,1.8314000000000004,4.545749999999999,3.3620624999999995,21.4925,-0.5366282857948123,-1.3806845811810693
120.7,22.7,490.1472,SSP1-2.6,2081-2100,2.0778000000000247,52.192299999999996,210.8357000000001,2.3149999999999977,2.292900000000003,2.862499999999999,22.639999999999997,49.3844875,164.80548749999997,1.747612499999999,4.596424999999999,3.2721125000000004,22.3155,-0.5366282857948123,-1.317488800811278
120.7,22.75,464.0424,SSP1-2.6,2081-2100,-8.31529999999998,52.9908,144.02710000000025,1.9662000000000006,5.317900000000002,3.4518000000000004,22.838,50.8207125,148.1767625000001,1.6777749999999978,4.547325,3.4111625000000005,22.56975,-0.5366282857948123,-1.2542930204414864
120.7,22.8,459.2751,SSP1-2.6,2081-2100,-3.7526000000000295,50.395,89.49000000000024,1.4724999999999966,5.039299999999997,3.648200000000001,20.45,49.0582625,100.32428750000003,1.4014374999999988,5.108275,3.5881750000000006,21.51275,-0.5366282857948123,-1.191097240071695
120.7,22.85,452.4225,SSP1-2.6,2081-2100,-1.0910000000000082,43.6159,-4.048099999999977,1.040700000000001,7.591099999999997,3.3820999999999994,17.168,49.716499999999996,59.46629999999999,1.0338624999999988,5.7892875,3.8890750000000005,22.492250000000002,-0.5366282857948123,-1.1279014597019037
120.7,22.9,392.5271,SSP1-2.6,2081-2100,-3.716000000000008,55.4476,42.83840000000009,0.6854999999999976,7.721400000000003,4.0,27.688000000000002,50.275225,2.915187499999945,0.5381874999999998,6.9236625,4.1214375,22.89425,-0.5366282857948123,-1.0647056793321166
120.7,22.95,420.996,SSP1-2.6,2081-2100,-14.242500000000007,53.483599999999996,-13.715799999999945,-0.299199999999999,6.769599999999997,5.303599999999999,24.950000000000003,52.048675,-25.21605000000011,0.3664749999999999,6.928800000000001,3.8000000000000003,24.36425,-0.5366282857948123,-1.0015098989623252
120.7,23.0,394.6266,SSP1-2.6,2081-2100,-10.876800000000003,49.214499999999994,-93.8765000000003,-0.08039999999999736,7.5518,2.5070999999999994,22.407999999999998,51.75465,-42.79463750000008,0.20438750000000017,6.7225375,3.7223249999999997,24.135,-0.5366282857948123,-0.9383141185925338
120.7,23.05,410.8476,SSP1-2.6,2081-2100,-0.43830000000002656,51.343500000000006,-78.29910000000018,0.2345000000000006,7.932099999999998,3.1267999999999994,24.822,51.7729625,-26.74420000000009,0.44831249999999967,6.66095,3.1861625,23.917,-0.5366282857948123,-0.8751183382227424
120.7,23.1,402.7462,SSP1-2.6,2081-2100,4.391300000000001,56.6893,49.08010000000013,0.8721999999999994,7.399999999999999,3.0267999999999997,26.75,52.692125000000004,21.897587499999986,0.8038374999999998,6.8618375,3.2392874999999997,24.9705,-0.5366282857948123,-0.811922557852951
120.7,23.15,376.2442,SSP1-2.6,2081-2100,8.238800000000026,49.9799,142.82569999999987,1.6739999999999995,5.3429,3.164299999999999,23.766000000000002,54.50985,88.01098750000011,1.2154624999999992,6.190200000000001,3.1899625,26.037000000000003,-0.5366282857948123,-0.748726777483164
120.7,23.2,364.7975,SSP1-2.6,2081-2100,10.794699999999978,53.136399999999995,185.4126000000001,1.8795000000000002,5.5304,3.5124999999999993,25.881999999999998,53.70343750000001,105.34142500000007,1.5297749999999999,5.364300000000002,3.054475,25.636249999999997,-0.5366282857948123,-0.6855309971133726
120.7,23.25,319.5886,SSP1-2.6,2081-2100,13.327600000000018,56.0205,99.81219999999985,1.878300000000003,4.569600000000001,3.2179,27.79,53.5569875,93.95281250000005,1.5643249999999993,5.255375000000001,2.9326,25.6235,-0.5366282857948123,-0.6223352167435812
120.7,23.3,324.5851,SSP1-2.6,2081-2100,3.403500000000008,57.963100000000004,41.22460000000001,1.4099000000000004,5.376800000000003,3.591099999999999,29.116000000000003,54.30647499999999,86.91359999999992,1.6092,4.790399999999999,2.6529125000000002,26.465999999999998,-0.5366282857948123,-0.5591394363737897
120.7,23.35,357.7791,SSP1-2.6,2081-2100,-5.461500000000001,58.4678,110.45289999999977,1.6326999999999998,4.8429,2.648199999999999,28.298,54.93555,74.00102499999991,1.4253750000000003,4.101774999999998,2.8399624999999995,27.48775,-0.5366282857948123,-0.4959436560039983
120.7,23.4,387.3973,SSP1-2.6,2081-2100,-23.919899999999984,55.41930000000001,53.11979999999994,1.1492000000000004,4.6606999999999985,3.148199999999999,27.727999999999998,54.693012499999995,72.10564999999986,1.3682000000000007,3.352225,2.7234499999999997,27.77225,-0.5366282857948123,-0.43274787563421135
120.7,23.45,410.6323,SSP1-2.6,2081-2100,-29.911999999999978,52.2496,37.83860000000004,1.2150000000000034,3.6214000000000013,2.7804,27.151999999999997,53.5594,32.62899999999996,1.1382250000000003,2.151562499999999,2.8383874999999996,27.022,-0.5366282857948123,-0.3695520952644199
120.7,23.5,447.641,SSP1-2.6,2081-2100,-32.75730000000004,50.2699,-17.68309999999974,1.109300000000001,1.5518,2.5036000000000005,25.872,54.6131,29.54973749999988,1.0806875000000002,0.6910749999999988,2.9915249999999998,27.74575,-0.5366282857948123,-0.3063563148946285
120.7,23.55,377.4282,SSP1-2.6,2081-2100,-10.845199999999977,56.5297,60.835000000000036,1.2032000000000025,-1.2625000000000028,3.555399999999999,27.772,54.8710375,19.02548749999994,0.9006500000000002,-0.41807500000000175,3.3319124999999996,27.383249999999997,-0.5366282857948123,-0.24316053452483705
120.7,23.6,340.1265,SSP1-2.6,2081-2100,-6.979700000000037,56.6288,54.94830000000002,0.8935999999999993,-0.8536000000000001,3.7856999999999985,27.429999999999996,56.5216875,58.314012499999876,1.0438750000000008,-0.636825,4.11965,28.261,-0.5366282857948123,-0.17996475415504562
120.7,23.65,260.59,SSP1-2.6,2081-2100,12.650100000000009,59.2971,113.68719999999985,1.4666999999999994,0.4125000000000014,4.680400000000001,30.123999999999995,56.569987499999996,83.70126249999998,1.2002125000000001,-0.8473249999999988,4.31115,27.7425,-0.5366282857948123,-0.11676897378525869
120.7,23.7,217.806,SSP1-2.6,2081-2100,15.277899999999988,59.7934,105.0317,1.4529999999999994,-1.1088999999999984,4.153600000000001,30.148,56.4177375,121.08610000000002,1.4679999999999995,0.10580000000000034,4.45,27.442749999999997,-0.5366282857948123,-0.053573193415467256
120.7,23.75,202.2517,SSP1-2.6,2081-2100,1.730700000000013,57.47560000000001,102.75820000000022,1.3783999999999992,1.9017999999999944,3.9107000000000003,28.14,56.788062499999995,141.00772499999997,1.538112499999999,-0.3580375,4.026562500000001,27.13225,-0.5366282857948123,0.009622586954324176
120.7,23.8,190.7907,SSP1-2.6,2081-2100,-4.6614999999999895,55.9531,138.61319999999978,1.4655999999999985,0.8070999999999984,3.2714,26.501999999999995,56.3310625,133.49935,1.371525,0.5341499999999995,3.70045,26.647000000000002,-0.5366282857948123,0.0728183673241156
120.7,23.85,192.2506,SSP1-2.6,2081-2100,-4.523200000000003,57.0413,121.92229999999995,1.214100000000002,1.8963999999999999,3.142899999999999,27.218,56.8606125,119.02334999999997,1.2749999999999995,0.016075000000000728,3.0067000000000004,26.868499999999997,-0.5366282857948123,0.13601414769390704
120.7,23.9,185.3979,SSP1-2.6,2081-2100,-6.510499999999979,58.185900000000004,104.06740000000013,1.2028999999999996,0.5661000000000058,2.1804000000000006,27.258,57.797775,100.59209999999996,1.1673125000000004,-0.9930874999999997,2.4368375,27.83525,-0.5366282857948123,0.19920992806369398
120.7,23.95,181.8069,SSP1-2.6,2081-2100,-6.299200000000013,59.2185,113.68129999999996,1.220600000000001,-4.901799999999994,1.387500000000001,28.067999999999998,58.942125000000004,96.43982499999996,1.1878625,-2.2357125,2.0475499999999998,29.079499999999996,-0.5366282857948123,0.26240570843348543
120.7,24.0,180.7551,SSP1-2.6,2081-2100,-2.3362999999999943,60.7004,124.49539999999979,1.3956000000000017,-5.305399999999999,1.4356999999999989,31.15,59.562,92.66428749999997,1.1513125,-2.31585,1.8223124999999998,29.969,-0.5366282857948123,0.32560148880327683
120.7,24.05,191.374,SSP1-2.6,2081-2100,-2.2258999999999958,60.1309,90.8755000000001,1.1516999999999982,0.4054000000000002,1.664299999999999,30.316,60.1640625,89.08174999999994,1.1290125000000004,-1.5705375000000004,1.6010999999999997,31.111,-0.5366282857948123,0.3887972691730683
120.7,24.1,200.5656,SSP1-2.6,2081-2100,-6.321100000000001,61.01970000000001,91.18190000000004,1.0351,-0.3714000000000013,1.3963999999999999,31.64,60.1795625,72.23044999999999,0.9442999999999997,0.45805000000000007,1.3240999999999998,31.9195,-0.5366282857948123,0.4519930495428597
120.7,24.15,211.7542,SSP1-2.6,2081-2100,-12.300299999999993,60.4569,60.53610000000003,0.6689000000000007,2.117899999999999,0.8195999999999994,32.56,60.1676375,72.53831250000002,0.8353375000000005,-0.7100375000000003,1.0765500000000001,32.97025,-0.5366282857948123,0.5151888299126467
120.7,24.2,215.4407,SSP1-2.6,2081-2100,-8.995299999999986,59.6314,67.17330000000015,0.5477000000000025,-4.9893,0.9107000000000003,33.356,59.2856125,83.30813749999999,0.7045375000000003,-1.5658375000000007,0.8852499999999999,33.206500000000005,-0.5366282857948123,0.578384610282438
120.7,24.25,214.8046,SSP1-2.6,2081-2100,0.04660000000001219,58.20250000000001,105.24430000000007,0.6424000000000021,-4.112500000000004,0.976799999999999,32.382000000000005,58.030875,113.59490000000002,0.7506375000000007,-2.9377250000000004,0.7033249999999999,33.210750000000004,-0.5366282857948123,0.6415803906522295
120.7,24.3,200.8877,SSP1-2.6,2081-2100,4.699399999999997,55.9647,169.11810000000014,0.8755999999999986,-2.553599999999996,0.6445999999999987,32.056000000000004,56.38782500000001,139.00948749999998,1.0072500000000004,-2.4933000000000005,0.5269999999999997,32.0025,-0.5366282857948123,0.704776171022021
120.7,24.35,177.1856,SSP1-2.6,2081-2100,17.775499999999994,54.289500000000004,172.6293999999998,1.3613,-3.2535999999999987,-0.05180000000000007,30.046,55.09455,147.13218750000001,1.279725,0.07522499999999965,0.5055749999999998,31.39875,-0.5366282857948123,0.7679719513918124
120.7,24.4,173.267,SSP1-2.6,2081-2100,17.385700000000014,53.1153,146.47509999999988,1.7273999999999994,3.4536000000000016,0.39639999999999986,30.002000000000002,53.92455,132.0631625,1.4076500000000003,1.5906249999999993,0.40869999999999995,30.426000000000002,-0.5366282857948123,0.8311677317615993
120.7,24.45,170.5324,SSP1-2.6,2081-2100,17.25540000000001,52.4755,103.11370000000011,1.4459000000000017,4.7286,0.44819999999999993,29.542,53.1736625,115.22113749999997,1.3521375000000009,3.032587499999999,0.3683000000000002,30.273249999999997,-0.5366282857948123,0.8943635121313908
120.7,24.5,157.9655,SSP1-2.6,2081-2100,15.934799999999996,52.310700000000004,94.9514999999999,1.3758000000000017,4.337499999999999,0.0893000000000006,30.256,52.515699999999995,107.358375,1.2819500000000008,3.225674999999999,0.28080000000000016,29.6075,-0.5366282857948123,0.9575592925011822
120.7,24.55,154.1484,SSP1-2.6,2081-2100,10.667999999999978,52.742399999999996,95.0659999999998,1.281200000000002,3.071399999999997,-0.0018000000000002458,29.388,52.674625,103.61197499999997,1.1466250000000011,3.282825,0.2854875000000002,29.59875,-0.5366282857948123,1.0207550728709736
120.7,24.6,152.1908,SSP1-2.6,2081-2100,6.641800000000018,54.340199999999996,103.05099999999993,1.1585,5.001800000000003,0.43930000000000025,30.006,52.322537499999996,103.29398749999996,1.0641750000000005,2.357362499999998,0.09798750000000012,29.2035,-0.5366282857948123,1.0839508532407651
120.75,21.9,240.7403,SSP1-2.6,2081-2100,-24.109899999999982,58.574000000000005,-30.716000000000122,0.1734000000000009,15.412500000000001,2.919599999999999,27.31,59.7753875,-25.304774999999978,0.11703749999999946,14.975449999999999,3.3158625,27.64025,-0.4309344457135909,-2.3286212867279272
120.75,21.95,248.0101,SSP1-2.6,2081-2100,-30.744499999999988,59.4473,-15.119899999999916,-0.08319999999999794,15.2196,3.2036000000000016,27.91,59.468825,-14.704537500000015,0.13652499999999934,14.608262499999999,3.1185375,27.555,-0.4309344457135909,-2.265425506358136
120.75,22.0,264.8936,SSP1-2.6,2081-2100,-35.768100000000004,59.3611,26.80600000000004,0.12289999999999779,13.480400000000003,3.5161,26.784,59.308175,-0.5387249999999995,0.10101249999999995,14.005575,2.8611750000000002,27.844499999999996,-0.4309344457135909,-2.2022297259883445
120.75,22.05,259.2501,SSP1-2.6,2081-2100,-25.63859999999997,59.2134,41.04809999999998,0.17190000000000083,13.482100000000003,2.3054000000000006,26.560000000000002,58.55618749999999,28.58125000000001,0.42259999999999964,12.2578125,2.73885,27.6785,-0.4309344457135909,-2.139033945618553
120.75,22.1,243.7158,SSP1-2.6,2081-2100,-16.548100000000005,58.0444,89.44819999999982,1.1508000000000003,12.6357,2.3911,27.408,56.81301249999999,47.32996250000005,0.7582250000000004,11.03415,2.3957625,27.006999999999998,-0.4309344457135909,-2.0758381652487614
120.75,22.15,227.9635,SSP1-2.6,2081-2100,-1.6376000000000204,51.4495,99.8610000000001,1.5577000000000005,9.960700000000003,2.221399999999999,23.770000000000003,56.00725,69.40835000000004,1.1478375,11.163387499999999,2.4919749999999996,26.883,-0.4309344457135909,-2.0126423848789745
120.75,22.2,222.212,SSP1-2.6,2081-2100,-0.820399999999978,54.278400000000005,101.12130000000002,1.2875999999999976,10.1875,2.642899999999999,26.518,53.1226625,84.15815000000009,1.4315250000000002,12.261612500000002,2.6651875,25.1885,-0.4309344457135909,-1.9494466045091832
120.75,22.25,227.0294,SSP1-2.6,2081-2100,-0.4496000000000038,48.8149,114.38560000000007,1.5061999999999998,17.400000000000006,3.2804,22.336,51.80175,95.73506250000011,1.4178124999999997,13.191075000000001,2.867425,24.186999999999998,-0.4309344457135909,-1.8862508241393918
120.75,22.3,268.0443,SSP1-2.6,2081-2100,-9.091300000000047,48.469699999999996,119.32150000000001,1.3155000000000001,13.264300000000006,2.8786000000000005,22.156,47.427175,112.15652500000013,1.3691,12.967650000000003,3.1567125000000003,20.94175,-0.4309344457135909,-1.8230550437696005
120.75,22.35,330.0234,SSP1-2.6,2081-2100,-12.35329999999999,39.456999999999994,131.7224000000001,1.1247000000000007,9.641100000000002,3.3429,14.514000000000001,44.254099999999994,135.1005625000001,1.2283875000000002,10.45625,3.291075,18.548499999999997,-0.4309344457135909,-1.759859263399809
120.75,22.4,426.5289,SSP1-2.6,2081-2100,-25.441900000000032,34.8347,148.68439999999964,1.2291000000000025,6.435699999999997,3.6339000000000006,10.924,41.687887499999995,172.78053750000004,1.3125374999999995,7.901562499999999,3.5870625,16.70375,-0.4309344457135909,-1.696663483030022
120.75,22.45,402.7515,SSP1-2.6,2081-2100,-20.46180000000004,37.8562,216.99559999999974,1.7385999999999981,5.882100000000001,3.7696000000000005,13.822000000000001,38.612325,204.51440000000002,1.4500250000000006,6.3740999999999985,3.8964250000000002,14.796999999999999,-0.4309344457135909,-1.6334677026602307
120.75,22.5,383.3252,SSP1-2.6,2081-2100,-9.689700000000016,34.1392,238.2530999999999,1.863500000000002,4.596399999999996,4.074999999999999,12.586,39.07555,229.58971250000002,1.6031750000000002,5.796424999999999,4.0546750000000005,15.60675,-0.4309344457135909,-1.570271922290439
120.75,22.55,401.9101,SSP1-2.6,2081-2100,-7.069299999999998,33.867200000000004,235.73820000000023,1.6321000000000012,2.987499999999997,4.023200000000001,14.29,38.909324999999995,231.25392499999998,1.7102625000000011,5.930799999999999,3.9723124999999997,15.725999999999999,-0.4309344457135909,-1.5070761419206478
120.75,22.6,437.8793,SSP1-2.6,2081-2100,18.860299999999995,32.3571,223.72239999999965,1.825099999999999,5.375,3.085699999999999,14.344,39.8273125,221.9517874999999,1.7195750000000012,5.188162499999998,3.74175,16.756749999999997,-0.4309344457135909,-1.4438803615508562
120.75,22.65,487.3667,SSP1-2.6,2081-2100,21.43090000000001,36.963699999999996,220.27339999999958,1.9022000000000006,5.4820999999999955,2.8804,16.112000000000002,41.400387499999994,210.7915749999999,1.9008250000000002,5.010049999999999,3.3446499999999997,17.63925,-0.4309344457135909,-1.3806845811810693
120.75,22.7,485.5615,SSP1-2.6,2081-2100,24.286999999999978,46.60399999999999,240.4729000000002,2.2652999999999963,3.748199999999997,2.6357,20.936,43.661925,189.56589999999989,1.8431749999999991,4.414074999999999,3.249575,18.53725,-0.4309344457135909,-1.317488800811278
120.75,22.75,433.8144,SSP1-2.6,2081-2100,23.976400000000012,49.9839,244.3804,2.0774999999999935,2.0178999999999974,3.0625,20.642,45.235125,157.10000000000008,1.5988374999999992,4.435724999999999,3.27545,19.2395,-0.4309344457135909,-1.2542930204414864
120.75,22.8,441.5667,SSP1-2.6,2081-2100,12.762299999999982,37.881600000000006,177.76440000000002,1.0491000000000028,3.2124999999999986,2.9839,15.381999999999998,44.0136,108.51136250000008,1.1493249999999984,4.0571625,3.5357125000000003,18.027499999999996,-0.4309344457135909,-1.191097240071695
120.75,22.85,461.3478,SSP1-2.6,2081-2100,-2.4992000000000303,37.9999,68.35989999999993,0.2453999999999965,3.4536000000000016,4.042900000000001,15.084,42.894225,65.7400750000001,0.605925,4.8854875,3.7162875,18.19325,-0.4309344457135909,-1.1279014597019037
120.75,22.9,460.7495,SSP1-2.6,2081-2100,-12.574999999999989,44.967,-25.252500000000055,-0.3417999999999992,7.733899999999998,4.716100000000001,20.248,43.37195,11.499637500000063,0.09923750000000009,5.315175,4.0895,18.646,-0.4309344457135909,-1.0647056793321166
120.75,22.95,447.1037,SSP1-2.6,2081-2100,-18.999500000000012,50.7137,-93.90769999999975,-0.5020999999999987,7.923200000000001,4.5196000000000005,23.376,44.78805,-43.57377500000007,-0.11994999999999933,6.4799,3.8419625,19.79275,-0.4309344457135909,-1.0015098989623252
120.75,23.0,452.9206,SSP1-2.6,2081-2100,-14.98169999999999,46.37310000000001,-166.10740000000033,-0.07939999999999969,6.178600000000003,3.403600000000001,20.992,45.608675,-81.404,-0.12811249999999896,6.8372625,3.4968624999999998,20.4125,-0.4309344457135909,-0.9383141185925338
120.75,23.05,440.0337,SSP1-2.6,2081-2100,-13.788400000000024,45.0982,-100.90009999999984,0.15380000000000038,6.162500000000001,3.1285999999999987,21.162,46.640262500000006,-91.0146875000001,0.2299249999999997,6.9502250000000005,2.8006625,20.746499999999997,-0.4309344457135909,-0.8751183382227424
120.75,23.1,430.4859,SSP1-2.6,2081-2100,-13.365600000000029,51.100500000000004,-58.14820000000009,0.429199999999998,8.203600000000002,3.3000000000000007,23.793999999999997,48.955275,-41.24615,0.6683874999999992,6.680137500000001,2.697774999999999,22.692999999999998,-0.4309344457135909,-0.811922557852951
120.75,23.15,392.1154,SSP1-2.6,2081-2100,0.3516999999999939,55.7618,51.83060000000023,1.2378999999999998,7.112500000000004,3.0214,27.504,49.8397625,26.226474999999994,1.0666124999999984,6.561400000000001,2.733275,22.861,-0.4309344457135909,-0.748726777483164
120.75,23.2,370.2086,SSP1-2.6,2081-2100,5.814099999999996,47.6066,118.08080000000018,1.4584999999999972,5.298200000000001,2.5554000000000006,22.028,51.8524125,67.19988749999999,1.4027249999999993,6.135725000000001,2.8946499999999995,24.26825,-0.4309344457135909,-0.6855309971133726
120.75,23.25,348.2569,SSP1-2.6,2081-2100,4.693200000000047,47.1797,71.10350000000017,1.528699999999997,7.037500000000001,2.6357,20.35,52.7614125,72.63023750000002,1.4475999999999996,5.4767875,2.9004624999999997,24.796750000000003,-0.4309344457135909,-0.6223352167435812
120.75,23.3,342.7216,SSP1-2.6,2081-2100,-2.886000000000024,54.0851,37.50509999999986,1.349899999999998,5.764299999999999,2.3911,25.28,53.3313375,67.74367499999994,1.4443374999999996,4.666737499999999,2.80715,25.50825,-0.4309344457135909,-0.5591394363737897
120.75,23.35,367.3666,SSP1-2.6,2081-2100,-10.178200000000004,52.8337,101.56079999999974,1.4925999999999995,3.5570999999999984,2.3911000000000016,26.641999999999996,54.5594,61.03199999999998,1.2921,4.027899999999999,2.8332749999999995,26.586000000000002,-0.4309344457135909,-0.4959436560039983
120.75,23.4,402.595,SSP1-2.6,2081-2100,-25.66270000000003,54.39869999999999,113.22699999999986,1.257900000000003,2.883899999999997,3.4053999999999984,27.152,53.921812499999994,66.12614999999994,1.2582375,2.9781249999999995,2.5683249999999997,26.939749999999997,-0.4309344457135909,-0.43274787563421135
120.75,23.45,407.0928,SSP1-2.6,2081-2100,-30.0009,52.029799999999994,44.92919999999958,1.2426999999999992,2.355400000000003,2.6036,26.561999999999998,52.8545625,61.00620000000009,1.0888750000000007,2.031699999999999,2.7761249999999995,26.267249999999997,-0.4309344457135909,-0.3695520952644199
120.75,23.5,408.9241,SSP1-2.6,2081-2100,-27.318100000000015,52.3123,52.35080000000016,0.9299999999999997,-1.3214000000000041,2.5695999999999994,26.123999999999995,52.957812499999996,48.109737499999994,1.0058375000000006,1.4502375,2.8922125,26.44625,-0.4309344457135909,-0.3063563148946285
120.75,23.55,389.5544,SSP1-2.6,2081-2100,-15.226699999999994,58.443200000000004,21.548399999999674,0.6174,-1.5232000000000028,3.392899999999999,29.954,52.723575,55.109399999999994,0.9011000000000005,0.4857249999999995,3.3078124999999994,25.81,-0.4309344457135909,-0.24316053452483705
120.75,23.6,347.3933,SSP1-2.6,2081-2100,-11.164800000000014,55.6501,25.247799999999643,0.42960000000000065,-1.125,4.262499999999999,26.254000000000005,55.1520125,81.89858749999996,1.0347875000000002,0.15848750000000056,3.8015749999999997,27.353,-0.4309344457135909,-0.17996475415504562
120.75,23.65,258.0759,SSP1-2.6,2081-2100,9.164100000000019,55.3852,124.57639999999992,1.2788000000000004,-0.3106999999999971,4.324999999999999,26.971999999999998,56.497474999999994,91.38284999999996,1.1345374999999995,-0.32588749999999944,4.0607125,27.880499999999998,-0.4309344457135909,-0.11676897378525869
120.75,23.7,222.1197,SSP1-2.6,2081-2100,13.409600000000012,59.3262,152.13790000000017,1.7321999999999989,-1.4750000000000014,3.9268,28.278,56.945724999999996,107.02408750000001,1.3023749999999992,0.23951250000000002,4.1852625,27.92525,-0.4309344457135909,-0.053573193415467256
120.75,23.75,210.2625,SSP1-2.6,2081-2100,4.979000000000013,54.0232,115.78489999999988,1.421199999999999,0.14639999999999986,4.8268,24.186000000000003,57.17215,121.83745000000002,1.4523499999999991,0.010937499999998046,3.927225,27.652749999999997,-0.4309344457135909,0.009622586954324176
120.75,23.8,191.8796,SSP1-2.6,2081-2100,0.5568999999999846,55.63929999999999,184.80060000000003,1.8158999999999992,-2.0875000000000057,4.351799999999999,25.782000000000004,56.3914125,112.89211249999997,1.3328124999999997,0.6220749999999988,3.7569125,26.6525,-0.4309344457135909,0.0728183673241156
120.75,23.85,195.4845,SSP1-2.6,2081-2100,-6.849799999999988,55.619299999999996,134.04559999999992,1.3178000000000019,-2.0178999999999974,3.4857000000000014,26.388,56.900437499999995,95.30242499999997,1.2932875,0.49843749999999876,3.3051375,26.66375,-0.4309344457135909,0.13601414769390704
120.75,23.9,188.8619,SSP1-2.6,2081-2100,1.5220000000000198,57.2118,41.15689999999995,1.2139999999999986,-0.4339000000000013,2.6036,27.322,58.049125000000004,76.66001249999997,1.1479625000000007,-1.1180874999999997,2.7212125,27.552,-0.4309344457135909,0.19920992806369398
120.75,23.95,183.7087,SSP1-2.6,2081-2100,-0.09209999999998786,58.767300000000006,90.47109999999998,1.3832000000000022,-5.3304000000000045,2.1160999999999994,29.431999999999995,59.591875,68.10864999999995,1.1591500000000003,-2.031462499999999,2.2535749999999997,28.8185,-0.4309344457135909,0.26240570843348543
120.75,24.0,188.7842,SSP1-2.6,2081-2100,-1.1536000000000115,61.32490000000001,109.59410000000003,1.3545000000000016,-6.5107,2.2142999999999997,30.368000000000002,59.8414375,69.93893749999995,1.2450999999999999,-1.8412999999999995,2.0124999999999997,30.01725,-0.4309344457135909,0.32560148880327683
120.75,24.05,206.2086,SSP1-2.6,2081-2100,-1.6366999999999905,59.4481,44.86349999999993,1.4388999999999967,-1.0482000000000014,2.0,30.968000000000004,60.502375,87.26225,1.2797250000000004,-1.5093749999999995,1.8647249999999995,30.89,-0.4309344457135909,0.3887972691730683
120.75,24.1,208.7482,SSP1-2.6,2081-2100,4.8104999999999905,60.270199999999996,71.63149999999996,1.3468000000000018,-1.4964000000000013,1.5213999999999999,31.482,59.8439375,77.00241250000002,1.1569124999999998,-0.0540124999999998,1.6796874999999998,31.27925,-0.4309344457135909,0.4519930495428597
120.75,24.15,208.3345,SSP1-2.6,2081-2100,1.7402000000000157,59.168600000000005,63.50859999999989,0.9373000000000005,-0.16250000000000142,1.0053999999999998,32.262,59.599199999999996,82.79945000000001,0.9953375000000007,-0.5727625000000005,1.436375,31.955000000000005,-0.4309344457135909,0.5151888299126467
120.75,24.2,219.7389,SSP1-2.6,2081-2100,-0.3196000000000083,58.5156,68.33219999999983,0.8832999999999984,1.1428999999999974,0.8464000000000009,34.116,58.5485125,92.69768750000003,0.8360500000000011,-1.7120500000000005,1.2468749999999995,32.12075,-0.4309344457135909,0.578384610282438
120.75,24.25,239.7277,SSP1-2.6,2081-2100,-3.398699999999991,56.9509,137.65639999999985,0.7789000000000001,-4.446399999999997,0.7070999999999987,32.916000000000004,57.3451625,109.35163750000004,0.8604500000000002,-1.3968750000000014,1.0716499999999998,32.401250000000005,-0.4309344457135909,0.6415803906522295
120.75,24.3,219.9145,SSP1-2.6,2081-2100,0.81219999999999,56.678200000000004,145.00279999999998,0.9722000000000008,-2.071400000000004,0.5411000000000001,32.355999999999995,56.123362500000006,141.07607500000003,1.1144625000000001,-1.7495624999999997,0.8671749999999994,31.8915,-0.4309344457135909,0.704776171022021
120.75,24.35,201.6784,SSP1-2.6,2081-2100,12.144599999999997,55.443000000000005,144.17720000000008,1.5256000000000007,2.2607,0.7696000000000005,31.33,55.3288625,147.15654999999998,1.3486250000000002,0.3535624999999998,0.6439749999999995,31.475749999999998,-0.4309344457135909,0.7679719513918124
120.75,24.4,212.2149,SSP1-2.6,2081-2100,14.073399999999992,55.6771,138.30359999999996,1.6488000000000014,5.158899999999996,0.7286000000000001,31.384,54.1062,137.947225,1.5045000000000006,2.0832500000000005,0.5577999999999999,30.44675,-0.4309344457135909,0.8311677317615993
120.75,24.45,202.2433,SSP1-2.6,2081-2100,7.716499999999996,53.8476,127.28760000000011,1.4529999999999994,5.308900000000001,0.3321000000000005,29.924,52.991262500000005,123.63908749999996,1.535075000000001,3.3328124999999993,0.500225,30.05875,-0.4309344457135909,0.8943635121313908
120.75,24.5,168.5485,SSP1-2.6,2081-2100,9.596699999999998,51.87839999999999,102.3255999999999,1.402700000000003,3.1107000000000014,0.3089000000000004,29.491999999999997,52.31445,113.94872499999997,1.344975000000001,3.3098249999999982,0.3270000000000002,29.4435,-0.4309344457135909,0.9575592925011822
120.75,24.55,153.7346,SSP1-2.6,2081-2100,7.287599999999998,52.74079999999999,94.60500000000002,1.036999999999999,4.042899999999996,0.13930000000000042,28.892,52.411925,108.30362499999993,1.2238250000000013,2.8732124999999993,0.13012500000000005,29.3945,-0.4309344457135909,1.0207550728709736
120.75,24.6,158.1567,SSP1-2.6,2081-2100,3.3174999999999955,53.765600000000006,107.1268,0.9359999999999999,1.7107000000000028,0.20000000000000018,29.284,52.2512875,100.49752499999997,1.044,2.6899499999999987,0.08415000000000006,29.18175,-0.4309344457135909,1.0839508532407651
120.75,24.65,147.2359,SSP1-2.6,2081-2100,1.8577000000000226,52.0526,99.39830000000006,0.9836999999999989,1.2875000000000014,0.5804,28.628,52.0601,98.28303749999998,0.9966124999999995,3.4504374999999996,0.027900000000000147,29.06375,-0.4309344457135909,1.147146633610552
120.8,21.95,265.6306,SSP1-2.6,2081-2100,-36.31400000000002,59.9871,-47.48250000000007,0.012599999999999056,18.216099999999997,3.9124999999999996,28.142000000000003,59.74135,-40.84188750000001,0.2180749999999998,15.5448625,3.3933125000000004,27.880000000000003,-0.32524060563236956,-2.265425506358136
120.8,22.0,268.3165,SSP1-2.6,2081-2100,-35.829200000000014,59.168400000000005,-38.33600000000001,0.2406000000000006,17.5107,3.5821000000000005,29.105999999999998,59.2032125,-42.54123750000005,0.30453749999999946,14.5993375,3.3772625000000005,28.37775,-0.32524060563236956,-2.2022297259883445
120.8,22.05,256.5459,SSP1-2.6,2081-2100,-24.641400000000004,56.879,-22.353900000000067,0.5133999999999972,13.705400000000004,3.1036,29.708,58.338300000000004,-29.491025000000064,0.710925,13.769637499999998,3.263625,28.62225,-0.32524060563236956,-2.139033945618553
120.8,22.1,269.4312,SSP1-2.6,2081-2100,-17.497199999999992,55.3343,-18.61449999999968,1.3036999999999992,14.199999999999996,3.560699999999999,28.773999999999997,55.9381875,-1.2922625000000778,1.114875,12.219425000000001,2.9328250000000002,27.866999999999997,-0.32524060563236956,-2.0758381652487614
120.8,22.15,254.6277,SSP1-2.6,2081-2100,2.114500000000021,53.035999999999994,44.7478000000001,1.6857000000000006,11.064299999999996,2.9625000000000004,27.439999999999998,53.670300000000005,29.248649999999998,1.4231999999999996,12.250887500000001,3.1361624999999997,26.51625,-0.32524060563236956,-2.0126423848789745
120.8,22.2,256.7233,SSP1-2.6,2081-2100,2.3034999999999854,49.577200000000005,93.26200000000017,1.4771999999999998,13.8857,3.0054,22.59,50.904875,61.546625000000006,1.6434874999999995,12.5721,3.3928624999999997,24.82475,-0.32524060563236956,-1.9494466045091832
120.8,22.25,258.5786,SSP1-2.6,2081-2100,-0.936300000000017,47.02559999999999,104.19990000000007,1.7840999999999987,12.980400000000003,3.9893,20.996,49.88805000000001,85.90025000000006,1.5471999999999997,13.395312500000003,3.4372875,23.8675,-0.32524060563236956,-1.8862508241393918
120.8,22.3,280.0734,SSP1-2.6,2081-2100,-7.6118999999999915,46.9765,122.41990000000033,1.5886999999999993,14.055400000000006,3.5250000000000004,20.942,47.596662499999994,108.73936250000003,1.5082625000000003,12.686612500000003,3.58685,22.0385,-0.32524060563236956,-1.8230550437696005
120.8,22.35,315.6494,SSP1-2.6,2081-2100,-11.023599999999988,46.1337,142.48070000000007,1.4070999999999998,9.778599999999997,3.3643,20.084,44.476775,134.53107500000004,1.386962500000001,10.462500000000002,3.5935375,19.42825,-0.32524060563236956,-1.759859263399809
120.8,22.4,345.9948,SSP1-2.6,2081-2100,-18.701000000000022,39.507999999999996,174.28660000000036,1.3536000000000001,6.0356999999999985,3.7142999999999997,15.261999999999999,41.9321875,171.41327499999994,1.5177750000000003,8.9691875,3.7171875,17.3645,-0.32524060563236956,-1.696663483030022
120.8,22.45,333.4543,SSP1-2.6,2081-2100,-12.807999999999993,37.923199999999994,228.63569999999982,1.6646999999999998,7.951799999999999,3.898200000000001,14.527999999999999,38.9846375,196.9001125,1.6675375,7.9122625,3.7930624999999996,15.4215,-0.32524060563236956,-1.6334677026602307
120.8,22.5,323.4253,SSP1-2.6,2081-2100,-7.929100000000005,32.827400000000004,229.67260000000033,1.6927999999999983,8.335700000000003,3.6821,12.175999999999998,38.962087499999996,210.83501249999998,1.6930625000000004,7.940174999999999,3.8185125,15.85425,-0.32524060563236956,-1.570271922290439
120.8,22.55,332.3605,SSP1-2.6,2081-2100,-4.411099999999976,37.46319999999999,210.73559999999998,1.3020000000000032,8.482099999999996,3.950000000000001,15.152,38.128412499999996,203.00396249999997,1.6547375,7.9689875,3.5984249999999998,15.70475,-0.32524060563236956,-1.5070761419206478
120.8,22.6,358.4882,SSP1-2.6,2081-2100,4.498999999999967,41.88309999999999,201.32450000000017,1.5930999999999997,9.191099999999999,3.5999999999999996,17.407999999999998,37.6634375,187.7633499999999,1.510787500000001,7.409162499999999,3.4899625,15.620999999999999,-0.32524060563236956,-1.4438803615508562
120.8,22.65,398.7711,SSP1-2.6,2081-2100,12.168800000000033,34.927299999999995,197.64399999999978,1.665700000000001,7.417900000000003,3.7286,14.783999999999999,39.42626249999999,173.11459999999994,1.524625,6.895099999999998,3.3022375,16.4405,-0.32524060563236956,-1.3806845811810693
120.8,22.7,419.3707,SSP1-2.6,2081-2100,12.83359999999999,36.6098,168.26189999999997,1.6974000000000018,6.162499999999994,3.6679000000000013,14.950000000000001,41.2505,157.68946249999993,1.404199999999999,5.533049999999998,3.3216625000000004,17.347250000000003,-0.32524060563236956,-1.317488800811278
120.8,22.75,393.7862,SSP1-2.6,2081-2100,13.348000000000013,44.614599999999996,125.28489999999965,1.2587999999999973,4.737499999999997,3.4518000000000004,19.186,41.124825,137.13121250000006,1.1587249999999996,4.814074999999997,3.3450875,17.2705,-0.32524060563236956,-1.2542930204414864
120.8,22.8,391.1317,SSP1-2.6,2081-2100,16.953899999999976,40.5929,100.66310000000021,0.7664000000000009,4.975000000000001,3.5017999999999994,17.534,39.0390875,107.32638750000001,0.7679874999999989,3.735062499999999,3.5330375000000007,15.78725,-0.32524060563236956,-1.191097240071695
120.8,22.85,437.2961,SSP1-2.6,2081-2100,5.065399999999954,31.915799999999997,99.9336000000003,0.36710000000000065,-0.6749999999999972,3.7446,11.317999999999998,37.319425,65.49962500000004,0.2956000000000003,5.018975,3.7201000000000004,15.127499999999998,-0.32524060563236956,-1.1279014597019037
120.8,22.9,451.4754,SSP1-2.6,2081-2100,-5.562199999999962,38.337999999999994,44.5317,-0.19209999999999994,3.4857000000000014,3.7536000000000005,15.758000000000001,36.4801875,18.564587500000044,-0.027337499999999793,5.343975,3.84375,14.337499999999999,-0.32524060563236956,-1.0647056793321166
120.8,22.95,394.1903,SSP1-2.6,2081-2100,-18.23679999999996,35.461099999999995,-51.99490000000014,-0.5513999999999974,6.251799999999996,3.9696,13.826,37.945475,-26.397937500000012,-0.12823749999999956,5.997987500000001,3.5002250000000004,15.1195,-0.32524060563236956,-1.0015098989623252
120.8,23.0,377.9689,SSP1-2.6,2081-2100,-15.10650000000004,35.019499999999994,-85.01319999999987,-0.10079999999999956,6.1464,3.0821000000000005,12.472000000000001,38.528212499999995,-65.93506250000002,-0.08917499999999956,6.252462500000001,3.127675,15.76875,-0.32524060563236956,-0.9383141185925338
120.8,23.05,422.9678,SSP1-2.6,2081-2100,-17.105999999999995,44.53530000000001,-133.52469999999994,0.12069999999999936,5.960700000000003,2.3375000000000004,20.284,38.1452625,-84.12083750000002,0.1222249999999998,6.328800000000001,2.7183,15.177249999999999,-0.32524060563236956,-0.8751183382227424
120.8,23.1,456.3283,SSP1-2.6,2081-2100,-21.313800000000015,38.8464,-162.22850000000017,0.4433999999999969,6.2286,1.6213999999999995,14.45,43.77075,-62.822599999999966,0.34581249999999963,6.613612500000001,2.600225,19.075249999999997,-0.32524060563236956,-0.811922557852951
120.8,23.15,421.4172,SSP1-2.6,2081-2100,-13.406900000000007,49.3878,-98.7532000000001,0.610599999999998,7.3018,2.1553999999999984,22.805999999999997,46.2242125,-19.309750000000008,0.6411874999999991,6.0640625,2.4734375,19.86275,-0.32524060563236956,-0.748726777483164
120.8,23.2,386.4121,SSP1-2.6,2081-2100,-5.7794999999999845,51.9712,33.54250000000002,1.165499999999998,7.185700000000004,2.5304,23.412,49.06175,21.648612499999956,0.8603249999999991,5.677012499999999,2.6167374999999997,21.58275,-0.32524060563236956,-0.6855309971133726
120.8,23.25,363.5412,SSP1-2.6,2081-2100,-3.989399999999989,51.382,51.82519999999977,1.2472999999999992,5.0053999999999945,2.919599999999999,22.636000000000003,49.78845,38.10641250000003,1.017012499999999,5.5258875,2.6113999999999997,22.012,-0.32524060563236956,-0.6223352167435812
120.8,23.3,350.1428,SSP1-2.6,2081-2100,-5.15930000000003,49.926399999999994,13.638900000000376,1.1919000000000004,5.0839,2.4856999999999996,22.230000000000004,51.114599999999996,50.14303749999988,1.1185874999999985,4.767849999999998,2.6868374999999998,23.381749999999997,-0.32524060563236956,-0.5591394363737897
120.8,23.35,359.2459,SSP1-2.6,2081-2100,-14.102000000000032,52.8775,52.33129999999983,1.1732999999999976,1.8606999999999942,2.5679,27.004,52.5261875,56.14677499999999,1.1715999999999998,3.7903874999999996,2.6997874999999993,24.835749999999997,-0.32524060563236956,-0.4959436560039983
120.8,23.4,378.8655,SSP1-2.6,2081-2100,-22.588900000000024,53.3373,66.75640000000021,1.1720000000000006,1.75,2.4285999999999994,25.880000000000003,52.9791125,70.18558749999988,1.1490874999999994,2.6191875,2.651125,25.909,-0.32524060563236956,-0.43274787563421135
120.8,23.45,349.367,SSP1-2.6,2081-2100,-15.666300000000035,54.1595,62.020200000000386,0.9883999999999986,1.1768,1.9786000000000001,26.252000000000002,52.9315375,73.10551249999997,1.0334125000000003,1.9475499999999997,2.8582499999999995,25.902,-0.32524060563236956,-0.3695520952644199
120.8,23.5,415.8918,SSP1-2.6,2081-2100,-11.432199999999966,50.6899,120.41989999999987,0.8891999999999989,1.9303999999999988,3.3945999999999987,23.978,53.4215125,43.257574999999974,0.8545375000000002,1.8140749999999999,2.7125,26.406,-0.32524060563236956,-0.3063563148946285
120.8,23.55,403.9372,SSP1-2.6,2081-2100,-8.029300000000035,49.2909,54.9697000000001,0.7815000000000012,3.751800000000003,2.928600000000001,24.028,53.99872500000001,49.648624999999896,0.7715625000000004,1.2058124999999995,3.1993124999999996,26.519750000000002,-0.32524060563236956,-0.24316053452483705
120.8,23.6,307.6143,SSP1-2.6,2081-2100,-4.344200000000001,50.416999999999994,89.78679999999986,0.9724000000000004,1.2143000000000015,3.4624999999999986,25.022000000000002,55.456950000000006,59.275212499999924,0.8446750000000005,1.247325000000001,3.5296874999999996,27.29925,-0.32524060563236956,-0.17996475415504562
120.8,23.65,246.432,SSP1-2.6,2081-2100,-3.3551999999999964,55.224199999999996,134.83690000000024,1.0646999999999984,-0.1606999999999985,4.2821,27.522000000000002,55.8127375,79.37316249999995,1.0552000000000001,0.5669625000000007,3.6946375,26.84325,-0.32524060563236956,-0.11676897378525869
120.8,23.7,246.221,SSP1-2.6,2081-2100,-1.7182999999999993,55.642999999999994,55.38619999999992,1.0640999999999998,0.48930000000000007,3.9321,28.266000000000002,56.982325,103.99938750000004,1.2234124999999993,-0.03862499999999969,3.865175,26.80525,-0.32524060563236956,-0.053573193415467256
120.8,23.75,219.1426,SSP1-2.6,2081-2100,4.910000000000025,58.72410000000001,104.13120000000004,1.2920999999999978,0.5463999999999984,3.3713999999999995,28.043999999999997,56.2876875,106.56733749999998,1.3388749999999994,-0.28861250000000105,3.8383875,26.186,-0.32524060563236956,0.009622586954324176
120.8,23.8,200.978,SSP1-2.6,2081-2100,-1.819199999999995,54.822500000000005,131.8406,1.4175000000000004,1.0142999999999986,4.5,26.061999999999998,56.907475000000005,97.80217499999998,1.2627249999999992,-0.011625000000001329,3.5629375000000003,26.4645,-0.32524060563236956,0.0728183673241156
120.8,23.85,204.2281,SSP1-2.6,2081-2100,-1.3298000000000059,57.472199999999994,54.040899999999965,1.1557999999999993,0.6820999999999984,3.5464,26.679999999999996,56.7228125,82.32305,1.1833874999999998,0.27723749999999825,3.2544625,26.583000000000002,-0.32524060563236956,0.13601414769390704
120.8,23.9,212.8352,SSP1-2.6,2081-2100,2.63930000000002,58.877399999999994,-14.022500000000036,0.8605000000000018,1.542899999999996,2.8446,26.485999999999997,57.568675,58.59,1.0385874999999998,-0.5640750000000008,2.8801375,27.75975,-0.32524060563236956,0.19920992806369398
120.8,23.95,221.66,SSP1-2.6,2081-2100,3.696300000000008,59.211099999999995,9.073999999999842,0.8287999999999975,-1.3821000000000012,3.0661000000000005,28.886,58.5004,56.03342500000002,1.0904125000000007,-0.9799125000000002,2.4604874999999993,28.387999999999998,-0.32524060563236956,0.26240570843348543
120.8,24.0,207.341,SSP1-2.6,2081-2100,6.790099999999995,62.005,56.822599999999966,1.1963000000000008,0.17320000000000135,2.2963999999999984,31.01,58.93665,57.30498750000001,1.22445,-0.6491125000000002,2.22545,29.545250000000003,-0.32524060563236956,0.32560148880327683
120.8,24.05,221.4278,SSP1-2.6,2081-2100,8.680800000000005,59.2502,29.22810000000004,1.3457000000000008,2.6589000000000027,2.1339000000000006,30.308000000000003,59.3788,78.37207500000002,1.3498,0.027900000000000702,2.0287999999999995,30.3815,-0.32524060563236956,0.3887972691730683
120.8,24.1,221.0414,SSP1-2.6,2081-2100,16.953399999999988,59.3177,124.26890000000003,1.4120999999999988,-1.6285999999999987,2.2554,30.846,58.9083,69.77610000000001,1.3344250000000004,1.1712000000000007,1.8846,30.857,-0.32524060563236956,0.4519930495428597
120.8,24.15,223.0379,SSP1-2.6,2081-2100,16.007499999999993,59.9594,111.55670000000009,1.2656000000000027,-2.4035999999999973,2.1624999999999996,31.334,58.0720875,83.18448749999999,1.1930625000000004,1.2457625000000005,1.8785750000000003,31.078249999999997,-0.32524060563236956,0.5151888299126467
120.8,24.2,239.039,SSP1-2.6,2081-2100,2.2084000000000117,57.6227,67.71499999999992,0.8032000000000004,3.0463999999999984,1.5785999999999998,30.306,57.668462500000004,96.84130000000002,1.0989750000000003,-0.5647249999999993,1.827,31.554,-0.32524060563236956,0.578384610282438
120.8,24.25,249.2116,SSP1-2.6,2081-2100,-4.553300000000007,56.395700000000005,128.19110000000023,1.0443999999999996,-2.7464000000000013,1.8142999999999994,31.85,56.7114,106.14361249999999,1.0367875,-0.3325874999999998,1.471425,31.740499999999997,-0.32524060563236956,0.6415803906522295
120.8,24.3,229.2985,SSP1-2.6,2081-2100,-2.26309999999998,55.75050000000001,124.03629999999998,1.114799999999999,1.1088999999999984,1.2607,32.788,56.0246125,130.50393750000006,1.2439874999999998,-1.2975499999999993,1.1988874999999994,31.653,-0.32524060563236956,0.704776171022021
120.8,24.35,222.7878,SSP1-2.6,2081-2100,5.5852999999999895,55.990100000000005,147.5558000000001,1.572700000000001,-0.2535999999999987,0.8160999999999987,31.764000000000003,55.444837500000006,133.30815,1.4035625,0.8178499999999991,1.0292499999999998,31.5595,-0.32524060563236956,0.7679719513918124
120.8,24.4,232.9193,SSP1-2.6,2081-2100,8.649799999999999,55.1655,134.1313,1.5162000000000013,1.2393,0.8160999999999987,31.409999999999997,54.6620125,135.4187875,1.5016000000000003,2.369625,0.9162874999999999,30.834000000000003,-0.32524060563236956,0.8311677317615993
120.8,24.45,204.9742,SSP1-2.6,2081-2100,6.373500000000007,52.5231,128.20769999999993,1.4339000000000013,3.1820999999999984,0.9357000000000006,29.556,53.7123,126.7407,1.4592875000000005,2.8571374999999994,0.7341500000000001,30.23725,-0.32524060563236956,0.8943635121313908
120.8,24.5,151.3938,SSP1-2.6,2081-2100,11.438800000000015,50.7845,141.6042,1.7298999999999989,1.4517999999999986,0.27859999999999996,28.828000000000003,52.5108125,113.9142875,1.192762500000001,3.0109375,0.5149375000000003,29.551750000000002,-0.32524060563236956,0.9575592925011822
120.8,24.55,150.1773,SSP1-2.6,2081-2100,9.476799999999997,51.091,126.75409999999988,1.0031000000000034,0.35539999999999594,0.3945999999999996,29.162,52.0712125,101.14732500000002,1.1170250000000002,3.002675,0.11071250000000021,29.179499999999997,-0.32524060563236956,1.0207550728709736
120.8,24.6,168.016,SSP1-2.6,2081-2100,-1.7916999999999916,52.3826,95.5498,0.9034000000000013,3.946399999999997,-0.6679000000000004,28.74,51.612512499999994,99.1959875,0.9805124999999997,2.4254499999999997,0.1426375000000002,29.11675,-0.32524060563236956,1.0839508532407651
120.8,24.65,152.9264,SSP1-2.6,2081-2100,-0.5549000000000035,51.4946,112.90039999999999,0.9931999999999981,0.10709999999999553,0.05000000000000071,29.278000000000002,51.344412500000004,95.20874999999998,0.9573875000000003,2.7667374999999996,0.12097499999999983,28.86925,-0.32524060563236956,1.147146633610552
120.85,21.9,269.1639,SSP1-2.6,2081-2100,-35.05850000000001,60.79259999999999,-59.349899999999934,0.2726000000000006,16.612500000000004,3.5999999999999996,26.642000000000003,59.7897125,-45.777600000000035,0.2524999999999995,16.0046875,3.5111625,28.313999999999997,-0.21954676555114824,-2.3286212867279272
120.85,21.95,276.0158,SSP1-2.6,2081-2100,-39.63720000000001,60.62,-100.94399999999996,0.34289999999999665,16.341099999999997,3.6804000000000006,27.81,59.7083875,-52.06116250000005,0.3279000000000001,15.5174125,3.5555875,28.527,-0.21954676555114824,-2.265425506358136
120.85,22.0,274.2275,SSP1-2.6,2081-2100,-35.22150000000002,60.367000000000004,-99.70510000000013,0.5089000000000006,15.107099999999996,3.9411000000000005,29.926,59.3747,-52.63880000000003,0.4479249999999988,15.1922125,3.4401875,29.088500000000003,-0.21954676555114824,-2.2022297259883445
120.85,22.05,274.0325,SSP1-2.6,2081-2100,-29.901500000000027,57.750800000000005,-122.57860000000028,0.8469000000000015,11.242899999999999,3.3553999999999995,30.182000000000002,58.6880375,-57.780387500000046,0.8102874999999994,14.9352625,3.4153875,29.914749999999998,-0.21954676555114824,-2.139033945618553
120.85,22.1,267.8106,SSP1-2.6,2081-2100,-11.269200000000012,57.467,-113.99630000000025,1.3416999999999994,12.498199999999997,3.4571000000000005,30.238,56.8921,-39.294700000000034,1.1521249999999998,13.4968875,3.2520124999999998,29.500999999999998,-0.21954676555114824,-2.0758381652487614
120.85,22.15,245.2124,SSP1-2.6,2081-2100,0.9059000000000026,53.6654,-26.514400000000023,1.6509,13.1661,3.6661,27.629999999999995,54.9930875,-16.036700000000053,1.4325875,13.400212499999999,3.3653874999999998,27.892249999999997,-0.21954676555114824,-2.0126423848789745
120.85,22.2,286.3185,SSP1-2.6,2081-2100,-2.2737999999999943,49.546200000000006,9.421899999999823,1.6159999999999997,11.473200000000002,4.1446000000000005,25.202,52.85455,25.39314999999999,1.6660624999999998,13.409825000000001,3.431475,26.134749999999997,-0.21954676555114824,-1.9494466045091832
120.85,22.25,275.7984,SSP1-2.6,2081-2100,3.753499999999974,49.423,45.14989999999989,2.0596999999999994,14.3446,4.2357,24.706000000000003,51.3446,55.28335000000004,1.5816124999999999,13.254700000000001,3.5142750000000005,24.847499999999997,-0.21954676555114824,-1.8862508241393918
120.85,22.3,270.1267,SSP1-2.6,2081-2100,-0.02290000000004966,52.0185,82.11990000000014,1.5267000000000017,12.5518,3.7857000000000003,26.49,50.2722375,87.43695000000002,1.4459125,12.610949999999999,3.673875,24.103,-0.21954676555114824,-1.8230550437696005
120.85,22.35,289.6063,SSP1-2.6,2081-2100,-6.584799999999973,49.43090000000001,130.53499999999985,1.342100000000002,11.5321,3.8179,25.026,48.508137500000004,114.62420000000009,1.2418125000000004,11.2560375,3.7087,22.48675,-0.21954676555114824,-1.759859263399809
120.85,22.4,297.7591,SSP1-2.6,2081-2100,-11.273599999999988,45.1189,167.1588999999999,1.6153000000000013,10.183900000000001,4.049999999999999,20.112000000000002,45.960699999999996,146.34948750000007,1.2633375,10.294862499999997,3.8107125,20.80025,-0.21954676555114824,-1.696663483030022
120.85,22.45,293.1296,SSP1-2.6,2081-2100,-14.056099999999958,44.7029,205.0935000000004,2.020599999999998,10.348199999999999,3.8606999999999996,19.906,42.3739875,162.5441375,1.4402624999999998,10.389725,3.7642749999999996,18.3145,-0.21954676555114824,-1.6334677026602307
120.85,22.5,279.1767,SSP1-2.6,2081-2100,-10.27189999999996,42.8898,195.05619999999976,1.8267999999999986,11.480400000000003,3.5588999999999995,18.584000000000003,41.443237499999995,163.43785000000008,1.4320249999999999,10.674325,3.6747625,17.750749999999996,-0.21954676555114824,-1.570271922290439
120.85,22.55,288.674,SSP1-2.6,2081-2100,-14.85409999999996,42.855,156.17219999999998,1.4962000000000018,11.792900000000003,3.4124999999999996,17.966,41.98345,151.16426250000004,1.3095499999999998,10.016075,3.5417375,17.921,-0.21954676555114824,-1.5070761419206478
120.85,22.6,319.2749,SSP1-2.6,2081-2100,-14.743400000000008,44.208499999999994,144.09249999999975,1.3082999999999991,9.992899999999999,3.3499999999999996,18.284,41.65316249999999,122.66686250000004,1.1321125000000012,8.898900000000001,3.497775,17.49025,-0.21954676555114824,-1.4438803615508562
120.85,22.65,354.9169,SSP1-2.6,2081-2100,-15.912800000000004,38.665499999999994,113.72850000000017,0.9547000000000025,7.742899999999999,3.4893,14.036,41.015649999999994,96.89273750000001,1.0686500000000008,7.6542625,3.4841625,17.47025,-0.21954676555114824,-1.3806845811810693
120.85,22.7,364.6054,SSP1-2.6,2081-2100,-13.016099999999994,38.1184,73.04070000000002,0.6509,7.466099999999997,3.7089,15.453999999999999,39.223124999999996,75.35123750000002,0.932312500000001,6.538862499999999,3.4346125,16.67925,-0.21954676555114824,-1.317488800811278
120.85,22.75,340.672,SSP1-2.6,2081-2100,-4.4221,40.1266,46.690900000000056,0.4585000000000008,5.651799999999994,3.616100000000001,17.628,37.934875000000005,63.20777500000003,0.7352875000000005,6.410287499999999,3.3995625,15.885000000000002,-0.21954676555114824,-1.2542930204414864
120.85,22.8,329.8324,SSP1-2.6,2081-2100,2.8489999999999895,39.0814,45.77539999999999,0.3047000000000004,5.278599999999997,3.5839,15.638,36.321712500000004,61.127387500000026,0.6317250000000003,5.8576,3.34175,14.63525,-0.21954676555114824,-1.191097240071695
120.85,22.85,336.1172,SSP1-2.6,2081-2100,1.5545999999999935,30.7089,50.421600000000126,0.3827999999999996,6.203600000000002,3.778600000000001,11.419999999999998,35.26285,61.353725000000026,0.4536875000000009,5.831925000000001,3.3323625,13.45075,-0.21954676555114824,-1.1279014597019037
120.85,22.9,320.1834,SSP1-2.6,2081-2100,-2.134400000000028,28.9857,61.733400000000074,0.15030000000000143,5.808900000000001,3.3999999999999986,9.956,34.779512499999996,53.128874999999994,0.3814500000000005,5.810725000000001,3.2598125000000002,12.9255,-0.21954676555114824,-1.0647056793321166
120.85,22.95,269.1855,SSP1-2.6,2081-2100,-13.574399999999997,31.089399999999998,39.22329999999988,0.030999999999998806,6.0518,2.5786,9.472000000000001,33.885374999999996,42.924687500000005,0.37021250000000094,6.2180875,3.0803374999999997,12.32875,-0.21954676555114824,-1.0015098989623252
120.85,23.0,259.6237,SSP1-2.6,2081-2100,-16.810099999999977,28.077399999999997,13.608899999999949,0.009000000000000341,4.6554,2.5481999999999996,8.681999999999999,33.71325,20.177637499999975,0.45383750000000056,6.57455,2.7466375,12.238,-0.21954676555114824,-0.9383141185925338
120.85,23.05,309.4019,SSP1-2.6,2081-2100,-14.90640000000002,26.877499999999998,-33.877899999999954,0.10500000000000043,6.835700000000003,2.5357000000000003,8.356,33.675250000000005,-2.066762499999953,0.5565375000000001,6.0502125,2.3499874999999997,12.03575,-0.21954676555114824,-0.8751183382227424
120.85,23.1,386.2774,SSP1-2.6,2081-2100,-13.949900000000014,33.7695,-80.30029999999988,0.017600000000001614,6.2196,2.1267999999999994,11.51,37.815825000000004,-11.01626250000001,0.5898249999999994,5.7656125,2.2236499999999997,14.84,-0.21954676555114824,-0.811922557852951
120.85,23.15,410.2421,SSP1-2.6,2081-2100,-14.57099999999997,43.635400000000004,-48.90700000000015,0.09169999999999945,5.112499999999997,2.1964000000000006,17.186,42.464475,-1.0850624999999923,0.6352749999999996,5.029899999999999,2.1609374999999993,17.119499999999995,-0.21954676555114824,-0.748726777483164
120.85,23.2,392.642,SSP1-2.6,2081-2100,-12.045500000000004,47.1023,-8.347900000000209,0.28570000000000206,3.1517999999999944,2.435699999999999,19.018,47.3981125,18.547812499999907,0.6031999999999993,4.902449999999998,2.5432999999999995,20.213,-0.21954676555114824,-0.6855309971133726
120.85,23.25,389.0688,SSP1-2.6,2081-2100,-8.216200000000015,50.438399999999994,36.35689999999977,0.42220000000000013,5.3964,3.0143000000000004,21.134,48.8471,27.364787499999977,0.6762999999999999,4.186387499999999,2.7107124999999996,21.143500000000003,-0.21954676555114824,-0.6223352167435812
120.85,23.3,367.6713,SSP1-2.6,2081-2100,-7.031999999999982,49.9979,2.9715000000001055,0.7336999999999989,5.289299999999997,2.8428999999999984,22.644,50.05505,45.969949999999926,0.7572624999999991,3.8062374999999986,2.7886124999999997,22.045250000000003,-0.21954676555114824,-0.5591394363737897
120.85,23.35,360.5144,SSP1-2.6,2081-2100,-10.838600000000042,50.1225,47.48999999999978,1.0009999999999977,4.232100000000003,2.732099999999999,21.363999999999997,50.993962499999995,60.00473750000003,0.9622749999999995,3.034375,2.6154124999999997,23.499000000000002,-0.21954676555114824,-0.4959436560039983
120.85,23.4,364.9905,SSP1-2.6,2081-2100,-17.16070000000002,55.5079,66.02449999999999,1.1738,1.7625000000000028,2.9214,27.494,51.0077625,75.193625,1.0161374999999988,2.6511125,2.4149624999999997,23.55775,-0.21954676555114824,-0.43274787563421135
120.85,23.45,354.3272,SSP1-2.6,2081-2100,-16.251700000000028,51.9033,73.90169999999989,0.8629999999999995,3.125,2.6089,24.802,51.545987499999995,74.86426250000005,0.9959625000000001,2.3517875000000004,2.5448625,24.12725,-0.21954676555114824,-0.3695520952644199
120.85,23.5,342.8322,SSP1-2.6,2081-2100,-9.393799999999999,53.27310000000001,47.23460000000023,0.7387000000000015,3.0946,2.9338999999999995,25.224000000000004,52.087650000000004,56.640562500000016,0.8282375000000002,2.9781375000000008,2.5828125,24.9405,-0.21954676555114824,-0.3063563148946285
120.85,23.55,318.4764,SSP1-2.6,2081-2100,-12.455700000000036,55.96000000000001,-10.894000000000233,0.6746000000000016,3.8536,2.6838999999999995,28.302000000000003,52.88595,59.78842500000002,0.7909375000000005,3.1073625000000007,2.90825,25.48375,-0.21954676555114824,-0.24316053452483705
120.85,23.6,262.9637,SSP1-2.6,2081-2100,-11.271300000000025,55.2442,51.494699999999966,0.9206000000000003,3.5232000000000028,2.8946000000000005,27.3,55.5283375,63.859725000000026,0.8326375000000001,2.8473250000000005,3.311825,27.289250000000003,-0.21954676555114824,-0.17996475415504562
120.85,23.65,233.8112,SSP1-2.6,2081-2100,-10.893500000000017,58.457800000000006,72.42180000000008,0.9902000000000015,1.9695999999999998,3.4678999999999984,28.062,56.134100000000004,78.95781249999999,0.9677874999999996,1.987049999999999,3.5017625,27.478749999999998,-0.21954676555114824,-0.11676897378525869
120.85,23.7,232.6723,SSP1-2.6,2081-2100,-9.542100000000005,56.3784,63.933700000000044,1.0536999999999992,0.25,3.2857000000000003,24.592,57.90935,81.40097500000002,1.0285499999999996,1.4640499999999994,3.6316875,28.427999999999997,-0.21954676555114824,-0.053573193415467256
120.85,23.75,216.9823,SSP1-2.6,2081-2100,-10.423300000000012,58.3395,64.17229999999995,0.9543999999999997,-1.2749999999999986,3.4357000000000006,26.785999999999998,56.824749999999995,80.96146249999998,1.1093374999999996,1.506687499999999,3.3229875000000004,27.164749999999998,-0.21954676555114824,0.009622586954324176
120.85,23.8,214.1326,SSP1-2.6,2081-2100,0.3171000000000106,56.129400000000004,84.48249999999985,1.251999999999999,0.6285999999999987,2.4482,25.536,57.3456875,69.00365000000005,0.9948374999999992,1.6736375,3.3348250000000004,26.918499999999998,-0.21954676555114824,0.0728183673241156
120.85,23.85,223.7883,SSP1-2.6,2081-2100,10.553300000000007,59.312799999999996,40.95940000000019,0.8925999999999981,3.2838999999999956,3.0374999999999996,28.314,55.9144625,69.84228750000003,0.9890874999999997,1.1350375000000001,2.9053625,25.703249999999997,-0.21954676555114824,0.13601414769390704
120.85,23.9,218.0876,SSP1-2.6,2081-2100,15.696799999999996,56.17,55.321300000000065,0.6967999999999996,0.2875000000000014,2.7642999999999986,26.774,56.58605,52.09382500000001,0.9049124999999991,0.7004374999999996,2.6578125,26.516,-0.21954676555114824,0.19920992806369398
120.85,23.95,241.0315,SSP1-2.6,2081-2100,10.034600000000012,56.78489999999999,43.65080000000012,0.819700000000001,0.3982000000000028,2.4214,28.282,56.98995,62.27106249999997,0.9738499999999997,0.4415125,2.2607124999999995,27.000999999999998,-0.21954676555114824,0.26240570843348543
120.85,24.0,223.3904,SSP1-2.6,2081-2100,10.449000000000012,56.861900000000006,65.27310000000011,1.1982999999999997,2.0339000000000027,2.4231999999999996,27.43,58.01125,58.69276249999996,1.0130624999999998,1.2979874999999996,1.9357125,28.61225,-0.21954676555114824,0.32560148880327683
120.85,24.05,219.5046,SSP1-2.6,2081-2100,17.668799999999976,59.844800000000006,66.28520000000003,1.4265000000000008,3.987499999999997,1.4285999999999994,30.688,58.01685,73.43439999999998,1.1707875000000003,2.1432875000000013,1.9299125,29.278750000000002,-0.21954676555114824,0.3887972691730683
120.85,24.1,219.5583,SSP1-2.6,2081-2100,21.785300000000007,55.957800000000006,88.23770000000013,1.4250000000000007,4.712500000000006,2.091100000000001,30.259999999999998,58.423075,78.27897500000003,1.2828125000000004,1.8986500000000008,1.9884,29.89875,-0.21954676555114824,0.4519930495428597
120.85,24.15,242.29,SSP1-2.6,2081-2100,22.346599999999995,57.3673,82.89750000000004,1.4895999999999994,3.1214000000000013,2.7339,29.554000000000002,57.11161250000001,100.32103750000007,1.2795750000000008,1.5495500000000018,2.0890750000000002,29.64275,-0.21954676555114824,0.5151888299126467
120.85,24.2,229.9375,SSP1-2.6,2081-2100,10.93180000000001,56.35679999999999,98.88450000000012,1.247200000000003,1.230400000000003,2.9964000000000013,29.8,56.623175,103.44296250000016,1.2228749999999997,0.41293750000000085,2.13795,29.555,-0.21954676555114824,0.578384610282438
120.85,24.25,226.4111,SSP1-2.6,2081-2100,5.880300000000005,56.6334,83.7034000000001,1.1454999999999984,-0.2535999999999987,2.3499999999999996,30.599999999999998,55.704750000000004,114.89166250000017,1.2256624999999999,-0.1874999999999991,1.8674125,29.92825,-0.21954676555114824,0.6415803906522295
120.85,24.3,224.8746,SSP1-2.6,2081-2100,0.6859000000000037,55.183099999999996,123.81830000000014,1.3491999999999997,-2.417899999999996,1.4910999999999994,31.042,55.479462500000004,117.79993750000014,1.3575624999999993,-0.8151874999999995,1.6604874999999997,30.544249999999998,-0.21954676555114824,0.704776171022021
120.85,24.35,234.397,SSP1-2.6,2081-2100,6.7882000000000176,54.92250000000001,133.92650000000003,1.563399999999998,-0.45179999999999865,1.101799999999999,31.366,54.98728750000001,117.65782500000006,1.4404,0.10937500000000089,1.4080374999999998,30.731749999999998,-0.21954676555114824,0.7679719513918124
120.85,24.4,232.7173,SSP1-2.6,2081-2100,10.68180000000001,54.7388,123.06919999999991,1.5382999999999996,1.7160999999999973,1.5250000000000004,30.799999999999997,54.17345,124.52520000000001,1.4432125,1.3888250000000015,1.2138374999999997,30.413249999999998,-0.21954676555114824,0.8311677317615993
120.85,24.45,199.7521,SSP1-2.6,2081-2100,21.169299999999993,54.1539,140.82269999999994,1.2771000000000008,2.0357000000000056,1.1213999999999995,30.548000000000002,53.31715,114.16752500000001,1.3965624999999997,2.5308,1.0671875000000002,30.0225,-0.21954676555114824,0.8943635121313908
120.85,24.5,193.6135,SSP1-2.6,2081-2100,3.711100000000016,53.452600000000004,106.38140000000021,1.1082999999999998,2.8356999999999957,0.7625000000000011,29.512000000000004,52.1598125,108.07901249999995,1.1991125000000007,2.632362500000001,0.6218625,29.76275,-0.21954676555114824,0.9575592925011822
120.85,24.55,175.2682,SSP1-2.6,2081-2100,1.674999999999983,50.399100000000004,84.93020000000001,0.8270000000000017,3.2161000000000044,0.125,29.328,51.78977499999999,88.20626249999998,1.0630625000000002,2.62165,0.1872625,29.38075,-0.21954676555114824,1.0207550728709736
120.85,24.6,177.8317,SSP1-2.6,2081-2100,-6.28570000000002,51.16609999999999,76.65560000000005,0.9918999999999976,3.707100000000004,-0.26069999999999993,29.36,51.0083375,81.31086249999996,0.9042125000000008,2.544649999999999,0.016724999999999768,29.15775,-0.21954676555114824,1.0839508532407651
120.85,24.65,172.7335,SSP1-2.6,2081-2100,-9.463599999999985,50.1903,91.19749999999999,1.0721999999999987,4.976799999999997,-0.08749999999999947,29.001999999999995,51.122924999999995,84.140875,0.9081499999999996,2.6564625,-0.033937500000000176,28.65125,-0.21954676555114824,1.147146633610552
120.85,24.7,147.7511,SSP1-2.6,2081-2100,-2.4031999999999982,50.4006,105.17819999999983,0.8807000000000009,4.110700000000001,0.4106999999999994,27.948,51.6385875,88.459,0.8273749999999991,2.3473124999999992,-0.07522499999999988,29.2855,-0.21954676555114824,1.2103424139803434
120.9,22.0,253.4294,SSP1-2.6,2081-2100,-27.359399999999994,60.7928,-60.72330000000011,0.7018999999999984,16.750000000000004,3.3339,29.523999999999997,59.457699999999996,-80.42798750000009,0.6782124999999999,14.877899999999999,3.4950875000000003,29.49325,-0.11385292546989689,-2.2022297259883445
120.9,22.05,241.9081,SSP1-2.6,2081-2100,-18.56389999999999,60.438399999999994,-55.498099999999795,0.8021999999999991,14.2911,3.0374999999999996,31.452,58.1193625,-69.92718750000017,0.9972374999999998,14.096875,3.3984375,29.753749999999997,-0.11385292546989689,-2.139033945618553
120.9,22.1,234.1006,SSP1-2.6,2081-2100,-5.588399999999979,59.057399999999994,-53.01590000000033,1.0699000000000005,15.419599999999996,3.3071,30.589999999999996,57.6719125,-61.00297500000005,1.2017249999999997,13.851125,3.36205,29.512999999999998,-0.11385292546989689,-2.0758381652487614
120.9,22.15,234.4953,SSP1-2.6,2081-2100,0.6008000000000209,58.9755,-60.5300000000002,1.3443000000000005,14.8857,3.023199999999999,30.232000000000003,55.543012499999996,-24.003125000000068,1.4366249999999998,13.108037499999998,3.3930625,28.5045,-0.11385292546989689,-2.0126423848789745
120.9,22.2,248.2464,SSP1-2.6,2081-2100,-4.549599999999998,56.9511,-29.56860000000006,1.6221999999999994,13.775000000000002,3.4625000000000004,28.071999999999996,53.613299999999995,8.523162499999899,1.532,13.811375,3.447975,26.92975,-0.11385292546989689,-1.9494466045091832
120.9,22.25,245.4047,SSP1-2.6,2081-2100,1.7528000000000077,54.1826,32.39859999999999,1.7043999999999997,13.1768,3.107100000000001,27.412000000000003,52.868187500000005,34.13807499999996,1.454275,13.1288,3.7490875,26.1695,-0.11385292546989689,-1.8862508241393918
120.9,22.3,252.972,SSP1-2.6,2081-2100,-2.718100000000021,54.4791,28.01319999999987,1.3336000000000006,14.139299999999999,3.0946,27.076,51.601625,72.94613750000002,1.3691625000000003,12.8424125,3.7587,25.322,-0.11385292546989689,-1.8230550437696005
120.9,22.35,261.906,SSP1-2.6,2081-2100,1.7864000000000146,54.526500000000006,94.29840000000013,0.3475999999999999,10.880399999999998,4.257099999999999,26.582,49.603012500000006,97.27153749999997,1.3625250000000007,12.149325,3.5991,23.90175,-0.11385292546989689,-1.759859263399809
120.9,22.4,260.687,SSP1-2.6,2081-2100,-7.305300000000017,49.3039,106.2159999999999,0.7619000000000007,12.423199999999998,3.8786000000000005,23.345999999999997,48.950275000000005,108.94953750000002,1.2287375000000003,11.8107,3.7303499999999996,23.106749999999998,-0.11385292546989689,-1.696663483030022
120.9,22.45,272.293,SSP1-2.6,2081-2100,-11.797799999999995,46.1565,89.25,1.2090999999999994,13.4089,3.6946000000000003,21.668,47.62423749999999,122.2654125,1.1629874999999998,11.331025,3.7799125,21.87625,-0.11385292546989689,-1.6334677026602307
120.9,22.5,250.163,SSP1-2.6,2081-2100,-7.809100000000001,45.264199999999995,110.07709999999997,1.3979,13.298200000000001,3.6374999999999993,20.84,46.00225,110.07458750000004,1.1325249999999998,11.4551375,3.4796875,20.811,-0.11385292546989689,-1.570271922290439
120.9,22.55,262.9983,SSP1-2.6,2081-2100,-17.705899999999986,44.353500000000004,77.86610000000019,0.6728999999999985,11.776800000000001,3.2624999999999993,19.770000000000003,45.7370125,96.63516249999995,1.0351125000000003,10.694875000000001,3.4727749999999995,20.53025,-0.11385292546989689,-1.5070761419206478
120.9,22.6,319.0565,SSP1-2.6,2081-2100,-32.6764,46.9779,40.489500000000135,0.6826000000000008,7.571400000000004,3.2928999999999995,21.153999999999996,44.73685,61.225787500000024,0.7600875000000009,9.371675,3.4544625,19.271250000000002,-0.11385292546989689,-1.4438803615508562
120.9,22.65,370.8145,SSP1-2.6,2081-2100,-38.8535,46.099799999999995,-16.625500000000102,0.689700000000002,7.216099999999997,3.2463999999999995,19.652,43.3047375,34.14692500000007,0.5630750000000004,7.462962500000001,3.5953125,18.39125,-0.11385292546989689,-1.3806845811810693
120.9,22.7,378.5575,SSP1-2.6,2081-2100,-40.86250000000001,39.3004,-33.08569999999963,0.2615000000000016,6.216100000000001,3.278599999999999,18.076,41.49445,17.72832500000004,0.5231500000000007,6.617874999999998,3.520075,17.4965,-0.11385292546989689,-1.317488800811278
120.9,22.75,333.0307,SSP1-2.6,2081-2100,-30.323500000000024,33.440999999999995,0.9109000000003107,0.47220000000000084,7.1661,2.998199999999999,15.122,39.2364625,21.280824999999993,0.5179875000000007,6.536174999999998,3.4287875,16.24825,-0.11385292546989689,-1.2542930204414864
120.9,22.8,290.6291,SSP1-2.6,2081-2100,-16.021299999999997,31.7205,24.810999999999694,0.4704000000000015,9.2804,3.0054,11.120000000000001,38.4388,34.35050000000004,0.7347125000000005,6.9966624999999985,3.2323625,15.8015,-0.11385292546989689,-1.191097240071695
120.9,22.85,268.2432,SSP1-2.6,2081-2100,-9.627099999999984,37.453399999999995,40.30309999999986,0.877600000000001,9.5214,2.6374999999999993,13.754000000000001,36.220287500000005,57.27373750000001,0.8793375000000005,7.4600625,3.1698625000000002,13.895249999999999,-0.11385292546989689,-1.1279014597019037
120.9,22.9,250.9295,SSP1-2.6,2081-2100,-12.779699999999991,34.015100000000004,73.07850000000008,0.8851000000000013,8.980400000000003,3.0321000000000016,12.527999999999999,35.952012499999995,92.02851249999998,1.1261374999999996,7.0843750000000005,2.872325,13.18975,-0.11385292546989689,-1.0647056793321166
120.9,22.95,233.7078,SSP1-2.6,2081-2100,-13.064300000000003,39.25439999999999,129.53409999999985,1.2515,6.6661,2.5839,15.328,31.7559625,125.81268750000001,1.2661625,6.8084875,2.7350375,10.64525,-0.11385292546989689,-1.0015098989623252
120.9,23.0,235.3136,SSP1-2.6,2081-2100,-10.344600000000014,31.931800000000003,157.9190000000001,1.5101000000000013,7.75,2.273199999999999,10.08,29.253837499999996,135.58063749999997,1.2862749999999998,6.236387499999999,2.596425,9.288,-0.11385292546989689,-0.9383141185925338
120.9,23.05,255.1994,SSP1-2.6,2081-2100,-4.351499999999987,25.537000000000006,139.15539999999987,1.2646000000000015,6.933900000000001,2.612499999999999,8.086000000000002,30.01145,121.11321250000012,1.1863000000000001,5.833249999999998,2.4919624999999996,9.51975,-0.11385292546989689,-0.8751183382227424
120.9,23.1,298.448,SSP1-2.6,2081-2100,2.089300000000037,31.6851,133.8493000000003,1.1876999999999995,4.507099999999994,2.1982,10.721999999999998,34.177400000000006,95.37531250000006,0.9506375,4.983012499999998,2.4098125,11.98275,-0.11385292546989689,-0.811922557852951
120.9,23.15,343.7647,SSP1-2.6,2081-2100,-2.9528999999999996,42.0221,116.15650000000005,0.8948999999999998,3.2445999999999984,2.1320999999999994,16.83,40.2581125,79.79530000000008,0.7864,3.767837499999997,2.4144999999999994,14.995,-0.11385292546989689,-0.748726777483164
120.9,23.2,362.8426,SSP1-2.6,2081-2100,-13.341700000000003,44.931400000000004,57.40110000000004,0.4768000000000008,2.3999999999999986,2.0874999999999986,18.208,45.1626375,77.27033749999993,0.6622624999999998,3.714274999999998,2.60445,18.30275,-0.11385292546989689,-0.6855309971133726
120.9,23.25,397.2404,SSP1-2.6,2081-2100,-15.618200000000002,45.41660000000001,0.7604999999998654,-0.08340000000000103,3.5731999999999964,3.3107000000000006,19.492,48.066987499999996,80.20069999999993,0.7143875,3.2049124999999985,2.7299124999999993,20.02525,-0.11385292546989689,-0.6223352167435812
120.9,23.3,385.0652,SSP1-2.6,2081-2100,-6.906700000000001,50.04899999999999,67.12649999999985,0.3929000000000009,1.8018,3.0732,21.508000000000003,48.4230625,77.58199999999994,0.7228499999999989,3.630799999999999,2.7924124999999993,20.723,-0.11385292546989689,-0.5591394363737897
120.9,23.35,351.4799,SSP1-2.6,2081-2100,-6.4389999999999645,50.228,98.23030000000017,0.7128999999999976,3.4964000000000013,2.205399999999999,20.994,48.9520625,84.98667499999993,0.8552749999999993,2.8701,2.9066874999999994,21.72675,-0.11385292546989689,-0.4959436560039983
120.9,23.4,338.5996,SSP1-2.6,2081-2100,-5.773400000000038,46.027699999999996,112.95849999999973,1.1477000000000004,3.230400000000003,2.398199999999999,20.238,47.839775,92.70048750000001,0.854837499999999,2.6941999999999995,2.7712,21.923000000000002,-0.11385292546989689,-0.43274787563421135
120.9,23.45,336.646,SSP1-2.6,2081-2100,-5.560600000000022,49.406299999999995,87.86059999999998,1.0707999999999984,2.3374999999999986,2.4000000000000004,21.928,47.7288875,93.03733750000004,0.8337375000000007,2.2486625,2.7586999999999997,22.6205,-0.11385292546989689,-0.3695520952644199
120.9,23.5,305.2153,SSP1-2.6,2081-2100,-9.111800000000017,49.96620000000001,35.63940000000002,0.7871000000000024,3.5321,1.903599999999999,22.024,49.953537499999996,77.11017500000005,0.7442875000000009,2.3080375,2.8651625000000003,24.24025,-0.11385292546989689,-0.3063563148946285
120.9,23.55,255.8611,SSP1-2.6,2081-2100,-8.88209999999998,55.3251,29.207000000000107,0.5713000000000008,4.117900000000006,2.7643000000000004,28.209999999999997,51.8993375,60.614137500000055,0.7374500000000013,2.78435,2.8343499999999997,24.794249999999998,-0.11385292546989689,-0.24316053452483705
120.9,23.6,253.6143,SSP1-2.6,2081-2100,-14.849199999999996,58.8812,49.55529999999999,0.6666999999999987,3.694599999999994,2.9839,28.084000000000003,53.9560375,57.769575,0.8093500000000007,3.1412875000000007,3.0841374999999998,26.1285,-0.11385292546989689,-0.17996475415504562
120.9,23.65,254.9225,SSP1-2.6,2081-2100,-13.791800000000023,60.670500000000004,90.99430000000007,0.9396999999999984,4.337499999999999,3.9214,29.083999999999996,53.0108125,70.3795125,0.9580375000000005,2.3542249999999987,2.9754375,25.511,-0.11385292546989689,-0.11676897378525869
120.9,23.7,251.597,SSP1-2.6,2081-2100,-11.916300000000007,56.6143,95.67459999999983,1.0604000000000013,2.5481999999999942,3.251800000000001,29.959999999999997,55.77175,67.86256250000002,0.9956499999999999,1.9444124999999994,3.143975,26.685499999999998,-0.11385292546989689,-0.053573193415467256
120.9,23.75,241.5842,SSP1-2.6,2081-2100,-8.854900000000015,59.6014,33.59050000000002,0.8628,3.257100000000001,3.3911000000000016,29.700000000000003,56.0453,68.86863750000003,1.0001125000000002,1.7787999999999995,2.8508875000000007,26.642,-0.11385292546989689,0.009622586954324176
120.9,23.8,228.4438,SSP1-2.6,2081-2100,-0.056200000000018235,56.68489999999999,78.65240000000017,0.8720999999999997,3.319600000000001,2.403600000000001,25.157999999999998,58.231275,40.475412500000004,0.8152874999999997,2.5017875,2.7933000000000003,27.942500000000003,-0.11385292546989689,0.0728183673241156
120.9,23.85,228.7538,SSP1-2.6,2081-2100,17.366499999999974,53.808099999999996,44.64190000000008,0.5113999999999983,2.560700000000004,2.992899999999999,24.604000000000003,56.9221,51.28787500000007,0.8261124999999998,2.217625,2.387275,26.49175,-0.11385292546989689,0.13601414769390704
120.9,23.9,212.2855,SSP1-2.6,2081-2100,22.721199999999982,53.351200000000006,123.78120000000013,1.1465999999999994,-0.9553999999999974,1.7429000000000006,24.326,56.068325,47.592550000000045,0.7551499999999995,2.0919500000000006,2.3084749999999996,26.3495,-0.11385292546989689,0.19920992806369398
120.9,23.95,225.6764,SSP1-2.6,2081-2100,14.776199999999989,53.87070000000001,114.6248999999998,1.0238999999999976,-0.5268000000000015,1.6106999999999996,24.549999999999997,55.282025000000004,73.7413375000001,0.8910749999999998,1.5930625000000012,2.1383875,26.2775,-0.11385292546989689,0.26240570843348543
120.9,24.0,219.0071,SSP1-2.6,2081-2100,7.043399999999991,55.57229999999999,87.2938999999999,0.8396000000000008,2.3588999999999984,1.3375000000000004,26.546,56.4710125,81.85096250000004,0.9717374999999997,1.8957625,1.9216499999999999,27.56175,-0.11385292546989689,0.32560148880327683
120.9,24.05,219.5285,SSP1-2.6,2081-2100,12.0642,57.550999999999995,62.562599999999975,0.6239999999999988,2.7160999999999973,1.1911000000000005,28.628000000000004,56.5803,91.2519,1.1817000000000006,2.905575,1.8350499999999998,28.23375,-0.11385292546989689,0.3887972691730683
120.9,24.1,217.7921,SSP1-2.6,2081-2100,22.877399999999994,57.618900000000004,73.78829999999971,1.3253000000000021,4.121400000000001,1.7106999999999992,29.202,56.2854,90.99782500000009,1.2879749999999999,2.8776875000000004,1.9062625,28.24725,-0.11385292546989689,0.4519930495428597
120.9,24.15,240.1689,SSP1-2.6,2081-2100,21.46769999999998,56.475300000000004,75.64450000000033,1.3736999999999995,2.616100000000003,2.2911,28.63,54.875325000000004,108.18261250000006,1.4327250000000005,2.442187500000001,2.0477625,27.36825,-0.11385292546989689,0.5151888299126467
120.9,24.2,251.3502,SSP1-2.6,2081-2100,10.10080000000002,53.5843,162.47270000000026,1.3844999999999992,0.7017999999999986,1.6267999999999994,26.764,53.9323125,99.97196250000016,1.4132249999999993,1.159600000000002,2.32945,26.570999999999998,-0.11385292546989689,0.578384610282438
120.9,24.25,255.4906,SSP1-2.6,2081-2100,9.2757,54.9473,115.36280000000033,1.2764999999999986,-0.7785999999999973,2.5464,27.401999999999997,53.3164,108.63525000000016,1.4224374999999996,-0.21472499999999783,1.890625,26.755249999999997,-0.11385292546989689,0.6415803906522295
120.9,24.3,263.9308,SSP1-2.6,2081-2100,5.816600000000051,55.797599999999996,98.65260000000035,1.5854999999999997,-1.644599999999997,1.625,29.473999999999997,52.9227,109.70573750000005,1.3994999999999993,-0.9343874999999979,1.7823625,27.472749999999998,-0.11385292546989689,0.704776171022021
120.9,24.35,270.9366,SSP1-2.6,2081-2100,4.5113999999999805,53.3986,110.971,1.5577000000000005,-1.501800000000003,1.7696000000000005,29.109999999999996,53.069937499999995,105.34616250000002,1.3865124999999994,0.037512500000002724,1.5471125000000003,28.425749999999997,-0.11385292546989689,0.7679719513918124
120.9,24.4,263.7339,SSP1-2.6,2081-2100,4.011799999999994,53.874100000000006,79.0281,1.2887999999999984,2.628600000000006,1.960700000000001,29.465999999999998,52.450162500000005,116.37371249999993,1.3263499999999997,1.2167375000000007,1.4227750000000001,28.448999999999998,-0.11385292546989689,0.8311677317615993
120.9,24.45,234.5316,SSP1-2.6,2081-2100,12.427899999999994,53.3598,121.5585000000001,1.3358999999999988,4.232100000000003,1.1892999999999994,30.086,52.05485,93.87396249999995,1.1763124999999994,2.393975,1.3343750000000005,28.381999999999998,-0.11385292546989689,0.8943635121313908
120.9,24.5,247.5951,SSP1-2.6,2081-2100,3.1056999999999846,52.638799999999996,79.35979999999995,1.2211999999999996,2.9607000000000028,1.0696000000000012,30.522,51.8243,81.90557499999994,1.0084125000000004,2.4685125,0.7212125,28.8315,-0.11385292546989689,0.9575592925011822
120.9,24.55,236.4759,SSP1-2.6,2081-2100,-12.162599999999998,52.3283,41.39489999999978,0.764800000000001,3.625,-0.13930000000000042,30.072,51.071425,59.038287500000024,0.93635,2.144187500000001,0.41428750000000014,29.0655,-0.11385292546989689,1.0207550728709736
120.9,24.6,207.7669,SSP1-2.6,2081-2100,-12.869100000000003,50.47429999999999,37.95029999999997,0.7819000000000003,2.0911000000000044,0.060699999999998866,28.849999999999998,50.60935,60.70226250000002,0.8883375000000004,2.628350000000001,0.035499999999999976,29.26425,-0.11385292546989689,1.0839508532407651
120.9,24.65,186.1524,SSP1-2.6,2081-2100,-10.3339,49.706500000000005,59.80970000000002,0.8881000000000014,2.0392999999999972,0.3981999999999992,28.83,50.735412499999995,77.93845000000002,0.8614874999999995,3.050675000000001,-0.07321250000000001,28.945,-0.11385292546989689,1.147146633610552
120.9,24.7,162.078,SSP1-2.6,2081-2100,-4.909500000000008,51.306099999999994,85.68470000000002,0.842299999999998,3.9624999999999986,-0.8428999999999993,27.576000000000004,51.51025,86.38072499999998,0.7435625000000003,0.8841499999999991,-0.03883749999999986,29.61775,-0.11385292546989689,1.2103424139803434
120.9,24.75,129.2189,SSP1-2.6,2081-2100,2.0811999999999955,54.060300000000005,68.82639999999992,0.15690000000000026,0.9089000000000027,-0.2929000000000004,31.158,52.221925,86.20961249999996,0.6668125000000003,0.8022124999999987,-0.1694374999999999,29.6455,-0.11385292546989689,1.273538194350135
120.9,24.8,125.7672,SSP1-2.6,2081-2100,4.287599999999998,52.516200000000005,78.1386,0.4664999999999999,3.2945999999999955,-0.1910999999999996,29.744,52.448475,76.74681249999998,0.5606750000000003,0.5084625000000003,-0.26051250000000004,30.006750000000004,-0.11385292546989689,1.3367339747199263
120.9,24.85,123.3388,SSP1-2.6,2081-2100,4.85029999999999,52.08930000000001,87.15930000000003,0.6295999999999999,1.4607000000000028,-0.6303999999999998,30.832,51.839275,75.7912125,0.5187750000000007,2.952000000000001,-0.17747500000000005,29.695500000000003,-0.11385292546989689,1.3999297550897176
120.95,22.45,244.9499,SSP1-2.6,2081-2100,-12.714500000000015,51.923199999999994,47.17020000000002,0.5637000000000008,10.694599999999998,3.4304000000000006,23.644,48.19126249999999,97.67257500000005,0.9608624999999997,11.7386125,3.5821375,22.49175,-0.008159085388675564,-1.6334677026602307
120.95,22.5,240.3232,SSP1-2.6,2081-2100,-10.755500000000012,47.2645,53.052999999999884,0.7700999999999993,11.339299999999998,3.5661000000000005,21.996000000000002,47.1828,82.50218750000002,0.8935374999999999,11.519187500000001,3.4073625,21.57075,-0.008159085388675564,-1.570271922290439
120.95,22.55,251.542,SSP1-2.6,2081-2100,-20.050100000000015,47.87259999999999,56.93550000000005,0.5008000000000017,10.8,3.0518,22.954,47.370900000000006,46.62275000000005,0.6734374999999999,10.145312500000001,3.3727750000000003,21.38025,-0.008159085388675564,-1.5070761419206478
120.95,22.6,286.5512,SSP1-2.6,2081-2100,-29.941100000000006,48.5636,17.20530000000008,0.29820000000000135,9.283900000000003,3.9125000000000005,22.464,47.492687499999995,39.40472500000004,0.5957125000000003,9.243087500000001,3.1779,21.375500000000002,-0.008159085388675564,-1.4438803615508562
120.95,22.65,375.6943,SSP1-2.6,2081-2100,-43.54129999999998,45.2763,-59.56829999999991,0.15990000000000038,6.367900000000002,3.9107000000000003,19.043999999999997,46.6821125,29.578550000000064,0.5378250000000002,7.992637500000001,3.4044625,21.14725,-0.008159085388675564,-1.3806845811810693
120.95,22.7,384.2909,SSP1-2.6,2081-2100,-43.4341,45.3273,-22.727100000000064,0.18849999999999767,5.0625,3.8195999999999994,18.618,44.372725,22.951912500000105,0.5708250000000006,7.5663124999999996,3.4457499999999994,20.186,-0.008159085388675564,-1.317488800811278
120.95,22.75,337.9073,SSP1-2.6,2081-2100,-41.8399,44.9007,6.376499999999851,0.6108000000000011,6.269599999999997,3.3713999999999995,20.418,41.371700000000004,33.65715000000006,0.7239250000000004,7.536849999999999,3.39375,17.985999999999997,-0.008159085388675564,-1.2542930204414864
120.95,22.8,285.5942,SSP1-2.6,2081-2100,-28.18810000000002,35.3164,29.364900000000034,1.1986000000000026,7.064299999999996,3.0464,13.033999999999999,42.466750000000005,46.91286249999993,1.0846125000000004,8.026575,3.1062499999999993,18.12375,-0.008159085388675564,-1.191097240071695
120.95,22.85,255.1593,SSP1-2.6,2081-2100,-15.232699999999994,46.482000000000006,54.96070000000009,1.572499999999998,8.817900000000002,2.8268000000000004,19.398,40.4441875,77.67154999999991,1.5327125000000006,7.940849999999999,2.9531125,16.33125,-0.008159085388675564,-1.1279014597019037
120.95,22.9,236.5576,SSP1-2.6,2081-2100,-3.8274000000000115,43.4523,118.0444,2.0702999999999996,8.246400000000001,2.6857000000000006,18.068,39.02645,142.54749999999996,2.0142749999999996,7.0899625,2.8334625000000004,14.8455,-0.008159085388675564,-1.0647056793321166
120.95,22.95,234.3535,SSP1-2.6,2081-2100,14.627399999999994,30.189999999999998,242.00749999999994,2.673099999999998,5.358899999999998,2.4875000000000007,8.122,35.33177499999999,203.24250000000004,2.2985,6.558487500000001,2.8274375000000003,12.892,-0.008159085388675564,-1.0015098989623252
120.95,23.0,232.8915,SSP1-2.6,2081-2100,25.326700000000017,26.305999999999997,300.88650000000007,2.8004,7.616099999999999,2.875,8.254,30.818037500000003,231.89194999999998,2.2716000000000003,5.6265624999999995,2.6359250000000003,9.779,-0.008159085388675564,-0.9383141185925338
120.95,23.05,232.9709,SSP1-2.6,2081-2100,18.184699999999992,26.699000000000005,254.10730000000012,2.1555999999999997,5.773199999999996,2.5500000000000007,8.004,31.04595,223.55960000000007,2.011725,5.131249999999998,2.6198625,9.89875,-0.008159085388675564,-0.8751183382227424
120.95,23.1,247.647,SSP1-2.6,2081-2100,12.129700000000014,34.74530000000001,222.71290000000022,1.7049999999999983,3.308899999999994,2.8286,10.55,34.075075,193.93793750000003,1.5923500000000002,4.188162499999997,2.5649375,11.762249999999998,-0.008159085388675564,-0.811922557852951
120.95,23.15,269.5686,SSP1-2.6,2081-2100,6.90749999999997,40.133399999999995,193.95560000000023,1.3706999999999994,2.435699999999997,2.2964,15.339999999999998,39.8322,169.70158750000004,1.3445249999999995,3.2202999999999977,2.7426249999999994,14.48275,-0.008159085388675564,-0.748726777483164
120.95,23.2,300.2097,SSP1-2.6,2081-2100,-8.454700000000003,46.0625,167.9987000000001,1.1559999999999988,3.007100000000001,3.1464,17.426,43.5210875,139.2999375,1.1403624999999997,3.173437499999998,2.7504374999999994,17.490499999999997,-0.008159085388675564,-0.6855309971133726
120.95,23.25,344.9796,SSP1-2.6,2081-2100,-18.802300000000002,46.4904,160.18939999999975,1.1602999999999994,3.7928999999999995,2.3035999999999994,19.996,45.5446125,118.23528750000003,0.9923124999999993,2.7620499999999986,3.0073499999999997,18.8925,-0.008159085388675564,-0.6223352167435812
120.95,23.3,332.6699,SSP1-2.6,2081-2100,-16.970899999999972,49.46399999999999,157.9094,1.0874999999999986,0.7999999999999972,2.935699999999999,20.268,44.6736875,101.21637500000003,0.8339249999999994,3.3082624999999997,2.7950875,19.584,-0.008159085388675564,-0.5591394363737897
120.95,23.35,294.6614,SSP1-2.6,2081-2100,-16.28520000000003,45.2267,116.74800000000005,0.7485999999999997,2.4660999999999973,2.9946,19.892,44.3515125,106.64294999999996,0.7969999999999993,3.0825875000000007,2.6361624999999997,19.593500000000002,-0.008159085388675564,-0.4959436560039983
120.95,23.4,277.6213,SSP1-2.6,2081-2100,-12.672900000000027,45.2208,108.66499999999996,0.5569999999999986,3.3785999999999987,3.3553999999999995,20.406,42.43415,111.79712500000002,0.8056124999999996,2.6607125,2.45,19.33025,-0.008159085388675564,-0.43274787563421135
120.95,23.45,284.7185,SSP1-2.6,2081-2100,-4.873499999999979,35.1027,142.68380000000025,0.7116000000000007,0.7553999999999945,2.9518000000000004,18.503999999999998,44.48661249999999,112.13793749999994,0.7734625000000004,1.9522250000000003,2.5544624999999996,20.185499999999998,-0.008159085388675564,-0.3695520952644199
120.95,23.5,293.0801,SSP1-2.6,2081-2100,-1.1213000000000193,44.8294,157.1912000000002,0.6910000000000025,-0.8892999999999986,2.9963999999999995,22.272,46.510875,99.16878750000004,0.7134000000000005,1.8857124999999995,2.8100500000000004,21.63225,-0.008159085388675564,-0.3063563148946285
120.95,23.55,264.764,SSP1-2.6,2081-2100,-3.4927000000000135,53.828399999999995,89.69650000000001,0.633300000000002,2.069600000000001,3.5821000000000005,24.68,49.4350375,85.37982500000001,0.6918625000000005,2.4203,2.7801374999999995,23.491,-0.008159085388675564,-0.24316053452483705
120.95,23.6,284.1808,SSP1-2.6,2081-2100,-13.93829999999997,43.2122,64.99540000000025,0.7876000000000012,3.3964,2.696399999999999,20.468,54.4241875,74.82336249999997,0.7559249999999995,2.867399999999999,3.0573625,26.119999999999997,-0.008159085388675564,-0.17996475415504562
120.95,23.65,282.0884,SSP1-2.6,2081-2100,-20.584000000000003,48.9501,74.24089999999978,0.9574999999999996,1.8624999999999972,2.6624999999999996,22.921999999999997,54.265262500000006,76.16538749999998,0.9181249999999999,2.9263249999999985,2.8171749999999998,26.783249999999995,-0.008159085388675564,-0.11676897378525869
120.95,23.7,267.0414,SSP1-2.6,2081-2100,-17.573800000000006,46.34830000000001,90.7197000000001,1.2276000000000025,1.5893000000000015,2.5607000000000006,22.7,56.6704,66.79863749999996,0.9351249999999993,3.0897249999999987,2.814725,28.481499999999997,-0.008159085388675564,-0.053573193415467256
120.95,23.75,234.9577,SSP1-2.6,2081-2100,-9.56559999999999,57.428,52.82730000000015,0.9792999999999985,3.564299999999996,2.4268,29.637999999999998,56.419737500000004,51.67507500000002,0.8648375000000006,3.6236625,2.7051250000000007,27.942999999999998,-0.008159085388675564,0.009622586954324176
120.95,23.8,217.9916,SSP1-2.6,2081-2100,2.1414000000000044,60.439600000000006,20.48660000000018,0.6014000000000017,3.605400000000003,2.9946,28.766,56.9027375,15.904537500000004,0.6538750000000002,3.9924125000000004,2.5567,28.02375,-0.008159085388675564,0.0728183673241156
120.95,23.85,229.2761,SSP1-2.6,2081-2100,12.983799999999974,60.791399999999996,-17.357200000000375,0.4684000000000026,4.389299999999999,1.6196000000000002,30.196,55.096312499999996,14.755087500000144,0.6303125,3.511825000000001,2.3935375,25.829,-0.008159085388675564,0.13601414769390704
120.95,23.9,196.9245,SSP1-2.6,2081-2100,19.845699999999994,52.497499999999995,23.976800000000367,0.6789999999999985,3.1820999999999984,2.0875000000000004,22.863999999999997,54.89075,27.33363749999998,0.7160500000000001,3.000437500000001,2.02255,25.932000000000002,-0.008159085388675564,0.19920992806369398
120.95,23.95,185.3342,SSP1-2.6,2081-2100,18.82849999999999,55.3112,74.92250000000013,0.9494000000000007,3.1607000000000056,1.9338999999999995,25.212000000000003,54.40016250000001,71.29748750000005,0.9003624999999991,2.8432874999999997,1.9265625000000002,25.804499999999997,-0.008159085388675564,0.26240570843348543
120.95,24.0,189.1248,SSP1-2.6,2081-2100,13.052600000000012,55.7072,115.71109999999999,0.799199999999999,2.2785999999999973,2.3964,28.785999999999998,55.614925,98.33955000000003,1.0122374999999995,2.6694250000000004,1.8738875,26.57475,-0.008159085388675564,0.32560148880327683
120.95,24.05,208.9561,SSP1-2.6,2081-2100,23.556100000000015,55.8364,111.77750000000015,0.9329000000000001,1.1178999999999988,1.9679000000000002,26.918,56.040299999999995,123.20482499999997,1.2235999999999998,2.8276749999999993,1.8600374999999998,27.544,-0.008159085388675564,0.3887972691730683
120.95,24.1,221.9666,SSP1-2.6,2081-2100,32.983599999999996,55.243100000000005,121.64840000000004,1.506800000000002,2.633899999999997,1.3249999999999993,26.04,54.76157499999999,127.72360000000006,1.3827124999999998,2.75425,1.9263499999999998,26.58425,-0.008159085388675564,0.4519930495428597
120.95,24.15,244.2324,SSP1-2.6,2081-2100,29.02109999999996,52.00750000000001,118.92920000000004,1.5252999999999979,2.116100000000003,2.221399999999999,25.26,53.5258625,139.69787500000007,1.5298125000000007,2.603562499999999,1.8441999999999996,25.146,-0.008159085388675564,0.5151888299126467
120.95,24.2,259.8112,SSP1-2.6,2081-2100,29.2568,50.86690000000001,118.60260000000017,1.5580999999999996,0.8999999999999986,1.6768,22.066,50.6415,134.26141250000018,1.5118249999999995,2.1915250000000004,1.965625,23.216,-0.008159085388675564,0.578384610282438
120.95,24.25,269.7017,SSP1-2.6,2081-2100,27.12869999999998,46.804,105.75120000000015,1.689899999999998,0.32500000000000284,1.8195999999999994,19.256,50.4651875,122.44920000000013,1.4442249999999999,1.2035875000000003,1.784825,23.3765,-0.008159085388675564,0.6415803906522295
120.95,24.3,302.1375,SSP1-2.6,2081-2100,11.847300000000018,51.305099999999996,77.19669999999996,1.419599999999999,-0.5588999999999942,1.5393000000000008,25.04,49.1316875,112.74833750000005,1.425525,0.17879999999999985,1.6707500000000004,23.14275,-0.008159085388675564,0.704776171022021
120.95,24.35,321.8954,SSP1-2.6,2081-2100,-0.9307999999999765,50.1876,126.91599999999971,1.1942000000000021,-1.8374999999999986,1.6411000000000016,25.966,49.768537499999994,92.32713750000005,1.2646374999999996,0.7203250000000017,1.5839250000000005,24.58025,-0.008159085388675564,0.7679719513918124
120.95,24.4,287.059,SSP1-2.6,2081-2100,6.419099999999958,48.550700000000006,80.16190000000006,1.1530999999999985,2.866100000000003,1.4929000000000006,24.251999999999995,49.4307125,101.48189999999994,1.072075,0.8810124999999998,1.5658500000000004,25.027,-0.008159085388675564,0.8311677317615993
120.95,24.45,301.5276,SSP1-2.6,2081-2100,8.586099999999988,50.28940000000001,93.56389999999965,0.9910999999999994,2.674999999999997,1.5411000000000001,25.464,48.6056375,76.91185000000004,0.961549999999999,2.5057875000000003,1.3991125000000004,25.0885,-0.008159085388675564,0.8943635121313908
120.95,24.5,291.8077,SSP1-2.6,2081-2100,5.489599999999996,48.740500000000004,48.604699999999866,0.8325999999999993,1.4338999999999942,1.2018000000000004,26.491999999999997,49.2286875,56.46932499999994,0.9118874999999997,2.7993125,0.8812625000000001,26.07025,-0.008159085388675564,0.9575592925011822
120.95,24.55,261.5396,SSP1-2.6,2081-2100,-16.206400000000002,51.870799999999996,17.98829999999998,0.9305000000000021,-0.3053999999999988,-0.032099999999999795,29.150000000000002,49.4386,33.948399999999964,0.8116874999999997,3.0779000000000005,0.5941999999999998,27.344499999999996,-0.008159085388675564,1.0207550728709736
120.95,24.6,233.6375,SSP1-2.6,2081-2100,-16.2526,49.8292,20.43600000000015,0.7973999999999997,1.2143000000000015,0.3874999999999993,29.31,50.448975,45.59703749999997,0.7993625000000009,2.746662500000002,0.20313749999999953,28.86925,-0.008159085388675564,1.0839508532407651
120.95,24.65,207.5133,SSP1-2.6,2081-2100,-11.935899999999975,49.384499999999996,93.20590000000016,0.8348000000000013,2.553600000000003,-0.10709999999999908,29.061999999999998,51.085162499999996,67.41482500000001,0.7772749999999999,2.61095,0.015624999999999667,29.381999999999998,-0.008159085388675564,1.147146633610552
120.95,24.7,171.6327,SSP1-2.6,2081-2100,-4.76509999999999,53.1322,113.19939999999997,0.6906999999999996,1.7892999999999972,-0.14639999999999986,30.451999999999998,51.585925,79.67398750000001,0.7307625000000004,0.471425,-0.13683750000000006,29.726750000000003,-0.008159085388675564,1.2103424139803434
120.95,24.75,131.9503,SSP1-2.6,2081-2100,5.262599999999992,53.1489,63.92039999999997,0.5877000000000017,-12.005400000000002,0.08570000000000011,29.978,52.618925000000004,85.03949999999998,0.6052,2.3513249999999983,-0.2921999999999998,30.01525,-0.008159085388675564,1.273538194350135
120.95,24.8,131.9864,SSP1-2.6,2081-2100,4.5131000000000085,52.8063,79.24939999999992,0.4048000000000016,3.071399999999997,-0.042899999999999494,29.896,52.4301375,73.97179999999997,0.5344375000000006,0.524537500000001,-0.1783625000000002,30.2005,-0.008159085388675564,1.3367339747199263
120.95,24.85,128.2105,SSP1-2.6,2081-2100,5.095300000000009,51.1053,69.62509999999997,0.42109999999999914,3.5857000000000028,-0.11070000000000046,29.830000000000002,51.4928625,78.16085000000004,0.6165625000000006,2.952675,-0.28059999999999996,29.601000000000003,-0.008159085388675564,1.3999297550897176
120.95,24.9,128.708,SSP1-2.6,2081-2100,5.36160000000001,50.215599999999995,101.24220000000014,0.9772999999999996,0.5929000000000002,-0.28749999999999964,28.977999999999998,50.609224999999995,75.79330000000002,0.6626500000000002,4.4125000000000005,-0.22925000000000006,29.205,-0.008159085388675564,1.4631255354595045
121.0,22.55,233.2394,SSP1-2.6,2081-2100,-18.186199999999985,50.439,66.45710000000008,0.6788999999999987,11.410700000000002,2.710700000000001,22.642000000000003,47.4023375,63.163737500000025,0.7129250000000003,10.358925000000001,3.3339375,21.87075,0.09753475469254576,-1.5070761419206478
121.0,22.6,228.2414,SSP1-2.6,2081-2100,-19.050700000000006,50.8282,67.4022,0.7270000000000003,10.114299999999997,2.6893000000000002,23.131999999999998,48.221137500000005,43.58667500000007,0.5736500000000002,9.257812500000002,3.2727625000000002,22.18775,0.09753475469254576,-1.4438803615508562
121.0,22.65,255.3947,SSP1-2.6,2081-2100,-17.28880000000001,48.0942,82.2811999999999,0.6539000000000001,8.687500000000004,3.2589000000000006,22.656000000000002,48.006474999999995,23.905687500000028,0.5313750000000002,8.2154125,3.2528875,21.427999999999997,0.09753475469254576,-1.3806845811810693
121.0,22.7,283.8308,SSP1-2.6,2081-2100,-25.270500000000027,48.2655,101.6885000000002,0.8011999999999979,9.789299999999997,3.7375000000000007,23.426000000000002,47.8115625,35.892112499999996,0.5700375000000002,7.663175000000001,3.18235,21.4135,0.09753475469254576,-1.317488800811278
121.0,22.75,295.801,SSP1-2.6,2081-2100,-31.62639999999999,49.60390000000001,101.63770000000022,0.9174000000000007,8.817899999999998,3.7642999999999995,23.093999999999998,46.3378,52.10112499999997,0.8540000000000001,7.363612499999999,3.2276625,20.633499999999998,0.09753475469254576,-1.2542930204414864
121.0,22.8,290.8779,SSP1-2.6,2081-2100,-30.456099999999992,47.9986,66.6569999999997,1.4816000000000003,6.898199999999996,3.5,21.398,46.7557875,71.592625,1.3041875000000003,7.761837499999999,3.092625,20.707,0.09753475469254576,-1.191097240071695
121.0,22.85,280.0154,SSP1-2.6,2081-2100,-17.99630000000002,48.1339,79.64599999999973,2.2744,7.441099999999999,2.7463999999999995,20.686,46.077987500000006,111.67721250000002,1.8801249999999996,7.499775,3.0778875,20.0995,0.09753475469254576,-1.1279014597019037
121.0,22.9,269.019,SSP1-2.6,2081-2100,7.920599999999979,45.4633,189.4675000000002,3.0036999999999985,6.0946,2.971399999999999,20.061999999999998,42.3317,176.81187499999996,2.3770374999999992,6.6792500000000015,2.93325,16.77375,0.09753475469254576,-1.0647056793321166
121.0,22.95,260.8454,SSP1-2.6,2081-2100,37.07470000000001,31.219500000000004,331.3825999999999,3.5763,3.8393000000000015,3.382100000000001,8.886,39.247662500000004,235.88666250000003,2.6719999999999997,5.993750000000001,2.8287875,15.0995,0.09753475469254576,-1.0015098989623252
121.0,23.0,243.1891,SSP1-2.6,2081-2100,31.269200000000012,31.011800000000008,325.6274000000001,3.2906000000000013,3.275000000000002,2.8161000000000005,9.929999999999998,33.323975000000004,266.93145,2.6082875,5.379024999999999,2.7278875000000005,11.044249999999998,0.09753475469254576,-0.9383141185925338
121.0,23.05,229.3887,SSP1-2.6,2081-2100,21.80850000000001,30.7008,275.40229999999997,2.4510000000000005,5.416099999999997,2.382100000000001,9.796,34.9484875,251.59322500000005,2.2921375,4.545312499999998,2.7555750000000003,11.91025,0.09753475469254576,-0.8751183382227424
121.0,23.1,224.4784,SSP1-2.6,2081-2100,17.40010000000001,36.449799999999996,232.92399999999998,1.8843999999999994,2.242899999999999,2.9732000000000003,11.771999999999998,36.797725,217.42586250000002,1.8207624999999998,4.275212499999997,2.79575,12.78575,0.09753475469254576,-0.811922557852951
121.0,23.15,227.905,SSP1-2.6,2081-2100,11.659199999999998,39.373400000000004,205.95309999999972,1.5299000000000014,2.9517999999999986,3.375,13.547999999999998,41.791762500000004,194.07268750000003,1.5905874999999994,3.683474999999998,3.0028999999999995,15.408749999999998,0.09753475469254576,-0.748726777483164
121.0,23.2,240.4428,SSP1-2.6,2081-2100,7.680000000000007,43.388000000000005,220.61709999999994,1.9214999999999982,4.099999999999998,3.1999999999999993,16.806,44.286775000000006,165.4672,1.4535875000000003,4.183262499999999,3.0678624999999995,17.62325,0.09753475469254576,-0.6855309971133726
121.0,23.25,273.4078,SSP1-2.6,2081-2100,-7.030900000000031,46.413399999999996,159.3662000000004,1.8521999999999998,2.8892999999999986,3.2981999999999996,19.704,43.6986625,150.62866249999996,1.3922249999999994,4.431262499999999,3.106025,18.363249999999997,0.09753475469254576,-0.6223352167435812
121.0,23.3,255.5978,SSP1-2.6,2081-2100,-21.79600000000002,38.632,114.70280000000002,1.134999999999998,3.5249999999999986,3.007100000000001,17.727999999999998,43.345,127.95586250000002,1.2372125,4.364750000000001,2.92455,19.226,0.09753475469254576,-0.5591394363737897
121.0,23.35,232.374,SSP1-2.6,2081-2100,-22.044099999999986,34.933400000000006,92.60730000000012,0.7529000000000003,4.9214000000000055,2.1678999999999995,17.358,42.992075,117.64918749999998,0.9612874999999992,3.8055874999999997,2.8526625,19.12825,0.09753475469254576,-0.4959436560039983
121.0,23.4,219.7043,SSP1-2.6,2081-2100,-17.042599999999993,40.2572,100.94379999999978,0.5900999999999996,3.507100000000001,1.9464000000000006,18.248,40.5856,122.00403750000007,0.7839375,2.8999999999999995,2.6776750000000002,18.791999999999998,0.09753475469254576,-0.43274787563421135
121.0,23.45,223.7154,SSP1-2.6,2081-2100,-7.632899999999978,38.2912,142.3447000000001,0.7103000000000002,0.571399999999997,2.5357000000000003,17.48,40.8786875,132.7302875,0.6841500000000003,1.6327999999999996,2.7258875000000002,19.307499999999997,0.09753475469254576,-0.3695520952644199
121.0,23.5,235.9735,SSP1-2.6,2081-2100,-3.6148000000000025,41.8941,151.5002999999997,0.633700000000001,-0.04999999999999716,2.9000000000000004,18.887999999999998,42.04322499999999,130.8167375000001,0.6757250000000004,0.8274374999999985,2.992175,20.0135,0.09753475469254576,-0.3063563148946285
121.0,23.55,239.3606,SSP1-2.6,2081-2100,-3.5279999999999916,48.272999999999996,114.41800000000012,0.5890999999999984,1.7517999999999958,3.4429,21.344,44.8336125,113.6463,0.7074375000000006,1.6133750000000004,2.8870375,21.2865,0.09753475469254576,-0.24316053452483705
121.0,23.6,244.608,SSP1-2.6,2081-2100,-7.850999999999999,53.0991,80.5319999999997,0.8083999999999989,3.8089000000000013,2.5535999999999994,26.637999999999998,48.17,91.37618750000004,0.7648125000000001,2.145299999999999,2.8604749999999997,22.40475,0.09753475469254576,-0.17996475415504562
121.0,23.65,252.8218,SSP1-2.6,2081-2100,-16.775800000000004,56.3661,69.94290000000001,0.8813999999999993,1.2963999999999984,2.5481999999999996,27.997999999999998,49.859925000000004,82.11866249999997,0.8962625000000002,2.7419624999999996,2.4372624999999997,24.29325,0.09753475469254576,-0.11676897378525869
121.0,23.7,255.6359,SSP1-2.6,2081-2100,-18.918599999999998,58.930400000000006,66.9088999999999,0.9731999999999985,2.7393,2.0214,29.334000000000003,53.1054875,73.55863749999997,0.9011,2.6999999999999993,2.4261,26.660249999999998,0.09753475469254576,-0.053573193415467256
121.0,23.75,236.0405,SSP1-2.6,2081-2100,-12.488100000000003,54.802400000000006,50.209699999999884,0.8266999999999989,5.112500000000004,2.294599999999999,29.216,55.8880625,49.264537500000046,0.8108125000000004,3.743549999999999,2.3397125,28.041,0.09753475469254576,0.009622586954324176
121.0,23.8,228.8837,SSP1-2.6,2081-2100,-4.243099999999998,57.93659999999999,-22.84179999999992,0.49450000000000216,6.8178999999999945,2.7232000000000003,28.709999999999997,56.3485625,13.390950000000004,0.6285875000000005,4.012525,2.2386,28.460749999999997,0.09753475469254576,0.0728183673241156
121.0,23.85,254.3969,SSP1-2.6,2081-2100,5.685200000000037,54.1691,-92.48649999999998,0.21580000000000155,2.917900000000003,2.601799999999999,26.968,54.84805,0.7906500000000847,0.6050500000000008,4.991087499999999,2.1437375000000003,26.707250000000002,0.09753475469254576,0.13601414769390704
121.0,23.9,211.885,SSP1-2.6,2081-2100,13.20150000000001,51.8835,-58.16989999999987,0.5216999999999992,6.6464,1.6018000000000008,25.235999999999997,53.260525,18.31297500000005,0.7281125000000008,4.322325,2.13415,25.627499999999998,0.09753475469254576,0.19920992806369398
121.0,23.95,184.7052,SSP1-2.6,2081-2100,22.847499999999997,55.9408,28.71219999999994,0.8912000000000013,5.810699999999997,2.0767999999999986,26.364,52.010275,67.61413750000008,0.9698999999999995,4.543750000000001,2.18325,25.01025,0.09753475469254576,0.26240570843348543
121.0,24.0,216.031,SSP1-2.6,2081-2100,31.639499999999998,56.3781,134.44970000000012,1.3016999999999967,3.9518000000000058,2.5589000000000013,27.764,52.7072625,109.49811250000005,1.1705,4.1067,2.1618375,25.11325,0.09753475469254576,0.32560148880327683
121.0,24.05,236.8337,SSP1-2.6,2081-2100,39.6344,54.4589,172.37310000000025,1.5351999999999997,2.7661000000000016,2.3142999999999994,26.615999999999996,53.471125,148.1636625,1.4021999999999997,3.7008874999999994,2.0912875,25.33125,0.09753475469254576,0.3887972691730683
121.0,24.1,256.4605,SSP1-2.6,2081-2100,34.23419999999999,55.792899999999996,217.8114999999998,1.8569999999999993,1.7945999999999955,2.0463999999999984,26.770000000000003,50.766675000000006,159.5706375000001,1.5858124999999998,3.99285,1.8562624999999997,22.966749999999998,0.09753475469254576,0.4519930495428597
121.0,24.15,278.4557,SSP1-2.6,2081-2100,23.971100000000035,48.3517,188.90210000000025,1.888300000000001,4.7856999999999985,1.6679000000000013,20.65,50.2728125,168.05303749999996,1.6838875,3.4102499999999987,1.8805749999999994,22.29975,0.09753475469254576,0.5151888299126467
121.0,24.2,281.4165,SSP1-2.6,2081-2100,25.22980000000001,50.2738,158.7129,1.3448000000000029,3.2749999999999986,2.408899999999999,21.046000000000003,46.60380000000001,165.20996250000007,1.7593124999999992,3.4339249999999995,1.7067125,19.5975,0.09753475469254576,0.578384610282438
121.0,24.25,322.664,SSP1-2.6,2081-2100,23.308600000000013,42.688100000000006,148.31590000000006,1.6115999999999993,4.491099999999996,1.142900000000001,16.72,46.73383749999999,140.4525375,1.6011499999999996,2.3029,1.8578125,19.76325,0.09753475469254576,0.6415803906522295
121.0,24.3,337.0487,SSP1-2.6,2081-2100,18.944999999999993,44.2584,100.27739999999994,1.3732000000000006,3.242899999999999,1.7125000000000004,18.5,45.398512499999995,121.13612499999994,1.5044499999999998,1.132362500000001,1.4957625000000003,19.280749999999998,0.09753475469254576,0.704776171022021
121.0,24.35,312.3891,SSP1-2.6,2081-2100,6.300900000000013,44.97189999999999,95.73979999999983,1.1156000000000006,-0.866100000000003,1.1089000000000002,18.714,45.951637500000004,96.77283749999992,1.2658,1.0857125000000023,1.5406375000000005,20.817749999999997,0.09753475469254576,0.7679719513918124
121.0,24.4,298.9119,SSP1-2.6,2081-2100,3.032699999999977,45.991899999999994,96.58960000000025,0.6235999999999997,1.5964000000000027,1.4625000000000004,22.086000000000002,45.964712500000005,100.35942499999987,1.0741625,0.7593624999999999,1.5669750000000005,20.917749999999998,0.09753475469254576,0.8311677317615993
121.0,24.45,317.0633,SSP1-2.6,2081-2100,2.6802999999999884,43.3724,87.48829999999998,0.46969999999999956,0.12139999999999418,1.8536000000000001,19.324,45.385112500000005,80.14786249999997,0.9203124999999992,2.1294499999999994,1.4308125000000003,21.3415,0.09753475469254576,0.8943635121313908
121.0,24.5,319.3667,SSP1-2.6,2081-2100,-0.8024999999999523,42.3169,22.503900000000158,0.7674999999999983,4.207099999999997,0.9625000000000004,18.48,46.1640625,51.663874999999905,0.8344125,2.3863749999999984,1.2259125,22.740000000000002,0.09753475469254576,0.9575592925011822
121.0,24.55,305.1535,SSP1-2.6,2081-2100,-5.572499999999991,47.6531,-12.103000000000065,0.8143999999999991,4.878600000000006,0.6053999999999995,25.464000000000002,47.2227625,27.341774999999984,0.7842250000000006,2.6731999999999987,0.9118499999999998,24.661,0.09753475469254576,1.0207550728709736
121.0,24.6,252.4526,SSP1-2.6,2081-2100,-3.108899999999977,51.527699999999996,33.440599999999904,0.5137,4.212499999999999,0.6053999999999995,29.565999999999995,49.175125,40.482050000000044,0.7915875000000012,2.6567000000000016,0.6680999999999997,27.590249999999997,0.09753475469254576,1.0839508532407651
121.0,24.65,214.3513,SSP1-2.6,2081-2100,-8.4118,50.64659999999999,93.08960000000002,0.8667000000000016,2.878600000000006,0.23389999999999844,29.96,50.55358749999999,71.04042500000003,0.6985750000000004,2.389287499999999,0.38372499999999987,29.2885,0.09753475469254576,1.147146633610552
121.0,24.7,179.7886,SSP1-2.6,2081-2100,-4.014700000000005,52.0587,95.70830000000001,0.8373999999999988,2.6999999999999957,-0.5713999999999988,30.512,51.3063625,86.1983625,0.7354375000000006,-0.05736249999999998,0.09822499999999967,29.939999999999998,0.09753475469254576,1.2103424139803434
121.0,24.75,146.3956,SSP1-2.6,2081-2100,4.849899999999991,52.3758,77.14689999999996,0.8322000000000003,0.7338999999999984,0.0017999999999993577,30.738,52.2108875,83.62991249999999,0.6711125000000004,0.17164999999999875,-0.1832499999999999,30.2635,0.09753475469254576,1.273538194350135
121.0,24.8,140.3764,SSP1-2.6,2081-2100,8.093400000000003,52.6958,82.3623,0.6108000000000011,2.3500000000000014,-0.25180000000000025,30.046000000000003,51.8096,70.48116250000001,0.6335125000000006,0.39218750000000036,-0.16137500000000016,30.041000000000004,0.09753475469254576,1.3367339747199263
121.0,24.85,133.1036,SSP1-2.6,2081-2100,7.734800000000007,51.4495,64.59539999999993,0.5707000000000022,3.867900000000006,-0.03750000000000053,29.278,50.8495875,76.73613750000007,0.6986375000000002,3.384825,-0.16607500000000008,29.483000000000004,0.09753475469254576,1.3999297550897176
121.0,24.9,136.3656,SSP1-2.6,2081-2100,2.4025000000000034,49.8652,62.290300000000116,0.5421000000000014,5.944600000000001,-0.20540000000000003,28.634,49.1558625,88.33031250000005,0.8882249999999998,4.6301499999999995,-0.04486250000000003,28.527500000000003,0.09753475469254576,1.4631255354595045
121.0,24.95,138.7093,SSP1-2.6,2081-2100,-1.0410000000000252,49.4679,86.7313999999999,0.8109000000000002,7.351799999999997,-0.5213999999999999,27.846,48.148450000000004,87.92466250000004,0.9661125000000004,5.1685375,0.028337499999999904,28.139,0.09753475469254576,1.526321315829296
121.0,25.0,142.3879,SSP1-2.6,2081-2100,-2.8318000000000154,46.88100000000001,66.82870000000003,0.8618000000000023,8.325000000000003,-0.5375000000000005,27.486000000000004,47.174175000000005,107.62031250000001,1.2255625,5.476337499999999,-0.11339999999999983,27.890749999999997,0.09753475469254576,1.5895170961990874
121.05,22.65,227.0661,SSP1-2.6,2081-2100,-20.0676,50.28,43.20460000000003,0.8137000000000008,10.151800000000001,2.3070999999999993,23.162,48.7456125,51.26850000000002,0.632625,8.6538,3.0723250000000006,22.17825,0.2032285947737671,-1.3806845811810693
121.05,22.7,229.6971,SSP1-2.6,2081-2100,-21.393200000000007,49.4111,60.66579999999999,0.5728000000000009,7.737500000000004,2.4000000000000004,21.926,48.98137500000001,67.17013750000004,0.7610749999999995,8.431037499999999,3.028125,22.403000000000002,0.2032285947737671,-1.317488800811278
121.05,22.75,241.0917,SSP1-2.6,2081-2100,-23.6378,49.599000000000004,75.26649999999995,0.6433,8.210699999999996,2.626800000000001,22.39,49.398675,89.56815000000003,1.0381875000000003,7.8868374999999995,3.0473250000000003,22.9545,0.2032285947737671,-1.2542930204414864
121.05,22.8,266.0909,SSP1-2.6,2081-2100,-24.450199999999967,49.883799999999994,99.51690000000008,1.3352000000000004,7.876800000000003,3.3196000000000003,23.857999999999997,48.638425,96.05781249999998,1.3252250000000005,7.442637499999998,3.0151875,22.375500000000002,0.2032285947737671,-1.191097240071695
121.05,22.85,291.6802,SSP1-2.6,2081-2100,-21.695600000000013,50.126599999999996,125.97180000000003,1.8812999999999995,7.596399999999999,3.039300000000001,22.778000000000002,47.411175,120.11739999999998,1.846025,7.568299999999999,3.0350249999999996,21.7595,0.2032285947737671,-1.1279014597019037
121.05,22.9,281.962,SSP1-2.6,2081-2100,-5.857300000000009,49.9009,209.43450000000007,2.497799999999998,7.403600000000004,3.2338999999999984,22.200000000000003,44.1485625,165.60566249999997,2.2185875,6.9982125,2.974325,18.8495,0.2032285947737671,-1.0647056793321166
121.05,22.95,248.7601,SSP1-2.6,2081-2100,8.522900000000021,39.1484,253.0474999999999,2.470600000000001,4.730400000000003,3.0643000000000002,14.052,43.648762500000004,217.5648375,2.4666875,6.398212500000001,2.9908374999999996,18.013,0.2032285947737671,-1.0015098989623252
121.05,23.0,231.4066,SSP1-2.6,2081-2100,12.237600000000015,48.5086,248.57799999999997,2.5695000000000014,5.225000000000001,2.4963999999999995,20.108,37.80865,240.17799999999997,2.3248,5.228587500000001,2.924550000000001,13.85375,0.2032285947737671,-0.9383141185925338
121.05,23.05,226.0089,SSP1-2.6,2081-2100,10.60759999999999,33.81949999999999,230.0399,2.1697999999999986,5.073199999999996,2.585700000000001,11.132,40.643150000000006,222.3153375,2.0338375000000006,4.539300000000001,2.8435125,15.359,0.2032285947737671,-0.8751183382227424
121.05,23.1,222.386,SSP1-2.6,2081-2100,6.814899999999994,42.04789999999999,197.86979999999994,1.761800000000001,3.8481999999999985,2.919599999999999,15.532,40.916525,193.90437499999996,1.687275,4.420099999999999,2.967625,15.345749999999999,0.2032285947737671,-0.811922557852951
121.05,23.15,228.6602,SSP1-2.6,2081-2100,0.754400000000004,46.8625,159.36599999999999,1.4223,5.394599999999997,3.4286000000000003,18.384,43.8283625,178.96861249999992,1.5614375000000003,3.9839374999999992,3.0892874999999993,16.71525,0.2032285947737671,-0.748726777483164
121.05,23.2,215.6993,SSP1-2.6,2081-2100,-4.919799999999981,44.64469999999999,157.13739999999984,1.5030000000000001,5.130399999999998,3.2303999999999995,17.46,45.002975,156.56678749999998,1.5999250000000003,5.21495,3.2009,17.978749999999998,0.2032285947737671,-0.6855309971133726
121.05,23.25,211.5235,SSP1-2.6,2081-2100,-7.895900000000012,44.313900000000004,119.77119999999991,1.6343000000000032,7.8643,3.4642999999999997,19.128,42.503524999999996,144.93877500000002,1.6165499999999995,5.6323625,3.1933,17.738999999999997,0.2032285947737671,-0.6223352167435812
121.05,23.3,207.615,SSP1-2.6,2081-2100,-8.905500000000018,36.593799999999995,106.70330000000013,1.5401999999999987,7.230400000000003,3.5607000000000006,18.094,42.9202875,130.13971250000003,1.4739250000000006,5.543962500000001,3.0133875000000003,18.997,0.2032285947737671,-0.5591394363737897
121.05,23.35,199.6455,SSP1-2.6,2081-2100,-13.978100000000012,43.3244,110.35209999999984,1.1217000000000006,4.953600000000002,2.6714,19.368000000000002,42.1411875,128.2416125,1.230825,5.101100000000002,2.8658375000000005,19.218249999999998,0.2032285947737671,-0.4959436560039983
121.05,23.4,191.6569,SSP1-2.6,2081-2100,-11.994,45.2177,125.16910000000007,0.9101999999999997,4.5839,2.3500000000000014,19.022000000000002,42.4748,134.9457625,0.9806125000000003,3.415612500000002,2.5917250000000003,19.399250000000002,0.2032285947737671,-0.43274787563421135
121.05,23.45,190.2957,SSP1-2.6,2081-2100,-7.335900000000009,37.3679,137.46230000000014,0.7591999999999999,1.5696000000000012,2.3946000000000005,18.305999999999997,42.19725,142.93434999999994,0.8224,2.322537500000001,2.6435125000000004,19.150750000000002,0.2032285947737671,-0.3695520952644199
121.05,23.5,195.1576,SSP1-2.6,2081-2100,-5.254700000000014,37.1397,138.2267999999999,0.6204000000000001,0.20709999999999695,2.9124999999999996,18.814,41.288737499999996,142.88852500000004,0.7416874999999998,1.3973250000000004,2.7874875,18.61675,0.2032285947737671,-0.3063563148946285
121.05,23.55,201.5322,SSP1-2.6,2081-2100,-4.727599999999995,41.51349999999999,124.51060000000007,0.6908999999999992,0.5838999999999999,3.1213999999999995,18.708000000000002,42.028575000000004,129.22739999999996,0.7382124999999999,1.97635,2.743975,19.759500000000003,0.2032285947737671,-0.24316053452483705
121.05,23.6,207.0804,SSP1-2.6,2081-2100,-5.085199999999986,43.152499999999996,102.51760000000013,0.7942,3.7804,2.3339,19.824,45.359225,111.41107500000001,0.7907875,2.3285624999999994,2.7285625,21.41,0.2032285947737671,-0.17996475415504562
121.05,23.65,216.5508,SSP1-2.6,2081-2100,-10.716200000000015,50.06420000000001,90.68759999999997,0.7845000000000013,2.4213999999999984,2.4963999999999995,23.293999999999997,48.4898,99.07654999999994,0.8765499999999995,2.8718749999999993,2.386375,23.9165,0.2032285947737671,-0.11676897378525869
121.05,23.7,233.9575,SSP1-2.6,2081-2100,-17.208200000000005,55.122600000000006,86.34719999999993,0.8370999999999995,2.3374999999999986,2.1731999999999996,29.166,51.4678625,91.26842499999995,0.8609249999999995,3.0321374999999993,2.3118125,25.62675,0.2032285947737671,-0.053573193415467256
121.05,23.75,243.289,SSP1-2.6,2081-2100,-17.16919999999999,55.76219999999999,73.49379999999996,0.7147000000000006,3.4161,2.2463999999999995,28.348,53.5651,69.11892499999996,0.7863249999999993,4.068537499999999,2.15535,27.1025,0.2032285947737671,0.009622586954324176
121.05,23.8,226.6518,SSP1-2.6,2081-2100,-11.260999999999996,55.136799999999994,26.174600000000055,0.6586999999999996,5.878599999999999,1.5714000000000006,27.666,51.7459875,38.448800000000006,0.6697000000000002,4.0701125000000005,2.1578124999999995,26.13075,0.2032285947737671,0.0728183673241156
121.05,23.85,227.46,SSP1-2.6,2081-2100,-2.1269000000000062,52.259,-6.220699999999852,0.5637000000000008,3.2160999999999973,2.153599999999999,26.888,50.6833125,23.079075000000046,0.7113500000000008,5.3192125,1.92545,24.78275,0.2032285947737671,0.13601414769390704
121.05,23.9,222.2441,SSP1-2.6,2081-2100,6.369699999999995,47.839999999999996,40.276800000000094,0.8530000000000015,6.192900000000002,2.398200000000001,23.331999999999997,49.54215000000001,38.374412500000034,0.8878875000000006,4.9515625,1.7754624999999997,24.044000000000004,0.2032285947737671,0.19920992806369398
121.05,23.95,236.7169,SSP1-2.6,2081-2100,26.073399999999992,47.275200000000005,94.67990000000009,1.2043999999999997,5.7089,2.2018000000000004,23.196,50.29655,81.80182500000001,1.1610875000000003,5.494425,1.9259000000000002,24.23475,0.2032285947737671,0.26240570843348543
121.05,24.0,249.6501,SSP1-2.6,2081-2100,29.51369999999997,49.1895,115.06619999999975,1.450800000000001,5.2286,2.2874999999999996,23.692,49.99835,129.90521250000006,1.4150124999999996,5.175,1.9537999999999998,23.56075,0.2032285947737671,0.32560148880327683
121.05,24.05,247.8418,SSP1-2.6,2081-2100,36.905400000000014,47.938900000000004,162.7424000000001,1.6008999999999993,6.7821,2.1160999999999994,20.122,50.723425,165.3273875,1.6305375,4.5825875,1.9341374999999998,23.68375,0.2032285947737671,0.3887972691730683
121.05,24.1,264.8585,SSP1-2.6,2081-2100,37.11680000000001,51.6829,206.10249999999996,1.7683,5.819600000000001,2.0321,22.558,47.5295,182.61037500000003,1.7887625000000003,4.964487499999999,1.5439749999999999,20.76175,0.2032285947737671,0.4519930495428597
121.05,24.15,276.5115,SSP1-2.6,2081-2100,26.253800000000012,40.614000000000004,194.08989999999994,1.928799999999999,5.921399999999998,1.2053999999999991,15.57,47.1302375,197.70332499999995,1.8212000000000006,4.602649999999999,1.7323625000000002,20.1445,0.2032285947737671,0.5151888299126467
121.05,24.2,296.6736,SSP1-2.6,2081-2100,28.34039999999999,45.7014,208.52729999999974,1.9819999999999993,4.821399999999997,2.1286000000000005,19.088,43.828362500000004,203.74811250000005,1.8209749999999998,4.734587499999999,1.5955500000000002,17.534,0.2032285947737671,0.578384610282438
121.05,24.25,308.0691,SSP1-2.6,2081-2100,29.83269999999999,45.7968,238.56150000000025,1.8904999999999994,4.110700000000001,1.7911000000000001,18.17,42.967650000000006,173.50763749999993,1.7005374999999994,3.699774999999998,1.7147375000000002,17.28575,0.2032285947737671,0.6415803906522295
121.05,24.3,333.5907,SSP1-2.6,2081-2100,30.081099999999992,38.8643,115.99069999999983,1.5510999999999981,2.3070999999999984,1.7857000000000003,14.940000000000001,42.456225,142.8148,1.6158625,2.3430874999999993,1.3120500000000002,16.844749999999998,0.2032285947737671,0.704776171022021
121.05,24.35,308.0292,SSP1-2.6,2081-2100,28.37439999999998,42.570299999999996,60.617199999999684,1.5631000000000022,1.0875000000000057,1.1374999999999993,15.439999999999998,42.155787499999995,106.29461250000003,1.3308375,1.1790124999999998,1.3810250000000004,17.5595,0.2032285947737671,0.7679719513918124
121.05,24.4,289.6841,SSP1-2.6,2081-2100,16.936199999999985,45.884800000000006,116.43319999999994,1.2485,-0.017899999999997362,1.5536000000000012,20.318,42.30886249999999,96.86451250000005,1.1150124999999997,0.6057999999999995,1.4752125,17.542,0.2032285947737671,0.8311677317615993
121.05,24.45,294.0646,SSP1-2.6,2081-2100,12.583000000000027,41.8906,141.95510000000013,0.857999999999997,2.0463999999999984,2.2071000000000005,17.864,42.39008749999999,83.01182500000004,1.0208874999999997,1.8694124999999993,1.4801375,18.038999999999998,0.2032285947737671,0.8943635121313908
121.05,24.5,317.0719,SSP1-2.6,2081-2100,6.342299999999966,39.4161,41.37059999999974,0.8881000000000014,2.2286,1.0249999999999986,15.776000000000002,43.438425,62.70954999999998,0.9271124999999993,3.575212499999998,1.5151750000000002,19.71325,0.2032285947737671,0.9575592925011822
121.05,24.55,334.6958,SSP1-2.6,2081-2100,11.83359999999999,46.0796,-5.5569000000000415,0.890900000000002,6.012499999999996,1.4054000000000002,22.386,44.8935875,46.55457499999994,0.8278625000000002,4.3189625,1.3640624999999997,22.1935,0.2032285947737671,1.0207550728709736
121.05,24.6,295.7651,SSP1-2.6,2081-2100,0.348199999999963,48.0013,39.947000000000116,0.653100000000002,2.382100000000001,1.7393,26.128,48.199012499999995,55.32007499999992,0.7309125000000005,4.144425,1.2707624999999996,26.407999999999998,0.2032285947737671,1.0839508532407651
121.05,24.65,221.7964,SSP1-2.6,2081-2100,-3.413000000000011,49.935900000000004,76.84950000000003,0.5449000000000019,1.6392999999999986,1.112499999999999,29.262,49.4281875,80.57432499999996,0.7332875000000003,2.9156250000000004,0.8517874999999997,28.632999999999996,0.2032285947737671,1.147146633610552
121.05,24.7,182.9404,SSP1-2.6,2081-2100,-5.215100000000007,50.5592,95.53669999999988,0.7165999999999997,2.623199999999997,0.049999999999998934,30.016000000000002,50.233262499999995,86.40094999999997,0.7867125000000001,1.8455500000000002,0.3156374999999998,29.733249999999998,0.2032285947737671,1.2103424139803434
121.05,24.75,161.2503,SSP1-2.6,2081-2100,0.7883999999999958,51.2678,76.63850000000002,0.809899999999999,-0.6713999999999984,-0.44459999999999944,30.051999999999996,50.684974999999994,78.739475,0.7647000000000004,2.425674999999999,-0.11873750000000027,30.03075,0.2032285947737671,1.273538194350135
121.05,24.8,152.8326,SSP1-2.6,2081-2100,7.4266999999999825,52.01819999999999,62.42430000000013,0.7110000000000021,1.5161000000000016,-0.1446000000000005,31.156000000000002,50.4076875,68.73321250000001,0.7550750000000002,2.754925,-0.2091375000000002,29.455,0.2032285947737671,1.3367339747199263
121.05,24.85,141.2455,SSP1-2.6,2081-2100,4.671999999999997,50.305,70.24930000000018,0.7306999999999988,3.0392999999999972,-0.5982000000000003,29.4,49.6217625,72.15921250000005,0.841612500000001,4.448,-0.02210000000000012,28.8945,0.2032285947737671,1.3999297550897176
121.05,24.9,136.1488,SSP1-2.6,2081-2100,4.25,47.7853,86.44620000000009,1.1912999999999982,6.9786,0.3125,27.924,48.56385,83.06828750000003,0.9161375,5.160499999999999,0.013837499999999947,28.30725,0.2032285947737671,1.4631255354595045
121.05,24.95,139.4281,SSP1-2.6,2081-2100,4.303699999999992,45.94219999999999,113.48630000000003,1.001999999999999,5.987499999999997,0.5607000000000006,27.42,47.5079375,94.45612500000004,1.0994750000000004,5.8466499999999995,-0.10425000000000006,27.841500000000003,0.2032285947737671,1.526321315829296
121.05,25.0,144.7718,SSP1-2.6,2081-2100,3.2099999999999795,46.354200000000006,112.83359999999993,1.294900000000002,4.560699999999997,-0.03929999999999989,27.105999999999998,46.9800375,104.88918750000002,1.2525749999999998,6.076124999999999,-0.11093749999999991,27.8495,0.2032285947737671,1.5895170961990874
121.05,25.05,148.9552,SSP1-2.6,2081-2100,12.528199999999998,46.549499999999995,119.27539999999999,1.6584000000000003,7.3232,-0.35889999999999933,27.403999999999996,46.800799999999995,114.20456250000001,1.2761625000000003,5.2944249999999995,-0.08416250000000014,27.756999999999998,0.2032285947737671,1.652712876568879
121.1,22.7,209.7102,SSP1-2.6,2081-2100,-19.494899999999973,49.92699999999999,65.20679999999993,1.204699999999999,9.039299999999997,2.0428999999999995,22.388,49.93585,87.89338750000002,0.8362375000000002,8.1363875,2.8575875,23.27425,0.30892243485498844,-1.317488800811278
121.1,22.75,218.2794,SSP1-2.6,2081-2100,-18.406500000000023,50.75410000000001,90.80290000000014,0.8658999999999999,7.689300000000003,2.6679000000000004,23.490000000000002,50.241725,95.2417125,1.0293500000000004,7.3616125,2.8022375000000004,23.36125,0.30892243485498844,-1.2542930204414864
121.1,22.8,239.6302,SSP1-2.6,2081-2100,-21.228700000000003,49.345400000000005,130.3696,1.1267000000000031,5.246399999999994,2.9463999999999997,24.055999999999997,49.5189375,100.42512500000001,1.2413125000000003,7.357375000000001,2.754037500000001,23.336000000000002,0.30892243485498844,-1.191097240071695
121.1,22.85,261.6494,SSP1-2.6,2081-2100,-26.36840000000001,43.545899999999996,98.1110000000001,1.411200000000001,7.641100000000002,2.8304,21.112000000000002,48.71419999999999,119.5776875,1.4818750000000005,7.702675,2.833025,22.939999999999998,0.30892243485498844,-1.1279014597019037
121.1,22.9,261.195,SSP1-2.6,2081-2100,-21.75399999999999,45.017599999999995,87.73669999999993,1.637599999999999,11.944599999999998,2.732099999999999,20.704,46.703525,152.121525,1.6000875000000003,7.06765,2.9163125,21.01075,0.30892243485498844,-1.0647056793321166
121.1,22.95,241.7306,SSP1-2.6,2081-2100,1.104299999999995,50.5333,159.48219999999992,1.4936000000000007,6.6982,3.028600000000001,22.516,45.9448625,183.43612499999998,1.7356374999999997,6.695100000000002,2.9133875,19.76275,0.30892243485498844,-1.0015098989623252
121.1,23.0,222.7341,SSP1-2.6,2081-2100,5.958999999999975,47.53510000000001,188.8098,1.6644000000000005,6.7054000000000045,3.2661000000000007,19.698,44.01335,196.98528749999997,1.6775124999999997,5.026575,2.8696375,17.95025,0.30892243485498844,-0.9383141185925338
121.1,23.05,218.2652,SSP1-2.6,2081-2100,0.23430000000001883,38.5008,157.6323,1.482099999999999,6.091100000000001,2.8713999999999995,14.82,46.109025,187.15449999999998,1.5959750000000001,4.3825875000000005,2.9073499999999997,18.731,0.30892243485498844,-0.8751183382227424
121.1,23.1,223.2152,SSP1-2.6,2081-2100,0.9644999999999868,50.3904,151.67910000000006,1.1669000000000018,3.5107000000000035,3.023199999999999,21.216,45.42462499999999,162.85939999999997,1.4429250000000002,4.958262499999999,3.03325,18.01875,0.30892243485498844,-0.811922557852951
121.1,23.15,245.1815,SSP1-2.6,2081-2100,-5.979700000000008,51.235,138.23829999999998,1.3918,4.680399999999999,3.101799999999999,22.098,45.903375,147.45452499999993,1.3518000000000008,4.8723125,3.0178624999999997,17.72775,0.30892243485498844,-0.748726777483164
121.1,23.2,221.9474,SSP1-2.6,2081-2100,-12.025799999999975,43.0977,127.3300999999999,1.3322000000000003,5.4071,2.8911,15.290000000000001,45.436462500000005,134.98704999999993,1.4799750000000005,6.560500000000001,3.0060374999999997,18.140749999999997,0.30892243485498844,-0.6855309971133726
121.1,23.25,201.5175,SSP1-2.6,2081-2100,-7.04310000000001,45.3399,121.89229999999998,1.7151999999999994,8.432100000000005,2.8482000000000003,18.872,42.185525,134.39756249999996,1.620875,6.954025000000001,3.0495624999999995,17.0095,0.30892243485498844,-0.6223352167435812
121.1,23.3,201.1787,SSP1-2.6,2081-2100,0.17140000000000555,41.918699999999994,151.76099999999997,1.9331000000000014,8.3446,3.5107,17.958,44.398624999999996,143.05627499999997,1.6908124999999998,6.914287500000002,3.000675,19.36875,0.30892243485498844,-0.5591394363737897
121.1,23.35,193.4156,SSP1-2.6,2081-2100,0.6810999999999865,48.486599999999996,170.6648,1.647000000000002,3.421400000000002,3.1393000000000004,21.86,45.8510625,157.5891125,1.5821249999999998,6.349775000000001,3.0694125000000003,20.44225,0.30892243485498844,-0.4959436560039983
121.1,23.4,184.9147,SSP1-2.6,2081-2100,-0.9008000000000038,51.09010000000001,163.3807999999999,1.3381000000000007,5.275000000000006,3.2446,23.478,45.6509875,170.01290000000003,1.2829000000000002,3.940612500000001,2.8158375000000007,20.26575,0.30892243485498844,-0.43274787563421135
121.1,23.45,184.3021,SSP1-2.6,2081-2100,-0.9129000000000076,46.047599999999996,161.8103000000001,0.9255999999999993,3.105400000000003,2.6339000000000006,19.096000000000004,42.5048,170.22605000000001,1.0517750000000001,2.7528875000000013,2.8095875,19.48825,0.30892243485498844,-0.3695520952644199
121.1,23.5,183.5907,SSP1-2.6,2081-2100,1.22229999999999,37.64040000000001,160.09899999999993,0.8507999999999996,1.3804000000000016,2.625,18.18,39.802012500000004,166.55588750000007,0.9025124999999998,1.7741000000000007,2.748425,17.798000000000002,0.30892243485498844,-0.3063563148946285
121.1,23.55,185.1699,SSP1-2.6,2081-2100,0.13479999999998427,39.2822,150.9630000000002,0.7739000000000011,2.2661000000000016,2.6464,16.932000000000002,38.247,156.06593750000002,0.9021999999999997,2.2096125,2.702675,17.862750000000002,0.30892243485498844,-0.24316053452483705
121.1,23.6,187.5404,SSP1-2.6,2081-2100,-2.2446999999999946,35.747600000000006,135.5625,0.8352000000000004,2.6661,2.5374999999999996,17.456,41.173625,143.26842500000006,0.9301499999999998,2.866525,2.6441749999999997,18.853749999999998,0.30892243485498844,-0.17996475415504562
121.1,23.65,193.9438,SSP1-2.6,2081-2100,-6.628200000000021,38.5281,124.67200000000003,0.9629000000000012,3.8339,2.482100000000001,18.91,44.8134625,135.65761249999997,0.9560624999999994,2.7437625,2.5444125,21.7955,0.30892243485498844,-0.11676897378525869
121.1,23.7,206.6394,SSP1-2.6,2081-2100,-10.898799999999994,46.972,126.12929999999983,0.9199999999999982,2.5124999999999957,2.4411000000000005,22.006,47.70545,129.37693749999997,0.9360874999999997,2.4296875,2.46985,23.88275,0.30892243485498844,-0.053573193415467256
121.1,23.75,220.3771,SSP1-2.6,2081-2100,-17.529000000000025,50.3175,128.10320000000002,0.8239999999999981,2.924999999999997,1.9642999999999997,25.908,48.9673375,110.96074999999996,0.8773749999999998,2.9017999999999997,2.2991,24.69825,0.30892243485498844,0.009622586954324176
121.1,23.8,201.3441,SSP1-2.6,2081-2100,-13.515899999999988,49.302499999999995,91.9203,0.7563999999999993,4.225000000000001,2.0535999999999994,24.813999999999997,45.33985,90.42965000000001,0.8391500000000001,3.5143125,1.9537875,22.484250000000003,0.30892243485498844,0.0728183673241156
121.1,23.85,203.6382,SSP1-2.6,2081-2100,-9.42840000000001,39.4186,85.41239999999993,0.9618000000000002,3.930400000000006,1.2249999999999996,18.194000000000003,45.1833875,81.69693750000005,0.9036000000000004,4.965637499999999,1.8509000000000002,21.75225,0.30892243485498844,0.13601414769390704
121.1,23.9,215.4339,SSP1-2.6,2081-2100,7.871399999999994,49.7794,114.34670000000006,1.228900000000003,5.944599999999994,1.2286000000000001,23.342,43.102500000000006,97.71221250000002,1.1324999999999998,5.190412500000001,1.6770125000000002,20.50425,0.30892243485498844,0.19920992806369398
121.1,23.95,231.9823,SSP1-2.6,2081-2100,23.198799999999977,45.611599999999996,140.72119999999995,1.5155999999999992,5.4375,1.1143,22.164,45.869600000000005,123.98107500000003,1.3804000000000007,5.268299999999998,1.6723250000000003,21.65225,0.30892243485498844,0.26240570843348543
121.1,24.0,228.2982,SSP1-2.6,2081-2100,24.288099999999986,45.749500000000005,139.01170000000002,1.5258000000000003,4.742899999999999,2.1411,21.984,46.262125,150.96405,1.6049625,5.382137499999999,1.4740999999999997,21.40775,0.30892243485498844,0.32560148880327683
121.1,24.05,224.8174,SSP1-2.6,2081-2100,29.756,46.6338,166.55150000000003,1.7453000000000003,6.199999999999996,1.107099999999999,20.275999999999996,46.3416,165.32834999999994,1.7016875000000007,5.1910625,1.5600375,20.74075,0.30892243485498844,0.3887972691730683
121.1,24.1,239.5316,SSP1-2.6,2081-2100,32.93390000000002,45.901799999999994,171.25289999999995,1.8602000000000025,6.1571,0.9857000000000014,19.810000000000002,44.52535,179.57606249999992,1.7962000000000002,5.7432875,1.3428499999999997,18.648999999999997,0.30892243485498844,0.4519930495428597
121.1,24.15,254.6405,SSP1-2.6,2081-2100,30.904500000000013,40.544,187.15959999999995,1.894400000000001,5.308900000000001,0.9089000000000009,16.28,43.537462500000004,195.0331124999999,1.8533625000000002,5.2593499999999995,1.3547,17.834500000000002,0.30892243485498844,0.5151888299126467
121.1,24.2,271.6774,SSP1-2.6,2081-2100,35.634000000000015,38.793400000000005,243.15779999999995,1.9745999999999988,4.858899999999998,1.6804000000000006,14.954,42.6960375,210.29861249999993,1.8581999999999996,4.7924,1.3520249999999998,16.83175,0.30892243485498844,0.578384610282438
121.1,24.25,272.0958,SSP1-2.6,2081-2100,39.2482,43.56510000000001,271.0852,2.034799999999997,5.125,1.9588999999999999,16.881999999999998,41.482325,189.11462499999993,1.7370124999999992,3.4966374999999994,1.351575,16.172,0.30892243485498844,0.6415803906522295
121.1,24.3,259.7439,SSP1-2.6,2081-2100,33.2371,39.596700000000006,141.99389999999994,1.7321999999999989,1.4767999999999972,0.9000000000000004,16.156,39.8113125,157.00902499999995,1.6538499999999998,2.7419625000000014,1.1640499999999998,15.07125,0.30892243485498844,0.704776171022021
121.1,24.35,265.8524,SSP1-2.6,2081-2100,25.437999999999988,36.20249999999999,85.92750000000024,1.6059000000000019,0.07679999999999865,0.7446000000000002,14.175999999999998,39.831675000000004,115.33127499999995,1.462225,1.7024500000000016,1.1613875000000002,15.38875,0.30892243485498844,0.7679719513918124
121.1,24.4,270.9881,SSP1-2.6,2081-2100,13.012800000000027,41.47579999999999,97.40480000000025,1.3965999999999994,1.616100000000003,1.7804000000000002,15.585999999999999,39.7825125,111.537825,1.3291000000000004,1.1763375000000007,1.3256625000000002,15.7035,0.30892243485498844,0.8311677317615993
121.1,24.45,294.4583,SSP1-2.6,2081-2100,10.094600000000014,41.9955,109.19380000000001,1.2875999999999976,-0.8321000000000041,1.5070999999999994,17.146,40.82792500000001,114.3911,1.2615875,2.5004375000000008,1.6509000000000003,16.368750000000002,0.30892243485498844,0.8943635121313908
121.1,24.5,335.8741,SSP1-2.6,2081-2100,12.705600000000004,38.667300000000004,93.11040000000003,1.4855000000000018,6.0356999999999985,1.6964000000000006,15.596000000000002,41.77875,91.93434999999988,1.0693624999999995,3.352224999999999,1.7189625,18.02025,0.30892243485498844,0.9575592925011822
121.1,24.55,340.5173,SSP1-2.6,2081-2100,6.771200000000022,45.532000000000004,65.08479999999963,0.8432999999999993,6.132099999999998,1.8839000000000006,21.446,42.8582,69.73552499999994,0.9297250000000004,4.4845875,1.8075875,20.3305,0.30892243485498844,1.0207550728709736
121.1,24.6,306.6514,SSP1-2.6,2081-2100,-0.38850000000002183,46.0343,89.08230000000003,0.6572999999999993,4.475000000000001,2.3945999999999987,25.092,46.2524875,59.038687499999895,0.7122750000000004,4.339274999999999,1.8154000000000003,24.412,0.30892243485498844,1.0839508532407651
121.1,24.65,236.5661,SSP1-2.6,2081-2100,1.904200000000003,48.182900000000004,102.67369999999983,0.7161000000000008,2.9268,1.9250000000000007,28.087999999999997,47.733075,72.09621249999998,0.6837625000000003,3.2352625,1.3790124999999998,27.2205,0.30892243485498844,1.147146633610552
121.1,24.7,177.9282,SSP1-2.6,2081-2100,3.504099999999994,48.41480000000001,95.11639999999989,0.9054000000000002,1.126800000000003,0.4375,29.701999999999998,48.666825,77.00131249999995,0.7413000000000003,2.8390749999999993,0.7464374999999999,28.64175,0.30892243485498844,1.2103424139803434
121.1,24.75,159.3,SSP1-2.6,2081-2100,7.196499999999986,48.983599999999996,73.98469999999998,0.7810999999999986,3.430399999999999,-0.16960000000000086,29.552,49.0194875,63.763412500000015,0.7401000000000009,3.0636249999999996,0.24532500000000002,29.1565,0.30892243485498844,1.273538194350135
121.1,24.8,160.3747,SSP1-2.6,2081-2100,7.8899000000000115,48.3737,47.636200000000144,0.7231000000000023,4.924999999999997,-0.30180000000000007,28.524,48.6178125,49.61800000000002,0.7335750000000001,3.859175,0.11542500000000011,28.744500000000002,0.30892243485498844,1.3367339747199263
121.1,24.85,141.9203,SSP1-2.6,2081-2100,10.764200000000017,47.810300000000005,57.25239999999985,0.9820999999999991,4.3643,0.1286000000000005,28.049999999999997,47.7946,55.00485000000009,0.8499250000000003,5.2259125,0.13616249999999996,28.20175,0.30892243485498844,1.3999297550897176
121.1,24.9,133.3081,SSP1-2.6,2081-2100,11.172799999999995,46.9761,114.26660000000015,1.4018000000000015,5.637499999999996,0.32319999999999993,27.544000000000004,46.9794125,68.16721250000003,0.9898374999999993,5.502249999999998,0.1377250000000001,27.809,0.30892243485498844,1.4631255354595045
121.1,24.95,141.1648,SSP1-2.6,2081-2100,7.682899999999989,46.6946,95.67460000000005,1.2887999999999984,5.091099999999997,0.4606999999999992,28.285999999999998,46.5567,102.79985000000002,1.2401999999999997,5.087499999999999,0.05580000000000018,27.554750000000002,0.30892243485498844,1.526321315829296
121.1,25.0,145.5255,SSP1-2.6,2081-2100,7.294600000000003,46.0392,130.57760000000007,1.4041999999999994,2.883900000000004,-0.6267999999999994,27.906,46.632675,117.37809999999999,1.4311625000000001,4.939512499999998,0.08191250000000005,27.7605,0.30892243485498844,1.5895170961990874
121.1,25.05,141.6811,SSP1-2.6,2081-2100,10.073700000000002,46.4806,140.0933,1.8032000000000004,4.667899999999996,-0.17680000000000007,28.523999999999997,46.729262500000004,123.793575,1.4680874999999998,4.4399500000000005,0.007125000000000048,27.83775,0.30892243485498844,1.652712876568879
121.15,22.75,204.2117,SSP1-2.6,2081-2100,-13.76230000000001,53.7375,118.86799999999994,1.2123999999999988,7.578600000000002,2.916100000000001,25.087999999999997,50.11505,90.29616249999998,1.1617625000000005,7.020762499999999,2.4750125,23.68225,0.41461627493623976,-1.2542930204414864
121.15,22.8,211.0309,SSP1-2.6,2081-2100,-16.372800000000012,50.4261,110.40239999999994,1.2223000000000006,4.3857,2.4018000000000006,24.090000000000003,49.39829999999999,99.65008750000001,1.2053250000000006,7.379700000000001,2.654475,23.592750000000002,0.41461627493623976,-1.191097240071695
121.15,22.85,229.0423,SSP1-2.6,2081-2100,-19.685600000000022,48.0785,84.46149999999989,1.358900000000002,7.880400000000002,2.2304000000000004,23.881999999999998,48.564074999999995,102.8572375,1.2740125000000004,7.0375,2.6600374999999996,22.834500000000002,0.41461627493623976,-1.1279014597019037
121.15,22.9,228.9635,SSP1-2.6,2081-2100,-13.047800000000024,46.93469999999999,108.72810000000004,0.7952000000000012,9.287500000000001,2.7607,21.952,47.345924999999994,122.43723749999998,1.3286874999999996,6.8928625,2.7214374999999995,21.67825,0.41461627493623976,-1.0647056793321166
121.15,22.95,213.8064,SSP1-2.6,2081-2100,7.665300000000002,45.359899999999996,177.73559999999998,0.8920999999999992,5.303599999999996,3.1429,19.594,47.336375000000004,151.337525,1.4424624999999995,5.923887500000001,2.7662875,20.7375,0.41461627493623976,-1.0015098989623252
121.15,23.0,216.1364,SSP1-2.6,2081-2100,2.910899999999998,45.15370000000001,193.41879999999992,1.3578999999999972,2.9607000000000028,2.6106999999999996,19.794,46.3387,169.37758750000003,1.4166624999999997,4.401574999999999,2.9053500000000003,19.599249999999998,0.41461627493623976,-0.9383141185925338
121.15,23.05,219.7358,SSP1-2.6,2081-2100,-5.315100000000001,51.0826,155.9480000000001,0.9845000000000006,4.130400000000002,3.1571,21.586000000000002,45.999525,161.88750000000002,1.4027124999999998,3.720975,2.90155,19.259999999999998,0.41461627493623976,-0.8751183382227424
121.15,23.1,237.045,SSP1-2.6,2081-2100,-12.353799999999978,50.334399999999995,130.8925999999999,1.093,3.6070999999999955,3.2,20.782,47.02119999999999,148.1168375,1.1636125000000006,3.9948750000000004,3.0339124999999996,19.6995,0.41461627493623976,-0.811922557852951
121.15,23.15,249.418,SSP1-2.6,2081-2100,-17.335300000000018,49.51429999999999,132.88829999999984,1.2381000000000029,6.841100000000004,3.001800000000001,19.816000000000003,46.4493375,135.1495,1.1348875000000005,4.2490999999999985,2.9247749999999995,18.569499999999998,0.41461627493623976,-0.748726777483164
121.15,23.2,231.0542,SSP1-2.6,2081-2100,-16.4932,40.335100000000004,122.47289999999998,1.2971000000000004,5.2393,2.448199999999999,13.341999999999999,45.7132875,131.60197499999998,1.3411,5.552900000000001,2.8511249999999997,18.3215,0.41461627493623976,-0.6855309971133726
121.15,23.25,215.7752,SSP1-2.6,2081-2100,-9.650000000000006,41.246300000000005,128.12999999999988,1.6379999999999981,8.901800000000001,2.5249999999999995,16.026,44.017475000000005,141.78423750000002,1.6216374999999996,6.258687500000001,2.83885,17.360249999999997,0.41461627493623976,-0.6223352167435812
121.15,23.3,208.7432,SSP1-2.6,2081-2100,-1.0762,45.333999999999996,161.8746000000001,2.0890999999999984,7.514300000000002,2.7661000000000007,18.778,46.1713875,178.34992499999998,1.8084749999999994,6.172750000000001,3.04265,19.9315,0.41461627493623976,-0.5591394363737897
121.15,23.35,210.3023,SSP1-2.6,2081-2100,5.6185999999999865,50.5501,225.06189999999992,2.1409999999999982,6.996399999999998,3.0304,22.824,48.6331875,208.65913749999999,1.7608375,5.200662500000002,3.1511125000000004,21.677999999999997,0.41461627493623976,-0.4959436560039983
121.15,23.4,202.4417,SSP1-2.6,2081-2100,5.795700000000011,52.77969999999999,216.41010000000006,1.5836000000000006,5.900000000000002,3.4213999999999993,24.016,47.457337499999994,229.568675,1.567125,3.672762500000001,3.0276750000000003,21.003500000000003,0.41461627493623976,-0.43274787563421135
121.15,23.45,199.0466,SSP1-2.6,2081-2100,7.478499999999997,41.4339,213.1726000000001,1.174900000000001,0.9946000000000019,2.8857,17.634,45.365812500000004,223.8274125,1.3595249999999999,3.5759000000000016,3.0158375,20.14025,0.41461627493623976,-0.3695520952644199
121.15,23.5,195.4459,SSP1-2.6,2081-2100,8.201099999999997,37.36900000000001,207.8877,1.1769999999999996,2.1125000000000007,2.642900000000001,16.456000000000003,42.04491250000001,216.45416250000005,1.2026124999999999,3.010275000000001,2.8374875,18.1905,0.41461627493623976,-0.3063563148946285
121.15,23.55,189.8661,SSP1-2.6,2081-2100,10.447900000000004,38.2623,198.41380000000004,1.0981999999999985,3.3536,2.75,16.438,39.3407375,204.9738625,1.1853749999999998,3.1076000000000006,2.7388375,17.87525,0.41461627493623976,-0.24316053452483705
121.15,23.6,186.0783,SSP1-2.6,2081-2100,10.432699999999983,35.151,181.30950000000007,1.1509,3.5929,2.6982,17.026000000000003,40.427012500000004,191.31515,1.1790874999999998,3.2709875000000004,2.5439625,18.241,0.41461627493623976,-0.17996475415504562
121.15,23.65,185.8847,SSP1-2.6,2081-2100,8.109899999999982,43.435199999999995,173.07330000000002,1.185699999999997,3.1000000000000014,2.625,19.698,41.02595,184.20696249999992,1.1819749999999998,2.5792500000000005,2.66875,20.02625,0.41461627493623976,-0.11676897378525869
121.15,23.7,194.7473,SSP1-2.6,2081-2100,6.612600000000015,48.86259999999999,189.6338999999998,1.1408999999999985,1.5393000000000043,3.0500000000000007,25.894000000000002,42.273575,168.86594999999994,1.1265999999999994,1.8540124999999996,2.5783500000000004,20.6455,0.41461627493623976,-0.053573193415467256
121.15,23.75,198.8984,SSP1-2.6,2081-2100,-5.349900000000019,39.5512,169.0045,1.0389000000000017,-0.13569999999999993,2.721400000000001,19.844,42.4917125,149.24181249999995,1.0319749999999992,1.9926374999999998,2.50225,21.4405,0.41461627493623976,0.009622586954324176
121.15,23.8,191.5716,SSP1-2.6,2081-2100,-4.704999999999984,41.028800000000004,124.9824000000001,0.952300000000001,3.4410999999999987,2.1357,19.848,37.634100000000004,128.21762499999997,0.9915999999999996,2.8131875000000006,2.1388499999999997,18.153750000000002,0.41461627493623976,0.0728183673241156
121.15,23.85,194.29,SSP1-2.6,2081-2100,-3.817700000000002,29.2447,122.48699999999985,0.9990999999999985,5.442900000000002,1.6125000000000007,13.177999999999999,39.3847125,123.24198750000005,1.0682875000000003,4.383274999999999,1.8004625,18.045,0.41461627493623976,0.13601414769390704
121.15,23.9,210.7855,SSP1-2.6,2081-2100,0.06499999999999773,36.8759,139.60840000000007,1.2166999999999994,5.383899999999997,1.6536000000000008,14.950000000000001,40.3547875,141.11386250000004,1.3119625,5.2560375,1.4026750000000003,18.38975,0.41461627493623976,0.19920992806369398
121.15,23.95,221.0313,SSP1-2.6,2081-2100,14.751800000000003,46.295,164.73270000000002,1.7456999999999994,6.210699999999999,1.0571000000000002,22.131999999999998,42.9015125,166.84353750000014,1.5575000000000006,4.991962499999998,1.1770125000000005,19.324250000000003,0.41461627493623976,0.26240570843348543
121.15,24.0,208.2416,SSP1-2.6,2081-2100,20.04159999999999,43.9523,184.12620000000015,1.8179000000000016,2.7338999999999984,0.4107000000000003,20.59,44.047625,182.33395000000007,1.7831500000000005,5.284387499999999,1.2026625,19.87875,0.41461627493623976,0.32560148880327683
121.15,24.05,227.0086,SSP1-2.6,2081-2100,24.850599999999986,43.200700000000005,179.0922999999998,1.7591,4.755400000000002,1.4981999999999989,19.09,43.4324,180.62771250000003,1.8502625000000013,4.972099999999999,1.0374875000000003,18.982,0.41461627493623976,0.3887972691730683
121.15,24.1,226.4273,SSP1-2.6,2081-2100,25.811800000000005,43.117200000000004,165.23259999999982,1.8305000000000007,5.308900000000001,1.0089000000000006,18.08,42.92005,178.07286249999993,1.8542750000000008,5.0953125,1.1035625,18.07125,0.41461627493623976,0.4519930495428597
121.15,24.15,233.0759,SSP1-2.6,2081-2100,29.368600000000015,42.4713,175.63769999999977,1.8423000000000016,5.850000000000001,0.8660999999999994,17.216,41.5022,183.99896249999995,1.7896125,4.49775,1.0359375000000002,16.76275,0.41461627493623976,0.5151888299126467
121.15,24.2,239.0644,SSP1-2.6,2081-2100,29.25660000000002,40.0177,196.26420000000007,1.6402,3.3374999999999986,0.9303999999999988,15.399999999999999,41.426662500000006,196.38997499999988,1.684462499999999,4.328337500000002,1.0647375,16.1455,0.41461627493623976,0.578384610282438
121.15,24.25,228.7634,SSP1-2.6,2081-2100,27.954499999999996,42.858000000000004,211.06349999999975,1.6525999999999996,3.8643,1.0267999999999997,16.048000000000002,40.17165000000001,184.48628749999995,1.4877999999999991,3.4205250000000005,1.0067,15.457999999999998,0.41461627493623976,0.6415803906522295
121.15,24.3,218.3997,SSP1-2.6,2081-2100,21.601699999999994,40.23030000000001,157.35809999999992,1.4728999999999992,3.196400000000004,0.5695999999999994,14.62,37.2484125,157.47361249999994,1.4067624999999997,2.8093874999999997,0.8910625000000001,14.36225,0.41461627493623976,0.704776171022021
121.15,24.35,226.7928,SSP1-2.6,2081-2100,13.467199999999991,28.403200000000005,115.46849999999995,1.459900000000001,2.167900000000003,0.2981999999999996,10.294,37.455425,131.47628750000007,1.34105,2.2310374999999993,1.1448625000000003,14.362499999999999,0.41461627493623976,0.7679719513918124
121.15,24.4,243.9756,SSP1-2.6,2081-2100,5.259600000000006,41.628,117.38380000000006,1.273500000000002,1.7856999999999985,1.2661000000000016,15.756,36.1721625,126.16747500000008,1.330225,1.8480125000000003,1.3723125,13.7935,0.41461627493623976,0.8311677317615993
121.15,24.45,280.6583,SSP1-2.6,2081-2100,8.22539999999998,39.68520000000001,145.32349999999997,1.3363000000000014,3.0964000000000027,1.8910999999999998,14.634,39.1513875,131.55922500000008,1.3506999999999993,2.3172,1.7417375000000004,14.9815,0.41461627493623976,0.8943635121313908
121.15,24.5,332.4719,SSP1-2.6,2081-2100,12.404999999999973,37.9756,162.14739999999983,1.6061999999999976,3.212500000000002,1.7874999999999996,15.420000000000002,40.201,115.945225,1.1786999999999996,3.3615999999999997,1.8955125000000004,16.357,0.41461627493623976,0.9575592925011822
121.15,24.55,331.7236,SSP1-2.6,2081-2100,6.5428,41.65540000000001,75.95649999999978,0.8445,4.921399999999998,2.044600000000001,19.490000000000002,40.4947125,102.31302499999998,1.0027374999999994,4.706025,2.0872625,18.0445,0.41461627493623976,1.0207550728709736
121.15,24.6,323.2732,SSP1-2.6,2081-2100,0.10650000000003956,45.035999999999994,61.82690000000002,0.41219999999999857,6.608899999999998,2.3679000000000006,22.756,42.777525000000004,78.44971249999986,0.7662625000000003,4.466962500000001,2.1383625000000004,21.594,0.41461627493623976,1.0839508532407651
121.15,24.65,257.0223,SSP1-2.6,2081-2100,5.029500000000041,45.5968,55.52799999999979,0.7931999999999988,4.091100000000004,2.044600000000001,25.74,45.178399999999996,75.62739999999991,0.6979875000000004,3.9459875,1.8198625,25.02675,0.41461627493623976,1.147146633610552
121.15,24.7,207.5158,SSP1-2.6,2081-2100,1.7130999999999972,48.2863,62.88290000000006,0.7874000000000017,2.935699999999997,0.8856999999999999,29.068,46.92156250000001,77.38562499999986,0.7890125000000001,3.4931,1.4031375000000001,27.328,0.41461627493623976,1.2103424139803434
121.15,24.75,181.2701,SSP1-2.6,2081-2100,8.766399999999976,46.522099999999995,71.91650000000004,0.7812000000000019,5.737499999999997,0.5678999999999998,27.356,47.680675,64.2150375,0.7213125000000002,4.0165375,0.876125,28.57125,0.41461627493623976,1.273538194350135
121.15,24.8,173.8362,SSP1-2.6,2081-2100,7.9232000000000085,46.713800000000006,-2.044200000000046,0.4862000000000002,6.316100000000002,0.9125000000000014,27.378000000000004,46.9877625,55.18483750000004,0.6817500000000005,5.192649999999999,0.6774624999999999,27.97975,0.41461627493623976,1.3367339747199263
121.15,24.85,173.5678,SSP1-2.6,2081-2100,3.546699999999987,45.32170000000001,-13.477499999999964,0.5864000000000011,7.141100000000002,0.6714000000000002,27.012,46.05092500000001,59.20730000000009,0.7608250000000001,5.7488874999999995,0.4837,27.2295,0.41461627493623976,1.3999297550897176
121.15,24.9,151.5627,SSP1-2.6,2081-2100,3.0716999999999928,44.863,74.53790000000004,0.9688999999999979,6.253599999999999,-0.085700000000001,26.676000000000002,45.6802875,62.16565000000003,0.9663625000000002,5.566749999999999,0.3350375000000001,26.79275,0.41461627493623976,1.4631255354595045
121.15,24.95,146.9294,SSP1-2.6,2081-2100,2.5427999999999997,47.11319999999999,61.168499999999995,1.1685000000000016,5.162499999999994,-0.3481999999999985,27.703999999999997,45.842287500000005,97.17421250000004,1.2531249999999994,4.709375,0.07968749999999969,27.10725,0.41461627493623976,1.526321315829296
121.15,25.0,148.0878,SSP1-2.6,2081-2100,9.190800000000024,47.38040000000001,129.08209999999985,1.4899999999999984,3.2357000000000014,0.34999999999999964,28.158,46.602225000000004,108.28273750000002,1.4460375,4.391749999999999,-0.06384999999999996,27.7225,0.41461627493623976,1.5895170961990874
121.15,25.05,138.5894,SSP1-2.6,2081-2100,16.62729999999999,46.54670000000001,167.41100000000006,1.743500000000001,3.4875000000000043,0.20709999999999873,27.482000000000003,46.99691250000001,120.6132,1.4768124999999994,4.2033499999999995,-0.0028999999999999027,28.25375,0.41461627493623976,1.652712876568879
121.15,25.1,133.6598,SSP1-2.6,2081-2100,10.496700000000004,46.4277,120.31410000000005,1.4103999999999992,4.125,-0.1554000000000002,27.778000000000002,47.116462500000004,125.55703749999998,1.5238874999999998,4.4125,0.131475,28.195999999999998,0.41461627493623976,1.7159086569386703
121.2,22.8,206.7171,SSP1-2.6,2081-2100,-15.136899999999997,52.374199999999995,93.74199999999996,1.575400000000002,7.555399999999999,2.4981999999999998,24.360000000000003,50.214012499999995,102.56104999999997,1.2144875000000002,6.5613874999999995,2.6105,23.648999999999997,0.520310115017461,-1.191097240071695
121.2,22.85,221.465,SSP1-2.6,2081-2100,-22.0916,50.41609999999999,72.11760000000004,1.2968999999999973,6.158900000000003,2.3857,24.802,48.687087500000004,108.64862499999998,1.3098625000000004,6.767424999999999,2.5826,22.49175,0.520310115017461,-1.1279014597019037
121.2,22.9,210.415,SSP1-2.6,2081-2100,-10.919600000000003,50.452600000000004,121.65049999999997,1.1267999999999994,4.080399999999997,2.7249999999999996,21.599999999999998,48.677212499999996,114.35287499999998,1.3408249999999997,7.4192,2.61095,22.322250000000004,0.520310115017461,-1.0647056793321166
121.2,22.95,200.492,SSP1-2.6,2081-2100,9.3716,45.363499999999995,178.20280000000002,1.412399999999998,5.435699999999997,2.696399999999999,19.216,47.8700625,139.91240000000002,1.5334374999999993,5.6680875,2.6783624999999995,21.031750000000002,0.520310115017461,-1.0015098989623252
121.2,23.0,206.371,SSP1-2.6,2081-2100,5.333699999999993,47.700500000000005,172.6713000000002,2.0518,0.2786000000000044,2.3107000000000006,20.419999999999998,47.013099999999994,160.05697500000005,1.597037499999999,4.322324999999999,2.8125,20.17125,0.520310115017461,-0.9383141185925338
121.2,23.05,215.9436,SSP1-2.6,2081-2100,-3.6063000000000045,44.6339,164.53870000000006,1.3523999999999994,0.5695999999999941,2.7696000000000005,18.944,47.8456625,149.68308750000006,1.5745874999999994,3.5542499999999997,2.883925,20.4195,0.520310115017461,-0.8751183382227424
121.2,23.1,235.1445,SSP1-2.6,2081-2100,-15.725300000000004,43.7474,135.4574,1.0532000000000004,6.0445999999999955,3.1607000000000003,18.406,48.169462499999995,140.33631250000002,1.2313375,3.110499999999999,3.020525,20.28375,0.520310115017461,-0.811922557852951
121.2,23.15,236.1311,SSP1-2.6,2081-2100,-14.613599999999991,47.0652,148.55259999999998,0.6399000000000008,0.0911000000000044,3.185699999999999,20.709999999999997,45.8689375,127.83472499999999,1.1938625000000003,5.173662499999998,2.906475,18.29725,0.520310115017461,-0.748726777483164
121.2,23.2,238.2312,SSP1-2.6,2081-2100,-16.152600000000007,45.389500000000005,126.57300000000009,1.1050000000000004,5.412499999999994,2.3874999999999993,16.712,44.819275000000005,131.725175,1.3925,5.0283500000000005,2.888625,17.8395,0.520310115017461,-0.6855309971133726
121.2,23.25,247.1971,SSP1-2.6,2081-2100,-13.765299999999996,42.8184,129.2112000000002,1.6685999999999979,4.6571,2.8679000000000006,17.048000000000002,45.353462500000006,153.6312375,1.6386374999999997,5.9533499999999995,2.8377375000000002,18.118,0.520310115017461,-0.6223352167435812
121.2,23.3,235.7734,SSP1-2.6,2081-2100,1.0749999999999886,47.9065,193.15879999999993,1.8327999999999989,5.0625,2.9911000000000003,20.881999999999998,47.6871,205.48745,1.8865874999999992,5.81405,3.0868500000000005,20.501,0.520310115017461,-0.5591394363737897
121.2,23.35,238.803,SSP1-2.6,2081-2100,16.628600000000006,51.1046,306.9194,1.8920999999999992,3.5660999999999987,3.428600000000001,23.981999999999996,49.569449999999996,249.4846375,1.8884499999999995,5.2783375,3.1225500000000004,21.98925,0.520310115017461,-0.4959436560039983
121.2,23.4,231.2304,SSP1-2.6,2081-2100,16.66839999999999,50.445299999999996,305.1035999999999,1.7708999999999993,2.5214,2.7071000000000005,22.47,48.635687499999996,283.28256250000004,1.801125,4.2991,3.2913,21.741749999999996,0.520310115017461,-0.43274787563421135
121.2,23.45,227.5312,SSP1-2.6,2081-2100,15.81819999999999,40.5005,290.43600000000015,1.647400000000001,3.5017999999999994,3.1517999999999997,16.683999999999997,47.7436375,286.2605125,1.645475,3.6520000000000006,3.317625,21.29975,0.520310115017461,-0.3695520952644199
121.2,23.5,225.2992,SSP1-2.6,2081-2100,16.468099999999993,47.053900000000006,285.4918,1.5827999999999989,4.810700000000001,3.6999999999999993,20.742,44.595537500000006,288.1561375,1.5719625000000002,3.3953125,3.302225,19.6135,0.520310115017461,-0.3063563148946285
121.2,23.55,220.2388,SSP1-2.6,2081-2100,17.16669999999999,46.13850000000001,271.2467999999999,1.5672999999999995,4.669599999999999,2.3071,19.817999999999998,42.021662500000005,277.8879,1.5587874999999998,3.9040375000000003,3.328575,18.94925,0.520310115017461,-0.24316053452483705
121.2,23.6,206.7954,SSP1-2.6,2081-2100,19.938299999999998,36.3433,247.23059999999987,1.5450999999999997,3.3625000000000007,2.7535999999999987,16.392,42.5624625,257.8891125,1.5489624999999998,3.91475,2.9082500000000002,19.12175,0.520310115017461,-0.17996475415504562
121.2,23.65,192.5687,SSP1-2.6,2081-2100,24.975099999999998,45.678900000000006,229.35919999999987,1.4644000000000013,2.9161,2.25,20.284,40.804199999999994,235.34137499999994,1.4953249999999993,2.5752375000000014,2.8330374999999997,19.821,0.520310115017461,-0.11676897378525869
121.2,23.7,197.9342,SSP1-2.6,2081-2100,23.209100000000007,40.924099999999996,239.75869999999986,1.436399999999999,0.21070000000000277,3.1374999999999993,22.242,40.8539375,198.06437499999998,1.3133374999999996,1.0991125000000017,2.7169625,19.8735,0.520310115017461,-0.053573193415467256
121.2,23.75,198.2544,SSP1-2.6,2081-2100,-1.1382000000000119,32.781600000000005,160.8273999999999,1.1804999999999986,-0.5304000000000002,3.0054,16.272,39.0649125,172.22109999999998,1.1736624999999998,0.7569375000000012,2.559375,19.62675,0.520310115017461,0.009622586954324176
121.2,23.8,189.9227,SSP1-2.6,2081-2100,-2.2772999999999968,29.744600000000005,132.5793000000001,1.045300000000001,1.6178999999999988,2.2303999999999995,14.54,35.1856875,141.76743749999997,1.0964374999999995,2.2259125000000006,2.3424125,16.207250000000002,0.520310115017461,0.0728183673241156
121.2,23.85,191.8552,SSP1-2.6,2081-2100,-1.7313000000000045,30.712099999999992,135.40689999999995,1.1267999999999994,5.0304,2.2981999999999996,12.479999999999999,35.378600000000006,143.06807500000002,1.2076249999999997,4.061187499999999,1.8991250000000002,15.59325,0.520310115017461,0.13601414769390704
121.2,23.9,205.9578,SSP1-2.6,2081-2100,1.110900000000015,38.2158,161.6795000000002,1.2580999999999989,5.492899999999999,1.5786000000000016,16.192,37.146100000000004,168.81662500000004,1.4706999999999995,5.0794749999999995,1.568525,16.00425,0.520310115017461,0.19920992806369398
121.2,23.95,219.311,SSP1-2.6,2081-2100,12.939699999999988,43.5611,204.12450000000035,1.6597000000000008,4.558899999999998,1.1071000000000009,19.436,39.9637375,215.09731250000013,1.8702,4.605812499999999,1.0392875000000001,17.375,0.520310115017461,0.26240570843348543
121.2,24.0,211.048,SSP1-2.6,2081-2100,29.964,39.4665,251.1301000000003,2.237300000000001,5.641100000000002,0.18210000000000015,15.935999999999998,41.944325,255.0148250000001,2.1949750000000003,3.735275,0.9857125,18.48075,0.520310115017461,0.32560148880327683
121.2,24.05,239.5331,SSP1-2.6,2081-2100,27.176300000000026,41.8628,213.3076000000001,2.0767000000000024,4.7286,1.4143000000000008,18.012,40.9796875,270.287125,2.3650625000000005,3.329025,0.802675,17.37875,0.520310115017461,0.3887972691730683
121.2,24.1,223.0383,SSP1-2.6,2081-2100,22.59990000000002,40.775299999999994,154.40909999999985,1.708400000000001,4.264299999999999,1.0500000000000007,17.168,40.8122375,265.3991499999999,2.3285500000000003,3.2991125000000006,1.0533499999999998,16.829500000000003,0.520310115017461,0.4519930495428597
121.2,24.15,218.2223,SSP1-2.6,2081-2100,26.073200000000014,41.9707,177.17219999999998,1.9477999999999973,3.4982000000000006,0.9981999999999989,16.718,40.2169375,226.56151249999994,1.9406250000000003,3.0942000000000003,0.9162999999999997,16.07925,0.520310115017461,0.5151888299126467
121.2,24.2,229.8587,SSP1-2.6,2081-2100,20.468999999999994,40.89750000000001,177.3433,1.460799999999999,3.248200000000004,0.7249999999999996,15.692,40.056700000000006,196.83293749999996,1.4989374999999998,2.8584875000000007,0.9033624999999994,15.51475,0.520310115017461,0.578384610282438
121.2,24.25,214.5532,SSP1-2.6,2081-2100,8.5274,40.313300000000005,128.50049999999965,0.6683999999999983,2.873200000000004,0.35360000000000014,15.374,39.97013750000001,171.0270125,1.1623249999999996,2.68705,0.8883999999999994,15.02775,0.520310115017461,0.6415803906522295
121.2,24.3,210.2561,SSP1-2.6,2081-2100,7.820999999999998,37.9592,160.18730000000005,0.9185000000000016,3.248199999999997,0.9357000000000006,14.586,37.222237500000006,149.66372499999989,1.0246249999999995,2.6921875000000006,0.8955374999999997,13.805,0.520310115017461,0.704776171022021
121.2,24.35,213.7987,SSP1-2.6,2081-2100,5.975500000000011,29.089299999999994,145.5625,1.181799999999999,3.6428999999999974,0.9107000000000003,11.381999999999998,35.5554125,144.9752499999999,1.1071,2.5200875,1.2509000000000001,13.18475,0.520310115017461,0.7679719513918124
121.2,24.4,230.6327,SSP1-2.6,2081-2100,0.2797999999999945,33.4616,145.9924000000001,1.1469999999999985,2.805399999999999,2.0518,12.638,33.7365625,143.00391249999996,1.2134250000000009,2.5468750000000004,1.4526875000000004,12.6145,0.520310115017461,0.8311677317615993
121.2,24.45,269.3947,SSP1-2.6,2081-2100,1.2907999999999902,39.0642,164.46680000000015,1.226700000000001,2.2107000000000028,1.7946000000000009,14.492,35.409375000000004,146.91295000000002,1.2967749999999998,2.3669625000000005,1.7672125000000003,13.18875,0.520310115017461,0.8943635121313908
121.2,24.5,324.1016,SSP1-2.6,2081-2100,7.051099999999963,38.94310000000001,162.77440000000024,1.3824999999999967,1.7036000000000016,2.0500000000000007,13.218,37.188025,139.46918750000003,1.2073250000000004,2.8439625000000013,1.9758875,14.763000000000002,0.520310115017461,0.9575592925011822
121.2,24.55,335.3871,SSP1-2.6,2081-2100,1.3278000000000247,36.06529999999999,111.65160000000014,1.0231999999999992,3.625,2.2964,14.834000000000001,39.107325,125.79969999999997,1.0262249999999997,3.631025000000001,2.1828125,16.616500000000002,0.520310115017461,1.0207550728709736
121.2,24.6,331.4024,SSP1-2.6,2081-2100,-4.819399999999973,35.7041,72.82639999999992,0.6117000000000026,5.855400000000003,2.221399999999999,15.994,41.027625,94.52776249999994,0.8107125000000002,4.152,2.3207500000000003,19.569000000000003,0.520310115017461,1.0839508532407651
121.2,24.65,302.8522,SSP1-2.6,2081-2100,3.7228000000000065,43.4494,54.79439999999977,0.6408000000000023,3.7089,2.2964,22.068,42.9145125,83.63877499999995,0.7868499999999998,4.521425,2.0747875000000002,22.738500000000002,0.520310115017461,1.147146633610552
121.2,24.7,276.8722,SSP1-2.6,2081-2100,0.11189999999999145,46.319399999999995,65.81619999999975,0.852999999999998,3.930399999999999,2.0304,27.446,44.9878625,88.07461250000003,0.8735875000000006,4.407812499999999,1.7971000000000004,25.435499999999998,0.520310115017461,1.2103424139803434
121.2,24.75,236.2187,SSP1-2.6,2081-2100,12.953299999999984,47.9035,99.25509999999986,0.8413000000000004,2.992899999999999,2.0929,28.671999999999997,46.056675,87.97075000000007,0.8323500000000004,4.9622875,1.4859375000000004,27.289749999999998,0.520310115017461,1.273538194350135
121.2,24.8,178.2848,SSP1-2.6,2081-2100,6.423900000000003,46.4503,71.07300000000032,0.3930000000000007,6.475000000000001,1.1213999999999995,28.228,45.59088750000001,79.85843750000001,0.7614375000000009,5.48015,1.3861625000000004,27.053,0.520310115017461,1.3367339747199263
121.2,24.85,172.0038,SSP1-2.6,2081-2100,1.4742999999999995,44.536899999999996,33.83830000000012,0.3658000000000001,6.474999999999998,1.3088999999999995,26.444,44.5658,74.67986250000001,0.7781125000000002,5.893312500000001,0.8660750000000002,26.37875,0.520310115017461,1.3999297550897176
121.2,24.9,157.3468,SSP1-2.6,2081-2100,1.3149999999999977,42.683299999999996,77.09820000000013,0.7656999999999989,5.544600000000003,0.46250000000000036,24.991999999999997,44.1586375,67.44457499999999,0.9403750000000008,6.165637499999999,0.36585,25.875000000000004,0.520310115017461,1.4631255354595045
121.2,24.95,144.8226,SSP1-2.6,2081-2100,4.879400000000004,44.306200000000004,71.50409999999988,1.171800000000001,5.117899999999999,-0.3268000000000004,24.310000000000002,44.8687125,89.27951250000001,1.200675,5.527237499999999,0.1609499999999997,26.581500000000002,0.520310115017461,1.526321315829296
121.2,25.0,141.6057,SSP1-2.6,2081-2100,6.0446999999999775,47.795500000000004,84.65260000000012,1.5337999999999994,3.9106999999999985,0.08039999999999914,28.986,45.892475000000005,106.87969999999996,1.3527625000000003,5.036175,0.09909999999999997,27.009500000000003,0.520310115017461,1.5895170961990874
121.2,25.05,139.4125,SSP1-2.6,2081-2100,11.25030000000001,47.841800000000006,115.18020000000001,1.4544999999999995,4.8125,0.21960000000000157,28.582,46.694100000000006,122.93169999999998,1.4560874999999998,4.574999999999999,0.17098749999999963,27.82775,0.520310115017461,1.652712876568879
121.2,25.1,131.6031,SSP1-2.6,2081-2100,12.544899999999984,47.2577,116.49160000000006,1.4084000000000003,5.273199999999996,0.042899999999999494,27.706,46.689600000000006,127.32443749999999,1.472025,4.4736625000000005,0.25646250000000026,27.715500000000002,0.520310115017461,1.7159086569386703
121.25,22.9,216.8963,SSP1-2.6,2081-2100,-17.935900000000004,52.321200000000005,73.89069999999992,1.5766999999999989,7.873199999999997,2.517899999999999,23.721999999999998,48.45855,115.500775,1.5103499999999999,7.548887500000001,2.616075,22.02325,0.6260039550986825,-1.0647056793321166
121.25,22.95,205.0974,SSP1-2.6,2081-2100,-5.465100000000007,48.5696,125.94470000000001,1.818999999999999,9.858900000000006,2.6554,21.050000000000004,48.53595,134.58231250000003,1.661225,6.374337499999998,2.7272375,21.22925,0.6260039550986825,-1.0015098989623252
121.25,23.0,198.2906,SSP1-2.6,2081-2100,4.180199999999985,46.468300000000006,145.25950000000012,2.6479999999999997,5.701799999999999,2.7036,20.122,47.929325000000006,139.12535000000005,1.9028,5.494412499999999,2.7276750000000005,20.677,0.6260039550986825,-0.9383141185925338
121.25,23.05,204.9055,SSP1-2.6,2081-2100,0.9925000000000068,49.473299999999995,139.4077000000002,2.3099999999999987,0.6178999999999988,2.7643000000000004,21.064,47.0598375,138.38470000000004,1.7994375000000002,5.060937499999998,2.8663000000000003,20.01275,0.6260039550986825,-0.8751183382227424
121.25,23.1,235.0819,SSP1-2.6,2081-2100,-14.167299999999983,48.8051,124.4094,1.0982999999999983,5.0929,3.1643,21.181999999999995,46.2025375,132.98180000000002,1.5159375000000002,3.742637499999998,2.9591499999999997,19.103,0.6260039550986825,-0.811922557852951
121.25,23.15,250.155,SSP1-2.6,2081-2100,-17.53800000000001,44.4469,126.05320000000006,1.1344999999999992,3.933899999999994,2.9213999999999993,18.186,46.310249999999996,121.122625,1.2088125,4.933949999999999,2.9930874999999997,18.857999999999997,0.6260039550986825,-0.748726777483164
121.25,23.2,265.027,SSP1-2.6,2081-2100,-16.14269999999999,44.378800000000005,123.93100000000004,1.5317000000000007,5.2179,2.9679,17.951999999999998,45.795125,126.75872500000003,1.3866874999999994,4.256687499999999,3.0049124999999997,18.354,0.6260039550986825,-0.6855309971133726
121.25,23.25,255.8634,SSP1-2.6,2081-2100,-6.142600000000016,48.7492,142.56220000000008,1.9921000000000006,5.3446,3.1911000000000005,19.636000000000003,46.25121250000001,159.5245875,1.5799499999999993,4.54285,3.0319374999999997,18.997500000000002,0.6260039550986825,-0.6223352167435812
121.25,23.3,241.7888,SSP1-2.6,2081-2100,9.912800000000004,49.488299999999995,230.34739999999988,1.6233000000000004,4.933899999999998,3.4250000000000007,21.616,47.9841875,212.54825,1.8719374999999996,4.4723125,3.1881875,20.48375,0.6260039550986825,-0.5591394363737897
121.25,23.35,238.2871,SSP1-2.6,2081-2100,23.57420000000002,52.2059,319.7928999999999,2.0485000000000007,4.598200000000002,3.460699999999999,24.098,49.1106125,259.1948625,1.8126375,4.5562499999999995,3.1448750000000008,21.37425,0.6260039550986825,-0.4959436560039983
121.25,23.4,249.908,SSP1-2.6,2081-2100,21.034200000000027,47.8458,344.1278000000002,2.0183999999999997,4.699999999999999,3.178600000000001,21.23,49.7847875,286.08591249999995,1.8190750000000004,4.7604875,3.3638375,21.869249999999997,0.6260039550986825,-0.43274787563421135
121.25,23.45,255.8864,SSP1-2.6,2081-2100,22.01649999999998,52.665,350.33979999999974,1.9031000000000002,4.1357,3.773199999999999,23.465999999999998,48.9723,299.9039500000001,1.7488625000000002,4.5812375,3.5426375,21.56075,0.6260039550986825,-0.3695520952644199
121.25,23.5,265.0738,SSP1-2.6,2081-2100,20.32159999999999,52.3565,367.55070000000023,1.953100000000001,4.0411,4.232100000000001,24.384,48.141400000000004,318.52031250000005,1.7502625,4.304225000000001,3.807375,21.48775,0.6260039550986825,-0.3063563148946285
121.25,23.55,268.8578,SSP1-2.6,2081-2100,23.5308,48.0386,406.2017000000001,2.0547000000000004,4.3536,4.675000000000001,22.028,46.056925,319.4339,1.7681749999999996,3.8906250000000004,3.5134,21.172250000000002,0.6260039550986825,-0.24316053452483705
121.25,23.6,227.2408,SSP1-2.6,2081-2100,32.88210000000001,41.5987,329.0173999999997,1.9085,5.6053999999999995,3.1768,18.128,44.158100000000005,309.3871875,1.826625,3.5613875000000004,3.1817,20.8225,0.6260039550986825,-0.17996475415504562
121.25,23.65,198.6305,SSP1-2.6,2081-2100,33.66149999999999,42.19650000000001,274.49120000000016,1.9620000000000015,3.726800000000001,2.783900000000001,19.554000000000002,41.099337500000004,279.1416999999999,1.7674249999999998,2.534612500000001,2.7513499999999995,20.060000000000002,0.6260039550986825,-0.11676897378525869
121.25,23.7,192.2125,SSP1-2.6,2081-2100,22.905900000000003,37.922200000000004,248.21640000000002,1.6330999999999989,-0.5356999999999985,2.4392999999999994,19.634,39.7593125,225.61039999999997,1.6204999999999998,1.4803500000000014,2.7024625,19.62675,0.6260039550986825,-0.053573193415467256
121.25,23.75,196.7212,SSP1-2.6,2081-2100,-1.2972000000000037,36.4033,139.90910000000008,0.9011999999999993,-1.2874999999999943,2.8606999999999996,17.808,37.3911375,192.76806249999998,1.5124749999999996,1.2142875000000002,2.4826124999999997,18.44475,0.6260039550986825,0.009622586954324176
121.25,23.8,188.5517,SSP1-2.6,2081-2100,6.849099999999993,38.082499999999996,133.68449999999984,1.2411999999999992,1.2053999999999974,1.9000000000000004,17.204,34.297812500000006,158.51225000000002,1.3619374999999994,2.5120500000000012,2.4694374999999997,15.657,0.6260039550986825,0.0728183673241156
121.25,23.85,197.332,SSP1-2.6,2081-2100,3.080100000000016,33.6813,147.83770000000004,1.3314999999999984,4.641100000000002,2.205399999999999,13.024,35.303775,166.9567625,1.4626125,4.3446625,2.0877375000000002,15.5475,0.6260039550986825,0.13601414769390704
121.25,23.9,202.9011,SSP1-2.6,2081-2100,4.035299999999978,36.1552,181.68579999999997,1.6168000000000013,5.264299999999999,1.8767999999999994,15.809999999999999,36.139075,201.22853750000004,1.6718624999999998,4.9355,1.7948625,15.243500000000001,0.6260039550986825,0.19920992806369398
121.25,23.95,198.7248,SSP1-2.6,2081-2100,15.029200000000003,40.643499999999996,254.6500000000001,2.0692999999999984,4.1036,0.7374999999999989,17.024,38.149775,258.2809750000001,2.084725000000001,4.208937499999999,1.3419625000000002,16.30075,0.6260039550986825,0.26240570843348543
121.25,24.0,184.3078,SSP1-2.6,2081-2100,46.64950000000002,38.1057,383.1658000000002,2.9998000000000005,2.0161000000000016,0.8178999999999998,16.366,38.6699,309.03353750000014,2.4379500000000007,2.927675,1.0716375,16.13075,0.6260039550986825,0.32560148880327683
121.25,24.05,199.552,SSP1-2.6,2081-2100,57.48260000000002,37.933499999999995,456.91949999999997,3.4315999999999995,0.7750000000000021,0.8429000000000002,15.196000000000002,38.7292125,335.2893250000001,2.704650000000001,2.2037999999999993,0.9252125000000002,16.0125,0.6260039550986825,0.3887972691730683
121.25,24.1,183.641,SSP1-2.6,2081-2100,36.9734,41.2863,388.2213999999999,3.1358999999999995,1.1374999999999957,0.6106999999999996,16.604,37.8194375,330.3865,2.6464125000000003,1.6948625000000002,1.10335,15.53775,0.6260039550986825,0.4519930495428597
121.25,24.15,209.9447,SSP1-2.6,2081-2100,18.37949999999998,34.65539999999999,367.6098999999999,2.6045000000000016,0.3393000000000015,1.1875,13.72,38.8221125,263.4464125,2.13055,1.981475,0.9218749999999998,15.524000000000001,0.6260039550986825,0.5151888299126467
121.25,24.2,229.0998,SSP1-2.6,2081-2100,-1.1767999999999859,38.5148,187.77390000000014,1.3023999999999987,1.267900000000001,0.9517999999999986,14.754,38.2587125,213.53542500000003,1.4570125000000003,1.894187500000001,0.8792499999999996,14.824750000000002,0.6260039550986825,0.578384610282438
121.25,24.25,225.2069,SSP1-2.6,2081-2100,-4.192700000000002,39.65240000000001,130.64160000000038,0.33330000000000126,1.8374999999999986,0.9124999999999996,14.888,38.5960125,168.24242499999997,0.927575,1.9533375000000004,0.9625124999999997,14.606750000000002,0.6260039550986825,0.6415803906522295
121.25,24.3,209.9772,SSP1-2.6,2081-2100,2.9522999999999797,39.63119999999999,147.58419999999978,0.5178999999999974,1.4963999999999977,1.0553999999999988,14.234000000000002,37.086487500000004,149.24847499999993,0.7316125000000002,2.3515499999999996,1.18505,13.92,0.6260039550986825,0.704776171022021
121.25,24.35,223.0774,SSP1-2.6,2081-2100,-0.9505000000000052,37.6002,161.13089999999966,0.9101999999999997,2.4589,2.0374999999999996,13.599999999999998,34.7461875,142.5346124999999,0.8333249999999999,2.347762499999999,1.573225,12.98425,0.6260039550986825,0.7679719513918124
121.25,24.4,225.9841,SSP1-2.6,2081-2100,4.684999999999974,25.529599999999995,154.6967999999997,1.1569000000000003,3.0017999999999994,1.7929000000000013,9.750000000000002,34.579175,137.79778749999997,0.9848125000000003,2.3308,1.79085,12.93275,0.6260039550986825,0.8311677317615993
121.25,24.45,242.0057,SSP1-2.6,2081-2100,2.595100000000002,28.8928,139.99850000000015,1.1621000000000024,2.0107,1.6303999999999998,11.008000000000001,35.468624999999996,143.65787500000002,1.1364999999999998,1.7886125000000006,1.9591625000000001,12.843499999999999,0.6260039550986825,0.8943635121313908
121.25,24.5,273.7845,SSP1-2.6,2081-2100,3.577200000000005,37.1591,146.98680000000013,1.3096999999999994,1.3196000000000012,1.6678999999999995,13.085999999999999,36.139775,149.0839125000001,1.1656000000000004,2.0462125000000007,2.218975,13.492750000000001,0.6260039550986825,0.9575592925011822
121.25,24.55,315.5168,SSP1-2.6,2081-2100,-2.2864000000000146,37.00659999999999,169.2224000000001,1.1499000000000024,2.355400000000003,2.6945999999999994,15.139999999999999,37.8270625,141.67155000000005,1.1099,2.452012500000001,2.439075,14.967500000000001,0.6260039550986825,1.0207550728709736
121.25,24.6,338.8761,SSP1-2.6,2081-2100,-6.906999999999982,39.378699999999995,154.65679999999975,0.8931000000000004,3.0714000000000006,2.6285999999999987,17.828,38.856224999999995,120.72116250000005,0.9887875000000013,3.6386250000000007,2.59285,17.545,0.6260039550986825,1.0839508532407651
121.25,24.65,318.885,SSP1-2.6,2081-2100,-1.9572000000000003,40.032799999999995,72.58550000000014,0.7287999999999997,4.833899999999996,2.1929,18.695999999999998,40.8930375,111.09277499999996,1.0082750000000007,4.120762500000001,2.4392875,20.9935,0.6260039550986825,1.147146633610552
121.25,24.7,287.2491,SSP1-2.6,2081-2100,11.574599999999975,42.962,122.98750000000018,1.215399999999999,4.8446,2.226800000000001,24.38,42.805899999999994,104.0922625,1.0031000000000008,4.7096125,2.2006750000000004,23.420749999999998,0.6260039550986825,1.2103424139803434
121.25,24.75,249.5033,SSP1-2.6,2081-2100,19.64529999999999,45.150000000000006,164.6470000000004,1.2006000000000014,6.117899999999999,2.069600000000001,27.503999999999998,44.2237375,111.08031249999999,0.9902375000000001,4.7571625000000015,2.0547,25.52375,0.6260039550986825,1.273538194350135
121.25,24.8,195.4141,SSP1-2.6,2081-2100,9.649100000000004,46.04950000000001,146.48709999999983,0.9420000000000002,3.3411000000000044,2.0732,26.958,44.7009,114.88223750000006,0.922975000000001,5.802025,1.7745625000000003,26.3785,0.6260039550986825,1.3367339747199263
121.25,24.85,154.826,SSP1-2.6,2081-2100,8.639800000000008,42.5296,138.24519999999984,0.8880000000000017,5.7196,1.392900000000001,25.1,44.2952875,104.09163750000005,0.9221000000000004,6.004925000000001,1.2988875,26.26625,0.6260039550986825,1.3999297550897176
121.25,24.9,142.2652,SSP1-2.6,2081-2100,4.800000000000011,41.915200000000006,105.51919999999996,1.194700000000001,6.3553999999999995,0.38039999999999985,24.686,43.2759375,90.78370000000001,1.0196500000000004,6.3102625,0.6870500000000002,25.367000000000004,0.6260039550986825,1.4631255354595045
121.25,24.95,139.2897,SSP1-2.6,2081-2100,3.0911999999999864,42.683299999999996,68.22090000000003,1.1789000000000023,7.100000000000001,-0.06610000000000049,25.068000000000005,43.582637500000004,98.80068750000001,1.2231249999999996,5.9526875,0.4198749999999998,25.70825,0.6260039550986825,1.526321315829296
121.25,25.0,141.6408,SSP1-2.6,2081-2100,5.098499999999973,44.5158,113.95669999999996,1.3049,6.655399999999997,0.5142999999999986,26.382,44.8463125,104.91018749999998,1.3316874999999992,5.6091625,0.3075875,26.59625,0.6260039550986825,1.5895170961990874
121.25,25.05,137.2724,SSP1-2.6,2081-2100,10.42349999999999,46.752399999999994,128.51409999999987,1.3099999999999987,4.7179,0.24290000000000056,28.39,45.944500000000005,125.28383749999998,1.4377374999999994,5.380812499999999,0.5049125,27.285249999999998,0.6260039550986825,1.652712876568879
121.25,25.1,130.315,SSP1-2.6,2081-2100,12.342700000000008,46.8766,123.03139999999985,1.447700000000001,5.194600000000001,0.085700000000001,27.740000000000002,46.05015,130.01377499999998,1.4328999999999996,5.17925,0.4337000000000004,27.2215,0.6260039550986825,1.7159086569386703
121.3,22.95,212.7497,SSP1-2.6,2081-2100,-8.041699999999992,51.38510000000001,87.64149999999995,1.6256000000000022,11.9875,2.7714000000000008,23.562,48.39805,132.77695000000003,1.9107374999999998,6.054462499999999,2.682825,20.91125,0.7316977951799037,-1.0015098989623252
121.3,23.0,206.4605,SSP1-2.6,2081-2100,0.11170000000001323,49.2365,119.60660000000007,1.9564000000000021,10.333899999999996,2.95,21.598,48.710575,131.27565000000004,2.0116625000000004,6.435950000000001,2.7890750000000004,21.03725,0.7316977951799037,-0.9383141185925338
121.3,23.05,210.6232,SSP1-2.6,2081-2100,0.47100000000000364,47.0722,124.98949999999991,2.6948000000000008,4.873199999999997,2.9036,19.562,48.203199999999995,135.71237500000004,1.6907875000000003,6.2817124999999985,3.0310375,20.81225,0.7316977951799037,-0.8751183382227424
121.3,23.1,220.1791,SSP1-2.6,2081-2100,-5.119799999999998,48.8148,120.14519999999993,1.5406000000000013,7.5929,2.9679,19.868000000000002,47.4388875,125.48137500000001,1.6047375000000001,6.086849999999998,3.1037999999999997,19.75725,0.7316977951799037,-0.811922557852951
121.3,23.15,238.9551,SSP1-2.6,2081-2100,-12.061599999999999,44.366600000000005,104.71010000000001,1.4021000000000008,6.2179,3.0,16.084,46.616524999999996,114.79507499999997,1.3649874999999998,5.8850625,3.097775,19.027,0.7316977951799037,-0.748726777483164
121.3,23.2,262.8138,SSP1-2.6,2081-2100,-18.116300000000024,47.91460000000001,85.20229999999992,1.2996999999999979,3.8018,3.1106999999999996,19.950000000000003,45.71102500000001,124.70775,1.6013499999999996,5.053787499999999,3.0419625,18.136249999999997,0.7316977951799037,-0.6855309971133726
121.3,23.25,259.1125,SSP1-2.6,2081-2100,-10.5856,45.610600000000005,151.20519999999988,1.8515999999999977,4.5946,3.375,18.506,46.808262500000005,158.69424999999998,1.7091499999999997,4.561375,3.0968875000000002,19.32725,0.7316977951799037,-0.6223352167435812
121.3,23.3,251.4089,SSP1-2.6,2081-2100,5.855400000000003,46.50300000000001,236.56780000000003,1.7269000000000005,2.6625000000000014,3.130399999999999,19.314,48.2951,203.81214999999997,1.9514375,5.248199999999999,3.234375,20.61325,0.7316977951799037,-0.5591394363737897
121.3,23.35,264.1773,SSP1-2.6,2081-2100,8.636099999999999,48.9753,220.96849999999995,1.9629000000000012,5.2928999999999995,3.0607000000000006,20.403999999999996,48.44515,242.9957375,1.9099125000000003,5.650662499999999,3.2009,20.899500000000003,0.7316977951799037,-0.4959436560039983
121.3,23.4,271.1424,SSP1-2.6,2081-2100,7.097399999999993,50.616099999999996,236.3656000000001,1.6738,7.710699999999999,3.2375000000000007,21.096,49.34836249999999,252.28373749999997,1.9907750000000008,5.8816999999999995,3.3303499999999997,21.45375,0.7316977951799037,-0.43274787563421135
121.3,23.45,263.8152,SSP1-2.6,2081-2100,15.411000000000001,51.7656,258.76150000000007,1.653900000000002,6.757100000000001,4.091099999999999,22.753999999999998,49.55052499999999,262.960825,1.9417125000000004,5.7118375,3.45625,21.7235,0.7316977951799037,-0.3695520952644199
121.3,23.5,266.137,SSP1-2.6,2081-2100,28.000999999999976,51.1947,311.3946000000001,1.6905999999999999,2.6071000000000026,4.0428999999999995,23.126000000000005,49.432162500000004,291.0587375,1.9970375000000002,5.608712499999999,3.9479875,22.277249999999995,0.7316977951799037,-0.3063563148946285
121.3,23.55,253.8481,SSP1-2.6,2081-2100,42.43119999999999,47.7744,374.2903000000001,1.9022999999999985,3.5981999999999985,4.717900000000002,23.284,47.951162499999995,310.06253749999996,1.9696624999999999,4.745325,3.6629500000000004,21.70925,0.7316977951799037,-0.24316053452483705
121.3,23.6,231.6263,SSP1-2.6,2081-2100,41.40470000000002,45.9954,369.2489999999998,1.9956999999999994,2.4304000000000023,3.1768,23.504,44.81855,312.4124375,1.9800624999999996,4.732587499999999,3.5102750000000005,20.773249999999997,0.7316977951799037,-0.17996475415504562
121.3,23.65,198.8598,SSP1-2.6,2081-2100,39.95079999999999,41.099199999999996,303.02869999999984,2.1214999999999993,3.4339000000000013,2.789300000000001,21.716,42.660762500000004,286.36963749999995,1.9150875,3.773225,3.0064875,19.92225,0.7316977951799037,-0.11676897378525869
121.3,23.7,198.088,SSP1-2.6,2081-2100,25.9769,39.2329,267.2736,2.034700000000001,2.8536,2.2874999999999996,18.58,41.07792500000001,253.635525,1.8215374999999998,2.3732000000000015,3.0364,20.017000000000003,0.7316977951799037,-0.053573193415467256
121.3,23.75,206.5757,SSP1-2.6,2081-2100,18.3536,39.758,190.23530000000005,1.8632999999999988,0.5196000000000005,2.5054,20.558,40.2158875,225.68117499999997,1.7528375,2.4910750000000004,2.795775,18.7335,0.7316977951799037,0.009622586954324176
121.3,23.8,210.7696,SSP1-2.6,2081-2100,16.76079999999999,40.6832,169.5693000000001,1.6653000000000002,4.373200000000001,2.3553999999999995,18.528,38.0513375,208.21860000000004,1.7679249999999995,3.174325000000001,2.63595,17.03725,0.7316977951799037,0.0728183673241156
121.3,23.85,217.8147,SSP1-2.6,2081-2100,20.04600000000002,30.6184,191.73299999999995,1.7815999999999992,5.732100000000003,2.294600000000001,12.046,38.351637499999995,207.81291250000004,1.8806999999999998,4.8723374999999995,2.3477874999999995,16.7635,0.7316977951799037,0.13601414769390704
121.3,23.9,216.9464,SSP1-2.6,2081-2100,21.9024,38.218399999999995,229.31579999999985,1.9658000000000015,6.0411,2.1678999999999995,17.580000000000002,36.2246875,237.0321125000001,2.042775,4.732150000000001,2.0660624999999997,14.95,0.7316977951799037,0.19920992806369398
121.3,23.95,210.6926,SSP1-2.6,2081-2100,22.374300000000005,33.462,285.08089999999993,2.182100000000002,3.8839000000000006,1.9695999999999998,14.166,37.763425,288.0706000000001,2.315275,3.4828249999999996,1.6325874999999996,15.680250000000001,0.7316977951799037,0.26240570843348543
121.3,24.0,204.0411,SSP1-2.6,2081-2100,38.471300000000014,38.0135,370.06539999999995,2.758200000000002,0.7731999999999992,1.0357000000000003,14.920000000000002,36.8478625,340.46090000000015,2.5784124999999998,1.9145124999999998,1.4178499999999998,14.89675,0.7316977951799037,0.32560148880327683
121.3,24.05,201.9381,SSP1-2.6,2081-2100,47.159400000000005,34.4163,436.9903000000004,3.0886999999999993,-1.042900000000003,1.2838999999999992,14.356,37.1636375,380.5855625,2.8861875,1.0752249999999997,1.1475375,15.006,0.7316977951799037,0.3887972691730683
121.3,24.1,183.4887,SSP1-2.6,2081-2100,38.544399999999996,35.907300000000006,485.0248999999999,3.632200000000001,0.11250000000000071,1.0071000000000012,14.738,36.4050625,368.26525,2.7648875,0.6506624999999993,1.1783499999999998,14.832,0.7316977951799037,0.4519930495428597
121.3,24.15,195.9269,SSP1-2.6,2081-2100,15.812700000000007,35.0342,351.6585,2.6814,0.8839000000000006,1.0428999999999995,14.394000000000002,36.437937500000004,301.6754375,2.239162500000001,1.0028999999999995,1.112275,14.687999999999999,0.7316977951799037,0.5151888299126467
121.3,24.2,225.1123,SSP1-2.6,2081-2100,-3.778899999999993,36.190799999999996,185.9680000000003,1.175500000000003,1.4392999999999994,0.9893000000000001,14.124,36.7300875,225.9819500000001,1.4869875000000006,1.3897249999999999,1.1834999999999996,14.506499999999999,0.7316977951799037,0.578384610282438
121.3,24.25,236.656,SSP1-2.6,2081-2100,-3.331700000000012,37.3554,189.38940000000002,0.7844000000000015,1.0338999999999992,0.8249999999999993,13.688000000000002,37.318175000000004,160.3472250000001,0.8878000000000004,1.6131624999999996,1.3571624999999996,14.337,0.7316977951799037,0.6415803906522295
121.3,24.3,221.4116,SSP1-2.6,2081-2100,-0.9240000000000066,37.905899999999995,169.1927999999998,0.5927000000000007,1.0196000000000005,1.8643,14.402000000000001,37.4500125,138.5540125,0.6913874999999998,1.9289999999999994,1.4473374999999997,13.88425,0.7316977951799037,0.704776171022021
121.3,24.35,219.0711,SSP1-2.6,2081-2100,-3.0936000000000092,36.8162,109.38279999999986,0.46359999999999957,2.6982,1.6410999999999998,13.44,36.291,119.31986249999989,0.7601750000000003,2.040375,1.7975500000000002,13.251249999999999,0.7316977951799037,0.7679719513918124
121.3,24.4,223.1844,SSP1-2.6,2081-2100,2.2317999999999927,37.5765,107.67809999999986,0.6882000000000019,0.8696000000000019,2.3339,13.442,34.530075,102.74547499999997,0.8122125000000002,2.5941875,1.7966625000000003,12.8035,0.7316977951799037,0.8311677317615993
121.3,24.45,221.8939,SSP1-2.6,2081-2100,8.517499999999984,34.1326,128.1703,1.0989000000000004,1.9499999999999993,1.9268,13.46,34.850224999999995,108.02338750000004,0.9755750000000005,1.9366000000000003,1.8656374999999998,12.62775,0.7316977951799037,0.8943635121313908
121.3,24.5,233.9166,SSP1-2.6,2081-2100,6.96550000000002,37.882299999999994,138.49739999999997,1.0821000000000005,0.44819999999999993,2.055399999999999,12.662,35.621399999999994,142.2242875000001,1.1524500000000009,1.8703250000000002,2.1823749999999995,13.5695,0.7316977951799037,0.9575592925011822
121.3,24.55,262.7394,SSP1-2.6,2081-2100,2.101100000000031,37.1313,177.88990000000013,1.1994000000000007,2.0660999999999987,3.3035999999999994,13.128,37.1525125,157.6291625,1.2342000000000009,1.3357125000000005,2.4986749999999995,14.94875,0.7316977951799037,1.0207550728709736
121.3,24.6,277.6191,SSP1-2.6,2081-2100,3.8663999999999987,40.3526,168.08910000000014,1.3775000000000013,1.5268000000000015,3.289300000000001,18.990000000000002,37.910887499999994,154.56823749999995,1.2034625000000014,2.8825875,2.7473249999999996,16.610249999999997,0.7316977951799037,1.0839508532407651
121.3,24.65,301.9903,SSP1-2.6,2081-2100,5.423900000000003,41.107699999999994,138.71000000000004,1.179000000000002,5.137500000000003,2.4482,21.509999999999998,39.2290875,139.66511250000002,1.2612625000000004,3.4026625,2.6879625,19.134500000000003,0.7316977951799037,1.147146633610552
121.3,24.7,308.3239,SSP1-2.6,2081-2100,10.735100000000045,37.8704,110.86180000000013,1.2957,4.891100000000002,2.373199999999999,19.732,41.679387500000004,134.65586250000007,1.2636250000000007,5.21785,2.3734375000000005,22.299999999999997,0.7316977951799037,1.2103424139803434
121.3,24.75,270.9052,SSP1-2.6,2081-2100,21.668300000000045,40.614,126.06809999999996,1.2856000000000023,6.064300000000003,2.101800000000001,21.738,43.066475000000004,139.2147500000001,1.2136375,4.960050000000001,2.3426375000000004,24.600749999999998,0.7316977951799037,1.273538194350135
121.3,24.8,216.2419,SSP1-2.6,2081-2100,11.837700000000012,45.6208,146.0936999999999,1.0959000000000003,5.517900000000001,2.4178999999999995,27.036,43.564400000000006,136.84156250000007,1.1369125000000007,5.453125000000001,2.0111625,25.338499999999996,0.7316977951799037,1.3367339747199263
121.3,24.85,177.3614,SSP1-2.6,2081-2100,7.4757999999999925,44.8021,139.8375000000001,1.313600000000001,7.053599999999999,1.6911000000000005,26.305999999999997,43.4861875,123.34662500000002,1.0692500000000003,5.406700000000001,1.576575,25.665999999999997,0.7316977951799037,1.3999297550897176
121.3,24.9,149.5874,SSP1-2.6,2081-2100,7.834000000000003,42.304199999999994,112.78610000000003,1.3061000000000007,7.2768000000000015,0.9357000000000006,25.480000000000004,42.836225,103.61721250000002,1.1170625000000003,6.00825,0.8754500000000001,25.44425,0.7316977951799037,1.4631255354595045
121.3,24.95,142.3323,SSP1-2.6,2081-2100,6.206999999999994,42.361900000000006,84.73929999999996,1.1672999999999973,6.194599999999998,0.09820000000000029,25.236000000000004,42.5657375,102.8695875,1.2155750000000003,6.3747875,0.6823624999999998,25.4505,0.7316977951799037,1.526321315829296
121.3,25.0,140.2247,SSP1-2.6,2081-2100,8.059599999999989,42.778999999999996,140.14930000000004,1.3406999999999982,6.566100000000002,1.2142999999999997,25.594,43.329562499999994,101.94072499999996,1.258425,6.187725,0.4432999999999997,25.905,0.7316977951799037,1.5895170961990874
121.3,25.05,133.8473,SSP1-2.6,2081-2100,8.917400000000015,44.2504,146.3209999999999,1.4964999999999975,6.453600000000002,0.9981999999999998,26.604,44.5322625,122.93099999999995,1.3678875000000001,5.8901875,0.6096,26.33,0.7316977951799037,1.652712876568879
121.3,25.1,127.6105,SSP1-2.6,2081-2100,15.219799999999992,46.239200000000004,162.48789999999985,1.5153999999999996,4.180399999999999,0.8839000000000006,26.688000000000002,45.261337499999996,124.37082499999997,1.4027000000000003,5.7569125,0.46451250000000033,26.702,0.7316977951799037,1.7159086569386703
121.3,25.15,130.2116,SSP1-2.6,2081-2100,9.786200000000008,45.036899999999996,117.00420000000008,1.3609000000000009,5.360700000000001,0.4875000000000007,26.078000000000003,45.645799999999994,132.16141249999993,1.4176375,5.641525,0.5377250000000005,27.13075,0.7316977951799037,1.7791044373084572
121.35,23.05,216.5907,SSP1-2.6,2081-2100,-2.2468000000000075,50.2008,134.1458,1.403500000000001,10.576799999999999,3.2356999999999996,22.650000000000002,48.278662499999996,132.041625,1.7325375000000003,6.5669875,3.1306000000000003,20.186500000000002,0.837391635261125,-0.8751183382227424
121.35,23.1,223.9805,SSP1-2.6,2081-2100,-5.410799999999995,47.992900000000006,138.1860999999999,1.217100000000002,9.767900000000001,3.6929,21.07,47.562937500000004,133.0037375,1.58445,7.0100625,3.154025,19.29,0.837391635261125,-0.811922557852951
121.35,23.15,217.1935,SSP1-2.6,2081-2100,-1.9816999999999894,47.153299999999994,111.94920000000002,1.5776000000000003,7.6143,3.148199999999999,18.26,46.5871625,129.95198749999994,1.4467374999999998,6.795775,3.1991124999999996,18.36175,0.837391635261125,-0.748726777483164
121.35,23.2,235.3941,SSP1-2.6,2081-2100,-8.883399999999995,43.425799999999995,88.48419999999987,1.5203999999999986,4.058900000000001,2.8088999999999995,15.747999999999998,46.416475000000005,139.54827499999996,1.6228874999999992,6.240849999999999,3.1758875,18.41175,0.837391635261125,-0.6855309971133726
121.35,23.25,226.3064,SSP1-2.6,2081-2100,-2.258800000000008,47.557,148.76690000000008,1.8007999999999988,3.4482,2.9232000000000005,20.718,46.40842500000001,168.67429999999993,1.7975249999999994,5.738387499999999,3.22925,18.63675,0.837391635261125,-0.6223352167435812
121.35,23.3,217.9439,SSP1-2.6,2081-2100,12.402299999999997,46.4494,213.69219999999996,2.1783,7.023199999999996,3.2179,19.683999999999997,47.1376375,206.79838750000002,1.9612624999999997,5.533925,3.3408499999999997,19.436999999999998,0.837391635261125,-0.5591394363737897
121.35,23.35,247.5784,SSP1-2.6,2081-2100,8.031300000000016,47.32509999999999,203.16190000000006,2.154,6.7499999999999964,3.221399999999999,20.244,47.90395,225.74647499999998,1.9541750000000007,6.3325875,3.382375,19.905,0.837391635261125,-0.4959436560039983
121.35,23.4,262.7087,SSP1-2.6,2081-2100,6.137699999999995,47.127599999999994,159.91029999999978,1.8561000000000014,6.826799999999999,2.7356999999999996,19.914,48.5148375,224.102575,2.0117625000000006,7.02455,3.4669624999999997,20.49175,0.837391635261125,-0.43274787563421135
121.35,23.45,243.0505,SSP1-2.6,2081-2100,15.794699999999978,46.8766,161.20720000000006,2.3293000000000017,7.992899999999999,3.1213999999999995,19.519999999999996,48.96635,222.71271249999992,1.9534750000000003,6.918737500000001,3.4100624999999996,21.27925,0.837391635261125,-0.3695520952644199
121.35,23.5,239.3016,SSP1-2.6,2081-2100,17.612099999999998,47.7219,172.7905999999998,2.1092999999999993,7.680399999999999,3.3286,21.052,48.253325000000004,242.03252500000002,2.084625,6.438375000000001,3.5334875,21.47625,0.837391635261125,-0.3063563148946285
121.35,23.55,232.5434,SSP1-2.6,2081-2100,33.589500000000015,48.2587,237.32810000000018,2.070599999999999,6.310700000000001,3.6446000000000005,21.729999999999997,47.30055,262.8971624999999,2.0699249999999996,5.5417375,3.3060375,21.332,0.837391635261125,-0.24316053452483705
121.35,23.6,240.6029,SSP1-2.6,2081-2100,34.70770000000002,48.44480000000001,286.9682,1.9748,4.933899999999998,3.0267999999999997,19.721999999999998,45.403575000000004,279.87282500000003,2.0624249999999993,5.3194125,3.2700875000000003,21.2785,0.837391635261125,-0.17996475415504562
121.35,23.65,236.2236,SSP1-2.6,2081-2100,28.160899999999998,41.137499999999996,287.9739000000002,1.846099999999998,5.898199999999999,3.267899999999999,20.024,45.0342,278.9266499999999,2.0662625,4.8462,2.9484375,20.4235,0.837391635261125,-0.11676897378525869
121.35,23.7,250.289,SSP1-2.6,2081-2100,22.657600000000002,44.7581,227.76739999999972,1.9658000000000015,5.273200000000001,3.892900000000001,20.232,43.43396250000001,281.02774999999997,2.0688874999999998,4.39775,2.8919749999999995,20.027250000000002,0.837391635261125,-0.053573193415467256
121.35,23.75,267.4969,SSP1-2.6,2081-2100,31.5188,45.348600000000005,357.46219999999994,2.279300000000001,1.9571000000000005,3.7517999999999994,20.610000000000003,42.30585000000001,246.24763749999994,2.0084,4.8741,2.8408624999999996,18.918,0.837391635261125,0.009622586954324176
121.35,23.8,253.1649,SSP1-2.6,2081-2100,26.757100000000037,39.29630000000001,261.56690000000003,2.3020999999999994,6.089299999999998,2.8785999999999987,17.272000000000002,41.0829375,242.63827500000008,2.0464125,4.831012500000001,2.8457749999999997,17.80475,0.837391635261125,0.0728183673241156
121.35,23.85,261.0585,SSP1-2.6,2081-2100,35.498400000000004,41.2223,243.32010000000037,2.443200000000001,6.537500000000001,2.6911000000000005,17.776000000000003,38.748775,251.84111250000007,2.1118375,5.4221,2.7368375,15.97475,0.837391635261125,0.13601414769390704
121.35,23.9,256.0584,SSP1-2.6,2081-2100,40.16210000000001,39.47389999999999,295.5232000000001,2.4796999999999976,4.826799999999999,2.7070999999999987,16.914,36.598375000000004,261.7456750000001,2.2401125000000004,5.0569250000000014,2.399775,14.384250000000002,0.837391635261125,0.19920992806369398
121.35,23.95,241.2656,SSP1-2.6,2081-2100,34.99849999999998,34.54090000000001,296.42620000000034,2.437999999999999,2.867899999999999,2.0464,12.84,37.094075,288.7309875,2.2798000000000007,3.9142875000000004,2.0662874999999996,14.663499999999999,0.837391635261125,0.26240570843348543
121.35,24.0,253.4908,SSP1-2.6,2081-2100,30.796999999999997,36.9563,293.7326000000003,2.194600000000001,1.9695999999999998,1.6714000000000002,13.988,36.6985875,303.02622500000007,2.39935,2.7390749999999993,1.7002125,14.533750000000001,0.837391635261125,0.32560148880327683
121.35,24.05,255.8123,SSP1-2.6,2081-2100,30.68349999999998,38.724700000000006,316.7219,2.2231999999999985,0.7428999999999988,1.9732000000000003,15.238000000000001,36.5996875,326.5042375,2.6096500000000002,1.9854874999999992,1.2968625,14.6945,0.837391635261125,0.3887972691730683
121.35,24.1,214.4599,SSP1-2.6,2081-2100,15.871199999999988,30.381800000000005,350.83299999999963,2.7139999999999986,1.0749999999999993,1.2213999999999992,12.998,37.4358125,312.14437499999997,2.5262875,1.7923999999999989,1.28325,15.185,0.837391635261125,0.4519930495428597
121.35,24.15,215.3173,SSP1-2.6,2081-2100,2.0648000000000195,38.808299999999996,277.1675,2.2398000000000025,1.294599999999999,1.2643000000000004,16.15,36.103775,255.90499999999992,2.0483000000000007,2.1082499999999995,1.3165124999999998,14.461,0.837391635261125,0.5151888299126467
121.35,24.2,255.9653,SSP1-2.6,2081-2100,-8.844000000000023,35.75880000000001,170.8049000000001,1.1090000000000018,1.357099999999999,1.6661000000000001,14.415999999999999,37.007337500000006,186.40541250000007,1.4410375000000006,2.3216499999999995,1.3803624999999995,14.6045,0.837391635261125,0.578384610282438
121.35,24.25,256.3137,SSP1-2.6,2081-2100,-7.167699999999996,34.061400000000006,132.8099000000002,0.8410999999999973,3.1036,1.6178999999999988,14.042,36.579800000000006,142.60171250000008,0.9898750000000014,1.8241,1.5330374999999998,13.9715,0.837391635261125,0.6415803906522295
121.35,24.3,226.5923,SSP1-2.6,2081-2100,3.3492999999999995,36.8301,158.00250000000005,1.2305000000000028,1.3839000000000006,1.8000000000000007,13.836,36.20255,123.19877500000007,0.7670874999999997,1.8997625,1.5017874999999998,13.55275,0.837391635261125,0.704776171022021
121.35,24.35,215.3445,SSP1-2.6,2081-2100,-2.4375,37.65319999999999,79.49080000000004,0.45009999999999906,1.419599999999999,1.6893000000000011,13.346,36.7631875,101.45369999999997,0.7993125000000005,2.1064500000000006,1.676775,13.555,0.837391635261125,0.7679719513918124
121.35,24.4,218.0868,SSP1-2.6,2081-2100,5.494399999999985,37.6013,-23.21719999999982,0.5349000000000004,4.673200000000001,1.8071000000000002,13.4,37.550925,92.76541249999994,0.8055500000000002,2.3879375,1.7312500000000002,14.367,0.837391635261125,0.8311677317615993
121.35,24.45,218.0459,SSP1-2.6,2081-2100,8.552500000000009,38.0147,72.31090000000017,0.7210000000000001,2.5411,1.8482000000000003,14.424,37.9870625,90.18523749999994,0.9714625000000008,2.3263375000000006,1.8497749999999997,14.641,0.837391635261125,0.8943635121313908
121.35,24.5,238.1233,SSP1-2.6,2081-2100,16.37020000000001,36.1455,127.23580000000015,1.1496999999999993,0.6285999999999987,1.789299999999999,13.25,37.4721125,128.6469875,1.1684625000000008,2.3518000000000003,2.1745625,14.830749999999998,0.837391635261125,0.9575592925011822
121.35,24.55,256.441,SSP1-2.6,2081-2100,12.19640000000004,36.488600000000005,175.97969999999987,1.4289000000000023,2.091100000000001,2.5982000000000003,15.059999999999999,36.4731,160.43365000000006,1.3353375000000005,1.0200874999999998,2.5645249999999997,14.6155,0.837391635261125,1.0207550728709736
121.35,24.6,250.5095,SSP1-2.6,2081-2100,12.73259999999999,32.8067,180.36529999999993,1.4827000000000012,-0.7554000000000016,3.2661,13.574,37.670675,173.6825875,1.420525000000001,2.2163000000000004,2.8299125,16.8155,0.837391635261125,1.0839508532407651
121.35,24.65,265.6146,SSP1-2.6,2081-2100,13.124300000000005,39.33469999999999,167.13629999999966,1.5659000000000027,4.2607,2.846399999999999,17.946,38.27685,163.00992500000012,1.4334750000000005,2.4569125000000005,2.866525,18.854,0.837391635261125,1.147146633610552
121.35,24.7,295.0779,SSP1-2.6,2081-2100,11.880499999999984,41.0948,140.63860000000022,1.5309999999999988,4.548200000000001,2.6804000000000006,21.93,40.12235,155.6174125,1.393437500000001,4.4852750000000015,2.56405,20.7755,0.837391635261125,1.2103424139803434
121.35,24.75,290.8384,SSP1-2.6,2081-2100,14.790300000000002,43.139100000000006,144.47389999999996,1.4026999999999994,5.935700000000001,2.4214,24.696,41.2132,148.9801000000001,1.3033375000000005,4.7995625,2.3511249999999997,22.65125,0.837391635261125,1.273538194350135
121.35,24.8,259.6651,SSP1-2.6,2081-2100,8.030900000000031,42.645199999999996,137.52840000000015,1.0258000000000003,4.483899999999998,2.4786,24.569999999999997,42.7610375,140.39221250000008,1.2430375000000002,5.434825,2.02255,24.45425,0.837391635261125,1.3367339747199263
121.35,24.85,214.0627,SSP1-2.6,2081-2100,6.934399999999982,43.585699999999996,97.44530000000032,1.036999999999999,4.908900000000003,1.8606999999999996,25.836,43.4854625,128.07966250000013,1.1317625000000002,5.488175,1.7185375,25.55175,0.837391635261125,1.3999297550897176
121.35,24.9,163.7108,SSP1-2.6,2081-2100,7.620199999999983,43.23929999999999,102.66800000000012,1.064499999999999,5.649999999999999,1.0732,25.662,42.846962500000004,100.45748750000007,1.1366,5.898875,1.2884000000000002,25.61075,0.837391635261125,1.4631255354595045
121.35,24.95,153.6637,SSP1-2.6,2081-2100,5.077399999999983,41.572700000000005,92.26229999999987,1.0925000000000011,5.0839,0.5731999999999999,25.659999999999997,42.575399999999995,100.5647375,1.2073999999999994,6.03795,1.0977625000000002,25.56725,0.837391635261125,1.526321315829296
121.35,25.0,151.0352,SSP1-2.6,2081-2100,1.2218000000000018,41.516400000000004,87.39419999999996,1.2423000000000002,6.310700000000004,0.8338999999999999,25.072000000000003,42.719362499999995,103.06758749999997,1.3143874999999992,6.31495,0.828575,25.806,0.837391635261125,1.5895170961990874
121.35,25.05,144.0754,SSP1-2.6,2081-2100,7.4184999999999945,42.983599999999996,94.11730000000011,1.2750000000000021,6.985699999999998,0.351799999999999,24.828000000000003,43.7320375,120.11226249999996,1.4143749999999988,6.191525,0.85825,26.179500000000004,0.837391635261125,1.652712876568879
121.35,25.1,135.6902,SSP1-2.6,2081-2100,12.167100000000005,44.595099999999995,133.7971,1.5071000000000012,6.5107,0.7500000000000009,25.946,44.428775,118.59348749999998,1.3859374999999998,6.3645125,0.6323625,26.500500000000002,0.837391635261125,1.7159086569386703
121.35,25.15,133.6245,SSP1-2.6,2081-2100,11.372199999999992,44.338,135.68989999999985,1.4160000000000004,5.558900000000001,0.7571000000000012,26.324,44.29645,113.1948625,1.2814875000000003,5.713625,0.47678750000000003,26.43625,0.837391635261125,1.7791044373084572
121.4,23.1,213.0608,SSP1-2.6,2081-2100,2.1148000000000025,47.681200000000004,177.63930000000005,1.4654999999999987,6.642900000000001,3.4536,18.887999999999998,46.80695,127.85866249999995,1.4737250000000004,7.764075,3.1765624999999993,18.62075,0.9430854753423764,-0.811922557852951
121.4,23.15,207.1675,SSP1-2.6,2081-2100,4.949900000000014,46.409499999999994,166.04140000000007,1.493199999999998,7.4696,3.3588999999999993,17.826,46.6426,137.95322499999995,1.5180375000000002,7.707387499999999,3.2287999999999997,18.58125,0.9430854753423764,-0.748726777483164
121.4,23.2,202.9342,SSP1-2.6,2081-2100,8.292699999999996,46.0919,159.2072999999998,1.6353000000000009,8.814299999999996,3.1999999999999993,17.46,46.9266875,149.1398375,1.665649999999999,5.9984375,3.224325,18.72775,0.9430854753423764,-0.6855309971133726
121.4,23.25,192.7873,SSP1-2.6,2081-2100,15.25800000000001,46.2283,189.3037999999999,1.9227999999999987,7.966099999999997,3.291100000000001,18.490000000000002,46.4061875,185.8194,1.8474499999999994,6.385475,3.312725,18.41375,0.9430854753423764,-0.6223352167435812
121.4,23.3,189.4785,SSP1-2.6,2081-2100,22.027500000000003,49.0438,225.73160000000007,2.2452000000000005,6.985700000000001,3.7,19.942,47.04186249999999,210.7292125,1.9795124999999998,6.57165,3.4055874999999998,19.4165,0.9430854753423764,-0.5591394363737897
121.4,23.35,214.6207,SSP1-2.6,2081-2100,27.931900000000013,45.858,278.68140000000017,2.0259,6.571400000000001,4.0249999999999995,17.878,47.59075,209.30897499999998,2.0080625000000003,6.8852625,3.3703125,19.80325,0.9430854753423764,-0.4959436560039983
121.4,23.4,225.7963,SSP1-2.6,2081-2100,23.812000000000012,48.6584,234.05439999999976,1.9643000000000015,7.587500000000002,3.9517999999999995,21.008,47.2077125,203.38861250000005,2.0956,7.094637499999999,3.2932874999999995,19.67175,0.9430854753423764,-0.43274787563421135
121.4,23.45,214.7204,SSP1-2.6,2081-2100,25.529499999999985,48.0436,199.62009999999987,2.3299999999999983,7.533899999999999,3.0267999999999997,21.03,47.293425,192.8443625,2.1547750000000003,7.292862499999999,3.2258875,20.231749999999998,0.9430854753423764,-0.3695520952644199
121.4,23.5,220.4992,SSP1-2.6,2081-2100,26.918299999999988,46.60289999999999,208.80459999999994,2.3498,8.6464,2.8661000000000003,20.253999999999998,47.04015,189.424775,2.2787749999999996,7.3341625,3.145525,20.378249999999998,0.9430854753423764,-0.3063563148946285
121.4,23.55,226.6173,SSP1-2.6,2081-2100,25.529899999999998,45.51010000000001,184.85379999999986,2.3505000000000003,8.0607,2.7570999999999994,20.112,46.8035125,203.00713750000003,2.1961874999999993,6.73595,3.0901750000000003,20.16375,0.9430854753423764,-0.24316053452483705
121.4,23.6,249.4343,SSP1-2.6,2081-2100,22.62299999999999,45.1602,194.82619999999997,2.186399999999999,6.376800000000003,2.5321,19.602,46.1621625,231.58376250000006,2.1289,6.660937499999999,3.087275,20.0245,0.9430854753423764,-0.17996475415504562
121.4,23.65,262.2052,SSP1-2.6,2081-2100,13.265500000000031,48.2931,287.4326000000001,2.0263000000000027,6.446399999999997,3.2750000000000004,20.256,45.6322125,246.44837499999997,2.1460874999999993,6.023887500000001,2.9598249999999995,19.746000000000002,0.9430854753423764,-0.11676897378525869
121.4,23.7,262.7116,SSP1-2.6,2081-2100,15.122000000000014,47.2899,294.86749999999984,2.224899999999998,7.0214,2.607099999999999,19.776,45.786874999999995,270.41453749999994,2.1160500000000004,5.8330375,3.0281374999999997,20.20625,0.9430854753423764,-0.053573193415467256
121.4,23.75,249.325,SSP1-2.6,2081-2100,17.299900000000036,45.3125,259.9481999999998,2.1549999999999994,7.0518,2.6517999999999997,18.698,45.278825,262.79409999999996,2.0612875000000006,5.774324999999999,3.0203125,19.8575,0.9430854753423764,0.009622586954324176
121.4,23.8,285.1217,SSP1-2.6,2081-2100,7.358000000000004,42.115899999999996,298.75289999999995,1.8561000000000014,5.810700000000001,3.5481999999999996,17.7,44.481562499999995,242.65126250000014,2.1237250000000003,6.30715,2.8392999999999997,18.729750000000003,0.9430854753423764,0.0728183673241156
121.4,23.85,276.9052,SSP1-2.6,2081-2100,24.51690000000002,43.604600000000005,230.08520000000044,2.3275000000000006,6.6661,2.9679,16.522,41.0388625,259.2872625000001,2.1971374999999997,5.79465,2.82925,16.11025,0.9430854753423764,0.13601414769390704
121.4,23.9,283.5294,SSP1-2.6,2081-2100,39.62619999999998,35.9795,338.1826000000001,2.5166000000000004,3.837500000000002,2.9750000000000014,11.236,39.57928750000001,255.55270000000013,2.333,5.468325,2.5444249999999995,14.7745,0.9430854753423764,0.19920992806369398
121.4,23.95,272.3215,SSP1-2.6,2081-2100,39.4941,35.14090000000001,279.82159999999976,2.2661000000000016,4.889300000000002,2.085699999999999,12.908,38.483712499999996,267.32072500000015,2.280075,4.4033625,2.264725,14.0855,0.9430854753423764,0.26240570843348543
121.4,24.0,285.9052,SSP1-2.6,2081-2100,24.338400000000036,39.50809999999999,218.12580000000025,1.875300000000001,5.0929,1.9178999999999995,15.596,38.43455,255.71668750000003,2.2637500000000004,3.9450999999999996,1.8807875,14.823,0.9430854753423764,0.32560148880327683
121.4,24.05,298.1246,SSP1-2.6,2081-2100,8.676500000000033,39.78229999999999,220.9776999999999,2.363199999999999,4.705399999999997,1.2893000000000008,16.246,37.897475,255.30911249999997,2.218962500000001,3.2705375,1.5877124999999999,14.912500000000001,0.9430854753423764,0.3887972691730683
121.4,24.1,280.8568,SSP1-2.6,2081-2100,-0.9575000000000387,37.8319,236.2841999999996,2.2510000000000012,3.1982,0.9481999999999999,14.714,37.895275,241.46783749999992,2.17205,2.7953124999999996,1.44485,15.407499999999999,0.9430854753423764,0.4519930495428597
121.4,24.15,300.9809,SSP1-2.6,2081-2100,-16.76690000000002,38.9815,172.32999999999993,1.7307999999999986,4.444599999999998,1.4570999999999987,15.644,37.366525,208.1776999999999,1.837425000000001,2.61205,1.48705,14.967,0.9430854753423764,0.5151888299126467
121.4,24.2,324.1519,SSP1-2.6,2081-2100,-26.977000000000032,38.743900000000004,94.33649999999989,1.0925000000000011,4.3553999999999995,2.1999999999999993,14.660000000000002,37.9018,151.19922500000007,1.3719000000000001,2.6466499999999997,1.5729874999999998,15.382000000000001,0.9430854753423764,0.578384610282438
121.4,24.25,276.7358,SSP1-2.6,2081-2100,-12.17429999999996,36.8832,87.58350000000019,0.982800000000001,2.017900000000001,1.6463999999999999,14.134,36.724625,103.5531500000001,1.0368875000000002,2.821425,1.7109499999999997,14.358,0.9430854753423764,0.6415803906522295
121.4,24.3,230.4741,SSP1-2.6,2081-2100,-0.8468000000000018,32.9703,85.53610000000026,0.9515999999999991,1.9857000000000014,1.2731999999999992,12.511999999999999,35.340262499999994,92.21590000000006,0.9179249999999999,2.0328,1.6247749999999999,13.42875,0.9430854753423764,0.704776171022021
121.4,24.35,225.9675,SSP1-2.6,2081-2100,-3.4829000000000008,35.974799999999995,132.20490000000018,1.0703999999999994,1.919599999999999,1.4571000000000005,12.858,34.777812499999996,80.7818125,0.9006000000000003,1.9928375000000003,1.5799124999999998,12.934000000000001,0.9430854753423764,0.7679719513918124
121.4,24.4,220.9495,SSP1-2.6,2081-2100,1.421199999999999,38.4304,72.84959999999955,0.8626000000000005,2.3018,1.237499999999999,14.55,35.509275,89.25053750000001,0.9668375,2.3908375,1.7174000000000003,13.622499999999999,0.9430854753423764,0.8311677317615993
121.4,24.45,228.7963,SSP1-2.6,2081-2100,4.393900000000002,41.809,40.035899999999856,1.0896000000000008,5.403600000000001,1.7161000000000008,19.415999999999997,37.654250000000005,103.49578749999998,1.0849625000000005,2.4183125000000003,1.7930624999999998,14.68725,0.9430854753423764,0.8943635121313908
121.4,24.5,258.4791,SSP1-2.6,2081-2100,15.897400000000005,40.318900000000006,130.23199999999997,1.2657000000000025,2.3357000000000028,1.9321000000000002,16.948,38.6492,133.01514999999995,1.258175,2.9953374999999998,2.089725,16.294249999999998,0.9430854753423764,0.9575592925011822
121.4,24.55,271.0039,SSP1-2.6,2081-2100,17.763599999999997,33.9995,166.0598,1.4620999999999995,1.9786000000000001,2.0161,13.548000000000002,37.8763,172.47841249999996,1.4408750000000006,2.17455,2.5325875,16.44625,0.9430854753423764,1.0207550728709736
121.4,24.6,252.2096,SSP1-2.6,2081-2100,26.33020000000002,33.147999999999996,195.09990000000016,1.663499999999999,-0.06790000000000163,2.8643,14.824,37.260262499999996,196.85809999999992,1.5384000000000007,2.7435250000000004,2.812275,16.94275,0.9430854753423764,1.0839508532407651
121.4,24.65,243.4296,SSP1-2.6,2081-2100,31.17500000000001,39.803000000000004,200.4960000000001,1.4878999999999998,0.7375000000000007,3.273200000000001,19.518,36.08515,195.8782375,1.5799250000000007,3.117175,2.8401875,17.23375,0.9430854753423764,1.147146633610552
121.4,24.7,262.8641,SSP1-2.6,2081-2100,25.24259999999998,40.0316,169.81870000000026,1.4505000000000017,3.6374999999999993,2.737499999999999,20.754,38.26715,195.12539999999996,1.5114625000000004,4.15,2.7167375000000002,19.434,0.9430854753423764,1.2103424139803434
121.4,24.75,272.7705,SSP1-2.6,2081-2100,16.532299999999964,39.0783,187.3744999999999,1.4802,5.2179,2.3107000000000006,20.310000000000002,39.84415,178.9564375000001,1.3730500000000005,4.2381625,2.4430875,21.738,0.9430854753423764,1.273538194350135
121.4,24.8,272.6348,SSP1-2.6,2081-2100,7.212100000000021,42.7505,173.45700000000033,1.2620000000000005,4.0356999999999985,1.7088999999999999,25.139999999999997,41.18973749999999,156.11146250000007,1.2516125000000002,4.5095875,2.1531249999999997,23.18075,0.9430854753423764,1.3367339747199263
121.4,24.85,248.1649,SSP1-2.6,2081-2100,3.2484000000000037,42.4978,108.38770000000022,1.0672999999999995,4.744599999999998,1.6678999999999995,24.571999999999996,42.20135,130.14003750000012,1.1006000000000005,4.5042375,1.7470875,24.71775,0.9430854753423764,1.3999297550897176
121.4,24.9,199.7681,SSP1-2.6,2081-2100,9.487099999999998,44.023799999999994,103.87890000000016,0.9189000000000007,5.142900000000001,1.7750000000000004,25.648,41.787662499999996,88.67076250000002,1.0691125000000001,5.21985,1.4241125,25.065749999999998,0.9430854753423764,1.4631255354595045
121.4,24.95,168.4861,SSP1-2.6,2081-2100,-2.0597999999999956,41.6275,64.32279999999992,1.190100000000001,6.7856999999999985,1.705400000000001,26.147999999999996,41.69857499999999,77.13686249999998,1.0838375,5.5029,1.2129375,25.21375,0.9430854753423764,1.526321315829296
121.4,25.0,155.8292,SSP1-2.6,2081-2100,-3.6443999999999903,42.751099999999994,108.57929999999988,1.4292999999999978,4.376799999999999,1.1463999999999999,25.698,41.571875,72.04241250000001,1.2077250000000004,6.373425,1.0080375,25.6175,0.9430854753423764,1.5895170961990874
121.4,25.05,152.3147,SSP1-2.6,2081-2100,2.086800000000011,43.4287,94.0494000000001,1.523699999999998,8.0732,0.5411000000000001,26.68,42.4496125,89.02562499999999,1.2821250000000002,6.009812500000001,0.8522124999999997,25.9865,0.9430854753423764,1.652712876568879
121.4,25.1,155.8915,SSP1-2.6,2081-2100,1.9650000000000034,44.296400000000006,88.11989999999992,1.259999999999998,7.060700000000001,0.49819999999999887,27.154,43.42178749999999,108.36771250000001,1.3208625000000005,6.1808,0.6290125000000001,26.5075,0.9430854753423764,1.7159086569386703
121.4,25.15,151.4827,SSP1-2.6,2081-2100,4.5948999999999955,44.85699999999999,110.95830000000001,1.240000000000002,7.242899999999999,0.5411000000000001,27.648,43.5669625,106.83986250000001,1.1571874999999996,5.517400000000001,0.5241000000000001,26.85475,0.9430854753423764,1.7791044373084572
121.4,25.2,142.1568,SSP1-2.6,2081-2100,5.602900000000005,43.060300000000005,84.34410000000003,1.0442,3.3518000000000043,0.014300000000000423,26.506,43.873225,87.590325,1.014762499999999,5.7970875,0.30536249999999976,27.21275,0.9430854753423764,1.8423002176782488
121.45,23.3,182.6812,SSP1-2.6,2081-2100,28.75630000000001,46.4141,205.9502,1.8804999999999978,6.712500000000002,3.2679,18.054000000000002,47.3185875,213.1490375,2.0142625000000005,7.1145,3.5759,19.48075,1.0487793154235978,-0.5591394363737897
121.45,23.35,188.4775,SSP1-2.6,2081-2100,30.878500000000003,47.84460000000001,212.22289999999998,1.9095000000000013,6.514300000000002,3.346399999999999,19.256,47.311099999999996,211.45528750000005,2.0526750000000002,7.095075,3.5736624999999997,19.49025,1.0487793154235978,-0.4959436560039983
121.45,23.4,205.0619,SSP1-2.6,2081-2100,30.274599999999992,47.86299999999999,219.7483000000002,1.8765999999999998,6.682099999999998,3.5214,20.323999999999998,47.1272125,197.23251249999998,2.0573125,7.2439625,3.4817,19.47375,1.0487793154235978,-0.43274787563421135
121.45,23.45,199.9067,SSP1-2.6,2081-2100,30.919600000000003,46.723200000000006,192.5568000000003,2.2834000000000003,7.8857,3.3482000000000003,19.208,47.3459125,180.46503749999997,2.1454625,7.3241,3.321875,20.434999999999995,1.0487793154235978,-0.3695520952644199
121.45,23.5,207.711,SSP1-2.6,2081-2100,24.387899999999973,46.7738,193.68270000000007,2.4693999999999985,5.0411,2.9338999999999995,20.574,46.9585125,168.37831250000002,2.2211749999999997,7.9700875,3.1799125,20.24775,1.0487793154235978,-0.3063563148946285
121.45,23.55,219.2241,SSP1-2.6,2081-2100,21.869799999999998,46.41329999999999,173.35889999999995,2.287700000000001,8.1679,3.0036000000000005,19.8,46.2958875,171.75210000000004,2.1597624999999994,7.046437500000001,3.1999874999999998,20.088250000000002,1.0487793154235978,-0.24316053452483705
121.45,23.6,240.6733,SSP1-2.6,2081-2100,16.136799999999965,45.0525,156.29780000000028,2.1214999999999975,6.7303999999999995,3.3857,18.576,46.421037500000004,203.21631250000002,2.1048000000000004,6.94955,3.0557999999999996,19.974249999999998,1.0487793154235978,-0.17996475415504562
121.45,23.65,240.973,SSP1-2.6,2081-2100,16.476099999999974,46.18730000000001,238.45679999999993,2.3537,6.7393,2.3374999999999986,19.976,46.2844,232.84490000000002,2.103325,6.2966500000000005,3.0046749999999998,19.559250000000002,1.0487793154235978,-0.11676897378525869
121.45,23.7,232.4353,SSP1-2.6,2081-2100,20.733899999999977,47.0274,284.4291999999998,2.4955,5.2179,2.6286000000000005,20.060000000000002,46.869662500000004,239.08867500000005,2.045775,6.893750000000001,2.6220875,19.907,1.0487793154235978,-0.053573193415467256
121.45,23.75,240.1365,SSP1-2.6,2081-2100,13.340599999999995,48.2305,219.84600000000023,1.8067000000000029,8.080400000000001,2.419600000000001,21.794000000000004,46.815574999999995,219.27185000000003,1.9585124999999997,6.3808,2.655125,20.05575,1.0487793154235978,0.009622586954324176
121.45,23.8,259.8564,SSP1-2.6,2081-2100,6.500699999999995,48.16389999999999,157.66070000000036,1.559899999999999,6.744599999999998,2.4357000000000006,21.416,46.817912500000006,196.06750000000008,1.9045250000000002,6.6372875,2.6580375,19.85975,1.0487793154235978,0.0728183673241156
121.45,23.85,273.9441,SSP1-2.6,2081-2100,14.616600000000005,44.6738,211.32079999999996,2.1160999999999994,7.330400000000001,2.9178999999999995,15.75,44.782512499999996,200.4106875000001,1.9700250000000001,5.7640625,2.6326,18.332749999999997,1.0487793154235978,0.13601414769390704
121.45,23.9,282.4909,SSP1-2.6,2081-2100,29.368499999999983,37.38530000000001,267.97090000000026,2.3034,5.180399999999999,2.4803999999999995,10.818,43.494087500000006,197.97996249999994,2.1419500000000005,5.940187500000001,2.4879499999999997,17.064,1.0487793154235978,0.19920992806369398
121.45,23.95,282.5981,SSP1-2.6,2081-2100,30.554300000000012,40.5926,219.95359999999982,2.290000000000001,5.4482,2.4589,14.668,40.9063625,201.21033749999998,2.126087500000001,5.596675000000001,2.2455374999999997,15.298000000000002,1.0487793154235978,0.26240570843348543
121.45,24.0,299.6006,SSP1-2.6,2081-2100,23.71980000000002,43.433099999999996,208.6509000000001,2.1430000000000025,6.003599999999999,1.8606999999999996,16.624000000000002,39.8027875,186.2199999999999,2.129412500000001,5.375450000000001,1.992175,15.63975,1.0487793154235978,0.32560148880327683
121.45,24.05,329.8432,SSP1-2.6,2081-2100,2.7210999999999785,38.3056,209.44900000000007,2.1919000000000004,4.933900000000001,1.6607000000000003,16.072,39.4555,190.11448749999988,2.099525000000001,4.4509,1.5941875,15.457999999999998,1.0487793154235978,0.3887972691730683
121.45,24.1,358.1538,SSP1-2.6,2081-2100,-14.842899999999986,38.03830000000001,208.67549999999983,2.158700000000003,3.1482000000000028,1.4482,14.07,39.14138749999999,187.83819999999992,2.0012499999999998,3.4939624999999994,1.4189500000000002,16.11275,1.0487793154235978,0.4519930495428597
121.45,24.15,381.7394,SSP1-2.6,2081-2100,-24.96569999999997,40.139700000000005,175.58809999999994,1.7547999999999995,2.017900000000001,1.2446000000000002,16.842000000000002,39.4774125,167.8522749999999,1.6836000000000002,3.0778874999999997,1.588825,15.7595,1.0487793154235978,0.5151888299126467
121.45,24.2,365.9708,SSP1-2.6,2081-2100,-26.91160000000002,39.2295,151.73190000000022,1.3796,4.449999999999999,1.9036000000000008,15.886,39.464625,112.77743749999999,1.2935749999999997,2.5749999999999997,1.7077874999999998,16.079,1.0487793154235978,0.578384610282438
121.45,24.25,299.3308,SSP1-2.6,2081-2100,-20.650300000000016,39.352,41.577999999999975,0.9373000000000005,2.4875000000000007,1.7838999999999992,15.942,37.840525,65.60917500000005,1.0193000000000003,3.0604875000000002,1.7129499999999998,14.97625,1.0487793154235978,0.6415803906522295
121.45,24.3,235.0949,SSP1-2.6,2081-2100,-5.608000000000004,36.85099999999999,-6.374599999999873,0.753499999999999,3.4482,1.4428999999999998,13.57,35.100737499999994,61.68213750000004,0.9598750000000003,2.2140500000000003,1.5792249999999994,13.70775,1.0487793154235978,0.704776171022021
121.45,24.35,234.2998,SSP1-2.6,2081-2100,-0.7445999999999913,25.116400000000006,112.43219999999974,1.0777,0.4820999999999991,1.5606999999999989,9.702,35.8076875,76.76460000000006,0.9968125000000003,1.9839125000000002,1.5504499999999994,13.5245,1.0487793154235978,0.7679719513918124
121.45,24.4,252.4848,SSP1-2.6,2081-2100,1.9942000000000064,32.769800000000004,167.53510000000006,1.3439000000000014,0.24820000000000064,1.8285999999999998,12.556000000000001,35.3369375,110.71261249999992,1.1496625000000003,1.8359249999999996,1.7415124999999998,13.83025,1.0487793154235978,0.8311677317615993
121.45,24.45,279.4547,SSP1-2.6,2081-2100,2.6988000000000056,35.135,133.21169999999984,1.447099999999999,2.4392999999999994,1.8321000000000005,13.278,37.7223,131.26913749999994,1.2837625000000008,2.1631625000000003,2.0390625,15.61375,1.0487793154235978,0.8943635121313908
121.45,24.5,305.3852,SSP1-2.6,2081-2100,11.303600000000017,42.818400000000004,147.8083999999999,1.354800000000001,4.178599999999999,2.0695999999999994,19.092,38.5352625,158.07197499999995,1.4379125000000004,3.1861625,2.3736625000000005,17.038249999999998,1.0487793154235978,0.9575592925011822
121.45,24.55,288.5667,SSP1-2.6,2081-2100,17.800099999999986,44.7829,201.47899999999981,1.4121999999999986,4.701799999999999,2.8482000000000003,22.286,38.6063625,192.06270000000006,1.5831625000000003,3.3218750000000004,2.5355,17.686,1.0487793154235978,1.0207550728709736
121.45,24.6,263.3209,SSP1-2.6,2081-2100,24.00630000000001,36.501400000000004,221.6271999999999,1.7695000000000007,4.283900000000003,2.892899999999999,16.536,39.1183875,226.5734000000001,1.6059,3.5625125,2.6395125000000004,19.0045,1.0487793154235978,1.0839508532407651
121.45,24.65,265.1685,SSP1-2.6,2081-2100,43.97660000000002,34.3653,261.7215000000001,1.6980000000000004,4.650000000000002,2.757100000000001,17.074,37.4635125,221.07121250000012,1.5807875,3.66385,2.46765,18.18825,1.0487793154235978,1.147146633610552
121.45,24.7,259.908,SSP1-2.6,2081-2100,35.84449999999998,31.398700000000005,230.61839999999984,1.4783000000000008,4.380399999999998,2.6768,15.232000000000001,38.5582875,217.44970000000006,1.4693000000000005,4.1118375,2.3488875,19.362000000000002,1.0487793154235978,1.2103424139803434
121.45,24.75,277.3872,SSP1-2.6,2081-2100,17.661200000000008,37.92329999999999,228.54399999999987,1.447700000000001,3.4696,2.767899999999999,18.766000000000002,39.0333125,199.31873750000005,1.3775375000000003,4.285062499999999,2.0692000000000004,20.76475,1.0487793154235978,1.273538194350135
121.45,24.8,281.618,SSP1-2.6,2081-2100,9.246199999999988,39.769999999999996,206.57250000000022,1.3864000000000019,3.414300000000001,2.0732,22.815999999999995,41.00335,169.99051250000002,1.2700250000000004,4.249325,1.900675,22.6145,1.0487793154235978,1.3367339747199263
121.45,24.85,269.4379,SSP1-2.6,2081-2100,4.2923000000000116,40.878499999999995,138.56539999999995,1.1658000000000008,3.9018000000000015,1.6445999999999987,23.88,41.4699875,129.7618500000001,1.1164375000000004,4.3638375,1.6024625000000003,23.826999999999998,1.0487793154235978,1.3999297550897176
121.45,24.9,229.719,SSP1-2.6,2081-2100,1.2358000000000118,40.7178,81.0047999999997,0.9444000000000017,4.496400000000001,1.3625000000000007,24.189999999999998,41.06791249999999,76.25893750000012,1.0129375,5.2111625,1.4364000000000001,24.281999999999996,1.0487793154235978,1.4631255354595045
121.45,24.95,184.5371,SSP1-2.6,2081-2100,-8.325299999999999,40.181999999999995,24.709800000000087,0.991299999999999,6.1875,1.5053999999999998,24.578000000000003,40.50129999999999,53.84280000000001,0.9688625000000002,5.585274999999999,1.4033500000000003,24.576749999999997,1.0487793154235978,1.526321315829296
121.45,25.0,167.6302,SSP1-2.6,2081-2100,-8.136200000000002,39.585499999999996,16.597600000000057,0.9875000000000007,6.774999999999999,1.4338999999999995,25.202,40.633624999999995,59.893925000000024,1.1067499999999995,5.987724999999999,1.2788000000000002,25.1655,1.0487793154235978,1.5895170961990874
121.45,25.05,152.8315,SSP1-2.6,2081-2100,-2.2711999999999932,41.678599999999996,102.88589999999999,1.3594000000000008,4.785700000000002,1.1196000000000002,26.772000000000002,41.165687500000004,70.16532500000002,1.1077749999999997,6.3424125,1.0502124999999998,25.8225,1.0487793154235978,1.652712876568879
121.45,25.1,152.66,SSP1-2.6,2081-2100,3.662399999999991,42.1902,80.71370000000002,1.1964000000000006,5.273199999999999,0.6838999999999995,27.220000000000002,42.730175,103.45415000000006,1.1373374999999997,6.2584875,0.7783499999999999,26.8365,1.0487793154235978,1.7159086569386703
121.45,25.15,161.2244,SSP1-2.6,2081-2100,4.519800000000004,43.3031,114.7301,1.0492999999999988,5.016100000000002,0.28749999999999964,26.641999999999996,43.317125,84.31121250000007,0.9936499999999997,5.813837500000001,0.36294999999999966,27.3005,1.0487793154235978,1.7791044373084572
121.45,25.2,155.7339,SSP1-2.6,2081-2100,3.757499999999993,41.99079999999999,74.77140000000009,0.9269999999999996,5.783900000000003,0.4107000000000003,26.235999999999997,43.434525,53.83512500000006,0.7968499999999987,5.1200875,-0.14396250000000044,27.052500000000002,1.0487793154235978,1.8423002176782488
121.45,25.25,147.3289,SSP1-2.6,2081-2100,4.663700000000006,42.240500000000004,36.77229999999986,0.8196999999999974,4.683899999999998,-0.06070000000000064,26.384000000000004,42.995787500000006,1.647299999999973,0.5613624999999991,4.681462500000002,-0.5022375000000003,26.61225,1.0487793154235978,1.9054959980480402
121.5,22.05,131.3531,SSP1-2.6,2081-2100,4.861999999999995,59.621100000000006,52.54910000000018,0.44929999999999914,6.1982,3.2536000000000005,26.592,58.180775,27.19978749999987,0.8184374999999999,10.2685125,3.7163,26.774749999999997,1.154473155504819,-2.139033945618553
121.5,22.65,147.1573,SSP1-2.6,2081-2100,19.409700000000015,57.5413,49.987899999999854,1.7956000000000003,6.532099999999996,2.8804,25.006,51.210300000000004,100.53217499999997,1.4318874999999998,7.434825000000001,2.6089375,23.53425,1.154473155504819,-1.3806845811810693
121.5,23.4,176.4399,SSP1-2.6,2081-2100,37.656800000000004,46.60320000000001,131.7576999999999,1.991500000000002,7.585699999999999,3.5536000000000003,19.263999999999996,47.401650000000004,199.11705000000003,2.071475,7.2863750000000005,3.4926249999999994,19.96625,1.154473155504819,-0.43274787563421135
121.5,23.45,180.9229,SSP1-2.6,2081-2100,37.91,46.872600000000006,123.01659999999993,2.0733999999999995,7.560700000000001,3.3339,20.092,47.26401249999999,176.37323750000007,2.1744125,7.4100375,3.2942,20.2675,1.154473155504819,-0.3695520952644199
121.5,23.5,187.6755,SSP1-2.6,2081-2100,35.1876,47.349799999999995,133.03590000000008,2.108699999999999,7.955400000000001,3.3874999999999993,20.933999999999997,47.043525,163.28973750000003,2.1718625000000005,7.4671875,3.20425,20.086499999999997,1.154473155504819,-0.3063563148946285
121.5,23.55,203.4472,SSP1-2.6,2081-2100,28.00229999999999,48.1526,131.77980000000025,1.985899999999999,7.949999999999999,3.716100000000001,20.552,46.822775,166.32075000000003,2.0932125,6.8312625,3.2116,20.265,1.154473155504819,-0.24316053452483705
121.5,23.6,219.3545,SSP1-2.6,2081-2100,20.611799999999988,45.7652,170.73599999999988,1.7059000000000015,5.610700000000001,4.0214,20.102000000000004,47.200787500000004,180.37746250000012,1.9938499999999997,6.7180875,3.1437625,20.0455,1.154473155504819,-0.17996475415504562
121.5,23.65,212.1956,SSP1-2.6,2081-2100,26.056399999999996,45.886500000000005,244.28640000000019,1.9420000000000002,6.244600000000002,2.8035999999999994,19.394,46.81505,199.23748750000007,1.9473249999999998,6.003137500000001,3.2319125,19.700750000000003,1.154473155504819,-0.11676897378525869
121.5,23.7,215.9641,SSP1-2.6,2081-2100,23.409099999999995,45.800399999999996,229.88350000000014,2.1240999999999985,6.725000000000001,2.783900000000001,18.708000000000002,47.364599999999996,199.55787500000008,1.8564625000000008,6.3029125000000015,2.7933,20.339750000000002,1.154473155504819,-0.053573193415467256
121.5,23.75,228.4385,SSP1-2.6,2081-2100,11.888900000000007,47.95709999999999,137.98840000000018,1.7334999999999994,6.841100000000001,2.0982000000000003,20.654,47.911474999999996,169.09053750000012,1.7460375000000006,6.4727625,2.6845875,20.911,1.154473155504819,0.009622586954324176
121.5,23.8,243.236,SSP1-2.6,2081-2100,0.33740000000000236,50.85750000000001,90.64440000000013,1.5191000000000017,5.633899999999997,2.4875000000000007,23.434000000000005,48.377337499999996,139.1480625000001,1.7103374999999998,6.8486625000000005,2.38415,21.2735,1.154473155504819,0.0728183673241156
121.5,23.85,239.7198,SSP1-2.6,2081-2100,5.1159000000000106,51.7914,119.95409999999993,1.7221999999999973,5.683900000000001,2.1731999999999996,24.326,47.383224999999996,134.31372500000006,1.803725,6.5962125,2.3413125,20.29675,1.154473155504819,0.13601414769390704
121.5,23.9,261.2974,SSP1-2.6,2081-2100,1.9727000000000317,48.362,100.0346999999997,1.955400000000001,6.555400000000002,1.9928999999999988,21.21,47.0699125,146.93439999999995,1.9713874999999998,6.624337500000001,2.306025,19.82875,1.154473155504819,0.19920992806369398
121.5,23.95,290.0911,SSP1-2.6,2081-2100,-2.13130000000001,47.8079,84.48709999999983,1.9417000000000009,7.110700000000001,2.3321000000000005,19.892000000000003,45.468025,151.27692499999995,2.0148875000000004,6.429037500000001,2.1928499999999995,18.64225,1.154473155504819,0.26240570843348543
121.5,24.0,294.3171,SSP1-2.6,2081-2100,9.8159,39.634100000000004,112.40909999999985,2.007200000000001,6.1036,2.3195999999999994,14.099999999999998,43.4485875,146.41352499999994,2.0383000000000004,6.139725,2.1214125,17.816,1.154473155504819,0.32560148880327683
121.5,24.05,317.0389,SSP1-2.6,2081-2100,-2.1061000000000263,37.650800000000004,144.5360999999998,2.0999000000000017,4.7196,1.8732000000000006,15.636,41.29130000000001,154.8862124999999,1.9785625000000004,4.986387500000001,1.8412875,16.42225,1.154473155504819,0.3887972691730683
121.5,24.1,372.9615,SSP1-2.6,2081-2100,-20.673900000000003,39.7654,171.2565999999997,1.8979,2.6357,1.096400000000001,16.677999999999997,39.7312875,158.4637875,1.8753250000000001,3.7435125,1.7370500000000002,16.20525,1.154473155504819,0.4519930495428597
121.5,24.15,449.7831,SSP1-2.6,2081-2100,-41.22879999999998,40.673899999999996,172.28390000000036,1.7204999999999977,1.2963999999999984,1.7821000000000007,17.07,40.300112500000004,150.8821499999999,1.6048750000000003,2.9734374999999997,1.6089250000000002,16.706249999999997,1.154473155504819,0.5151888299126467
121.5,24.2,430.1145,SSP1-2.6,2081-2100,-46.491900000000044,42.554899999999996,135.91959999999972,1.2378,1.0945999999999998,1.875,17.354,38.96595,112.35755000000006,1.3343499999999997,3.0162999999999993,1.7816875,16.379749999999998,1.154473155504819,0.578384610282438
121.5,24.25,318.813,SSP1-2.6,2081-2100,-29.71010000000001,38.387899999999995,22.599899999999934,0.8920999999999992,2.8857,1.6731999999999996,16.986,37.7051375,74.9288,1.1354750000000005,3.2102625,1.8734375,15.125,1.154473155504819,0.6415803906522295
121.5,24.3,252.8969,SSP1-2.6,2081-2100,-9.793799999999976,37.103500000000004,-46.459499999999935,0.8645000000000032,4.246400000000001,1.6892999999999994,14.708000000000002,35.135562500000006,74.68961250000001,1.04895,2.2033375,1.8377249999999998,13.860500000000002,1.154473155504819,0.704776171022021
121.5,24.35,255.5467,SSP1-2.6,2081-2100,4.426600000000008,35.0178,57.98199999999997,0.9025999999999996,1.6875,1.549999999999999,12.820000000000002,35.340900000000005,108.97475000000009,1.1440875000000008,1.403775,1.9879499999999999,13.9305,1.154473155504819,0.7679719513918124
121.5,24.4,300.0776,SSP1-2.6,2081-2100,5.8793999999999755,37.34389999999999,150.84320000000025,1.2254000000000005,0.03389999999999915,1.924999999999999,14.622,34.4414125,165.51142500000003,1.2904250000000004,0.9004374999999998,2.18795,13.59125,1.154473155504819,0.8311677317615993
121.5,24.45,350.4436,SSP1-2.6,2081-2100,10.798600000000022,33.86820000000001,186.14139999999998,1.5219000000000023,0.4195999999999991,2.653600000000001,13.396,36.474487499999995,191.40175000000005,1.4088499999999997,1.709825,2.4292375,14.902000000000001,1.154473155504819,0.8943635121313908
121.5,24.5,385.5678,SSP1-2.6,2081-2100,16.31400000000002,34.419799999999995,154.70749999999998,1.6061999999999976,2.3839000000000006,2.950000000000001,14.33,38.612612500000004,217.847575,1.5031375000000002,3.2459874999999996,2.5379500000000004,17.151249999999997,1.154473155504819,0.9575592925011822
121.5,24.55,323.3038,SSP1-2.6,2081-2100,17.85039999999998,43.9488,252.70850000000019,1.6985000000000028,5.826799999999999,3.0411,23.104,39.94690000000001,226.60672500000004,1.6109499999999994,4.3370625,2.58885,18.6415,1.154473155504819,1.0207550728709736
121.5,24.6,281.8765,SSP1-2.6,2081-2100,26.83209999999997,43.6961,268.2583000000004,1.8449999999999989,5.6554,2.517899999999999,23.106,40.94895,245.93011250000006,1.6102000000000003,5.162287500000001,2.3948625,20.146250000000002,1.154473155504819,1.0839508532407651
121.5,24.65,268.169,SSP1-2.6,2081-2100,44.97919999999999,39.203500000000005,266.7642000000001,1.5800000000000018,5.017900000000001,1.7981999999999996,18.576,38.811875,226.94233750000006,1.5664249999999993,5.292875,1.9957624999999999,19.222250000000003,1.154473155504819,1.147146633610552
121.5,24.7,256.3934,SSP1-2.6,2081-2100,40.79930000000002,35.925799999999995,215.88700000000017,1.3715999999999973,5.666099999999998,0.9804000000000013,16.96,38.881037500000005,209.96666249999998,1.4363625000000004,4.88505,1.6868249999999998,19.7115,1.154473155504819,1.2103424139803434
121.5,24.75,276.5896,SSP1-2.6,2081-2100,27.174699999999973,42.13550000000001,208.99170000000004,1.238500000000002,4.498200000000001,2.1661,22.938,38.4944375,185.32012499999996,1.3734624999999996,4.632375,1.21385,20.10125,1.154473155504819,1.273538194350135
121.5,24.8,293.3549,SSP1-2.6,2081-2100,20.737300000000005,41.176100000000005,201.83009999999967,1.3527999999999984,3.430399999999999,1.9000000000000004,21.968000000000004,40.29600000000001,155.42825000000005,1.2133375000000006,4.412275,1.1922000000000001,22.3345,1.154473155504819,1.3367339747199263
121.5,24.85,271.892,SSP1-2.6,2081-2100,8.090100000000007,41.586800000000004,112.77370000000019,1.145900000000001,4.696400000000001,1.0393000000000008,23.342,39.6646875,112.29160000000002,0.9992125000000001,4.2747875,1.2433125000000005,22.7185,1.154473155504819,1.3999297550897176
121.5,24.9,229.5603,SSP1-2.6,2081-2100,0.088799999999992,39.237100000000005,50.19010000000026,0.8537999999999997,4.949999999999999,1.2929000000000013,22.939999999999998,39.2626375,50.810850000000016,0.7887375000000003,4.8861625,1.0933125000000004,23.214,1.154473155504819,1.4631255354595045
121.5,24.95,183.2088,SSP1-2.6,2081-2100,-5.93889999999999,38.50979999999999,7.24310000000014,0.7703999999999986,5.2804,0.8606999999999996,23.148,38.390037500000005,15.819162500000004,0.7134625000000003,5.834362499999999,1.2205500000000005,23.5985,1.154473155504819,1.526321315829296
121.5,25.0,174.3547,SSP1-2.6,2081-2100,-8.371100000000013,37.5578,-1.074200000000019,0.6565000000000012,6.875,1.6500000000000004,23.64,38.8798625,27.147325000000052,0.8364249999999998,6.029462499999999,1.105575,24.585,1.154473155504819,1.5895170961990874
121.5,25.05,175.4995,SSP1-2.6,2081-2100,-7.067500000000024,39.3335,78.4353000000001,0.9332999999999991,5.537499999999998,1.7018000000000004,24.66,39.556275,53.47796250000002,0.9164750000000006,6.172549999999999,1.1048874999999996,25.689500000000002,1.154473155504819,1.652712876568879
121.5,25.1,162.8556,SSP1-2.6,2081-2100,4.547200000000004,40.1823,95.90160000000014,0.8755000000000024,6.767900000000001,0.7463999999999995,26.326,41.357875,107.11688750000008,1.0309374999999994,5.340625,0.7928499999999998,26.576,1.154473155504819,1.7159086569386703
121.5,25.15,204.7554,SSP1-2.6,2081-2100,-0.911200000000008,44.76180000000001,142.5527000000002,0.8574999999999982,5.5839,0.7911000000000001,28.81,41.9033625,78.9680250000001,0.8794874999999993,5.2863875,0.05066249999999961,26.744,1.154473155504819,1.7791044373084572
121.5,25.2,226.1129,SSP1-2.6,2081-2100,-6.074399999999997,45.1982,-2.8719999999998436,0.5485999999999969,5.446400000000001,-0.7821000000000016,28.504,42.604225,38.76165000000003,0.6620124999999986,5.086812500000001,-0.3044625000000001,26.61875,1.154473155504819,1.8423002176782488
121.5,25.25,168.2755,SSP1-2.6,2081-2100,2.2463000000000193,42.918000000000006,-35.90020000000004,0.4303999999999988,5.244600000000002,-0.45000000000000107,26.322000000000003,42.8115875,-45.02906249999998,0.26482499999999876,4.697750000000001,-0.7506750000000002,26.50925,1.154473155504819,1.9054959980480402
121.5,25.3,156.1099,SSP1-2.6,2081-2100,3.856299999999976,43.2747,-9.743200000000343,0.5227000000000004,2.9089000000000027,-0.5411000000000001,26.424000000000003,42.7576875,-67.54048749999995,0.11216249999999839,4.834137500000001,-0.8459875000000003,26.4635,1.154473155504819,1.9686917784178315
121.55,22.05,157.5298,SSP1-2.6,2081-2100,6.255600000000015,60.6054,109.04829999999993,0.21669999999999945,4.998200000000001,4.5054,26.559999999999995,58.0577375,20.137387499999903,0.8475124999999999,10.4185125,3.559825,26.778750000000002,1.2601669955860404,-2.139033945618553
121.55,23.55,183.7436,SSP1-2.6,2081-2100,29.636800000000022,48.206599999999995,151.36079999999993,1.9338000000000015,6.899999999999999,2.8785999999999996,20.948,47.1518375,163.29628750000012,2.0006624999999993,6.5585,3.43415,20.207,1.2601669955860404,-0.24316053452483705
121.55,23.6,193.2841,SSP1-2.6,2081-2100,27.4914,49.51090000000001,167.2401000000002,1.7681999999999984,6.183900000000001,3.325,21.073999999999998,46.803425,179.9717625000001,1.8815625000000002,6.374112500000001,3.3145124999999993,19.832250000000002,1.2601669955860404,-0.17996475415504562
121.55,23.65,201.9305,SSP1-2.6,2081-2100,22.36100000000002,48.1966,180.23910000000024,1.5579999999999998,4.828600000000002,3.6999999999999993,20.044000000000004,47.0985375,186.64758750000004,1.8487500000000006,6.359362500000001,3.0636125,20.12475,1.2601669955860404,-0.11676897378525869
121.55,23.7,203.7558,SSP1-2.6,2081-2100,20.297300000000007,46.98009999999999,166.6174000000001,1.4517000000000024,5.9893,3.6731999999999996,19.066000000000003,47.5763625,180.96372500000012,1.8290749999999996,6.179012500000001,2.7984375000000004,20.343,1.2601669955860404,-0.053573193415467256
121.55,23.75,207.1175,SSP1-2.6,2081-2100,15.70229999999998,48.4513,124.59969999999998,1.510600000000002,6.482100000000003,2.6857000000000006,21.73,48.22161249999999,145.87920000000014,1.6783500000000005,6.4656375,2.6881625,21.027250000000002,1.2601669955860404,0.009622586954324176
121.55,23.8,221.5869,SSP1-2.6,2081-2100,10.11069999999998,47.780699999999996,79.04340000000025,1.5006999999999984,6.908899999999999,2.362499999999999,21.080000000000002,49.8200125,114.38973750000005,1.6355625,6.6290125,2.2584750000000002,22.95125,1.2601669955860404,0.0728183673241156
121.55,23.85,225.5658,SSP1-2.6,2081-2100,7.5608,49.97,62.77139999999986,1.7330000000000005,6.7179,1.9803999999999995,23.437999999999995,49.402175,115.34583750000002,1.6999125,6.9567,2.3169625,22.21675,1.2601669955860404,0.13601414769390704
121.55,23.9,230.093,SSP1-2.6,2081-2100,1.8055999999999983,51.872600000000006,105.06349999999998,1.7422000000000004,7.6982,2.0732,25.227999999999998,50.3842,102.49341249999995,1.7417250000000002,7.14845,2.1627125,23.11075,1.2601669955860404,0.19920992806369398
121.55,23.95,240.3488,SSP1-2.6,2081-2100,4.418799999999976,52.465700000000005,103.9538,1.9224999999999994,7.825000000000003,2.0321,24.509999999999998,48.9428,111.94594999999995,1.7353000000000005,7.0725625,2.2638249999999998,21.8345,1.2601669955860404,0.26240570843348543
121.55,24.0,270.0113,SSP1-2.6,2081-2100,10.331099999999992,49.9988,92.17889999999989,1.755399999999998,6.617900000000002,2.3249999999999993,21.980000000000004,46.173425,120.53767499999998,1.8383625000000006,6.7442,2.2778875000000003,19.82475,1.2601669955860404,0.32560148880327683
121.55,24.05,304.0508,SSP1-2.6,2081-2100,-10.075999999999965,37.3342,108.09879999999998,1.9619999999999997,6.4589,2.4285999999999994,13.145999999999999,45.281712500000005,127.77447499999991,1.7837874999999999,5.59465,2.03995,19.521749999999997,1.2601669955860404,0.3887972691730683
121.55,24.1,363.4706,SSP1-2.6,2081-2100,-24.099099999999964,43.8209,128.3708999999999,1.7123999999999988,3.9893,1.5911000000000008,18.708,42.802625000000006,126.47402499999998,1.7463249999999997,4.958012499999999,2.0004500000000003,17.97475,1.2601669955860404,0.4519930495428597
121.55,24.15,449.7768,SSP1-2.6,2081-2100,-45.63659999999999,41.886900000000004,120.70800000000008,1.4024,3.383899999999997,1.8678999999999997,18.098,42.363,130.82811249999992,1.5596749999999995,3.7243124999999995,1.8598125000000003,17.9655,1.2601669955860404,0.5151888299126467
121.55,24.2,421.1452,SSP1-2.6,2081-2100,-46.9126,36.9653,114.80659999999989,1.2954000000000008,3.067899999999998,1.8445999999999998,16.014,40.044775,123.64382499999999,1.4149874999999996,3.503774999999999,2.0303625000000003,16.632,1.2601669955860404,0.578384610282438
121.55,24.25,339.8152,SSP1-2.6,2081-2100,-34.32740000000001,35.092400000000005,99.56400000000008,1.2927,4.5411,2.153600000000001,14.200000000000001,37.9852125,126.1905999999999,1.3351875000000004,2.9294499999999997,2.1488750000000003,15.551,1.2601669955860404,0.6415803906522295
121.55,24.3,289.102,SSP1-2.6,2081-2100,-10.54219999999998,34.49250000000001,108.66439999999989,1.3230000000000004,2.346399999999999,2.294600000000001,13.326,37.0146375,138.58644999999999,1.2760125000000002,2.2515625,2.1935375,14.82925,1.2601669955860404,0.704776171022021
121.55,24.35,289.7415,SSP1-2.6,2081-2100,5.79060000000004,36.7745,161.07100000000037,1.2127000000000017,-0.25179999999999936,2.2429000000000006,14.338,38.4145375,172.09015,1.30655,1.0814624999999998,2.354225,15.539,1.2601669955860404,0.7679719513918124
121.55,24.4,338.5587,SSP1-2.6,2081-2100,13.361300000000028,42.2756,224.0862000000002,1.3520000000000003,0.6768000000000001,2.919600000000001,18.622,37.893837500000004,209.58486250000004,1.3584874999999998,0.2557874999999994,2.50425,15.32725,1.2601669955860404,0.8311677317615993
121.55,24.45,413.7522,SSP1-2.6,2081-2100,17.567000000000007,34.574,281.6318000000001,1.4654999999999987,1.5017999999999994,2.9161,14.018,36.84265,230.54897500000004,1.4737125,0.8653874999999998,2.90045,15.36325,1.2601669955860404,0.8943635121313908
121.55,24.5,429.3974,SSP1-2.6,2081-2100,15.550299999999993,32.4594,271.3901000000001,1.4758999999999993,2.216100000000001,2.9929000000000006,12.697999999999999,36.56985,253.27411250000006,1.5852000000000004,2.755575,2.8756875000000006,16.175,1.2601669955860404,0.9575592925011822
121.55,24.55,348.8081,SSP1-2.6,2081-2100,13.626099999999951,41.31420000000001,268.40970000000016,1.6492000000000004,4.683900000000001,1.9499999999999993,19.338,37.958737500000005,263.4621750000001,1.6818625000000003,4.318325,2.7455500000000006,17.90375,1.2601669955860404,1.0207550728709736
121.55,24.6,312.6147,SSP1-2.6,2081-2100,12.624199999999973,43.583000000000006,279.1736000000001,1.774799999999999,6.5929,2.4893,21.746,41.4427625,261.50897500000013,1.6598750000000004,5.330375,1.9863875,20.551499999999997,1.2601669955860404,1.0839508532407651
121.55,24.65,274.1065,SSP1-2.6,2081-2100,22.331999999999994,43.8925,215.5572000000002,1.2993999999999986,5.5411,1.3820999999999994,22.509999999999998,41.4817875,213.1726125,1.5610249999999994,5.79265,1.2638500000000001,20.769,1.2601669955860404,1.147146633610552
121.55,24.7,255.6028,SSP1-2.6,2081-2100,22.044600000000003,41.132200000000005,122.69549999999981,1.2947999999999986,5.5732,0.26959999999999873,20.614,41.1089125,176.73736250000002,1.3605874999999998,5.676125,0.8283625000000003,20.99325,1.2601669955860404,1.2103424139803434
121.55,24.75,270.7445,SSP1-2.6,2081-2100,24.219799999999964,40.9973,144.84079999999994,1.4542000000000002,5.949999999999999,-0.32319999999999993,21.982,40.498525,139.878425,1.2317874999999994,5.3265625,0.49308750000000057,21.18325,1.2601669955860404,1.273538194350135
121.55,24.8,274.097,SSP1-2.6,2081-2100,17.52770000000004,39.632099999999994,131.57270000000017,1.2018999999999984,5.175000000000001,-0.6338999999999988,22.472,40.606825,123.62641250000001,1.1392000000000002,4.98415,0.7587125000000006,22.192,1.2601669955860404,1.3367339747199263
121.55,24.85,277.8704,SSP1-2.6,2081-2100,3.275100000000009,39.444500000000005,71.5652,0.6662999999999997,4.192899999999998,0.8036000000000012,22.48,38.843975,83.62657500000006,0.9357874999999996,4.7970875,0.7464375000000005,22.021,1.2601669955860404,1.3999297550897176
121.55,24.9,245.9151,SSP1-2.6,2081-2100,-1.4883000000000095,36.461400000000005,17.032000000000153,0.4222999999999999,4.637499999999999,1.5036000000000005,21.002000000000002,37.584725,18.35767500000003,0.6064875000000001,4.93995,0.6591625000000003,22.253249999999998,1.2601669955860404,1.4631255354595045
121.55,24.95,202.4474,SSP1-2.6,2081-2100,-1.4881999999999778,36.3203,-46.4072000000001,0.2035000000000018,5.696400000000001,0.02680000000000149,23.092,36.5212375,-14.904387499999984,0.48983750000000015,5.7354875,1.02255,22.258,1.2601669955860404,1.526321315829296
121.55,25.0,190.5201,SSP1-2.6,2081-2100,-10.327000000000027,37.0584,-15.4996000000001,0.6483999999999988,7.057099999999998,0.9893000000000001,24.144,37.235575,-13.663962499999968,0.5116125000000005,6.17545,0.9468749999999999,23.405499999999996,1.2601669955860404,1.5895170961990874
121.55,25.05,191.5299,SSP1-2.6,2081-2100,-5.695899999999995,38.3708,49.213700000000244,0.7975999999999992,6.9161,1.2070999999999987,25.083999999999996,38.6198,26.53012499999997,0.7121125000000004,6.5029,1.149775,24.89925,1.2601669955860404,1.652712876568879
121.55,25.1,186.7833,SSP1-2.6,2081-2100,3.2595000000000027,39.82659999999999,99.08499999999981,0.8105000000000011,4.930399999999999,1.0088999999999988,27.128,40.500937500000006,65.72588750000011,0.8160999999999992,6.06785,0.6254500000000001,25.98475,1.2601669955860404,1.7159086569386703
121.55,25.15,265.0967,SSP1-2.6,2081-2100,2.3319999999999936,41.3984,189.31870000000026,1.2434999999999974,4.682100000000002,-0.45709999999999873,26.292,41.7821,6.499100000000084,0.4872374999999991,5.599775,-0.16072500000000023,26.68625,1.2601669955860404,1.7791044373084572
121.55,25.2,258.9274,SSP1-2.6,2081-2100,-0.18969999999995935,41.1373,-19.904299999999694,0.3850999999999978,4.391099999999998,-1.4929000000000006,25.604000000000003,42.82085000000001,-58.92517499999991,0.17164999999999875,5.318725000000001,-0.7877125,26.677500000000002,1.2601669955860404,1.8423002176782488
121.55,25.25,189.9007,SSP1-2.6,2081-2100,3.5201000000000136,43.0839,-192.2475000000004,-0.41639999999999944,5.308900000000001,-1.4642999999999997,26.659999999999997,42.7302625,-81.09327499999989,0.0240374999999986,4.627662500000001,-0.9015750000000002,26.31625,1.2601669955860404,1.9054959980480402
121.55,25.3,158.4971,SSP1-2.6,2081-2100,7.455800000000011,42.999,2.4439000000002125,0.1518999999999977,3.858900000000002,-0.6535999999999991,26.75,42.371162500000004,-100.4741625,-0.01311250000000097,4.7136000000000005,-0.9127375000000002,26.04,1.2601669955860404,1.9686917784178315
121.6,21.95,197.4578,SSP1-2.6,2081-2100,5.189700000000016,52.3681,138.42020000000002,0.29329999999999856,4.369600000000002,4.951799999999999,19.47,59.087399999999995,16.46589999999989,0.8379375,10.4970875,3.504025,27.665,1.3658608356672617,-2.265425506358136
121.6,22.0,183.9167,SSP1-2.6,2081-2100,7.94580000000002,55.66729999999999,149.9091999999996,0.32360000000000255,4.9018,4.6911000000000005,21.364,58.675,15.029774999999944,0.8341499999999995,10.4305625,3.5366124999999995,27.42825,1.3658608356672617,-2.2022297259883445
121.6,23.85,204.8463,SSP1-2.6,2081-2100,12.979799999999983,49.4963,116.4357,1.564,7.2303999999999995,2.1338999999999997,23.384,50.4768125,98.72775000000001,1.6584500000000002,6.9078124999999995,2.2158499999999997,23.355249999999998,1.3658608356672617,0.13601414769390704
121.6,23.9,210.4865,SSP1-2.6,2081-2100,10.043099999999981,50.3831,100.27010000000018,1.4796000000000014,8.612499999999997,2.3945999999999996,23.322,50.930237500000004,113.66717499999996,1.705025,6.949125,2.1323624999999997,23.88,1.3658608356672617,0.19920992806369398
121.6,23.95,217.6648,SSP1-2.6,2081-2100,12.455999999999989,52.797200000000004,132.0404000000001,1.615400000000001,7.451799999999999,2.262500000000001,24.804000000000002,50.151137500000004,113.25572499999998,1.659725,7.443312500000001,2.2897125,23.17325,1.3658608356672617,0.26240570843348543
121.6,24.0,232.4058,SSP1-2.6,2081-2100,12.551199999999994,50.686699999999995,169.0838000000001,1.3855000000000004,6.430399999999999,2.4107000000000003,24.14,47.54135,117.57358749999997,1.736075,7.179475000000001,2.340175,20.889,1.3658608356672617,0.32560148880327683
121.6,24.05,270.6114,SSP1-2.6,2081-2100,-6.244700000000023,51.0108,109.69230000000016,1.7727000000000004,7.8536,2.5642999999999994,22.37,47.413112500000004,124.22684999999996,1.6194749999999996,6.59665,2.2348250000000003,21.3555,1.3658608356672617,0.3887972691730683
121.6,24.1,329.3079,SSP1-2.6,2081-2100,-18.354000000000042,49.6862,94.66809999999987,1.6392999999999986,6.4071,2.1393000000000004,22.562000000000005,46.289125,117.0549,1.6341375,6.3917375,2.1689875,20.224,1.3658608356672617,0.4519930495428597
121.6,24.15,347.4789,SSP1-2.6,2081-2100,-20.760899999999992,44.412800000000004,90.5483999999999,1.4758999999999993,6.908899999999999,2.2518000000000002,18.238,45.180625000000006,120.08892499999996,1.5827999999999998,5.434362499999999,2.0459875,19.75825,1.3658608356672617,0.5151888299126467
121.6,24.2,361.3219,SSP1-2.6,2081-2100,-27.704000000000008,41.02460000000001,138.7708,1.4982000000000006,4.3946000000000005,2.2981999999999996,17.1,41.2188625,135.31557499999997,1.5395374999999998,4.946874999999999,2.1221125,17.072,1.3658608356672617,0.578384610282438
121.6,24.25,343.2496,SSP1-2.6,2081-2100,-24.354899999999986,36.3248,208.75599999999986,1.8003,3.5249999999999986,2.341100000000001,14.01,37.974387500000006,175.10983749999994,1.4977749999999999,3.2991,2.342175,15.2075,1.3658608356672617,0.6415803906522295
121.6,24.3,326.3621,SSP1-2.6,2081-2100,-2.432900000000018,37.0282,326.46699999999987,1.770199999999999,1.875,3.1750000000000007,14.910000000000002,37.8951,197.31876249999996,1.4645249999999996,1.8189750000000005,2.3593750000000004,15.06225,1.3658608356672617,0.704776171022021
121.6,24.35,329.0514,SSP1-2.6,2081-2100,-1.3129999999999882,40.388,278.71119999999974,1.472999999999999,-0.4964000000000013,2.7232000000000003,16.662,39.870775,230.78065,1.4698124999999997,0.6738750000000007,2.5479750000000005,16.344250000000002,1.3658608356672617,0.7679719513918124
121.6,24.4,358.1433,SSP1-2.6,2081-2100,4.784999999999968,43.66680000000001,276.4267,1.5416999999999987,-1.7179000000000002,2.5571,18.642,40.516975,243.46977500000003,1.4591749999999997,0.7953125000000001,2.6555875000000007,16.92875,1.3658608356672617,0.8311677317615993
121.6,24.45,401.4136,SSP1-2.6,2081-2100,6.193700000000035,41.517500000000005,283.87159999999994,1.5250999999999983,0.8695999999999984,3.466100000000001,18.12,37.000225,261.77463750000004,1.5168875000000002,1.3832625000000003,2.7509000000000006,15.39725,1.3658608356672617,0.8943635121313908
121.6,24.5,433.8064,SSP1-2.6,2081-2100,12.867000000000019,29.189999999999998,296.92509999999993,1.5415000000000028,2.0411,3.7393,12.476,36.7993875,285.1449375000001,1.604425,3.0636125000000005,2.6125250000000007,15.62425,1.3658608356672617,0.9575592925011822
121.6,24.55,376.8988,SSP1-2.6,2081-2100,11.673200000000008,33.7263,301.7973000000002,1.6737000000000002,4.317900000000002,2.289300000000001,14.617999999999999,37.611450000000005,294.5111375000001,1.7118125000000006,4.4526875,2.4598375,17.195,1.3658608356672617,1.0207550728709736
121.6,24.6,322.8684,SSP1-2.6,2081-2100,20.567099999999982,42.6465,282.7370000000001,1.8393000000000015,5.512499999999999,1.9446000000000012,21.152,41.4318875,279.8707375000001,1.7016874999999998,5.442200000000001,1.6660874999999997,20.164499999999997,1.3658608356672617,1.0839508532407651
121.6,24.65,286.5627,SSP1-2.6,2081-2100,15.528700000000015,43.1142,235.8395999999998,1.6938999999999993,6.087500000000002,0.9679000000000002,22.007999999999996,43.1039125,197.5159625,1.5085249999999992,5.764749999999999,0.8024624999999999,21.844250000000002,1.3658608356672617,1.147146633610552
121.6,24.7,260.2413,SSP1-2.6,2081-2100,-0.4924000000000319,42.553000000000004,34.02569999999969,1.088799999999999,6.235699999999998,-0.8570999999999991,21.990000000000002,42.5370125,140.21972499999998,1.3040374999999993,5.74755,0.3482249999999998,21.82875,1.3658608356672617,1.2103424139803434
121.6,24.75,281.6095,SSP1-2.6,2081-2100,-1.2043000000000461,41.0495,91.99270000000024,1.1583000000000006,6.4125,0.5125000000000011,20.982,41.2070875,91.43854999999996,1.1390874999999996,5.626774999999999,-0.14708749999999982,21.6045,1.3658608356672617,1.273538194350135
121.6,24.8,281.1558,SSP1-2.6,2081-2100,-1.5701999999999998,40.38400000000001,112.03200000000015,1.1476000000000006,5.621400000000001,-0.39289999999999914,21.542,39.69799999999999,97.24545,1.0543375,5.201549999999999,0.18350000000000022,21.63725,1.3658608356672617,1.3367339747199263
121.6,24.85,272.1187,SSP1-2.6,2081-2100,1.5950000000000273,38.0809,44.985099999999875,0.9499999999999993,5.071400000000001,0.36430000000000007,22.302,37.7453875,88.94396250000005,0.8476374999999998,4.9276625,0.32678750000000023,21.204250000000002,1.3658608356672617,1.3999297550897176
121.6,24.9,251.0524,SSP1-2.6,2081-2100,-3.253299999999996,34.1934,-1.403099999999995,0.41199999999999903,4.794599999999999,0.8981999999999992,20.6,36.23865,32.98064999999997,0.508375,4.8071375,0.37478750000000005,21.116750000000003,1.3658608356672617,1.4631255354595045
121.6,24.95,228.8761,SSP1-2.6,2081-2100,2.086500000000001,33.305,-92.08550000000014,-0.14999999999999858,4.837499999999999,-0.012500000000001066,20.122,35.4905,-2.707112499999994,0.42926249999999966,5.5214125,0.7875000000000001,21.435250000000003,1.3658608356672617,1.526321315829296
121.6,25.0,212.0405,SSP1-2.6,2081-2100,-3.1125000000000114,35.847,-83.63790000000017,0.30530000000000257,7.451800000000002,0.9982000000000006,22.468,36.647225,-9.309949999999958,0.43554999999999966,5.9196375,0.6573749999999996,22.8355,1.3658608356672617,1.5895170961990874
121.6,25.05,211.386,SSP1-2.6,2081-2100,-4.653199999999998,38.64040000000001,-20.998999999999796,0.5762999999999998,6.808900000000001,1.1428999999999991,25.03,38.254125,17.189974999999976,0.6435499999999994,6.3096,0.7511124999999998,24.46625,1.3658608356672617,1.652712876568879
121.6,25.1,195.5677,SSP1-2.6,2081-2100,4.169600000000003,40.5124,60.029799999999796,0.891099999999998,6.5946,0.960700000000001,25.798000000000002,39.7412875,5.69632500000003,0.5431749999999993,5.848675,0.05379999999999985,25.402,1.3658608356672617,1.7159086569386703
121.6,25.15,243.72,SSP1-2.6,2081-2100,1.1140000000000043,40.807900000000004,-68.64570000000003,0.3539999999999992,5.6518000000000015,-1.0892999999999997,25.878000000000004,40.648275,-37.80986249999998,0.2839499999999986,5.3386125,-0.4560374999999999,25.72175,1.3658608356672617,1.7791044373084572
121.6,25.2,221.5467,SSP1-2.6,2081-2100,-5.149799999999999,41.830299999999994,-254.1542999999997,-0.8244000000000007,5.432100000000002,-1.4285999999999994,25.442,41.38227500000001,-94.36164999999994,0.015149999999998887,5.1756625,-1.0341624999999999,25.709,1.3658608356672617,1.8423002176782488
121.6,25.25,184.373,SSP1-2.6,2081-2100,1.6761000000000195,42.56830000000001,-249.45309999999972,-0.8200000000000003,5.199999999999999,-1.4214000000000002,25.512,41.97602500000001,-97.26204999999993,-0.07223750000000129,4.956675000000001,-0.8893125,26.03475,1.3658608356672617,1.9054959980480402
121.6,25.3,165.5419,SSP1-2.6,2081-2100,3.8281000000000063,41.91630000000001,-79.16300000000001,-0.20200000000000173,4.539300000000001,-0.44289999999999985,25.971999999999998,42.3353875,-101.03137499999991,-0.05870000000000086,4.741050000000001,-1.0085,26.05,1.3658608356672617,1.9686917784178315
121.65,24.0,214.1692,SSP1-2.6,2081-2100,11.96350000000001,48.498000000000005,134.5728999999999,1.4868999999999986,8.021400000000003,2.6161000000000003,22.930000000000003,50.4803625,120.59687500000004,1.5827750000000003,7.277687499999999,2.308025,23.3195,1.4715546757485132,0.32560148880327683
121.65,24.05,230.0174,SSP1-2.6,2081-2100,9.983399999999989,48.592000000000006,147.64249999999993,1.366500000000002,7.1036,2.1732000000000005,23.272,48.1105125,117.255325,1.6379374999999996,7.1895,2.3607250000000004,21.41825,1.4715546757485132,0.3887972691730683
121.65,24.1,254.4267,SSP1-2.6,2081-2100,-0.22110000000000696,50.6881,119.1989000000001,1.6478000000000002,7.744599999999998,2.194600000000001,24.106,47.92421250000001,118.71039999999994,1.6150749999999996,6.846425,2.221,21.19475,1.4715546757485132,0.4519930495428597
121.65,24.15,260.1308,SSP1-2.6,2081-2100,1.4920999999999935,52.567299999999996,112.17939999999999,1.7333999999999996,7.691099999999999,2.2803999999999993,23.854,46.4096125,128.43697499999996,1.5888624999999998,6.2481875,2.1803500000000002,20.33875,1.4715546757485132,0.5151888299126467
121.65,24.2,290.2077,SSP1-2.6,2081-2100,-10.405399999999986,44.80570000000001,132.00869999999986,1.7334999999999994,6.796399999999998,2.1517999999999997,17.624,45.53515,136.522975,1.65705,5.75155,2.2154000000000003,19.6125,1.4715546757485132,0.578384610282438
121.65,24.25,300.6087,SSP1-2.6,2081-2100,-12.1952,37.6957,203.95350000000008,1.582699999999999,3.660700000000002,2.085700000000001,14.538,42.152675,181.71541249999996,1.6791375,3.8727625,2.3948625000000003,17.313000000000002,1.4715546757485132,0.6415803906522295
121.65,24.3,313.9771,SSP1-2.6,2081-2100,-10.381100000000004,36.6907,276.64369999999985,1.4864999999999995,-0.2892999999999972,2.7338999999999993,13.948,40.9209625,213.53682499999994,1.6100999999999992,2.5547,2.3602625000000006,16.547,1.4715546757485132,0.704776171022021
121.65,24.35,348.9838,SSP1-2.6,2081-2100,-14.694799999999987,45.7022,241.18629999999985,1.5452999999999975,1.5161000000000016,2.3000000000000007,19.476000000000003,40.0568375,240.51322499999995,1.5326999999999993,1.0756625000000004,2.4381500000000003,16.2695,1.4715546757485132,0.7679719513918124
121.65,24.4,363.9797,SSP1-2.6,2081-2100,-10.119299999999953,42.335699999999996,231.69990000000007,1.5271000000000008,1.2357000000000014,2.1607000000000003,17.492,41.77910000000001,242.34804999999994,1.523062499999999,1.20445,2.4408375000000007,17.5125,1.4715546757485132,0.8311677317615993
121.65,24.45,377.9533,SSP1-2.6,2081-2100,-0.754099999999994,40.56830000000001,245.50019999999995,1.572700000000001,1.3107000000000006,2.5161000000000016,16.701999999999998,37.1579375,254.77340000000004,1.574325,1.8749875,2.5015625000000004,15.66875,1.4715546757485132,0.8943635121313908
121.65,24.5,398.5396,SSP1-2.6,2081-2100,6.621100000000013,30.932000000000002,266.5371,1.6586999999999996,3.8018,2.205400000000001,12.528,37.143675,283.7144625,1.6275500000000003,3.1776750000000002,2.5368375000000007,16.03475,1.4715546757485132,0.9575592925011822
121.65,24.55,427.1516,SSP1-2.6,2081-2100,4.495699999999999,39.3034,362.02170000000024,1.8146000000000022,5.807100000000002,2.5642999999999994,16.972,36.662687500000004,285.3345875,1.6657000000000002,4.232162499999999,2.0685375000000006,16.82875,1.4715546757485132,1.0207550728709736
121.65,24.6,341.5363,SSP1-2.6,2081-2100,33.16329999999999,41.463100000000004,328.89480000000003,1.9405000000000001,4.966099999999997,1.7928999999999995,20.65,41.83085,261.4054125,1.6401124999999999,5.370325000000001,1.2026875000000001,20.23575,1.4715546757485132,1.0839508532407651
121.65,24.65,255.9377,SSP1-2.6,2081-2100,19.61809999999997,45.0584,247.27199999999993,1.7673999999999985,5.5411,-0.10710000000000086,23.474,43.466175,180.70986249999999,1.4800125,5.681487499999999,0.47658750000000016,22.07675,1.4715546757485132,1.147146633610552
121.65,24.7,239.1876,SSP1-2.6,2081-2100,-1.669399999999996,44.502599999999994,69.77190000000019,1.0631999999999984,6.1554,-0.49460000000000015,22.618,43.2802375,119.23429999999996,1.2954874999999997,5.75625,0.219225,22.291249999999998,1.4715546757485132,1.2103424139803434
121.65,24.75,251.2344,SSP1-2.6,2081-2100,-12.865800000000007,40.54939999999999,-6.211900000000242,0.7011000000000003,4.7196,0.5785999999999998,20.441999999999997,42.2756125,102.74768750000004,1.1782500000000002,5.7345999999999995,0.11385000000000023,22.008499999999998,1.4715546757485132,1.273538194350135
121.65,24.8,277.4363,SSP1-2.6,2081-2100,-1.9055999999999926,39.9061,122.7817,1.1611000000000011,5.583899999999998,0.6768000000000001,21.176000000000002,40.257175000000004,111.74725000000001,1.0752875000000004,5.126775,0.2955375,21.463,1.4715546757485132,1.3367339747199263
121.65,24.85,311.7786,SSP1-2.6,2081-2100,-2.5294999999999845,37.9242,176.43730000000005,1.1418,4.507100000000001,-0.5107000000000017,21.262,37.654175,113.80753749999997,0.9603250000000001,5.133025,0.3026625000000003,20.915750000000003,1.4715546757485132,1.3999297550897176
121.65,24.9,257.8623,SSP1-2.6,2081-2100,-0.6773000000000025,34.017399999999995,81.5338999999999,0.6280999999999999,4.908900000000001,0.2696000000000005,19.1,35.74464999999999,82.2599249999999,0.7467374999999996,5.030125,0.2479874999999998,20.622750000000003,1.4715546757485132,1.4631255354595045
121.65,24.95,233.9441,SSP1-2.6,2081-2100,-2.176400000000001,34.3555,10.784400000000005,0.2049999999999983,4.6053999999999995,0.5535999999999994,19.574,34.93068749999999,34.22019999999992,0.6189374999999995,5.5944,0.40644999999999976,20.6415,1.4715546757485132,1.526321315829296
121.65,25.0,229.1821,SSP1-2.6,2081-2100,4.375799999999998,35.67059999999999,15.940600000000359,0.609499999999997,5.0196000000000005,1.0606999999999989,21.502,36.31465,21.567037499999913,0.5884375,5.989062500000001,0.2801374999999997,21.90075,1.4715546757485132,1.5895170961990874
121.65,25.05,220.8446,SSP1-2.6,2081-2100,3.6663999999999817,39.4568,24.572999999999865,0.594100000000001,6.4161,0.29110000000000014,24.136,37.773875,39.444275000000005,0.7309249999999992,6.068512500000001,0.3950874999999998,23.44525,1.4715546757485132,1.652712876568879
121.65,25.1,207.0185,SSP1-2.6,2081-2100,5.643799999999999,39.290400000000005,-12.184799999999996,0.49189999999999756,6.091100000000001,-0.5070999999999994,25.470000000000002,39.42845,25.544387499999914,0.61225,5.7238875,0.013162500000000188,24.48775,1.4715546757485132,1.7159086569386703
121.65,25.15,218.6738,SSP1-2.6,2081-2100,3.967000000000013,40.138999999999996,-214.79030000000012,-0.5225000000000009,5.2928999999999995,-1.1661000000000001,24.198,40.2398625,-12.569325000000106,0.4057124999999995,5.3540125000000005,-0.21787499999999982,25.180750000000003,1.4715546757485132,1.7791044373084572
121.65,25.2,190.889,SSP1-2.6,2081-2100,0.6637999999999806,41.05180000000001,-149.8787000000002,-0.20360000000000156,5.294599999999999,-0.5661000000000005,25.842,40.6672375,-82.53429999999997,0.046324999999999505,5.29175,-0.7154124999999998,25.219250000000002,1.4715546757485132,1.8423002176782488
121.65,25.25,171.5283,SSP1-2.6,2081-2100,1.2546000000000106,40.8716,-49.292299999999614,0.10109999999999886,5.5839,-0.6160999999999994,25.686000000000003,41.3025,-118.9301000000001,-0.1748000000000003,5.018750000000001,-0.7480125,25.39925,1.4715546757485132,1.9054959980480402
121.7,24.2,275.0358,SSP1-2.6,2081-2100,-3.8951000000000136,54.37179999999999,100.70489999999995,1.7669999999999995,6.9696,2.148199999999999,25.269999999999996,45.66635,132.24235000000004,1.6955500000000003,5.4125,2.1486625000000004,19.710749999999997,1.5772485158297345,0.578384610282438
121.7,24.25,277.3466,SSP1-2.6,2081-2100,-6.3215000000000146,47.196099999999994,118.07190000000014,1.751100000000001,5.117899999999999,2.1231999999999998,19.784,45.0097,156.45803749999996,1.6790749999999997,4.0600375,2.1383875,19.20475,1.5772485158297345,0.6415803906522295
121.7,24.3,295.0345,SSP1-2.6,2081-2100,-9.887399999999957,39.77949999999999,152.3003000000001,1.6263000000000005,2.5929,2.187500000000001,15.857999999999999,44.89575,176.56827499999997,1.6312124999999993,3.472775000000001,2.1783374999999996,19.1505,1.5772485158297345,0.704776171022021
121.7,24.35,335.7223,SSP1-2.6,2081-2100,-14.673000000000002,43.2532,178.84839999999986,1.3318999999999974,2.6464,1.9464000000000006,17.138,42.693574999999996,204.25113750000003,1.5821874999999994,2.510050000000001,2.2441875,18.12025,1.5772485158297345,0.7679719513918124
121.7,24.4,358.8934,SSP1-2.6,2081-2100,-12.654999999999973,37.3126,203.00860000000011,1.5048999999999992,2.7589000000000006,2.0214,15.506,43.601487500000005,221.2779375,1.5740624999999997,2.604237500000001,2.1747750000000003,18.632250000000003,1.5772485158297345,0.8311677317615993
121.7,24.45,364.1507,SSP1-2.6,2081-2100,-8.481999999999971,41.824200000000005,231.23140000000012,1.6899000000000015,2.7482000000000006,1.9964000000000013,17.854,39.1716125,234.60867500000006,1.6235875000000002,2.8892750000000005,2.0486750000000002,16.8325,1.5772485158297345,0.8943635121313908
121.7,24.5,374.8033,SSP1-2.6,2081-2100,-5.708699999999965,30.484699999999997,248.48680000000013,1.6056999999999988,3.2624999999999993,1.8660999999999994,12.732000000000001,40.2261,274.48744999999997,1.6783875000000004,4.02365,2.0511250000000008,17.762,1.5772485158297345,0.9575592925011822
121.7,24.55,416.0153,SSP1-2.6,2081-2100,-1.283900000000017,40.535,299.8815999999997,1.5971999999999973,5.064299999999999,1.8571000000000009,18.804,38.9078,289.40593750000005,1.6710500000000006,4.656700000000001,1.6906500000000002,17.935,1.5772485158297345,1.0207550728709736
121.7,24.6,327.1352,SSP1-2.6,2081-2100,19.96120000000002,44.3239,257.4169999999999,1.4690000000000012,4.891100000000002,0.8536000000000001,21.67,42.50745,255.367275,1.5229374999999998,5.293537499999999,0.9973375,20.8975,1.5772485158297345,1.0839508532407651
121.7,24.65,278.3812,SSP1-2.6,2081-2100,0.7873000000000161,45.9391,104.27710000000025,1.2657999999999987,5.741099999999999,-0.7482000000000006,23.188000000000002,43.805575000000005,193.28551249999998,1.3816000000000002,5.2859625,0.4946625,22.481,1.5772485158297345,1.147146633610552
121.7,24.7,241.0741,SSP1-2.6,2081-2100,-5.404699999999991,43.18699999999999,132.71579999999994,1.4796000000000014,5.862499999999997,0.35360000000000014,23.337999999999997,44.0442125,110.50942499999996,1.091849999999999,5.329924999999999,0.28551249999999984,22.819499999999998,1.5772485158297345,1.2103424139803434
121.7,24.75,229.8429,SSP1-2.6,2081-2100,-16.74459999999999,44.7913,113.96340000000009,1.2089999999999996,5.450000000000003,1.0535999999999994,22.908,42.7245875,111.18193749999995,1.1086750000000003,5.194649999999999,0.5176500000000002,22.543999999999997,1.5772485158297345,1.273538194350135
121.7,24.8,247.45,SSP1-2.6,2081-2100,-9.79849999999999,41.8314,144.69830000000002,1.1184000000000012,4.555399999999999,0.05889999999999951,21.513999999999996,40.9779875,142.53861249999994,1.1190250000000002,4.779,0.70225,21.93425,1.5772485158297345,1.3367339747199263
121.7,24.85,271.1531,SSP1-2.6,2081-2100,4.415900000000022,37.4467,216.08109999999988,1.1761000000000017,4.6768,0.7000000000000011,20.752000000000002,38.4866375,161.38007499999998,1.1266250000000002,4.6107,0.3078000000000001,20.99525,1.5772485158297345,1.3999297550897176
121.7,24.9,277.5127,SSP1-2.6,2081-2100,2.8858999999999924,35.3735,189.7512999999999,1.089299999999998,5.851799999999999,-0.15359999999999907,20.34,35.98765,143.40447499999993,1.0277624999999997,4.5473125,0.21181249999999996,20.061500000000002,1.5772485158297345,1.4631255354595045
121.7,24.95,261.6735,SSP1-2.6,2081-2100,6.015600000000006,35.27799999999999,113.52879999999959,1.1496999999999993,5.8964,0.1446000000000005,20.03,35.1457625,90.57460000000003,0.8798874999999988,5.134375,-0.0513625000000002,20.105249999999998,1.5772485158297345,1.526321315829296
121.7,25.0,245.8166,SSP1-2.6,2081-2100,10.050000000000011,35.7606,50.13349999999991,0.9075999999999986,5.994600000000002,0.04639999999999844,20.97,36.456112499999996,76.5168625,0.857124999999999,5.4959875,-0.4326000000000001,21.21775,1.5772485158297345,1.5895170961990874
121.7,25.05,221.6028,SSP1-2.6,2081-2100,21.724799999999988,37.8739,170.23900000000003,1.1194999999999986,5.9018000000000015,-0.9231999999999996,22.875999999999998,37.8409,60.718624999999975,0.782262499999999,5.42745,-0.4176500000000003,22.460500000000003,1.5772485158297345,1.652712876568879
121.7,25.1,199.8942,SSP1-2.6,2081-2100,11.267599999999987,38.595699999999994,136.0329999999999,0.946200000000001,4.685700000000001,0.38209999999999944,23.448,39.2902625,60.841862499999934,0.6706999999999996,5.1076,-0.49777499999999986,23.532249999999998,1.5772485158297345,1.7159086569386703
121.7,25.15,183.4885,SSP1-2.6,2081-2100,8.928300000000007,39.4015,117.91529999999966,0.9393000000000029,4.439299999999999,0.5071000000000012,24.538000000000004,40.0561125,40.170412499999884,0.5617499999999991,4.700225,-0.09465000000000034,23.984,1.5772485158297345,1.7791044373084572
121.7,25.2,173.4387,SSP1-2.6,2081-2100,7.181899999999985,40.428900000000006,70.33079999999973,0.6511999999999993,4.642900000000001,-0.001800000000001134,25.03,40.348012499999996,-4.430700000000002,0.3516124999999999,4.773425,-0.1303749999999999,24.304499999999997,1.5772485158297345,1.8423002176782488
121.75,24.25,262.9529,SSP1-2.6,2081-2100,2.2110999999999876,51.5738,81.45530000000008,1.9914000000000023,5.3018,1.8678999999999988,24.821999999999996,46.566762499999996,146.0688625,1.6921249999999994,5.1509,2.148875,20.31225,1.6829423559109558,0.6415803906522295
121.75,24.3,280.3745,SSP1-2.6,2081-2100,4.704000000000008,51.9072,125.7494999999999,1.9132999999999996,4.8018,1.9856999999999996,24.44,45.709737499999996,164.97282499999997,1.6089124999999997,3.8672000000000004,2.1629375,20.168249999999997,1.6829423559109558,0.704776171022021
121.75,24.35,323.1967,SSP1-2.6,2081-2100,-1.3862000000000307,45.147099999999995,186.63760000000002,1.447499999999998,5.0268000000000015,2.383899999999999,19.058000000000003,45.763625,182.22025,1.5376499999999997,3.4959875,2.0754375000000005,20.872500000000002,1.6829423559109558,0.7679719513918124
121.75,24.4,357.6013,SSP1-2.6,2081-2100,-9.636899999999969,42.6736,216.7832000000003,1.6066000000000003,2.4375,2.180399999999999,19.184,45.6291625,208.474175,1.5337,3.6899500000000005,2.081675,20.7315,1.6829423559109558,0.8311677317615993
121.75,24.45,339.8916,SSP1-2.6,2081-2100,-6.785499999999956,47.307599999999994,238.3364999999999,1.871500000000001,3.9125000000000014,1.914299999999999,22.154000000000003,42.27905,214.50643750000012,1.5504750000000005,3.6408375,1.9921875000000002,19.240000000000002,1.6829423559109558,0.8943635121313908
121.75,24.5,338.6862,SSP1-2.6,2081-2100,-9.70519999999999,41.75840000000001,226.51710000000003,1.6415000000000006,4.3946000000000005,1.5250000000000004,18.362000000000002,41.985625,236.712425,1.5804749999999999,4.3551375,1.9131750000000003,19.52225,1.6829423559109558,0.9575592925011822
121.75,24.55,384.9637,SSP1-2.6,2081-2100,13.655699999999968,39.5799,325.8739999999998,1.5809999999999995,5.149999999999999,1.830400000000001,18.72,41.350725,245.27742500000005,1.5090874999999997,4.541525,1.4714375000000004,19.454749999999997,1.6829423559109558,1.0207550728709736
121.75,24.6,318.566,SSP1-2.6,2081-2100,15.548600000000022,43.416999999999994,299.49900000000025,1.6574000000000026,4.980400000000003,0.8875000000000011,21.846,43.192025,226.82212499999997,1.346112499999999,4.796212499999999,0.9620625000000003,21.36675,1.6829423559109558,1.0839508532407651
121.75,24.65,279.9552,SSP1-2.6,2081-2100,-10.512999999999977,44.7637,75.21799999999985,0.5595999999999997,5.0981999999999985,-0.09820000000000029,23.526000000000003,44.2634375,204.1836375000001,1.4555374999999997,5.066525,0.6591500000000003,22.5755,1.6829423559109558,1.147146633610552
121.75,24.7,227.1843,SSP1-2.6,2081-2100,-5.453400000000016,43.7289,135.49559999999974,1.1160999999999994,4.7928999999999995,0.7696000000000005,22.726000000000003,44.328675000000004,139.76265000000006,1.2089999999999996,5.180124999999999,0.5823750000000001,23.2405,1.6829423559109558,1.2103424139803434
121.75,24.75,201.423,SSP1-2.6,2081-2100,-7.159700000000015,43.0203,144.2892999999999,1.0525999999999982,5.141099999999998,1.330400000000001,23.674000000000003,43.98585,139.89392500000008,1.2513250000000005,4.9808,0.7620500000000001,23.12325,1.6829423559109558,1.273538194350135
121.75,24.8,217.8323,SSP1-2.6,2081-2100,-8.787499999999994,45.071,145.9148,1.1773000000000025,4.746400000000001,0.8679000000000006,24.863999999999997,42.4260625,161.32072500000004,1.2286375,4.4883875,0.8310250000000001,22.48425,1.6829423559109558,1.3367339747199263
121.75,24.85,258.6382,SSP1-2.6,2081-2100,3.9297000000000253,39.1149,227.05319999999983,1.333199999999998,3.4071,0.9214000000000002,20.396,39.803725,171.16366250000004,1.2223625000000005,4.2071375,0.48280000000000034,21.65425,1.6829423559109558,1.3999297550897176
121.75,24.9,295.6983,SSP1-2.6,2081-2100,3.066599999999994,34.65460000000001,202.8701000000001,1.3638000000000012,3.325000000000003,0.3321000000000005,19.310000000000002,36.910375,150.8627125,1.1244749999999994,4.277212499999999,0.20578750000000023,20.34275,1.6829423559109558,1.4631255354595045
121.75,24.95,291.636,SSP1-2.6,2081-2100,1.3863999999999805,35.1099,118.94700000000012,1.2243999999999993,5.0518,-0.7161000000000008,20.067999999999998,35.4416625,98.8146375,0.9556374999999995,4.7026625,-0.2837249999999998,19.95225,1.6829423559109558,1.526321315829296
121.75,25.0,272.5216,SSP1-2.6,2081-2100,1.8332000000000335,36.224000000000004,54.63599999999997,1.0113999999999983,6.317899999999998,-1.8035999999999994,19.978,36.4668375,79.83752500000003,0.8976124999999997,4.9620375,-0.7051500000000002,20.987249999999996,1.6829423559109558,1.5895170961990874
121.75,25.05,229.8115,SSP1-2.6,2081-2100,3.5153999999999996,37.680200000000006,103.48610000000008,0.9434000000000005,4.758899999999997,-2.0679,21.577999999999996,38.19132499999999,87.40733749999998,0.8502624999999995,4.891287500000001,-0.6341750000000004,21.99725,1.6829423559109558,1.652712876568879
121.75,25.1,211.3809,SSP1-2.6,2081-2100,5.798900000000003,40.048899999999996,113.13159999999971,0.7539999999999978,4.1357,-0.7429000000000006,22.602000000000004,39.253325,134.755,0.9842250000000003,4.374099999999999,-0.14555000000000007,22.805,1.6829423559109558,1.7159086569386703
121.75,25.15,200.9515,SSP1-2.6,2081-2100,5.219099999999997,40.4314,184.36500000000024,1.0458999999999996,3.8249999999999993,0.6267999999999994,22.859999999999996,40.100525,113.28553749999986,0.8795625,4.23215,0.17051249999999962,23.333750000000002,1.6829423559109558,1.7791044373084572
121.8,24.3,281.1604,SSP1-2.6,2081-2100,10.64670000000001,51.63100000000001,149.1244999999999,1.7155999999999985,6.241099999999999,2.125,25.926000000000002,47.3011,159.37631249999998,1.5830125000000002,3.9971125,2.0814624999999998,21.253499999999995,1.788636195992177,0.704776171022021
121.8,24.35,308.6296,SSP1-2.6,2081-2100,0.13069999999999027,50.4065,176.70089999999982,1.5210000000000008,4.300000000000001,1.9357000000000006,24.811999999999998,46.463350000000005,189.14772500000004,1.5528374999999994,4.0049125,2.1372625,21.32275,1.788636195992177,0.7679719513918124
121.8,24.4,346.0626,SSP1-2.6,2081-2100,-3.0512999999999693,49.145399999999995,255.24659999999994,1.0816000000000017,2.1892999999999994,2.221400000000001,24.116,46.1889875,188.17113750000004,1.6175875,4.5015625,2.0859375,21.60075,1.788636195992177,0.8311677317615993
121.8,24.45,295.8852,SSP1-2.6,2081-2100,-5.3940000000000055,50.6367,197.78340000000026,1.8213000000000008,5.9375,2.2339,25.214,45.7222125,202.16348750000003,1.4953125000000007,3.7908375000000003,1.8988875000000003,21.43975,1.788636195992177,0.8943635121313908
121.8,24.5,300.6507,SSP1-2.6,2081-2100,-14.786399999999958,44.3968,136.99440000000004,1.452300000000001,5.398199999999999,1.892900000000001,20.951999999999998,42.96115,213.143525,1.4250624999999997,4.4986625,1.7252375,20.27125,1.788636195992177,0.9575592925011822
121.8,24.55,308.9933,SSP1-2.6,2081-2100,1.7746000000000208,41.1201,215.11130000000003,1.0248999999999988,3.367899999999999,1.7142999999999997,19.747999999999998,43.9871,219.44273750000008,1.3627000000000002,4.863837500000001,1.4799250000000004,21.278750000000002,1.788636195992177,1.0207550728709736
121.8,24.6,258.7833,SSP1-2.6,2081-2100,2.768700000000024,44.7699,278.3122000000003,1.6246999999999971,4.973200000000002,1.1750000000000007,21.523999999999997,43.4154125,223.44545,1.2586500000000003,4.45805,1.1314875000000002,22.0105,1.788636195992177,1.0839508532407651
121.8,24.65,237.7586,SSP1-2.6,2081-2100,2.0756000000000085,44.504599999999996,258.4857999999999,1.6466999999999992,4.0839,1.1125000000000007,23.754,44.34755,207.72966250000013,1.3548375,4.772775000000001,0.8665125000000002,22.84125,1.788636195992177,1.147146633610552
121.8,24.7,213.9866,SSP1-2.6,2081-2100,-2.911500000000018,44.237100000000005,167.26660000000038,1.384999999999998,5.2071000000000005,0.8696000000000002,22.557999999999996,44.0102,167.35368749999998,1.2917625,4.864512499999999,0.7214375000000004,23.37,1.788636195992177,1.2103424139803434
121.8,24.75,181.712,SSP1-2.6,2081-2100,5.1621000000000095,44.1863,121.88520000000017,1.0737000000000023,4.857099999999999,0.7857000000000003,22.977999999999998,44.333675,166.60486250000008,1.3363749999999994,4.8700875,1.0321500000000003,23.475,1.788636195992177,1.273538194350135
121.8,24.8,184.8057,SSP1-2.6,2081-2100,2.7146999999999935,44.85379999999999,157.2117000000003,1.4514999999999993,4.375,1.3375000000000004,24.1,42.074712500000004,155.4771,1.1916500000000005,4.090837499999999,0.7343750000000002,22.34075,1.788636195992177,1.3367339747199263
121.8,24.85,211.9242,SSP1-2.6,2081-2100,-1.6780000000000257,44.1638,165.38360000000011,1.4146,3.444600000000001,0.4606999999999992,23.552,40.2861,164.175525,1.2413875000000005,3.7700875000000003,0.7129375000000007,21.8415,1.788636195992177,1.3999297550897176
121.8,24.9,270.9585,SSP1-2.6,2081-2100,-3.046699999999987,35.035000000000004,147.39840000000004,0.9878999999999998,2.6820999999999984,0.2589000000000006,18.802,38.590575,125.52166250000005,1.141,3.4314750000000003,0.3022250000000002,21.00025,1.788636195992177,1.4631255354595045
121.8,24.95,286.0704,SSP1-2.6,2081-2100,-3.052599999999984,33.7612,28.758300000000418,0.6205999999999996,3.2071000000000005,0.030400000000000205,18.802,36.999175,82.09956249999999,0.9479000000000002,3.9131749999999994,-0.4031374999999997,20.42975,1.788636195992177,1.526321315829296
121.8,25.0,255.9441,SSP1-2.6,2081-2100,-2.845100000000002,37.4464,3.4407000000001062,0.514800000000001,4.346399999999999,-1.125,21.386000000000003,37.1740125,60.94832500000007,0.851375,4.262499999999999,-0.8022375000000002,20.5985,1.788636195992177,1.5895170961990874
121.8,25.05,234.9002,SSP1-2.6,2081-2100,-3.162300000000016,38.8245,50.16679999999997,0.7009000000000007,4.539300000000001,-1.0304000000000002,22.188,39.2188875,86.51010000000002,0.8600999999999996,4.212037499999999,-0.7305875000000004,21.658,1.788636195992177,1.652712876568879
121.8,25.1,217.2597,SSP1-2.6,2081-2100,3.1847999999999956,40.7566,121.47810000000027,0.8476999999999997,3.2089,0.12319999999999887,22.529999999999998,40.02941250000001,161.7133,1.1236624999999996,3.8975374999999994,-0.1013500000000005,22.222,1.788636195992177,1.7159086569386703
121.8,25.15,197.1041,SSP1-2.6,2081-2100,10.35220000000001,40.462799999999994,194.35669999999982,1.3308999999999997,3.633899999999997,1.2179000000000002,22.421999999999997,40.512575,228.85387499999996,1.4652749999999999,3.5508875,0.49038749999999953,22.63625,1.788636195992177,1.7791044373084572
121.85,24.5,290.1548,SSP1-2.6,2081-2100,-13.313900000000046,48.2652,135.4978000000001,1.0980999999999987,4.946400000000001,1.5250000000000004,24.083999999999996,44.1673625,209.90067500000004,1.3582875000000003,4.7359374999999995,1.7348375,21.443749999999998,1.8943300360733983,0.9575592925011822
121.85,24.55,274.5239,SSP1-2.6,2081-2100,-13.801000000000045,44.53660000000001,117.54129999999986,0.7564999999999991,5.017900000000001,1.1928999999999998,21.156000000000002,44.27445,229.55737500000004,1.417325,4.6408375,1.5589375,22.09525,1.8943300360733983,1.0207550728709736
121.85,24.6,253.7975,SSP1-2.6,2081-2100,-3.66040000000001,45.173,235.30610000000024,1.0901000000000032,4.050000000000001,1.8106999999999989,23.586000000000002,44.1834125,242.35511250000002,1.4913374999999998,4.44755,1.1509000000000003,22.490499999999997,1.8943300360733983,1.0839508532407651
121.85,24.65,236.8816,SSP1-2.6,2081-2100,5.192000000000007,44.22839999999999,260.5281,1.7530000000000001,3.9161,0.6018000000000008,23.747999999999998,44.650075,203.45338750000008,1.3355249999999996,4.783025,0.9779,22.957,1.8943300360733983,1.147146633610552
121.85,24.7,202.0537,SSP1-2.6,2081-2100,4.6133000000000095,44.462399999999995,210.2117000000003,1.6527999999999992,5.164300000000001,0.9161000000000001,23.215999999999998,44.2302875,174.80933750000003,1.2096,4.6433,0.8977625000000002,23.31875,1.8943300360733983,1.2103424139803434
121.85,24.85,194.3985,SSP1-2.6,2081-2100,-3.437300000000022,44.175000000000004,147.19399999999996,1.3755000000000024,3.892900000000001,1.1911000000000005,22.945999999999998,40.7059375,156.0691375,1.3289874999999995,3.0515499999999993,0.5718625000000004,21.838749999999997,1.8943300360733983,1.3999297550897176
121.85,24.9,219.6486,SSP1-2.6,2081-2100,-10.869499999999988,41.937799999999996,69.68089999999984,1.0657999999999994,3.055399999999999,0.09460000000000157,23.561999999999998,38.932025,110.59631250000007,1.0731500000000005,2.995525,0.27300000000000013,20.950499999999998,1.8943300360733983,1.4631255354595045
121.85,24.95,244.5554,SSP1-2.6,2081-2100,1.354600000000005,35.8074,44.28620000000001,0.7301000000000002,2.067899999999998,0.10360000000000014,19.366,39.121475000000004,51.910199999999975,0.8276875000000001,3.3258749999999995,-0.07208749999999986,21.163,1.8943300360733983,1.526321315829296
121.85,25.0,223.7946,SSP1-2.6,2081-2100,11.022300000000001,39.778299999999994,15.537199999999757,0.6850000000000023,4.4589,-0.36960000000000015,20.966,38.8400375,55.33836250000007,0.7520749999999996,3.5665125,-0.12946250000000026,20.95375,1.8943300360733983,1.5895170961990874
121.85,25.05,209.6039,SSP1-2.6,2081-2100,6.195399999999978,40.20660000000001,71.76900000000023,0.8951999999999991,3.6982,-0.5643000000000011,21.842000000000002,40.5097875,127.4776,1.0270624999999995,3.8738750000000004,0.18794999999999962,21.724249999999998,1.8943300360733983,1.652712876568879
121.85,25.1,189.4712,SSP1-2.6,2081-2100,7.265999999999991,41.6101,208.60210000000006,1.2292999999999985,2.7714,0.7053999999999991,22.382,40.973325,261.49405,1.6954874999999994,3.5901750000000003,0.7441874999999996,22.044249999999998,1.8943300360733983,1.7159086569386703
121.85,25.15,170.9226,SSP1-2.6,2081-2100,13.685400000000016,40.9708,367.8290999999999,2.0897000000000006,3.8179000000000016,1.044599999999999,21.902,40.989562500000005,252.09516250000001,1.599837499999999,3.3435124999999997,0.6729999999999994,22.29975,1.8943300360733983,1.7791044373084572
121.9,24.55,236.2946,SSP1-2.6,2081-2100,-0.8081999999999994,46.1374,224.07780000000002,1.4986999999999995,4.571399999999997,1.6785999999999994,23.811999999999998,44.6554125,208.07207500000004,1.34605,4.5424125,1.3446500000000001,22.391750000000002,2.00002387615465,1.0207550728709736
121.9,24.6,197.3731,SSP1-2.6,2081-2100,15.6207,44.7533,285.28539999999975,1.9688000000000017,4.669599999999999,0.8445999999999998,24.336,45.2596875,214.9951000000001,1.3900749999999995,4.590400000000001,1.251575,23.11,2.00002387615465,1.0839508532407651
121.9,24.9,208.899,SSP1-2.6,2081-2100,-10.523899999999998,42.5041,69.47409999999991,1.196200000000001,2.5321,0.1286000000000005,23.45,40.379774999999995,120.25558749999993,1.1826624999999995,3.064962499999999,0.49955000000000016,21.18625,2.00002387615465,1.4631255354595045
121.9,24.95,213.5584,SSP1-2.6,2081-2100,5.006399999999985,41.35510000000001,79.4058,0.8964999999999996,2.8125,-0.3214000000000006,21.376,39.8064,62.13062499999995,0.9067999999999996,3.3537874999999997,0.31652500000000017,21.226499999999998,2.00002387615465,1.526321315829296
121.9,25.0,206.9323,SSP1-2.6,2081-2100,2.5777999999999963,41.15389999999999,1.5861999999997352,0.6546999999999983,3.5124999999999993,0.726799999999999,20.96,40.998087500000004,118.29070000000002,1.1166124999999998,3.789725,0.48013749999999966,21.44375,2.00002387615465,1.5895170961990874
121.9,25.05,177.6348,SSP1-2.6,2081-2100,6.588999999999999,42.1652,163.29390000000012,1.0037999999999982,4.348200000000002,1.1446000000000005,21.709999999999997,41.7761125,181.51292499999988,1.4065374999999989,3.918525,0.7125124999999994,21.7095,2.00002387615465,1.652712876568879
121.9,25.1,136.3095,SSP1-2.6,2081-2100,26.757299999999987,42.343300000000006,455.71579999999994,2.5802999999999976,3.8054000000000023,1.3285999999999998,21.671999999999997,41.590875,230.4838375,1.5539999999999992,3.43325,0.9691874999999992,22.012,2.00002387615465,1.7159086569386703
121.9,25.15,122.7288,SSP1-2.6,2081-2100,35.84129999999999,42.056799999999996,667.3429999999998,4.115399999999999,1.669599999999999,2.6892999999999994,22.087999999999997,41.5403,228.12675000000002,1.4466374999999991,3.7154000000000003,0.8604874999999994,22.14275,2.00002387615465,1.7791044373084572
121.95,24.85,139.3408,SSP1-2.6,2081-2100,40.688500000000005,42.23069999999999,368.06500000000005,2.4525999999999986,2.8481999999999985,1.2696000000000005,21.481999999999996,41.851037500000004,113.18610000000001,1.2256000000000002,3.2872749999999997,0.45268750000000013,22.2325,2.105717716235871,1.3999297550897176
121.95,25.0,171.8806,SSP1-2.6,2081-2100,9.289200000000022,41.3433,104.42819999999983,1.2981999999999978,3.648199999999999,0.6731999999999996,20.996,42.281475,143.67476249999993,1.2717124999999998,3.9953,0.7250124999999998,21.991500000000002,2.105717716235871,1.5895170961990874
121.95,25.05,156.8258,SSP1-2.6,2081-2100,10.356900000000024,43.806999999999995,241.96929999999975,1.5961999999999996,4.439299999999999,1.8838999999999988,22.682000000000002,42.0946625,255.28346249999998,1.8361124999999987,3.817625,1.0756749999999997,21.756999999999998,2.105717716235871,1.652712876568879
122.0,25.0,141.2376,SSP1-2.6,2081-2100,12.467500000000001,43.5218,225.63600000000042,1.8279000000000014,4.8446,1.2911000000000001,22.612,42.329787499999995,183.54611249999988,1.4424124999999988,3.7640625,0.8600499999999998,21.87775,2.2114115563170924,1.5895170961990874
122.0,25.05,132.0459,SSP1-2.6,2081-2100,21.841300000000018,43.96639999999999,352.49559999999974,2.313399999999998,5.014299999999999,1.3161000000000005,22.176,42.2183,242.42227499999996,1.746624999999999,3.6350375,1.1770124999999996,21.762,2.2114115563170924,1.652712876568879
122.1,25.65,212.7383,SSP1-2.6,2081-2100,-5.2438999999999965,47.020399999999995,116.14319999999998,0.6143000000000001,6.7911,1.1285999999999987,24.256,41.5888375,283.42259999999993,1.801412499999999,3.8674125,0.9604999999999997,22.91975,2.422799236479535,2.4110622410063627
119.45,23.2,88.1242,SSP2-4.5,2021-2040,-5.519999999999996,37.1752,1.1394000000000233,-0.05690000000000062,4.646500000000003,0.8102999999999998,17.6212,36.7575875,-18.531762499999985,-0.45896250000000016,1.8838250000000016,1.5769250000000001,17.615850000000002,-3.1789742878254956,-0.6855309971133726
119.5,23.35,140.2317,SSP2-4.5,2021-2040,-1.40949999999998,36.674800000000005,-18.738399999999956,-0.3119000000000014,1.1568999999999932,1.7155000000000005,17.290399999999998,36.8201375,-16.047037499999988,-0.42708750000000006,2.320025000000003,1.463775,17.657200000000003,-3.073280447744274,-0.4959436560039983
119.5,23.4,139.9822,SSP2-4.5,2021-2040,-3.268100000000004,36.00429999999999,-19.996399999999994,-0.38589999999999947,0.9258999999999986,1.6947999999999999,17.6673,36.937525,-18.590324999999993,-0.4550625000000006,1.7581625000000027,1.408825,17.818262500000003,-3.073280447744274,-0.43274787563421135
119.5,23.5,143.6065,SSP2-4.5,2021-2040,-11.705399999999997,37.11240000000001,-28.889800000000037,-0.8568999999999996,0.8241000000000014,1.7034000000000002,18.8058,36.8316375,-17.694450000000003,-0.3244250000000002,1.0071000000000012,1.5456999999999999,18.022575,-3.073280447744274,-0.3063563148946285
119.5,23.6,133.4372,SSP2-4.5,2021-2040,-9.727699999999984,36.747,-10.405399999999986,-0.45090000000000074,-0.15349999999999397,1.3327999999999998,18.0923,37.016075,-16.549537500000028,-0.28995000000000015,1.1189500000000017,1.4741499999999998,18.340125,-3.073280447744274,-0.17996475415504562
119.5,23.65,131.2561,SSP2-4.5,2021-2040,-9.433999999999997,37.11150000000001,-6.826900000000023,-0.21649999999999991,0.5879000000000048,1.4897,18.475,36.8838875,-13.42758750000003,-0.23651250000000035,1.1211125000000006,1.39075,18.4107875,-3.073280447744274,-0.11676897378525869
119.55,23.35,139.2331,SSP2-4.5,2021-2040,-4.836000000000013,37.071400000000004,-23.582599999999957,-0.4541000000000004,1.893100000000004,1.3414000000000001,17.5019,36.7705625,-15.441512499999988,-0.4093125000000002,2.2280000000000015,1.5105374999999999,17.630762500000003,-2.967586607663053,-0.4959436560039983
119.55,23.55,151.4465,SSP2-4.5,2021-2040,-13.022699999999986,36.767700000000005,-31.759700000000066,-0.5937000000000019,2.2378999999999962,1.7241,18.053800000000003,37.071125,-15.49226250000001,-0.31575,0.8745500000000028,1.4519624999999998,18.176675,-2.967586607663053,-0.24316053452483705
119.55,23.65,133.0819,SSP2-4.5,2021-2040,-9.450599999999994,36.911100000000005,-6.974100000000021,-0.21199999999999974,0.5948000000000064,1.3689999999999998,17.903799999999997,37.004525,-13.722737500000022,-0.21327500000000033,1.2635625000000026,1.4002374999999998,18.358400000000003,-2.967586607663053,-0.11676897378525869
119.6,23.25,136.6252,SSP2-4.5,2021-2040,-7.597399999999993,36.733999999999995,-9.842300000000023,-0.6190999999999995,2.2948000000000093,1.0724,17.326900000000002,36.8127375,-17.15904999999998,-0.3886875000000003,2.177787500000001,1.5441625,17.6526375,-2.8618927675818315,-0.6223352167435812
119.6,23.55,143.8459,SSP2-4.5,2021-2040,-11.354099999999988,37.2177,-26.643799999999942,-0.2970000000000006,1.1655000000000086,1.5706999999999995,17.8538,37.1327375,-16.412775000000025,-0.37052500000000066,1.1079624999999993,1.424575,18.162975,-2.8618927675818315,-0.24316053452483705
119.6,23.6,141.1564,SSP2-4.5,2021-2040,-10.636899999999997,37.218999999999994,-20.210900000000038,-0.12749999999999773,1.5413999999999959,1.4689999999999994,18.844199999999997,37.0718875,-14.021975000000012,-0.2656250000000009,1.2808000000000028,1.3933375,18.0293125,-2.8618927675818315,-0.17996475415504562
119.6,23.65,136.5514,SSP2-4.5,2021-2040,-10.385099999999994,36.91329999999999,-9.837100000000078,0.05460000000000065,2.046500000000009,1.2845000000000004,17.567300000000003,37.0544875,-9.331375000000023,-0.1656000000000004,1.1739250000000006,1.3429125,18.617525,-2.8618927675818315,-0.11676897378525869
119.6,23.7,132.8465,SSP2-4.5,2021-2040,-10.38109999999999,36.87590000000001,-1.254000000000019,-0.07060000000000244,-0.04650000000000887,1.1828000000000003,19.2173,37.000325000000004,-8.374462500000035,-0.16918750000000005,1.2706750000000024,1.3258874999999999,18.441087500000002,-2.8618927675818315,-0.053573193415467256
119.6,23.75,131.5149,SSP2-4.5,2021-2040,-11.089400000000012,36.4194,-0.33570000000008804,-0.19500000000000028,1.5827999999999918,1.1931000000000003,19.753800000000002,37.057387500000004,-8.489250000000027,-0.15363750000000032,1.0670125000000024,1.3246,18.374025,-2.8618927675818315,0.009622586954324176
119.65,23.25,154.9015,SSP2-4.5,2021-2040,-5.002499999999998,36.47840000000001,11.198900000000094,-0.15309999999999846,4.572400000000002,1.7931,16.426900000000003,36.947175,-15.06848749999999,-0.43412500000000054,1.6090499999999999,1.3624874999999999,17.7531375,-2.7561989275005803,-0.6223352167435812
119.65,23.55,137.1792,SSP2-4.5,2021-2040,-11.459700000000012,37.337,-14.150099999999952,-0.41980000000000217,0.3896999999999906,1.3965999999999994,17.8712,37.1473,-14.289862500000027,-0.21877500000000039,1.5366250000000026,1.381475,18.131949999999996,-2.7561989275005803,-0.24316053452483705
119.65,23.6,135.7117,SSP2-4.5,2021-2040,-10.852300000000014,37.4972,-9.561500000000024,-0.20160000000000267,1.2361999999999966,1.3207000000000004,18.1288,37.1408,-11.050225000000012,-0.1806625000000004,1.1452625000000012,1.3232999999999997,18.2451875,-2.7561989275005803,-0.17996475415504562
119.65,23.65,133.1052,SSP2-4.5,2021-2040,-9.742800000000003,37.1841,-2.844100000000026,-0.0045999999999999375,2.729300000000009,1.1482999999999999,18.7635,37.179937499999994,-11.889900000000011,-0.20528750000000073,0.9586249999999996,1.3448499999999999,18.16585,-2.7561989275005803,-0.11676897378525869
119.7,23.55,133.6888,SSP2-4.5,2021-2040,-10.92959999999998,37.468300000000006,-6.487700000000018,-0.36840000000000117,0.7413999999999987,1.1654999999999998,17.9404,37.1308875,-15.247662500000018,-0.2252000000000005,1.4926625000000016,1.4103624999999997,18.1233,-2.6505050874193588,-0.24316053452483705
120.0,23.45,147.1014,SSP2-4.5,2021-2040,-4.0438000000000045,36.94330000000001,9.974399999999946,-0.6344999999999992,1.6017000000000081,1.5793,18.6231,37.538912499999995,25.907949999999957,0.08746249999999955,-0.04761250000000139,1.55945,18.486037500000002,-2.016342046932001,-0.3695520952644199
120.05,23.05,151.7014,SSP2-4.5,2021-2040,11.076699999999988,35.9502,6.540899999999965,0.3913000000000011,0.7171999999999912,0.4690000000000003,15.394199999999998,36.5317625,26.580849999999998,0.8834500000000007,3.131262500000001,1.0267000000000002,16.285337499999997,-1.9106482068507795,-0.8751183382227424
120.05,23.1,160.5833,SSP2-4.5,2021-2040,6.925299999999993,36.4334,-18.903100000000222,0.1700000000000017,4.441400000000002,0.6155000000000008,15.148100000000001,36.9113125,18.6984875,0.6274125000000006,2.617237499999999,1.037925,16.8774,-1.9106482068507795,-0.811922557852951
120.05,23.15,161.5848,SSP2-4.5,2021-2040,7.465499999999992,35.439699999999995,-10.55659999999989,-0.0625,4.889700000000005,0.7603000000000009,15.253799999999998,36.9471125,18.484099999999955,0.46820000000000084,2.8023624999999983,1.0487125,16.81035,-1.9106482068507795,-0.748726777483164
120.05,23.5,152.7158,SSP2-4.5,2021-2040,-4.3274000000000115,37.3322,12.471299999999928,-0.6167000000000016,0.7621000000000038,1.7431,20.1019,37.37231250000001,28.215599999999924,0.4067499999999997,-0.3652999999999995,1.5094625000000002,19.232675,-1.9106482068507795,-0.3063563148946285
120.1,23.05,164.0755,SSP2-4.5,2021-2040,17.43520000000001,35.9049,35.817800000000034,0.9940999999999995,1.0931000000000068,0.7828000000000008,16.6404,36.5953625,32.4108875,1.0257250000000009,2.8362124999999976,1.0805875,16.236537499999997,-1.8049543667695582,-0.8751183382227424
120.1,23.1,164.0134,SSP2-4.5,2021-2040,13.189600000000013,37.0241,4.1077999999999975,0.769400000000001,4.953499999999991,0.7447999999999997,16.8981,36.78505,21.900849999999963,0.7764375000000006,2.6038750000000004,1.0336125000000003,16.526199999999996,-1.8049543667695582,-0.811922557852951
120.1,23.15,162.4066,SSP2-4.5,2021-2040,13.747199999999992,38.23610000000001,7.983099999999922,0.29150000000000276,4.636199999999995,1.5724,17.446199999999997,36.9322375,17.140500000000003,0.6953000000000005,2.734487500000001,0.999775,17.0310125,-1.8049543667695582,-0.748726777483164
120.1,23.2,171.3221,SSP2-4.5,2021-2040,6.182899999999989,37.07990000000001,38.10370000000012,-0.049099999999999255,1.3034000000000034,1.2085999999999988,17.069200000000002,37.1522875,20.25162499999999,0.51275,3.3398749999999975,1.1930999999999998,17.463237499999998,-1.8049543667695582,-0.6855309971133726
120.1,23.25,167.5961,SSP2-4.5,2021-2040,2.6425999999999874,36.4075,48.881399999999985,0.046700000000001296,3.1137999999999977,1.4620999999999995,16.698100000000004,37.4120125,27.39976249999998,0.38985000000000003,2.106237499999999,1.2096874999999998,17.690624999999997,-1.8049543667695582,-0.6223352167435812
120.1,23.3,161.8927,SSP2-4.5,2021-2040,-0.07630000000000337,36.3078,47.50319999999988,-0.1302000000000021,0.4930999999999983,1.6103000000000005,16.5519,37.31122500000001,32.807874999999996,0.33183750000000023,1.8941874999999975,1.2747749999999995,17.42115,-1.8049543667695582,-0.5591394363737897
120.1,23.35,160.5993,SSP2-4.5,2021-2040,-3.2486000000000104,37.650800000000004,31.34629999999993,-0.4679000000000002,-2.2793000000000063,1.4103000000000003,16.9346,37.22245,31.53563749999998,0.4571000000000005,1.9099249999999968,1.417875,17.756,-1.8049543667695582,-0.4959436560039983
120.1,23.55,158.8799,SSP2-4.5,2021-2040,-7.1285000000000025,37.36149999999999,27.426199999999994,-0.2001000000000026,-1.5741000000000014,1.5207000000000006,19.9615,37.129425,36.73909999999994,0.5417374999999995,-1.4887875000000026,1.4420124999999997,19.5894125,-1.8049543667695582,-0.24316053452483705
120.1,23.65,147.0171,SSP2-4.5,2021-2040,-3.42410000000001,36.866299999999995,53.71519999999998,0.9000999999999983,-5.494800000000012,1.0758999999999999,18.221200000000003,36.3096625,45.22819999999997,0.8178749999999995,-1.2357750000000003,1.3174375,19.412725000000002,-1.8049543667695582,-0.11676897378525869
120.15,22.9,182.8242,SSP2-4.5,2021-2040,7.742199999999997,35.028600000000004,37.30230000000006,1.4024,3.4861999999999966,0.7276000000000007,15.334600000000002,36.864037499999995,51.4897,1.6273374999999999,3.719174999999999,1.0359874999999998,16.6360625,-1.699260526688307,-1.0647056793321166
120.15,22.95,183.9828,SSP2-4.5,2021-2040,10.896299999999997,34.920500000000004,43.63329999999996,1.5738999999999983,4.625899999999987,0.819,15.523100000000001,36.259025,59.12765000000002,1.6020625000000002,3.2607625000000002,1.2937500000000002,16.1834,-1.699260526688307,-1.0015098989623252
120.15,23.0,179.0614,SSP2-4.5,2021-2040,17.4649,35.440599999999996,65.2143000000001,1.6097000000000001,2.143100000000004,1.2033999999999994,15.7577,35.8129875,54.59265000000002,1.558475,3.075875,1.2881625000000003,15.937487500000001,-1.699260526688307,-0.9383141185925338
120.15,23.05,168.845,SSP2-4.5,2021-2040,26.443399999999997,36.66049999999999,86.73350000000005,1.7424999999999997,1.7086000000000041,1.3034,16.0096,36.5662375,39.92576250000002,1.3818875,2.7836374999999993,1.2564625,16.530275,-1.699260526688307,-0.8751183382227424
120.15,23.1,171.8789,SSP2-4.5,2021-2040,17.985600000000005,37.114799999999995,42.25,1.552900000000001,1.1844999999999999,1.2309999999999999,17.1288,37.32145,33.106150000000014,1.1249125000000002,3.1187499999999995,1.2114124999999998,17.2105875,-1.699260526688307,-0.811922557852951
120.15,23.15,172.6805,SSP2-4.5,2021-2040,10.349199999999996,38.5408,25.341199999999844,1.1316999999999986,2.1602999999999994,1.5344999999999995,19.1885,37.753800000000005,18.230325000000022,0.854950000000001,3.2355625000000003,1.1948124999999998,17.7555375,-1.699260526688307,-0.748726777483164
120.15,23.2,173.6379,SSP2-4.5,2021-2040,8.196799999999996,37.9203,20.963200000000143,1.0559000000000012,1.8500000000000014,1.1206999999999994,18.9212,37.8209375,19.00031249999998,0.6609250000000002,3.5058000000000007,1.2594874999999996,18.1618,-1.699260526688307,-0.6855309971133726
120.15,23.25,176.7822,SSP2-4.5,2021-2040,3.1817000000000064,37.342000000000006,17.78970000000004,0.9994999999999976,4.622399999999992,0.7396999999999991,18.7481,37.1959,27.474699999999984,0.4545750000000002,2.678225000000001,1.24375,17.773799999999998,-1.699260526688307,-0.6223352167435812
120.15,23.3,164.996,SSP2-4.5,2021-2040,1.1546999999999912,37.034400000000005,42.94899999999984,0.33940000000000126,3.056899999999999,1.2637999999999998,17.1288,37.1955875,28.360500000000002,0.3916249999999999,2.0239249999999975,1.2155125,17.6649125,-1.699260526688307,-0.5591394363737897
120.15,23.35,166.8912,SSP2-4.5,2021-2040,-0.44419999999999504,38.4906,40.2664000000002,0.3755000000000024,0.30519999999999925,1.303399999999999,17.6077,37.0959625,22.395112499999954,0.47081249999999963,2.1476374999999965,1.3385625,17.67595,-1.699260526688307,-0.4959436560039983
120.15,23.4,167.3857,SSP2-4.5,2021-2040,-1.395700000000005,37.7453,27.21889999999985,0.9437999999999995,1.0534999999999997,1.7103000000000002,17.275000000000002,37.482974999999996,23.50551249999998,0.5061750000000007,1.825012499999998,1.33555,18.3555125,-1.699260526688307,-0.43274787563421135
120.15,23.45,169.7463,SSP2-4.5,2021-2040,-5.496399999999994,37.688,13.326499999999896,0.3777000000000008,0.3447999999999922,1.4033999999999995,19.6115,37.816024999999996,25.660949999999957,0.7610625,1.2157375000000004,1.4450249999999998,19.005025,-1.699260526688307,-0.3695520952644199
120.15,23.5,182.3152,SSP2-4.5,2021-2040,-15.532299999999992,37.735099999999996,7.7047999999999774,0.4176000000000002,0.5138000000000034,1.7740999999999998,19.8442,37.5847375,33.6549499999999,0.6444749999999999,-0.35086250000000074,1.4732625000000001,19.823774999999998,-1.699260526688307,-0.3063563148946285
120.15,23.55,169.2276,SSP2-4.5,2021-2040,-13.948800000000006,37.0009,34.18199999999979,0.30519999999999925,-2.582800000000006,1.5793,19.434600000000003,37.2701,39.132787499999964,0.7014125,-0.9691749999999999,1.4189625000000001,19.93845,-1.699260526688307,-0.24316053452483705
120.15,23.6,154.9187,SSP2-4.5,2021-2040,-7.009600000000006,35.8082,62.58540000000005,0.8250999999999991,-2.122399999999999,1.3017000000000003,18.792299999999997,36.871125,43.25341249999994,0.6911375,-1.6564625000000017,1.2894375,19.6514375,-1.699260526688307,-0.17996475415504562
120.15,23.65,152.2337,SSP2-4.5,2021-2040,-5.195600000000013,36.266200000000005,66.69079999999997,1.463799999999999,-0.8585999999999956,1.0654999999999992,19.465400000000002,36.302499999999995,44.13407499999995,0.9570499999999997,-1.595900000000002,1.2062500000000003,19.1247625,-1.699260526688307,-0.11676897378525869
120.15,23.7,159.0972,SSP2-4.5,2021-2040,-5.332999999999998,36.3175,53.16840000000002,1.5131999999999977,-3.4483000000000033,1.4241000000000001,18.450000000000003,36.2209125,45.00222500000001,1.0861124999999996,-0.8997624999999996,1.0685375,19.4817375,-1.699260526688307,-0.053573193415467256
120.15,23.75,155.5938,SSP2-4.5,2021-2040,-9.045899999999989,35.8175,32.09620000000007,0.8868000000000009,-0.02240000000000464,1.1741000000000001,20.3038,35.9995375,33.2702125,1.1189749999999994,-0.5111999999999988,1.0538874999999999,20.1329375,-1.699260526688307,0.009622586954324176
120.15,23.8,149.9186,SSP2-4.5,2021-2040,-8.562700000000007,34.919000000000004,16.695100000000025,0.8807999999999971,0.0016999999999995907,0.9447999999999999,21.411499999999997,35.6175125,17.304762499999995,0.9247625000000004,-1.222412499999999,1.1497875,20.5177875,-1.699260526688307,0.0728183673241156
120.2,22.8,197.0965,SSP2-4.5,2021-2040,3.364200000000011,39.677800000000005,38.86380000000008,1.2715999999999994,3.6620999999999952,0.5362000000000009,17.886499999999998,39.1871125,38.394750000000016,1.2271500000000004,3.8036624999999997,0.9452624999999999,18.04135,-1.5935666866070857,-1.191097240071695
120.2,22.85,199.0056,SSP2-4.5,2021-2040,3.712600000000009,38.8957,34.45349999999985,1.572700000000001,4.700000000000003,0.4585999999999997,17.3385,37.619825,43.31231250000005,1.3769875000000003,3.466812499999997,0.9247875,17.1596,-1.5935666866070857,-1.1279014597019037
120.2,22.9,190.9749,SSP2-4.5,2021-2040,9.677700000000016,37.373799999999996,31.782000000000153,1.3352000000000004,4.979299999999995,1.355199999999999,16.9135,36.904812500000006,50.579924999999974,1.7504374999999999,3.871112499999998,0.993325,16.7252375,-1.5935666866070857,-1.0647056793321166
120.2,22.95,197.0414,SSP2-4.5,2021-2040,10.945699999999988,34.89189999999999,55.20129999999995,1.1781000000000006,3.6000000000000014,1.4069000000000003,15.401900000000001,36.371525,54.795987500000024,1.7234500000000001,3.531249999999999,1.2732875000000001,16.3144125,-1.5935666866070857,-1.0015098989623252
120.2,23.0,195.1873,SSP2-4.5,2021-2040,10.787200000000013,35.6624,49.04419999999982,1.5805000000000007,4.3414,2.032800000000001,15.544200000000002,36.334337500000004,62.33695000000003,1.7088124999999996,2.9030250000000004,1.3892250000000002,16.1492625,-1.5935666866070857,-0.9383141185925338
120.2,23.05,177.4156,SSP2-4.5,2021-2040,19.310399999999987,35.9032,65.3606000000002,1.6784999999999997,2.9051999999999936,1.5051999999999994,16.1096,37.0792375,48.13915,1.6340000000000003,2.4554000000000027,1.386625,16.657424999999996,-1.5935666866070857,-0.8751183382227424
120.2,23.1,182.2399,SSP2-4.5,2021-2040,14.926400000000001,37.418800000000005,31.091300000000047,1.4315999999999995,2.913800000000002,0.8741000000000003,17.1615,37.7766125,36.30936249999999,1.3465125000000002,2.252150000000001,1.3695999999999997,17.5444625,-1.5935666866070857,-0.811922557852951
120.2,23.15,197.3576,SSP2-4.5,2021-2040,0.7315000000000111,38.883199999999995,8.413900000000012,0.9600000000000009,4.5793000000000035,1.3740999999999994,18.2308,37.978787499999996,19.593849999999975,1.0889625000000005,2.3096875000000017,1.2887874999999998,18.316587499999997,-1.5935666866070857,-0.748726777483164
120.2,23.2,193.4613,SSP2-4.5,2021-2040,-1.5827999999999918,38.3532,-7.070400000000063,0.8274000000000008,4.463800000000006,1.4328000000000003,19.188499999999998,37.854425,12.998137499999984,0.8756499999999998,2.7040750000000005,1.2512874999999997,18.727899999999998,-1.5935666866070857,-0.6855309971133726
120.2,23.25,181.3037,SSP2-4.5,2021-2040,0.40390000000002146,37.7248,12.55989999999997,1.079699999999999,3.1672000000000082,0.7517000000000005,18.724999999999998,37.2596,8.119299999999981,0.6378875000000002,3.2424624999999976,1.3051874999999997,18.597849999999998,-1.5935666866070857,-0.6223352167435812
120.2,23.3,176.4082,SSP2-4.5,2021-2040,-8.296300000000002,36.7393,15.907600000000002,0.4667999999999992,3.9775999999999954,1.0999999999999996,17.9077,37.2415375,9.298262499999993,0.6797125000000004,2.8398749999999984,1.17845,18.42765,-1.5935666866070857,-0.5591394363737897
120.2,23.35,181.8558,SSP2-4.5,2021-2040,-8.853699999999975,36.9019,12.629500000000007,0.7629000000000019,2.791399999999996,1.3466000000000005,18.1462,37.3537,14.089699999999993,0.6651125000000002,2.852174999999998,1.3058125,18.3786,-1.5935666866070857,-0.4959436560039983
120.2,23.4,177.111,SSP2-4.5,2021-2040,-3.5718999999999994,37.20409999999999,19.510200000000168,0.940999999999999,4.120699999999992,1.2431,19.028799999999997,37.6911125,15.33292499999996,0.7619125000000002,2.1976375,1.3437375,18.6757125,-1.5935666866070857,-0.43274787563421135
120.2,23.45,179.4661,SSP2-4.5,2021-2040,-7.321300000000008,37.031,13.988999999999805,0.8823000000000008,3.613800000000005,1.4948000000000006,18.5865,38.0387875,21.923874999999953,0.8533749999999998,1.690525000000001,1.4364124999999999,19.5579125,-1.5935666866070857,-0.3695520952644199
120.2,23.5,174.421,SSP2-4.5,2021-2040,-4.565100000000001,38.696200000000005,43.30659999999989,1.2192000000000007,-0.15689999999999316,1.2069,20.319200000000002,37.9206875,22.80856249999991,0.6670625000000001,0.5657249999999987,1.5560249999999998,19.961762500000003,-1.5935666866070857,-0.3063563148946285
120.2,23.55,178.3221,SSP2-4.5,2021-2040,-11.5094,38.3385,43.2367999999999,0.6611000000000011,-2.4724000000000075,1.5930999999999997,21.2442,37.3974,34.522162499999936,0.7158750000000005,-0.5349249999999994,1.4306,19.8627375,-1.5935666866070857,-0.24316053452483705
120.2,23.6,175.7264,SSP2-4.5,2021-2040,-14.548500000000018,35.7617,42.37909999999988,0.6212000000000018,-1.189700000000002,1.2207000000000008,19.4923,36.946775,40.436824999999956,0.7993250000000005,-0.6441750000000006,1.332325,19.8613,-1.5935666866070857,-0.17996475415504562
120.2,23.65,157.1646,SSP2-4.5,2021-2040,-6.893500000000017,36.1438,43.297500000000014,1.1278000000000006,1.9121000000000095,1.2534,19.4019,36.407450000000004,43.982437499999975,1.0629875000000002,-0.5441749999999992,1.0683250000000002,19.434625,-1.5935666866070857,-0.11676897378525869
120.2,23.7,156.8797,SSP2-4.5,2021-2040,-4.692000000000007,35.92850000000001,45.075199999999995,1.605599999999999,-1.6965000000000003,0.6052,19.0327,36.2298,36.21958749999999,1.0559375000000002,0.3405250000000013,1.15905,19.848325000000003,-1.5935666866070857,-0.053573193415467256
120.2,23.75,158.5914,SSP2-4.5,2021-2040,-8.266400000000004,35.5825,28.3664,0.8128999999999991,-3.0138000000000034,1.3396999999999997,20.5558,36.0123,24.619225,1.0603124999999998,-0.4463249999999981,1.0403,20.38245,-1.5935666866070857,0.009622586954324176
120.2,23.8,159.4839,SSP2-4.5,2021-2040,-10.206700000000012,35.864799999999995,8.698200000000043,0.7907000000000011,-1.3740999999999985,1.2259000000000002,21.7115,35.452175,14.67168749999999,0.8612125000000002,-0.43276249999999905,1.0775875,20.7463875,-1.5935666866070857,0.0728183673241156
120.2,23.85,150.5228,SSP2-4.5,2021-2040,-8.787599999999998,34.51199999999999,3.234199999999987,0.7972999999999999,-0.5896999999999935,0.8396999999999997,20.6865,34.9630625,8.392749999999992,0.949525,-1.465724999999999,1.1025875,20.443275,-1.5935666866070857,0.13601414769390704
120.25,22.6,206.2164,SSP2-4.5,2021-2040,-3.588799999999992,42.672399999999996,0.598299999999881,1.1308000000000007,5.946600000000004,1.9292999999999996,18.475,40.3420625,-13.320075000000003,0.9553750000000001,5.448712500000001,2.2381374999999997,17.779562499999997,-1.4878728465258642,-1.4438803615508562
120.25,22.65,214.8677,SSP2-4.5,2021-2040,-1.1465000000000032,40.8034,19.754400000000032,1.5015999999999998,6.193100000000001,1.7792999999999992,19.2019,40.7039,-3.3107625000000382,0.9796874999999998,5.054325000000001,1.863575,18.493275,-1.4878728465258642,-1.3806845811810693
120.25,22.7,222.8883,SSP2-4.5,2021-2040,-2.3592999999999904,39.442299999999996,37.93470000000002,1.098200000000002,2.5896999999999935,1.3534000000000006,18.7712,40.468575,14.737712499999986,1.1188624999999996,4.963150000000003,1.4008625,18.851437500000003,-1.4878728465258642,-1.317488800811278
120.25,22.75,220.3806,SSP2-4.5,2021-2040,1.4105000000000132,40.36,37.916999999999916,0.9612000000000016,3.715500000000006,1.0121000000000002,18.7462,40.210674999999995,31.86317500000004,1.2198250000000002,3.9569124999999987,1.1249875000000003,18.7858,-1.4878728465258642,-1.2542930204414864
120.25,22.8,217.3803,SSP2-4.5,2021-2040,1.0,40.0002,44.82120000000009,1.0579,1.2275999999999954,0.8361999999999998,17.903799999999997,39.406625,39.1457125,1.2881875000000003,3.9808250000000003,1.0129375,18.2488,-1.4878728465258642,-1.191097240071695
120.25,22.85,205.1626,SSP2-4.5,2021-2040,3.061700000000002,38.3754,33.88959999999997,1.7809999999999988,3.877600000000001,0.7241,17.6481,38.780300000000004,41.645237500000036,1.4226750000000004,3.662062499999996,0.9644499999999998,17.8776375,-1.4878728465258642,-1.1279014597019037
120.25,22.9,205.1656,SSP2-4.5,2021-2040,5.919799999999981,37.749399999999994,55.359300000000076,1.836500000000001,3.167199999999994,0.8499999999999996,18.0519,37.5353,51.87553749999998,1.7607,4.195687499999999,1.2053999999999998,17.210812500000003,-1.4878728465258642,-1.0647056793321166
120.25,22.95,208.7716,SSP2-4.5,2021-2040,7.7964999999999804,37.26500000000001,92.38429999999994,2.131599999999999,2.6603000000000065,1.4707000000000008,16.4538,37.1914125,52.7846375,1.9330000000000003,3.7497874999999983,1.5551875,17.4288375,-1.4878728465258642,-1.0015098989623252
120.25,23.0,207.0415,SSP2-4.5,2021-2040,5.646599999999978,37.5319,63.64820000000009,2.317800000000002,2.8466000000000093,1.7276000000000007,16.9365,37.093787500000005,48.321462499999996,1.6947749999999995,3.2771624999999984,1.7338500000000001,17.4007,-1.4878728465258642,-0.9383141185925338
120.25,23.05,201.4759,SSP2-4.5,2021-2040,4.7649000000000115,38.0611,26.520099999999957,1.438399999999998,2.734499999999997,1.6776,17.0019,37.7779375,34.28765000000001,1.6156500000000005,2.7942,1.5956875,18.000700000000002,-1.4878728465258642,-0.8751183382227424
120.25,23.1,193.5872,SSP2-4.5,2021-2040,3.4932000000000016,38.74380000000001,20.611599999999953,1.3986000000000018,1.770700000000005,1.043099999999999,17.7192,38.0941375,21.49346250000002,1.2622625000000003,2.8271625,1.4631374999999998,18.196624999999997,-1.4878728465258642,-0.811922557852951
120.25,23.15,192.8901,SSP2-4.5,2021-2040,4.1422000000000025,38.305499999999995,15.243999999999915,0.8695000000000022,0.9741000000000071,1.2879000000000005,18.9673,37.979075,15.231537499999973,1.0942875000000005,3.1034500000000014,1.3784374999999995,18.370675,-1.4878728465258642,-0.748726777483164
120.25,23.2,198.0553,SSP2-4.5,2021-2040,-3.985500000000002,37.433099999999996,8.319899999999961,0.44409999999999883,3.1602999999999923,1.7861999999999991,18.2577,37.46295,11.528149999999982,0.8491750000000007,2.4004250000000047,1.3974,18.650975,-1.4878728465258642,-0.6855309971133726
120.25,23.25,200.0552,SSP2-4.5,2021-2040,-6.664600000000007,36.6857,-4.64670000000001,0.4648000000000003,1.1189999999999998,1.4154999999999998,18.784599999999998,36.782762500000004,-2.676649999999995,0.5518125,3.2655125,1.5120749999999998,18.7858375,-1.4878728465258642,-0.6223352167435812
120.25,23.3,181.8647,SSP2-4.5,2021-2040,-7.03309999999999,36.568799999999996,-29.257900000000063,0.5052000000000021,3.689699999999995,1.5828000000000007,19.846200000000003,36.66748749999999,-7.521074999999968,0.5680999999999998,2.825424999999999,1.33405,18.5541,-1.4878728465258642,-0.5591394363737897
120.25,23.35,175.3702,SSP2-4.5,2021-2040,-3.5751000000000204,37.184099999999994,-17.903800000000047,0.9106999999999985,3.9671999999999983,1.0241000000000007,18.4346,36.836375,-7.219349999999935,0.6547750000000003,3.5372999999999974,1.3396750000000002,19.050737499999997,-1.4878728465258642,-0.4959436560039983
120.25,23.4,177.6964,SSP2-4.5,2021-2040,-1.5704000000000065,37.86300000000001,14.027199999999993,0.8384999999999998,2.6466000000000065,1.2190000000000003,19.799999999999997,37.424949999999995,4.000462500000026,0.8491249999999999,3.2991374999999996,1.3041,19.02115,-1.4878728465258642,-0.43274787563421135
120.25,23.45,174.0829,SSP2-4.5,2021-2040,-2.1180999999999983,38.625,19.109699999999975,1.003899999999998,2.8586000000000027,1.2482999999999995,19.944200000000002,37.999674999999996,20.23917499999999,0.9165749999999999,2.9323375000000027,1.42005,19.73605,-1.4878728465258642,-0.3695520952644199
120.25,23.5,175.4561,SSP2-4.5,2021-2040,-4.883199999999988,38.7536,31.187099999999873,1.0853000000000002,2.143100000000004,1.6861999999999995,20.6404,38.156175,25.442824999999942,0.8099125000000003,1.4765125000000001,1.5306124999999997,20.027875,-1.4878728465258642,-0.3063563148946285
120.25,23.55,180.6196,SSP2-4.5,2021-2040,-13.727900000000005,38.1934,19.732600000000048,0.6034000000000006,0.106899999999996,1.6689999999999996,20.3885,37.633925,36.723687499999926,0.8378250000000009,0.5452500000000002,1.437075,20.234125,-1.4878728465258642,-0.24316053452483705
120.25,23.6,176.2028,SSP2-4.5,2021-2040,-13.960000000000008,37.2301,35.099699999999984,0.6500000000000021,-0.9913999999999987,1.0069,19.9904,37.002475,35.15926249999997,0.8034500000000011,0.5170374999999989,1.4260875,20.18245,-1.4878728465258642,-0.17996475415504562
120.25,23.65,168.6701,SSP2-4.5,2021-2040,-13.739800000000002,36.5931,18.669799999999896,0.7582000000000022,1.8551999999999964,1.1897000000000002,20.173099999999998,36.6212625,40.3808375,0.9912000000000005,0.6342750000000024,1.0993625,20.0877375,-1.4878728465258642,-0.11676897378525869
120.25,23.7,176.4131,SSP2-4.5,2021-2040,-13.167699999999996,37.3543,28.191100000000006,1.0668000000000006,4.098300000000009,0.7328000000000001,20.0808,36.343362500000005,33.598787499999986,1.011025,0.4638125000000004,1.1519499999999998,20.5622625,-1.4878728465258642,-0.053573193415467256
120.25,23.75,176.3085,SSP2-4.5,2021-2040,-15.77600000000001,35.7635,19.276499999999942,0.8180000000000014,2.2017000000000024,1.0930999999999997,20.355800000000002,36.3260375,26.266649999999984,1.02615,-0.4282124999999981,1.0541125,21.006725,-1.4878728465258642,0.009622586954324176
120.25,23.8,169.3849,SSP2-4.5,2021-2040,-10.036999999999978,36.133300000000006,-6.246900000000096,0.9206000000000003,-3.330999999999989,1.1223999999999998,21.713500000000003,35.4697,17.64484999999999,0.9235625000000005,-0.3875000000000002,1.1211375000000001,20.7286,-1.4878728465258642,0.0728183673241156
120.25,23.85,157.8286,SSP2-4.5,2021-2040,-8.684300000000007,34.94899999999999,-0.15489999999999782,0.8586000000000027,-0.20170000000000243,0.9793000000000003,20.3654,34.9904,11.176849999999973,0.9660875000000004,-1.1596999999999973,1.0603500000000001,20.24735,-1.4878728465258642,0.13601414769390704
120.25,23.9,148.1982,SSP2-4.5,2021-2040,-6.670900000000017,34.3261,-7.612700000000018,0.8812999999999995,-0.520700000000005,0.9586000000000006,19.5481,34.422475000000006,6.832587499999988,0.9126500000000011,-0.9693999999999976,0.9245749999999999,19.737750000000002,-1.4878728465258642,0.19920992806369398
120.3,22.5,208.2381,SSP2-4.5,2021-2040,-10.19319999999999,39.85900000000001,-25.641200000000026,1.2886999999999986,8.017200000000003,2.0379000000000005,15.6327,39.8896125,-28.646787500000016,1.0656250000000007,7.235787500000001,2.2411624999999997,16.274025,-1.3821790064446429,-1.570271922290439
120.3,22.55,225.1234,SSP2-4.5,2021-2040,-10.319099999999992,40.209,-15.879400000000032,1.1457000000000015,6.5741000000000085,2.503399999999999,16.424999999999997,40.17003749999999,-27.465750000000014,1.0307875000000002,6.888800000000002,2.1875,16.634124999999997,-1.3821790064446429,-1.5070761419206478
120.3,22.6,230.9354,SSP2-4.5,2021-2040,-1.8461999999999819,41.585899999999995,5.022899999999936,1.4361999999999995,6.701700000000002,2.8396999999999997,17.7288,40.53335,-18.94376250000002,0.9556749999999998,5.726737500000002,2.0622749999999996,17.898312500000003,-1.3821790064446429,-1.4438803615508562
120.3,22.65,240.0305,SSP2-4.5,2021-2040,-9.925999999999988,41.004099999999994,7.140599999999949,0.9751999999999974,4.7224000000000075,1.9138000000000002,19.025,40.504324999999994,-11.28966250000002,0.9989874999999997,5.6625125,1.9568874999999997,18.6197125,-1.3821790064446429,-1.3806845811810693
120.3,22.7,248.9375,SSP2-4.5,2021-2040,-13.207799999999992,39.88609999999999,-2.630200000000059,1.4059999999999988,5.569000000000003,0.8568999999999996,18.975,40.2701625,11.9341,1.0408624999999998,4.750437500000002,1.5881375000000002,19.151200000000003,-1.3821790064446429,-1.317488800811278
120.3,22.75,241.4981,SSP2-4.5,2021-2040,0.9235999999999933,40.058299999999996,48.8284000000001,1.3290000000000006,5.220700000000008,0.9862000000000002,18.9038,39.990287499999994,23.824362500000007,1.1020750000000001,3.920912499999999,1.3500000000000003,18.901450000000004,-1.3821790064446429,-1.2542930204414864
120.3,22.8,228.2381,SSP2-4.5,2021-2040,-1.6084999999999923,40.572,26.18730000000005,0.6269999999999989,2.974099999999993,1.2276000000000007,18.7404,39.115962499999995,41.85683750000001,1.4208875000000005,3.5808375000000003,1.2174625000000001,18.172587500000002,-1.3821790064446429,-1.191097240071695
120.3,22.85,215.0137,SSP2-4.5,2021-2040,13.85560000000001,37.8615,49.278999999999996,1.1532000000000018,3.734499999999997,0.9620999999999995,18.1365,38.2327375,36.414987500000024,1.6708124999999998,3.3588374999999964,1.30195,17.748075,-1.3821790064446429,-1.1279014597019037
120.3,22.9,209.3031,SSP2-4.5,2021-2040,13.859000000000009,38.11200000000001,52.41579999999999,2.5273000000000003,4.851699999999994,1.4896999999999991,18.049999999999997,37.2536625,36.623512500000004,1.9018249999999997,4.1454749999999985,1.2806125000000002,17.52475,-1.3821790064446429,-1.0647056793321166
120.3,22.95,218.45,SSP2-4.5,2021-2040,4.1092000000000155,37.507099999999994,65.59879999999998,2.4064999999999976,5.162099999999995,1.7759,17.7442,37.7722,28.307237500000014,2.1108875000000005,4.183825,1.4722000000000002,18.209125,-1.3821790064446429,-1.0015098989623252
120.3,23.0,219.9452,SSP2-4.5,2021-2040,-2.025499999999994,38.702799999999996,49.227499999999964,2.2821,1.0499999999999972,1.8034,20.7885,37.9756625,12.697075000000012,1.7826,4.81315,1.7030250000000005,18.041562499999998,-1.3821790064446429,-0.9383141185925338
120.3,23.05,227.2896,SSP2-4.5,2021-2040,-8.494699999999995,38.756800000000005,-16.765099999999848,0.8625000000000007,3.7637999999999963,2.1982999999999997,20.1615,38.318425000000005,11.799724999999967,1.7019125000000006,3.7967750000000002,1.6232625,18.209125,-1.3821790064446429,-0.8751183382227424
120.3,23.1,210.2699,SSP2-4.5,2021-2040,-0.6017999999999972,39.5038,12.082899999999881,1.3735999999999997,2.7620999999999967,1.5809999999999995,19.5846,37.9141625,11.507000000000005,1.3411875000000006,3.321550000000001,1.5903,18.00865,-1.3821790064446429,-0.811922557852951
120.3,23.15,200.9192,SSP2-4.5,2021-2040,3.3145000000000095,37.9207,30.0,1.4840000000000018,1.9845000000000041,1.2068999999999992,18.3558,37.4762125,17.208762499999978,1.1522000000000006,2.9709000000000003,1.6374874999999998,18.087737500000003,-1.3821790064446429,-0.748726777483164
120.3,23.2,201.7078,SSP2-4.5,2021-2040,1.0889999999999986,35.576,18.403099999999995,0.8350000000000009,3.193100000000001,1.7293000000000003,18.4673,36.94432499999999,14.98512500000001,0.8395750000000004,1.988150000000001,1.7575249999999998,18.1915875,-1.3821790064446429,-0.6855309971133726
120.3,23.25,203.524,SSP2-4.5,2021-2040,-6.0142999999999915,36.25449999999999,19.32140000000004,0.2729999999999997,-0.2775999999999925,1.9809999999999999,18.4885,36.172399999999996,-6.4474625,0.5380750000000001,2.8581999999999974,1.9081874999999997,18.612975,-1.3821790064446429,-0.6223352167435812
120.3,23.3,183.7246,SSP2-4.5,2021-2040,-2.8308000000000106,35.61240000000001,-59.5967999999998,-0.01670000000000016,4.749999999999993,1.7327999999999992,19.4058,36.08257499999999,-7.32627500000001,0.5829374999999999,2.374349999999999,1.8321,18.6024,-1.3821790064446429,-0.5591394363737897
120.3,23.35,177.6045,SSP2-4.5,2021-2040,-5.038499999999999,36.237199999999994,-38.4396999999999,0.6036000000000001,3.1085999999999956,1.3207000000000004,18.540399999999998,36.3841375,-9.81389999999999,0.6455000000000002,3.2021499999999996,1.61165,19.26755,-1.3821790064446429,-0.4959436560039983
120.3,23.4,171.67,SSP2-4.5,2021-2040,-1.2329999999999757,37.564299999999996,7.46510000000012,1.1369000000000007,3.213800000000006,1.1724000000000006,19.7308,37.0809125,-2.3641999999999825,0.7060749999999998,2.63145,1.54225,19.3312375,-1.3821790064446429,-0.43274787563421135
120.3,23.45,181.7201,SSP2-4.5,2021-2040,-5.3755999999999915,38.652,15.64370000000008,0.5517000000000003,2.719000000000001,1.5827999999999989,19.7577,37.502050000000004,10.44161249999999,0.8183999999999996,3.0204625000000025,1.5597124999999998,19.7663375,-1.3821790064446429,-0.3695520952644199
120.3,23.5,190.8068,SSP2-4.5,2021-2040,-12.444299999999998,38.2332,16.78449999999998,0.677699999999998,5.1586,1.7552000000000003,20.025,37.461425000000006,19.147524999999973,0.8103374999999997,2.3362000000000007,1.7443999999999997,19.59375,-1.3821790064446429,-0.3063563148946285
120.3,23.55,178.1936,SSP2-4.5,2021-2040,-11.4469,37.4801,31.739699999999857,0.8800000000000026,-0.015500000000002956,1.6947999999999999,19.9577,37.0868,32.27031249999999,0.8894500000000001,2.9721875000000013,1.650225,19.5771625,-1.3821790064446429,-0.24316053452483705
120.3,23.6,169.0598,SSP2-4.5,2021-2040,-9.427300000000002,36.577999999999996,50.05600000000004,0.908100000000001,1.8862000000000023,1.3327999999999998,20.2038,36.9729625,33.1049625,0.8897000000000008,1.8984999999999994,1.5390125000000001,19.7812625,-1.3821790064446429,-0.17996475415504562
120.3,23.65,174.8116,SSP2-4.5,2021-2040,-15.007900000000006,36.931200000000004,32.16260000000011,0.867799999999999,2.0534999999999997,1.4551999999999996,20.598100000000002,36.9904875,40.94921249999999,0.9515125000000006,1.8047375000000017,1.29915,20.2838875,-1.3821790064446429,-0.11676897378525869
120.3,23.7,183.594,SSP2-4.5,2021-2040,-15.661599999999993,37.0425,46.785499999999956,1.0823,-0.9983000000000004,1.1879,21.901899999999998,36.77890000000001,32.090575,0.8386,1.8911750000000014,1.2256624999999999,20.6613,-1.3821790064446429,-0.053573193415467256
120.3,23.75,182.2375,SSP2-4.5,2021-2040,-16.859100000000012,36.7618,35.156799999999976,1.0155999999999992,1.3965999999999994,1.0914000000000001,22.4788,36.4658,30.670199999999966,0.8531999999999997,0.6293125000000019,1.1487125,20.8485625,-1.3821790064446429,0.009622586954324176
120.3,23.8,182.4818,SSP2-4.5,2021-2040,-15.084499999999991,35.940599999999996,24.106899999999996,0.9146999999999998,1.4930999999999983,1.1276000000000002,20.5788,35.708875000000006,23.08269999999996,0.9000375000000007,-0.6014999999999997,1.1036625,20.6093875,-1.3821790064446429,0.0728183673241156
120.3,23.85,168.7682,SSP2-4.5,2021-2040,-9.953900000000004,34.383399999999995,22.474699999999984,1.380700000000001,-3.0121000000000038,1.2724000000000002,19.096200000000003,34.9973375,12.55486249999997,0.8657250000000003,-0.3881375,0.9614250000000001,20.0742875,-1.3821790064446429,0.13601414769390704
120.3,23.9,154.9006,SSP2-4.5,2021-2040,-4.225500000000011,33.5464,4.9221,1.0705999999999989,-0.27409999999999,0.9775999999999998,19.144199999999998,34.4238125,6.825987500000011,0.8877750000000013,0.04891249999999836,0.8819000000000001,19.474525,-1.3821790064446429,0.19920992806369398
120.3,23.95,146.4972,SSP2-4.5,2021-2040,-4.447000000000003,32.8203,-16.44799999999998,0.7518000000000029,0.627600000000001,0.8689999999999998,18.3154,33.9597,-4.939212499999982,0.8433000000000002,0.3038749999999988,0.6629250000000001,19.430775,-1.3821790064446429,0.26240570843348543
120.3,24.0,144.2081,SSP2-4.5,2021-2040,-3.7329000000000008,33.4773,-21.68909999999994,0.5595999999999997,-0.04480000000000928,0.5016999999999996,19.598100000000002,33.9367,-12.317249999999973,0.8041875000000007,0.7642249999999997,0.4929000000000001,19.3831625,-1.3821790064446429,0.32560148880327683
120.35,22.35,196.0512,SSP2-4.5,2021-2040,-17.539199999999994,42.9577,-27.741999999999962,1.5562000000000005,14.560300000000005,1.7414000000000005,18.430799999999998,39.994275,10.66617500000001,1.4379875000000002,7.098274999999999,1.8775874999999997,16.3439875,-1.2764851663634216,-1.759859263399809
120.35,22.5,221.2971,SSP2-4.5,2021-2040,-18.864900000000006,38.27290000000001,-11.470100000000002,1.1216000000000008,7.9413999999999945,2.112099999999999,14.626900000000001,39.63535,-28.251412499999986,1.1915000000000004,7.6439625000000015,2.1629249999999995,16.090137499999997,-1.2764851663634216,-1.570271922290439
120.35,22.55,236.2247,SSP2-4.5,2021-2040,-17.044600000000003,39.0114,-48.06439999999998,0.6562000000000019,5.619,2.5121,14.8596,39.506012500000004,-37.66070000000002,1.1189375,7.643750000000002,2.1564625,16.218975,-1.2764851663634216,-1.5070761419206478
120.35,22.6,228.3469,SSP2-4.5,2021-2040,-8.885899999999992,40.3966,-53.74929999999995,0.4247000000000014,6.956899999999997,2.6602999999999994,17.1481,39.74991249999999,-43.29245,0.9358249999999995,6.286000000000003,2.1508624999999997,17.197575,-1.2764851663634216,-1.4438803615508562
120.35,22.65,238.678,SSP2-4.5,2021-2040,-8.832599999999985,40.2838,-58.7201,0.4051999999999971,4.2327999999999975,2.3430999999999997,19.076900000000002,39.874487499999994,-31.16398750000002,0.8836624999999989,6.140087500000002,2.0728500000000003,18.34735,-1.2764851663634216,-1.3806845811810693
120.35,22.7,246.6065,SSP2-4.5,2021-2040,-13.178600000000017,38.9641,-38.52800000000002,0.5891999999999982,7.110300000000002,1.8931000000000004,19.5808,40.078087499999995,-12.545037499999978,0.969362499999999,4.903462500000001,1.8075375000000002,18.8723375,-1.2764851663634216,-1.317488800811278
120.35,22.75,250.3008,SSP2-4.5,2021-2040,-3.0164000000000044,41.2453,41.14580000000001,1.4673000000000016,4.219000000000001,1.424100000000001,19.9038,39.3060375,-1.544924999999978,1.0866749999999992,4.7722,1.8773875000000002,18.4391875,-1.2764851663634216,-1.2542930204414864
120.35,22.8,246.0041,SSP2-4.5,2021-2040,0.6216000000000008,39.452299999999994,43.747100000000046,1.6098,3.9620999999999995,2.1966,18.590400000000002,37.88925,16.940225000000027,1.3756500000000003,3.9493624999999986,1.7140125000000002,17.300224999999998,-1.2764851663634216,-1.191097240071695
120.35,22.85,228.9874,SSP2-4.5,2021-2040,7.859999999999985,35.5747,35.22659999999996,2.0077,2.689699999999995,1.5983,15.5481,36.6828,14.357737499999985,1.6052875000000002,4.377587499999998,1.8623,16.875475,-1.2764851663634216,-1.1279014597019037
120.35,22.9,228.3372,SSP2-4.5,2021-2040,2.0423000000000116,36.0259,-0.3269999999999982,1.9192999999999998,4.120699999999999,1.4931,17.451900000000002,35.90975,2.857124999999968,1.8512,5.2937499999999975,1.7836375,16.5649,-1.2764851663634216,-1.0647056793321166
120.35,22.95,240.1659,SSP2-4.5,2021-2040,-12.989299999999986,37.6703,-38.4224999999999,1.9787999999999997,7.7517,1.3707000000000011,19.1635,36.835175,-10.823725000000053,1.9170250000000002,5.229949999999998,1.86035,17.43125,-1.2764851663634216,-1.0015098989623252
120.35,23.0,244.5636,SSP2-4.5,2021-2040,-17.027000000000015,39.1203,-47.82770000000005,1.8937000000000026,7.0223999999999975,1.5724,18.776899999999998,37.54257500000001,-19.85672500000001,1.5934874999999997,5.061849999999998,1.9297500000000003,18.1185125,-1.2764851663634216,-0.9383141185925338
120.35,23.05,239.9779,SSP2-4.5,2021-2040,-10.267300000000006,37.89280000000001,-43.55950000000007,1.2315000000000005,6.5638000000000005,1.8310000000000013,18.0942,38.0526375,-15.251287500000018,1.5148500000000005,4.378874999999997,1.9398625,18.5125,-1.2764851663634216,-0.8751183382227424
120.35,23.1,232.6515,SSP2-4.5,2021-2040,-7.0534999999999854,36.990899999999996,13.694700000000012,1.6796000000000006,5.6240999999999985,1.75,16.7712,37.6732,-7.087487500000009,1.3136375000000005,3.803449999999999,1.9737,18.2697,-1.2764851663634216,-0.811922557852951
120.35,23.15,235.644,SSP2-4.5,2021-2040,-10.027800000000013,36.64170000000001,46.31020000000012,1.7653999999999996,3.1569000000000003,1.7276000000000007,16.9981,36.9197125,-5.214725000000016,1.198712500000001,3.5211249999999996,2.0807999999999995,17.9935,-1.2764851663634216,-0.748726777483164
120.35,23.2,227.8857,SSP2-4.5,2021-2040,-5.095300000000009,36.61489999999999,3.0036999999999807,0.8518000000000008,3.1259000000000015,2.194799999999999,17.936500000000002,36.3188375,2.35216250000002,0.9437500000000005,2.4062500000000018,2.2532124999999996,17.860575,-1.2764851663634216,-0.6855309971133726
120.35,23.25,212.9953,SSP2-4.5,2021-2040,-6.518199999999979,35.698499999999996,2.3285000000000764,0.5640000000000001,2.6620999999999952,2.4603,17.7442,35.872699999999995,-10.918237500000004,0.6329124999999998,2.3691875000000016,2.347625,18.375237499999997,-1.2764851663634216,-0.6223352167435812
120.35,23.3,200.8874,SSP2-4.5,2021-2040,-5.2620000000000005,35.189800000000005,9.86649999999986,0.6563999999999979,1.1655000000000015,2.3637999999999995,18.4615,35.657687499999994,-7.547624999999982,0.6189999999999998,2.365075,2.4008624999999997,18.495912499999996,-1.2764851663634216,-0.5591394363737897
120.35,23.35,194.7958,SSP2-4.5,2021-2040,-4.743300000000005,34.842,0.12149999999996908,0.6858000000000004,3.560299999999998,2.5086000000000004,18.519199999999998,35.729025,-3.63900000000001,0.7455875000000001,1.953875,1.9666124999999997,19.0399,-1.2764851663634216,-0.4959436560039983
120.35,23.4,185.5828,SSP2-4.5,2021-2040,-4.863699999999994,36.24870000000001,-3.2329999999999472,0.44720000000000226,2.6240999999999985,1.2896999999999998,19.9423,36.1533375,4.516962500000005,0.8171750000000002,1.4346875000000008,2.0390125,19.1507125,-1.2764851663634216,-0.43274787563421135
120.35,23.45,185.7078,SSP2-4.5,2021-2040,-1.3585999999999956,36.99530000000001,-8.239199999999983,0.6071999999999989,-0.4328000000000003,2.144799999999999,19.7115,36.513949999999994,8.3104625,0.7438000000000002,2.3073250000000014,1.6911749999999999,19.3351,-1.2764851663634216,-0.3695520952644199
120.35,23.5,192.3627,SSP2-4.5,2021-2040,-7.597499999999997,35.73330000000001,6.4314999999999145,0.7504999999999988,5.951700000000002,1.9620999999999995,18.3365,36.461800000000004,15.761375000000015,0.7734874999999999,1.7392124999999998,1.8519374999999996,19.096162500000002,-1.2764851663634216,-0.3063563148946285
120.35,23.55,191.5476,SSP2-4.5,2021-2040,-9.633699999999976,35.2587,37.57510000000002,1.0006999999999984,5.358600000000003,1.967200000000001,18.0135,36.1101,27.82068749999999,0.9409750000000003,2.810125,1.6900875,18.879562500000002,-1.2764851663634216,-0.24316053452483705
120.35,23.6,171.1946,SSP2-4.5,2021-2040,-2.11760000000001,36.714099999999995,61.29600000000005,1.4399000000000015,4.163800000000002,1.822400000000001,19.019199999999998,35.837525,30.589862500000038,0.9708750000000004,2.4859999999999998,1.6314625,19.1454375,-1.2764851663634216,-0.17996475415504562
120.35,23.65,182.5119,SSP2-4.5,2021-2040,-10.814899999999994,37.383,28.564200000000028,0.9176000000000002,2.6569000000000003,1.506899999999999,20.1096,36.2299125,41.957212500000054,1.0387875000000002,2.183200000000001,1.5385750000000002,19.775475,-1.2764851663634216,-0.11676897378525869
120.35,23.7,187.8699,SSP2-4.5,2021-2040,-14.7029,37.028800000000004,58.93139999999994,0.7891999999999975,1.7672000000000025,1.6138000000000003,20.7923,36.438500000000005,31.081250000000068,0.8331999999999997,1.2825625,1.3805999999999998,20.212487499999998,-1.2764851663634216,-0.053573193415467256
120.35,23.75,178.4038,SSP2-4.5,2021-2040,-11.451699999999988,36.41550000000001,35.77220000000011,0.4756,-0.8999999999999986,1.1223999999999998,20.701900000000002,36.246925,34.108749999999986,0.7802249999999988,0.6739374999999992,1.2756500000000002,20.247825,-1.2764851663634216,0.009622586954324176
120.35,23.8,179.6057,SSP2-4.5,2021-2040,-12.5428,36.047900000000006,38.54489999999987,0.7583999999999982,0.7034999999999911,1.1897000000000002,20.6635,35.433324999999996,26.8984375,0.7741125000000002,-0.6288749999999999,1.1002125,19.6600875,-1.2764851663634216,0.0728183673241156
120.35,23.85,175.2072,SSP2-4.5,2021-2040,-6.02170000000001,35.21660000000001,39.83829999999989,0.972800000000003,-1.668999999999997,0.9585999999999997,19.5,34.5531375,19.268412499999982,0.7945500000000001,-0.6308125000000011,0.8704874999999999,19.36395,-1.2764851663634216,0.13601414769390704
120.35,23.9,162.5015,SSP2-4.5,2021-2040,-6.148899999999998,33.818799999999996,7.041200000000117,0.5488,0.6947999999999936,0.37760000000000016,19.080799999999996,33.9441875,10.276549999999986,0.8925000000000014,-0.22888749999999813,0.7575499999999998,19.06755,-1.2764851663634216,0.19920992806369398
120.35,23.95,156.0889,SSP2-4.5,2021-2040,-4.860199999999992,33.9357,-14.637599999999907,0.7935000000000016,2.979300000000002,0.5121000000000002,19.311500000000002,33.7588875,-7.111499999999992,0.7271750000000003,0.5767249999999988,0.4566874999999999,19.421875,-1.2764851663634216,0.26240570843348543
120.35,24.0,149.0506,SSP2-4.5,2021-2040,-1.755500000000012,34.4332,-26.37480000000005,0.8192000000000021,0.7569000000000017,0.2793000000000001,20.301900000000003,33.782925,-15.64456249999995,0.7014125000000004,1.0400874999999976,0.328025,19.4240375,-1.2764851663634216,0.32560148880327683
120.35,24.05,146.5864,SSP2-4.5,2021-2040,-2.9692000000000007,34.144,-30.344900000000052,0.7855000000000025,0.3138000000000005,-0.029300000000000104,19.334600000000002,33.75395,-22.219674999999967,0.7240125000000006,0.6463499999999973,0.318975,19.505762500000003,-1.2764851663634216,0.3887972691730683
120.4,22.5,207.384,SSP2-4.5,2021-2040,-15.174399999999991,38.4107,-12.069500000000062,1.3968999999999987,8.941399999999994,1.8775999999999993,15.351899999999999,39.37695000000001,-15.626912500000003,1.3744750000000003,7.477600000000002,1.87695,16.2389375,-1.1707913262821703,-1.570271922290439
120.4,22.55,229.0997,SSP2-4.5,2021-2040,-13.508900000000011,38.558,-93.56279999999992,1.2129000000000012,9.205200000000005,1.4947999999999997,15.5769,38.8754875,-32.17914999999999,1.1803750000000002,7.4090625,2.1256625,16.178362500000002,-1.1707913262821703,-1.5070761419206478
120.4,22.6,239.1591,SSP2-4.5,2021-2040,-6.303300000000007,38.75599999999999,-93.9362000000001,0.9247999999999976,6.812100000000008,1.725900000000001,17.261499999999998,39.0814875,-50.08831249999997,0.8862749999999999,5.9763,2.281675,16.899037500000002,-1.1707913262821703,-1.4438803615508562
120.4,22.65,245.7498,SSP2-4.5,2021-2040,-6.893599999999992,38.5911,-48.34019999999987,0.7303999999999995,6.4206999999999965,1.8741000000000003,17.6269,39.342625,-50.28098750000001,0.6620874999999988,4.937925,2.496125,18.1997625,-1.1707913262821703,-1.3806845811810693
120.4,22.7,249.8626,SSP2-4.5,2021-2040,-8.034899999999993,39.812,-24.291500000000042,0.5827999999999989,4.827599999999997,2.819000000000001,19.432699999999997,39.199799999999996,-46.063199999999966,0.7144499999999989,4.4734875,2.2829625,18.051199999999998,-1.1707913262821703,-1.317488800811278
120.4,22.75,262.3101,SSP2-4.5,2021-2040,-21.732399999999984,39.744,-63.49309999999991,0.8589999999999982,4.015499999999996,2.2431,18.034599999999998,38.3669375,-18.1905625,1.0314124999999996,4.378450000000001,2.473075,17.7543375,-1.1707913262821703,-1.2542930204414864
120.4,22.8,252.613,SSP2-4.5,2021-2040,-5.137100000000004,35.959500000000006,-2.179399999999987,1.6905999999999999,4.4983,2.7965999999999998,15.255799999999999,36.827725,-2.009237500000012,1.4453,3.6560499999999996,2.2308250000000003,16.664412499999997,-1.1707913262821703,-1.191097240071695
120.4,22.85,245.8822,SSP2-4.5,2021-2040,-4.059200000000004,32.0987,0.5271999999999935,1.8714000000000013,4.243099999999998,2.4741,13.8788,35.572950000000006,8.80232499999994,1.6761874999999997,3.813162499999999,2.231275,16.243987500000003,-1.1707913262821703,-1.1279014597019037
120.4,22.9,260.1326,SSP2-4.5,2021-2040,-16.599300000000028,33.380500000000005,-54.78810000000021,1.4436999999999998,6.636200000000002,2.2586000000000013,14.899999999999999,34.903712500000005,-9.580550000000017,1.68465,5.006037499999998,2.1008750000000003,16.050475,-1.1707913262821703,-1.0647056793321166
120.4,22.95,265.6406,SSP2-4.5,2021-2040,-25.852300000000014,35.07320000000001,-86.97980000000007,1.4209999999999994,7.280999999999999,2.339699999999999,15.098099999999999,35.946125,-35.71515000000002,1.5296875000000005,6.484475,2.1426750000000006,16.5726,-1.1707913262821703,-1.0015098989623252
120.4,23.0,259.5552,SSP2-4.5,2021-2040,-19.985300000000024,36.759600000000006,-63.90930000000003,1.4426000000000023,5.715499999999999,2.1500000000000004,16.6404,36.842525,-48.68105000000003,1.3329499999999999,6.9277875,2.2482875000000004,16.9266875,-1.1707913262821703,-0.9383141185925338
120.4,23.05,257.5938,SSP2-4.5,2021-2040,-17.783499999999975,37.978,-24.04390000000012,1.1228999999999978,3.2068999999999974,1.9690000000000012,17.2577,37.036812499999996,-44.91365000000002,1.3538125000000005,6.6086125,2.2497875,17.2536,-1.1707913262821703,-0.8751183382227424
120.4,23.1,258.2545,SSP2-4.5,2021-2040,-15.431000000000012,36.6089,-44.46939999999995,1.4618000000000002,5.886199999999995,2.4947999999999997,18.1192,36.8272875,-25.324212500000016,1.2391750000000004,5.156675,2.2711250000000005,17.4096125,-1.1707913262821703,-0.811922557852951
120.4,23.15,265.9338,SSP2-4.5,2021-2040,-15.746500000000026,36.0829,-16.255100000000084,1.2074000000000034,3.1034000000000006,2.780999999999999,17.5865,36.3342875,-24.59496249999995,1.1486750000000008,4.698937499999999,2.44935,17.3764375,-1.1707913262821703,-0.748726777483164
120.4,23.2,247.6968,SSP2-4.5,2021-2040,-17.16839999999999,36.059599999999996,-58.17769999999996,0.6965000000000003,2.489699999999999,2.9086,17.1269,36.02205000000001,-12.271999999999963,0.9297375000000008,3.6263000000000005,2.7614124999999996,17.5069625,-1.1707913262821703,-0.6855309971133726
120.4,23.25,241.2646,SSP2-4.5,2021-2040,-12.07929999999999,36.3168,-23.11310000000003,0.7246999999999986,2.937900000000006,3.230999999999999,18.1173,35.4852375,-11.569162500000004,0.8035125000000001,2.5737249999999996,2.8566874999999996,17.7492625,-1.1707913262821703,-0.6223352167435812
120.4,23.3,229.3535,SSP2-4.5,2021-2040,-8.330399999999997,35.3576,2.946999999999889,1.0426000000000002,1.5690000000000026,2.6396999999999995,18.9981,35.190825000000004,4.263762499999984,0.8057624999999997,2.1260625000000006,3.1926749999999995,18.064162500000002,-1.1707913262821703,-0.5591394363737897
120.4,23.35,217.5594,SSP2-4.5,2021-2040,-3.9904000000000224,34.9425,36.050199999999904,1.0749999999999993,0.6103000000000023,3.3327999999999998,18.153799999999997,35.15315,9.451112499999937,0.7897000000000003,1.1152999999999995,2.7651,18.78845,-1.1707913262821703,-0.4959436560039983
120.4,23.4,194.6296,SSP2-4.5,2021-2040,-4.472200000000015,34.6797,15.828699999999799,1.0197000000000003,-1.4102999999999994,1.8810000000000002,19.0865,35.455862499999995,11.54023749999999,0.7088000000000001,1.0734750000000002,2.7933375,19.10335,-1.1707913262821703,-0.43274787563421135
120.4,23.45,191.9373,SSP2-4.5,2021-2040,-2.0319999999999823,35.3137,7.705400000000054,0.8575000000000017,0.1086000000000027,2.3689999999999998,19.705800000000004,35.400975,4.9393874999999525,0.6217999999999995,1.3726250000000002,2.1564749999999995,18.858875,-1.1707913262821703,-0.3695520952644199
120.4,23.5,197.1109,SSP2-4.5,2021-2040,-5.795599999999979,35.68670000000001,-0.14220000000000255,0.5091999999999999,0.09309999999999974,1.517199999999999,18.096200000000003,34.8871125,13.266825000000011,0.8255499999999993,2.9467500000000006,2.264875,18.4935,-1.1707913262821703,-0.3063563148946285
120.4,23.55,194.6141,SSP2-4.5,2021-2040,-3.8825000000000216,34.07470000000001,25.024000000000115,1.1038999999999994,0.9240999999999957,1.7844999999999995,17.5019,34.8271125,21.966874999999987,0.9500375000000001,4.0872875,1.98835,18.11035,-1.1707913262821703,-0.24316053452483705
120.4,23.6,169.4447,SSP2-4.5,2021-2040,-1.9805000000000064,34.3807,31.375999999999976,1.2585000000000015,4.319000000000003,1.6517000000000008,17.8962,34.9695875,25.356450000000052,1.0244375000000003,3.5269499999999985,1.804725,18.472125,-1.1707913262821703,-0.17996475415504562
120.4,23.65,188.9892,SSP2-4.5,2021-2040,-11.327300000000008,34.613800000000005,8.221300000000156,0.8304000000000009,2.705199999999998,1.6586000000000007,18.8827,35.505525,29.646800000000013,0.9978000000000002,2.8816999999999995,1.6237,18.9254875,-1.1707913262821703,-0.11676897378525869
120.4,23.7,189.6133,SSP2-4.5,2021-2040,-14.353400000000022,36.5502,46.8289000000002,1.1341,1.5690000000000026,1.5861999999999998,18.9096,35.425537500000004,20.786387500000018,0.6700999999999993,1.6668249999999993,1.4497749999999998,19.116349999999997,-1.1707913262821703,-0.053573193415467256
120.4,23.75,184.6684,SSP2-4.5,2021-2040,-13.334199999999981,35.81,15.158500000000004,0.3421999999999983,1.7775999999999996,1.4362000000000004,18.1173,35.345600000000005,28.273712499999988,0.6231499999999985,0.33601249999999894,1.3775874999999997,19.3175625,-1.1707913262821703,0.009622586954324176
120.4,23.8,181.3336,SSP2-4.5,2021-2040,-10.919899999999984,34.7936,7.357099999999946,0.2052999999999976,-2.3171999999999997,0.9723999999999995,18.5404,35.1137125,29.238574999999997,0.6562499999999996,-0.11960000000000015,1.1696124999999997,19.0803,-1.1707913262821703,0.0728183673241156
120.4,23.85,177.2337,SSP2-4.5,2021-2040,-5.765600000000006,34.14509999999999,35.32300000000009,0.8860000000000028,-1.7999999999999972,0.8206999999999995,18.2673,34.5382625,22.019374999999968,0.6332249999999999,-0.5079750000000018,0.8756499999999997,19.0440125,-1.1707913262821703,0.13601414769390704
120.4,23.9,165.6823,SSP2-4.5,2021-2040,-5.476399999999984,33.749300000000005,14.377399999999852,0.5919000000000025,-0.5345000000000013,0.22589999999999932,19.5404,33.9856875,16.104612500000044,0.7782750000000007,-0.20950000000000024,0.6411624999999999,18.52525,-1.1707913262821703,0.19920992806369398
120.4,23.95,168.0032,SSP2-4.5,2021-2040,-5.224500000000006,33.7567,-3.6375000000000455,0.6926999999999985,1.851700000000001,0.42410000000000014,19.3654,33.723625,-0.6635999999999456,0.6981750000000004,-0.0877250000000025,0.27522499999999994,18.7915875,-1.1707913262821703,0.26240570843348543
120.4,24.0,160.5416,SSP2-4.5,2021-2040,-1.6225000000000023,34.469100000000005,-15.083299999999895,0.7827999999999982,1.5361999999999938,-0.0016999999999995907,20.0288,33.5946625,-14.067224999999965,0.7042875000000004,-0.13965000000000227,0.15388749999999995,18.9233125,-1.1707913262821703,0.32560148880327683
120.4,24.05,156.3616,SSP2-4.5,2021-2040,0.21779999999998267,33.841499999999996,-30.357299999999896,0.6966000000000001,0.3620999999999981,-0.029300000000000104,20.3577,33.63135,-21.977200000000025,0.6349999999999998,-0.1954625000000032,0.1176750000000002,19.143500000000003,-1.1707913262821703,0.3887972691730683
120.4,24.1,153.5601,SSP2-4.5,2021-2040,-2.0043000000000006,34.281,-37.7654,0.7559000000000005,1.1328000000000031,0.2517000000000005,19.8058,33.5808,-26.916700000000006,0.6198874999999999,-0.07563750000000358,0.13944999999999996,19.3098625,-1.1707913262821703,0.4519930495428597
120.4,24.15,150.4574,SSP2-4.5,2021-2040,-0.9983000000000004,32.98140000000001,-33.95690000000002,0.6387999999999998,-0.6102999999999952,0.2259000000000002,19.3885,33.6058875,-30.42197499999999,0.5748875000000004,-0.20065000000000133,0.07843749999999994,19.068525,-1.1707913262821703,0.5151888299126467
120.45,22.45,184.9807,SSP2-4.5,2021-2040,-4.350400000000008,41.848200000000006,39.07399999999984,1.7591999999999999,7.644800000000004,1.8655000000000008,18.176899999999996,40.334050000000005,36.215550000000036,1.5962250000000004,6.938587500000001,1.7674499999999997,16.97285,-1.0650974862009488,-1.6334677026602307
120.45,22.5,186.9582,SSP2-4.5,2021-2040,-8.001499999999993,39.052200000000006,17.932400000000143,1.9707000000000008,9.136200000000002,1.3775999999999993,15.9981,40.0193875,17.325075,1.4410875,6.526724999999999,2.0685374999999997,17.2134625,-1.0650974862009488,-1.570271922290439
120.45,22.55,220.504,SSP2-4.5,2021-2040,-14.409199999999998,38.62220000000001,-15.524499999999989,1.7073999999999998,8.679300000000005,1.9620999999999995,16.3962,39.02935,-22.193449999999956,1.2305749999999995,6.150874999999998,2.0517374999999998,17.004075,-1.0650974862009488,-1.5070761419206478
120.45,22.6,233.7048,SSP2-4.5,2021-2040,-7.434699999999992,38.481899999999996,-40.55160000000001,1.2407000000000004,5.1861999999999995,2.7775999999999996,17.7846,38.58369999999999,-46.43686249999996,0.8623249999999993,4.911425,2.28665,17.1269125,-1.0650974862009488,-1.4438803615508562
120.45,22.65,252.1399,SSP2-4.5,2021-2040,-11.1978,38.70689999999999,-42.19360000000006,0.7126999999999981,1.5103000000000009,2.6293000000000006,16.723100000000002,38.5064875,-46.02373749999998,0.6385374999999995,3.4411749999999985,2.749375,17.8100875,-1.0650974862009488,-1.3806845811810693
120.45,22.7,261.5788,SSP2-4.5,2021-2040,-17.296600000000012,39.3397,-50.27759999999989,0.41659999999999897,2.867199999999997,3.1206999999999994,18.5904,37.810175,-55.06627499999999,0.5918624999999995,3.0745750000000003,2.8390125,16.8774,-1.0650974862009488,-1.317488800811278
120.45,22.75,267.5862,SSP2-4.5,2021-2040,-23.073000000000008,36.7235,-108.09879999999998,0.5351999999999997,5.4121000000000095,2.7362,14.873099999999999,37.079462500000005,-40.12333749999999,0.8473374999999996,3.4196124999999995,2.94635,16.93775,-1.0650974862009488,-1.2542930204414864
120.45,22.8,246.563,SSP2-4.5,2021-2040,-9.020499999999998,35.4391,-7.042100000000119,1.3598,2.1310000000000002,2.7982999999999993,15.8077,35.2699375,-35.479262500000004,1.0691750000000004,4.2788875000000015,2.762925,15.829324999999999,-1.0650974862009488,-1.191097240071695
120.45,22.85,241.4185,SSP2-4.5,2021-2040,-1.9390999999999963,34.3442,41.91339999999991,1.8521999999999998,2.575899999999997,2.3758999999999997,16.6788,34.3121125,-15.164687500000042,1.3069625000000005,4.775000000000001,2.7321125000000004,15.442549999999999,-1.0650974862009488,-1.1279014597019037
120.45,22.9,252.5991,SSP2-4.5,2021-2040,-11.288299999999992,34.40740000000001,13.868099999999913,1.5263999999999989,3.8913999999999973,2.3328000000000007,15.7192,33.884625,-21.377700000000004,1.3226375000000004,5.3818874999999995,2.6592624999999996,15.19735,-1.0650974862009488,-1.0647056793321166
120.45,22.95,275.3526,SSP2-4.5,2021-2040,-25.080399999999997,34.0353,-42.450399999999945,0.9004000000000012,7.494799999999998,2.8224,14.8654,34.73547500000001,-32.016587499999986,1.3146375,6.5295250000000005,2.5870750000000005,15.1399125,-1.0650974862009488,-1.0015098989623252
120.45,23.0,285.0495,SSP2-4.5,2021-2040,-18.737600000000043,36.169700000000006,-51.86429999999996,1.1326,9.243100000000005,3.141400000000001,15.063499999999998,35.5500625,-39.09827500000003,1.1282374999999996,6.4812375,2.632125,15.607700000000001,-1.0650974862009488,-0.9383141185925338
120.45,23.05,283.224,SSP2-4.5,2021-2040,-15.149599999999964,36.8006,-54.30030000000011,0.9826999999999977,6.858600000000003,2.9397,17.0942,36.153275,-42.189437500000025,1.13685,6.8420250000000005,2.6332,16.219,-1.0650974862009488,-0.8751183382227424
120.45,23.1,284.2293,SSP2-4.5,2021-2040,-17.95780000000002,35.951699999999995,-67.07339999999999,1.0060000000000002,5.955199999999998,2.1189999999999998,17.4692,36.2005125,-34.251362500000084,1.0906000000000002,6.134250000000001,2.8135874999999997,16.923075,-1.0650974862009488,-0.811922557852951
120.45,23.15,288.1429,SSP2-4.5,2021-2040,-24.674199999999985,36.2797,-57.366399999999885,0.917900000000003,6.784500000000001,3.0517000000000003,18.0058,35.7347625,-38.26675000000003,1.0113500000000006,5.417024999999999,2.7709124999999997,16.907199999999996,-1.0650974862009488,-0.748726777483164
120.45,23.2,282.192,SSP2-4.5,2021-2040,-22.196200000000033,35.526900000000005,-32.68139999999994,0.8104000000000013,4.5689999999999955,3.3483,16.5846,35.265025,-34.59198750000007,0.7833000000000006,4.367237500000001,3.016375,17.080287499999997,-1.0650974862009488,-0.6855309971133726
120.45,23.25,276.5424,SSP2-4.5,2021-2040,-18.758100000000013,35.01500000000001,-20.402399999999943,0.5962999999999994,2.6707000000000036,3.2966000000000015,17.0827,34.66575,-40.019637500000044,0.7843874999999998,3.893749999999999,3.1235,17.12115,-1.0650974862009488,-0.6223352167435812
120.45,23.3,256.2755,SSP2-4.5,2021-2040,-7.15870000000001,34.4196,0.5625,1.2101000000000006,2.3378999999999976,3.641399999999999,18.0596,34.2582625,-33.07483750000003,0.6767749999999997,3.286625000000001,3.479975,17.4901375,-1.0650974862009488,-0.5591394363737897
120.45,23.35,241.0817,SSP2-4.5,2021-2040,-6.185300000000012,35.102399999999996,28.69640000000004,0.9338000000000015,1.0638000000000005,4.706899999999999,18.375,34.3192,-27.035062500000038,0.64255,1.847624999999999,3.1748125000000003,18.225225,-1.0650974862009488,-0.4959436560039983
120.45,23.4,221.4944,SSP2-4.5,2021-2040,-11.324400000000026,35.3854,20.819299999999885,0.3219999999999992,-1.9879000000000033,3.0897000000000006,18.8654,34.6075125,-13.165149999999983,0.6924625000000004,1.7010750000000012,3.2485125,18.832675,-1.0650974862009488,-0.43274787563421135
120.45,23.45,203.6636,SSP2-4.5,2021-2040,0.05940000000001078,34.816900000000004,10.401299999999992,0.7418999999999976,3.041400000000003,2.905199999999999,19.5538,34.67175,-8.830487500000004,0.6134500000000003,0.9517249999999997,2.5954875,18.687025,-1.0650974862009488,-0.3695520952644199
120.45,23.5,216.1281,SSP2-4.5,2021-2040,-2.8492999999999995,33.6618,-2.3513000000000375,0.5766999999999989,3.101700000000001,2.4620999999999995,17.2788,34.2141375,2.2788250000000687,0.8538375000000005,2.2984875000000002,2.4385874999999997,18.4706875,-1.0650974862009488,-0.3063563148946285
120.45,23.55,203.0046,SSP2-4.5,2021-2040,-6.103800000000007,33.2425,29.587800000000016,0.9660000000000011,5.520699999999998,2.5241,17.8462,34.108025,4.98761250000004,0.8587500000000006,2.6096999999999992,2.1538875,18.0355875,-1.0650974862009488,-0.24316053452483705
120.45,23.6,193.698,SSP2-4.5,2021-2040,-10.056000000000012,33.939099999999996,11.962099999999964,1.0988000000000007,4.189699999999995,1.9999999999999991,18.3962,34.118925000000004,10.61261250000004,0.9206500000000011,3.0728624999999994,2.0603375,18.099287500000003,-1.0650974862009488,-0.17996475415504562
120.45,23.65,187.914,SSP2-4.5,2021-2040,-8.123399999999975,34.530800000000006,0.6211000000000695,0.8382000000000005,2.6965999999999966,1.1740999999999993,18.0077,34.56415,11.579637500000018,0.8906125000000005,3.0827874999999993,1.9603375,18.2831875,-1.0650974862009488,-0.11676897378525869
120.45,23.7,196.2103,SSP2-4.5,2021-2040,-16.23479999999998,33.517500000000005,-2.405300000000125,0.5061,1.6913999999999945,1.6345,18.2731,34.8154625,11.080925000000036,0.7571124999999994,2.5246000000000004,1.638125,18.18535,-1.0650974862009488,-0.053573193415467256
120.45,23.75,176.8161,SSP2-4.5,2021-2040,-8.979100000000017,34.1049,21.42769999999996,0.6614999999999966,0.939700000000002,1.4516999999999989,18.046200000000002,34.7018875,14.614974999999987,0.5812874999999993,1.6153249999999995,1.5349,18.3430375,-1.0650974862009488,0.009622586954324176
120.45,23.8,172.7138,SSP2-4.5,2021-2040,-5.226299999999981,34.3064,19.732799999999997,0.4549999999999983,-0.765500000000003,1.4499999999999993,18.6135,34.4422,21.564674999999994,0.5931499999999996,0.8347125000000011,1.2461124999999997,18.3646625,-1.0650974862009488,0.0728183673241156
120.45,23.85,172.6274,SSP2-4.5,2021-2040,-4.410200000000003,34.8633,28.111200000000053,0.6984999999999992,0.7569000000000017,0.9276,18.7327,33.7731625,19.867137499999984,0.6563375000000002,0.05883749999999921,1.0512874999999995,18.4697125,-1.0650974862009488,0.13601414769390704
120.45,23.9,166.1502,SSP2-4.5,2021-2040,-1.9840000000000089,33.510200000000005,21.15210000000002,0.8351000000000006,-0.9328000000000003,0.9033999999999995,17.6808,33.1570625,17.140262500000006,0.8283250000000004,-0.0644499999999999,0.6881499999999997,18.0884625,-1.0650974862009488,0.19920992806369398
120.45,23.95,174.7063,SSP2-4.5,2021-2040,-4.670799999999986,32.63909999999999,15.646200000000135,0.7988,-3.556900000000006,0.2051999999999996,16.2635,32.98171250000001,2.5367999999999853,0.7624374999999994,0.1594749999999987,0.38426249999999984,18.3012,-1.0650974862009488,0.26240570843348543
120.45,24.0,172.2528,SSP2-4.5,2021-2040,0.16929999999999268,33.2336,-7.429999999999836,0.41529999999999845,-1.6448000000000036,-0.2999999999999998,18.125,32.869150000000005,-7.702087500000019,0.7264624999999993,-0.6601250000000034,0.21875,18.2298,-1.0650974862009488,0.32560148880327683
120.45,24.05,163.1144,SSP2-4.5,2021-2040,0.5057000000000187,32.773500000000006,-15.401900000000069,0.6326999999999998,-2.179300000000012,0.1689999999999996,18.326900000000002,33.42675,-20.60482499999999,0.5572499999999989,-0.290062500000003,0.09935000000000016,19.031012500000003,-1.0650974862009488,0.3887972691730683
120.45,24.1,157.3901,SSP2-4.5,2021-2040,0.3657000000000039,33.31679999999999,-35.052700000000186,0.415499999999998,-0.1414000000000044,0.2121000000000004,19.2654,33.37525,-26.367062500000003,0.5729000000000002,-0.5127000000000015,0.22995,19.0293375,-1.0650974862009488,0.4519930495428597
120.45,24.15,154.1392,SSP2-4.5,2021-2040,-0.5018999999999778,33.68229999999999,-42.98419999999999,0.4692000000000007,1.1171999999999969,0.2585999999999995,18.680799999999998,33.4224375,-28.520449999999997,0.5680500000000004,-0.38016249999999996,0.16227500000000006,19.118524999999998,-1.0650974862009488,0.5151888299126467
120.45,24.2,153.3517,SSP2-4.5,2021-2040,2.296600000000012,33.4303,-30.965999999999894,0.632200000000001,-0.3569000000000102,-0.29659999999999975,18.1404,33.355625,-28.90787500000002,0.6186250000000002,-0.06594999999999818,0.17823749999999994,18.9754875,-1.0650974862009488,0.578384610282438
120.5,22.4,199.1072,SSP2-4.5,2021-2040,-9.43040000000002,41.7135,48.44150000000013,1.5860999999999983,5.006900000000002,1.3361999999999998,17.9,40.569537499999996,61.19987500000002,1.5178250000000002,5.8306000000000004,1.9523499999999998,17.559625,-0.9594036461197276,-1.696663483030022
120.5,22.45,202.3235,SSP2-4.5,2021-2040,-5.382000000000005,41.7863,77.12670000000003,1.7245000000000026,4.479299999999995,1.9017,18.2058,40.57435,53.038737500000025,1.5227000000000004,6.165950000000002,1.8749875,17.470925,-0.9594036461197276,-1.6334677026602307
120.5,22.5,214.1717,SSP2-4.5,2021-2040,-6.296999999999997,40.89470000000001,80.53629999999998,1.6430000000000007,4.782799999999995,1.9654999999999987,17.0154,40.15995,28.466612500000025,1.4165000000000005,5.899562500000002,2.2407375,17.6430375,-0.9594036461197276,-1.570271922290439
120.5,22.55,231.1404,SSP2-4.5,2021-2040,-17.07650000000001,40.11300000000001,-2.5547999999998865,0.9494999999999969,4.387899999999995,2.825899999999999,18.5115,38.8837125,12.14491250000006,1.1315625000000002,4.161424999999999,2.5420374999999993,17.5995375,-0.9594036461197276,-1.5070761419206478
120.5,22.6,229.9008,SSP2-4.5,2021-2040,-13.184799999999996,37.9683,-33.341399999999794,0.5061,0.7551999999999879,2.3689999999999998,18.5327,38.080675,-23.056937500000004,0.7858499999999995,2.9764999999999997,3.0941874999999994,17.3766875,-0.9594036461197276,-1.4438803615508562
120.5,22.65,250.338,SSP2-4.5,2021-2040,-11.843099999999993,37.3541,-42.04140000000007,0.1548000000000016,1.520700000000005,3.4121000000000006,16.3865,37.40295,-31.395800000000037,0.638562499999999,1.4269374999999975,3.3034499999999998,17.523562500000004,-0.9594036461197276,-1.3806845811810693
120.5,22.7,257.1677,SSP2-4.5,2021-2040,-12.359500000000025,37.7488,-35.41000000000008,0.5520999999999994,-0.8603000000000023,3.8965999999999994,16.8654,36.121025,-48.54776250000009,0.6617499999999996,2.524787500000002,3.4189625,16.171625,-0.9594036461197276,-1.317488800811278
120.5,22.75,253.0183,SSP2-4.5,2021-2040,-16.772199999999998,33.800999999999995,-76.66159999999991,0.6079000000000008,1.75,3.1016999999999992,15.0769,35.7404875,-38.9143500000001,0.8655249999999999,3.519837500000002,3.46035,16.220437500000003,-0.9594036461197276,-1.2542930204414864
120.5,22.8,254.5648,SSP2-4.5,2021-2040,-14.897599999999983,34.7916,-61.631399999999985,0.7099000000000011,8.127600000000008,2.7948000000000004,16.4385,34.4994875,-29.46692500000006,1.0325750000000005,3.651087500000001,3.3659499999999998,15.63245,-0.9594036461197276,-1.191097240071695
120.5,22.85,255.6571,SSP2-4.5,2021-2040,-15.572300000000013,34.697,-14.210400000000163,0.4272000000000027,3.6086000000000027,3.5809999999999995,16.3981,34.2415,-8.566200000000038,1.3248250000000001,5.1711375,2.996125,15.791350000000001,-0.9594036461197276,-1.1279014597019037
120.5,22.9,262.6279,SSP2-4.5,2021-2040,-14.192500000000024,33.7231,4.138600000000224,1.4267000000000003,5.0638000000000005,2.8207000000000004,15.142299999999999,33.954299999999996,-6.1232375000000445,1.2641499999999999,5.865525000000001,2.9402999999999997,15.2959125,-0.9594036461197276,-1.0647056793321166
120.5,22.95,278.503,SSP2-4.5,2021-2040,-22.327799999999968,33.725,-19.172099999999773,1.2384999999999984,6.151699999999998,2.6016999999999992,14.617299999999998,34.0873625,-2.758499999999998,1.3032500000000002,7.381475000000002,2.8581875000000005,14.644725000000001,-0.9594036461197276,-1.0015098989623252
120.5,23.0,297.2332,SSP2-4.5,2021-2040,-19.788700000000006,34.645300000000006,2.574200000000019,0.8856000000000002,8.253500000000003,3.0517000000000003,13.938500000000001,34.4652375,-23.81227499999997,1.2003374999999998,7.748050000000002,2.86315,14.8766875,-0.9594036461197276,-0.9383141185925338
120.5,23.05,299.1761,SSP2-4.5,2021-2040,-17.091200000000015,35.3835,-24.50460000000021,1.0321999999999996,6.887900000000002,3.1827999999999985,15.350000000000001,34.8595125,-32.418662499999954,1.0996375,8.113575,2.80755,15.4012125,-0.9594036461197276,-0.8751183382227424
120.5,23.1,303.6556,SSP2-4.5,2021-2040,-16.61840000000001,35.729499999999994,-64.22479999999996,1.011099999999999,9.587900000000005,2.956899999999999,15.9135,35.054937499999994,-33.94782500000008,1.0448875000000006,7.297625000000001,2.9172624999999996,16.159374999999997,-0.9594036461197276,-0.811922557852951
120.5,23.15,302.0877,SSP2-4.5,2021-2040,-6.636099999999999,34.74099999999999,11.153599999999642,0.9888000000000012,6.758600000000001,3.1327999999999996,16.057699999999997,35.101375,-46.46388749999997,0.9486000000000008,6.992449999999999,2.8704875000000003,16.335825,-0.9594036461197276,-0.748726777483164
120.5,23.2,316.0196,SSP2-4.5,2021-2040,-19.01030000000003,35.177600000000005,-34.4058,0.9087999999999994,4.986199999999997,2.4259000000000004,16.4,34.4524,-46.30588750000004,0.7340375000000012,5.999137499999999,3.1118625000000004,16.3223625,-0.9594036461197276,-0.6855309971133726
120.5,23.25,308.7537,SSP2-4.5,2021-2040,-11.466899999999953,32.4476,-78.16900000000032,0.2259999999999991,5.206899999999997,3.3034,16.2654,33.95586250000001,-62.32176249999992,0.7230500000000006,5.345674999999997,3.0592875000000004,16.34735,-0.9594036461197276,-0.6223352167435812
120.5,23.3,307.9355,SSP2-4.5,2021-2040,-6.715899999999976,32.0203,-97.11959999999999,0.6559999999999988,7.053399999999996,3.489700000000001,15.4173,33.319775,-70.76442499999993,0.5962125000000005,4.654299999999998,3.318975,16.9673,-0.9594036461197276,-0.5591394363737897
120.5,23.35,284.4778,SSP2-4.5,2021-2040,-16.89640000000003,32.863899999999994,-113.48819999999978,0.1598000000000006,5.180999999999997,3.8397000000000006,17.511499999999998,33.562262499999996,-69.51414999999997,0.5294875000000001,3.5760749999999986,3.2329875,17.781,-0.9594036461197276,-0.4959436560039983
120.5,23.4,236.4689,SSP2-4.5,2021-2040,-14.18549999999999,34.8846,-81.88040000000001,-0.34479999999999933,1.4275999999999982,3.4845000000000006,19.7096,33.7056125,-57.656999999999925,0.5814624999999998,3.217462500000001,3.123075,18.4112875,-0.9594036461197276,-0.43274787563421135
120.5,23.45,227.6155,SSP2-4.5,2021-2040,-3.7723000000000013,34.256400000000006,-8.634599999999864,1.0968000000000018,3.586200000000005,3.4689999999999994,18.5654,33.793575,-53.80393749999999,0.4290374999999993,2.4303999999999997,2.750875,18.659599999999998,-0.9594036461197276,-0.3695520952644199
120.5,23.5,227.3932,SSP2-4.5,2021-2040,0.5945999999999856,33.5057,-21.988799999999856,0.8704999999999998,2.6947999999999936,2.4914000000000005,18.1885,33.3001625,-29.009049999999945,0.7129624999999997,3.3101375000000024,2.8336249999999996,18.080525,-0.9594036461197276,-0.3063563148946285
120.5,23.55,216.9757,SSP2-4.5,2021-2040,2.2223000000000184,32.8165,-23.722299999999905,0.6849000000000025,2.419000000000004,2.4483000000000015,18.3077,33.543687500000004,-12.963949999999954,0.7771999999999997,3.307762499999999,2.7041,17.79495,-0.9594036461197276,-0.24316053452483705
120.5,23.6,221.8191,SSP2-4.5,2021-2040,-9.175299999999993,34.799,19.743400000000065,0.7675000000000018,3.1362000000000023,2.8759000000000015,18.6192,33.6484,0.005862500000006321,0.8809750000000003,3.3558375,2.4459,17.4567375,-0.9594036461197276,-0.17996475415504562
120.5,23.65,203.9974,SSP2-4.5,2021-2040,-5.526800000000009,34.49340000000001,-5.950400000000172,0.9158000000000008,2.862099999999998,2.365500000000001,17.7327,33.951162499999995,9.888350000000031,0.84625,3.3189874999999986,2.1706874999999997,17.4127375,-0.9594036461197276,-0.11676897378525869
120.5,23.7,192.0714,SSP2-4.5,2021-2040,-14.48260000000002,34.2195,-17.13889999999992,0.6136999999999979,4.189700000000002,1.9102999999999994,17.555799999999998,33.79186250000001,16.793424999999985,0.8436874999999997,3.1280374999999996,1.9312375,17.1447125,-0.9594036461197276,-0.053573193415467256
120.5,23.75,173.0611,SSP2-4.5,2021-2040,-3.211800000000011,34.201100000000004,19.47919999999999,0.7210000000000001,3.4569000000000045,1.5224000000000002,18.230800000000002,33.9482625,17.928512499999982,0.7032374999999993,2.886874999999998,1.8062249999999997,17.3266875,-0.9594036461197276,0.009622586954324176
120.5,23.8,165.0206,SSP2-4.5,2021-2040,1.8611999999999966,34.216800000000006,27.9074999999998,0.672900000000002,3.320699999999995,1.7671999999999999,18.5038,34.0998,24.02147500000001,0.6926624999999995,2.745912500000001,1.4402874999999997,17.609137500000003,-0.9594036461197276,0.0728183673241156
120.5,23.85,168.0732,SSP2-4.5,2021-2040,-2.314900000000023,33.4028,17.753200000000106,0.5578000000000003,0.5431000000000026,1.0706999999999995,18.4788,33.78450000000001,25.303112499999997,0.760275,2.6176749999999993,1.3224,17.8391875,-0.9594036461197276,0.13601414769390704
120.5,23.9,169.8942,SSP2-4.5,2021-2040,-1.9581000000000017,32.061099999999996,15.33400000000006,1.0466999999999977,2.9568999999999974,1.1999999999999993,18.1327,33.1496875,24.682537500000024,0.8846125000000002,0.6357625000000011,0.8887875000000002,17.641350000000003,-0.9594036461197276,0.19920992806369398
120.5,23.95,184.0378,SSP2-4.5,2021-2040,-4.938500000000005,30.639100000000006,14.214599999999791,1.3542000000000023,-0.7327999999999975,0.6310000000000002,15.926900000000002,33.133224999999996,12.021662500000076,0.7804499999999988,-0.2342625000000007,0.5967625,18.022125,-0.9594036461197276,0.26240570843348543
120.5,24.0,179.1759,SSP2-4.5,2021-2040,-4.218500000000006,32.4346,-18.632900000000063,0.38079999999999714,-1.2241,-0.008600000000000385,17.6096,32.9881,2.5733125000000143,0.7906999999999997,-1.407325000000002,0.3385625000000002,18.092550000000003,-0.9594036461197276,0.32560148880327683
120.5,24.05,168.6595,SSP2-4.5,2021-2040,-0.8233000000000175,32.3996,-8.36460000000011,0.47309999999999874,-1.3379000000000048,0.3603000000000005,17.959600000000002,33.358675000000005,-15.893,0.5369124999999992,-0.7183000000000019,0.19245,18.870675000000002,-0.9594036461197276,0.3887972691730683
120.5,24.1,158.9785,SSP2-4.5,2021-2040,2.252200000000016,33.4378,-12.152399999999943,0.5380000000000003,-1.0034000000000063,0.3102999999999998,19.096200000000003,33.267925000000005,-24.04530000000004,0.5049000000000001,-0.42241250000000097,0.3213250000000001,19.0625,-0.9594036461197276,0.4519930495428597
120.5,24.15,158.5858,SSP2-4.5,2021-2040,-0.734800000000007,33.60490000000001,-29.9538,0.37890000000000157,-1.5827999999999918,0.2930999999999999,18.6192,33.4504125,-26.4911125,0.6004125,0.16681249999999803,0.15364999999999995,18.998324999999998,-0.9594036461197276,0.5151888299126467
120.5,24.2,160.4429,SSP2-4.5,2021-2040,1.5819999999999936,33.2525,-24.144000000000005,0.7128000000000014,-1.132799999999996,-0.37240000000000073,18.5827,33.78915,-21.501099999999965,0.6830500000000006,-0.10172500000000007,0.21032499999999998,19.1466375,-0.9594036461197276,0.578384610282438
120.5,24.25,164.6783,SSP2-4.5,2021-2040,2.7632999999999868,32.854299999999995,-14.820500000000038,0.8094000000000001,-0.20169999999999533,-0.022400000000000198,18.7135,33.781375,-14.866574999999983,0.750887500000001,-0.09117499999999978,-0.03212500000000007,19.0971125,-0.9594036461197276,0.6415803906522295
120.5,24.3,159.7178,SSP2-4.5,2021-2040,1.5120999999999754,32.944599999999994,-8.542400000000043,0.8653000000000013,0.953400000000002,-0.2724000000000002,18.613500000000002,33.453312499999996,4.277300000000025,0.8577750000000011,0.4719750000000005,-0.13966250000000013,19.7379875,-0.9594036461197276,0.704776171022021
120.55,22.4,227.6629,SSP2-4.5,2021-2040,-17.017300000000006,41.179300000000005,37.565200000000004,1.5361000000000011,9.005200000000002,1.5810000000000013,17.3808,39.546512500000006,59.51471250000009,1.4212875,5.137712500000001,2.1262875,17.698562499999998,-0.8537098060385062,-1.696663483030022
120.55,22.45,239.3253,SSP2-4.5,2021-2040,-14.30940000000001,41.01349999999999,55.71630000000005,1.2051000000000016,5.47760000000001,2.1379,17.534599999999998,40.1616875,64.13433749999999,1.4388250000000005,4.8655125,2.0062374999999997,17.6752625,-0.8537098060385062,-1.6334677026602307
120.55,22.5,259.2096,SSP2-4.5,2021-2040,-20.45900000000003,39.922000000000004,65.5752,1.1353000000000009,4.0931,2.6552000000000007,18.473100000000002,39.498825000000004,40.369162500000016,1.2874250000000007,4.1118500000000004,2.4407249999999996,17.754575000000003,-0.8537098060385062,-1.570271922290439
120.55,22.55,253.096,SSP2-4.5,2021-2040,-20.364000000000004,38.9222,-9.61239999999998,0.8803000000000019,3.2983000000000047,3.1999999999999993,17.8481,38.17165,20.733362500000055,1.0314499999999995,2.4120624999999967,2.8254374999999996,17.977162500000002,-0.8537098060385062,-1.5070761419206478
120.55,22.6,244.0175,SSP2-4.5,2021-2040,-17.71210000000002,37.206199999999995,32.145300000000134,-0.03100000000000236,-2.639700000000005,4.029299999999999,18.7481,36.94058750000001,-29.633112499999953,0.8736999999999999,2.9624999999999986,3.1907374999999996,17.388937499999997,-0.8537098060385062,-1.4438803615508562
120.55,22.65,251.6719,SSP2-4.5,2021-2040,-15.727100000000007,35.2389,-64.12250000000017,0.6723999999999997,1.8689999999999927,3.9171999999999993,16.6154,35.883475000000004,-26.28712500000003,0.7022749999999998,1.4534500000000001,3.393325,17.0533625,-0.8537098060385062,-1.3806845811810693
120.55,22.7,265.5977,SSP2-4.5,2021-2040,-12.037299999999988,34.5329,-17.41500000000042,1.0388999999999982,2.7276000000000096,3.687899999999999,16.3288,34.6364875,-38.6327500000001,0.7627375000000005,2.2551875,3.5929,15.89735,-0.8537098060385062,-1.317488800811278
120.55,22.75,253.8176,SSP2-4.5,2021-2040,-8.551299999999998,33.2712,12.428399999999783,1.1555,2.541400000000003,4.746600000000001,14.7788,34.337575,-39.455012500000066,0.9189500000000002,3.2215750000000005,3.4025875,15.8283625,-0.8537098060385062,-1.2542930204414864
120.55,22.8,251.6414,SSP2-4.5,2021-2040,-14.404600000000016,34.077099999999994,-43.86830000000009,1.156200000000002,5.212099999999992,3.9017,16.0808,33.8247125,-32.64080000000001,0.9989875000000001,4.643975000000001,3.468325,15.3076875,-0.8537098060385062,-1.191097240071695
120.55,22.85,255.2334,SSP2-4.5,2021-2040,-13.947999999999979,33.6428,-40.19599999999991,1.166599999999999,5.9776000000000025,3.6861999999999995,15.365400000000001,34.079775,-25.81588750000003,1.1614375000000003,6.263800000000001,3.2780125,15.282225,-0.8537098060385062,-1.1279014597019037
120.55,22.9,262.1451,SSP2-4.5,2021-2040,-9.883600000000001,33.506699999999995,24.28809999999976,1.4008000000000003,8.389700000000005,3.2585999999999995,15.0981,33.82436250000001,-26.438687499999986,1.2630874999999997,6.9719750000000005,3.1446125,14.648087499999999,-0.8537098060385062,-1.0647056793321166
120.55,22.95,287.6154,SSP2-4.5,2021-2040,-15.765600000000006,33.275999999999996,-13.026600000000144,1.6010999999999989,8.834500000000006,2.8638000000000012,13.625,33.6709125,-12.590487499999995,1.2607750000000002,7.888575,2.9139999999999997,14.2226125,-0.8537098060385062,-1.0015098989623252
120.55,23.0,310.5027,SSP2-4.5,2021-2040,-15.282100000000014,32.9354,40.40430000000015,1.5524000000000022,7.881,2.5740999999999996,13.705799999999998,34.00405,-32.51569999999998,1.1538125,8.571125000000002,2.8456875,14.374287500000001,-0.8537098060385062,-0.9383141185925338
120.55,23.05,330.9167,SSP2-4.5,2021-2040,-17.210199999999986,33.39639999999999,-25.584199999999782,1.1628000000000007,8.632800000000003,2.779300000000001,14.6923,34.2897875,-32.06920000000002,1.0330625000000002,8.523912500000002,2.7676624999999992,14.798575,-0.8537098060385062,-0.8751183382227424
120.55,23.1,343.1903,SSP2-4.5,2021-2040,-12.391399999999976,33.2475,-39.2808,1.0639000000000003,8.496499999999997,2.898299999999999,15.332699999999999,34.746224999999995,-30.836837500000115,1.0264625,8.124575000000002,2.8922375,15.338225,-0.8537098060385062,-0.811922557852951
120.55,23.15,328.4217,SSP2-4.5,2021-2040,-9.034699999999987,34.639100000000006,-14.626500000000306,1.2048000000000023,8.006900000000002,3.2345000000000006,15.2731,34.7500625,-36.781062500000075,0.9256374999999997,7.688137499999999,2.86875,15.762987500000001,-0.8537098060385062,-0.748726777483164
120.55,23.2,306.4682,SSP2-4.5,2021-2040,-16.833600000000047,34.259,-62.05199999999968,0.6659000000000006,7.553399999999996,2.9293000000000013,15.7077,34.411837500000004,-49.309012500000165,0.8164125000000002,6.864874999999999,2.8569,16.0067375,-0.8537098060385062,-0.6855309971133726
120.55,23.25,309.7694,SSP2-4.5,2021-2040,-14.027800000000013,32.7109,-116.30299999999988,0.46220000000000283,6.443099999999994,2.5983,15.6019,33.782912499999995,-80.52954999999997,0.7238249999999997,6.8775749999999976,2.8422375000000004,16.13895,-0.8537098060385062,-0.6223352167435812
120.55,23.3,305.6043,SSP2-4.5,2021-2040,-10.775900000000036,32.5176,-136.17239999999993,0.4747000000000021,7.151699999999998,2.7447999999999997,15.924999999999999,32.984275,-93.87583749999993,0.7190124999999998,6.238562499999998,2.744625,16.623075,-0.8537098060385062,-0.5591394363737897
120.55,23.35,287.5638,SSP2-4.5,2021-2040,-8.05619999999999,31.481199999999994,-130.83929999999964,0.7067999999999977,7.179299999999998,2.4207,16.9173,33.284974999999996,-106.87532499999998,0.6251875,5.170462499999998,2.7577750000000005,17.667299999999997,-0.8537098060385062,-0.4959436560039983
120.55,23.4,269.8697,SSP2-4.5,2021-2040,-10.144400000000019,32.687,-160.17970000000014,0.2773000000000003,4.382800000000003,2.286200000000001,18.9788,33.3115625,-93.64609999999993,0.6505749999999999,4.032525,2.7909625,18.475724999999997,-0.8537098060385062,-0.43274787563421135
120.55,23.45,262.998,SSP2-4.5,2021-2040,-9.791499999999985,33.0517,-108.0311999999999,0.41329999999999956,3.2931000000000026,2.2672000000000008,18.5231,33.249325,-95.02501249999997,0.5406749999999998,3.1346999999999996,2.9209125,18.862975,-0.8537098060385062,-0.3695520952644199
120.55,23.5,257.6796,SSP2-4.5,2021-2040,-6.0186999999999955,32.355500000000006,-87.22069999999985,0.5753999999999984,3.489699999999999,3.0206999999999997,18.178800000000003,33.1661875,-72.65758749999995,0.6132875000000002,2.4752125000000014,3.1118500000000004,18.373800000000003,-0.8537098060385062,-0.3063563148946285
120.55,23.55,237.0578,SSP2-4.5,2021-2040,-2.345999999999975,32.2,-42.10140000000001,0.6486999999999981,2.0293000000000063,3.5724,16.3904,33.438875,-59.16981249999995,0.63645,2.614887499999999,3.1159625000000006,18.142775,-0.8537098060385062,-0.24316053452483705
120.55,23.6,218.2215,SSP2-4.5,2021-2040,-0.9333000000000027,34.6459,-11.342699999999923,0.7139999999999986,2.299999999999997,2.6861999999999995,17.4615,33.5615125,-32.71553750000001,0.7981750000000005,2.8978625000000013,3.2422625000000007,17.379325,-0.8537098060385062,-0.17996475415504562
120.55,23.65,208.916,SSP2-4.5,2021-2040,-6.543599999999998,33.319,40.99270000000001,1.1814,4.8293000000000035,2.7965999999999998,15.5115,33.67515,-6.893424999999979,0.88855,3.270925,2.9896625000000006,17.037262499999997,-0.8537098060385062,-0.11676897378525869
120.55,23.7,192.3829,SSP2-4.5,2021-2040,-6.070700000000016,32.6385,36.674400000000105,1.0503,3.5189999999999984,2.2879000000000005,15.4769,33.7107,18.483550000000008,0.9796,3.7963500000000012,2.680825,16.694000000000003,-0.8537098060385062,-0.053573193415467256
120.55,23.75,181.1643,SSP2-4.5,2021-2040,-6.5227999999999895,33.5297,23.508000000000038,0.8751999999999995,5.029299999999999,2.2172,15.8788,33.8025375,30.147737500000005,0.8842249999999998,3.6211374999999997,2.227575,16.704575,-0.8537098060385062,0.009622586954324176
120.55,23.8,162.2805,SSP2-4.5,2021-2040,5.140800000000013,35.052800000000005,33.721900000000005,0.7911999999999999,5.1706999999999965,1.7309999999999999,16.2654,33.6692375,27.385237500000017,0.7797375000000004,3.667675,1.78275,17.072825,-0.8537098060385062,0.0728183673241156
120.55,23.85,169.5102,SSP2-4.5,2021-2040,-2.5759999999999934,33.3374,28.437799999999925,0.7811000000000021,6.836200000000005,1.1517000000000008,16.6269,33.531325,23.444225000000046,0.7772375,2.9881499999999983,1.5821125,17.399275,-0.8537098060385062,0.13601414769390704
120.55,23.9,177.276,SSP2-4.5,2021-2040,-0.7528000000000077,32.928000000000004,28.02760000000012,0.8017000000000003,3.598300000000002,1.4483000000000006,18.1577,33.0266625,21.875212500000032,0.9638875000000002,2.1918000000000006,1.1868500000000002,17.534375,-0.8537098060385062,0.19920992806369398
120.55,23.95,179.6715,SSP2-4.5,2021-2040,-3.6026999999999987,33.877599999999994,44.11760000000004,1.2496999999999971,-1.4258999999999986,0.7724000000000011,19.2635,33.026812500000005,9.11160000000001,0.847775,1.0323375000000006,0.9153000000000001,17.6766875,-0.8537098060385062,0.26240570843348543
120.55,24.0,185.4935,SSP2-4.5,2021-2040,-8.451600000000013,34.381600000000006,-2.0412999999998647,0.7154999999999987,0.3552000000000035,0.5533999999999999,18.9442,33.379025,1.7831124999999588,0.76755,-0.17844999999999978,0.5579625000000004,18.384387500000003,-0.8537098060385062,0.32560148880327683
120.55,24.05,167.6183,SSP2-4.5,2021-2040,-1.3857000000000141,33.9607,-20.15409999999997,0.6863000000000028,-0.7361999999999966,0.3172000000000006,19.9308,33.92585,-10.601762500000007,0.5089124999999992,0.040962499999999125,0.4239125,19.1317375,-0.8537098060385062,0.3887972691730683
120.55,24.1,160.576,SSP2-4.5,2021-2040,1.2104999999999961,33.330799999999996,-16.27870000000007,0.5111999999999988,0.8276000000000039,0.2862,19.6673,34.13085,-14.517624999999981,0.5146125000000001,0.42112499999999997,0.5213250000000001,19.884625000000003,-0.8537098060385062,0.4519930495428597
120.55,24.15,170.3301,SSP2-4.5,2021-2040,2.5666000000000224,33.0748,-24.172399999999925,0.4723000000000006,0.6535000000000011,0.6741000000000001,20.049999999999997,34.2785625,-14.748637500000001,0.6461000000000001,0.41831250000000164,0.33857499999999996,19.88245,-0.8537098060385062,0.5151888299126467
120.55,24.2,170.34,SSP2-4.5,2021-2040,6.7091000000000065,34.077999999999996,-26.178499999999985,1.0520999999999994,1.3706999999999994,0.15690000000000026,18.5038,34.080475,-13.260637500000001,0.6492250000000008,-0.05107499999999732,0.27369999999999994,19.940624999999997,-0.8537098060385062,0.578384610282438
120.55,24.25,176.9566,SSP2-4.5,2021-2040,10.177300000000002,34.494,-4.5840999999998076,0.8415999999999997,-1.179300000000005,0.2809999999999997,19.073100000000004,33.8256875,-3.819025000000039,0.839900000000001,0.4096875000000022,-0.06616250000000012,19.7466375,-0.8537098060385062,0.6415803906522295
120.55,24.3,164.6762,SSP2-4.5,2021-2040,9.324900000000014,33.707100000000004,11.888500000000022,0.940100000000001,0.5655000000000001,-0.07589999999999986,19.8827,33.1853,5.115962500000023,0.861600000000001,1.1146500000000001,-0.1534500000000001,19.7641875,-0.8537098060385062,0.704776171022021
120.55,24.35,156.3234,SSP2-4.5,2021-2040,6.3729000000000156,32.7724,0.9200000000000728,0.8725000000000023,2.1310000000000002,-0.19659999999999922,19.6327,32.906575000000004,16.575450000000046,0.9453875000000003,1.3234874999999988,-0.18405000000000016,19.699525,-0.8537098060385062,0.7679719513918124
120.55,24.4,152.6448,SSP2-4.5,2021-2040,6.514999999999986,31.8709,2.9962000000000444,0.8182000000000009,3.6206999999999994,-0.2862,20.0615,32.73735,19.84476250000003,1.0006875000000002,1.2239125,-0.2163750000000001,19.7348625,-0.8537098060385062,0.8311677317615993
120.6,22.35,235.3471,SSP2-4.5,2021-2040,-20.108100000000007,39.15689999999999,45.734100000000126,1.6912999999999982,6.770699999999991,1.891399999999999,17.394199999999998,37.13985,41.994537500000064,1.2972500000000005,7.992025000000001,2.1321000000000003,16.38125,-0.7480159659572849,-1.759859263399809
120.6,22.4,257.9927,SSP2-4.5,2021-2040,-17.451600000000013,39.706,74.37740000000008,1.2372999999999976,4.3034000000000034,2.194799999999999,17.480800000000002,38.0769375,45.94705000000002,1.3601499999999995,6.475662500000001,2.135975,17.0649,-0.7480159659572849,-1.696663483030022
120.6,22.45,287.9199,SSP2-4.5,2021-2040,-23.586199999999963,38.9714,79.46900000000005,1.3460999999999999,4.1810000000000045,2.0809999999999995,17.2885,37.147487500000004,52.73494999999997,1.2797,5.418325000000002,2.4133500000000003,17.003612500000003,-0.7480159659572849,-1.6334677026602307
120.6,22.5,316.9811,SSP2-4.5,2021-2040,-30.310100000000034,37.12030000000001,49.98339999999962,1.3022000000000027,3.072400000000002,2.3344999999999985,17.6577,36.774725000000004,40.990825,1.2144124999999995,4.421987500000001,2.708825,16.94785,-0.7480159659572849,-1.570271922290439
120.6,22.55,316.2605,SSP2-4.5,2021-2040,-29.945400000000006,37.169200000000004,-7.711199999999735,1.2486999999999995,3.2154999999999987,3.0793,17.975,35.8476625,21.47691249999994,1.1455499999999996,3.194825,3.1368499999999995,17.079337499999998,-0.7480159659572849,-1.5070761419206478
120.6,22.6,287.5262,SSP2-4.5,2021-2040,-20.231899999999996,34.9795,-18.765899999999874,1.497799999999998,1.6293000000000006,3.3447999999999993,16.903799999999997,35.306875000000005,-21.840250000000054,1.0022000000000002,3.5920249999999987,3.3870625,16.95675,-0.7480159659572849,-1.4438803615508562
120.6,22.65,297.1287,SSP2-4.5,2021-2040,-19.087999999999965,33.7795,-58.915300000000116,1.0800000000000018,7.024100000000004,3.3775999999999993,16.3385,34.5871,-31.363037500000047,0.9621749999999998,3.0349125,3.4844625,16.664425,-0.7480159659572849,-1.3806845811810693
120.6,22.7,285.9173,SSP2-4.5,2021-2040,-9.003800000000012,33.4985,-36.553300000000036,0.8195000000000014,1.4707000000000008,3.029300000000001,16.3231,34.17205,-37.40803750000012,1.0221875000000002,4.905175000000001,3.5930999999999997,15.9987875,-0.7480159659572849,-1.317488800811278
120.6,22.75,274.4394,SSP2-4.5,2021-2040,-6.8361999999999625,32.399899999999995,-7.78630000000021,1.0596999999999994,2.7258999999999958,3.2621,14.7942,34.398512499999995,-41.457362500000045,1.1286999999999998,5.139662500000001,3.671975,15.82835,-0.7480159659572849,-1.2542930204414864
120.6,22.8,270.2769,SSP2-4.5,2021-2040,-13.276499999999999,33.85079999999999,-36.3141999999998,1.407399999999999,4.619,3.5465999999999998,14.7192,34.2444875,-46.907687500000065,1.2533499999999997,5.992899999999999,3.5758625000000004,15.6233125,-0.7480159659572849,-1.191097240071695
120.6,22.85,272.7929,SSP2-4.5,2021-2040,-6.907999999999959,34.1434,-36.75489999999991,1.457699999999999,7.801699999999997,3.0275999999999996,14.890400000000001,34.507862499999995,-56.171950000000095,1.3401749999999995,6.8603625,3.43405,15.5303,-0.7480159659572849,-1.1279014597019037
120.6,22.9,290.1625,SSP2-4.5,2021-2040,-9.646900000000016,33.848499999999994,-42.17460000000028,1.3055999999999983,7.2879000000000005,3.293099999999999,13.490400000000001,34.4237875,-56.85756250000003,1.2981499999999992,8.454325,3.1282375,15.485112500000001,-0.7480159659572849,-1.0647056793321166
120.6,22.95,313.2142,SSP2-4.5,2021-2040,-10.295900000000017,33.539100000000005,-50.11349999999993,1.481300000000001,11.049999999999997,3.2828,13.655800000000001,34.117000000000004,-43.53995000000009,1.1155124999999995,7.985337500000001,2.9422249999999996,14.9781375,-0.7480159659572849,-1.0015098989623252
120.6,23.0,334.2407,SSP2-4.5,2021-2040,-4.512299999999982,33.4442,-60.66890000000012,0.795300000000001,9.030999999999999,2.4292999999999996,14.1327,33.930899999999994,-56.18814999999995,1.0040375,8.6956875,2.7650750000000004,14.8435125,-0.7480159659572849,-0.9383141185925338
120.6,23.05,362.2545,SSP2-4.5,2021-2040,-2.120200000000011,34.62290000000001,-69.6298999999999,1.0336999999999996,9.727600000000002,2.5740999999999996,14.982699999999998,33.7793875,-53.95241249999998,0.8528250000000002,8.236624999999998,2.6318875,14.901687499999998,-0.7480159659572849,-0.8751183382227424
120.6,23.1,383.8683,SSP2-4.5,2021-2040,-3.8899999999999864,34.31,-41.22310000000016,0.8902999999999999,8.325899999999997,2.4741,15.0327,34.463675,-54.13043750000003,0.8885874999999999,8.5403,2.7877124999999996,15.446874999999999,-0.7480159659572849,-0.811922557852951
120.6,23.15,369.5087,SSP2-4.5,2021-2040,2.373700000000042,35.147400000000005,-18.05520000000024,0.8879999999999981,7.069000000000003,2.8034,15.4038,34.9105875,-41.04382500000003,0.9575,7.987924999999999,2.8808125,15.976225,-0.7480159659572849,-0.748726777483164
120.6,23.2,315.9903,SSP2-4.5,2021-2040,-3.9067000000000007,35.38849999999999,-46.16040000000021,0.9882999999999988,8.727599999999995,3.3293,16.2558,34.9430125,-51.926800000000014,0.9401125000000006,7.1700375,2.6739125,16.1839125,-0.7480159659572849,-0.6855309971133726
120.6,23.25,305.9738,SSP2-4.5,2021-2040,-0.4527999999999679,35.04259999999999,-97.9058,0.8643999999999998,7.720700000000001,2.0275999999999996,16.7962,34.093525,-74.45638749999989,0.9326500000000006,7.088574999999998,2.6096875,16.2303,-0.7480159659572849,-0.6223352167435812
120.6,23.3,334.1415,SSP2-4.5,2021-2040,-4.374799999999993,33.4101,-92.25139999999965,1.006499999999999,6.620699999999999,2.4879,16.3442,33.4871,-83.38892499999992,1.0250250000000007,6.569174999999998,2.1834125,16.8081875,-0.7480159659572849,-0.5591394363737897
120.6,23.35,322.9772,SSP2-4.5,2021-2040,3.3917000000000144,33.8976,-24.93040000000019,1.6704000000000008,4.503399999999999,1.7896999999999998,18.1308,33.2864625,-109.6627499999999,0.91635,5.894624999999998,2.1883625,17.4814875,-0.7480159659572849,-0.4959436560039983
120.6,23.4,338.4893,SSP2-4.5,2021-2040,-0.780399999999986,33.99870000000001,-148.98050000000012,1.1015999999999977,5.0430999999999955,1.9397000000000002,19.321199999999997,33.4005375,-107.99442499999998,0.8279875000000003,4.57435,2.1926625,18.239175,-0.7480159659572849,-0.43274787563421135
120.6,23.45,332.1796,SSP2-4.5,2021-2040,-4.9044999999999845,32.058400000000006,-132.38419999999996,0.4007000000000005,2.0465000000000018,3.1172000000000004,19.1269,33.347837500000004,-138.24290000000002,0.6333124999999997,3.8827749999999996,2.3959,18.3862875,-0.7480159659572849,-0.3695520952644199
120.6,23.5,343.8021,SSP2-4.5,2021-2040,-4.932099999999991,32.2483,-118.93119999999999,0.3478999999999992,2.4069000000000003,3.5586,18.834600000000002,33.39398750000001,-120.60673750000001,0.5977124999999996,2.6985,2.849125,18.2660875,-0.7480159659572849,-0.3063563148946285
120.6,23.55,327.9692,SSP2-4.5,2021-2040,-8.25909999999999,35.192499999999995,-125.4670000000001,0.4435000000000002,1.3258999999999972,3.970700000000001,19.053800000000003,33.1325625,-101.24563749999996,0.6315999999999993,2.5006625,3.0918125,17.7288375,-0.7480159659572849,-0.24316053452483705
120.6,23.6,256.096,SSP2-4.5,2021-2040,7.192999999999984,31.9476,-104.42920000000004,0.6878999999999991,3.1465999999999994,3.8759000000000015,16.4981,33.7897875,-57.62953749999994,0.8007749999999998,2.482125000000001,3.4730749999999997,17.4069625,-0.7480159659572849,-0.17996475415504562
120.6,23.65,200.8481,SSP2-4.5,2021-2040,6.633700000000005,33.7241,-20.79009999999994,1.0557000000000016,3.4345,4.0328,16.921200000000002,33.199275,-21.17743749999994,0.9783124999999995,2.855612500000001,3.4567,16.5572,-0.7480159659572849,-0.11676897378525869
120.6,23.7,198.1259,SSP2-4.5,2021-2040,-1.2117000000000075,32.93320000000001,48.08609999999999,1.3034999999999997,3.5793000000000035,3.8827999999999996,16.0327,33.344225,17.06820000000002,1.1142374999999998,3.3086375000000006,3.2885875,16.187975,-0.7480159659572849,-0.053573193415467256
120.6,23.75,189.4702,SSP2-4.5,2021-2040,-5.591399999999993,33.265600000000006,59.68180000000007,1.1705000000000005,2.989699999999999,2.7189999999999994,15.688500000000001,33.7797875,32.82987499999999,1.0350374999999996,3.3263,2.7931,16.2149,-0.7480159659572849,0.009622586954324176
120.6,23.8,177.3559,SSP2-4.5,2021-2040,-4.7483,33.892799999999994,32.76990000000001,0.7506999999999984,2.7430999999999983,2.0,15.882700000000002,33.8781625,28.821787500000028,0.9210000000000007,4.230825,2.271975,16.5149125,-0.7480159659572849,0.0728183673241156
120.6,23.85,177.3776,SSP2-4.5,2021-2040,-5.052799999999991,33.50769999999999,9.544500000000198,0.7087000000000003,4.422399999999996,1.8137999999999996,17.2923,33.8907625,20.840700000000027,0.8195000000000006,3.4704750000000004,1.8390125000000004,16.6800625,-0.7480159659572849,0.13601414769390704
120.6,23.9,169.1613,SSP2-4.5,2021-2040,1.275199999999984,33.18860000000001,22.495200000000068,0.8882000000000012,1.1499999999999986,1.6259000000000006,16.4808,33.97985,14.520287500000052,0.8857249999999999,3.1196,1.4562500000000003,17.6468875,-0.7480159659572849,0.19920992806369398
120.6,23.95,169.1359,SSP2-4.5,2021-2040,3.59820000000002,34.199000000000005,23.10480000000007,1.1247000000000007,3.7845000000000013,1.2293000000000003,18.0731,34.156875,8.844075000000032,0.8124749999999992,0.7486999999999995,1.1771625000000006,18.018524999999997,-0.7480159659572849,0.26240570843348543
120.6,24.0,185.8405,SSP2-4.5,2021-2040,-7.134999999999991,34.38249999999999,-9.6092000000001,0.4704000000000015,-1.6293000000000006,0.6431000000000004,18.088499999999996,34.66945,2.0446750000000407,0.7751749999999995,0.8577500000000002,0.8946125000000005,19.0291,-0.7480159659572849,0.32560148880327683
120.6,24.05,185.0339,SSP2-4.5,2021-2040,-9.328399999999988,35.1391,-10.411299999999983,0.40119999999999933,1.8740999999999985,0.5190000000000001,20.223100000000002,34.769949999999994,-11.694099999999992,0.5972875000000002,0.9112125000000013,0.6829750000000003,19.471400000000003,-0.7480159659572849,0.3887972691730683
120.6,24.1,179.1346,SSP2-4.5,2021-2040,-7.331099999999992,35.900800000000004,-7.323699999999917,0.5810999999999993,2.4654999999999987,0.7275999999999998,21.465400000000002,34.881675,-17.361512500000003,0.5041500000000001,1.6189750000000016,0.6250125000000004,20.225250000000003,-0.7480159659572849,0.4519930495428597
120.6,24.15,188.8,SSP2-4.5,2021-2040,-2.2267000000000223,35.5291,-3.608699999999999,0.5859999999999985,3.036200000000001,0.9690000000000003,21.7327,34.96325,-20.292087500000008,0.586125,1.0459125000000018,0.47802500000000026,20.469224999999998,-0.7480159659572849,0.5151888299126467
120.6,24.2,189.5597,SSP2-4.5,2021-2040,5.532600000000002,35.09459999999999,1.6506999999999152,0.8087000000000018,-0.6344999999999956,0.3379000000000003,21.3923,34.879025,-17.770662499999986,0.5775125000000001,0.07265000000000033,0.4355625000000001,20.5072,-0.7480159659572849,0.578384610282438
120.6,24.25,180.3961,SSP2-4.5,2021-2040,9.069400000000002,34.7396,-6.45230000000015,0.584100000000003,0.6328000000000031,0.029300000000000104,21.3615,34.55475,3.443825000000004,0.7385250000000005,-0.6653000000000002,0.12693749999999993,20.465137499999997,-0.7480159659572849,0.6415803906522295
120.6,24.3,169.6259,SSP2-4.5,2021-2040,11.30510000000001,33.934799999999996,36.046299999999974,0.9466999999999999,1.7241,-0.3103000000000007,20.9231,33.6558625,16.449750000000023,0.8285125000000009,-0.21141250000000067,-0.06510000000000005,20.1865375,-0.7480159659572849,0.704776171022021
120.6,24.35,166.0059,SSP2-4.5,2021-2040,16.1721,31.8718,35.364500000000135,1.1550000000000011,1.2361999999999966,-0.4500000000000002,19.7346,32.914387500000004,23.766925000000015,0.9210250000000002,1.1829749999999999,-0.16917500000000008,20.120675,-0.7480159659572849,0.7679719513918124
120.6,24.4,157.7691,SSP2-4.5,2021-2040,8.886299999999977,31.882599999999996,7.273400000000038,0.7286000000000001,4.132799999999996,-0.10689999999999955,20.0519,32.480775,26.16605000000004,1.1231874999999998,1.6864124999999994,-0.18942500000000018,19.8502375,-0.7480159659572849,0.8311677317615993
120.65,22.25,217.9816,SSP2-4.5,2021-2040,-19.165699999999987,39.0316,-6.296100000000024,1.3476,13.6603,1.7896999999999998,16.8962,34.60175,16.559037499999988,1.2582625000000003,13.0763125,2.2633625000000004,15.2413375,-0.6423221258760335,-1.8862508241393918
120.65,22.3,240.0325,SSP2-4.5,2021-2040,-22.622600000000006,37.72690000000001,30.254400000000032,1.2081000000000017,13.674099999999996,2.0569000000000006,16.4038,34.387662500000005,17.795162500000032,1.2918750000000006,11.2166125,2.2771625,15.2124875,-0.6423221258760335,-1.8230550437696005
120.65,22.35,297.1076,SSP2-4.5,2021-2040,-25.25279999999998,36.565799999999996,25.422799999999825,0.9511000000000003,9.312100000000001,2.437900000000001,16.834600000000002,32.843875,32.12871250000009,1.2034500000000006,9.6855625,2.5127125,14.025712500000001,-0.6423221258760335,-1.759859263399809
120.65,22.4,339.4786,SSP2-4.5,2021-2040,-31.84559999999999,34.102500000000006,29.677500000000236,1.4446000000000012,6.789700000000003,2.812100000000001,17.311500000000002,33.8446,47.50366249999999,1.1819124999999988,7.050212499999999,2.5920125,14.7567375,-0.6423221258760335,-1.696663483030022
120.65,22.45,364.378,SSP2-4.5,2021-2040,-34.565,31.912600000000005,45.54999999999973,1.1207999999999956,5.262099999999997,2.8103000000000016,14.875,33.068200000000004,61.564974999999976,1.2556499999999997,5.682750000000002,2.9042999999999997,14.6625125,-0.6423221258760335,-1.6334677026602307
120.65,22.5,376.5089,SSP2-4.5,2021-2040,-33.65709999999996,32.22370000000001,63.434600000000046,1.2561999999999998,5.3431,2.780999999999999,15.3154,32.8949875,58.98803749999996,1.3595874999999986,4.7112,3.1607625,14.693999999999999,-0.6423221258760335,-1.570271922290439
120.65,22.55,414.5796,SSP2-4.5,2021-2040,-27.808500000000038,34.0632,35.50509999999986,1.5227999999999966,4.505199999999995,2.9259000000000004,16.2731,32.0756,36.9690875,1.4594375000000004,4.523912500000001,3.4266999999999994,14.507687500000001,-0.6423221258760335,-1.5070761419206478
120.65,22.6,455.9923,SSP2-4.5,2021-2040,-24.619500000000016,32.3442,-46.45000000000027,1.6007999999999996,6.256900000000002,3.8240999999999996,15.415400000000002,32.0864125,9.301537500000052,1.4275125000000002,4.337274999999999,3.184475,14.815862500000001,-0.6423221258760335,-1.4438803615508562
120.65,22.65,403.1326,SSP2-4.5,2021-2040,-20.452500000000043,33.7316,-55.56100000000015,1.043600000000005,5.206899999999997,2.7431,16.4404,32.005325,-12.108874999999955,1.43255,4.583612500000001,3.13145,14.7165875,-0.6423221258760335,-1.3806845811810693
120.65,22.7,389.3107,SSP2-4.5,2021-2040,-20.28480000000002,35.165000000000006,-44.18189999999959,1.0553999999999988,7.758600000000001,3.3000000000000007,16.5404,32.4587375,-24.16201250000006,1.3145374999999997,4.898275,2.9659500000000003,14.740862499999999,-0.6423221258760335,-1.317488800811278
120.65,22.75,360.4782,SSP2-4.5,2021-2040,-23.394100000000037,35.2574,-63.71070000000009,1.0719999999999992,9.387900000000002,3.7103,16.153799999999997,33.455037499999996,-37.32243749999992,1.3338124999999987,5.020262499999999,3.1278125,14.705275,-0.6423221258760335,-1.2542930204414864
120.65,22.8,369.6386,SSP2-4.5,2021-2040,-20.04989999999998,35.535199999999996,-102.04390000000012,1.3247,7.399999999999999,3.4534000000000002,15.701899999999998,32.840374999999995,-64.50099999999992,1.2951624999999987,6.648062499999999,3.1407500000000006,14.124500000000001,-0.6423221258760335,-1.191097240071695
120.65,22.85,361.9481,SSP2-4.5,2021-2040,-1.6405000000000314,35.628899999999994,-93.32979999999998,1.6343999999999994,6.896599999999999,2.819000000000001,17.221200000000003,33.310112499999995,-86.50102499999997,1.162424999999999,7.5762875,3.2463375,14.2798,-0.6423221258760335,-1.1279014597019037
120.65,22.9,342.0699,SSP2-4.5,2021-2040,-8.566300000000012,35.972899999999996,-115.73690000000033,1.3256999999999977,9.100000000000001,3.5138,16.5654,33.52397499999999,-100.7266249999999,0.8554749999999998,8.7388,3.2191875000000003,14.881987500000001,-0.6423221258760335,-1.0647056793321166
120.65,22.95,353.0599,SSP2-4.5,2021-2040,-8.949100000000044,35.680499999999995,-129.99089999999978,0.31759999999999877,9.584499999999998,2.5740999999999996,17.4596,33.8374125,-105.70622500000007,0.6265624999999999,8.494612499999999,3.1991375,14.958675,-0.6423221258760335,-1.0015098989623252
120.65,23.0,336.8459,SSP2-4.5,2021-2040,-4.352999999999952,34.27179999999999,-51.41409999999996,0.6255999999999986,3.774099999999997,3.0310000000000006,15.7481,33.525612499999994,-140.3214875,0.35647500000000054,9.692462499999998,2.792675,15.001199999999999,-0.6423221258760335,-0.9383141185925338
120.65,23.05,374.8571,SSP2-4.5,2021-2040,9.30189999999999,33.72509999999999,-150.15030000000024,0.2577999999999996,10.080999999999996,2.4414,14.878799999999998,33.838475,-116.21653749999996,0.4967999999999999,8.620474999999999,2.4493375,15.189662499999999,-0.6423221258760335,-0.8751183382227424
120.65,23.1,387.8653,SSP2-4.5,2021-2040,6.723099999999988,34.9047,-103.70219999999972,0.47449999999999903,9.670699999999997,2.4276,15.690399999999999,34.147625000000005,-83.97647500000005,0.7575499999999997,8.50625,2.570025,15.587975,-0.6423221258760335,-0.811922557852951
120.65,23.15,368.115,SSP2-4.5,2021-2040,14.113900000000001,36.026300000000006,-12.014400000000023,1.0231999999999992,6.637900000000002,3.1430999999999987,17.321199999999997,34.596175,-41.62430000000006,1.0226124999999993,8.119187499999999,2.6667875,15.826687499999998,-0.6423221258760335,-0.748726777483164
120.65,23.2,339.2139,SSP2-4.5,2021-2040,16.548099999999977,36.5096,-9.291200000000117,1.3491,6.484500000000004,2.6103000000000005,17.1962,34.567912500000006,-38.02653750000013,1.1745374999999996,7.457112500000001,2.6555875,16.1795875,-0.6423221258760335,-0.6855309971133726
120.65,23.25,301.5406,SSP2-4.5,2021-2040,9.929200000000037,35.2092,-85.16629999999986,1.0633000000000017,7.444800000000001,2.0448000000000004,16.1712,34.7276125,-53.075800000000015,1.2390624999999997,7.2271625,2.6189625000000003,16.7050625,-0.6423221258760335,-0.6223352167435812
120.65,23.3,315.2784,SSP2-4.5,2021-2040,11.96690000000001,32.743300000000005,-48.254399999999805,1.4512,6.282799999999995,2.1327999999999996,16.6404,35.007662499999995,-65.6466375,1.2700875000000003,6.6346875,2.1739125,17.152424999999997,-0.6423221258760335,-0.5591394363737897
120.65,23.35,338.7004,SSP2-4.5,2021-2040,9.83019999999999,34.2944,-27.539800000000014,1.507200000000001,5.827599999999997,1.7086000000000006,18.2827,34.6531625,-88.43993749999998,1.1621125,5.965074999999999,2.1752249999999997,17.4517,-0.6423221258760335,-0.4959436560039983
120.65,23.4,378.3673,SSP2-4.5,2021-2040,-7.037899999999979,35.1594,-133.08449999999993,0.8055000000000021,4.668999999999997,1.7861999999999991,17.4423,34.1160625,-94.89478750000006,1.0636500000000004,5.1348875000000005,2.1463375,18.1593875,-0.6423221258760335,-0.43274787563421135
120.65,23.45,414.5657,SSP2-4.5,2021-2040,-8.648599999999988,34.574600000000004,-146.96630000000005,0.8427000000000007,4.693100000000001,2.1654999999999998,18.511499999999998,33.18797500000001,-145.750675,0.7083125000000003,4.0637875,2.3627124999999998,17.9855875,-0.6423221258760335,-0.3695520952644199
120.65,23.5,438.6241,SSP2-4.5,2021-2040,-17.93720000000002,32.7075,-202.54910000000018,0.7027999999999999,3.0844999999999985,2.1431000000000004,17.3,33.6176875,-132.4477625,0.6398500000000005,2.709275,2.78835,18.3992625,-0.6423221258760335,-0.3063563148946285
120.65,23.55,361.7503,SSP2-4.5,2021-2040,-10.851399999999956,35.011700000000005,-120.13400000000001,0.7545999999999999,1.6258999999999943,2.536199999999999,19.044200000000004,33.550200000000004,-131.14462499999996,0.6051124999999997,2.090325,3.101725,17.819225000000003,-0.6423221258760335,-0.24316053452483705
120.65,23.6,293.7536,SSP2-4.5,2021-2040,9.195899999999995,33.944,-123.25679999999966,0.621500000000001,1.9224000000000032,3.3414,18.1231,34.3426125,-77.42013750000004,0.8096874999999999,1.9903374999999999,3.6597125,17.941100000000002,-0.6423221258760335,-0.17996475415504562
120.65,23.65,246.2337,SSP2-4.5,2021-2040,14.4452,32.2811,-58.9369999999999,0.9867999999999988,2.389700000000005,4.8483,16.75,34.26675,-38.57137499999993,0.9845999999999995,2.2153125000000014,3.6894625000000003,17.541825000000003,-0.6423221258760335,-0.11676897378525869
120.65,23.7,209.2149,SSP2-4.5,2021-2040,5.899399999999986,33.8849,2.7929999999998927,1.2810999999999986,1.1585999999999999,3.9345,16.6038,34.19777500000001,4.880475000000018,1.1631874999999998,2.9332125000000007,3.7092875000000003,17.2413625,-0.6423221258760335,-0.053573193415467256
120.65,23.75,199.5551,SSP2-4.5,2021-2040,-4.855199999999996,34.1109,52.62279999999987,1.312899999999999,3.1189999999999998,3.4724000000000004,16.673099999999998,34.0530625,22.189400000000035,1.1127874999999996,2.6291,3.1189875000000002,16.7274125,-0.6423221258760335,0.009622586954324176
120.65,23.8,200.0373,SSP2-4.5,2021-2040,-8.377499999999998,34.1955,32.46289999999999,0.9154000000000018,2.291400000000003,2.819000000000001,16.9058,33.8192875,21.530387500000018,1.0007375000000005,3.5096999999999996,2.614225,16.663725,-0.6423221258760335,0.0728183673241156
120.65,23.85,194.0294,SSP2-4.5,2021-2040,-4.648899999999998,34.02569999999999,-9.405399999999872,0.8130000000000024,3.9879000000000033,2.2516999999999996,16.7885,33.8799,16.964562500000028,0.9026250000000005,2.6668125,2.1181125,16.6483375,-0.6423221258760335,0.13601414769390704
120.65,23.9,181.6138,SSP2-4.5,2021-2040,2.8592000000000155,34.5053,-1.7843000000000302,0.8146999999999984,1.9861999999999966,1.6844999999999999,16.3327,34.2243875,6.8434875000000375,0.912850000000001,2.2301625000000005,1.6734875000000002,17.2795875,-0.6423221258760335,0.19920992806369398
120.65,23.95,181.2748,SSP2-4.5,2021-2040,-0.2622000000000071,35.4581,-5.880300000000034,0.7921999999999976,1.7671999999999954,1.2983000000000011,18.6404,34.5775125,7.088574999999992,0.9150750000000007,0.06529999999999969,1.2788875000000004,17.5634875,-0.6423221258760335,0.26240570843348543
120.65,24.0,179.1852,SSP2-4.5,2021-2040,-2.532800000000009,34.5333,-4.572699999999941,0.7673999999999985,0.18789999999999907,1.3914,18.2404,35.2593125,0.11992499999996653,0.8107125000000002,0.15107499999999963,0.9901000000000004,18.5925625,-0.6423221258760335,0.32560148880327683
120.65,24.05,190.7765,SSP2-4.5,2021-2040,-7.086600000000004,35.8062,-7.805299999999988,0.46440000000000126,1.0551999999999992,1.0759000000000007,18.9173,35.515037500000005,-9.41716249999999,0.7216999999999998,0.7448249999999996,0.8683375000000002,19.501212499999998,-0.6423221258760335,0.3887972691730683
120.65,24.1,194.7942,SSP2-4.5,2021-2040,-13.240899999999982,35.86370000000001,-25.76780000000008,0.5820000000000007,4.763800000000003,0.4690000000000012,20.5173,35.805049999999994,-19.222624999999937,0.5626124999999993,1.9707,0.8200625000000001,20.15,-0.6423221258760335,0.4519930495428597
120.65,24.15,204.3697,SSP2-4.5,2021-2040,-7.996700000000004,36.349,-30.69380000000001,0.32979999999999876,1.4776000000000025,0.6897000000000002,20.7635,35.643225,-23.38258749999997,0.5448875000000002,0.9194000000000004,0.6209125000000002,20.8596,-0.6423221258760335,0.5151888299126467
120.65,24.2,200.7228,SSP2-4.5,2021-2040,-6.615100000000012,36.014300000000006,-33.57249999999999,0.3518000000000008,-2.556899999999999,0.4828000000000001,21.394199999999998,35.213387499999996,-19.84642500000001,0.4671625000000006,-0.243949999999999,0.4745625,20.9309875,-0.6423221258760335,0.578384610282438
120.65,24.25,198.4469,SSP2-4.5,2021-2040,5.346499999999992,34.753400000000006,-12.90300000000002,0.4024000000000001,-2.8534000000000006,0.20169999999999977,21.1788,34.6573125,7.28064999999998,0.5615250000000009,-1.4245624999999995,0.23124999999999973,21.00095,-0.6423221258760335,0.6415803906522295
120.65,24.3,177.468,SSP2-4.5,2021-2040,11.63760000000002,34.3618,55.203199999999924,0.5648000000000017,-1.7586000000000013,-0.05860000000000021,21.3731,33.583800000000004,27.36862500000001,0.8030000000000004,-0.899775,-0.06660000000000044,20.316825,-0.6423221258760335,0.704776171022021
120.65,24.35,175.6112,SSP2-4.5,2021-2040,18.93039999999999,32.546800000000005,52.16120000000001,1.267599999999998,-0.4654999999999987,-0.2517000000000005,19.2558,32.8376875,41.28218750000002,0.9936624999999997,0.5961249999999989,-0.16615000000000035,20.101212500000003,-0.6423221258760335,0.7679719513918124
120.65,24.4,177.823,SSP2-4.5,2021-2040,10.860399999999998,32.2387,23.646600000000035,1.2296999999999976,-0.48619999999999663,-0.06720000000000059,19.7846,32.37995,31.344325000000026,1.219525,2.4021624999999975,-0.12607500000000005,19.683175,-0.6423221258760335,0.8311677317615993
120.65,24.45,163.5848,SSP2-4.5,2021-2040,9.177099999999996,32.443099999999994,10.300500000000056,1.0957000000000008,1.5878999999999976,0.05689999999999973,20.269199999999998,32.201350000000005,23.113225,1.2340249999999995,3.265112499999999,-0.127575,19.6625,-0.6423221258760335,0.8943635121313908
120.65,24.5,160.682,SSP2-4.5,2021-2040,7.906300000000016,32.26749999999999,12.850400000000036,0.8867000000000012,3.3965999999999994,-0.14999999999999947,20.075,31.985999999999997,12.395962499999968,1.2446624999999996,3.5969999999999986,-0.156675,19.5418125,-0.6423221258760335,0.9575592925011822
120.7,21.95,230.9297,SSP2-4.5,2021-2040,-27.645399999999995,38.027100000000004,-64.51330000000007,0.1872000000000007,14.955199999999998,2.5862,15.142300000000002,37.538725,-56.51219999999998,0.0933250000000001,14.521762500000001,2.7709125000000006,15.2615375,-0.5366282857948123,-2.265425506358136
120.7,22.0,237.8747,SSP2-4.5,2021-2040,-32.240099999999984,36.777499999999996,-16.337099999999964,-0.11560000000000059,7.258600000000001,2.293100000000001,14.740400000000001,37.469825,-44.60532500000002,0.19760000000000044,13.706899999999997,2.5487125,15.3704375,-0.5366282857948123,-2.2022297259883445
120.7,22.05,245.2909,SSP2-4.5,2021-2040,-31.144900000000007,38.36520000000001,-14.207899999999881,-0.07900000000000063,10.415499999999994,1.6776,13.8865,37.069325000000006,-19.024312500000036,0.3763625000000004,11.228224999999998,2.2732625000000004,15.204575,-0.5366282857948123,-2.139033945618553
120.7,22.1,238.3069,SSP2-4.5,2021-2040,-20.846900000000005,37.1482,38.01279999999997,0.23840000000000217,6.465499999999992,1.5361999999999991,13.165400000000002,36.338837500000004,-13.498712499999982,0.7362375000000001,10.819174999999998,2.0681000000000003,15.292549999999999,-0.5366282857948123,-2.0758381652487614
120.7,22.15,223.9088,SSP2-4.5,2021-2040,-20.370400000000018,36.5478,15.861499999999978,0.5881000000000007,5.960300000000004,1.4741,15.557699999999999,35.81847500000001,4.338799999999992,1.0437125000000007,10.708624999999998,1.9719874999999998,15.356725,-0.5366282857948123,-2.0126423848789745
120.7,22.2,211.7954,SSP2-4.5,2021-2040,-15.258199999999988,37.563,-13.807600000000093,1.3170000000000002,11.743100000000005,1.8914000000000009,17.105800000000002,34.769850000000005,15.932787500000046,1.1563375000000002,11.545912499999998,2.0282374999999995,14.829825,-0.5366282857948123,-1.9494466045091832
120.7,22.25,217.0396,SSP2-4.5,2021-2040,-15.248400000000004,36.15990000000001,1.079200000000128,1.3765,12.382800000000003,1.9430999999999994,16.7538,34.10176250000001,13.648849999999982,1.3697,13.908625,2.3668250000000004,14.7012125,-0.5366282857948123,-1.8862508241393918
120.7,22.3,259.9265,SSP2-4.5,2021-2040,-23.44459999999998,32.2177,9.147200000000112,1.0831000000000017,15.398299999999999,2.3447999999999993,13.269199999999998,32.8884875,17.90372500000001,1.2407875000000006,12.8625125,2.3875,13.9502375,-0.5366282857948123,-1.8230550437696005
120.7,22.35,330.0179,SSP2-4.5,2021-2040,-27.300700000000006,27.153399999999998,10.74850000000015,1.0686000000000035,11.663799999999995,2.5569000000000006,10.450000000000001,30.684937500000004,24.590537499999982,1.1454375000000008,10.7409625,2.6943875000000004,12.829075,-0.5366282857948123,-1.759859263399809
120.7,22.4,431.5457,SSP2-4.5,2021-2040,-41.78090000000003,27.991100000000003,32.07099999999991,0.8053999999999988,8.479300000000002,3.1914,11.2481,28.6361875,38.72954999999996,1.2282250000000001,8.192474999999998,2.9739000000000004,11.860575,-0.5366282857948123,-1.696663483030022
120.7,22.45,438.457,SSP2-4.5,2021-2040,-39.291,29.299599999999998,66.65650000000005,1.2346999999999966,6.429299999999998,3.5724,12.482700000000001,27.242225,59.99347499999993,1.3396375000000003,6.878675,3.25515,11.0927875,-0.5366282857948123,-1.6334677026602307
120.7,22.5,444.0645,SSP2-4.5,2021-2040,-34.3134,25.130999999999993,96.85039999999981,1.4187000000000012,6.863800000000005,4.267200000000001,8.5154,28.162175,75.59364999999997,1.483437499999999,5.610349999999999,3.342225,12.09015,-0.5366282857948123,-1.570271922290439
120.7,22.55,488.9889,SSP2-4.5,2021-2040,-29.58050000000003,29.492599999999996,105.60110000000032,1.682699999999997,4.160299999999999,4.2155000000000005,12.4846,27.345575,57.74922499999991,1.5578375000000007,5.925649999999999,3.3592499999999994,11.8997625,-0.5366282857948123,-1.5070761419206478
120.7,22.6,562.3419,SSP2-4.5,2021-2040,-13.456099999999992,28.144299999999994,52.8103000000001,1.6684000000000054,5.649999999999999,3.5671999999999997,11.7942,27.989937500000003,31.154512499999896,1.5527249999999997,5.275649999999998,2.986425,12.776687500000001,-0.5366282857948123,-1.4438803615508562
120.7,22.65,544.4473,SSP2-4.5,2021-2040,-3.160000000000082,25.331400000000002,21.44920000000002,1.6760999999999981,3.306899999999999,2.2224000000000004,10.3173,29.691225,10.721937499999967,1.5925875000000005,5.878662499999999,2.771325,13.632449999999999,-0.5366282857948123,-1.3806845811810693
120.7,22.7,490.1472,SSP2-4.5,2021-2040,-6.544199999999989,32.8002,33.73590000000013,2.0623999999999967,3.572400000000002,2.3861999999999988,14.099999999999998,30.8239375,-2.495900000000006,1.5066499999999992,5.894187499999999,2.6618500000000003,13.6632125,-0.5366282857948123,-1.317488800811278
120.7,22.75,464.0424,SSP2-4.5,2021-2040,-17.2783,32.8714,-25.954600000000028,1.7029999999999959,6.491399999999999,2.996600000000001,13.459599999999998,32.093424999999996,-17.43334999999996,1.4235124999999988,5.871975,2.8021375,13.7329125,-0.5366282857948123,-1.2542930204414864
120.7,22.8,459.2751,SSP2-4.5,2021-2040,-8.642300000000034,31.519299999999994,-79.48119999999972,1.2383999999999986,6.1240999999999985,3.048300000000001,12.003799999999998,31.0655625,-61.34027500000002,1.143712499999999,6.558199999999999,2.9857750000000003,12.9511875,-0.5366282857948123,-1.191097240071695
120.7,22.85,452.4225,SSP2-4.5,2021-2040,-7.8659999999999854,27.051899999999996,-172.67629999999963,0.7886999999999986,9.137900000000002,2.7155000000000005,9.753800000000002,31.550937499999996,-97.28318750000005,0.7772375,7.2276,3.2661625,13.748312499999999,-0.5366282857948123,-1.1279014597019037
120.7,22.9,392.5271,SSP2-4.5,2021-2040,-5.354600000000005,34.5589,-106.82619999999997,0.45120000000000005,9.139700000000005,3.3724000000000007,17.1135,31.655424999999994,-152.27812499999993,0.2848250000000001,8.56295,3.4799625,14.063225,-0.5366282857948123,-1.0647056793321166
120.7,22.95,420.996,SSP2-4.5,2021-2040,-15.5351,33.7406,-173.9467999999997,-0.5926999999999971,9.012099999999997,4.6690000000000005,15.471200000000001,32.650812499999994,-176.81905000000006,0.10703749999999967,8.573500000000001,3.1458875,14.953375,-0.5366282857948123,-1.0015098989623252
120.7,23.0,394.6266,SSP2-4.5,2021-2040,-10.972199999999987,31.323299999999996,-244.76880000000028,-0.37950000000000017,9.562100000000001,2.0016999999999996,13.4923,32.45581249999999,-198.72641249999998,-0.05351249999999963,8.533625,3.0060374999999997,14.900487499999999,-0.5366282857948123,-0.9383141185925338
120.7,23.05,410.8476,SSP2-4.5,2021-2040,-0.5708999999999946,32.1292,-243.30279999999993,-0.06169999999999831,9.491399999999999,2.3689999999999998,15.936499999999999,32.621075,-184.99897500000003,0.18058749999999923,8.604737499999999,2.4842625,14.555775,-0.5366282857948123,-0.8751183382227424
120.7,23.1,402.7462,SSP2-4.5,2021-2040,9.57220000000001,35.7017,-115.02249999999958,0.5961999999999996,9.381,2.2879000000000005,16.5019,33.105824999999996,-141.23948750000005,0.5262249999999993,8.85065,2.5303999999999998,15.384625,-0.5366282857948123,-0.811922557852951
120.7,23.15,376.2442,SSP2-4.5,2021-2040,12.709500000000048,31.5184,-22.413600000000315,1.4329,7.336199999999998,2.4672,14.6462,34.3494625,-73.96351249999992,0.9128374999999989,8.332975000000001,2.549575,16.0449625,-0.5366282857948123,-0.748726777483164
120.7,23.2,364.7975,SSP2-4.5,2021-2040,16.87469999999996,33.289100000000005,22.873799999999846,1.5615999999999985,7.958600000000004,2.9345,15.8865,33.797399999999996,-50.32526250000001,1.2287124999999994,7.566375000000002,2.3984750000000004,15.7091625,-0.5366282857948123,-0.6855309971133726
120.7,23.25,319.5886,SSP2-4.5,2021-2040,24.062999999999988,34.921800000000005,-45.370400000000245,1.5746000000000002,6.762100000000004,2.4948000000000015,16.955800000000004,33.745900000000006,-57.42138749999998,1.2532999999999999,7.5034375,2.311425,15.6166,-0.5366282857948123,-0.6223352167435812
120.7,23.3,324.5851,SSP2-4.5,2021-2040,12.895800000000008,36.515899999999995,-108.24659999999994,1.1168000000000013,7.260300000000001,2.9345,17.5654,34.064075,-63.38145000000003,1.2949375,6.967025,1.9930875000000003,16.06925,-0.5366282857948123,-0.5591394363737897
120.7,23.35,357.7791,SSP2-4.5,2021-2040,7.021499999999946,36.7697,-43.76240000000007,1.3574999999999982,6.937899999999999,1.9033999999999995,16.9731,34.5299125,-82.54192500000005,1.085737500000001,5.9937499999999995,2.1689749999999997,16.8319875,-0.5366282857948123,-0.4959436560039983
120.7,23.4,387.3973,SSP2-4.5,2021-2040,-12.376199999999983,34.730599999999995,-108.00930000000017,0.7874000000000017,6.403400000000005,2.4276,17.1962,34.3261375,-88.77056250000004,1.0294000000000008,5.214012500000001,2.038575,17.3365375,-0.5366282857948123,-0.43274787563421135
120.7,23.45,410.6323,SSP2-4.5,2021-2040,-17.910500000000013,32.6045,-126.58539999999994,0.841700000000003,5.624100000000006,2.1189999999999998,17.732699999999998,33.761812500000005,-134.12025,0.7635375000000004,3.9276,2.1456874999999993,17.28245,-0.5366282857948123,-0.3695520952644199
120.7,23.5,447.641,SSP2-4.5,2021-2040,-21.317300000000046,31.9964,-195.48119999999972,0.6788999999999987,3.2327999999999975,1.8102999999999998,16.930799999999998,34.093625,-131.941975,0.6981000000000006,2.6748000000000003,2.3590499999999994,18.0122375,-0.5366282857948123,-0.3063563148946285
120.7,23.55,377.4282,SSP2-4.5,2021-2040,-5.776099999999985,35.25509999999999,-93.63280000000032,0.8088000000000015,0.7190000000000012,3.029299999999999,17.959600000000002,34.2447375,-137.28486249999986,0.5158999999999994,1.5752374999999992,2.674124999999999,17.8173,-0.5366282857948123,-0.24316053452483705
120.7,23.6,340.1265,SSP2-4.5,2021-2040,0.4621999999999957,35.110200000000006,-85.4096999999997,0.5495999999999981,0.8845000000000027,3.0844999999999985,17.8538,34.93075,-83.26025000000004,0.7062999999999997,1.4541125000000008,3.4579749999999994,18.151437500000004,-0.5366282857948123,-0.17996475415504562
120.7,23.65,260.59,SSP2-4.5,2021-2040,20.112900000000025,36.218599999999995,-10.561300000000301,1.1905999999999999,2.3965999999999994,3.9000000000000004,19.448100000000004,34.773875000000004,-47.60517499999989,0.8878874999999988,1.2140125000000017,3.6260874999999997,17.613925000000002,-0.5366282857948123,-0.11676897378525869
120.7,23.7,217.806,SSP2-4.5,2021-2040,21.734099999999984,36.3714,-15.002999999999702,1.1868999999999978,1.2000000000000028,3.463800000000001,18.8538,34.275962500000006,-1.6792375000000277,1.1779749999999996,2.2064749999999993,3.7961250000000004,17.1002375,-0.5366282857948123,-0.053573193415467256
120.7,23.75,202.2517,SSP2-4.5,2021-2040,7.7637,34.67730000000001,-16.055499999999938,1.0986000000000011,4.356899999999996,3.3552,17.563499999999998,34.162062500000005,25.483137500000055,1.2503249999999997,1.6254374999999994,3.4469875000000005,16.633175,-0.5366282857948123,0.009622586954324176
120.7,23.8,190.7907,SSP2-4.5,2021-2040,1.3305000000000007,33.203799999999994,32.77999999999997,1.1955999999999989,2.713799999999999,2.7775999999999996,16.2885,33.725925000000004,20.605700000000013,1.1054250000000017,2.4045250000000005,3.156025,16.474537499999997,-0.5366282857948123,0.0728183673241156
120.7,23.85,192.2506,SSP2-4.5,2021-2040,-1.6014999999999873,33.8705,10.304999999999836,0.9559000000000033,3.744800000000005,2.524099999999999,17.1327,33.9284375,9.389137500000032,1.0312875000000008,1.710137500000001,2.4810375000000002,16.5819875,-0.5366282857948123,0.13601414769390704
120.7,23.9,185.3979,SSP2-4.5,2021-2040,-1.637599999999992,34.675,-2.856699999999819,0.9918000000000013,2.2828000000000017,1.700000000000001,16.8712,34.3717625,-8.949937500000033,0.9395250000000006,0.6053750000000004,1.8821,17.2314875,-0.5366282857948123,0.19920992806369398
120.7,23.95,181.8069,SSP2-4.5,2021-2040,-3.6391000000000133,34.8705,7.440799999999854,1.0283000000000015,-3.2982999999999976,0.9448000000000008,16.9577,35.13001250000001,-11.154374999999987,0.9737749999999998,-0.7325500000000016,1.5437625000000001,17.9464,-0.5366282857948123,0.26240570843348543
120.7,24.0,180.7551,SSP2-4.5,2021-2040,1.1074000000000126,36.2659,22.490699999999833,1.2351000000000028,-3.9414000000000016,1.0121000000000002,19.463499999999996,35.468312499999996,-14.704350000000005,0.9411624999999995,-1.0327625000000005,1.3450500000000005,18.402875,-0.5366282857948123,0.32560148880327683
120.7,24.05,191.374,SSP2-4.5,2021-2040,-0.4358000000000004,35.95320000000001,-18.370799999999917,0.9693999999999967,1.5966000000000022,1.1982999999999997,18.3769,35.7622875,-19.22897500000002,0.9040750000000006,-0.3974125000000006,1.1506625000000001,19.1709125,-0.5366282857948123,0.3887972691730683
120.7,24.1,200.5656,SSP2-4.5,2021-2040,-5.9059999999999775,36.08180000000001,-21.77249999999981,0.7669999999999995,0.6413999999999973,0.9862000000000002,19.6346,35.6363875,-38.57672500000001,0.7077125,1.6185500000000008,0.8640250000000003,19.4858125,-0.5366282857948123,0.4519930495428597
120.7,24.15,211.7542,SSP2-4.5,2021-2040,-9.921300000000002,35.6812,-53.79489999999987,0.402000000000001,3.6189999999999998,0.39480000000000004,20.0865,35.4963875,-39.3359375,0.5745125000000004,0.36746249999999936,0.6642500000000001,20.3896625,-0.5366282857948123,0.5151888299126467
120.7,24.2,215.4407,SSP2-4.5,2021-2040,-5.870699999999999,34.9803,-42.87130000000002,0.28049999999999997,-3.979300000000002,0.5999999999999996,20.653799999999997,35.1126625,-30.17463749999999,0.43161250000000084,-0.4913749999999997,0.46876249999999997,20.786524999999997,-0.5366282857948123,0.578384610282438
120.7,24.25,214.8046,SSP2-4.5,2021-2040,4.112600000000015,34.5799,-10.098099999999931,0.34380000000000166,-3.25,0.5740999999999996,20.2788,34.5719625,1.1721749999999815,0.4809250000000005,-1.904725000000001,0.2909624999999998,21.1502375,-0.5366282857948123,0.6415803906522295
120.7,24.3,200.8877,SSP2-4.5,2021-2040,3.330900000000014,33.5532,58.33920000000012,0.6117999999999988,-1.5741000000000014,0.19479999999999897,20.6308,33.784425,27.546337499999993,0.7480875000000005,-1.5351249999999999,0.08276249999999974,20.3714,-0.5366282857948123,0.704776171022021
120.7,24.35,177.1856,SSP2-4.5,2021-2040,14.7543,32.6909,66.49119999999994,1.1126000000000005,-2.648299999999999,-0.5207000000000006,19.1712,33.136412500000006,39.77906250000004,1.0752624999999991,0.993549999999999,0.06509999999999982,20.126462500000002,-0.5366282857948123,0.7679719513918124
120.7,24.4,173.267,SSP2-4.5,2021-2040,13.642200000000003,32.1677,47.893100000000004,1.6000999999999976,4.143099999999997,-0.010299999999999976,19.1404,32.581625,30.276850000000024,1.2707124999999997,2.2737124999999994,-0.029087500000000155,19.638225,-0.5366282857948123,0.8311677317615993
120.7,24.45,170.5324,SSP2-4.5,2021-2040,19.745300000000015,32.36410000000001,7.5581999999999425,1.3789000000000016,5.162099999999995,-0.012100000000000222,19.4365,32.2051625,20.3897125,1.2856249999999996,3.5763124999999985,-0.05581249999999982,19.84375,-0.5366282857948123,0.8943635121313908
120.7,24.5,157.9655,SSP2-4.5,2021-2040,16.14930000000001,31.906200000000005,5.616899999999987,1.3775000000000013,4.4620999999999995,-0.34830000000000005,20.3981,31.890349999999998,17.985499999999973,1.2420374999999997,3.772862499999998,-0.13792499999999985,19.376187499999997,-0.5366282857948123,0.9575592925011822
120.7,24.55,154.1484,SSP2-4.5,2021-2040,9.135199999999998,31.4784,5.580399999999827,1.2378,3.8637999999999977,-0.40169999999999995,19.107699999999998,31.9642625,14.156987499999957,1.0846125000000004,3.883637499999999,-0.14654999999999974,19.497574999999998,-0.5366282857948123,1.0207550728709736
120.7,24.6,152.1908,SSP2-4.5,2021-2040,5.365800000000007,32.9269,13.915399999999863,1.0881000000000007,5.717200000000005,0.027600000000000513,19.4538,31.58145,13.320362499999959,0.9627624999999997,3.150224999999999,-0.30602499999999977,19.14975,-0.5366282857948123,1.0839508532407651
120.75,21.9,240.7403,SSP2-4.5,2021-2040,-29.13749999999999,37.198100000000004,-85.60930000000008,0.18290000000000006,15.729300000000002,2.7483000000000004,15.134599999999999,37.747475,-84.47040000000001,0.16987499999999978,16.0224,3.1321250000000003,15.344225,-0.4309344457135909,-2.3286212867279272
120.75,21.95,248.0101,SSP2-4.5,2021-2040,-36.40299999999999,37.335899999999995,-72.30629999999996,-0.06240000000000023,16.391399999999997,3.0638000000000005,15.759599999999999,37.6007125,-73.86336250000002,0.18781250000000016,15.304950000000002,2.9351375000000006,15.35625,-0.4309344457135909,-2.265425506358136
120.75,22.0,264.8936,SSP2-4.5,2021-2040,-41.915400000000005,37.571400000000004,-32.21090000000004,0.19739999999999824,14.615500000000004,3.279300000000001,14.8404,37.4898375,-61.274675,0.13606250000000042,14.461424999999998,2.6922500000000005,15.674999999999999,-0.4309344457135909,-2.2022297259883445
120.75,22.05,259.2501,SSP2-4.5,2021-2040,-31.44169999999997,37.530499999999996,-18.83459999999991,0.25390000000000157,13.175899999999999,2.101700000000001,14.6962,36.906150000000004,-37.890975000000026,0.438075,12.5607625,2.5209125,15.595424999999999,-0.4309344457135909,-2.139033945618553
120.75,22.1,243.7158,SSP2-4.5,2021-2040,-23.87379999999999,36.6008,17.233799999999974,1.1265,12.487899999999996,2.1034000000000006,15.3538,35.85657500000001,-23.79822500000003,0.7441500000000008,11.050862499999997,2.1484999999999994,15.4238,-0.4309344457135909,-2.0758381652487614
120.75,22.15,227.9635,SSP2-4.5,2021-2040,-10.01860000000002,32.3201,24.938300000000027,1.5074000000000005,9.905199999999994,1.8706999999999994,13.6962,35.292525,-7.966925000000032,1.1073875000000006,11.272624999999998,2.1890124999999996,15.646875,-0.4309344457135909,-2.0126423848789745
120.75,22.2,222.212,SSP2-4.5,2021-2040,-8.441000000000003,34.8069,23.374900000000025,1.2451000000000008,10.298299999999998,2.1707,15.948099999999998,33.501625000000004,3.270825000000002,1.4032375,12.5437625,2.3278125,14.881262500000002,-0.4309344457135909,-1.9494466045091832
120.75,22.25,227.0294,SSP2-4.5,2021-2040,-9.007500000000022,31.060300000000005,30.153300000000172,1.5129999999999981,18.046599999999998,2.8207000000000004,12.825000000000001,32.790575000000004,10.10514999999998,1.4220000000000002,13.665750000000001,2.4928999999999997,14.3399125,-0.4309344457135909,-1.8862508241393918
120.75,22.3,268.0443,SSP2-4.5,2021-2040,-16.598400000000026,30.713500000000003,26.848099999999704,1.3721999999999994,13.755200000000002,2.4414,12.790400000000002,30.0848875,17.978325000000098,1.3992875000000002,13.70325,2.7721999999999998,12.452637500000002,-0.4309344457135909,-1.8230550437696005
120.75,22.35,330.0234,SSP2-4.5,2021-2040,-21.424999999999955,24.6965,25.019600000000082,1.0892000000000017,10.4052,3.0534,8.648100000000001,27.972324999999998,26.719262500000042,1.2679000000000005,11.5900875,2.8842749999999997,11.035325,-0.4309344457135909,-1.759859263399809
120.75,22.4,426.5289,SSP2-4.5,2021-2040,-36.5138,21.4655,18.283699999999953,1.2098000000000013,8.113799999999998,3.2172,6.126899999999999,26.392025000000004,53.41786250000001,1.3113249999999996,9.2512875,3.1790875,10.240625000000001,-0.4309344457135909,-1.696663483030022
120.75,22.45,402.7515,SSP2-4.5,2021-2040,-29.370000000000005,23.893600000000006,88.47779999999966,1.7070000000000007,7.5638000000000005,3.3309999999999995,8.155800000000001,24.305149999999998,75.49661249999997,1.3917125000000001,8.0696,3.4773625,8.89855,-0.4309344457135909,-1.6334677026602307
120.75,22.5,383.3252,SSP2-4.5,2021-2040,-22.752400000000023,21.217799999999997,105.60280000000012,1.7546000000000035,6.613799999999998,3.6309999999999985,7.1942,24.882687500000003,95.64727499999992,1.5279124999999998,7.4982625,3.6040875000000003,9.694,-0.4309344457135909,-1.570271922290439
120.75,22.55,401.9101,SSP2-4.5,2021-2040,-16.153399999999976,23.194300000000005,93.92129999999997,1.5887000000000029,5.005200000000002,3.470700000000001,9.9404,24.536424999999998,86.14218749999998,1.5833625000000002,7.762912499999999,3.4318875,9.789175,-0.4309344457135909,-1.5070761419206478
120.75,22.6,437.8793,SSP2-4.5,2021-2040,9.750299999999982,22.4461,60.31929999999966,1.6524999999999963,7.167199999999994,2.4068999999999985,10.749999999999998,25.112387499999997,63.411262499999964,1.5821500000000004,6.831899999999999,3.0875000000000004,10.659374999999999,-0.4309344457135909,-1.4438803615508562
120.75,22.65,487.3667,SSP2-4.5,2021-2040,7.7971,23.3161,34.45109999999977,1.654600000000002,6.596599999999995,2.0828000000000007,10.5923,26.415,42.17698749999994,1.7104874999999988,6.4487,2.6420125,11.435324999999999,-0.4309344457135909,-1.3806845811810693
120.75,22.7,485.5615,SSP2-4.5,2021-2040,14.851499999999987,29.582299999999996,50.651800000000094,2.003,4.820700000000002,1.8603000000000005,13.4269,27.5565875,19.059099999999887,1.638087499999998,5.7267375,2.57005,11.5646625,-0.4309344457135909,-1.317488800811278
120.75,22.75,433.8144,SSP2-4.5,2021-2040,15.706700000000012,31.3363,62.88889999999992,1.8454999999999941,3.5844999999999985,2.3793000000000006,12.375,28.877062499999997,-11.024400000000014,1.3755124999999988,5.713575,2.625,11.896374999999999,-0.4309344457135909,-1.2542930204414864
120.75,22.8,441.5667,SSP2-4.5,2021-2040,3.2770999999999617,25.551699999999997,2.6742999999996755,0.7867000000000033,4.327599999999997,2.279299999999999,9.561499999999999,28.016325,-56.96198749999991,0.9253124999999986,5.581474999999999,2.9209125,10.8483,-0.4309344457135909,-1.191097240071695
120.75,22.85,461.3478,SSP2-4.5,2021-2040,-8.693899999999985,25.29169999999999,-98.57009999999991,-0.005299999999998306,5.239699999999999,3.5328,9.3827,27.626424999999998,-96.86274999999995,0.3820000000000001,6.3888,3.0818875,11.1348375,-0.4309344457135909,-1.1279014597019037
120.75,22.9,460.7495,SSP2-4.5,2021-2040,-13.689400000000035,28.3489,-184.95170000000007,-0.5379000000000005,9.5931,4.1103000000000005,12.436499999999999,28.022037499999996,-147.1980124999999,-0.12018749999999923,7.10585,3.4773750000000003,11.576925,-0.4309344457135909,-1.0647056793321166
120.75,22.95,447.1037,SSP2-4.5,2021-2040,-17.158500000000004,31.52799999999999,-249.02250000000004,-0.6518999999999977,9.939700000000002,3.9052000000000007,14.215399999999999,28.898649999999996,-197.03712500000006,-0.3397249999999996,8.375025,3.2030000000000003,12.260825,-0.4309344457135909,-1.0015098989623252
120.75,23.0,452.9206,SSP2-4.5,2021-2040,-12.72969999999998,29.522199999999998,-331.84130000000005,-0.2944999999999993,7.894800000000004,2.6586,12.5962,29.3659875,-234.79425000000003,-0.3499624999999993,8.91145,2.8400875,12.707450000000001,-0.4309344457135909,-0.9383141185925338
120.75,23.05,440.0337,SSP2-4.5,2021-2040,-5.280200000000036,29.049100000000003,-260.14260000000013,-0.028300000000001546,8.491400000000006,2.3999999999999986,12.898100000000001,29.9712375,-251.56292500000006,-0.026712499999999917,8.87565,2.1202500000000004,12.8882125,-0.4309344457135909,-0.8751183382227424
120.75,23.1,430.4859,SSP2-4.5,2021-2040,-11.34960000000001,32.4707,-222.95000000000027,0.19289999999999807,9.982799999999997,2.6259000000000015,14.6404,31.1745125,-207.8189125,0.3923874999999999,8.658825,2.0114124999999996,14.083175,-0.4309344457135909,-0.811922557852951
120.75,23.15,392.1154,SSP2-4.5,2021-2040,4.68119999999999,35.02309999999999,-115.23999999999978,0.9184999999999981,9.113800000000005,2.3689999999999998,17.0654,31.670975,-139.466725,0.7908499999999994,8.587487500000002,2.0821,14.207450000000001,-0.4309344457135909,-0.748726777483164
120.75,23.2,370.2086,SSP2-4.5,2021-2040,13.06389999999999,30.870499999999993,-36.361599999999726,1.1866999999999983,7.4345,1.9983000000000004,14.0577,32.6512,-92.20223750000002,1.1245499999999993,8.314650000000002,2.22455,14.815875,-0.4309344457135909,-0.6855309971133726
120.75,23.25,348.2569,SSP2-4.5,2021-2040,13.752300000000048,30.300300000000007,-76.74459999999999,1.2813999999999979,9.3172,2.0603,12.259599999999999,33.402249999999995,-81.49188749999996,1.1626499999999997,7.649787500000001,2.2308250000000003,15.1524125,-0.4309344457135909,-0.6223352167435812
120.75,23.3,342.7216,SSP2-4.5,2021-2040,5.08929999999998,34.529300000000006,-118.18020000000024,1.016300000000001,7.844799999999999,1.7759,15.1558,33.8054125,-84.5618,1.1541249999999996,6.789225,2.1256250000000003,15.460825,-0.4309344457135909,-0.5591394363737897
120.75,23.35,367.3666,SSP2-4.5,2021-2040,-1.4757000000000176,33.7446,-62.033500000000004,1.1080000000000005,5.319000000000003,1.8241000000000014,16.1154,34.557537499999995,-95.63957500000004,0.9737500000000003,6.0066625,2.1696124999999995,16.17405,-0.4309344457135909,-0.4959436560039983
120.75,23.4,402.595,SSP2-4.5,2021-2040,-10.7072,34.5218,-54.98710000000028,0.8934999999999995,4.3431,2.7620999999999984,16.2577,34.0496,-92.90169999999995,0.9129000000000009,5.008825000000002,1.9353375,16.7709125,-0.4309344457135909,-0.43274787563421135
120.75,23.45,407.0928,SSP2-4.5,2021-2040,-18.099400000000003,32.9401,-115.20550000000003,0.8791000000000011,4.298300000000005,2.0397,17.3769,33.371025,-107.27084999999988,0.7042250000000005,3.8428875000000007,2.1396499999999996,16.4677875,-0.4309344457135909,-0.3695520952644199
120.75,23.5,408.9241,SSP2-4.5,2021-2040,-18.312099999999987,33.464099999999995,-116.67899999999963,0.5183999999999997,0.6965999999999966,2.030999999999999,17.2442,33.2874,-119.43769999999995,0.6096625000000007,3.202375000000001,2.273275,16.81345,-0.4309344457135909,-0.3063563148946285
120.75,23.55,389.5544,SSP2-4.5,2021-2040,-5.9547999999999774,36.1914,-133.78369999999995,0.23669999999999902,0.6569000000000003,2.8085999999999984,18.928800000000003,33.2316,-108.51378749999992,0.49952499999999933,2.0442,2.6833874999999994,16.536775000000002,-0.4309344457135909,-0.24316053452483705
120.75,23.6,347.3933,SSP2-4.5,2021-2040,-3.339400000000012,35.53260000000001,-120.98540000000003,0.06469999999999843,0.4983000000000004,3.6379,17.113500000000002,34.396875,-63.91161250000005,0.6747999999999994,1.8372875000000013,3.1370624999999994,17.473550000000003,-0.4309344457135909,-0.17996475415504562
120.75,23.65,258.0759,SSP2-4.5,2021-2040,18.862900000000025,35.0115,-4.791000000000167,0.986699999999999,1.4241000000000028,3.562099999999999,17.8442,34.9823,-40.98924999999994,0.8168999999999986,1.4554000000000018,3.3364125,17.736050000000002,-0.4309344457135909,-0.11676897378525869
120.75,23.7,222.1197,SSP2-4.5,2021-2040,20.618799999999993,36.0553,24.74850000000015,1.4257999999999988,0.23449999999999704,3.1362000000000005,17.7692,34.855225000000004,-15.28249999999997,1.0239124999999993,2.3625000000000007,3.4637875,17.508175,-0.4309344457135909,-0.053573193415467256
120.75,23.75,210.2625,SSP2-4.5,2021-2040,12.16670000000002,31.968100000000007,-3.2533999999998287,1.141300000000001,2.5723999999999947,4.160300000000001,14.150000000000002,34.5886125,6.71111250000007,1.1815749999999996,2.0999999999999996,3.2590624999999998,17.1911125,-0.4309344457135909,0.009622586954324176
120.75,23.8,191.8796,SSP2-4.5,2021-2040,6.972799999999978,33.50659999999999,76.7143000000001,1.5436000000000014,-0.2862000000000009,3.812099999999999,15.8212,33.7317625,0.923924999999997,1.0702125000000007,2.6642124999999988,3.131025,16.4149125,-0.4309344457135909,0.0728183673241156
120.75,23.85,195.4845,SSP2-4.5,2021-2040,-2.299199999999985,33.452799999999996,21.454899999999952,1.062700000000003,-0.5499999999999972,2.8534000000000006,16.7615,33.91655,-13.817425000000014,1.0345000000000004,2.3008625,2.7107875,16.3077,-0.4309344457135909,0.13601414769390704
120.75,23.9,188.8619,SSP2-4.5,2021-2040,5.786400000000015,33.86279999999999,-74.25260000000003,0.9134999999999991,1.255200000000002,1.9499999999999993,16.8865,34.578525,-35.040925000000016,0.9001000000000006,0.5357750000000001,2.1215375000000005,16.6632125,-0.4309344457135909,0.19920992806369398
120.75,23.95,183.7087,SSP2-4.5,2021-2040,4.706000000000017,34.928399999999996,-19.47759999999994,1.1358999999999995,-4.050000000000004,1.5500000000000007,18.3519,35.5471875,-44.808587500000016,0.9072000000000005,-0.4948250000000005,1.699575,17.278599999999997,-0.4309344457135909,0.26240570843348543
120.75,24.0,188.7842,SSP2-4.5,2021-2040,3.2513000000000147,36.81130000000001,-2.901499999999942,1.1396000000000015,-5.348300000000002,1.7637999999999998,18.784599999999998,35.760037499999996,-43.31113750000006,0.9998249999999995,-0.5551750000000002,1.4741375,18.07595,-0.4309344457135909,0.32560148880327683
120.75,24.05,206.2086,SSP2-4.5,2021-2040,2.546199999999999,35.38549999999999,-66.06740000000013,1.232099999999999,-0.1723999999999961,1.5379000000000005,18.9538,36.093175,-28.959887500000008,1.0094125000000003,-0.35732500000000034,1.3414,18.7810125,-0.4309344457135909,0.3887972691730683
120.75,24.1,208.7482,SSP2-4.5,2021-2040,6.2226,35.35059999999999,-47.4353000000001,1.0450000000000017,-0.3655000000000044,0.9689999999999994,18.8558,35.5596875,-42.236062499999974,0.8671499999999996,1.0903125000000022,1.1741375000000003,19.071625,-0.4309344457135909,0.4519930495428597
120.75,24.15,208.3345,SSP2-4.5,2021-2040,2.009900000000016,34.70170000000001,-58.678499999999985,0.6370000000000005,0.9741,0.5776000000000003,19.4154,35.212612500000006,-39.272512499999976,0.6718000000000011,0.5745874999999998,0.9747875000000001,19.760325,-0.4309344457135909,0.5151888299126467
120.75,24.2,219.7389,SSP2-4.5,2021-2040,0.6805999999999983,34.62970000000001,-53.89580000000001,0.6030000000000015,1.984499999999997,0.5396999999999998,21.8827,34.72630000000001,-30.553037499999988,0.494800000000001,-0.5168124999999995,0.8079624999999999,20.0978125,-0.4309344457135909,0.578384610282438
120.75,24.25,239.7277,SSP2-4.5,2021-2040,-6.626900000000006,34.1921,12.239499999999907,0.38310000000000244,-3.325899999999997,0.28969999999999985,21.292299999999997,34.1343625,-12.571237499999995,0.5381374999999999,-0.3178750000000008,0.6454624999999996,20.6831625,-0.4309344457135909,0.6415803906522295
120.75,24.3,219.9145,SSP2-4.5,2021-2040,-0.39680000000001314,34.09089999999999,26.83809999999994,0.6499999999999986,-1.1741000000000028,0.07760000000000034,20.796200000000002,33.6166375,20.36371250000002,0.7956374999999998,-0.7318999999999996,0.4208999999999993,20.5165875,-0.4309344457135909,0.704776171022021
120.75,24.35,201.6784,SSP2-4.5,2021-2040,12.016599999999983,33.059599999999996,30.43860000000018,1.2604000000000006,3.1948000000000008,0.34999999999999964,19.625,33.236000000000004,30.682949999999977,1.082749999999999,1.223724999999999,0.19117499999999965,20.37935,-0.4309344457135909,0.7679719513918124
120.75,24.4,212.2149,SSP2-4.5,2021-2040,12.423300000000012,33.0726,23.71250000000009,1.4177,6.0689999999999955,0.2862000000000009,20.4058,32.68965,28.647637499999973,1.3187499999999996,2.7452749999999986,0.1256624999999998,19.67525,-0.4309344457135909,0.8311677317615993
120.75,24.45,202.2433,SSP2-4.5,2021-2040,8.442900000000009,32.2372,27.90599999999995,1.4030999999999985,5.7759,-0.07409999999999961,19.1577,32.1345,23.65071249999997,1.4143875,3.905412499999997,0.06250000000000022,19.694474999999997,-0.4309344457135909,0.8943635121313908
120.75,24.5,168.5485,SSP2-4.5,2021-2040,8.765600000000006,31.308299999999996,11.191699999999855,1.2744999999999997,3.6620999999999952,-0.1396999999999995,19.519199999999998,31.714912500000004,21.835799999999978,1.2784249999999997,3.8687749999999976,-0.09438749999999985,19.2939875,-0.4309344457135909,0.9575592925011822
120.75,24.55,153.7346,SSP2-4.5,2021-2040,3.8125,31.911999999999992,7.367400000000089,0.9600999999999971,4.7483,-0.2671999999999999,18.6615,31.681975,19.236637499999915,1.1425875000000005,3.560137499999999,-0.2961124999999998,19.3076875,-0.4309344457135909,1.0207550728709736
120.75,24.6,158.1567,SSP2-4.5,2021-2040,2.7264000000000124,32.28530000000001,15.770399999999881,0.8368000000000002,2.8155,-0.20339999999999936,19.0615,31.5833875,9.207162499999981,0.9176499999999996,3.5120750000000003,-0.3139999999999997,19.05095,-0.4309344457135909,1.0839508532407651
120.75,24.65,147.2359,SSP2-4.5,2021-2040,0.7726000000000113,31.393599999999992,10.603200000000015,0.8550999999999966,2.3447999999999993,0.24480000000000057,18.7269,31.522225,4.9043374999999685,0.8435999999999999,4.225650000000001,-0.3644249999999998,18.9201875,-0.4309344457135909,1.147146633610552
120.8,21.95,265.6306,SSP2-4.5,2021-2040,-45.495000000000005,38.102199999999996,-111.21579999999994,0.05910000000000082,19.858600000000003,3.6707,15.7019,37.82835,-100.16810000000007,0.2697124999999998,16.7232625,3.1870875000000005,15.623787499999999,-0.32524060563236956,-2.265425506358136
120.8,22.0,268.3165,SSP2-4.5,2021-2040,-43.77020000000002,37.429,-101.37570000000005,0.3103000000000016,18.729300000000002,3.3328000000000007,17.3327,37.5578625,-106.84107500000007,0.36301249999999996,15.932962499999999,3.1237125000000003,16.31875,-0.32524060563236956,-2.2022297259883445
120.8,22.05,256.5459,SSP2-4.5,2021-2040,-33.055800000000005,36.3513,-91.40670000000023,0.5350000000000001,14.9069,2.812099999999999,18.1404,37.014362500000004,-101.14200000000005,0.7580499999999999,14.86055,2.9381500000000003,16.779325,-0.32524060563236956,-2.139033945618553
120.8,22.1,269.4312,SSP2-4.5,2021-2040,-25.70139999999998,35.00580000000001,-102.83609999999999,1.291599999999999,15.606899999999996,3.1327999999999996,17.3038,35.518875,-79.00950000000009,1.1283125000000003,13.021337499999998,2.5650874999999997,16.660349999999998,-0.32524060563236956,-2.0758381652487614
120.8,22.15,254.6277,SSP2-4.5,2021-2040,-4.409700000000015,33.5837,-41.91310000000021,1.6178000000000026,11.9707,2.582799999999999,16.9442,33.96288750000001,-56.52792500000004,1.4076749999999998,13.032987499999997,2.6763,15.953137499999999,-0.32524060563236956,-2.0126423848789745
120.8,22.2,256.7233,SSP2-4.5,2021-2040,-5.2313000000000045,31.084000000000003,0.3384000000000924,1.4345999999999997,15.648299999999999,2.6206999999999994,13.796200000000002,32.2571375,-27.99275000000003,1.6408874999999998,13.225024999999999,2.8707000000000003,14.9533875,-0.32524060563236956,-1.9494466045091832
120.8,22.25,258.5786,SSP2-4.5,2021-2040,-5.095699999999994,29.694200000000002,9.516599999999926,1.8714999999999975,14.693100000000001,3.4190000000000005,12.371200000000002,31.620575,-8.251800000000003,1.5655625,14.2543375,2.9275875,14.374775,-0.32524060563236956,-1.8862508241393918
120.8,22.3,280.0734,SSP2-4.5,2021-2040,-11.401399999999967,30.085399999999993,24.34439999999995,1.676000000000002,15.4069,3.1121,12.6846,30.203750000000003,9.151725000000027,1.5495999999999994,13.8422625,3.1028000000000002,13.278612500000001,-0.32524060563236956,-1.8230550437696005
120.8,22.35,315.6494,SSP2-4.5,2021-2040,-19.244000000000028,29.611700000000006,33.81780000000026,1.5163999999999973,11.6293,2.9276,12.6192,28.1095125,27.332562499999995,1.4152125000000009,11.914874999999999,3.1458999999999997,11.752875,-0.32524060563236956,-1.759859263399809
120.8,22.4,345.9948,SSP2-4.5,2021-2040,-25.937400000000025,24.540300000000002,58.49340000000029,1.4116999999999997,8.274099999999997,3.2828,9.094199999999999,26.635800000000003,57.80599999999998,1.5390000000000001,10.57565,3.2792874999999997,10.722825,-0.32524060563236956,-1.696663483030022
120.8,22.45,333.4543,SSP2-4.5,2021-2040,-24.516500000000008,23.950000000000003,112.05829999999969,1.6575999999999986,9.5655,3.5172000000000008,9.2269,24.6228875,79.33882500000001,1.6716500000000005,9.773912499999998,3.3167999999999997,9.3673,-0.32524060563236956,-1.6334677026602307
120.8,22.5,323.4253,SSP2-4.5,2021-2040,-19.550099999999986,20.8459,113.95679999999993,1.6412000000000013,10.217199999999998,3.1397000000000013,7.300000000000001,24.8632625,91.39664999999994,1.7007000000000003,9.8088375,3.324125,9.9699625,-0.32524060563236956,-1.570271922290439
120.8,22.55,332.3605,SSP2-4.5,2021-2040,-15.708900000000028,23.2545,87.65599999999995,1.2927,10.180999999999997,3.319000000000001,9.4462,24.4343875,76.63253749999993,1.6274000000000002,9.9047375,3.0196125,10.088225,-0.32524060563236956,-1.5070761419206478
120.8,22.6,358.4882,SSP2-4.5,2021-2040,-3.3455000000000155,25.7592,66.34079999999994,1.5560999999999972,11.25,2.9086,10.828799999999998,24.126450000000002,48.81497499999989,1.4602375000000007,8.994612499999999,2.8069125,10.1839125,-0.32524060563236956,-1.4438803615508562
120.8,22.65,398.7711,SSP2-4.5,2021-2040,3.401299999999992,22.4067,45.06029999999964,1.5379000000000005,8.505200000000002,2.9138,9.871199999999998,25.203787499999997,22.0094499999999,1.4264624999999995,8.352799999999998,2.55,10.75095,-0.32524060563236956,-1.3806845811810693
120.8,22.7,419.3707,SSP2-4.5,2021-2040,4.101600000000019,24.849799999999995,7.0482999999999265,1.5274999999999963,7.3172,2.870700000000001,10.3942,26.02745,1.6056249999999181,1.2759874999999998,6.87545,2.519175,10.925,-0.32524060563236956,-1.317488800811278
120.8,22.75,393.7862,SSP2-4.5,2021-2040,5.513300000000015,27.540800000000004,-26.206300000000283,1.0976999999999997,6.439700000000002,2.7086000000000006,11.4077,26.753075,-19.09853750000002,1.0016749999999992,6.207112499999999,2.5502000000000002,11.030750000000001,-0.32524060563236956,-1.2542930204414864
120.8,22.8,391.1317,SSP2-4.5,2021-2040,8.403899999999965,26.301000000000002,-50.66339999999991,0.5853999999999999,6.615499999999997,2.8499999999999996,10.817300000000001,25.697675000000004,-46.39806249999998,0.5913374999999998,5.337087499999999,2.7989125,9.846375,-0.32524060563236956,-1.191097240071695
120.8,22.85,437.2961,SSP2-4.5,2021-2040,-1.8491000000000213,22.218200000000003,-65.0328999999997,0.14910000000000068,1.0189999999999984,3.1361999999999988,7.586500000000001,24.979725000000002,-84.63856250000003,0.11202500000000049,6.651737499999999,3.035125,9.44205,-0.32524060563236956,-1.1279014597019037
120.8,22.9,451.4754,SSP2-4.5,2021-2040,-10.230599999999981,25.4615,-117.94460000000026,-0.40559999999999974,5.153500000000001,3.1431000000000004,9.8058,24.5584,-124.14066249999993,-0.1812374999999995,7.180625,3.1926749999999995,9.0843625,-0.32524060563236956,-1.0647056793321166
120.8,22.95,394.1903,SSP2-4.5,2021-2040,-19.369199999999978,24.325499999999998,-193.5646999999999,-0.6950000000000003,8.205199999999998,3.3447999999999993,9.2865,25.279799999999998,-163.93602500000006,-0.26164999999999994,7.898500000000001,2.8038749999999997,9.3879875,-0.32524060563236956,-1.0015098989623252
120.8,23.0,377.9689,SSP2-4.5,2021-2040,-15.249500000000012,23.908299999999997,-222.45290000000023,-0.2637999999999998,8.439700000000002,2.3240999999999996,7.884599999999999,25.731575,-203.64141250000003,-0.22730000000000006,8.2984875,2.4243499999999996,9.883187500000002,-0.32524060563236956,-0.9383141185925338
120.8,23.05,422.9678,SSP2-4.5,2021-2040,-12.041800000000023,28.923900000000003,-291.15290000000005,-0.12679999999999936,8.149999999999999,1.706900000000001,12.475000000000001,25.576724999999996,-233.41522500000008,-0.07046250000000054,8.3280125,1.9943875,9.5903875,-0.32524060563236956,-0.8751183382227424
120.8,23.1,456.3283,SSP2-4.5,2021-2040,-17.522400000000005,25.790599999999998,-341.0122000000001,0.12349999999999994,8.1034,0.9878999999999998,9.578800000000001,28.650325000000002,-224.61165000000005,0.09192499999999981,8.555175000000002,1.9045250000000002,11.7767,-0.32524060563236956,-0.811922557852951
120.8,23.15,421.4172,SSP2-4.5,2021-2040,-7.574799999999982,31.26010000000001,-274.2647000000002,0.2848000000000006,9.203400000000002,1.5033999999999992,13.5635,29.8834125,-186.66378749999996,0.3699499999999998,7.8793125,1.7894500000000002,12.391825,-0.32524060563236956,-0.748726777483164
120.8,23.2,386.4121,SSP2-4.5,2021-2040,1.7486999999999853,32.466699999999996,-126.58299999999963,0.9481999999999999,9.300000000000004,1.8516999999999992,14.7846,31.390512500000003,-143.1972,0.5821499999999995,7.569825,1.9105625,13.0163625,-0.32524060563236956,-0.6855309971133726
120.8,23.25,363.5412,SSP2-4.5,2021-2040,4.1404,32.4301,-99.8753999999999,0.9943999999999988,7.5259,2.115499999999999,13.3654,31.863437500000003,-122.21518749999996,0.7445749999999998,7.428012499999999,1.8976374999999999,13.4598625,-0.32524060563236956,-0.6223352167435812
120.8,23.3,350.1428,SSP2-4.5,2021-2040,3.4715999999999667,32.1946,-140.19169999999986,0.9025999999999996,7.112099999999998,1.7414000000000005,13.448099999999998,32.609925000000004,-109.249575,0.8174124999999997,6.745912499999999,1.98555,14.084612499999999,-0.32524060563236956,-0.5591394363737897
120.8,23.35,359.2459,SSP2-4.5,2021-2040,0.3428000000000111,33.5663,-100.26980000000003,0.8977000000000004,4.079299999999996,1.9309999999999992,17.003800000000002,33.515262500000006,-104.95296250000001,0.8390999999999997,5.6663875,2.040725,15.0079375,-0.32524060563236956,-0.4959436560039983
120.8,23.4,378.8655,SSP2-4.5,2021-2040,-8.37560000000002,33.63210000000001,-91.4694999999997,0.8182000000000009,4.072400000000002,1.8810000000000002,15.7923,33.5757375,-91.65878750000007,0.8024249999999999,4.447425,2.0362,15.856962500000002,-0.32524060563236956,-0.43274787563421135
120.8,23.45,349.367,SSP2-4.5,2021-2040,-8.117000000000019,34.408899999999996,-95.87819999999965,0.6136000000000017,3.336199999999998,1.3568999999999996,15.976899999999999,33.392512499999995,-94.20772500000004,0.6641749999999997,3.588375,2.2570999999999994,16.0831625,-0.32524060563236956,-0.3695520952644199
120.8,23.5,415.8918,SSP2-4.5,2021-2040,-0.8652000000000157,31.6098,-69.07709999999997,0.4820999999999991,3.0345000000000013,2.7293000000000003,14.611500000000001,33.685612500000005,-118.81576249999995,0.4726250000000003,3.479099999999999,2.0963249999999993,16.641325000000002,-0.32524060563236956,-0.3063563148946285
120.8,23.55,403.9372,SSP2-4.5,2021-2040,0.7974999999999568,31.293,-125.85770000000002,0.33640000000000114,4.717199999999998,2.293100000000001,14.9904,34.072525,-104.80082499999995,0.4046499999999993,2.7778124999999996,2.5411374999999996,16.816575,-0.32524060563236956,-0.24316053452483705
120.8,23.6,307.6143,SSP2-4.5,2021-2040,0.7028999999999996,31.591600000000007,-60.98739999999998,0.5572999999999979,2.570700000000002,2.8516999999999992,15.590400000000002,34.9489375,-79.92331250000001,0.5140499999999997,2.8805875,2.8213249999999994,17.39255,-0.32524060563236956,-0.17996475415504562
120.8,23.65,246.432,SSP2-4.5,2021-2040,2.1082000000000107,34.503600000000006,3.73070000000007,0.7322999999999986,1.3293000000000035,3.5671999999999997,17.1731,34.7839125,-47.189525,0.7596249999999993,2.3375000000000012,2.9415875,16.8834125,-0.32524060563236956,-0.11676897378525869
120.8,23.7,246.221,SSP2-4.5,2021-2040,6.057199999999995,34.47509999999999,-63.44640000000004,0.8279999999999994,2.5293000000000063,3.049999999999999,18.0865,34.8445125,-14.730437499999937,0.9431374999999993,1.950425,3.1239125,16.412975000000003,-0.32524060563236956,-0.053573193415467256
120.8,23.75,219.1426,SSP2-4.5,2021-2040,12.842100000000016,35.616200000000006,-12.880099999999857,1.0268999999999977,3.0914,2.6517,16.9462,33.9536625,-6.3554124999999715,1.0716625,1.7685249999999995,3.1109875000000002,15.9161,-0.32524060563236956,0.009622586954324176
120.8,23.8,200.978,SSP2-4.5,2021-2040,5.4672999999999945,32.803200000000004,26.83109999999988,1.1472000000000016,2.9602999999999966,3.8259000000000007,16.200000000000003,34.132625000000004,-13.222862499999962,1.0077249999999998,2.013774999999999,2.87995,15.891825,-0.32524060563236956,0.0728183673241156
120.8,23.85,204.2281,SSP2-4.5,2021-2040,5.3019999999999925,34.2622,-51.79060000000004,0.9334999999999987,2.4240999999999957,2.9000000000000004,16.276899999999998,33.9087375,-28.344212500000026,0.9222125000000001,2.1092625000000007,2.58105,15.755525,-0.32524060563236956,0.13601414769390704
120.8,23.9,212.8352,SSP2-4.5,2021-2040,9.448700000000002,35.14829999999999,-128.2699,0.5948999999999991,3.312100000000001,2.1966,14.9846,34.3967125,-56.287687500000004,0.7744874999999998,1.1409500000000001,2.1894375000000004,16.215600000000002,-0.32524060563236956,0.19920992806369398
120.8,23.95,221.66,SSP2-4.5,2021-2040,7.877800000000008,35.4205,-117.13329999999996,0.497799999999998,0.4206999999999965,2.3034,15.9692,34.9815375,-62.33836249999999,0.79955,0.5528124999999999,1.8194124999999999,16.585562499999998,-0.32524060563236956,0.26240570843348543
120.8,24.0,207.341,SSP2-4.5,2021-2040,10.600599999999986,37.32320000000001,-62.98620000000005,0.8566000000000003,1.3585999999999956,1.7258999999999993,18.3115,35.308274999999995,-65.62473750000001,0.9168999999999996,0.7351374999999996,1.5909375000000001,17.379800000000003,-0.32524060563236956,0.32560148880327683
120.8,24.05,221.4278,SSP2-4.5,2021-2040,13.703600000000023,35.9331,-92.38530000000014,1.0433999999999983,3.6448000000000036,1.5206999999999997,18.223100000000002,35.32905,-47.169887500000016,1.0021250000000004,1.2517375,1.4338375,18.0262,-0.32524060563236956,0.3887972691730683
120.8,24.1,221.0414,SSP2-4.5,2021-2040,18.0967,35.026300000000006,-8.318199999999933,1.0192000000000014,-0.44479999999999364,1.555200000000001,18.598100000000002,34.955650000000006,-58.393312500000064,0.9676374999999999,2.3657375000000007,1.3127125000000002,18.4238,-0.32524060563236956,0.4519930495428597
120.8,24.15,223.0379,SSP2-4.5,2021-2040,16.679000000000002,35.71470000000001,-18.5009,0.8671000000000006,-1.1361999999999952,1.6224000000000007,19.2846,34.310225,-48.99288750000002,0.7965500000000012,2.4426750000000004,1.3168250000000004,18.8673125,-0.32524060563236956,0.5151888299126467
120.8,24.2,239.039,SSP2-4.5,2021-2040,0.5672000000000139,34.23629999999999,-67.59120000000007,0.3906000000000027,4.2776,1.1310000000000002,19.0865,34.29506250000001,-36.07385000000002,0.6902875000000006,0.6571000000000007,1.2901,19.743987500000003,-0.32524060563236956,0.578384610282438
120.8,24.25,249.2116,SSP2-4.5,2021-2040,-9.906900000000007,33.724199999999996,-5.1288999999999305,0.6542999999999992,-1.3138000000000005,1.274099999999999,20.6846,33.875975,-25.541525000000036,0.6388750000000005,0.8025875000000005,0.9579875000000002,20.307925,-0.32524060563236956,0.6415803906522295
120.8,24.3,229.2985,SSP2-4.5,2021-2040,-4.217799999999983,33.28040000000001,-6.16190000000006,0.771099999999997,2.4862000000000037,0.7723999999999993,21.451900000000002,33.58415,0.1840624999999818,0.8587624999999997,-0.2614125000000005,0.7191874999999996,20.495425,-0.32524060563236956,0.704776171022021
120.8,24.35,222.7878,SSP2-4.5,2021-2040,6.422699999999992,33.85280000000001,16.79009999999994,1.227999999999998,0.5758999999999972,0.4327999999999985,20.9981,33.2074,6.086987499999992,1.0674874999999995,1.7627249999999997,0.5633625,20.4899,-0.32524060563236956,0.7679719513918124
120.8,24.4,232.9193,SSP2-4.5,2021-2040,11.38470000000001,33.1795,11.561299999999846,1.2707000000000015,1.9121000000000024,0.29659999999999975,20.4404,32.8461375,13.881574999999998,1.233999999999999,3.2017374999999983,0.4991374999999998,20.0714,-0.32524060563236956,0.8311677317615993
120.8,24.45,204.9742,SSP2-4.5,2021-2040,6.181700000000006,31.965400000000002,20.542599999999993,1.296199999999999,3.846599999999995,0.5431000000000008,19.4327,32.4132875,16.176949999999977,1.2584374999999997,3.5883749999999983,0.2894375000000001,19.7567375,-0.32524060563236956,0.8943635121313908
120.8,24.5,151.3938,SSP2-4.5,2021-2040,8.825500000000005,31.11220000000001,61.12940000000003,1.6994999999999987,1.9861999999999966,-0.11549999999999994,18.7827,31.785775,12.474999999999994,1.0459374999999995,3.7683374999999977,0.09095000000000009,19.35,-0.32524060563236956,0.9575592925011822
120.8,24.55,150.1773,SSP2-4.5,2021-2040,5.191900000000004,30.7438,38.9855,0.8743000000000016,1.1051999999999964,-0.07929999999999993,19.375,31.6271875,6.335250000000002,0.9801624999999998,3.798287499999999,-0.2943874999999998,19.105525,-0.32524060563236956,1.0207550728709736
120.8,24.6,168.016,SSP2-4.5,2021-2040,-3.7210999999999785,31.694699999999997,1.7033999999998741,0.752200000000002,4.869,-1.1086,18.7635,31.2404,5.761450000000025,0.8342749999999994,3.2902999999999993,-0.23662499999999975,19.031,-0.32524060563236956,1.0839508532407651
120.8,24.65,152.9264,SSP2-4.5,2021-2040,-1.4074999999999989,31.237600000000008,20.935699999999997,0.8082999999999991,0.9930999999999983,-0.28449999999999953,19.1038,31.0247125,-0.5361250000000268,0.7826875000000002,3.5780249999999993,-0.27456249999999993,18.838475,-0.32524060563236956,1.147146633610552
120.85,21.9,269.1639,SSP2-4.5,2021-2040,-41.232,38.5668,-116.99389999999994,0.3556999999999988,18.253400000000006,3.3621,13.975000000000001,37.90112500000001,-106.81675000000007,0.3081624999999999,17.379725,3.2860125000000004,16.14085,-0.21954676555114824,-2.3286212867279272
120.85,21.95,276.0158,SSP2-4.5,2021-2040,-45.374600000000015,38.169900000000005,-160.81020000000012,0.4272999999999989,18.117199999999997,3.4689999999999994,15.261499999999998,37.9351125,-115.69091250000005,0.39316249999999986,17.106012500000002,3.2963500000000003,16.4139375,-0.21954676555114824,-2.265425506358136
120.85,22.0,274.2275,SSP2-4.5,2021-2040,-44.08440000000002,38.328599999999994,-167.52520000000027,0.5593000000000004,16.994799999999998,3.6552000000000007,17.5442,37.7561,-118.00682500000005,0.5183499999999999,16.7969625,3.1694125,17.039662500000002,-0.21954676555114824,-2.2022297259883445
120.85,22.05,274.0325,SSP2-4.5,2021-2040,-38.27110000000002,37.073100000000004,-200.41890000000012,0.9344999999999999,13.403399999999998,2.937900000000001,18.605800000000002,37.251450000000006,-130.41837500000008,0.8732625,16.635774999999995,3.0851625,17.970425,-0.21954676555114824,-2.139033945618553
120.85,22.1,267.8106,SSP2-4.5,2021-2040,-19.827200000000033,36.5757,-203.16840000000002,1.3908999999999985,13.8707,2.9620999999999995,18.557699999999997,36.141037499999996,-118.87216250000012,1.1982125000000003,15.156249999999998,2.8592874999999998,17.988462499999997,-0.21954676555114824,-2.0758381652487614
120.85,22.15,245.2124,SSP2-4.5,2021-2040,-5.5257000000000005,34.1158,-118.50640000000021,1.660499999999999,14.449999999999996,3.1500000000000004,17.2885,34.7738875,-104.4727875000001,1.4587000000000003,14.881487499999999,2.8870875,17.0274,-0.21954676555114824,-2.0126423848789745
120.85,22.2,286.3185,SSP2-4.5,2021-2040,-10.121999999999957,31.193999999999996,-93.59790000000021,1.604800000000001,11.996599999999997,3.4000000000000004,15.680799999999998,33.557412500000005,-67.11371250000008,1.6875874999999998,14.7131625,2.9357875,15.9339,-0.21954676555114824,-1.9494466045091832
120.85,22.25,275.7984,SSP2-4.5,2021-2040,-2.725900000000024,31.2821,-57.90769999999975,2.1069999999999993,14.439700000000002,3.5517000000000003,14.873099999999999,32.595775,-41.065037500000074,1.608975,14.771562499999998,3.025225,15.2625,-0.21954676555114824,-1.8862508241393918
120.85,22.3,270.1267,SSP2-4.5,2021-2040,-4.068400000000054,32.7384,-19.56790000000001,1.5717999999999996,14.443100000000001,3.3034,16.4,32.179,-11.96766249999996,1.4918749999999998,14.1122875,3.177175,14.86225,-0.21954676555114824,-1.8230550437696005
120.85,22.35,289.6063,SSP2-4.5,2021-2040,-10.912099999999953,31.83330000000001,25.333999999999833,1.3557000000000023,13.325899999999997,3.3051999999999992,15.701899999999998,30.9086375,12.892550000000085,1.2932125,13.0090375,3.23535,14.0382,-0.21954676555114824,-1.759859263399809
120.85,22.4,297.7591,SSP2-4.5,2021-2040,-17.764499999999998,28.803200000000004,59.90520000000015,1.6353000000000009,11.5948,3.451699999999999,12.5769,29.37365,41.888325000000066,1.3246999999999995,12.0700375,3.3469875,13.158874999999998,-0.21954676555114824,-1.696663483030022
120.85,22.45,293.1296,SSP2-4.5,2021-2040,-21.648300000000006,28.8326,99.55160000000024,2.1409999999999982,12.4069,3.430999999999999,12.7269,26.959975,57.51023749999993,1.4780499999999996,12.0937375,3.2721999999999998,11.60985,-0.21954676555114824,-1.6334677026602307
120.85,22.5,279.1767,SSP2-4.5,2021-2040,-17.742399999999975,27.3842,90.43929999999978,1.8725999999999985,13.4069,3.0500000000000007,11.763499999999999,26.371625,58.20426249999997,1.4843749999999996,12.341375,3.151075,11.3622625,-0.21954676555114824,-1.570271922290439
120.85,22.55,288.674,SSP2-4.5,2021-2040,-19.914699999999982,27.1791,53.4661000000001,1.5914000000000001,13.727600000000002,2.8430999999999997,11.305800000000001,26.454124999999998,41.080949999999945,1.3344249999999995,11.6512875,2.9459,11.4197125,-0.21954676555114824,-1.5070761419206478
120.85,22.6,319.2749,SSP2-4.5,2021-2040,-21.789699999999982,27.448500000000003,29.01389999999992,1.3621000000000016,11.850000000000001,2.706899999999999,11.6231,26.184937499999997,3.6816749999999843,1.1507500000000004,10.2984875,2.8157375,11.0951875,-0.21954676555114824,-1.4438803615508562
120.85,22.65,354.9169,SSP2-4.5,2021-2040,-21.953100000000006,23.7663,-13.368199999999888,1.0020000000000024,8.924100000000003,2.7120999999999995,7.942300000000001,26.087362499999998,-32.40986250000003,1.0579249999999996,9.067675,2.7275875,11.481,-0.21954676555114824,-1.3806845811810693
120.85,22.7,364.6054,SSP2-4.5,2021-2040,-19.20599999999996,24.461999999999996,-58.38140000000021,0.6539000000000001,8.8966,2.8516999999999992,10.450000000000001,25.169575000000002,-57.708349999999996,0.9005624999999999,7.878237500000001,2.6144499999999997,10.8399,-0.21954676555114824,-1.317488800811278
120.85,22.75,340.672,SSP2-4.5,2021-2040,-12.703400000000045,25.809100000000008,-82.2511999999997,0.41329999999999956,7.236199999999997,2.6448,11.334600000000002,24.8980125,-68.63600000000002,0.6810874999999994,7.872425,2.5950375,10.3999875,-0.21954676555114824,-1.2542930204414864
120.85,22.8,329.8324,SSP2-4.5,2021-2040,-9.288000000000011,26.132400000000004,-84.75559999999996,0.19810000000000016,6.858600000000003,2.6654999999999998,9.8865,24.224600000000002,-68.99819999999994,0.5501624999999999,7.403899999999999,2.5805874999999996,9.412487500000001,-0.21954676555114824,-1.191097240071695
120.85,22.85,336.1172,SSP2-4.5,2021-2040,-6.5347000000000435,21.7012,-79.93159999999989,0.2455999999999996,7.991399999999999,3.0448000000000004,7.2364999999999995,23.947450000000003,-68.48578749999999,0.3595250000000001,7.4028125,2.5911624999999994,8.614175000000001,-0.21954676555114824,-1.1279014597019037
120.85,22.9,320.1834,SSP2-4.5,2021-2040,-8.54970000000003,21.0494,-62.965799999999945,0.02919999999999945,7.4345,2.655199999999999,6.409600000000001,23.746025,-70.31263749999997,0.3029625,7.484062499999999,2.5661625,8.2983125,-0.21954676555114824,-1.0647056793321166
120.85,22.95,269.1855,SSP2-4.5,2021-2040,-15.400999999999982,22.0043,-59.08600000000001,0.01630000000000109,8.022400000000005,1.8120999999999992,6.121200000000002,23.327737499999998,-75.71766250000002,0.3036624999999997,7.9508624999999995,2.3896499999999996,7.8523875,-0.21954676555114824,-1.0015098989623252
120.85,23.0,259.6237,SSP2-4.5,2021-2040,-15.329699999999974,20.415799999999997,-83.22339999999986,0.014999999999997016,6.710299999999997,1.8224,5.634599999999999,23.346362499999998,-100.45718750000003,0.35770000000000035,8.489437500000001,2.0478375,7.842300000000001,-0.21954676555114824,-0.9383141185925338
120.85,23.05,309.4019,SSP2-4.5,2021-2040,-13.389099999999985,20.083799999999997,-161.0979000000002,-0.05320000000000036,8.9741,1.7447999999999997,5.838500000000002,23.247149999999998,-138.81712499999998,0.39651250000000005,7.982975,1.6329625,7.8007,-0.21954676555114824,-0.8751183382227424
120.85,23.1,386.2774,SSP2-4.5,2021-2040,-8.199999999999989,23.3733,-244.60149999999976,-0.2552999999999983,8.0276,1.3914000000000009,7.6518999999999995,25.484775,-166.36145000000005,0.3483750000000003,7.6609875,1.4948125,9.325725,-0.21954676555114824,-0.811922557852951
120.85,23.15,410.2421,SSP2-4.5,2021-2040,-5.807099999999991,29.018600000000006,-227.44360000000006,-0.1971999999999987,6.4983,1.4948000000000015,10.0808,27.631025,-167.66913749999998,0.36203750000000046,6.8551625,1.4055999999999995,10.645187499999999,-0.21954676555114824,-0.748726777483164
120.85,23.2,392.642,SSP2-4.5,2021-2040,-4.346799999999973,30.05380000000001,-179.1184000000003,0.04230000000000089,4.574099999999994,1.5965999999999987,11.274999999999999,30.334625000000003,-152.1373875,0.3080375000000002,6.729100000000001,1.7687499999999998,12.146175,-0.21954676555114824,-0.6855309971133726
120.85,23.25,389.0688,SSP2-4.5,2021-2040,-3.068300000000022,32.1676,-136.52930000000015,0.1463000000000001,6.891399999999997,2.146600000000001,12.4635,31.173750000000002,-141.44491249999993,0.37461249999999957,5.9969874999999995,1.9226374999999996,12.835587499999999,-0.21954676555114824,-0.6223352167435812
120.85,23.3,367.6713,SSP2-4.5,2021-2040,0.5746000000000322,32.32470000000001,-164.01269999999977,0.4328000000000003,6.949999999999996,2.010299999999999,14.234599999999999,31.942175,-122.06389999999999,0.437737499999999,5.586874999999999,2.0243625,13.164662499999999,-0.21954676555114824,-0.5591394363737897
120.85,23.35,360.5144,SSP2-4.5,2021-2040,-3.5995000000000346,31.81649999999999,-116.35109999999986,0.6623999999999981,6.039700000000003,2.0206999999999997,12.0788,32.5406625,-105.29828749999996,0.6362874999999995,4.794837499999999,1.9027874999999999,14.390862499999999,-0.21954676555114824,-0.4959436560039983
120.85,23.4,364.9905,SSP2-4.5,2021-2040,-5.43119999999999,35.3585,-92.39790000000039,0.8789999999999978,3.6499999999999986,2.3103,16.980800000000002,32.245775,-90.05854999999991,0.6651374999999997,4.374574999999999,1.7678749999999999,14.298537499999998,-0.21954676555114824,-0.43274787563421135
120.85,23.45,354.3272,SSP2-4.5,2021-2040,-10.386700000000019,32.2492,-96.14720000000034,0.4861000000000004,4.513799999999996,2.0448000000000004,15.0654,32.503937500000006,-91.04074999999989,0.6228374999999997,3.88945,1.898475,14.84855,-0.21954676555114824,-0.3695520952644199
120.85,23.5,342.8322,SSP2-4.5,2021-2040,-1.923400000000015,33.3645,-117.69849999999997,0.3569999999999993,4.098300000000002,2.2585999999999995,15.3365,32.8416625,-103.52781249999992,0.456375,4.370037499999999,1.9226125,15.530525,-0.21954676555114824,-0.3063563148946285
120.85,23.55,318.4764,SSP2-4.5,2021-2040,-3.414800000000014,35.5737,-149.2763,0.3536999999999999,5.515499999999996,1.937899999999999,18.2115,33.30341250000001,-89.52011249999998,0.4368749999999997,4.327375,2.2001999999999997,15.9266875,-0.21954676555114824,-0.24316053452483705
120.85,23.6,262.9637,SSP2-4.5,2021-2040,-4.7263000000000375,35.252500000000005,-69.91920000000005,0.6673000000000009,5.151699999999998,2.0740999999999996,17.496199999999998,34.831675000000004,-69.07558749999998,0.5113874999999992,4.225199999999999,2.5754249999999996,17.07885,-0.21954676555114824,-0.17996475415504562
120.85,23.65,233.8112,SSP2-4.5,2021-2040,-5.567500000000024,36.2332,-38.50389999999993,0.7346000000000004,3.7516999999999996,2.6896999999999984,17.3827,34.9060125,-43.98263750000001,0.6783874999999995,3.5935375,2.7415874999999996,17.144475,-0.21954676555114824,-0.11676897378525869
120.85,23.7,232.6723,SSP2-4.5,2021-2040,-2.516900000000021,34.1195,-43.631399999999985,0.8125999999999998,2.5397000000000034,2.5310000000000006,13.784600000000001,35.57585,-36.47464999999997,0.7528999999999995,3.2183124999999997,2.8448374999999997,17.651925,-0.21954676555114824,-0.053573193415467256
120.85,23.75,216.9823,SSP2-4.5,2021-2040,-1.9327000000000112,35.2487,-43.262899999999945,0.684899999999999,0.6602999999999994,2.6930999999999994,16.253800000000002,34.40725,-33.74096250000002,0.8452125000000001,3.4737124999999995,2.5532375000000003,16.4735625,-0.21954676555114824,0.009622586954324176
120.85,23.8,214.1326,SSP2-4.5,2021-2040,7.002600000000001,33.452799999999996,-25.543100000000095,0.9898999999999987,2.937899999999999,1.6792999999999996,15.2635,34.4579,-44.724249999999984,0.7355749999999994,3.529937499999999,2.5909625,15.820187500000001,-0.21954676555114824,0.0728183673241156
120.85,23.85,223.7883,SSP2-4.5,2021-2040,21.7354,35.5536,-67.22199999999998,0.6789999999999985,5.260300000000001,2.2897,15.6615,33.3329625,-44.95553750000002,0.7209499999999993,2.9745625,2.2347125,14.5192375,-0.21954676555114824,0.13601414769390704
120.85,23.9,218.0876,SSP2-4.5,2021-2040,24.576899999999995,33.4898,-56.46640000000002,0.4468999999999994,1.9845000000000041,2.0413999999999994,14.465399999999999,33.8088625,-68.61769999999999,0.6165499999999988,2.5060375000000006,2.0002250000000004,14.537725,-0.21954676555114824,0.19920992806369398
120.85,23.95,241.0315,SSP2-4.5,2021-2040,14.108699999999999,34.203599999999994,-85.41390000000001,0.526600000000002,2.382800000000003,1.627600000000001,15.3519,34.0378375,-62.81468749999999,0.624299999999999,2.1194125,1.6230625,14.831725,-0.21954676555114824,0.26240570843348543
120.85,24.0,223.3904,SSP2-4.5,2021-2040,11.210199999999986,34.084900000000005,-68.9387999999999,0.7823999999999991,3.5275999999999996,1.6999999999999993,15.548100000000002,34.837125,-71.37008750000001,0.6351749999999994,2.8857874999999993,1.2467625,16.218987499999997,-0.21954676555114824,0.32560148880327683
120.85,24.05,219.5046,SSP2-4.5,2021-2040,17.303699999999992,35.698899999999995,-72.68010000000004,0.9773999999999994,5.475899999999996,0.7241,17.8558,34.73375,-59.04505,0.7540125,3.617675000000001,1.2560375,16.919475000000002,-0.21954676555114824,0.3887972691730683
120.85,24.1,219.5583,SSP2-4.5,2021-2040,21.62639999999999,32.9517,-48.031600000000026,0.9647000000000006,5.982800000000005,1.4948000000000015,17.3019,34.9722625,-58.837525,0.8422749999999999,3.3605625000000012,1.3288874999999998,17.6223625,-0.21954676555114824,0.4519930495428597
120.85,24.15,242.29,SSP2-4.5,2021-2040,21.154799999999994,33.909000000000006,-63.36740000000009,0.9743999999999993,4.5223999999999975,2.0551999999999992,17.5,34.0764875,-39.84751249999994,0.8113375000000009,2.9978500000000023,1.4635750000000003,17.6906125,-0.21954676555114824,0.5151888299126467
120.85,24.2,229.9375,SSP2-4.5,2021-2040,9.213400000000007,33.676500000000004,-44.625099999999975,0.7385000000000019,2.6103000000000023,2.2121000000000013,18.298099999999998,33.812825000000004,-38.7191374999999,0.7507999999999999,1.8441875000000003,1.5465499999999999,18.221375000000002,-0.21954676555114824,0.578384610282438
120.85,24.25,226.4111,SSP2-4.5,2021-2040,3.367500000000007,33.812599999999996,-56.63370000000009,0.6648999999999994,0.9414000000000016,1.75,19.5942,33.30285,-27.089724999999873,0.7662249999999999,1.2497875,1.2814625000000002,18.922575000000002,-0.21954676555114824,0.6415803906522295
120.85,24.3,224.8746,SSP2-4.5,2021-2040,-3.4503999999999735,33.08930000000001,-14.502099999999928,0.9098000000000006,-1.3793000000000006,0.8914000000000009,20.061500000000002,33.186775,-24.68648749999997,0.914862499999999,0.5814750000000002,1.1471999999999998,19.761525,-0.21954676555114824,0.704776171022021
120.85,24.35,234.397,SSP2-4.5,2021-2040,3.6614000000000146,32.8517,-8.569100000000162,1.1195999999999984,0.3896999999999977,0.6878999999999991,20.911500000000004,32.9688625,-23.866337500000014,1.0283749999999996,1.3900875000000008,0.9146625000000002,19.925712500000003,-0.21954676555114824,0.7679719513918124
120.85,24.4,232.7173,SSP2-4.5,2021-2040,9.525400000000019,33.0352,-14.621499999999969,1.1405999999999992,2.6034000000000006,1.1448,20.2269,32.56387500000001,-11.578050000000076,1.0863374999999995,2.4293249999999995,0.7491374999999998,19.835587500000003,-0.21954676555114824,0.8311677317615993
120.85,24.45,199.7521,SSP2-4.5,2021-2040,20.865999999999985,32.6946,14.853399999999965,1.0063999999999993,3.1586,0.622399999999999,19.8135,32.23337500000001,-10.311575000000033,1.1017624999999998,3.3590624999999994,0.6256375000000002,19.7103375,-0.21954676555114824,0.8943635121313908
120.85,24.5,193.6135,SSP2-4.5,2021-2040,2.967000000000013,32.666700000000006,-6.317199999999957,0.8550000000000004,3.5396999999999963,0.2948000000000004,19.7077,31.646337500000005,-4.3069875000000195,0.9766625,3.4831874999999988,0.21422499999999967,19.6031375,-0.21954676555114824,0.9575592925011822
120.85,24.55,175.2682,SSP2-4.5,2021-2040,1.933099999999996,30.758200000000002,-14.729399999999941,0.6979000000000006,4.310299999999998,-0.17240000000000055,19.1327,31.5641125,-18.27951250000001,0.8489125000000006,3.432125,-0.21465000000000012,19.38005,-0.21954676555114824,1.0207550728709736
120.85,24.6,177.8317,SSP2-4.5,2021-2040,-8.81710000000001,31.280099999999997,-25.433699999999817,0.7652999999999999,4.455200000000005,-0.6430999999999996,19.215400000000002,30.983062500000003,-21.52693750000003,0.7073250000000009,3.3928874999999987,-0.35516250000000027,19.049287500000002,-0.21954676555114824,1.0839508532407651
120.85,24.65,172.7335,SSP2-4.5,2021-2040,-10.525199999999984,30.312599999999996,-7.407500000000027,0.8764000000000003,5.549999999999997,-0.4878999999999998,18.971200000000003,31.0794875,-15.752587500000004,0.7058249999999999,3.4920375000000003,-0.39073749999999996,18.5471125,-0.21954676555114824,1.147146633610552
120.85,24.7,147.7511,SSP2-4.5,2021-2040,-3.2502000000000066,30.528599999999997,12.383599999999888,0.6616,4.6569,0.05169999999999941,18.1308,31.285,-8.394874999999985,0.6353999999999995,3.28815,-0.42651249999999985,18.8245125,-0.21954676555114824,1.2103424139803434
120.9,22.0,253.4294,SSP2-4.5,2021-2040,-32.47399999999999,39.07390000000001,-123.4806000000001,0.7913999999999994,18.601699999999997,3.069000000000001,17.5519,37.6738,-150.48082500000007,0.7606999999999999,16.7180875,3.17955,17.3262,-0.11385292546989689,-2.2022297259883445
120.9,22.05,241.9081,SSP2-4.5,2021-2040,-25.305199999999985,38.278,-123.13579999999979,0.8917999999999999,16.143099999999997,2.7844999999999995,18.8827,37.029875000000004,-147.15831250000016,1.0657625,15.8745625,3.0075625,18.05385,-0.11385292546989689,-2.139033945618553
120.9,22.1,234.1006,SSP2-4.5,2021-2040,-12.28279999999998,36.9693,-130.41850000000022,1.2158000000000015,18.232799999999997,2.9328000000000003,18.450000000000003,36.737612500000004,-141.96661250000005,1.2593499999999995,15.475212499999998,2.937725,17.9596125,-0.11385292546989689,-2.0758381652487614
120.9,22.15,234.4953,SSP2-4.5,2021-2040,-7.183599999999984,37.7513,-142.34180000000015,1.4387000000000008,16.5362,2.5413999999999994,18.2923,35.208087500000005,-112.10447500000012,1.4690250000000002,14.578899999999997,2.9291124999999996,17.4637,-0.11385292546989689,-2.0126423848789745
120.9,22.2,248.2464,SSP2-4.5,2021-2040,-13.674900000000008,36.0273,-121.84490000000005,1.6753999999999998,15.189699999999998,2.9240999999999993,17.194200000000002,34.042424999999994,-83.76786250000009,1.5623875000000003,15.262299999999998,2.9523875000000004,16.5442375,-0.11385292546989689,-1.9494466045091832
120.9,22.25,245.4047,SSP2-4.5,2021-2040,-9.896199999999993,34.92090000000001,-64.25080000000025,1.6951999999999998,14.7776,2.6966,16.7115,33.586462499999996,-61.54239999999999,1.4977999999999998,14.490525,3.1931000000000003,16.093512500000003,-0.11385292546989689,-1.8862508241393918
120.9,22.3,252.972,SSP2-4.5,2021-2040,-13.018200000000007,35.022000000000006,-63.45820000000003,1.3425000000000011,16.017199999999995,2.725900000000001,17.261499999999998,32.9194375,-25.535900000000026,1.4091375000000004,14.286225,3.24655,15.6543125,-0.11385292546989689,-1.8230550437696005
120.9,22.35,261.906,SSP2-4.5,2021-2040,-5.8496000000000095,34.982400000000005,-3.137399999999616,0.37069999999999936,12.6086,3.6792999999999996,16.674999999999997,31.771050000000002,-2.4038750000000277,1.4076750000000002,13.8172375,3.1304,15.062237499999998,-0.11385292546989689,-1.759859263399809
120.9,22.4,260.687,SSP2-4.5,2021-2040,-13.990800000000007,31.485699999999994,12.743099999999686,0.8213000000000008,14.098299999999998,3.4000000000000004,14.9942,31.452525000000005,11.174550000000067,1.2913625,13.445037499999998,3.211849999999999,14.810324999999999,-0.11385292546989689,-1.696663483030022
120.9,22.45,272.293,SSP2-4.5,2021-2040,-15.290700000000015,29.7532,-3.754199999999855,1.3232,14.651700000000002,3.2328,14.232699999999998,30.535600000000002,24.580925000000008,1.2326749999999995,12.9355625,3.2129125,14.0713875,-0.11385292546989689,-1.6334677026602307
120.9,22.5,250.163,SSP2-4.5,2021-2040,-10.398200000000003,28.917300000000004,16.23999999999978,1.4614999999999974,14.941400000000002,3.103399999999999,13.6904,29.494425,14.82996250000005,1.2319,12.943325000000002,2.8808124999999993,13.579812500000001,-0.11385292546989689,-1.570271922290439
120.9,22.55,262.9983,SSP2-4.5,2021-2040,-19.689399999999978,28.2404,-13.540500000000065,0.7664000000000009,13.039700000000003,2.622399999999999,12.969199999999999,29.0695125,-1.7170499999999436,1.1089124999999997,12.1405125,2.8348999999999998,13.410825,-0.11385292546989689,-1.5070761419206478
120.9,22.6,319.0565,SSP2-4.5,2021-2040,-34.301900000000046,29.782999999999994,-61.45869999999968,0.7227999999999994,8.324100000000001,2.7172,13.736500000000001,28.207949999999997,-45.08276249999989,0.8351875000000009,10.709050000000001,2.7273749999999994,12.4197125,-0.11385292546989689,-1.4438803615508562
120.9,22.65,370.8145,SSP2-4.5,2021-2040,-40.45920000000001,29.090299999999992,-134.70240000000013,0.7367000000000026,8.4362,2.489699999999999,12.661499999999998,27.256825,-81.62382499999984,0.62575,8.705175,2.8021499999999993,11.887250000000002,-0.11385292546989689,-1.3806845811810693
120.9,22.7,378.5575,SSP2-4.5,2021-2040,-41.544899999999984,24.899399999999993,-152.19969999999967,0.3663999999999987,7.962099999999996,2.3621,12.2827,26.469324999999998,-101.32246249999992,0.5732375000000003,7.8209125,2.663575,11.275224999999999,-0.11385292546989689,-1.317488800811278
120.9,22.75,333.0307,SSP2-4.5,2021-2040,-31.989600000000053,22.9942,-105.04759999999987,0.5229999999999997,8.205200000000005,2.213799999999999,10.825,25.5822625,-94.30742499999997,0.5572875000000002,7.976299999999999,2.554725,10.5622375,-0.11385292546989689,-1.2542930204414864
120.9,22.8,290.6291,SSP2-4.5,2021-2040,-19.751199999999983,22.0045,-78.88230000000021,0.4967000000000006,10.6845,2.2379,7.136499999999998,25.4882,-76.23782499999993,0.7418624999999999,8.464875,2.4014875,10.168975,-0.11385292546989689,-1.191097240071695
120.9,22.85,268.2432,SSP2-4.5,2021-2040,-16.90209999999999,25.227799999999995,-63.97029999999995,0.8904999999999994,11.039699999999996,1.8085999999999984,8.9558,24.4463875,-50.51065,0.8676875000000002,8.9834,2.3874874999999998,8.737,-0.11385292546989689,-1.1279014597019037
120.9,22.9,250.9295,SSP2-4.5,2021-2040,-17.555799999999977,23.184800000000003,-23.67139999999995,0.9328000000000003,10.417200000000001,2.232800000000001,8.3154,24.362849999999998,-12.026199999999989,1.1138749999999997,8.7569,2.1318874999999995,8.149275000000001,-0.11385292546989689,-1.0647056793321166
120.9,22.95,233.7078,SSP2-4.5,2021-2040,-17.025599999999997,25.844899999999996,40.700399999999945,1.2899999999999991,8.024099999999997,2.0069,9.078800000000001,22.372075,24.05913750000005,1.2677625,8.6099,1.9846999999999997,6.8177875,-0.11385292546989689,-1.0015098989623252
120.9,23.0,235.3136,SSP2-4.5,2021-2040,-12.805900000000008,22.4317,57.38110000000006,1.5267000000000017,9.2224,1.5878999999999994,6.403799999999999,21.17225,30.350112499999994,1.2515874999999999,8.204725,1.8724124999999998,6.082937500000001,-0.11385292546989689,-0.9383141185925338
120.9,23.05,255.1994,SSP2-4.5,2021-2040,-1.2469000000000108,19.2485,25.615400000000136,1.1674000000000007,8.877600000000001,1.8552,5.650000000000002,21.57705,-0.9014374999999859,1.0882999999999998,7.773699999999998,1.75775,6.3447,-0.11385292546989689,-0.8751183382227424
120.9,23.1,298.448,SSP2-4.5,2021-2040,5.299599999999998,21.8851,-11.090599999999995,0.9853999999999985,6.332799999999999,1.3879000000000001,7.126899999999999,23.7667125,-44.74993749999999,0.7766375000000005,6.903874999999999,1.6538875000000002,7.6817375,-0.11385292546989689,-0.811922557852951
120.9,23.15,343.7647,SSP2-4.5,2021-2040,4.336299999999994,27.6676,-50.44509999999991,0.6031000000000013,5.148299999999999,1.2775999999999996,10.292300000000001,26.7535375,-74.41252499999999,0.5658500000000002,5.516162499999998,1.623075,9.1759625,-0.11385292546989689,-0.748726777483164
120.9,23.2,362.8426,SSP2-4.5,2021-2040,-7.6942000000000235,28.550999999999995,-114.23759999999993,0.16430000000000078,4.151699999999998,1.2482999999999986,10.8885,29.302025,-89.08330000000007,0.3834875000000002,5.3131499999999985,1.7791125000000003,10.9168375,-0.11385292546989689,-0.6855309971133726
120.9,23.25,397.2404,SSP2-4.5,2021-2040,-11.11510000000004,29.115299999999998,-187.72040000000015,-0.47960000000000136,5.113800000000001,2.5121,11.730800000000002,30.9066125,-89.42860000000002,0.39995,4.735562499999999,1.9002249999999998,11.959375,-0.11385292546989689,-0.6223352167435812
120.9,23.3,385.0652,SSP2-4.5,2021-2040,-2.0790000000000077,32.2538,-119.82009999999991,-0.008100000000002439,3.2483000000000004,2.305200000000001,12.957699999999999,30.934125,-92.50768750000003,0.3846749999999992,5.127387499999999,1.9978375,12.444225,-0.11385292546989689,-0.5591394363737897
120.9,23.35,351.4799,SSP2-4.5,2021-2040,-1.9864000000000033,31.99320000000001,-75.75340000000006,0.38619999999999877,4.6845,1.4223999999999997,12.269199999999998,31.175349999999998,-80.3028875,0.5229499999999989,4.373937499999999,2.1433124999999995,13.344225,-0.11385292546989689,-0.4959436560039983
120.9,23.4,338.5996,SSP2-4.5,2021-2040,-0.9069999999999823,29.0021,-58.47119999999995,0.7819000000000003,4.562100000000001,1.6206999999999994,12.4404,30.2785625,-71.82132500000006,0.5196124999999987,4.099574999999998,2.0683125,13.599262499999998,-0.11385292546989689,-0.43274787563421135
120.9,23.45,336.646,SSP2-4.5,2021-2040,-1.0837999999999965,31.29789999999999,-86.1279999999997,0.6749999999999972,3.708599999999997,1.8655000000000008,13.761500000000002,30.043262499999997,-70.46435000000002,0.476175,3.474362499999999,2.01185,14.271149999999999,-0.11385292546989689,-0.3695520952644199
120.9,23.5,305.2153,SSP2-4.5,2021-2040,-4.17410000000001,31.3577,-117.20559999999978,0.37590000000000146,4.653500000000001,1.1654999999999998,13.888499999999999,31.506925,-77.99734999999993,0.39294999999999947,3.555374999999998,2.1323125000000003,15.3437375,-0.11385292546989689,-0.3063563148946285
120.9,23.55,255.8611,SSP2-4.5,2021-2040,-2.5831000000000017,34.94310000000001,-88.65239999999994,0.32819999999999894,5.481000000000002,1.9878999999999998,17.738500000000002,32.7082,-82.21581249999991,0.4011374999999999,4.026724999999999,2.0609749999999996,15.802637499999998,-0.11385292546989689,-0.24316053452483705
120.9,23.6,253.6143,SSP2-4.5,2021-2040,-11.06959999999998,37.0151,-66.76300000000015,0.3907999999999987,4.912099999999995,2.2414000000000005,17.7615,33.8965,-69.51897499999995,0.5210374999999998,4.547599999999999,2.3008499999999996,16.61635,-0.11385292546989689,-0.17996475415504562
120.9,23.65,254.9225,SSP2-4.5,2021-2040,-10.249200000000002,37.5001,-26.29469999999992,0.6577999999999982,5.524099999999997,3.0344999999999995,17.7827,33.0726875,-51.544887500000016,0.6844375000000005,3.8999999999999995,2.223275,16.2709125,-0.11385292546989689,-0.11676897378525869
120.9,23.7,251.597,SSP2-4.5,2021-2040,-8.552600000000012,34.7906,-24.54970000000003,0.7810000000000024,4.1913999999999945,2.5828000000000007,19.4808,34.340925,-49.97957499999998,0.718925,3.5060249999999993,2.3349124999999997,16.636775,-0.11385292546989689,-0.053573193415467256
120.9,23.75,241.5842,SSP2-4.5,2021-2040,-4.4997000000000185,36.2393,-86.5902000000001,0.5777000000000001,4.668999999999997,2.489700000000001,18.1096,34.127599999999994,-48.365962499999995,0.7199250000000004,3.549574999999999,2.065075,16.1841375,-0.11385292546989689,0.009622586954324176
120.9,23.8,228.4438,SSP2-4.5,2021-2040,5.846299999999985,33.7613,-40.11789999999996,0.5984000000000016,4.870699999999999,1.6155000000000008,13.917300000000001,35.2438625,-78.7209125,0.5321624999999996,4.270249999999999,1.9870749999999997,16.455525,-0.11385292546989689,0.0728183673241156
120.9,23.85,228.7538,SSP2-4.5,2021-2040,22.656999999999982,32.178700000000006,-82.76139999999987,0.23699999999999832,4.3034000000000034,2.2620999999999984,13.196200000000001,34.15893749999999,-68.6719875,0.5362874999999998,4.079537500000001,1.659275,14.650475,-0.11385292546989689,0.13601414769390704
120.9,23.9,212.2855,SSP2-4.5,2021-2040,24.589099999999974,31.567399999999992,-1.5261000000000422,0.8197999999999972,1.0035000000000025,1.3569000000000013,11.85,33.6236875,-76.67918749999995,0.44871250000000007,3.887287500000002,1.5959249999999998,14.386050000000001,-0.11385292546989689,0.19920992806369398
120.9,23.95,225.6764,SSP2-4.5,2021-2040,15.926500000000004,32.13660000000001,-14.824399999999969,0.6437999999999988,0.9414000000000016,1.0655000000000001,13.011500000000002,32.982825,-54.68629999999996,0.5288874999999997,3.4067000000000025,1.4590625000000004,14.25145,-0.11385292546989689,0.26240570843348543
120.9,24.0,219.0071,SSP2-4.5,2021-2040,5.862499999999983,33.132,-52.37239999999997,0.35219999999999985,4.4069,0.5948000000000011,14.5135,33.7761,-51.62141249999996,0.5686124999999995,3.540325,1.2198375000000001,15.387025000000001,-0.11385292546989689,0.32560148880327683
120.9,24.05,219.5285,SSP2-4.5,2021-2040,9.735600000000005,34.8491,-73.16509999999994,0.18359999999999843,4.455199999999998,0.4120999999999988,16.5154,33.738625,-47.764399999999966,0.7176999999999998,4.4885874999999995,1.1497750000000002,15.8831875,-0.11385292546989689,0.3887972691730683
120.9,24.1,217.7921,SSP2-4.5,2021-2040,22.007299999999987,34.569700000000005,-66.16280000000006,0.8300000000000018,6.010300000000001,1.0447999999999986,16.3442,33.6166875,-53.274812499999996,0.7992374999999994,4.367899999999999,1.235575,16.152900000000002,-0.11385292546989689,0.4519930495428597
120.9,24.15,240.1689,SSP2-4.5,2021-2040,17.40179999999998,34.07730000000001,-76.12039999999979,0.8430999999999997,4.356900000000003,1.6966,16.6577,32.7822625,-39.642687499999965,0.911575,3.9075375,1.3696125,15.9637,-0.11385292546989689,0.5151888299126467
120.9,24.2,251.3502,SSP2-4.5,2021-2040,4.811499999999995,32.359399999999994,10.570100000000366,0.8374999999999986,2.325899999999997,0.9516999999999989,15.953800000000001,32.177925,-50.62059999999997,0.8883499999999995,2.6204625000000012,1.6467875,16.049037499999997,-0.11385292546989689,0.578384610282438
120.9,24.25,255.4906,SSP2-4.5,2021-2040,6.882899999999978,32.6691,-32.980699999999615,0.7744999999999997,0.7792999999999992,1.8914000000000009,17.0096,31.9263,-43.49017499999994,0.8912749999999994,1.3077625000000008,1.2435375000000002,16.6535875,-0.11385292546989689,0.6415803906522295
120.9,24.3,263.9308,SSP2-4.5,2021-2040,3.9098000000000184,33.3876,-56.297999999999774,1.0534999999999997,0.2120999999999995,1.127600000000001,18.834600000000002,31.561400000000003,-43.92956250000003,0.8844374999999993,0.5883625000000006,1.1995750000000003,17.474262500000002,-0.11385292546989689,0.704776171022021
120.9,24.35,270.9366,SSP2-4.5,2021-2040,-0.32440000000002556,31.915800000000004,-48.509700000000066,1.0530000000000008,0.5810000000000031,1.2414000000000005,18.607699999999998,31.733025000000005,-49.20201250000008,0.8816249999999992,1.5010874999999997,1.0308125000000006,18.2584,-0.11385292546989689,0.7679719513918124
120.9,24.4,263.7339,SSP2-4.5,2021-2040,-0.05119999999999436,32.01030000000001,-79.1889000000001,0.8003,4.129300000000001,1.4103000000000012,18.7846,31.5009625,-34.676100000000105,0.8745124999999994,2.5741375,0.9267125,18.42885,-0.11385292546989689,0.8311677317615993
120.9,24.45,234.5316,SSP2-4.5,2021-2040,7.586199999999991,32.0409,-20.104100000000017,0.9164999999999992,4.8414,0.7585999999999995,19.6962,31.433312500000003,-49.96080000000009,0.7871499999999996,3.7032374999999993,0.8344625000000003,18.581725000000002,-0.11385292546989689,0.8943635121313908
120.9,24.5,247.5951,SSP2-4.5,2021-2040,0.21569999999999823,31.8568,-55.49420000000009,0.8353000000000002,4.013800000000003,0.6723999999999997,20.6115,31.4889125,-48.91021250000003,0.7050125,3.6396499999999987,0.26809999999999967,19.040637500000003,-0.11385292546989689,0.9575592925011822
120.9,24.55,236.4759,SSP2-4.5,2021-2040,-13.751800000000003,31.998800000000003,-79.6391000000001,0.4872000000000014,4.603400000000001,-0.5155000000000012,19.9808,31.1529,-62.86783749999998,0.6666625000000002,3.225650000000001,0.0200499999999999,19.234375,-0.11385292546989689,1.0207550728709736
120.9,24.6,207.7669,SSP2-4.5,2021-2040,-16.449099999999987,31.159799999999997,-81.17020000000002,0.5225000000000009,2.8845000000000027,-0.22240000000000038,18.6038,30.77515,-53.41951249999997,0.6462625000000002,3.5849,-0.3316625000000004,19.13945,-0.11385292546989689,1.0839508532407651
120.9,24.65,186.1524,SSP2-4.5,2021-2040,-13.764600000000002,29.959000000000003,-50.89390000000003,0.639800000000001,2.827599999999997,0.029299999999999216,18.463499999999996,30.929474999999996,-30.54483749999997,0.6302874999999997,3.9194000000000013,-0.4215375,18.679575,-0.11385292546989689,1.147146633610552
120.9,24.7,162.078,SSP2-4.5,2021-2040,-6.541899999999998,31.3825,-14.148799999999937,0.6417999999999999,4.905200000000001,-1.1930999999999994,17.3692,31.076900000000002,-13.53615000000002,0.5328375000000001,1.8027999999999995,-0.37737500000000024,18.8829375,-0.11385292546989689,1.2103424139803434
120.9,24.75,129.2189,SSP2-4.5,2021-2040,3.2735000000000127,32.3171,-9.736100000000079,0.0005000000000006111,2.1569000000000003,-0.6328000000000005,19.4442,31.5092,-2.8100000000000023,0.4876999999999998,1.6590500000000006,-0.47306249999999994,18.7153875,-0.11385292546989689,1.273538194350135
120.9,24.8,125.7672,SSP2-4.5,2021-2040,4.095399999999984,31.3179,-1.124599999999873,0.3177999999999983,4.013799999999996,-0.48099999999999987,18.6212,31.5649625,-9.230100000000022,0.39859999999999984,1.4900875000000013,-0.559925,18.783412499999997,-0.11385292546989689,1.3367339747199263
120.9,24.85,123.3388,SSP2-4.5,2021-2040,5.6233999999999895,31.488500000000002,4.876099999999951,0.44929999999999737,2.143100000000004,-0.9223999999999997,19.6135,31.024587500000003,-9.199299999999994,0.36978749999999994,3.8717625000000018,-0.456025,18.393749999999997,-0.11385292546989689,1.3999297550897176
120.95,22.45,244.9499,SSP2-4.5,2021-2040,-14.89670000000001,33.476200000000006,-41.284599999999955,0.7010000000000005,12.0138,2.7654999999999994,15.6173,30.9545625,5.268125000000055,1.0444624999999998,13.20345,2.9974,14.644224999999999,-0.008159085388675564,-1.6334677026602307
120.95,22.5,240.3232,SSP2-4.5,2021-2040,-12.998400000000004,30.4032,-37.809799999999996,0.8580000000000005,12.413799999999998,2.8224,14.526900000000001,30.2234625,-8.598412499999966,0.9882499999999999,12.891812500000002,2.7801624999999994,14.215625,-0.008159085388675564,-1.570271922290439
120.95,22.55,251.542,SSP2-4.5,2021-2040,-20.188800000000015,30.686499999999995,-28.428199999999833,0.6016000000000012,11.886199999999999,2.279299999999999,15.496200000000002,30.2939875,-46.58331249999989,0.7604624999999996,11.3081875,2.6838124999999997,14.064887500000001,-0.008159085388675564,-1.5070761419206478
120.95,22.6,286.5512,SSP2-4.5,2021-2040,-29.395100000000014,30.754299999999994,-75.19899999999961,0.4012999999999991,10.574100000000001,3.1568999999999994,15.1442,30.35785,-55.45243749999992,0.6792625000000005,10.351725000000002,2.4708875,14.03725,-0.008159085388675564,-1.4438803615508562
120.95,22.65,375.6943,SSP2-4.5,2021-2040,-42.86959999999999,28.498200000000004,-177.9037999999996,0.21999999999999886,7.234500000000001,3.0085999999999995,12.2154,29.672874999999998,-71.20858749999988,0.6232499999999996,9.1558125,2.64525,13.91825,-0.008159085388675564,-1.3806845811810693
120.95,22.7,384.2909,SSP2-4.5,2021-2040,-39.57460000000003,28.4429,-143.4937,0.27749999999999986,5.8759000000000015,2.9017,11.703800000000001,28.305774999999997,-80.28513749999988,0.6563624999999997,8.822637499999999,2.6200374999999996,13.2661,-0.008159085388675564,-1.317488800811278
120.95,22.75,337.9073,SSP2-4.5,2021-2040,-38.606600000000014,28.691599999999994,-95.43139999999994,0.7594999999999992,7.758600000000001,2.4862,13.069199999999999,26.805049999999998,-66.67796249999995,0.8110874999999997,8.879325,2.5392124999999997,11.7971,-0.008159085388675564,-1.2542930204414864
120.95,22.8,285.5942,SSP2-4.5,2021-2040,-27.903700000000015,24.2162,-59.06410000000005,1.292900000000003,8.5379,2.2879000000000005,8.634599999999999,27.512187499999996,-51.201025000000016,1.1560624999999995,9.467475,2.2489124999999994,11.536525000000001,-0.008159085388675564,-1.191097240071695
120.95,22.85,255.1593,SSP2-4.5,2021-2040,-19.293800000000005,29.133100000000006,-39.45080000000007,1.6119999999999983,10.0914,2.0603,11.409600000000001,26.630724999999998,-20.61375000000001,1.5808875000000002,9.448274999999999,2.113575,10.342537499999999,-0.008159085388675564,-1.1279014597019037
120.95,22.9,236.5576,SSP2-4.5,2021-2040,-6.428600000000017,28.149499999999996,24.636400000000094,2.1342,9.851700000000001,1.9154999999999998,10.8673,25.924912499999998,41.24418750000001,2.0329124999999997,8.5439625,2.031675,9.208412500000001,-0.008159085388675564,-1.0647056793321166
120.95,22.95,234.3535,SSP2-4.5,2021-2040,15.119400000000013,21.7926,143.85809999999992,2.693200000000001,7.600000000000001,1.7516999999999996,5.115400000000001,24.127975,101.1715000000001,2.3141125,8.0652875,2.0558125,8.145662499999998,-0.008159085388675564,-1.0015098989623252
120.95,23.0,232.8915,SSP2-4.5,2021-2040,26.43739999999997,19.948500000000003,195.54410000000007,2.794699999999999,9.620699999999996,2.0999999999999996,5.674999999999999,21.949375,127.20800000000006,2.2575375,7.426287499999999,1.9092624999999999,6.357200000000001,-0.008159085388675564,-0.9383141185925338
120.95,23.05,232.9709,SSP2-4.5,2021-2040,18.298599999999993,20.0396,140.49019999999996,2.0893000000000015,7.808599999999998,1.8862000000000005,5.549999999999999,22.0726875,111.25293750000006,1.9534624999999997,7.142037499999999,1.8762999999999996,6.5295499999999995,-0.008159085388675564,-0.8751183382227424
120.95,23.1,247.647,SSP2-4.5,2021-2040,12.329600000000028,24.4386,99.38649999999984,1.6037999999999997,5.493099999999998,2.141399999999999,6.876899999999999,23.596487500000002,70.78883750000006,1.4793374999999997,6.239874999999998,1.8125125,7.554562499999999,-0.008159085388675564,-0.811922557852951
120.95,23.15,269.5686,SSP2-4.5,2021-2040,9.258199999999988,26.2637,60.096500000000106,1.2551999999999985,4.403399999999998,1.4397000000000002,9.513499999999999,26.643887499999998,33.97210000000007,1.175725,5.158199999999999,1.9461249999999997,8.8906125,-0.008159085388675564,-0.748726777483164
120.95,23.2,300.2097,SSP2-4.5,2021-2040,-1.7497999999999934,30.444199999999995,21.708500000000186,0.9283000000000001,4.648299999999999,2.2845000000000013,9.9942,28.230625,-10.924199999999985,0.9013499999999999,4.969174999999999,1.9340499999999996,10.65,-0.008159085388675564,-0.6855309971133726
120.95,23.25,344.9796,SSP2-4.5,2021-2040,-12.654600000000016,29.68540000000001,-13.214600000000246,0.7695000000000007,5.227599999999999,1.4809999999999999,11.9846,29.325449999999996,-38.633374999999944,0.7090749999999995,4.3888,2.1515125,11.403599999999999,-0.008159085388675564,-0.6223352167435812
120.95,23.3,332.6699,SSP2-4.5,2021-2040,-12.041299999999978,31.772399999999998,-10.204600000000028,0.7241999999999997,2.193100000000001,2.129299999999999,11.876900000000001,28.5429625,-57.339650000000034,0.5268624999999991,4.7810500000000005,1.9528,12.185575,-0.008159085388675564,-0.5591394363737897
120.95,23.35,294.6614,SSP2-4.5,2021-2040,-12.720500000000015,28.597900000000003,-36.27539999999999,0.4355999999999973,3.918999999999997,2.260300000000001,12.915400000000002,28.309287500000003,-46.89093749999998,0.5105874999999997,4.3901,1.7433374999999998,12.349274999999999,-0.008159085388675564,-0.4959436560039983
120.95,23.4,277.6213,SSP2-4.5,2021-2040,-10.130200000000002,28.276899999999998,-44.890100000000075,0.27580000000000027,4.429299999999998,2.489699999999999,13.269199999999998,27.0792,-40.43769999999998,0.5084249999999995,3.975437499999999,1.6146625000000003,12.5507125,-0.008159085388675564,-0.43274787563421135
120.95,23.45,284.7185,SSP2-4.5,2021-2040,-3.181500000000028,22.638400000000004,-26.627500000000055,0.3567999999999998,1.851699999999994,2.1328000000000014,12.4538,28.15535,-39.62063749999993,0.4488875000000001,3.1471999999999998,1.6928999999999998,13.1026375,-0.008159085388675564,-0.3695520952644199
120.95,23.5,293.0801,SSP2-4.5,2021-2040,2.769299999999987,28.09879999999999,-10.27679999999964,0.29690000000000083,0.0362000000000009,2.0724,14.7346,29.5597875,-46.209262499999966,0.38933749999999945,3.0859749999999986,1.9918125,13.87115,-0.008159085388675564,-0.3063563148946285
120.95,23.55,264.764,SSP2-4.5,2021-2040,-0.3358000000000061,33.8898,-49.17209999999977,0.2898999999999994,3.2378999999999962,2.7585999999999995,15.4481,31.135637499999994,-52.61757499999996,0.3804749999999997,3.5228374999999996,1.9480624999999996,15.084850000000001,-0.008159085388675564,-0.24316053452483705
120.95,23.6,284.1808,SSP2-4.5,2021-2040,-10.507999999999981,27.113499999999995,-77.41499999999996,0.4775999999999989,4.608600000000003,1.9792999999999985,13.5442,34.079612499999996,-51.902625,0.4692374999999993,4.072612499999998,2.2295249999999998,16.5536,-0.008159085388675564,-0.17996475415504562
120.95,23.65,282.0884,SSP2-4.5,2021-2040,-16.299599999999998,30.666099999999993,-56.91820000000007,0.659200000000002,3.1103000000000023,1.9448000000000008,15.3269,33.7825875,-48.4199375,0.6368249999999995,4.271337499999998,2.0045374999999996,17.1918125,-0.008159085388675564,-0.11676897378525869
120.95,23.7,267.0414,SSP2-4.5,2021-2040,-14.954100000000011,29.391000000000005,-34.65869999999995,0.9524000000000008,2.9345,1.7431,15.3904,34.953487499999994,-54.62240000000003,0.6547874999999999,4.579737499999998,1.9877250000000002,18.183412500000003,-0.008159085388675564,-0.053573193415467256
120.95,23.75,234.9577,SSP2-4.5,2021-2040,-9.388799999999975,35.329499999999996,-69.97659999999996,0.6722000000000001,4.858599999999996,1.5534,19.0635,34.54356249999999,-69.06966249999999,0.5846875000000002,5.261224999999999,1.8829875000000005,17.25985,-0.008159085388675564,0.009622586954324176
120.95,23.8,217.9916,SSP2-4.5,2021-2040,4.6991999999999905,36.9274,-105.18740000000003,0.2680000000000007,5.403500000000001,2.1224000000000007,16.319200000000002,34.5372875,-109.6807125,0.35885000000000034,5.586212499999999,1.7489374999999998,16.946875,-0.008159085388675564,0.0728183673241156
120.95,23.85,229.2761,SSP2-4.5,2021-2040,16.50739999999999,37.0209,-149.2237,0.14860000000000184,6.0689999999999955,0.8068999999999988,17.7769,33.130325,-114.15631249999996,0.3076249999999998,5.242037500000002,1.6767375,14.584125,-0.008159085388675564,0.13601414769390704
120.95,23.9,196.9245,SSP2-4.5,2021-2040,21.15299999999999,31.498300000000008,-104.08929999999987,0.33970000000000056,5.106900000000003,1.3620999999999999,11.950000000000001,32.93215,-105.64903749999999,0.36104999999999965,4.713587500000002,1.3969999999999998,14.595424999999999,-0.008159085388675564,0.19920992806369398
120.95,23.95,185.3342,SSP2-4.5,2021-2040,18.0728,32.908,-53.432399999999916,0.5681000000000012,5.050000000000004,1.312100000000001,13.675,32.467425000000006,-63.81016249999999,0.5051499999999987,4.626950000000003,1.3153125000000003,14.242550000000001,-0.008159085388675564,0.26240570843348543
120.95,24.0,189.1248,SSP2-4.5,2021-2040,12.382800000000003,32.9786,-15.251099999999951,0.39539999999999864,3.791400000000003,1.6776,16.6577,33.299575,-42.666199999999975,0.575124999999999,4.473075000000001,1.2172625000000004,14.8125125,-0.008159085388675564,0.32560148880327683
120.95,24.05,208.9561,SSP2-4.5,2021-2040,21.34620000000001,33.34909999999999,-29.265499999999975,0.4715999999999987,2.698299999999996,1.239700000000001,14.4808,33.56845,-24.635562499999992,0.7427374999999996,4.640525,1.1724249999999998,15.748574999999999,-0.008159085388675564,0.3887972691730683
120.95,24.1,221.9666,SSP2-4.5,2021-2040,31.824299999999994,33.1441,-29.41289999999981,0.9679000000000002,4.015499999999996,0.7224000000000004,14.363499999999998,32.796925,-24.687212500000015,0.8769624999999999,4.558637499999999,1.2314874999999996,15.303862500000001,-0.008159085388675564,0.4519930495428597
120.95,24.15,244.2324,SSP2-4.5,2021-2040,25.936700000000002,30.954300000000003,-34.1555000000003,1.0111999999999988,3.4361999999999995,1.5396999999999998,14.548100000000002,32.1144375,-17.12521249999992,0.9852000000000003,4.3293124999999995,1.1618499999999994,14.6747625,-0.008159085388675564,0.5151888299126467
120.95,24.2,259.8112,SSP2-4.5,2021-2040,23.55250000000001,30.693400000000004,-41.95629999999983,0.968399999999999,2.356900000000003,0.9361999999999995,13.399999999999999,30.195075000000003,-27.01417499999991,0.9568374999999993,3.8814624999999996,1.2773749999999997,13.7247625,-0.008159085388675564,0.578384610282438
120.95,24.25,269.7017,SSP2-4.5,2021-2040,21.419899999999984,27.631200000000007,-55.12570000000005,1.1317999999999984,1.9603000000000037,1.0930999999999997,11.384599999999999,30.0978375,-44.59884999999986,0.856362499999999,2.9696125,1.1198249999999998,14.282924999999999,-0.008159085388675564,0.6415803906522295
120.95,24.3,302.1375,SSP2-4.5,2021-2040,6.984300000000019,30.760400000000004,-89.35060000000021,0.8257999999999974,1.4344999999999999,0.9862000000000002,15.7019,29.170425,-57.57359999999994,0.8369624999999994,2.0487,1.0370750000000004,14.336537499999999,-0.008159085388675564,0.704776171022021
120.95,24.35,321.8954,SSP2-4.5,2021-2040,-9.521500000000003,29.7611,-45.764900000000125,0.5960999999999999,0.0,1.055200000000001,16.5231,29.647062500000004,-76.10252500000007,0.6954999999999996,2.5875000000000004,0.9987000000000006,15.445425,-0.008159085388675564,0.7679719513918124
120.95,24.4,287.059,SSP2-4.5,2021-2040,-1.1169000000000437,28.96860000000001,-85.32100000000037,0.6072999999999986,4.619,0.9431000000000012,15.023100000000001,29.6226625,-61.808500000000095,0.5586125000000002,2.5064624999999996,0.9928750000000004,15.991337499999998,-0.008159085388675564,0.8311677317615993
120.95,24.45,301.5276,SSP2-4.5,2021-2040,2.2151000000000067,30.739799999999995,-69.3719000000001,0.5565999999999995,4.399999999999999,0.9603000000000002,16.6288,29.1492375,-79.30970000000008,0.5108000000000001,3.9549624999999997,0.8400750000000003,16.259125,-0.008159085388675564,0.8943635121313908
120.95,24.5,291.8077,SSP2-4.5,2021-2040,2.8245999999999754,29.494499999999995,-104.22510000000011,0.49569999999999936,3.1620999999999952,0.627600000000001,17.8577,29.79085,-90.80401250000006,0.5235125000000003,4.1224125,0.36852499999999977,17.1807625,-0.008159085388675564,0.9575592925011822
120.95,24.55,261.5396,SSP2-4.5,2021-2040,-18.963400000000007,31.5178,-111.74829999999997,0.6248000000000005,1.101700000000001,-0.43100000000000094,19.5077,30.057525000000002,-105.41931250000002,0.4837500000000001,4.323275000000001,0.1163749999999999,18.035337499999997,-0.008159085388675564,1.0207550728709736
120.95,24.6,233.6375,SSP2-4.5,2021-2040,-18.428399999999982,30.4893,-103.82459999999992,0.5367999999999995,2.3379000000000048,0.03449999999999953,19.2385,30.639937500000002,-82.82977500000004,0.5088500000000002,3.8038750000000006,-0.19892500000000046,18.77525,-0.008159085388675564,1.0839508532407651
120.95,24.65,207.5133,SSP2-4.5,2021-2040,-14.123499999999979,29.885399999999997,-33.67959999999994,0.5418999999999983,3.4930999999999983,-0.46720000000000006,18.605800000000002,31.078899999999997,-48.23151249999998,0.5388625,3.6081875000000014,-0.33082500000000026,18.77595,-0.008159085388675564,1.147146633610552
120.95,24.7,171.6327,SSP2-4.5,2021-2040,-2.3891000000000133,32.397499999999994,8.9221,0.49599999999999866,3.072400000000002,-0.44479999999999986,19.301899999999996,31.1512125,-22.7952875,0.5161000000000004,1.4633625000000006,-0.4605750000000003,18.7983,-0.008159085388675564,1.2103424139803434
120.95,24.75,131.9503,SSP2-4.5,2021-2040,6.561800000000005,31.834000000000003,-15.703600000000051,0.4244000000000021,-11.1207,-0.2259000000000002,19.067300000000003,31.711599999999997,-6.843712499999981,0.43103749999999974,3.3694000000000006,-0.5838375,18.758162499999997,-0.008159085388675564,1.273538194350135
120.95,24.8,131.9864,SSP2-4.5,2021-2040,6.358699999999999,31.203200000000002,1.633100000000013,0.2814000000000014,3.8155,-0.29139999999999944,18.1404,31.50625,-11.09563750000001,0.3752124999999997,1.4834000000000014,-0.46853750000000016,18.94015,-0.008159085388675564,1.3367339747199263
120.95,24.85,128.2105,SSP2-4.5,2021-2040,5.991900000000015,30.600800000000007,-12.640300000000025,0.30269999999999797,4.8155,-0.4276,18.5231,30.876237500000002,-9.536862499999984,0.4569999999999994,3.703875000000002,-0.5488999999999998,18.403125,-0.008159085388675564,1.3999297550897176
120.95,24.9,128.708,SSP2-4.5,2021-2040,7.170700000000011,30.245899999999992,11.722400000000107,0.8094000000000001,1.6086000000000027,-0.5602999999999998,17.9865,30.308075000000002,-13.269637499999988,0.4993499999999993,5.127575000000001,-0.5101249999999998,18.1360625,-0.008159085388675564,1.4631255354595045
121.0,22.55,233.2394,SSP2-4.5,2021-2040,-21.308699999999988,32.5756,-13.260099999999966,0.7784000000000013,12.620700000000003,2.0310000000000006,14.8115,30.3466875,-26.815249999999935,0.8024749999999998,11.5564625,2.6650624999999994,14.4963875,0.09753475469254576,-1.5070761419206478
121.0,22.6,228.2414,SSP2-4.5,2021-2040,-21.29849999999999,33.179899999999996,-9.7346,0.8752999999999993,11.317199999999996,2.0086000000000004,15.424999999999999,30.735037499999997,-47.03891249999984,0.6722249999999996,10.371975,2.546525,14.59735,0.09753475469254576,-1.4438803615508562
121.0,22.65,255.3947,SSP2-4.5,2021-2040,-20.398500000000013,30.80890000000001,-4.591200000000072,0.7329000000000008,9.955200000000001,2.6103000000000005,14.982700000000001,30.574237499999995,-70.73911249999989,0.6580374999999994,9.411200000000001,2.4892125,13.959599999999998,0.09753475469254576,-1.3806845811810693
121.0,22.7,283.8308,SSP2-4.5,2021-2040,-26.253600000000006,30.424300000000002,11.710600000000113,0.8730999999999973,10.801699999999997,2.9154999999999998,15.4096,30.426849999999998,-55.23096249999992,0.7300624999999998,8.9663875,2.4167875,13.8156125,0.09753475469254576,-1.317488800811278
121.0,22.75,295.801,SSP2-4.5,2021-2040,-29.645899999999983,31.039299999999997,15.884400000000142,1.0393000000000008,10.227599999999999,2.8740999999999994,14.6827,29.67455,-37.34178749999998,1.0101499999999999,8.8043125,2.4284375000000002,13.407425,0.09753475469254576,-1.2542930204414864
121.0,22.8,290.8779,SSP2-4.5,2021-2040,-28.270100000000014,30.419599999999996,-22.331300000000056,1.619799999999998,8.7397,2.5206999999999997,13.701900000000002,29.828362499999997,-17.764725000000027,1.4283000000000006,9.2724125,2.2933125,13.155025,0.09753475469254576,-1.191097240071695
121.0,22.85,280.0154,SSP2-4.5,2021-2040,-20.54770000000002,30.587400000000002,-20.378900000000158,2.3077000000000005,8.993099999999998,1.7896999999999998,12.5115,29.4994125,19.32315,1.9553625000000001,9.0674625,2.2734750000000004,12.709125,0.09753475469254576,-1.1279014597019037
121.0,22.9,269.019,SSP2-4.5,2021-2040,5.395399999999995,29.255999999999993,78.7519000000002,2.9725,7.322400000000002,2.115499999999999,12.617299999999998,27.61855,79.39233749999997,2.422875,8.323500000000001,2.1575375,10.3533625,0.09753475469254576,-1.0647056793321166
121.0,22.95,260.8454,SSP2-4.5,2021-2040,36.1789,22.372700000000002,214.11450000000013,3.5645999999999987,4.863800000000001,2.4879,5.663499999999999,26.070462499999998,137.41252500000004,2.7040625,7.831687499999999,2.074775,9.4689875,0.09753475469254576,-1.0015098989623252
121.0,23.0,243.1891,SSP2-4.5,2021-2040,32.24740000000003,21.835700000000003,221.9150000000002,3.2973999999999997,5.199999999999999,2.0,6.544199999999998,23.227425,165.89585,2.6247875,7.401512499999999,2.0025874999999997,7.087975,0.09753475469254576,-0.9383141185925338
121.0,23.05,229.3887,SSP2-4.5,2021-2040,24.247899999999987,22.0293,173.5893000000001,2.4316999999999993,7.813799999999997,1.6982999999999997,6.8519000000000005,24.0908625,149.312875,2.2809,6.668099999999999,2.0191874999999997,7.487724999999999,0.09753475469254576,-0.8751183382227424
121.0,23.1,224.4784,SSP2-4.5,2021-2040,19.484399999999994,24.7641,127.68270000000007,1.8205999999999989,4.575899999999997,2.239699999999999,7.107699999999998,25.172137499999998,111.6628375,1.7851249999999999,6.454724999999998,2.0679,7.972825,0.09753475469254576,-0.811922557852951
121.0,23.15,227.905,SSP2-4.5,2021-2040,14.46180000000001,26.873999999999995,100.3723,1.4819999999999993,4.958599999999997,2.7155000000000005,8.3442,27.7623375,81.30776250000005,1.5166999999999997,5.752799999999999,2.1991499999999995,9.2302875,0.09753475469254576,-0.748726777483164
121.0,23.2,240.4428,SSP2-4.5,2021-2040,11.153300000000002,28.5265,98.4001000000003,1.8183000000000007,5.956900000000001,2.274099999999999,10.4942,28.806275,43.05515,1.3203749999999999,6.0915874999999975,2.2433125,10.572837499999999,0.09753475469254576,-0.6855309971133726
121.0,23.25,273.4078,SSP2-4.5,2021-2040,-2.9218999999999937,29.161500000000004,19.355199999999968,1.597999999999999,4.793099999999999,2.524099999999999,11.951899999999998,28.395449999999997,21.310400000000016,1.2159625000000003,6.1094875,2.1954624999999997,11.292774999999999,0.09753475469254576,-0.6223352167435812
121.0,23.3,255.5978,SSP2-4.5,2021-2040,-20.285899999999998,24.7789,-16.548099999999977,0.9271999999999991,5.005200000000002,1.9344999999999999,11.334599999999998,27.7246625,-3.863537500000035,1.0332750000000002,5.922412499999999,2.0508499999999996,12.2218625,0.09753475469254576,-0.5591394363737897
121.0,23.35,232.374,SSP2-4.5,2021-2040,-21.195699999999988,22.7577,-28.74039999999991,0.5861000000000018,6.256900000000002,1.1828000000000003,12.340399999999999,27.414775,-10.892799999999994,0.7724874999999995,5.188799999999999,1.9329874999999999,12.3213875,0.09753475469254576,-0.4959436560039983
121.0,23.4,219.7043,SSP2-4.5,2021-2040,-15.396999999999991,25.639300000000006,-20.69959999999992,0.41140000000000043,4.741399999999999,0.8620999999999999,12.305800000000001,25.9329625,-7.542750000000041,0.5816124999999999,4.206887499999998,1.7698500000000004,12.5069625,0.09753475469254576,-0.43274787563421135
121.0,23.45,223.7154,SSP2-4.5,2021-2040,-5.295899999999989,24.707099999999997,9.193899999999758,0.4344000000000001,2.0793000000000035,1.5707000000000004,11.9192,26.043612499999995,-1.6524249999999938,0.4473625000000001,2.773912499999998,1.769425,12.837250000000001,0.09753475469254576,-0.3695520952644199
121.0,23.5,235.9735,SSP2-4.5,2021-2040,0.7631000000000085,26.862999999999992,11.512299999999868,0.3398000000000003,0.9671999999999983,1.8965999999999994,12.501900000000001,26.855824999999996,-5.368499999999983,0.40441249999999984,1.9764999999999988,2.0812625000000002,13.2038375,0.09753475469254576,-0.3063563148946285
121.0,23.55,239.3606,SSP2-4.5,2021-2040,0.5249000000000024,30.7813,-22.594700000000103,0.3146999999999984,2.708599999999997,2.556899999999999,13.257700000000002,28.303199999999993,-20.280074999999925,0.42781249999999993,2.7034375000000006,2.0094874999999996,14.006237500000001,0.09753475469254576,-0.24316053452483705
121.0,23.6,244.608,SSP2-4.5,2021-2040,-5.28370000000001,32.91259999999999,-49.54539999999997,0.5198999999999998,4.8155,1.6844999999999999,17.2519,30.267525,-36.84499999999997,0.5000999999999998,3.3377,2.0366374999999994,14.61995,0.09753475469254576,-0.17996475415504562
121.0,23.65,252.8218,SSP2-4.5,2021-2040,-15.374899999999997,34.928799999999995,-55.280500000000075,0.593399999999999,2.791399999999996,1.6275999999999993,17.8615,31.130624999999995,-41.87616249999999,0.6405624999999997,4.042875000000001,1.6228375,16.03485,0.09753475469254576,-0.11676897378525869
121.0,23.7,255.6359,SSP2-4.5,2021-2040,-18.15179999999998,36.608999999999995,-52.852499999999964,0.7216999999999985,4.393099999999997,1.1431000000000004,18.4615,32.853725,-46.06743750000004,0.6447374999999997,4.199999999999999,1.5974125000000001,17.378612500000003,0.09753475469254576,-0.053573193415467256
121.0,23.75,236.0405,SSP2-4.5,2021-2040,-11.590900000000005,33.564499999999995,-64.5168000000001,0.5752999999999986,7.100000000000001,1.5259,19.3808,34.353049999999996,-70.00597499999998,0.5417999999999998,5.380399999999999,1.4721875000000002,17.45095,0.09753475469254576,0.009622586954324176
121.0,23.8,228.8837,SSP2-4.5,2021-2040,-0.9335000000000093,35.065400000000004,-144.0840999999998,0.2029999999999994,8.5276,1.8414000000000001,17.019199999999998,34.377325,-111.46021250000001,0.3262625000000008,5.701087499999999,1.399575,17.515375,0.09753475469254576,0.0728183673241156
121.0,23.85,254.3969,SSP2-4.5,2021-2040,10.31989999999999,33.1387,-240.17500000000018,-0.1413999999999973,4.291400000000003,1.8965999999999994,17.1115,33.1112375,-127.5832874999999,0.27043750000000033,6.7275875,1.3385874999999998,15.727875000000001,0.09753475469254576,0.13601414769390704
121.0,23.9,211.885,SSP2-4.5,2021-2040,13.001300000000015,30.9054,-195.3092999999999,0.13649999999999807,8.429300000000005,0.9568999999999992,15.3096,32.036375,-118.85907499999993,0.35107500000000025,5.99655,1.4110125,15.0528875,0.09753475469254576,0.19920992806369398
121.0,23.95,184.7052,SSP2-4.5,2021-2040,21.22290000000001,33.601499999999994,-107.94000000000005,0.4759999999999991,7.620699999999999,1.5190000000000001,14.832699999999999,31.022925,-74.60306249999996,0.560624999999999,6.230375000000002,1.5135875,14.552174999999998,0.09753475469254576,0.26240570843348543
121.0,24.0,216.031,SSP2-4.5,2021-2040,30.531000000000006,33.9196,-19.16870000000017,0.877799999999997,5.715500000000006,1.989700000000001,15.8154,31.422474999999995,-39.07296249999999,0.7098874999999989,5.8372875,1.494625,14.484637499999998,0.09753475469254576,0.32560148880327683
121.0,24.05,236.8337,SSP2-4.5,2021-2040,37.7372,32.500699999999995,8.838900000000194,1.027899999999999,4.896599999999999,1.6052,15.6558,31.9120625,-8.467212500000073,0.9041374999999992,5.33405,1.4340624999999998,14.5827125,0.09753475469254576,0.3887972691730683
121.0,24.1,256.4605,SSP2-4.5,2021-2040,32.60589999999996,33.45380000000001,49.60959999999977,1.307100000000002,3.832799999999999,1.3327999999999989,16.1231,30.1936125,-1.6425749999999653,1.0595749999999993,5.6961249999999986,1.1631499999999997,13.1276625,0.09753475469254576,0.4519930495428597
121.0,24.15,278.4557,SSP2-4.5,2021-2040,22.293200000000013,28.6214,22.923099999999977,1.3412000000000006,6.782799999999995,0.9809999999999999,12.1058,29.966037500000006,2.5142250000000104,1.1325374999999998,5.1002125,1.1493499999999994,13.0302875,0.09753475469254576,0.5151888299126467
121.0,24.2,281.4165,SSP2-4.5,2021-2040,20.00540000000001,29.9964,-6.452099999999973,0.7864000000000004,4.953400000000002,1.6292999999999989,12.45,27.633875000000003,-7.253074999999967,1.1802374999999992,5.1959124999999995,0.9659374999999997,11.4646625,0.09753475469254576,0.578384610282438
121.0,24.25,322.664,SSP2-4.5,2021-2040,20.2808,25.251500000000007,-44.772199999999884,0.9289999999999985,6.456899999999997,0.4361999999999995,9.688500000000001,27.685550000000003,-39.07071250000001,0.9959499999999988,4.0814625000000015,1.1228375,11.751425000000001,0.09753475469254576,0.6415803906522295
121.0,24.3,337.0487,SSP2-4.5,2021-2040,12.571500000000015,25.664899999999996,-95.55099999999993,0.6757999999999988,5.237900000000003,1.0,11.224999999999998,26.945537500000004,-61.84023750000006,0.892187499999999,2.9810375000000002,0.8045250000000002,11.4745125,0.09753475469254576,0.704776171022021
121.0,24.35,312.3891,SSP2-4.5,2021-2040,-3.290899999999965,27.0822,-81.58660000000009,0.4819999999999993,1.1620999999999952,0.45170000000000066,11.419199999999998,27.2881,-82.50048750000013,0.6773749999999992,2.9163750000000013,0.8678875000000004,12.692787500000001,0.09753475469254576,0.7679719513918124
121.0,24.4,298.9119,SSP2-4.5,2021-2040,-6.404899999999998,27.386699999999998,-73.01440000000002,0.0663000000000018,3.3241000000000014,0.8292999999999999,13.967300000000002,27.5356375,-69.93350000000015,0.5402874999999994,2.4765124999999992,0.9079625000000004,12.9432625,0.09753475469254576,0.8311677317615993
121.0,24.45,317.0633,SSP2-4.5,2021-2040,-5.499400000000037,26.0445,-76.92750000000024,-0.0018999999999991246,1.6137999999999977,1.2362000000000002,12.303799999999999,27.2380875,-84.16443750000008,0.4528749999999997,3.7678874999999987,0.7674500000000004,13.466575,0.09753475469254576,0.8943635121313908
121.0,24.5,319.3667,SSP2-4.5,2021-2040,-7.391899999999964,25.391600000000004,-140.20239999999967,0.3669000000000011,5.9361999999999995,0.2431000000000001,11.828800000000001,27.8316125,-107.3246750000001,0.42154999999999987,3.8793124999999984,0.6243500000000002,14.690137499999999,0.09753475469254576,0.9575592925011822
121.0,24.55,305.1535,SSP2-4.5,2021-2040,-11.377299999999991,28.736600000000003,-172.94460000000026,0.4026999999999994,6.469000000000001,0.024100000000000676,16.8885,28.506462499999998,-121.31092499999997,0.44672500000000026,4.0185249999999995,0.35043749999999996,16.1173125,0.09753475469254576,1.0207550728709736
121.0,24.6,252.4526,SSP2-4.5,2021-2040,-5.5090999999999894,31.332800000000006,-105.85429999999997,0.2228999999999992,5.179299999999998,0.0671999999999997,19.2731,29.655,-96.76425,0.4926625000000002,3.815287500000001,0.22176249999999986,18.093762499999997,0.09753475469254576,1.0839508532407651
121.0,24.65,214.3513,SSP2-4.5,2021-2040,-8.844000000000023,30.529299999999992,-26.708200000000033,0.6290000000000013,3.872400000000006,-0.07590000000000074,18.8788,30.519074999999997,-51.91946249999995,0.45266249999999975,3.4489,0.00021249999999983782,18.970675,0.09753475469254576,1.147146633610552
121.0,24.7,179.7886,SSP2-4.5,2021-2040,-2.6991999999999905,31.381,-12.174199999999928,0.6220999999999997,3.786200000000001,-0.8414000000000001,19.0788,30.963699999999996,-22.673699999999997,0.5197000000000003,0.9560124999999999,-0.2060375000000002,19.128587500000002,0.09753475469254576,1.2103424139803434
121.0,24.75,146.3956,SSP2-4.5,2021-2040,6.162000000000006,31.92139999999999,-19.31790000000001,0.6293000000000006,1.786200000000001,-0.2776000000000005,19.4788,31.415812499999998,-14.82435000000001,0.4916750000000003,1.2051625000000001,-0.4433125000000001,19.0576875,0.09753475469254576,1.273538194350135
121.0,24.8,140.3764,SSP2-4.5,2021-2040,9.486000000000018,31.77219999999999,-8.803300000000036,0.4593999999999987,3.419000000000004,-0.5086000000000004,18.6308,31.10305,-22.253575000000012,0.46912500000000046,1.2984749999999998,-0.42369999999999997,18.8670625,0.09753475469254576,1.3367339747199263
121.0,24.85,133.1036,SSP2-4.5,2021-2040,10.9897,30.798100000000005,-26.315399999999954,0.4183000000000021,4.653400000000005,-0.2724000000000002,18.1423,30.519975000000002,-14.77249999999998,0.5403624999999996,4.216600000000001,-0.44609999999999994,18.340625,0.09753475469254576,1.3999297550897176
121.0,24.9,136.3656,SSP2-4.5,2021-2040,5.319299999999998,29.941500000000005,-28.330200000000104,0.36880000000000024,6.491400000000006,-0.47409999999999997,17.6615,29.526137500000004,-4.336624999999941,0.7188749999999993,5.3258375,-0.3456874999999999,17.7983125,0.09753475469254576,1.4631255354595045
121.0,24.95,138.7093,SSP2-4.5,2021-2040,0.7884999999999991,29.366799999999998,-6.5625,0.6146999999999991,8.1603,-0.7397,17.3135,28.801925,-6.573287499999964,0.7923374999999999,5.8478375000000025,-0.2937375,17.572575,0.09753475469254576,1.526321315829296
121.0,25.0,142.3879,SSP2-4.5,2021-2040,-3.5918000000000063,27.600600000000007,-29.686699999999973,0.6659000000000006,8.963800000000006,-0.7897000000000007,17.051899999999996,28.1500875,9.111087500000025,1.0269249999999999,6.319162500000002,-0.4422374999999996,17.5870125,0.09753475469254576,1.5895170961990874
121.05,22.65,227.0661,SSP2-4.5,2021-2040,-22.38040000000001,32.34949999999999,-27.180900000000065,1.047699999999999,11.579300000000003,1.6534000000000004,14.982700000000001,31.181524999999997,-32.6983249999999,0.7973499999999993,9.884899999999998,2.3894249999999997,14.5569625,0.2032285947737671,-1.3806845811810693
121.05,22.7,229.6971,SSP2-4.5,2021-2040,-24.053600000000017,31.854499999999994,-9.409099999999853,0.8326999999999991,9.4707,1.7792999999999992,14.134599999999999,31.1626875,-14.969562499999995,0.9461999999999997,9.62845,2.32735,14.4911,0.2032285947737671,-1.317488800811278
121.05,22.75,241.0917,SSP2-4.5,2021-2040,-22.67670000000001,31.7299,0.27800000000002,0.9309000000000012,9.6293,2.0206999999999997,14.753799999999998,31.385287499999997,12.667337500000002,1.2349124999999996,9.289449999999999,2.30085,14.8757125,0.2032285947737671,-1.2542930204414864
121.05,22.8,266.0909,SSP2-4.5,2021-2040,-22.95089999999999,31.617400000000004,19.00669999999991,1.4948000000000015,9.6207,2.5155000000000003,15.8519,30.825537499999996,14.366949999999974,1.4988750000000004,8.876962499999998,2.2243625,14.3879625,0.2032285947737671,-1.191097240071695
121.05,22.85,291.6802,SSP2-4.5,2021-2040,-22.200300000000027,31.611999999999995,37.038299999999936,1.9893,9.320699999999999,2.312100000000001,14.326900000000002,30.146412499999997,32.60802499999997,1.9591875000000005,9.055837499999999,2.215725,14.0624875,0.2032285947737671,-1.1279014597019037
121.05,22.9,281.962,SSP2-4.5,2021-2040,-8.611299999999972,31.591500000000003,115.99810000000002,2.5274,9.0552,2.4603,14.263499999999999,28.510512499999997,72.2500125,2.2991500000000005,8.519400000000001,2.2045375,12.0218625,0.2032285947737671,-1.0647056793321166
121.05,22.95,248.7601,SSP2-4.5,2021-2040,8.038800000000009,25.709600000000002,159.32299999999987,2.5546000000000006,6.812100000000001,2.4828,8.6692,28.330725,123.69596250000006,2.5302000000000002,8.027587500000001,2.2154999999999996,11.440862499999998,0.2032285947737671,-1.0015098989623252
121.05,23.0,231.4066,SSP2-4.5,2021-2040,12.255099999999999,30.280299999999997,159.2736,2.6585,7.191400000000002,1.7723999999999993,12.0,25.4812875,146.88028750000004,2.3779125000000003,7.191812499999999,2.1771624999999997,8.837474999999998,0.2032285947737671,-0.9383141185925338
121.05,23.05,226.0089,SSP2-4.5,2021-2040,11.391899999999993,23.6468,140.97399999999993,2.2117000000000004,7.501699999999996,1.8414000000000001,7.178800000000001,26.8869875,130.43157500000004,2.0683375,6.6465625,2.0877124999999994,9.451899999999998,0.2032285947737671,-0.8751183382227424
121.05,23.1,222.386,SSP2-4.5,2021-2040,9.315100000000001,27.7733,109.23689999999988,1.7712000000000003,5.953400000000002,2.1723999999999997,8.9692,27.262375,101.07042500000006,1.7038250000000001,6.6474249999999975,2.2284625,9.395175,0.2032285947737671,-0.811922557852951
121.05,23.15,228.6602,SSP2-4.5,2021-2040,1.9882000000000062,30.311800000000005,69.15700000000015,1.4360999999999997,7.705199999999998,2.6483,10.4981,28.8172125,84.27766250000002,1.5706125000000002,6.103662499999999,2.3265124999999998,10.06105,0.2032285947737671,-0.748726777483164
121.05,23.2,215.6993,SSP2-4.5,2021-2040,-3.735199999999992,29.576500000000003,64.7938999999999,1.5000999999999998,7.286199999999997,2.3931000000000004,10.388499999999999,29.099937500000003,57.59967500000005,1.5858125000000003,7.1780124999999995,2.4394374999999995,10.854087499999999,0.2032285947737671,-0.6855309971133726
121.05,23.25,211.5235,SSP2-4.5,2021-2040,-6.903200000000027,28.1331,22.172399999999925,1.5938000000000017,9.710299999999997,2.4603,11.9077,27.487175,40.765900000000016,1.5606625,7.406475,2.3769375,11.066825,0.2032285947737671,-0.6223352167435812
121.05,23.3,207.615,SSP2-4.5,2021-2040,-7.0201000000000136,24.246599999999994,3.3756000000000768,1.4663000000000004,8.848300000000002,2.6068999999999996,12.3615,27.2365625,24.493425000000002,1.3918625000000004,7.078875,2.1627125,12.1322125,0.2032285947737671,-0.5591394363737897
121.05,23.35,199.6455,SSP2-4.5,2021-2040,-10.860899999999987,27.442700000000002,12.623499999999922,1.0927000000000007,6.430999999999997,1.7621000000000002,12.4365,26.894750000000002,22.541862500000036,1.1354500000000003,6.504099999999999,1.9398875000000002,12.697125,0.2032285947737671,-0.4959436560039983
121.05,23.4,191.6569,SSP2-4.5,2021-2040,-10.517600000000016,28.563499999999998,25.476300000000037,0.8466999999999985,5.943099999999994,1.4190000000000005,12.071200000000001,27.136925,27.543475,0.8641125000000005,4.764212499999999,1.6379500000000002,12.901925000000002,0.2032285947737671,-0.43274787563421135
121.05,23.45,190.2957,SSP2-4.5,2021-2040,-5.958200000000005,24.479499999999994,28.897699999999986,0.6248000000000005,2.744799999999998,1.3414000000000001,12.65,26.9820625,30.04051249999995,0.6594375000000001,3.5808124999999995,1.6616625,12.707450000000001,0.2032285947737671,-0.3695520952644199
121.05,23.5,195.1576,SSP2-4.5,2021-2040,-2.2608999999999924,23.789499999999997,23.388299999999845,0.4267000000000003,1.4776000000000025,1.9413999999999998,12.711500000000001,26.576175,24.12523749999997,0.5420249999999998,2.5032249999999996,1.816825,12.3865375,0.2032285947737671,-0.3063563148946285
121.05,23.55,201.5322,SSP2-4.5,2021-2040,-2.1195999999999913,26.462199999999996,4.243200000000115,0.4910999999999994,1.6758999999999986,2.2759,12.4558,26.8937125,8.830112499999984,0.5181875000000002,2.9773500000000013,1.7939749999999999,13.19205,0.2032285947737671,-0.24316053452483705
121.05,23.6,207.0804,SSP2-4.5,2021-2040,-3.445699999999988,27.296199999999992,-14.975099999999884,0.5806000000000004,4.8086000000000055,1.4672,13.401900000000001,28.667087499999997,-7.665037499999983,0.5728,3.3920125,1.8256625,14.1536,0.2032285947737671,-0.17996475415504562
121.05,23.65,216.5508,SSP2-4.5,2021-2040,-9.554600000000022,31.002299999999998,-22.64760000000001,0.5943000000000005,3.760300000000001,1.6828000000000003,15.6635,30.326749999999997,-17.008725,0.6554749999999996,4.090075000000001,1.497625,15.8273875,0.2032285947737671,-0.11676897378525869
121.05,23.7,233.9575,SSP2-4.5,2021-2040,-16.601,34.0543,-25.99680000000012,0.6187999999999967,3.9121000000000024,1.3378999999999994,19.238500000000002,31.788887499999994,-21.726987500000035,0.6480124999999997,4.4086124999999985,1.4491500000000002,16.672825,0.2032285947737671,-0.053573193415467256
121.05,23.75,243.289,SSP2-4.5,2021-2040,-15.4906,33.893299999999996,-38.54430000000002,0.4923000000000002,5.132799999999996,1.3638000000000012,17.1038,32.900012499999995,-43.390262500000006,0.5609374999999992,5.633825,1.3071125,17.4375,0.2032285947737671,0.009622586954324176
121.05,23.8,226.6518,SSP2-4.5,2021-2040,-9.182400000000001,33.554500000000004,-88.74739999999997,0.40600000000000236,7.881,0.6723999999999997,17.011499999999998,31.706687499999997,-80.76616250000001,0.40183750000000007,5.645475,1.320275,16.6439875,0.2032285947737671,0.0728183673241156
121.05,23.85,227.46,SSP2-4.5,2021-2040,-2.1835000000000093,31.589799999999997,-135.31049999999982,0.18909999999999982,4.872399999999999,1.2552000000000003,16.355800000000002,30.847375,-104.47169999999991,0.39356250000000026,6.983612500000001,1.1357874999999997,15.572837499999999,0.2032285947737671,0.13601414769390704
121.05,23.9,222.2441,SSP2-4.5,2021-2040,4.61099999999999,28.328200000000002,-98.71459999999979,0.4725999999999999,7.530999999999999,1.6913999999999998,14.0808,30.0989875,-101.03247499999992,0.5038374999999995,6.554737500000001,1.0123,15.015875,0.2032285947737671,0.19920992806369398
121.05,23.95,236.7169,SSP2-4.5,2021-2040,22.212099999999964,28.205599999999997,-61.98709999999983,0.7558999999999969,7.430999999999997,1.4448000000000008,14.6404,30.256149999999998,-64.83742499999994,0.741112499999999,7.044387500000001,1.228675,14.599774999999998,0.2032285947737671,0.26240570843348543
121.05,24.0,249.6501,SSP2-4.5,2021-2040,26.320799999999963,29.439699999999995,-48.8720000000003,0.9390000000000001,6.7879000000000005,1.6740999999999993,14.288499999999999,29.9889875,-24.92781249999996,0.9543374999999985,6.8655125,1.2267375,14.04785,0.2032285947737671,0.32560148880327683
121.05,24.05,247.8418,SSP2-4.5,2021-2040,32.65700000000001,28.396600000000007,-4.67450000000008,1.0451999999999977,8.422400000000003,1.4844999999999988,11.6462,30.3435375,2.7434374999999136,1.1346749999999997,6.377375,1.2144499999999998,14.067074999999999,0.2032285947737671,0.3887972691730683
121.05,24.1,264.8585,SSP2-4.5,2021-2040,35.72430000000003,30.615000000000002,29.297399999999925,1.229099999999999,7.4086,1.3516999999999992,13.2865,28.1831625,16.491762499999993,1.2613750000000001,6.904962499999999,0.7920374999999995,12.239437500000001,0.2032285947737671,0.4519930495428597
121.05,24.15,276.5115,SSP2-4.5,2021-2040,24.385099999999966,23.967699999999994,23.308400000000347,1.3825000000000003,7.9086,0.38099999999999845,8.9346,27.933487500000002,26.744049999999902,1.2835,6.473712499999999,0.9724124999999997,11.904325,0.2032285947737671,0.5151888299126467
121.05,24.2,296.6736,SSP2-4.5,2021-2040,25.493899999999996,26.903600000000004,29.87519999999995,1.4076999999999984,6.889699999999998,1.3017000000000003,11.1365,25.934350000000002,26.53568750000005,1.2617124999999998,6.576512499999999,0.8221874999999996,10.2452,0.2032285947737671,0.578384610282438
121.05,24.25,308.0691,SSP2-4.5,2021-2040,25.657500000000027,27.047900000000006,41.878400000000056,1.2700999999999993,5.7759,1.0586000000000002,10.519200000000001,25.3464625,-11.323425000000043,1.1079499999999993,5.5519375,0.9383625,10.04375,0.2032285947737671,0.6415803906522295
121.05,24.3,333.5907,SSP2-4.5,2021-2040,25.78869999999995,22.7866,-95.88360000000011,0.9015999999999984,4.043100000000003,0.9776000000000007,8.194200000000002,25.109587500000004,-42.29970000000003,1.0124125,4.2010875,0.5868500000000001,9.778375,0.2032285947737671,0.704776171022021
121.05,24.35,308.0292,SSP2-4.5,2021-2040,22.572600000000023,25.2434,-124.11670000000004,1.001100000000001,3.015500000000003,0.37759999999999927,8.365400000000001,24.909587499999997,-73.6797375000001,0.7496,2.954087500000001,0.6620625000000004,10.370674999999999,0.2032285947737671,0.7679719513918124
121.05,24.4,289.6841,SSP2-4.5,2021-2040,11.25830000000002,27.7331,-51.001700000000255,0.7449999999999974,1.6569000000000003,0.7741000000000007,12.542300000000001,25.1351375,-74.40465000000006,0.5802750000000003,2.2135749999999996,0.7905125000000002,10.444949999999999,0.2032285947737671,0.8311677317615993
121.05,24.45,294.0646,SSP2-4.5,2021-2040,8.39160000000004,24.712399999999995,-25.377700000000004,0.3360999999999983,3.3447999999999993,1.4655000000000005,10.740400000000001,25.2346,-85.7199,0.5418500000000002,3.387275,0.7857750000000003,10.9747375,0.2032285947737671,0.8943635121313908
121.05,24.5,317.0719,SSP2-4.5,2021-2040,-1.5381000000000427,23.478,-124.80130000000008,0.4491000000000014,3.6999999999999957,0.29659999999999975,9.1442,25.998037500000002,-104.759525,0.48761249999999956,4.9637875000000005,0.8601250000000005,12.454075,0.2032285947737671,0.9575592925011822
121.05,24.55,334.6958,SSP2-4.5,2021-2040,5.429899999999975,27.929299999999998,-173.20100000000002,0.5092999999999996,7.243099999999998,0.8155000000000001,14.45,26.8956875,-112.0436125,0.46135000000000037,5.612712500000001,0.7265125000000003,14.312024999999998,0.2032285947737671,1.0207550728709736
121.05,24.6,295.7651,SSP2-4.5,2021-2040,-2.560600000000022,28.41839999999999,-106.63040000000001,0.3683000000000014,3.4879000000000033,1.1500000000000004,17.6385,29.023962500000003,-87.19570000000004,0.4286625000000006,5.2523625,0.7551625000000002,17.32765,0.2032285947737671,1.0839508532407651
121.05,24.65,221.7964,SSP2-4.5,2021-2040,-2.3703000000000145,29.733900000000006,-45.37729999999988,0.3285000000000018,2.5171999999999954,0.7241,19.542299999999997,29.753687499999998,-45.197062500000015,0.48228750000000087,3.935762500000001,0.4234874999999998,18.6937375,0.2032285947737671,1.147146633610552
121.05,24.7,182.9404,SSP2-4.5,2021-2040,-4.472100000000012,30.5143,-16.73739999999998,0.5047999999999995,3.7171999999999983,-0.22070000000000078,19.0865,30.320699999999995,-27.207975000000005,0.5556250000000009,2.8127000000000004,-0.020475000000000132,19.327862500000002,0.2032285947737671,1.2103424139803434
121.05,24.75,161.2503,SSP2-4.5,2021-2040,1.2853999999999814,30.89379999999999,-32.787700000000086,0.6036999999999999,0.310299999999998,-0.6602999999999994,19.0673,30.6682,-28.284437499999996,0.5505750000000003,3.3778000000000006,-0.40710000000000046,19.313699999999997,0.2032285947737671,1.273538194350135
121.05,24.8,152.8326,SSP2-4.5,2021-2040,8.248799999999989,31.3305,-42.94380000000001,0.5416000000000025,2.6413999999999973,-0.3534000000000006,20.0885,30.4714125,-33.494050000000016,0.5579874999999994,3.5303750000000003,-0.4713125,18.7764375,0.2032285947737671,1.3367339747199263
121.05,24.85,141.2455,SSP2-4.5,2021-2040,5.516300000000001,30.242600000000003,-29.952999999999975,0.551599999999997,3.4861999999999966,-0.8809999999999993,18.428800000000003,29.937462500000002,-25.60937499999997,0.6580750000000002,5.089862500000001,-0.2790750000000002,18.260825,0.2032285947737671,1.3999297550897176
121.05,24.9,136.1488,SSP2-4.5,2021-2040,5.241299999999995,28.823100000000004,-8.864899999999807,1.0079999999999991,7.455199999999998,-0.07240000000000002,17.2654,29.195400000000003,-12.465949999999992,0.7413999999999992,5.7355375,-0.2717624999999999,17.8172875,0.2032285947737671,1.4631255354595045
121.05,24.95,139.4281,SSP2-4.5,2021-2040,8.265199999999993,27.590600000000002,18.97739999999999,0.8589999999999982,6.774099999999997,0.12070000000000025,17.2538,28.4042625,-2.196987499999949,0.9053,6.428437500000002,-0.4122874999999999,17.4814875,0.2032285947737671,1.526321315829296
121.05,25.0,144.7718,SSP2-4.5,2021-2040,2.8553999999999746,27.447900000000004,14.526499999999942,1.0896000000000008,5.072400000000002,-0.3602999999999996,17.1077,28.029375,6.017600000000073,1.0538624999999997,6.926062500000001,-0.44569999999999976,17.530524999999997,0.2032285947737671,1.5895170961990874
121.05,25.05,148.9552,SSP2-4.5,2021-2040,11.134600000000006,27.838499999999996,14.150900000000092,1.4255999999999993,8.517200000000003,-0.6189999999999989,17.2404,27.816337500000003,15.116037500000033,1.0724125,6.148050000000002,-0.42651249999999996,17.5112875,0.2032285947737671,1.652712876568879
121.1,22.7,209.7102,SSP2-4.5,2021-2040,-20.732999999999976,32.20219999999999,3.262499999999818,1.512599999999999,10.096499999999999,1.6155000000000008,14.3904,31.846449999999997,13.226762500000007,1.0446624999999998,9.447849999999999,2.182525,15.154074999999999,0.30892243485498844,-1.317488800811278
121.1,22.75,218.2794,SSP2-4.5,2021-2040,-18.88070000000002,32.304500000000004,24.373800000000074,1.1555999999999997,8.862099999999998,2.0276000000000005,15.023100000000001,31.952612499999994,23.363137499999965,1.2589625000000004,8.793099999999999,2.1379125,15.140374999999999,0.30892243485498844,-1.2542930204414864
121.1,22.8,239.6302,SSP2-4.5,2021-2040,-21.53139999999999,31.220499999999994,58.84109999999987,1.3514000000000017,6.496599999999994,2.1586000000000007,15.811499999999999,31.435499999999998,26.96478749999997,1.4704750000000009,8.861,2.0969875,15.1495125,0.30892243485498844,-1.191097240071695
121.1,22.85,261.6494,SSP2-4.5,2021-2040,-27.344000000000023,27.6911,21.230199999999968,1.5970000000000013,8.7466,2.0913999999999993,14.2923,30.8442,41.88712499999994,1.669112500000001,9.3278125,2.133825,14.8735625,0.30892243485498844,-1.1279014597019037
121.1,22.9,261.195,SSP2-4.5,2021-2040,-22.814999999999998,28.787799999999997,9.746399999999994,1.802900000000001,13.472400000000004,2.0740999999999996,13.450000000000001,29.6418375,69.82168749999997,1.749412500000001,8.754325000000001,2.2301875,13.591587500000001,0.30892243485498844,-1.0647056793321166
121.1,22.95,241.7306,SSP2-4.5,2021-2040,0.21760000000000446,32.067499999999995,78.17470000000003,1.6046000000000014,8.624099999999999,2.2828,14.6442,29.1289125,101.04967499999995,1.8652500000000005,8.408200000000003,2.2269249999999996,12.572125,0.30892243485498844,-1.0015098989623252
121.1,23.0,222.7341,SSP2-4.5,2021-2040,6.633299999999991,30.454299999999996,111.59349999999995,1.8137000000000008,8.491400000000006,2.5309999999999997,12.3442,28.31125,114.40713749999998,1.7724000000000006,7.0013,2.1771624999999997,11.302875,0.30892243485498844,-0.9383141185925338
121.1,23.05,218.2652,SSP2-4.5,2021-2040,1.351300000000009,25.734399999999994,75.3583000000001,1.5450000000000017,8.227599999999999,2.0930999999999997,8.803799999999999,29.6310375,105.51163749999995,1.6834500000000006,6.347412500000001,2.192875,11.5651375,0.30892243485498844,-0.8751183382227424
121.1,23.1,223.2152,SSP2-4.5,2021-2040,2.4568999999999903,32.224500000000006,64.80330000000004,1.2086000000000006,5.718999999999998,2.1948000000000008,12.994200000000001,29.4517375,81.08336249999999,1.516187500000001,6.999137499999999,2.3357875,10.8552875,0.30892243485498844,-0.811922557852951
121.1,23.15,245.1815,SSP2-4.5,2021-2040,-4.453399999999988,32.5141,56.62650000000008,1.4949000000000012,6.677599999999998,2.3965999999999994,13.382699999999998,29.7197375,65.88054999999994,1.4277250000000006,6.876074999999999,2.325225,10.4685125,0.30892243485498844,-0.748726777483164
121.1,23.2,221.9474,SSP2-4.5,2021-2040,-10.499199999999973,28.2847,52.30559999999991,1.4692000000000007,7.701700000000002,2.225900000000001,8.807699999999999,29.2439375,52.74102499999998,1.5508750000000004,8.429962499999998,2.3122999999999996,10.877175,0.30892243485498844,-0.6855309971133726
121.1,23.25,201.5175,SSP2-4.5,2021-2040,-6.059600000000017,28.993800000000007,42.408300000000054,1.7942,9.920700000000004,2.2706999999999997,11.446200000000001,27.2811875,49.583549999999946,1.6667500000000002,8.742887499999998,2.31165,10.5656125,0.30892243485498844,-0.6223352167435812
121.1,23.3,201.1787,SSP2-4.5,2021-2040,1.5845999999999947,26.328899999999997,62.03659999999991,1.9120000000000008,9.7397,2.786200000000001,11.75,28.307299999999998,55.9252625,1.7113,8.468525,2.2431125,12.245425000000001,0.30892243485498844,-0.5591394363737897
121.1,23.35,193.4156,SSP2-4.5,2021-2040,1.966399999999993,30.295900000000003,82.63990000000013,1.6309000000000005,4.774100000000001,2.3810000000000002,13.890400000000001,29.126949999999997,66.7128375,1.56505,7.806249999999999,2.2483000000000004,13.2125,0.30892243485498844,-0.4959436560039983
121.1,23.4,184.9147,SSP2-4.5,2021-2040,-0.6300000000000239,32.547200000000004,72.79459999999995,1.3030000000000008,6.7241,2.3466000000000005,15.523100000000001,28.94375,75.19355000000004,1.2243249999999999,5.309912499999999,1.922425,13.029575000000001,0.30892243485498844,-0.43274787563421135
121.1,23.45,184.3021,SSP2-4.5,2021-2040,-0.8643999999999892,29.226000000000006,63.6382000000001,0.8295999999999992,4.362099999999998,1.6569000000000003,12.15,27.198700000000002,69.05736250000001,0.9438500000000003,4.060124999999999,1.8280375000000002,12.9149125,0.30892243485498844,-0.3695520952644199
121.1,23.5,183.5907,SSP2-4.5,2021-2040,1.116199999999992,24.520900000000005,55.02009999999996,0.6839000000000013,2.351700000000001,1.5999999999999996,12.4769,25.586750000000002,58.89526250000003,0.7550249999999998,2.9179,1.7424750000000002,11.952175,0.30892243485498844,-0.3063563148946285
121.1,23.55,185.1699,SSP2-4.5,2021-2040,1.127999999999986,25.5694,43.09120000000007,0.6178999999999988,3.1362000000000023,1.6362000000000005,11.6808,24.632475,44.81720000000004,0.7316375000000006,3.228662500000001,1.7127250000000003,12.317062499999999,0.30892243485498844,-0.24316053452483705
121.1,23.6,187.5404,SSP2-4.5,2021-2040,-0.8606000000000051,23.416800000000002,24.74420000000009,0.6620000000000026,3.5534000000000034,1.5690000000000008,12.253799999999998,26.1847875,32.41695000000007,0.7603,3.8454625000000004,1.7028000000000003,12.97645,0.30892243485498844,-0.17996475415504562
121.1,23.65,193.9438,SSP2-4.5,2021-2040,-5.62390000000002,24.263299999999994,16.66930000000002,0.7891000000000012,4.694800000000001,1.5724,12.803799999999999,28.1749875,26.615962500000023,0.7850999999999995,3.8392125000000012,1.6437375000000003,14.870675,0.30892243485498844,-0.11676897378525869
121.1,23.7,206.6394,SSP2-4.5,2021-2040,-9.123099999999994,29.133000000000003,21.166999999999916,0.7582999999999984,3.7516999999999996,1.5793,15.3462,29.583049999999997,21.9515375,0.7577249999999998,3.4967625,1.6077500000000002,15.7519125,0.30892243485498844,-0.053573193415467256
121.1,23.75,220.3771,SSP2-4.5,2021-2040,-15.487000000000023,30.91689999999999,22.189499999999953,0.6597000000000008,3.6447999999999965,1.0983,16.7615,30.202800000000003,3.700387500000005,0.6808374999999995,4.1439625,1.4685125,16.1360625,0.30892243485498844,0.009622586954324176
121.1,23.8,201.3441,SSP2-4.5,2021-2040,-12.622199999999992,30.302499999999995,-14.280999999999949,0.5446999999999989,5.860300000000002,1.2585999999999995,16.2808,28.0638,-22.069549999999992,0.6022000000000007,4.700849999999999,1.1017125000000003,14.8512,0.30892243485498844,0.0728183673241156
121.1,23.85,203.6382,SSP2-4.5,2021-2040,-9.447000000000003,25.1824,-31.407100000000128,0.6920000000000002,5.734500000000004,0.3224,13.138499999999999,27.6566,-40.992262499999896,0.6037500000000002,6.221962499999999,1.0234875,14.071175,0.30892243485498844,0.13601414769390704
121.1,23.9,215.4339,SSP2-4.5,2021-2040,5.796999999999997,30.301899999999996,-23.055099999999584,0.8351000000000006,7.613799999999998,0.4466000000000001,14.630799999999999,26.2850875,-39.326799999999935,0.7620999999999993,6.427137500000001,0.8247750000000003,13.39425,0.30892243485498844,0.19920992806369398
121.1,23.95,231.9823,SSP2-4.5,2021-2040,21.990399999999994,27.866600000000005,-13.07569999999987,1.0874999999999986,6.444800000000001,0.2568999999999999,14.1077,27.488912499999998,-22.654487499999902,0.9560499999999994,6.637487499999999,0.8711125000000002,13.473099999999999,0.30892243485498844,0.26240570843348543
121.1,24.0,228.2982,SSP2-4.5,2021-2040,26.107699999999994,27.686299999999996,-12.56399999999985,1.1043999999999983,6.2120999999999995,1.2948000000000004,13.7327,27.615775,-5.158575000000042,1.1272624999999992,6.7747625,0.6818874999999998,13.0920875,0.30892243485498844,0.32560148880327683
121.1,24.05,224.8174,SSP2-4.5,2021-2040,30.345200000000006,27.735000000000007,11.148599999999988,1.2600000000000016,8.180999999999997,0.21899999999999942,11.9519,27.607262499999997,3.3479374999998868,1.2029999999999994,6.6060375,0.8107624999999998,12.438725,0.30892243485498844,0.3887972691730683
121.1,24.1,239.5316,SSP2-4.5,2021-2040,32.83959999999999,27.398200000000003,3.6576999999997497,1.3321000000000005,7.984499999999997,0.2483000000000004,11.6827,26.338262500000003,12.441249999999968,1.2830999999999997,7.334687500000001,0.5538749999999995,10.969962500000001,0.30892243485498844,0.4519930495428597
121.1,24.15,254.6405,SSP2-4.5,2021-2040,31.691799999999972,23.391900000000007,17.122299999999996,1.3949999999999996,7.231000000000002,0.08450000000000024,9.815400000000002,25.791850000000004,23.840262499999994,1.3368625,6.992887499999999,0.5618499999999997,10.3846125,0.30892243485498844,0.5151888299126467
121.1,24.2,271.6774,SSP2-4.5,2021-2040,35.78750000000002,23.087600000000002,67.91919999999982,1.4694000000000003,6.706899999999997,0.8499999999999996,8.634599999999999,25.214312500000002,35.822687500000086,1.3381374999999998,6.580824999999999,0.5418124999999998,9.71635,0.30892243485498844,0.578384610282438
121.1,24.25,272.0958,SSP2-4.5,2021-2040,37.720500000000015,26.110400000000006,90.35840000000007,1.5200999999999993,6.796599999999998,1.1569000000000003,9.8135,24.409225,9.970324999999946,1.2025249999999996,5.226087499999999,0.5569000000000002,9.110325,0.30892243485498844,0.6415803906522295
121.1,24.3,259.7439,SSP2-4.5,2021-2040,29.16020000000003,22.9707,-36.08130000000028,1.1736000000000004,3.331000000000003,0.15520000000000067,9.207699999999999,23.650537500000002,-21.702800000000025,1.1252875000000002,4.361225,0.3926750000000001,8.5278875,0.30892243485498844,0.704776171022021
121.1,24.35,265.8524,SSP2-4.5,2021-2040,18.79759999999999,21.505699999999997,-88.52660000000014,1.0476000000000028,1.8327999999999989,0.05860000000000021,7.988499999999998,23.588825,-56.531437500000095,0.9618250000000002,3.315937500000002,0.3978500000000005,8.7228375,0.30892243485498844,0.7679719513918124
121.1,24.4,270.9881,SSP2-4.5,2021-2040,7.262400000000014,24.1468,-67.79269999999997,0.9049000000000014,3.044800000000002,1.0500000000000007,8.421199999999999,23.6852125,-54.02428750000007,0.8494999999999999,2.677150000000001,0.5877125000000003,9.131975,0.30892243485498844,0.8311677317615993
121.1,24.45,294.4583,SSP2-4.5,2021-2040,1.9624000000000024,24.959399999999995,-57.89499999999998,0.8060999999999972,0.37069999999999936,0.8552,10.353799999999998,24.086637500000002,-53.21780000000007,0.7986125,3.8967500000000013,0.9150750000000005,9.42885,0.30892243485498844,0.8943635121313908
121.1,24.5,335.8741,SSP2-4.5,2021-2040,0.4544999999999959,22.7367,-94.12419999999975,0.9984000000000002,7.451700000000002,1.0017000000000014,9.236500000000001,24.831812499999998,-73.81587500000006,0.6416874999999997,4.5864125,1.0394375000000002,10.9927875,0.30892243485498844,0.9575592925011822
121.1,24.55,340.5173,SSP2-4.5,2021-2040,-2.7910999999999717,27.473800000000004,-97.40380000000005,0.48329999999999984,7.281000000000002,1.239700000000001,13.8308,25.569699999999997,-92.25183750000002,0.5544625000000005,5.646974999999999,1.1642250000000003,12.9841375,0.30892243485498844,1.0207550728709736
121.1,24.6,306.6514,SSP2-4.5,2021-2040,-3.63900000000001,27.5976,-54.38790000000017,0.39920000000000044,5.396599999999999,1.7896999999999998,16.6558,27.73,-85.74908749999997,0.41163750000000077,5.374549999999999,1.2428875000000006,16.268275,0.30892243485498844,1.0839508532407651
121.1,24.65,236.5661,SSP2-4.5,2021-2040,2.9483999999999924,28.858400000000003,-21.688499999999976,0.45440000000000325,4.060299999999998,1.456900000000001,19.1019,28.645525,-56.86453750000001,0.4392750000000003,4.133612500000001,0.8672499999999999,18.126925,0.30892243485498844,1.147146633610552
121.1,24.7,177.9282,SSP2-4.5,2021-2040,3.6861999999999853,29.397699999999993,-17.39560000000006,0.6576000000000022,1.9862000000000037,0.062099999999999156,19.8365,29.2797625,-42.39484999999999,0.5125625000000005,3.6473999999999993,0.31099999999999994,18.968512500000003,0.30892243485498844,1.2103424139803434
121.1,24.75,159.3,SSP2-4.5,2021-2040,6.346299999999985,29.850099999999998,-42.21440000000007,0.5203999999999986,4.1828,-0.5517000000000003,19.6385,29.627649999999996,-51.24350000000001,0.5096125000000007,3.7812375,-0.12110000000000043,19.0353375,0.30892243485498844,1.273538194350135
121.1,24.8,160.3747,SSP2-4.5,2021-2040,7.606899999999996,29.178399999999996,-66.68889999999988,0.46940000000000026,5.503399999999999,-0.5655000000000001,18.6712,29.40965,-62.004687500000045,0.5144124999999997,4.387274999999999,-0.2189374999999999,18.6353375,0.30892243485498844,1.3367339747199263
121.1,24.85,141.9203,SSP2-4.5,2021-2040,13.373999999999995,29.114700000000006,-41.87180000000012,0.8117999999999981,4.901699999999998,-0.05339999999999989,18.153799999999997,28.83595,-52.34003749999994,0.6351624999999994,5.5946,-0.19072499999999992,18.1199625,0.30892243485498844,1.3999297550897176
121.1,24.9,133.3081,SSP2-4.5,2021-2040,13.867500000000007,28.541200000000003,18.943300000000136,1.1873000000000005,5.653399999999998,0.0671999999999997,17.473100000000002,28.282712500000002,-33.69831249999996,0.8063999999999987,5.981674999999999,-0.2187374999999997,17.7761875,0.30892243485498844,1.4631255354595045
121.1,24.95,141.1648,SSP2-4.5,2021-2040,11.335399999999993,27.9677,-4.615399999999909,1.1196999999999981,5.763800000000003,0.05860000000000021,18.1115,27.985725000000002,1.9456125000000668,1.0413875,5.638999999999999,-0.31723749999999984,17.5339,0.30892243485498844,1.526321315829296
121.1,25.0,145.5255,SSP2-4.5,2021-2040,7.4121000000000095,27.545300000000005,27.014000000000124,1.1884000000000015,3.867200000000004,-0.9878999999999989,17.8673,27.8620625,15.348625000000027,1.2223625,5.827587500000001,-0.2980624999999999,17.6295625,0.30892243485498844,1.5895170961990874
121.1,25.05,141.6811,SSP2-4.5,2021-2040,9.079400000000021,27.5024,37.728000000000065,1.5496000000000016,5.9069,-0.5362,18.1404,27.912637500000002,20.068475000000035,1.2383874999999995,5.392450000000002,-0.35582499999999984,17.7225875,0.30892243485498844,1.652712876568879
121.15,22.75,204.2117,SSP2-4.5,2021-2040,-14.035799999999995,34.079499999999996,51.79179999999997,1.4329999999999998,8.7879,2.2947999999999995,16.1346,31.894724999999998,22.907212499999957,1.4340875000000004,8.473925000000001,1.892675,15.244225,0.41461627493623976,-1.2542930204414864
121.15,22.8,211.0309,SSP2-4.5,2021-2040,-15.17240000000001,31.877599999999994,47.24969999999985,1.4770000000000003,6.015500000000003,1.8448000000000002,15.363499999999998,31.324187499999997,29.744549999999975,1.4507625000000006,8.7901,2.01035,15.293025,0.41461627493623976,-1.191097240071695
121.15,22.85,229.0423,SSP2-4.5,2021-2040,-20.200200000000024,30.571999999999996,14.74980000000005,1.686200000000003,9.9052,1.6689999999999996,15.450000000000001,30.787812499999998,31.497912499999956,1.4944500000000005,8.495475000000003,2.021975,14.848312499999999,0.41461627493623976,-1.1279014597019037
121.15,22.9,228.9635,SSP2-4.5,2021-2040,-15.159199999999998,29.474800000000002,32.466899999999896,1.0239000000000011,10.736200000000004,2.036199999999999,14.4712,30.039099999999998,47.64828750000001,1.5257250000000004,8.49785,2.0868624999999996,14.129325000000001,0.41461627493623976,-1.0647056793321166
121.15,22.95,213.8064,SSP2-4.5,2021-2040,7.481999999999999,28.416200000000003,99.59249999999997,1.0122999999999998,6.8344999999999985,2.506899999999999,12.615400000000001,29.9804375,75.8908625,1.6178375000000007,7.610987500000002,2.1224124999999994,13.46875,0.41461627493623976,-1.0015098989623252
121.15,23.0,216.1364,SSP2-4.5,2021-2040,3.085199999999986,28.316800000000008,120.40339999999992,1.5287000000000006,4.672400000000003,1.9516999999999989,12.7635,29.4510125,93.64500000000004,1.5506000000000006,6.2301874999999995,2.2620749999999994,12.55095,0.41461627493623976,-0.9383141185925338
121.15,23.05,219.7358,SSP2-4.5,2021-2040,-4.165500000000009,32.3184,82.1576,1.0638000000000005,6.146599999999999,2.4862,13.7481,29.237775,86.20510000000002,1.5388750000000013,5.520700000000001,2.25925,12.1069625,0.41461627493623976,-0.8751183382227424
121.15,23.1,237.045,SSP2-4.5,2021-2040,-10.564299999999974,32.033899999999996,55.65079999999989,1.2114000000000011,5.103400000000001,2.5931000000000006,12.5231,29.773912499999998,71.85852500000001,1.2816375000000013,5.939887499999998,2.3818875,12.2661,0.41461627493623976,-0.811922557852951
121.15,23.15,249.418,SSP2-4.5,2021-2040,-14.794299999999993,31.2812,59.50579999999991,1.3954000000000022,8.677599999999998,2.4551999999999996,11.7385,29.4779125,59.59044999999995,1.260812500000001,6.140949999999998,2.2911625000000004,11.30625,0.41461627493623976,-0.748726777483164
121.15,23.2,231.0542,SSP2-4.5,2021-2040,-13.241800000000012,26.272,51.59109999999987,1.4298000000000002,6.862099999999998,1.9189999999999996,7.828800000000001,28.974600000000002,56.08958749999999,1.4735500000000004,7.4784500000000005,2.254975,11.0781375,0.41461627493623976,-0.6855309971133726
121.15,23.25,215.7752,SSP2-4.5,2021-2040,-6.987900000000025,26.869,55.67319999999995,1.7626999999999988,10.600000000000001,1.9552000000000005,9.826899999999998,27.9121625,63.39021249999996,1.7196874999999998,8.017900000000001,2.2239375,10.610825,0.41461627493623976,-0.6223352167435812
121.15,23.3,208.7432,SSP2-4.5,2021-2040,2.2827000000000055,28.5387,84.72000000000003,2.200099999999999,9.194799999999997,2.1466000000000003,11.6538,29.0826625,94.28287499999999,1.8498874999999997,7.70885,2.3508625000000003,12.4529,0.41461627493623976,-0.5591394363737897
121.15,23.35,210.3023,SSP2-4.5,2021-2040,8.65379999999999,31.938599999999994,143.78919999999994,2.1496999999999993,8.269000000000002,2.3621,14.4404,30.593587499999998,118.8500625,1.7523875000000002,6.629087499999999,2.3375000000000004,13.8315,0.41461627493623976,-0.4959436560039983
121.15,23.4,202.4417,SSP2-4.5,2021-2040,6.760400000000004,33.40939999999999,128.8869000000002,1.549900000000001,7.300000000000001,2.5568999999999997,15.463499999999998,29.898325,133.78928750000003,1.5106125,4.9956875,2.1226375,13.389912500000001,0.41461627493623976,-0.43274787563421135
121.15,23.45,199.0466,SSP2-4.5,2021-2040,6.707499999999982,26.19440000000001,115.59670000000006,1.0702999999999996,2.6552000000000007,1.9000000000000004,11.1346,28.801837500000005,121.53445000000002,1.2572000000000003,4.7086125,2.0235125,13.2538625,0.41461627493623976,-0.3695520952644199
121.15,23.5,195.4459,SSP2-4.5,2021-2040,8.280500000000018,24.085200000000007,102.39830000000006,1.0455000000000005,3.2845000000000013,1.5190000000000001,11.2885,26.706425000000003,107.99042499999999,1.057,3.9625,1.7916125,12.1250125,0.41461627493623976,-0.3063563148946285
121.15,23.55,189.8661,SSP2-4.5,2021-2040,10.955700000000007,24.887800000000006,89.9085,0.9343000000000004,4.006899999999998,1.6690000000000005,11.546199999999999,25.12215,93.73596249999997,1.0281750000000007,3.9933125000000005,1.6896625,12.325962500000001,0.41461627493623976,-0.24316053452483705
121.15,23.6,186.0783,SSP2-4.5,2021-2040,11.082599999999985,22.6012,73.81010000000015,1.029,4.6706999999999965,1.6603000000000012,12.4019,25.76265,81.71542499999998,1.0234375000000007,4.121112500000001,1.5452625,12.556012500000001,0.41461627493623976,-0.17996475415504562
121.15,23.65,185.8847,SSP2-4.5,2021-2040,8.841799999999978,27.395899999999997,69.2360000000001,1.0460999999999991,4.010300000000001,1.6585999999999999,13.857700000000001,25.973712499999998,77.39884999999995,1.0386750000000002,3.529312500000001,1.7502000000000002,13.866575000000001,0.41461627493623976,-0.11676897378525869
121.15,23.7,194.7473,SSP2-4.5,2021-2040,6.501300000000015,30.5002,87.58989999999994,0.991699999999998,2.246600000000001,2.1948000000000008,16.8019,26.505724999999998,64.60879999999997,0.9790749999999999,2.7482625000000005,1.71745,14.350962500000001,0.41461627493623976,-0.053573193415467256
121.15,23.75,198.8984,SSP2-4.5,2021-2040,-2.7231000000000165,24.638200000000005,67.11630000000014,0.8698000000000015,0.5724000000000018,1.9534000000000002,13.784600000000001,26.5341125,45.39251249999998,0.8700249999999992,2.8355499999999996,1.6950375,14.830775000000001,0.41461627493623976,0.009622586954324176
121.15,23.8,191.5716,SSP2-4.5,2021-2040,-4.440299999999979,25.546400000000006,21.299400000000105,0.7651000000000003,3.794799999999995,1.3879000000000001,13.5212,23.8057875,20.546299999999974,0.7952249999999998,3.70085,1.3301625,13.091112500000001,0.41461627493623976,0.0728183673241156
121.15,23.85,194.29,SSP2-4.5,2021-2040,-3.28479999999999,19.188900000000004,6.847699999999804,0.7436000000000007,5.9741,0.7603000000000009,11.132700000000002,24.4823875,5.289750000000055,0.8092249999999996,5.332974999999999,0.9732750000000001,12.327662499999999,0.41461627493623976,0.13601414769390704
121.15,23.9,210.7855,SSP2-4.5,2021-2040,1.6364999999999839,22.440600000000003,4.023400000000038,0.8737999999999992,6.2483,0.7155000000000005,9.5558,24.7755,7.484425000000016,0.9646999999999997,6.158612499999999,0.5413750000000004,12.330537499999998,0.41461627493623976,0.19920992806369398
121.15,23.95,221.0313,SSP2-4.5,2021-2040,14.996700000000004,27.4786,15.009500000000116,1.2822999999999993,7.181000000000001,0.15169999999999995,14.1423,25.665925,21.25742500000007,1.1471124999999995,6.001287499999998,0.3144375000000006,11.994724999999999,0.41461627493623976,0.26240570843348543
121.15,24.0,208.2416,SSP2-4.5,2021-2040,21.75999999999999,26.030399999999993,44.92399999999998,1.3853000000000009,4.094799999999999,-0.4499999999999993,12.7135,26.2462375,23.960287499999993,1.3112624999999998,6.269599999999999,0.3644250000000002,12.1367875,0.41461627493623976,0.32560148880327683
121.15,24.05,227.0086,SSP2-4.5,2021-2040,25.64840000000001,25.773699999999998,16.25859999999966,1.2628999999999984,5.655200000000001,0.6740999999999993,11.246200000000002,25.80235,18.489274999999964,1.3571625000000003,6.086849999999998,0.23986250000000053,11.4776625,0.41461627493623976,0.3887972691730683
121.15,24.1,226.4273,SSP2-4.5,2021-2040,27.391699999999986,25.5182,-1.2436999999999898,1.3260000000000005,6.282800000000002,0.20860000000000056,10.9135,25.455012500000002,8.948037499999884,1.3412250000000001,6.253437499999999,0.3075500000000002,10.669,0.41461627493623976,0.4519930495428597
121.15,24.15,233.0759,SSP2-4.5,2021-2040,30.052400000000034,25.308000000000007,8.3128999999999,1.3641000000000005,7.587900000000005,0.027599999999999625,9.9654,24.502200000000002,12.492312499999969,1.2802375000000001,5.694824999999998,0.2254375000000004,9.8105875,0.41461627493623976,0.5151888299126467
121.15,24.2,239.0644,SSP2-4.5,2021-2040,30.05879999999999,23.536499999999997,29.595000000000255,1.184000000000001,5.174099999999996,0.12589999999999968,8.5231,24.565675000000002,25.814987499999972,1.1884000000000001,5.5943999999999985,0.2237125000000002,9.3589,0.41461627493623976,0.578384610282438
121.15,24.25,228.7634,SSP2-4.5,2021-2040,27.307500000000005,25.448499999999996,46.13090000000011,1.1815999999999995,5.282799999999995,0.1982999999999997,9.023100000000001,23.730225000000004,15.547062499999925,1.0007000000000006,4.743325,0.19181250000000039,8.787737499999999,0.41461627493623976,0.6415803906522295
121.15,24.3,218.3997,SSP2-4.5,2021-2040,18.3562,23.492400000000004,-3.6712000000002263,1.0321999999999996,4.6052000000000035,-0.2120999999999995,7.6442,22.262825000000003,-7.3965125000000285,0.9230000000000009,4.118762499999999,0.10496250000000029,8.4327,0.41461627493623976,0.704776171022021
121.15,24.35,226.7928,SSP2-4.5,2021-2040,11.377600000000001,17.5694,-39.791999999999916,1.0480000000000018,3.5379000000000005,-0.47409999999999997,6.675000000000001,22.2109625,-28.28598750000009,0.879700000000001,3.594400000000001,0.39052500000000046,8.202412500000001,0.41461627493623976,0.7679719513918124
121.15,24.4,243.9756,SSP2-4.5,2021-2040,1.421100000000024,24.768200000000007,-33.91229999999996,0.8882000000000012,3.2931000000000026,0.5345000000000013,8.732700000000001,21.5457875,-30.57397500000002,0.8976750000000004,3.1202500000000013,0.6368625000000001,8.0819875,0.41461627493623976,0.8311677317615993
121.15,24.45,280.6583,SSP2-4.5,2021-2040,1.7586999999999762,22.990100000000005,-11.572300000000268,0.9238999999999997,4.365500000000004,1.1103000000000005,7.657700000000002,23.137837500000003,-29.860574999999983,0.9387749999999997,3.570675000000002,1.0431125000000003,8.5653875,0.41461627493623976,0.8943635121313908
121.15,24.5,332.4719,SSP2-4.5,2021-2040,2.9642000000000053,22.1278,-17.16020000000026,1.1433,4.317200000000003,1.0878999999999994,8.9558,23.7449625,-44.55298749999997,0.7991374999999996,4.56465,1.2269375000000005,9.676675,0.41461627493623976,0.9575592925011822
121.15,24.55,331.7236,SSP2-4.5,2021-2040,0.039800000000013824,24.983700000000006,-83.11569999999983,0.48240000000000194,6.0689999999999955,1.4448000000000008,12.809599999999998,24.0422875,-56.601000000000056,0.6543375,5.831462500000001,1.4291000000000003,11.099525,0.41461627493623976,1.0207550728709736
121.15,24.6,323.2732,SSP2-4.5,2021-2040,-2.9998999999999683,27.286099999999998,-84.59400000000005,0.08569999999999922,7.510300000000001,1.7276000000000007,14.9827,25.507612500000004,-66.54812500000006,0.48263750000000094,5.5094875000000005,1.5304000000000004,14.229099999999999,0.41461627493623976,1.0839508532407651
121.15,24.65,257.0223,SSP2-4.5,2021-2040,6.784000000000049,27.156400000000005,-73.98199999999997,0.581199999999999,4.827600000000004,1.384500000000001,17.7904,27.132949999999997,-59.051362500000124,0.44765000000000077,4.898275000000001,1.2601499999999999,16.6680375,0.41461627493623976,1.147146633610552
121.15,24.7,207.5158,SSP2-4.5,2021-2040,3.7083999999999833,29.059799999999996,-55.81169999999997,0.5888999999999989,3.6259000000000015,0.32069999999999865,19.4827,28.295875,-50.67740000000006,0.5520125000000005,4.279950000000001,0.8799750000000002,18.378612500000003,0.41461627493623976,1.2103424139803434
121.15,24.75,181.2701,SSP2-4.5,2021-2040,7.5767999999999915,28.17139999999999,-50.559799999999996,0.5186000000000028,5.937899999999999,0.03449999999999953,18.0385,28.864475,-60.340025000000054,0.47637499999999955,4.691812500000001,0.39914999999999967,18.95745,0.41461627493623976,1.273538194350135
121.15,24.8,173.8362,SSP2-4.5,2021-2040,6.835499999999996,28.475300000000004,-127.02310000000011,0.19229999999999947,6.527600000000003,0.41380000000000017,18.0115,28.4570375,-64.7588125,0.4408999999999996,5.652575000000001,0.2586375000000001,18.427887499999997,0.41461627493623976,1.3367339747199263
121.15,24.85,173.5678,SSP2-4.5,2021-2040,6.285799999999995,27.198800000000006,-128.6839,0.3752999999999993,7.110300000000002,0.3000000000000007,17.6558,27.886087500000002,-55.4368125,0.5190749999999991,6.1187375,0.11552499999999988,17.8050375,0.41461627493623976,1.3999297550897176
121.15,24.9,151.5627,SSP2-4.5,2021-2040,5.764999999999986,26.8977,-33.50599999999986,0.7557999999999971,6.379300000000001,-0.4344999999999999,17.3654,27.626675,-45.73343750000001,0.7560999999999996,6.004737499999999,-0.032749999999999946,17.4499875,0.41461627493623976,1.4631255354595045
121.15,24.95,146.9294,SSP2-4.5,2021-2040,5.092800000000011,28.42649999999999,-41.068899999999985,0.9700000000000024,5.9827999999999975,-0.7878999999999996,17.974999999999998,27.70675,-9.199412499999937,1.0364124999999995,5.2403,-0.30043750000000014,17.6045625,0.41461627493623976,1.526321315829296
121.15,25.0,148.0878,SSP2-4.5,2021-2040,10.691500000000019,28.613500000000002,19.543499999999995,1.2729999999999997,3.927599999999998,-0.08280000000000065,17.9635,27.9792,3.8340625000000443,1.2156875000000005,5.287725000000001,-0.4609875,17.890849999999997,0.41461627493623976,1.5895170961990874
121.15,25.05,138.5894,SSP2-4.5,2021-2040,15.994,27.509400000000007,63.547000000000025,1.4924,4.675900000000006,-0.17760000000000087,17.2442,28.355325000000004,15.521225000000044,1.2219125000000002,5.2139999999999995,-0.3963374999999999,18.290374999999997,0.41461627493623976,1.652712876568879
121.15,25.1,133.6598,SSP2-4.5,2021-2040,9.119200000000006,27.651700000000005,17.593900000000076,1.1391999999999989,5.534500000000001,-0.5068999999999999,17.7519,28.490225000000002,19.776200000000017,1.2592875000000001,5.391162499999999,-0.27112500000000017,18.28365,0.41461627493623976,1.7159086569386703
121.2,22.8,206.7171,SSP2-4.5,2021-2040,-14.787299999999988,33.0913,30.451299999999947,1.7958999999999996,9.201700000000002,1.9897,15.3615,31.773774999999997,32.51973749999996,1.4564500000000007,8.0407375,1.9812374999999998,15.3338875,0.520310115017461,-1.191097240071695
121.2,22.85,221.465,SSP2-4.5,2021-2040,-23.344400000000007,32.1598,4.051500000000033,1.5630999999999986,7.584500000000006,1.8155000000000001,15.799999999999999,30.766449999999995,37.85624999999996,1.5365375000000006,8.3138,1.9689749999999997,14.640625,0.520310115017461,-1.1279014597019037
121.2,22.9,210.415,SSP2-4.5,2021-2040,-12.5291,31.9996,47.94620000000009,1.3444000000000003,5.710299999999997,2.1654999999999998,14.2365,30.753525,43.372087499999964,1.55775,9.0010875,2.0073374999999998,14.402162500000001,0.520310115017461,-1.0647056793321166
121.2,22.95,200.492,SSP2-4.5,2021-2040,8.660899999999998,28.6188,105.69499999999994,1.5952999999999982,7.105199999999996,2.089699999999999,12.546200000000002,30.133312500000002,67.11588749999999,1.7233000000000005,7.270262500000001,2.0793,13.6221125,0.520310115017461,-1.0015098989623252
121.2,23.0,206.371,SSP2-4.5,2021-2040,5.1433999999999855,30.123900000000006,101.10080000000016,2.2292000000000023,2.0759000000000043,1.8483,13.2942,29.5759125,88.44661249999999,1.767175,6.080612499999999,2.222625,12.953850000000001,0.520310115017461,-0.9383141185925338
121.2,23.05,215.9436,SSP2-4.5,2021-2040,-3.297699999999992,27.8746,95.48760000000016,1.5409000000000006,2.336199999999998,2.2585999999999995,12.4115,30.092412500000002,78.88592499999999,1.7469625000000009,5.27825,2.314,12.915875,0.520310115017461,-0.8751183382227424
121.2,23.1,235.1445,SSP2-4.5,2021-2040,-13.799000000000007,27.139799999999994,65.24309999999991,1.233500000000003,7.539699999999996,2.6034000000000006,11.721200000000001,30.259525000000004,69.39838749999998,1.3986500000000004,4.925437499999999,2.4444,12.7423,0.520310115017461,-0.811922557852951
121.2,23.15,236.1311,SSP2-4.5,2021-2040,-13.947400000000016,29.104300000000002,75.68599999999992,0.7710000000000008,2.1948000000000008,2.5671999999999997,13.328800000000001,28.8006875,56.10433749999996,1.3648250000000006,6.936224999999999,2.328675,11.2214,0.520310115017461,-0.748726777483164
121.2,23.2,238.2312,SSP2-4.5,2021-2040,-11.894900000000007,28.249999999999993,54.81719999999996,1.2681000000000004,7.329299999999996,1.8293,9.863499999999998,28.133375,56.911062499999986,1.5389000000000004,6.946787500000001,2.295925,10.9322,0.520310115017461,-0.6855309971133726
121.2,23.25,247.1971,SSP2-4.5,2021-2040,-9.268500000000017,26.499700000000004,51.69410000000016,1.8328999999999986,6.725900000000003,2.3397000000000006,10.2308,28.450237499999997,74.90542499999995,1.7357250000000004,7.740525,2.1920375,11.0838875,0.520310115017461,-0.6223352167435812
121.2,23.3,235.7734,SSP2-4.5,2021-2040,3.7047000000000025,30.1295,107.5487999999998,1.8511999999999986,6.668999999999997,2.2741,13.3058,29.7775375,120.48117499999998,1.9344125000000005,7.449137500000001,2.3732875,12.61995,0.520310115017461,-0.5591394363737897
121.2,23.35,238.803,SSP2-4.5,2021-2040,17.339200000000005,31.6059,208.47289999999998,1.8655000000000008,4.972399999999997,2.437900000000001,14.732699999999998,31.0589,158.3463375,1.8729500000000006,6.654299999999999,2.318325,13.9310125,0.520310115017461,-0.4959436560039983
121.2,23.4,231.2304,SSP2-4.5,2021-2040,16.74879999999999,31.8932,203.70080000000007,1.7065000000000001,3.6586,1.7706999999999997,14.332699999999999,30.4214,182.91071250000005,1.7279625000000005,5.47995,2.3709125,13.775725,0.520310115017461,-0.43274787563421135
121.2,23.45,227.5312,SSP2-4.5,2021-2040,15.311999999999983,25.4854,179.68200000000002,1.529399999999999,4.550000000000001,2.1258999999999997,10.9154,29.9138875,176.34520000000006,1.5204875000000004,4.5381374999999995,2.3217875,13.6711625,0.520310115017461,-0.3695520952644199
121.2,23.5,225.2992,SSP2-4.5,2021-2040,14.59729999999999,29.247400000000006,166.15469999999982,1.4098000000000006,5.437899999999999,2.6121,13.8808,27.960962500000004,168.1830375,1.4011125,4.07005,2.2202875000000004,12.7536125,0.520310115017461,-0.3063563148946285
121.2,23.55,220.2388,SSP2-4.5,2021-2040,16.734700000000004,28.5201,150.83199999999988,1.3808000000000007,5.199999999999999,1.1327999999999996,13.2154,26.5287625,156.23229999999995,1.3765750000000003,4.4969874999999995,2.2597125,12.7810125,0.520310115017461,-0.24316053452483705
121.2,23.6,206.7954,SSP2-4.5,2021-2040,21.177400000000006,23.016199999999998,133.83709999999974,1.3965000000000014,4.312100000000001,1.7878999999999987,11.409600000000001,26.923112500000002,141.7348375,1.3848750000000003,4.6043125,1.8711250000000001,13.0839,0.520310115017461,-0.17996475415504562
121.2,23.65,192.5687,SSP2-4.5,2021-2040,26.3545,29.031700000000008,125.40509999999995,1.3608000000000011,4.055200000000003,1.3361999999999998,13.6808,25.774087499999997,128.00876249999996,1.3546375,3.3780250000000005,1.9183000000000001,13.765612500000001,0.520310115017461,-0.11676897378525869
121.2,23.7,197.9342,SSP2-4.5,2021-2040,24.740999999999985,25.827299999999994,135.96809999999982,1.3219999999999992,0.9500000000000028,2.3017000000000003,16.2346,25.6798,96.32000000000002,1.1776375,1.964662500000001,1.8795125,13.8127375,0.520310115017461,-0.053573193415467256
121.2,23.75,198.2544,SSP2-4.5,2021-2040,-0.37579999999999814,20.8395,59.11909999999989,1.026799999999998,0.30689999999999884,2.239699999999999,12.3385,24.507325,71.34677500000001,1.0313375,1.4655125,1.7887750000000002,13.863925,0.520310115017461,0.009622586954324176
121.2,23.8,189.9227,SSP2-4.5,2021-2040,-0.7843000000000018,19.207100000000004,30.088100000000168,0.8918999999999997,2.1293000000000006,1.5,11.3615,22.2669625,38.156462499999975,0.9284999999999999,2.840074999999999,1.5892125,11.875725,0.520310115017461,0.0728183673241156
121.2,23.85,191.8552,SSP2-4.5,2021-2040,-0.1244000000000085,20.1708,24.697799999999916,0.9332999999999991,5.384499999999996,1.5085999999999995,9.9308,21.98905,30.257649999999984,0.9927625,4.623062499999999,1.1051625000000003,10.9238,0.520310115017461,0.13601414769390704
121.2,23.9,205.9578,SSP2-4.5,2021-2040,1.4087000000000103,22.7074,30.952499999999873,0.9378999999999991,5.898299999999999,0.6466000000000012,10.201900000000002,22.684525,41.61423749999997,1.1736999999999997,5.646987499999999,0.74135,10.777175,0.520310115017461,0.19920992806369398
121.2,23.95,219.311,SSP2-4.5,2021-2040,12.725799999999992,25.307399999999994,49.9058,1.2058999999999997,5.037899999999997,0.23790000000000155,11.359599999999999,23.7376,74.32739999999998,1.4917000000000002,5.3416,0.17930000000000001,10.981512500000001,0.520310115017461,0.26240570843348543
121.2,24.0,211.048,SSP2-4.5,2021-2040,29.667100000000005,22.986800000000002,88.94849999999997,1.7469999999999999,6.460299999999997,-0.6327999999999996,9.655800000000001,24.825375,97.48806249999996,1.7352500000000002,4.39935,0.1913625000000001,11.407225,0.520310115017461,0.32560148880327683
121.2,24.05,239.5331,SSP2-4.5,2021-2040,25.61529999999999,25.1355,36.05099999999993,1.5401000000000025,4.984499999999997,0.7138000000000009,10.8981,24.2245875,105.19349999999991,1.8756374999999998,4.023275,0.02671250000000036,10.6440125,0.520310115017461,0.3887972691730683
121.2,24.1,223.0383,SSP2-4.5,2021-2040,19.76310000000001,23.928400000000003,-23.007900000000063,1.162399999999998,4.494799999999998,0.3172000000000015,10.2731,24.334575,91.04321249999987,1.8104125000000004,4.0049624999999995,0.28922500000000007,10.214675,0.520310115017461,0.4519930495428597
121.2,24.15,218.2223,SSP2-4.5,2021-2040,23.076900000000023,24.9694,2.041099999999915,1.4131999999999998,3.9085999999999963,0.1759000000000004,9.519199999999998,23.9373625,52.77359999999993,1.4319125000000006,3.9980624999999996,0.09591250000000007,9.6346375,0.520310115017461,0.5151888299126467
121.2,24.2,229.8587,SSP2-4.5,2021-2040,17.406900000000007,24.187399999999997,3.8548000000000684,0.9598000000000013,3.7759,-0.2068999999999992,9.1231,23.910912500000002,27.489087499999982,1.0071875000000006,3.965074999999999,0.059499999999999664,9.0379875,0.520310115017461,0.578384610282438
121.2,24.25,214.5532,SSP2-4.5,2021-2040,5.334000000000003,24.022200000000005,-29.219700000000103,0.20400000000000063,3.4654999999999987,-0.49659999999999904,8.976899999999999,23.643875,7.673087500000008,0.7063125000000001,3.8495749999999993,0.04074999999999984,8.419225,0.520310115017461,0.6415803906522295
121.2,24.3,210.2561,SSP2-4.5,2021-2040,5.102399999999989,22.434600000000003,1.621299999999792,0.46250000000000213,4.0914,0.16210000000000058,8.3788,22.1641125,-5.023287499999981,0.6009625000000001,3.8538749999999995,0.07413749999999975,7.879325000000001,0.520310115017461,0.704776171022021
121.2,24.35,213.7987,SSP2-4.5,2021-2040,3.7327999999999975,18.0411,-3.6630999999997584,0.7466000000000008,4.612099999999998,0.07929999999999993,7.3980999999999995,21.144875000000003,-4.74775000000011,0.7182000000000004,3.720037500000001,0.4847125000000001,7.670662500000001,0.520310115017461,0.7679719513918124
121.2,24.4,230.6327,SSP2-4.5,2021-2040,-2.31989999999999,20.328200000000002,5.737999999999829,0.782,3.9448000000000008,1.2965999999999998,7.8481000000000005,20.109375000000004,-3.184500000000071,0.8566375000000006,3.761837500000001,0.7094875,7.532225,0.520310115017461,0.8311677317615993
121.2,24.45,269.3947,SSP2-4.5,2021-2040,-1.5565000000000282,22.8256,18.91190000000006,0.9222999999999999,3.2534000000000063,1.1189999999999998,8.313500000000001,21.032837500000003,-1.0850500000000807,0.9557624999999996,3.578875,1.0706875000000002,7.7137,0.520310115017461,0.8943635121313908
121.2,24.5,324.1016,SSP2-4.5,2021-2040,3.0615999999999985,23.21,7.3499000000001615,1.0649999999999977,2.8896999999999977,1.4000000000000004,6.6615,21.863100000000003,-10.388149999999996,0.8798125000000003,4.013562500000001,1.31485,8.736550000000001,0.520310115017461,0.9575592925011822
121.2,24.55,335.3871,SSP2-4.5,2021-2040,-2.7164999999999964,20.7804,-38.57470000000012,0.7117000000000004,4.836199999999998,1.6448,8.549999999999999,23.231524999999998,-25.496662499999957,0.7120875,4.7258625,1.539425,10.154325,0.520310115017461,1.0207550728709736
121.2,24.6,331.4024,SSP2-4.5,2021-2040,-8.841099999999983,21.1259,-73.91310000000021,0.3481000000000023,6.969000000000001,1.5413999999999994,9.923100000000002,24.414187499999997,-50.56451249999998,0.5341375000000004,5.171550000000001,1.6890000000000003,12.7166,0.520310115017461,1.0839508532407651
121.2,24.65,302.8522,SSP2-4.5,2021-2040,2.0937000000000126,26.084699999999998,-89.31930000000011,0.40080000000000027,4.636200000000002,1.7414000000000005,15.171199999999999,25.608,-55.47837500000006,0.5537749999999995,5.481900000000001,1.4441875,15.0702,0.520310115017461,1.147146633610552
121.2,24.7,276.8722,SSP2-4.5,2021-2040,0.8036999999999921,27.653399999999998,-75.30080000000044,0.6464999999999996,5.0017,1.4413999999999998,18.1904,26.998712499999996,-45.930549999999954,0.6559249999999999,5.156687500000002,1.2069000000000003,17.097125,0.520310115017461,1.2103424139803434
121.2,24.75,236.2187,SSP2-4.5,2021-2040,12.72059999999999,29.194899999999997,-34.95879999999988,0.6365999999999978,3.606900000000003,1.4707000000000008,19.261499999999998,27.6901,-45.29508750000008,0.5920374999999996,5.648062500000002,0.9288749999999999,18.058412500000003,0.520310115017461,1.273538194350135
121.2,24.8,178.2848,SSP2-4.5,2021-2040,5.007400000000018,28.1062,-63.32690000000002,0.0992999999999995,7.100000000000001,0.6016999999999992,18.567300000000003,27.5283625,-48.13426250000006,0.5182500000000001,5.916812500000002,0.8726250000000004,17.8125,0.520310115017461,1.3367339747199263
121.2,24.85,172.0038,SSP2-4.5,2021-2040,2.357299999999981,26.8418,-89.76600000000008,0.09580000000000055,6.8775999999999975,0.8328000000000007,17.436500000000002,26.93945,-47.134812500000066,0.5378999999999992,6.3183250000000015,0.42262500000000003,17.3353375,0.520310115017461,1.3999297550897176
121.2,24.9,157.3468,SSP2-4.5,2021-2040,2.5971000000000117,25.9334,-40.255100000000084,0.540899999999997,6.006900000000002,0.062099999999999156,16.761499999999998,26.691100000000002,-44.81653750000001,0.7187125000000005,6.6153125,-0.03016249999999976,17.0103375,0.520310115017461,1.4631255354595045
121.2,24.95,144.8226,SSP2-4.5,2021-2040,6.042699999999996,26.9893,-38.54970000000003,0.9480000000000004,5.741399999999999,-0.7414000000000005,16.0327,27.2408,-19.50298749999999,0.9794624999999999,6.1053999999999995,-0.22132500000000022,17.5437375,0.520310115017461,1.526321315829296
121.2,25.0,141.6057,SSP2-4.5,2021-2040,7.316299999999984,29.165899999999993,-22.16989999999987,1.2782000000000018,4.582799999999999,-0.3448000000000002,19.261499999999998,27.8132875,0.3999499999999898,1.118525,5.838362500000001,-0.2948375000000001,17.6668125,0.520310115017461,1.5895170961990874
121.2,25.05,139.4125,SSP2-4.5,2021-2040,11.855000000000018,28.727100000000007,8.787399999999934,1.179199999999998,5.780999999999999,-0.17070000000000007,18.4942,28.34465,16.822287500000016,1.1953874999999998,5.542024999999999,-0.22716250000000016,18.1569625,0.520310115017461,1.652712876568879
121.2,25.1,131.6031,SSP2-4.5,2021-2040,11.311299999999989,28.733500000000006,10.62779999999998,1.1097000000000001,6.580999999999996,-0.3586000000000009,17.724999999999998,28.330199999999998,21.237775000000028,1.1947249999999996,5.479962500000001,-0.14892499999999986,18.155762499999998,0.520310115017461,1.7159086569386703
121.25,22.9,216.8963,SSP2-4.5,2021-2040,-19.046699999999987,32.8064,3.060899999999947,1.7726000000000006,9.0897,1.8655000000000008,15.4038,30.65435,43.787312499999985,1.7335375000000002,9.200000000000001,2.011425,14.2129875,0.6260039550986825,-1.0647056793321166
121.25,22.95,205.0974,SSP2-4.5,2021-2040,-5.674700000000001,30.8889,56.90879999999993,2.012699999999999,11.551700000000004,2.0862,13.5692,30.527525,61.58879999999999,1.8368375000000006,7.969412499999999,2.1327625,13.664175,0.6260039550986825,-1.0015098989623252
121.25,23.0,198.2906,SSP2-4.5,2021-2040,4.316399999999987,29.039899999999996,75.44759999999997,2.8626000000000005,7.491399999999999,2.174100000000001,12.623099999999999,30.186862500000004,68.0858,2.0858875000000006,7.239012499999999,2.1640249999999996,13.263200000000001,0.6260039550986825,-0.9383141185925338
121.25,23.05,204.9055,SSP2-4.5,2021-2040,1.5028000000000077,31.133700000000005,71.88040000000001,2.5211000000000006,2.5068999999999946,2.2276,13.3538,29.510925,68.58837500000001,1.996712500000001,6.806699999999999,2.3314625000000007,12.7144125,0.6260039550986825,-0.8751183382227424
121.25,23.1,235.0819,SSP2-4.5,2021-2040,-10.914999999999992,30.6329,59.203700000000026,1.3253999999999984,6.689700000000002,2.6276,13.299999999999999,28.940737500000004,62.8975375,1.711100000000001,5.613362499999998,2.4103375,12.143250000000002,0.6260039550986825,-0.811922557852951
121.25,23.15,250.155,SSP2-4.5,2021-2040,-14.625200000000007,27.69720000000001,55.61519999999996,1.360199999999999,5.7483,2.3396999999999997,11.5346,28.8772125,49.302824999999984,1.3870875000000007,6.879324999999999,2.4051625000000003,11.775,0.6260039550986825,-0.748726777483164
121.25,23.2,265.027,SSP2-4.5,2021-2040,-13.265899999999988,27.098499999999994,47.207800000000134,1.6948000000000008,7.539700000000003,2.2621,11.2615,28.4793375,50.644874999999985,1.5339125000000005,6.213162499999999,2.4124999999999996,11.293750000000001,0.6260039550986825,-0.6855309971133726
121.25,23.25,255.8634,SSP2-4.5,2021-2040,-5.064900000000023,30.245099999999994,58.31529999999998,2.0644000000000027,7.225900000000003,2.529299999999999,11.7077,28.625037499999998,77.54886249999998,1.6782125000000003,6.448287499999999,2.3726375,11.732700000000001,0.6260039550986825,-0.6223352167435812
121.25,23.3,241.7888,SSP2-4.5,2021-2040,10.777299999999997,30.1991,139.3699999999999,1.6147000000000027,6.503400000000003,2.620700000000001,13.2231,29.743775,123.30472499999999,1.9106875000000008,6.137074999999999,2.4607625,12.668275,0.6260039550986825,-0.5591394363737897
121.25,23.35,238.2871,SSP2-4.5,2021-2040,22.66579999999999,32.324200000000005,221.8146999999999,1.9853000000000023,6.101700000000001,2.5947999999999993,15.1442,30.5009125,162.27851250000003,1.7935250000000005,5.930587499999999,2.3094750000000004,13.394475,0.6260039550986825,-0.4959436560039983
121.25,23.4,249.908,SSP2-4.5,2021-2040,21.74030000000002,30.0385,236.9403000000002,1.9262000000000015,5.537899999999997,2.220700000000001,13.884599999999999,30.8727,180.09820000000008,1.7485125000000001,5.8756375,2.4342625,13.6365375,0.6260039550986825,-0.43274787563421135
121.25,23.45,255.8864,SSP2-4.5,2021-2040,20.287900000000008,32.3748,228.10300000000007,1.7474000000000007,4.4533999999999985,2.769,14.490400000000001,30.4013875,183.3747875000001,1.6199249999999996,5.3047375,2.5379500000000004,13.6137,0.6260039550986825,-0.3695520952644199
121.25,23.5,265.0738,SSP2-4.5,2021-2040,21.188199999999995,32.068200000000004,228.98090000000002,1.7082999999999995,3.9776000000000025,3.225900000000001,14.894200000000001,29.782925,190.74657500000006,1.567775,4.7547375,2.68925,13.638224999999998,0.6260039550986825,-0.3063563148946285
121.25,23.55,268.8578,SSP2-4.5,2021-2040,25.147699999999986,30.071799999999996,249.9629,1.7928999999999995,4.4328,3.4207,14.544199999999998,28.482462499999997,192.72183749999996,1.5654875000000001,4.210762500000001,2.430625,13.548312500000002,0.6260039550986825,-0.24316053452483705
121.25,23.6,227.2408,SSP2-4.5,2021-2040,34.82989999999998,26.252299999999998,204.80589999999984,1.6963000000000008,5.853400000000001,2.1828000000000003,12.282700000000002,27.519125,188.80821249999997,1.6521750000000002,4.167250000000001,2.138575,13.6911,0.6260039550986825,-0.17996475415504562
121.25,23.65,198.6305,SSP2-4.5,2021-2040,35.58499999999998,26.624100000000006,169.91820000000007,1.8388000000000009,4.6052,1.9085999999999999,13.1423,25.7240125,170.7156499999999,1.6270625,3.3049625000000016,1.8413624999999998,13.610812500000002,0.6260039550986825,-0.11676897378525869
121.25,23.7,192.2125,SSP2-4.5,2021-2040,25.345499999999987,23.975499999999997,148.90480000000002,1.5167000000000002,0.37590000000000146,1.6517,13.994200000000001,24.827375000000004,123.54811249999995,1.4928624999999998,2.439237500000001,1.8517124999999999,13.5204375,0.6260039550986825,-0.053573193415467256
121.25,23.75,196.7212,SSP2-4.5,2021-2040,-0.5067999999999984,22.433300000000003,43.27060000000006,0.7704000000000004,-0.45519999999999783,2.0930999999999997,12.901899999999998,23.259999999999998,91.54692499999996,1.3810375,2.1101375,1.70495,12.834362500000001,0.6260039550986825,0.009622586954324176
121.25,23.8,188.5517,SSP2-4.5,2021-2040,8.274799999999999,23.9306,36.53699999999981,1.1231000000000009,2.110299999999995,1.2276000000000007,12.311499999999999,21.334962500000003,55.31280000000004,1.2152749999999994,3.28665,1.7236999999999998,11.0766875,0.6260039550986825,0.0728183673241156
121.25,23.85,197.332,SSP2-4.5,2021-2040,5.7087999999999965,21.387999999999998,46.36380000000008,1.1958999999999982,5.032800000000002,1.543099999999999,9.0846,21.595750000000002,56.83371249999999,1.2922500000000001,5.038799999999998,1.3377125,10.6641875,0.6260039550986825,0.13601414769390704
121.25,23.9,202.9011,SSP2-4.5,2021-2040,6.434199999999976,21.5034,65.9493,1.4108000000000018,5.796599999999998,1.0602999999999998,10.2212,22.0407875,78.57492499999995,1.4370999999999994,5.505187499999998,1.005375,10.193750000000001,0.6260039550986825,0.19920992806369398
121.25,23.95,198.7248,SSP2-4.5,2021-2040,17.495000000000005,23.9985,120.11659999999983,1.7439999999999998,4.520699999999998,-0.04660000000000153,10.790400000000002,22.731225000000002,119.81122499999998,1.7695500000000006,4.842037499999999,0.5086125000000001,10.3735625,0.6260039550986825,0.26240570843348543
121.25,24.0,184.3078,SSP2-4.5,2021-2040,47.932300000000026,22.7551,224.69540000000006,2.552500000000002,2.5328000000000017,-0.010300000000000864,10.571200000000001,23.1322,153.3402875,2.031,3.510987499999999,0.3017000000000001,10.224512500000001,0.6260039550986825,0.32560148880327683
121.25,24.05,199.552,SSP2-4.5,2021-2040,56.81250000000003,22.123800000000003,272.94360000000006,2.908999999999999,1.1879000000000026,0.26030000000000086,9.5365,23.217262500000004,169.46631249999996,2.23815,2.7760749999999987,0.16832500000000028,10.1081875,0.6260039550986825,0.3887972691730683
121.25,24.1,183.641,SSP2-4.5,2021-2040,35.27120000000002,24.680300000000003,218.02949999999964,2.66,1.4775999999999954,-0.15339999999999954,10.242299999999998,22.8886875,153.31534999999997,2.1229624999999994,2.2605499999999994,0.3655250000000003,9.9552875,0.6260039550986825,0.4519930495428597
121.25,24.15,209.9447,SSP2-4.5,2021-2040,17.711899999999986,21.167700000000004,175.95269999999982,2.0080000000000027,0.9552000000000014,0.4068999999999985,9.396199999999999,23.338587500000003,91.37502499999994,1.6354999999999995,2.643524999999999,0.09678750000000047,9.55385,0.6260039550986825,0.5151888299126467
121.25,24.2,229.0998,SSP2-4.5,2021-2040,-2.635499999999979,23.172400000000003,10.69549999999981,0.7910000000000004,2.2362,0.04139999999999944,8.640400000000001,23.0373875,46.84612500000003,0.9848875000000006,2.712925,0.017249999999999988,9.0040875,0.6260039550986825,0.578384610282438
121.25,24.25,225.2069,SSP2-4.5,2021-2040,-7.07589999999999,23.662600000000005,-23.59569999999985,-0.08840000000000003,3.1102999999999987,-0.003400000000000958,8.2596,23.0590125,8.789499999999975,0.4936000000000007,2.8933250000000004,0.10840000000000005,8.462975,0.6260039550986825,0.6415803906522295
121.25,24.3,209.9772,SSP2-4.5,2021-2040,-0.8626000000000147,23.2166,-3.2458999999998923,0.12779999999999703,2.5207000000000015,0.220699999999999,7.761500000000002,22.157512500000003,-0.7872375000000034,0.33715000000000117,3.4226249999999996,0.3689499999999999,7.967062499999999,0.6260039550986825,0.704776171022021
121.25,24.35,223.0774,SSP2-4.5,2021-2040,-1.945600000000013,21.860100000000003,16.87039999999979,0.5559000000000012,3.6965000000000003,1.2809999999999988,7.296199999999999,20.8092125,-0.972837500000054,0.4721125000000006,3.4174625,0.8004374999999999,7.70095,0.6260039550986825,0.7679719513918124
121.25,24.4,225.9841,SSP2-4.5,2021-2040,2.2050999999999874,15.4895,18.409699999999702,0.8490000000000002,4.070699999999999,1.0690000000000008,7.0288,20.586025,0.44987499999996317,0.6709875000000007,3.4439500000000005,1.0620749999999994,7.6839125,0.6260039550986825,0.8311677317615993
121.25,24.45,242.0057,SSP2-4.5,2021-2040,1.7516999999999996,17.331000000000003,9.271699999999782,0.9192,3.265499999999996,0.9568999999999992,7.155800000000001,21.113925000000002,7.542024999999995,0.8492249999999997,2.888150000000001,1.29225,7.484375,0.6260039550986825,0.8943635121313908
121.25,24.5,273.7845,SSP2-4.5,2021-2040,0.4299000000000319,22.017899999999997,13.195100000000366,1.0754999999999981,2.484499999999997,1.1103000000000005,7.6692,21.3229125,10.73637500000001,0.8855,3.1706875000000005,1.5687499999999996,7.594475,0.6260039550986825,0.9575592925011822
121.25,24.55,315.5168,SSP2-4.5,2021-2040,-9.398500000000013,21.848299999999995,25.939000000000306,0.8602000000000025,3.5172000000000025,2.0448000000000004,8.780800000000001,22.3298,1.454062499999992,0.8429874999999996,3.5778125,1.7982624999999997,8.7206625,0.6260039550986825,1.0207550728709736
121.25,24.6,338.8761,SSP2-4.5,2021-2040,-12.032600000000002,23.252499999999998,8.32569999999987,0.6364999999999981,4.050000000000001,1.9585999999999988,11.451899999999998,23.016087499999998,-20.67998750000004,0.7308500000000011,4.704525,1.9553874999999998,11.049050000000001,0.6260039550986825,1.0839508532407651
121.25,24.65,318.885,SSP2-4.5,2021-2040,-7.055000000000007,23.9214,-69.19509999999991,0.5146000000000015,5.925900000000002,1.5655000000000001,12.1962,24.311725000000003,-30.53986250000014,0.7833625,5.099775000000001,1.8219874999999999,13.979325,0.6260039550986825,1.147146633610552
121.25,24.7,287.2491,SSP2-4.5,2021-2040,9.708000000000027,25.408500000000004,-19.355999999999767,1.028699999999997,5.944800000000001,1.6138000000000012,16.5442,25.686187499999996,-35.83086250000008,0.7876000000000003,5.495262500000001,1.6189625000000003,15.8091375,0.6260039550986825,1.2103424139803434
121.25,24.75,249.5033,SSP2-4.5,2021-2040,18.27759999999998,26.992599999999996,25.73829999999998,0.9780000000000015,6.7483,1.5241000000000007,18.2923,26.549425,-28.282837500000085,0.7651374999999989,5.575637500000001,1.4879250000000002,17.071625,0.6260039550986825,1.273538194350135
121.25,24.8,195.4141,SSP2-4.5,2021-2040,8.365400000000022,27.653599999999997,3.2792999999996937,0.6839999999999975,4.298300000000005,1.4809999999999999,17.3404,26.988500000000002,-17.117700000000013,0.6872125000000002,6.3991375,1.2482625000000005,17.5370125,0.6260039550986825,1.3367339747199263
121.25,24.85,154.826,SSP2-4.5,2021-2040,9.491900000000015,25.69850000000001,16.89989999999989,0.6654000000000018,6.2276000000000025,0.924100000000001,16.463499999999996,26.802287500000002,-21.872425000000078,0.6816374999999995,6.6202625,0.8286625000000001,17.356724999999997,0.6260039550986825,1.3999297550897176
121.25,24.9,142.2652,SSP2-4.5,2021-2040,7.421800000000019,25.552100000000003,-4.462700000000041,0.9902000000000015,6.896599999999996,0.03279999999999994,16.5173,26.244937500000002,-25.612525000000034,0.7947625,6.840950000000001,0.26896250000000044,16.8163375,0.6260039550986825,1.4631255354595045
121.25,24.95,139.2897,SSP2-4.5,2021-2040,5.263499999999993,25.924100000000003,-39.39499999999998,0.9492000000000012,7.7069000000000045,-0.3672000000000004,16.636499999999998,26.5532,-12.405475000000024,1.0012749999999997,6.5681125,0.033837500000000076,17.2019125,0.6260039550986825,1.526321315829296
121.25,25.0,141.6408,SSP2-4.5,2021-2040,6.738900000000001,27.413200000000003,5.290199999999913,1.0783999999999985,7.360299999999999,0.15169999999999995,17.8692,27.289625,-2.4683875000000057,1.0951874999999998,6.3370625,-0.07542499999999985,17.702624999999998,0.6260039550986825,1.5895170961990874
121.25,25.05,137.2724,SSP2-4.5,2021-2040,11.466800000000006,28.9032,25.045100000000048,1.0579999999999998,5.530999999999999,-0.18279999999999852,19.1192,28.03305,18.07473749999997,1.1759874999999993,6.234899999999999,0.10194999999999976,18.081725,0.6260039550986825,1.652712876568879
121.25,25.1,130.315,SSP2-4.5,2021-2040,10.984100000000012,28.766799999999996,15.10069999999996,1.1341999999999999,6.143099999999997,-0.3155000000000001,18.321199999999997,28.054074999999997,23.865700000000004,1.1509749999999994,6.208825,0.03255000000000019,17.937974999999998,0.6260039550986825,1.7159086569386703
121.3,22.95,212.7497,SSP2-4.5,2021-2040,-8.672799999999995,32.48100000000001,13.032699999999977,1.780100000000001,13.5155,2.0552,15.0077,30.4814375,61.34254999999999,2.1030750000000005,7.7306125,2.1219875,13.4495,0.7316977951799037,-1.0015098989623252
121.3,23.0,206.4605,SSP2-4.5,2021-2040,-0.5268000000000086,30.7344,46.834699999999884,2.098200000000002,11.932799999999997,2.3569000000000004,13.586500000000001,30.7155875,60.40316250000001,2.2002250000000005,8.2012875,2.2291000000000003,13.395175,0.7316977951799037,-0.9383141185925338
121.3,23.05,210.6232,SSP2-4.5,2021-2040,-0.08150000000000546,29.639599999999994,53.746399999999994,2.909600000000001,6.887900000000002,2.3897000000000004,12.336500000000001,30.247575,64.9298875,1.8684000000000003,7.916174999999999,2.4635750000000005,13.206475000000001,0.7316977951799037,-0.8751183382227424
121.3,23.1,220.1791,SSP2-4.5,2021-2040,-4.169299999999993,30.902300000000004,51.643100000000004,1.7743000000000002,9.5,2.3931000000000004,12.442300000000001,29.762300000000003,53.6525125,1.7761125000000004,7.811425,2.5407374999999996,12.446862500000002,0.7316977951799037,-0.811922557852951
121.3,23.15,238.9551,SSP2-4.5,2021-2040,-10.356799999999993,28.034400000000005,33.87850000000003,1.5782000000000025,8.193099999999994,2.503399999999999,10.017300000000002,29.1364625,40.563087499999995,1.5330125,7.7019625000000005,2.4875125,11.8125,0.7316977951799037,-0.748726777483164
121.3,23.2,262.8138,SSP2-4.5,2021-2040,-15.945000000000022,29.855500000000006,6.743199999999888,1.4513999999999996,6.048299999999998,2.4551999999999996,12.2654,28.3826125,46.859500000000025,1.7388625000000006,6.933000000000001,2.431025,11.181725,0.7316977951799037,-0.6855309971133726
121.3,23.25,259.1125,SSP2-4.5,2021-2040,-10.4067,28.1485,68.40949999999998,1.9451,6.239699999999999,2.7362,11.4019,28.9473,74.51765,1.8011125000000008,6.412937500000002,2.4144375,11.9341375,0.7316977951799037,-0.6223352167435812
121.3,23.3,251.4089,SSP2-4.5,2021-2040,5.197300000000013,28.819499999999998,144.60030000000006,1.7675000000000018,4.530999999999999,2.4638,12.309600000000001,29.786825,114.3110375,1.9859125000000009,6.8157250000000005,2.50645,12.8028875,0.7316977951799037,-0.5591394363737897
121.3,23.35,264.1773,SSP2-4.5,2021-2040,8.65949999999998,30.177799999999998,125.58220000000006,1.9736000000000011,6.630999999999997,2.3103,12.513499999999999,30.018949999999997,146.25595,1.9003875000000003,7.032087499999999,2.403875,13.143262499999999,0.7316977951799037,-0.4959436560039983
121.3,23.4,271.1424,SSP2-4.5,2021-2040,6.963300000000004,31.14379999999999,132.0128000000002,1.6429999999999971,8.941400000000002,2.377600000000001,12.8538,30.6002125,148.37957500000007,1.9404125,6.967012499999998,2.4764999999999997,13.4033625,0.7316977951799037,-0.43274787563421135
121.3,23.45,263.8152,SSP2-4.5,2021-2040,16.83979999999997,31.97650000000001,141.41720000000032,1.5373999999999999,7.6966,3.0878999999999994,14.109599999999999,30.636162499999998,149.80506250000008,1.8558874999999992,6.46185,2.525875,13.40095,0.7316977951799037,-0.3695520952644199
121.3,23.5,266.137,SSP2-4.5,2021-2040,28.7706,31.358099999999993,178.10960000000023,1.4987999999999992,2.637900000000002,2.8827999999999996,14.0385,30.4493625,167.83261250000007,1.8582749999999995,6.180187500000001,2.9319125,13.6480625,0.7316977951799037,-0.3063563148946285
121.3,23.55,253.8481,SSP2-4.5,2021-2040,43.120900000000006,29.229299999999995,231.7112000000002,1.6456999999999997,3.6293000000000006,3.482800000000001,13.911499999999998,29.528499999999998,186.02262499999998,1.8091874999999997,5.159700000000001,2.6228625,13.402875000000002,0.7316977951799037,-0.24316053452483705
121.3,23.6,231.6263,SSP2-4.5,2021-2040,44.37550000000002,28.168100000000003,247.3433,1.7876999999999992,2.637900000000002,2.1379,14.753800000000002,27.748725,193.23751249999998,1.8182874999999998,5.243975000000001,2.4799625,13.144475,0.7316977951799037,-0.17996475415504562
121.3,23.65,198.8598,SSP2-4.5,2021-2040,42.12219999999999,25.491699999999994,201.45589999999993,2.014199999999999,4.465500000000002,1.9017,14.871200000000002,26.408775000000002,174.92299999999994,1.7633875,4.3323374999999995,2.0461125,12.6749875,0.7316977951799037,-0.11676897378525869
121.3,23.7,198.088,SSP2-4.5,2021-2040,29.026700000000005,24.029300000000006,168.00499999999988,1.9223,3.7897,1.4309999999999992,11.659600000000001,25.4051625,144.5795625,1.6717499999999996,3.123075000000001,2.1152875,13.1028875,0.7316977951799037,-0.053573193415467256
121.3,23.75,206.5757,SSP2-4.5,2021-2040,19.154199999999975,24.342099999999995,85.24289999999996,1.6875999999999998,1.796599999999998,1.601700000000001,13.334599999999998,24.57555,116.94352499999997,1.6135000000000002,3.2836250000000007,1.9719749999999998,12.0459,0.7316977951799037,0.009622586954324176
121.3,23.8,210.7696,SSP2-4.5,2021-2040,17.450000000000017,23.928600000000003,68.51040000000012,1.5579000000000018,5.422400000000003,1.6861999999999995,11.440400000000002,23.205287499999997,98.34643750000004,1.6219374999999998,4.003024999999999,1.864,11.075949999999999,0.7316977951799037,0.0728183673241156
121.3,23.85,217.8147,SSP2-4.5,2021-2040,22.964,18.3703,85.20970000000011,1.6583999999999985,6.675899999999999,1.6172000000000004,8.2212,23.066387499999998,95.66653750000003,1.7306750000000004,5.640525,1.6396499999999998,10.668500000000002,0.7316977951799037,0.13601414769390704
121.3,23.9,216.9464,SSP2-4.5,2021-2040,24.379899999999992,22.9478,112.72489999999993,1.8247,6.8931000000000004,1.4551999999999996,11.625,21.799300000000002,117.25752500000004,1.8516624999999995,5.407774999999999,1.3335999999999997,9.6348625,0.7316977951799037,0.19920992806369398
121.3,23.95,210.6926,SSP2-4.5,2021-2040,24.903700000000015,21.436100000000003,158.62829999999985,1.9967000000000006,4.598299999999998,1.0809999999999995,10.336500000000001,22.341125,155.67702500000001,2.0550125,4.1689875,0.8827499999999995,9.7654,0.7316977951799037,0.26240570843348543
121.3,24.0,204.0411,SSP2-4.5,2021-2040,40.867999999999995,22.205800000000004,226.68510000000015,2.480900000000002,1.519000000000002,0.23099999999999987,9.017300000000002,22.111600000000003,191.78052499999995,2.2296999999999993,2.6355625,0.6534499999999996,9.5353375,0.7316977951799037,0.32560148880327683
121.3,24.05,201.9381,SSP2-4.5,2021-2040,48.008200000000016,21.8637,273.4434000000001,2.624399999999998,-0.22070000000000078,0.5689999999999991,10.2019,22.301875,219.7269624999999,2.47865,1.7806125000000006,0.3642375000000002,9.4985625,0.7316977951799037,0.3887972691730683
121.3,24.1,183.4887,SSP2-4.5,2021-2040,36.9512,22.182499999999997,310.88549999999987,3.1378999999999984,0.9603000000000002,0.31210000000000093,10.0058,22.210575,199.17858749999988,2.3078874999999996,1.3799625,0.3687625000000001,9.7932625,0.7316977951799037,0.4519930495428597
121.3,24.15,195.9269,SSP2-4.5,2021-2040,16.51400000000001,21.738500000000002,178.2134000000001,2.188699999999997,1.8138000000000005,0.16900000000000048,9.811500000000002,22.223175,135.78447499999982,1.7985000000000007,1.7836250000000002,0.2683375000000001,9.568037499999999,0.7316977951799037,0.5151888299126467
121.3,24.2,225.1123,SSP2-4.5,2021-2040,-3.6255999999999915,21.849800000000002,30.288300000000163,0.7710000000000008,2.4810000000000016,0.11899999999999977,8.815399999999999,22.306612500000004,65.06423749999993,1.0720000000000005,2.3487125,0.31876249999999984,9.187262500000001,0.7316977951799037,0.578384610282438
121.3,24.25,236.656,SSP2-4.5,2021-2040,-4.770399999999995,22.701500000000003,37.234100000000126,0.4228000000000023,2.193100000000001,-0.025900000000000034,8.1308,22.46655,8.361712499999953,0.51275,2.6974125,0.5187624999999996,8.50505,0.7316977951799037,0.6415803906522295
121.3,24.3,221.4116,SSP2-4.5,2021-2040,-3.6443999999999903,22.8876,19.08759999999984,0.20990000000000109,2.3827999999999996,1.0534,7.876899999999999,22.365475,-4.4412375,0.36376250000000043,3.1025749999999994,0.6622749999999995,7.9483250000000005,0.7316977951799037,0.704776171022021
121.3,24.35,219.0711,SSP2-4.5,2021-2040,-3.7804999999999893,21.650399999999998,-24.63279999999986,0.18390000000000128,3.8293,0.9017,7.419199999999998,21.51625,-17.34396250000009,0.4535750000000007,3.2256375,1.0689499999999996,7.5680375,0.7316977951799037,0.7679719513918124
121.3,24.4,223.1844,SSP2-4.5,2021-2040,0.09340000000000259,22.4257,-21.097500000000082,0.41520000000000223,1.887900000000002,1.6206999999999994,7.8962,20.40255,-25.797300000000064,0.5458000000000007,3.840937499999999,1.1157249999999996,7.4649,0.7316977951799037,0.8311677317615993
121.3,24.45,221.8939,SSP2-4.5,2021-2040,5.987099999999998,20.226100000000002,2.200399999999945,0.8428000000000004,3.062100000000001,1.2413999999999987,8.144200000000001,20.646900000000002,-17.870562500000005,0.7302499999999998,3.1454624999999994,1.2329625,7.323087500000001,0.7316977951799037,0.8943635121313908
121.3,24.5,233.9166,SSP2-4.5,2021-2040,2.8115999999999985,22.388399999999997,15.62869999999998,0.8419999999999987,1.5121000000000038,1.4809999999999999,6.3134999999999994,21.077962499999998,13.051225000000045,0.9085000000000001,3.042224999999999,1.5327499999999998,7.839900000000001,0.7316977951799037,0.9575592925011822
121.3,24.55,262.7394,SSP2-4.5,2021-2040,-4.18829999999997,21.9735,45.16409999999996,0.9207999999999998,3.029299999999999,2.662099999999999,6.836500000000001,21.902237500000002,25.23871250000002,0.998675,2.401925,1.8495375,8.8430375,0.7316977951799037,1.0207550728709736
121.3,24.6,277.6191,SSP2-4.5,2021-2040,-3.2264000000000124,23.8898,34.45679999999993,1.1443000000000012,2.851700000000001,2.5878999999999994,12.359599999999999,22.4220125,18.61096249999997,0.9637000000000007,3.7808124999999997,2.1002124999999996,10.3464,0.7316977951799037,1.0839508532407651
121.3,24.65,301.9903,SSP2-4.5,2021-2040,-0.33909999999997353,24.5047,0.002399999999852298,0.9463000000000008,5.870699999999999,1.8552,14.575000000000001,23.253725,3.0636499999999387,1.0554000000000001,4.311625,2.058175,12.690625,0.7316977951799037,1.147146633610552
121.3,24.7,308.3239,SSP2-4.5,2021-2040,6.9923,22.5743,-29.214600000000246,1.1157000000000004,5.4741,1.8361999999999998,13.619200000000001,24.842474999999997,-3.5089624999999955,1.0548000000000002,6.0097000000000005,1.7681000000000002,15.0839,0.7316977951799037,1.2103424139803434
121.3,24.75,270.9052,SSP2-4.5,2021-2040,20.226800000000026,24.563499999999998,-14.398999999999887,1.0623000000000005,6.698300000000003,1.5172000000000008,15.1673,25.610862499999996,-1.5927500000000805,0.9976249999999998,5.8549375,1.7657250000000002,16.456725,0.7316977951799037,1.273538194350135
121.3,24.8,216.2419,SSP2-4.5,2021-2040,11.33110000000002,27.241,7.014099999999871,0.847999999999999,6.480999999999998,1.9413999999999998,17.8827,26.0303125,-0.2996375000000171,0.9035375000000005,6.235987500000001,1.4594625000000003,16.70865,0.7316977951799037,1.3367339747199263
121.3,24.85,177.3614,SSP2-4.5,2021-2040,9.687600000000003,27.2695,15.856800000000021,1.1123000000000012,7.4533999999999985,1.174100000000001,17.225,26.005675,-5.998387500000035,0.8308375000000003,6.2562500000000005,1.093525,16.881012499999997,0.7316977951799037,1.3999297550897176
121.3,24.9,149.5874,SSP2-4.5,2021-2040,11.324700000000007,25.820700000000002,-3.318899999999985,1.0825999999999993,7.848300000000002,0.503400000000001,17.1231,25.769975000000002,-14.866637499999996,0.8935875000000006,6.671325000000001,0.47155000000000014,16.8564875,0.7316977951799037,1.4631255354595045
121.3,24.95,142.3323,SSP2-4.5,2021-2040,9.545299999999997,25.482200000000006,-26.37220000000002,0.9638999999999989,6.865500000000001,-0.2361999999999984,16.8519,25.806125,-9.621175000000022,0.9881625,7.077575000000001,0.30905000000000005,17.0952,0.7316977951799037,1.526321315829296
121.3,25.0,140.2247,SSP2-4.5,2021-2040,9.419299999999993,26.068799999999996,30.594499999999925,1.1280000000000001,7.243100000000002,0.8430999999999997,17.198099999999997,26.347675000000002,-7.458362500000021,1.0220624999999997,6.962687500000001,0.07758750000000025,17.411762500000002,0.7316977951799037,1.5895170961990874
121.3,25.05,133.8473,SSP2-4.5,2021-2040,9.861400000000003,27.056399999999996,42.31269999999995,1.256999999999998,7.244799999999998,0.5965999999999996,18.026899999999998,27.242199999999997,14.106612499999983,1.105375,6.709250000000001,0.21077500000000027,17.6216375,0.7316977951799037,1.652712876568879
121.3,25.1,127.6105,SSP2-4.5,2021-2040,13.297699999999992,28.332699999999996,54.05449999999996,1.243199999999998,4.943100000000001,0.41380000000000017,17.7577,27.638887499999996,16.845174999999983,1.1140875000000001,6.6941749999999995,0.05927500000000008,17.769225,0.7316977951799037,1.7159086569386703
121.3,25.15,130.2116,SSP2-4.5,2021-2040,9.461600000000004,27.584799999999994,7.9435000000000855,1.0334000000000003,6.648300000000006,0.09310000000000063,17.2962,27.828374999999998,23.774562499999973,1.1354374999999997,6.504299999999999,0.11272500000000019,18.0935,0.7316977951799037,1.7791044373084572
121.35,23.05,216.5907,SSP2-4.5,2021-2040,-2.7002999999999986,31.5154,59.46550000000002,1.5122,12.081000000000003,2.6586,14.534600000000001,30.324537499999998,59.17893749999999,1.8921875000000004,8.204324999999999,2.550225,12.6072,0.837391635261125,-0.8751183382227424
121.35,23.1,223.9805,SSP2-4.5,2021-2040,-5.731799999999993,30.147400000000005,59.47649999999999,1.3125,10.7914,3.0121,13.4,29.8907375,59.23957500000003,1.7341125000000002,8.7004375,2.582325,11.944712500000001,0.837391635261125,-0.811922557852951
121.35,23.15,217.1935,SSP2-4.5,2021-2040,-1.8973000000000013,29.297800000000002,35.953899999999976,1.689700000000002,9.5931,2.5671999999999997,11.098099999999999,29.184600000000003,51.916,1.57315,8.364675,2.5849124999999997,11.245437500000001,0.837391635261125,-0.748726777483164
121.35,23.2,235.3941,SSP2-4.5,2021-2040,-8.795900000000017,27.460099999999997,8.661299999999983,1.6557999999999993,5.705200000000005,2.2431,9.1981,28.729775000000004,59.74157500000001,1.7335625000000001,7.941399999999999,2.5502000000000002,11.3161,0.837391635261125,-0.6855309971133726
121.35,23.25,226.3064,SSP2-4.5,2021-2040,-2.528599999999983,29.079300000000003,66.83450000000016,1.922699999999999,5.219000000000001,2.2672,13.2346,28.730800000000002,83.78262499999997,1.8739,7.35475,2.5665875,11.48365,0.837391635261125,-0.6223352167435812
121.35,23.3,217.9439,SSP2-4.5,2021-2040,11.912999999999982,28.821299999999994,124.40879999999993,2.2376000000000005,8.530999999999999,2.4741,12.2731,29.021150000000002,116.38471250000006,1.9914999999999998,7.005825,2.6359874999999997,12.0432625,0.837391635261125,-0.5591394363737897
121.35,23.35,247.5784,SSP2-4.5,2021-2040,8.664800000000014,29.299300000000002,109.75330000000008,2.1438999999999986,8.074099999999998,2.519,12.924999999999999,29.526025,128.27368750000002,1.9555000000000002,7.6385749999999994,2.5930874999999998,12.2579375,0.837391635261125,-0.4959436560039983
121.35,23.4,262.7087,SSP2-4.5,2021-2040,8.556799999999953,29.505900000000004,61.147399999999834,1.8848999999999982,8.036199999999997,1.9603000000000002,12.5327,29.820475000000002,121.5001500000001,1.9804624999999998,8.150875,2.6290875,12.555287499999999,0.837391635261125,-0.43274787563421135
121.35,23.45,243.0505,SSP2-4.5,2021-2040,17.315800000000024,29.1047,62.27850000000012,2.3245999999999984,9.205199999999998,2.3499999999999996,11.626900000000001,30.1728375,115.38335000000004,1.9105374999999996,7.868762500000001,2.5081875,13.1214,0.837391635261125,-0.3695520952644199
121.35,23.5,239.3016,SSP2-4.5,2021-2040,19.22199999999998,29.495299999999993,70.86799999999994,2.1138999999999992,8.9052,2.4207,12.8865,29.63145,129.08505000000008,1.9983874999999993,7.2351375,2.6166124999999996,13.0980875,0.837391635261125,-0.3063563148946285
121.35,23.55,232.5434,SSP2-4.5,2021-2040,34.783199999999994,29.274300000000004,129.3391999999999,1.9959999999999987,7.141400000000001,2.6982999999999997,12.721200000000001,28.969299999999997,147.37457500000002,1.9648375,6.194612500000002,2.3614375,13.016825,0.837391635261125,-0.24316053452483705
121.35,23.6,240.6029,SSP2-4.5,2021-2040,39.09149999999997,29.539899999999996,178.7711999999999,1.8796000000000017,5.691399999999998,2.0138,11.1019,27.721349999999997,164.40170000000003,1.9297124999999997,5.918537500000001,2.3230625,13.263950000000001,0.837391635261125,-0.17996475415504562
121.35,23.65,236.2236,SSP2-4.5,2021-2040,31.978199999999987,25.506400000000006,179.93560000000002,1.6827999999999985,6.1328,2.231,12.580799999999998,27.358462499999995,164.93544999999995,1.9311625000000003,5.455825,2.01745,12.5826875,0.837391635261125,-0.11676897378525869
121.35,23.7,250.289,SSP2-4.5,2021-2040,26.74770000000001,27.174599999999998,101.69999999999982,1.7828999999999997,5.5724,2.812100000000001,11.8846,26.4211,168.3199625,1.9199624999999998,5.079762499999999,1.9831749999999997,12.3790875,0.837391635261125,-0.053573193415467256
121.35,23.75,267.4969,SSP2-4.5,2021-2040,33.230500000000006,27.693600000000004,226.20850000000019,2.0805999999999987,2.4914000000000023,2.7223999999999986,12.113500000000002,25.4696,131.86584999999994,1.854675,5.612299999999999,2.0010624999999997,11.357199999999999,0.837391635261125,0.009622586954324176
121.35,23.8,253.1649,SSP2-4.5,2021-2040,28.519900000000007,23.438899999999997,142.41189999999983,2.1540999999999997,6.9620999999999995,2.1517,10.061500000000002,24.6128,124.92966250000012,1.8836250000000003,5.615525,2.0499875000000003,10.6052875,0.837391635261125,0.0728183673241156
121.35,23.85,261.0585,SSP2-4.5,2021-2040,39.5138,24.045499999999997,121.52710000000025,2.3054000000000023,7.410299999999999,1.9552000000000014,10.5788,23.00545,130.7230500000001,1.94015,6.179325,2.003225,9.48895,0.837391635261125,0.13601414769390704
121.35,23.9,256.0584,SSP2-4.5,2021-2040,41.189700000000016,23.348300000000002,171.30790000000025,2.2734999999999985,5.496600000000001,2.0378999999999987,10.025,21.7284,136.99986250000006,2.0626749999999996,5.7719875,1.6515125000000004,8.740862499999999,0.837391635261125,0.19920992806369398
121.35,23.95,241.2656,SSP2-4.5,2021-2040,37.38920000000002,20.304300000000005,168.95749999999998,2.2285999999999966,3.730999999999998,1.4207,7.821200000000001,21.9907125,157.83765000000002,2.0675749999999997,4.572225000000001,1.2788749999999998,8.9550375,0.837391635261125,0.26240570843348543
121.35,24.0,253.4908,SSP2-4.5,2021-2040,33.20930000000001,21.665800000000004,154.97949999999992,1.9251000000000005,2.8621000000000016,0.9138000000000002,8.0519,22.017562500000004,163.28016249999996,2.1275249999999986,3.4118625,0.9019374999999998,9.133162500000001,0.837391635261125,0.32560148880327683
121.35,24.05,255.8123,SSP2-4.5,2021-2040,30.398300000000006,22.7455,160.47989999999982,1.8572999999999986,1.872399999999999,1.0396999999999998,8.9731,22.326237499999998,177.5952499999999,2.279724999999999,2.722212500000001,0.5116375000000002,9.520425,0.837391635261125,0.3887972691730683
121.35,24.1,214.4599,SSP2-4.5,2021-2040,13.818399999999997,20.056199999999997,189.11719999999968,2.3064999999999998,1.8328000000000024,0.32070000000000043,9.5904,22.748262500000003,158.4910124999999,2.167249999999999,2.6982749999999993,0.45797500000000024,9.802387500000002,0.837391635261125,0.4519930495428597
121.35,24.15,215.3173,SSP2-4.5,2021-2040,1.9528999999999996,23.3089,125.2489999999998,1.909200000000002,2.1206999999999994,0.3379000000000012,10.594199999999999,22.0413875,104.93228749999986,1.6991249999999996,3.0676750000000004,0.47716249999999993,9.386287500000002,0.837391635261125,0.5151888299126467
121.35,24.2,255.9653,SSP2-4.5,2021-2040,-6.499100000000027,21.367600000000003,26.05809999999974,0.8044000000000011,2.2052000000000014,0.7621000000000002,9.2596,22.348200000000002,41.226849999999985,1.1268625,3.3844874999999996,0.5510749999999998,9.1776375,0.837391635261125,0.578384610282438
121.35,24.25,256.3137,SSP2-4.5,2021-2040,-6.563699999999983,21.3337,-9.29320000000007,0.5402999999999984,4.155199999999997,0.8620999999999999,9.405800000000001,21.9897375,1.6718124999999588,0.6910375000000011,2.940525000000001,0.7413749999999997,8.4598625,0.837391635261125,0.6415803906522295
121.35,24.3,226.5923,SSP2-4.5,2021-2040,2.690899999999999,22.2421,16.898999999999887,0.9460000000000015,2.4879,1.0947999999999993,8.021199999999999,21.7837375,-12.415737499999949,0.49180000000000046,3.1485125,0.7605499999999998,8.090625,0.837391635261125,0.704776171022021
121.35,24.35,215.3445,SSP2-4.5,2021-2040,-3.3149999999999977,22.2568,-45.76580000000013,0.22180000000000177,2.827599999999997,0.9672000000000001,7.292300000000001,21.876925,-29.692350000000005,0.5286375000000008,3.300212500000001,0.9805874999999997,7.835587499999999,0.837391635261125,0.7679719513918124
121.35,24.4,218.0868,SSP2-4.5,2021-2040,1.839999999999975,21.751600000000003,-139.90919999999983,0.3030000000000008,5.931000000000001,1.2447999999999997,7.3712,22.2762,-31.77222500000005,0.5624375000000006,3.5676750000000004,1.0448249999999997,8.38725,0.837391635261125,0.8311677317615993
121.35,24.45,218.0459,SSP2-4.5,2021-2040,6.437900000000013,22.654899999999998,-42.822799999999916,0.4908000000000001,4.044799999999999,1.2637999999999998,8.011500000000002,22.4559625,-31.49092500000009,0.7471625000000004,3.3381375000000015,1.1956749999999998,8.502424999999999,0.837391635261125,0.8943635121313908
121.35,24.5,238.1233,SSP2-4.5,2021-2040,12.443299999999994,21.116200000000006,4.35979999999995,0.9472999999999985,1.9671999999999983,1.1172000000000004,7.1385000000000005,22.210250000000002,5.0016874999999175,0.9468624999999999,3.2883625000000003,1.5271624999999998,8.593262500000002,0.837391635261125,0.9575592925011822
121.35,24.55,256.441,SSP2-4.5,2021-2040,6.475000000000023,21.455800000000004,47.102499999999964,1.2114000000000011,2.9671999999999983,1.8655000000000008,8.982700000000001,21.533075000000004,32.95731249999989,1.1215249999999997,1.9749874999999997,1.9114125,8.50505,0.837391635261125,1.0207550728709736
121.35,24.6,250.5095,SSP2-4.5,2021-2040,5.268499999999989,19.249000000000002,52.90209999999979,1.2722000000000016,-0.13450000000000273,2.6310000000000002,8.0481,22.277525,41.311149999999884,1.1969375000000002,3.1790874999999987,2.15475,10.606,0.837391635261125,1.0839508532407651
121.35,24.65,265.6146,SSP2-4.5,2021-2040,7.503500000000031,23.170899999999996,38.646999999999935,1.3476,5.020699999999998,2.2189999999999994,11.899999999999999,22.75685,28.611374999999896,1.2329375000000007,3.3786499999999995,2.21485,12.6033625,0.837391635261125,1.147146633610552
121.35,24.7,295.0779,SSP2-4.5,2021-2040,7.0822,24.563399999999994,7.943299999999908,1.3836000000000013,5.360300000000002,2.0534,15.4058,23.988462499999997,18.46691249999992,1.1836750000000005,5.3196125,1.9398624999999998,14.170675000000001,0.837391635261125,1.2103424139803434
121.35,24.75,290.8384,SSP2-4.5,2021-2040,10.251700000000028,25.614799999999995,2.547399999999925,1.177299999999999,6.508599999999998,1.7965999999999998,16.590400000000002,24.626125,8.93248749999998,1.0909375000000008,5.7963249999999995,1.7607499999999998,15.344462499999999,0.837391635261125,1.273538194350135
121.35,24.8,259.6651,SSP2-4.5,2021-2040,7.822000000000003,24.838699999999996,-10.69380000000001,0.7657000000000025,6.024099999999997,1.8793000000000006,15.9788,25.545162499999996,0.02542500000004111,1.0125500000000005,6.340937500000001,1.4415874999999998,16.229325,0.837391635261125,1.3367339747199263
121.35,24.85,214.0627,SSP2-4.5,2021-2040,6.888000000000005,25.611299999999993,-41.62599999999975,0.7833000000000006,5.929300000000005,1.3792999999999989,16.6115,25.8938,-8.444124999999929,0.8943625000000006,6.4073125,1.1706750000000001,16.7495125,0.837391635261125,1.3999297550897176
121.35,24.9,163.7108,SSP2-4.5,2021-2040,10.335899999999981,25.6295,-15.07899999999995,0.8275000000000006,6.344799999999999,0.6068999999999996,17.1308,25.6113625,-28.08179999999993,0.9068875000000003,6.709900000000001,0.8226125000000002,16.847825,0.837391635261125,1.4631255354595045
121.35,24.95,153.6637,SSP2-4.5,2021-2040,7.808099999999996,24.992600000000003,-24.754900000000134,0.8568999999999996,5.9465,0.2585999999999995,17.415399999999998,25.57365,-17.54189999999997,0.9831249999999998,6.799775000000001,0.6780000000000004,16.9951875,0.837391635261125,1.526321315829296
121.35,25.0,151.0352,SSP2-4.5,2021-2040,2.694999999999993,25.048000000000002,-25.843599999999924,0.9924999999999997,7.274100000000004,0.44310000000000116,16.8712,25.725187499999997,-8.674762500000043,1.0896999999999997,7.1219625,0.45345,17.301425000000002,0.837391635261125,1.5895170961990874
121.35,25.05,144.0754,SSP2-4.5,2021-2040,7.753899999999987,25.961699999999993,-15.949200000000019,1.0206000000000017,7.772400000000001,-0.043100000000000804,16.5038,26.4697875,9.813612499999977,1.1691249999999993,6.9885625000000005,0.4534625000000001,17.545675,0.837391635261125,1.652712876568879
121.35,25.1,135.6902,SSP2-4.5,2021-2040,10.928499999999985,27.443199999999997,24.560699999999997,1.1881000000000022,7.4069,0.37590000000000057,17.3327,26.811687499999998,7.662587499999972,1.1197124999999994,7.177150000000001,0.207125,17.7687375,0.837391635261125,1.7159086569386703
121.35,25.15,133.6245,SSP2-4.5,2021-2040,9.15379999999999,26.661499999999997,25.120099999999866,1.111699999999999,6.225900000000003,0.3086000000000002,17.8288,26.700062499999998,-0.2770375000000058,0.9987500000000002,6.512500000000001,0.04656249999999984,17.7406125,0.837391635261125,1.7791044373084572
121.4,23.1,213.0608,SSP2-4.5,2021-2040,0.14990000000000236,30.108199999999997,94.69280000000003,1.5066999999999986,7.732800000000001,2.8276000000000003,11.3404,29.2907875,51.163925000000006,1.6036250000000005,9.3513,2.5777875000000003,11.4988,0.9430854753423764,-0.811922557852951
121.4,23.15,207.1675,SSP2-4.5,2021-2040,4.90130000000002,28.9953,85.33270000000016,1.5767999999999986,8.925899999999999,2.6914000000000007,10.4885,29.1238375,59.11359999999999,1.6199625000000002,9.176087500000001,2.624125,11.4514375,0.9430854753423764,-0.748726777483164
121.4,23.2,202.9342,SSP2-4.5,2021-2040,8.369799999999998,27.973599999999998,74.89989999999989,1.7295000000000016,10.020699999999998,2.5534,10.8115,29.195512500000003,67.59455000000003,1.7509249999999992,7.6233,2.582325,11.4043375,0.9430854753423764,-0.6855309971133726
121.4,23.25,192.7873,SSP2-4.5,2021-2040,14.433700000000016,28.453800000000008,105.88040000000001,1.9750999999999976,9.291400000000003,2.6276,11.211500000000001,28.6238875,97.87528750000004,1.9004499999999998,7.7922625000000005,2.6152875,11.205775,0.9430854753423764,-0.6223352167435812
121.4,23.3,189.4785,SSP2-4.5,2021-2040,22.609200000000016,30.314100000000003,136.6576,2.2291999999999987,8.4707,2.9792999999999994,12.398100000000001,28.83625,116.54881250000005,1.9965124999999997,7.818325000000001,2.6431,11.879325,0.9430854753423764,-0.5591394363737897
121.4,23.35,214.6207,SSP2-4.5,2021-2040,26.52860000000001,27.8769,173.35990000000015,1.9749000000000017,7.589700000000001,3.184499999999999,10.3519,29.3201125,111.59837499999998,2.0081374999999992,8.0706875,2.587925,12.249524999999998,0.9430854753423764,-0.4959436560039983
121.4,23.4,225.7963,SSP2-4.5,2021-2040,22.983599999999996,29.548900000000003,128.42049999999995,1.9333000000000027,8.377600000000001,2.9948000000000006,12.8308,28.969162500000003,101.09687500000001,2.084274999999999,8.186425,2.5027999999999997,12.0399,0.9430854753423764,-0.43274787563421135
121.4,23.45,214.7204,SSP2-4.5,2021-2040,25.695399999999978,29.435900000000004,99.17679999999996,2.312999999999999,8.691400000000002,2.208599999999999,13.2308,29.105725,89.44526249999993,2.1488749999999994,8.318975,2.4267125,12.4278875,0.9430854753423764,-0.3695520952644199
121.4,23.5,220.4992,SSP2-4.5,2021-2040,30.318600000000004,28.918300000000002,111.91449999999986,2.360000000000001,9.663800000000002,2.1328000000000005,12.488499999999998,28.7667,84.648225,2.2572374999999987,8.3775875,2.3661624999999997,12.416599999999999,0.9430854753423764,-0.3063563148946285
121.4,23.55,226.6173,SSP2-4.5,2021-2040,29.53710000000001,27.754500000000007,78.73340000000007,2.3115999999999985,9.215500000000002,2.089699999999999,12.657700000000002,28.553275,95.84307499999997,2.157525,7.670487500000001,2.2799625,12.2062625,0.9430854753423764,-0.24316053452483705
121.4,23.6,249.4343,SSP2-4.5,2021-2040,27.645100000000014,27.290899999999993,81.54539999999997,2.1214000000000013,7.175900000000002,1.7309999999999999,12.296200000000002,28.014125,120.61693750000006,2.049925,7.4515125,2.2325625,12.143999999999998,0.9430854753423764,-0.17996475415504562
121.4,23.65,262.2052,SSP2-4.5,2021-2040,16.777500000000032,29.05559999999999,165.1496000000002,1.878300000000003,6.949999999999999,2.312100000000001,12.3192,27.6128875,132.15667499999998,2.0443749999999996,6.703675,2.0950499999999996,11.9591375,0.9430854753423764,-0.11676897378525869
121.4,23.7,262.7116,SSP2-4.5,2021-2040,19.9298,28.117599999999996,175.51319999999987,2.062899999999999,7.363799999999998,1.799999999999999,11.774999999999999,27.746875000000003,153.18917500000006,1.9954,6.455825,2.1528124999999996,12.211775,0.9430854753423764,-0.053573193415467256
121.4,23.75,249.325,SSP2-4.5,2021-2040,20.42470000000003,27.132500000000007,145.04899999999998,2.0310000000000006,7.648299999999999,1.865499999999999,10.378799999999998,27.2839125,142.21973750000004,1.9206874999999992,6.4202625,2.2105625,12.0036,0.9430854753423764,0.009622586954324176
121.4,23.8,285.1217,SSP2-4.5,2021-2040,6.657800000000009,25.593199999999996,168.49440000000004,1.6387,6.3431,2.6602999999999994,10.3231,26.5395625,121.66441250000014,1.9810874999999997,7.0025875,2.098275,10.974499999999999,0.9430854753423764,0.0728183673241156
121.4,23.85,276.9052,SSP2-4.5,2021-2040,24.65070000000003,25.796599999999998,99.19530000000032,2.109400000000001,7.136199999999999,2.291400000000001,8.451899999999998,24.255349999999996,133.8181875000001,2.0291749999999995,6.458625,2.0911625000000003,9.29735,0.9430854753423764,0.13601414769390704
121.4,23.9,283.5294,SSP2-4.5,2021-2040,42.919100000000014,20.6199,197.9299000000001,2.304500000000001,4.505200000000002,2.1259000000000015,5.7635000000000005,23.253999999999998,129.4015250000001,2.1536124999999995,6.0642249999999995,1.8194000000000001,8.231,0.9430854753423764,0.19920992806369398
121.4,23.95,272.3215,SSP2-4.5,2021-2040,40.60899999999998,20.306700000000006,151.82619999999997,2.0736999999999988,5.225899999999999,1.2654999999999994,7.1288,22.6438625,138.18180000000007,2.0859499999999995,5.014675,1.5056125,7.9935125,0.9430854753423764,0.26240570843348543
121.4,24.0,285.9052,SSP2-4.5,2021-2040,24.84480000000002,23.3953,88.61940000000004,1.6614999999999984,5.4776000000000025,1.1206999999999994,9.6923,22.676300000000005,121.90026249999994,2.0457124999999987,4.6558375,1.0702625000000003,8.5944625,0.9430854753423764,0.32560148880327683
121.4,24.05,298.1246,SSP2-4.5,2021-2040,8.256000000000029,23.8831,77.60149999999976,2.0970999999999975,5.0914,0.48790000000000155,9.894200000000001,22.813337500000003,116.7075999999999,1.9708999999999999,4.117262500000001,0.7717749999999999,9.212487499999998,0.9430854753423764,0.3887972691730683
121.4,24.1,280.8568,SSP2-4.5,2021-2040,0.8895999999999731,23.3575,99.43039999999974,2.0044000000000004,4.2551999999999985,0.13790000000000013,9.7096,22.731125,99.96567499999986,1.9068874999999998,3.7526,0.62995,9.587724999999999,0.9430854753423764,0.4519930495428597
121.4,24.15,300.9809,SSP2-4.5,2021-2040,-14.449400000000026,22.906399999999998,42.625,1.5189999999999984,5.693099999999998,0.6102999999999987,9.228799999999998,22.6172125,70.2079124999998,1.576375000000001,3.6394500000000005,0.7053749999999999,9.51825,0.9430854753423764,0.5151888299126467
121.4,24.2,324.1519,SSP2-4.5,2021-2040,-25.263599999999997,22.8726,-37.15960000000041,0.8611000000000004,5.300000000000001,1.3861999999999988,8.669200000000002,22.6561875,20.170537499999938,1.144475,3.813799999999999,0.82585,9.482687499999999,0.9430854753423764,0.578384610282438
121.4,24.25,276.7358,SSP2-4.5,2021-2040,-11.453800000000001,22.074200000000005,-37.34219999999982,0.8028000000000013,3.318999999999999,0.9499999999999993,8.7654,22.04625,-25.78406250000009,0.7986,3.9665875000000006,0.9980625000000001,8.725249999999999,0.9430854753423764,0.6415803906522295
121.4,24.3,230.4741,SSP2-4.5,2021-2040,-3.059200000000004,19.9225,-41.690799999999854,0.7103000000000002,3.1552000000000042,0.5914000000000001,8.140400000000001,21.2561625,-35.015837499999975,0.6912999999999996,3.2993499999999996,0.9534499999999999,8.116837499999999,0.9430854753423764,0.704776171022021
121.4,24.35,225.9675,SSP2-4.5,2021-2040,-2.3704999999999927,21.443199999999997,3.0772000000001754,0.8425999999999974,3.3259000000000007,0.7844999999999995,7.694199999999999,20.77485,-45.35881250000003,0.6572500000000008,3.2260625000000007,0.9155,7.6911249999999995,0.9430854753423764,0.7679719513918124
121.4,24.4,220.9495,SSP2-4.5,2021-2040,0.684899999999999,22.692299999999996,-49.272300000000314,0.6182000000000016,3.4017000000000017,0.5533999999999999,8.2654,21.085012499999998,-34.028250000000014,0.7361624999999998,3.6683125,1.0596999999999999,8.151675000000001,0.9430854753423764,0.8311677317615993
121.4,24.45,228.7963,SSP2-4.5,2021-2040,1.4721999999999866,24.860200000000006,-75.86420000000021,0.8841999999999999,6.162100000000002,1.0259,12.374999999999998,22.255025,-18.950800000000044,0.8714375000000003,3.5501875000000003,1.1254125000000001,8.673087500000001,0.9430854753423764,0.8943635121313908
121.4,24.5,258.4791,SSP2-4.5,2021-2040,14.721799999999973,24.187199999999997,12.026899999999841,1.124600000000001,2.7810000000000024,1.2810000000000006,10.5154,22.795550000000002,9.318449999999928,1.0553374999999998,3.9560249999999995,1.4118625000000002,9.889175,0.9430854753423764,0.9575592925011822
121.4,24.55,271.0039,SSP2-4.5,2021-2040,12.657600000000002,19.935900000000004,36.57789999999977,1.2582999999999984,2.748299999999997,1.3965999999999994,7.5672999999999995,22.3717,45.96706249999991,1.2565500000000003,2.9208874999999996,1.8407125000000004,10.2149125,0.9430854753423764,1.0207550728709736
121.4,24.6,252.2096,SSP2-4.5,2021-2040,19.6695,19.5246,62.542199999999866,1.4626999999999981,1.0447999999999986,2.134500000000001,9.2615,21.9089375,66.22421249999985,1.3372500000000005,3.473274999999999,2.1461125,10.808175,0.9430854753423764,1.0839508532407651
121.4,24.65,243.4296,SSP2-4.5,2021-2040,24.388599999999997,23.765,65.99629999999979,1.2841000000000022,1.8999999999999986,2.5172000000000008,13.365400000000001,21.3121375,62.17751249999992,1.38265,3.9165874999999994,2.1844624999999995,11.384374999999999,0.9430854753423764,1.147146633610552
121.4,24.7,262.8641,SSP2-4.5,2021-2040,20.826999999999998,23.984,34.26250000000027,1.2546,4.662099999999999,2.103399999999999,14.1923,22.738562499999997,57.7292124999999,1.3118125000000003,5.0243375,2.0523625,13.18655,0.9430854753423764,1.2103424139803434
121.4,24.75,272.7705,SSP2-4.5,2021-2040,13.960099999999954,23.7305,49.893299999999726,1.2815000000000012,6.4224,1.6740999999999993,13.9558,23.726499999999998,37.66477500000008,1.173950000000001,5.2342625,1.8027874999999998,14.6238,0.9430854753423764,1.273538194350135
121.4,24.8,272.6348,SSP2-4.5,2021-2040,5.6053,25.513599999999997,26.6541000000002,1.0161000000000016,5.2483,1.0809999999999995,16.5538,24.397012499999995,10.893837500000075,1.034287500000001,5.5329625,1.5448374999999996,15.323562500000001,0.9430854753423764,1.3367339747199263
121.4,24.85,248.1649,SSP2-4.5,2021-2040,1.9438000000000102,24.817099999999996,-45.73729999999978,0.8196000000000012,5.9862,0.9689999999999994,15.8481,24.899224999999998,-13.756637499999925,0.8630500000000008,5.427150000000001,1.1827499999999997,16.0709,0.9430854753423764,1.3999297550897176
121.4,24.9,199.7681,SSP2-4.5,2021-2040,11.829800000000006,26.02029999999999,-42.248999999999796,0.6830999999999996,5.8724000000000025,1.2103000000000002,16.253800000000002,24.642049999999998,-46.719112499999966,0.8297500000000002,6.0579625,0.9275874999999996,16.35505,0.9430854753423764,1.4631255354595045
121.4,24.95,168.4861,SSP2-4.5,2021-2040,1.4449000000000183,24.877200000000002,-56.4529,0.953400000000002,7.7776,1.3224,17.4538,24.7070875,-48.39559999999997,0.8521874999999994,6.2993375,0.7562375000000001,16.4629875,0.9430854753423764,1.526321315829296
121.4,25.0,155.8292,SSP2-4.5,2021-2040,0.3324000000000069,25.6425,-1.6141000000000076,1.2339999999999982,5.1724,0.7309999999999999,17.0788,24.650712499999997,-44.483762499999955,0.9773874999999999,7.2909375,0.6120750000000001,16.97235,0.9430854753423764,1.5895170961990874
121.4,25.05,152.3147,SSP2-4.5,2021-2040,3.00030000000001,25.720099999999995,-17.162000000000035,1.303799999999999,8.953400000000002,0.15520000000000067,17.8827,25.2577,-24.658424999999966,1.0378749999999997,6.8821125,0.44699999999999995,17.302149999999997,0.9430854753423764,1.652712876568879
121.4,25.1,155.8915,SSP2-4.5,2021-2040,1.1015999999999906,26.446600000000004,-28.393800000000056,1.0063999999999993,7.6707,0.06899999999999906,18.217299999999998,25.798187499999997,-4.8712375000000065,1.0625749999999998,6.9915875,0.20733749999999984,17.749975,0.9430854753423764,1.7159086569386703
121.4,25.15,151.4827,SSP2-4.5,2021-2040,2.6947000000000116,26.7297,-6.625099999999975,0.9816000000000003,7.958599999999997,0.06380000000000052,18.636499999999998,25.8637625,-10.50766250000001,0.8834749999999998,6.154750000000001,0.08147499999999985,18.067774999999997,0.9430854753423764,1.7791044373084572
121.4,25.2,142.1568,SSP2-4.5,2021-2040,3.070300000000003,25.6261,-33.58870000000002,0.7298000000000009,4.032800000000002,-0.46030000000000015,18.4788,26.0631625,-36.14883750000001,0.7376374999999995,6.3109875,-0.17176250000000004,18.243975,0.9430854753423764,1.8423002176782488
121.45,23.3,182.6812,SSP2-4.5,2021-2040,28.020200000000017,28.47050000000001,112.84760000000006,1.8770999999999987,7.8759000000000015,2.5293,10.890400000000001,28.981987500000002,114.336825,2.01315,8.255175000000001,2.7790999999999997,11.816825000000001,1.0487793154235978,-0.5591394363737897
121.45,23.35,188.4775,SSP2-4.5,2021-2040,30.259900000000016,29.139999999999993,110.88550000000009,1.9074999999999989,7.587900000000001,2.5482999999999993,11.3173,28.892537500000003,109.95351250000002,2.0349749999999998,8.159487500000001,2.7730625,11.8817375,1.0487793154235978,-0.4959436560039983
121.45,23.4,205.0619,SSP2-4.5,2021-2040,31.069500000000005,29.460900000000002,108.66629999999986,1.8515999999999977,7.612100000000002,2.6982999999999997,12.828800000000001,28.6848625,93.66380000000004,2.039625,8.211425000000002,2.6629249999999995,11.7017,1.0487793154235978,-0.43274787563421135
121.45,23.45,199.9067,SSP2-4.5,2021-2040,32.00880000000001,27.929699999999997,83.50729999999999,2.273799999999998,8.6948,2.5534,11.505799999999999,29.050787500000002,75.21342499999994,2.120425,8.249137500000002,2.5286625,12.505062500000001,1.0487793154235978,-0.3695520952644199
121.45,23.5,207.711,SSP2-4.5,2021-2040,26.4812,28.8821,88.75959999999986,2.4489,6.056900000000002,2.3034,12.723099999999999,28.675362500000002,61.95960000000002,2.183874999999999,8.874775,2.4351374999999997,12.3440125,1.0487793154235978,-0.3063563148946285
121.45,23.55,219.2241,SSP2-4.5,2021-2040,25.886200000000002,28.257099999999994,64.52300000000014,2.2760999999999996,9.110299999999999,2.3051999999999992,11.980799999999999,28.186500000000002,62.04578749999996,2.0971249999999997,7.884925000000001,2.45195,12.3601125,1.0487793154235978,-0.24316053452483705
121.45,23.6,240.6733,SSP2-4.5,2021-2040,20.219199999999972,26.768300000000004,41.02370000000019,2.0642999999999994,7.619,2.634500000000001,11.451899999999998,28.096162500000002,89.81993750000007,2.0240250000000004,7.713150000000001,2.2810499999999996,12.286800000000001,1.0487793154235978,-0.17996475415504562
121.45,23.65,240.973,SSP2-4.5,2021-2040,18.92519999999996,27.956900000000005,127.45980000000009,2.3107000000000006,7.7517,1.575899999999999,12.338499999999998,27.7663125,117.24051250000002,2.0099625000000003,6.9756625,2.198275,11.935337500000001,1.0487793154235978,-0.11676897378525869
121.45,23.7,232.4353,SSP2-4.5,2021-2040,22.963499999999982,28.548500000000004,171.30449999999996,2.4503999999999984,6.322399999999998,1.9620999999999995,12.244200000000001,28.060425,125.2505125000001,1.9525250000000007,7.5448375,1.8416000000000001,12.0375,1.0487793154235978,-0.053573193415467256
121.45,23.75,240.1365,SSP2-4.5,2021-2040,14.984399999999994,28.9069,108.70640000000026,1.746500000000001,8.7776,1.7414000000000005,13.8346,28.1056625,104.02877500000005,1.8506749999999996,7.064874999999999,1.922625,12.1444625,1.0487793154235978,0.009622586954324176
121.45,23.8,259.8564,SSP2-4.5,2021-2040,6.71690000000001,28.797999999999995,43.419000000000324,1.4493999999999971,7.529299999999999,1.8345000000000002,13.792300000000001,28.123224999999998,77.9648375000001,1.7784875,7.31595,1.9734875000000003,11.830275,1.0487793154235978,0.0728183673241156
121.45,23.85,273.9441,SSP2-4.5,2021-2040,12.529300000000035,26.504499999999993,86.79809999999998,1.972299999999997,8.0655,2.2241,8.584599999999998,26.7442875,77.51276250000012,1.8194,6.4377125,1.9534500000000001,10.8240375,1.0487793154235978,0.13601414769390704
121.45,23.9,282.4909,SSP2-4.5,2021-2040,31.661999999999978,21.694499999999998,138.6572000000001,2.1355000000000004,5.3568999999999996,1.7396999999999991,5.249999999999998,25.8006375,73.93931250000003,1.9907999999999995,6.6633625,1.7760750000000003,9.74615,1.0487793154235978,0.19920992806369398
121.45,23.95,282.5981,SSP2-4.5,2021-2040,32.49170000000004,24.031600000000005,96.94290000000001,2.1304999999999996,6.0914,1.6207000000000011,8.0077,24.2202375,75.98003750000004,1.9765375,6.1916,1.4857749999999998,8.706724999999999,1.0487793154235978,0.26240570843348543
121.45,24.0,299.6006,SSP2-4.5,2021-2040,23.821500000000015,26.0912,88.06010000000015,2.0283999999999995,6.596599999999999,1.0655000000000001,9.3365,23.5989625,59.55721249999999,1.9673124999999994,6.0321125,1.2114250000000004,9.184125000000002,1.0487793154235978,0.32560148880327683
121.45,24.05,329.8432,SSP2-4.5,2021-2040,2.538499999999999,22.382199999999997,76.35449999999992,2.0249999999999986,5.7759,0.7483000000000004,9.542300000000001,23.696062500000004,62.60007499999995,1.9385750000000002,5.224350000000001,0.8775875000000002,9.338925,1.0487793154235978,0.3887972691730683
121.45,24.1,358.1538,SSP2-4.5,2021-2040,-12.33789999999999,22.813000000000002,76.61979999999994,1.9590000000000032,4.265500000000003,0.8275999999999986,8.803799999999999,23.3225625,59.34742499999993,1.8398624999999993,4.4885874999999995,0.7140000000000003,9.797825,1.0487793154235978,0.4519930495428597
121.45,24.15,381.7394,SSP2-4.5,2021-2040,-20.902199999999993,23.753700000000002,51.678499999999985,1.5820000000000007,3.3689999999999998,0.6671999999999993,10.075,23.621675000000003,41.093299999999886,1.51715,4.1881375,0.9247749999999998,9.568,1.0487793154235978,0.5151888299126467
121.45,24.2,365.9708,SSP2-4.5,2021-2040,-24.265199999999993,23.408200000000008,30.66989999999987,1.1844000000000001,5.767199999999999,1.2034000000000002,9.444199999999999,23.3517125,-8.633899999999983,1.1366374999999995,3.7984999999999998,1.0773624999999996,9.606475,1.0487793154235978,0.578384610282438
121.45,24.25,299.3308,SSP2-4.5,2021-2040,-17.63929999999999,23.0968,-68.2808,0.8136999999999972,3.8810000000000002,1.2138000000000009,9.0885,22.526325,-54.663512499999996,0.8316125000000008,4.324137500000001,1.0793125,8.9725875,1.0487793154235978,0.6415803906522295
121.45,24.3,235.0949,SSP2-4.5,2021-2040,-6.2021000000000015,22.1265,-123.47509999999988,0.5286000000000008,4.781000000000002,0.8707000000000011,7.7730999999999995,20.8964875,-58.17366249999992,0.7729249999999999,3.522850000000001,0.9314749999999996,8.35985,1.0487793154235978,0.704776171022021
121.45,24.35,234.2998,SSP2-4.5,2021-2040,0.8475999999999999,15.475999999999999,-15.945799999999963,0.8345999999999982,1.6172000000000004,0.8844999999999992,6.8942,21.31895,-46.52718749999997,0.772812500000001,3.2859875000000014,0.8846874999999998,8.0062625,1.0487793154235978,0.7679719513918124
121.45,24.4,252.4848,SSP2-4.5,2021-2040,0.992999999999995,19.731,36.28949999999986,1.0955000000000013,1.6068999999999996,1.1172000000000004,7.7712,20.9529,-15.52928750000001,0.9233500000000001,2.975425000000001,1.0370749999999997,8.4370125,1.0487793154235978,0.8311677317615993
121.45,24.45,279.4547,SSP2-4.5,2021-2040,0.23340000000001737,20.5064,8.715099999999893,1.2167999999999992,3.8309999999999995,1.1897000000000002,7.803800000000001,22.3623625,0.9152124999999955,1.065100000000001,3.0351250000000016,1.2823125000000002,9.653625,1.0487793154235978,0.8943635121313908
121.45,24.5,305.3852,SSP2-4.5,2021-2040,7.344800000000021,25.400600000000004,19.006600000000162,1.1753,4.837900000000001,1.2362000000000002,12.507699999999998,22.7319875,26.504112499999934,1.2360125000000002,3.8825500000000006,1.6366500000000002,10.7113,1.0487793154235978,0.9575592925011822
121.45,24.55,288.5667,SSP2-4.5,2021-2040,19.239499999999964,26.434399999999997,77.4726999999998,1.2586000000000013,5.089700000000001,2.200000000000001,14.726899999999999,22.8139375,58.38073750000001,1.3931624999999999,3.9185250000000003,1.7926624999999998,11.2375125,1.0487793154235978,1.0207550728709736
121.45,24.6,263.3209,SSP2-4.5,2021-2040,21.79759999999999,21.605799999999995,92.32369999999992,1.6003000000000007,4.8138000000000005,2.260299999999999,10.5385,22.985625,89.99173749999994,1.4074375,4.246549999999999,1.9484875000000001,12.3966375,1.0487793154235978,1.0839508532407651
121.45,24.65,265.1685,SSP2-4.5,2021-2040,37.659100000000024,19.654700000000005,118.77149999999983,1.4654999999999987,5.381,2.0793,11.336500000000001,22.28905,83.20791250000002,1.3862625,4.444825,1.7965250000000001,12.097850000000001,1.0487793154235978,1.147146633610552
121.45,24.7,259.908,SSP2-4.5,2021-2040,29.852499999999964,18.7447,90.02779999999984,1.2746999999999993,5.1845,1.9947999999999997,10.3923,22.989400000000003,75.86237500000004,1.2700125000000004,4.9743375,1.6926500000000002,13.0682875,1.0487793154235978,1.2103424139803434
121.45,24.75,277.3872,SSP2-4.5,2021-2040,13.810799999999972,22.664499999999997,88.00710000000026,1.2802000000000007,4.417200000000001,2.0845000000000002,12.546200000000002,23.4326375,55.97535000000005,1.1811000000000007,5.16725,1.4262624999999998,13.958175,1.0487793154235978,1.273538194350135
121.45,24.8,281.618,SSP2-4.5,2021-2040,7.814000000000021,23.8883,62.569800000000214,1.2394000000000034,4.469000000000001,1.4292999999999996,15.330800000000002,24.3823375,20.962475000000097,1.0536000000000008,5.114225,1.2816749999999997,14.980525,1.0487793154235978,1.3367339747199263
121.45,24.85,269.4379,SSP2-4.5,2021-2040,4.089799999999968,24.0109,-17.809799999999996,0.9272999999999989,4.506900000000002,1.1465999999999994,15.7269,24.4947625,-20.984474999999918,0.8825875000000005,5.1586375,0.9911499999999998,15.362725000000001,1.0487793154235978,1.3999297550897176
121.45,24.9,229.719,SSP2-4.5,2021-2040,1.0464000000000055,23.681200000000004,-71.81940000000031,0.661999999999999,5.022400000000001,0.7293000000000003,14.9808,24.182275,-66.10553749999988,0.7819250000000002,5.9368625,0.9062499999999998,15.641575,1.0487793154235978,1.4631255354595045
121.45,24.95,184.5371,SSP2-4.5,2021-2040,-5.957099999999997,23.516599999999997,-100.4735999999998,0.8079999999999998,6.949999999999999,1.0085999999999995,15.6731,23.813837499999998,-77.95061249999995,0.7389124999999996,6.2840625,0.9099125000000001,15.7713875,1.0487793154235978,1.526321315829296
121.45,25.0,167.6302,SSP2-4.5,2021-2040,-6.757000000000005,23.125999999999998,-105.33119999999985,0.753499999999999,7.812099999999997,1.062100000000001,16.3,23.81725,-58.7995499999999,0.9022249999999996,6.8444,0.8344875,16.4759625,1.0487793154235978,1.5895170961990874
121.45,25.05,152.8315,SSP2-4.5,2021-2040,-2.323200000000014,23.963500000000003,-9.902699999999868,1.130399999999998,5.841399999999997,0.6897000000000002,17.6788,24.1452625,-46.14788749999994,0.8929749999999994,7.200225,0.6295374999999999,17.1459125,1.0487793154235978,1.652712876568879
121.45,25.1,152.66,SSP2-4.5,2021-2040,2.920099999999991,24.430100000000003,-34.793499999999995,0.9774999999999991,6.1068999999999996,0.24829999999999863,18.4346,25.092012500000003,-13.270987499999961,0.9055499999999994,7.0306,0.3564750000000001,17.8749875,1.0487793154235978,1.7159086569386703
121.45,25.15,161.2244,SSP2-4.5,2021-2040,1.973700000000008,25.475700000000003,-4.218200000000024,0.7868999999999993,5.667200000000001,-0.13970000000000127,17.701900000000002,25.576612500000003,-38.458624999999984,0.7321249999999999,6.3743625,-0.10838750000000008,18.39085,1.0487793154235978,1.7791044373084572
121.45,25.2,155.7339,SSP2-4.5,2021-2040,1.6173000000000002,24.629900000000006,-48.37699999999995,0.6481999999999992,6.348300000000002,-0.11899999999999977,17.580800000000004,25.7502,-81.33419999999998,0.49416249999999984,5.5540875,-0.627575,18.085325,1.0487793154235978,1.8423002176782488
121.45,25.25,147.3289,SSP2-4.5,2021-2040,1.828800000000001,25.3286,-88.34490000000005,0.5091999999999999,5.272400000000001,-0.5448000000000004,18.017300000000002,25.360375,-140.20992500000006,0.22894999999999976,5.072850000000001,-1.0081875000000002,17.66995,1.0487793154235978,1.9054959980480402
121.5,22.05,131.3531,SSP2-4.5,2021-2040,3.4927999999999884,37.0995,-2.922399999999925,0.5036999999999985,7.610299999999999,2.8293,14.530800000000001,36.8802125,-53.13296250000005,0.8834375000000003,11.612924999999999,3.2159625,15.359375,1.154473155504819,-2.139033945618553
121.5,22.65,147.1573,SSP2-4.5,2021-2040,18.99720000000002,36.21660000000001,-9.45880000000011,1.9161000000000001,7.629299999999997,2.3224,14.501900000000001,32.4230125,31.811612499999967,1.6473499999999999,8.932100000000002,2.01465,15.109599999999999,1.154473155504819,-1.3806845811810693
121.5,23.4,176.4399,SSP2-4.5,2021-2040,39.804,28.240000000000002,26.41560000000004,1.9960000000000022,8.581,2.7259,11.323100000000002,28.9140625,92.7963,2.0393374999999994,8.195475,2.6691749999999996,12.0851,1.154473155504819,-0.43274787563421135
121.5,23.45,180.9229,SSP2-4.5,2021-2040,39.56280000000001,28.837000000000003,14.697200000000066,2.0413999999999994,8.293099999999999,2.5586,12.1635,28.892162499999998,70.19558749999996,2.1422999999999996,8.328662500000002,2.5319,12.353137499999999,1.154473155504819,-0.3695520952644199
121.5,23.5,187.6755,SSP2-4.5,2021-2040,36.27459999999999,29.083199999999998,23.65689999999995,2.019199999999998,8.717200000000002,2.6068999999999996,12.4519,28.6984375,57.1850125,2.1456749999999998,8.364425,2.4816874999999996,12.1803125,1.154473155504819,-0.3063563148946285
121.5,23.55,203.4472,SSP2-4.5,2021-2040,28.891899999999993,29.187199999999997,19.46770000000015,1.8758999999999997,8.612099999999998,3.0259,12.273100000000001,28.505537500000003,56.99521249999998,2.0339874999999994,7.670462500000001,2.4877249999999997,12.4824625,1.154473155504819,-0.24316053452483705
121.5,23.6,219.3545,SSP2-4.5,2021-2040,21.107,27.60750000000001,51.26509999999962,1.5756999999999994,6.019000000000002,3.0914,12.5385,28.606,70.11228750000012,1.9270749999999999,7.4767125,2.4444125,12.2589125,1.154473155504819,-0.17996475415504562
121.5,23.65,212.1956,SSP2-4.5,2021-2040,26.037499999999994,27.659600000000005,130.4155000000003,1.8425000000000011,6.870700000000003,2.1172000000000004,11.890400000000001,28.253612500000003,87.70496250000002,1.8752249999999995,6.71035,2.475225,11.987275,1.154473155504819,-0.11676897378525869
121.5,23.7,215.9641,SSP2-4.5,2021-2040,24.42070000000001,27.082499999999996,121.70710000000008,2.084199999999999,7.484500000000001,1.9379000000000008,10.967300000000002,28.598400000000005,89.3013375000001,1.7887625000000005,6.98255,2.0903125000000005,12.5105875,1.154473155504819,-0.053573193415467256
121.5,23.75,228.4385,SSP2-4.5,2021-2040,12.167000000000002,28.571800000000003,28.00350000000003,1.6641000000000012,7.5121,1.3828000000000014,12.796200000000002,28.8284125,58.92762500000012,1.6747499999999997,7.1614249999999995,2.0008625,12.913450000000001,1.154473155504819,0.009622586954324176
121.5,23.8,243.236,SSP2-4.5,2021-2040,-0.2255999999999858,31.001200000000004,-21.260499999999865,1.4247000000000014,6.3155,1.9379000000000008,14.8788,29.004275,26.61727500000012,1.6215499999999994,7.5334,1.7478500000000003,13.165862500000001,1.154473155504819,0.0728183673241156
121.5,23.85,239.7198,SSP2-4.5,2021-2040,4.407800000000009,31.479099999999995,8.732500000000073,1.6411999999999978,6.729300000000002,1.6844999999999999,15.3942,28.369025,18.524750000000097,1.6938499999999999,7.2844625,1.7314625,12.29375,1.154473155504819,0.13601414769390704
121.5,23.9,261.2974,SSP2-4.5,2021-2040,0.26660000000003947,28.971799999999995,-15.065700000000106,1.8518000000000008,7.586200000000002,1.3533999999999988,12.7385,28.234849999999998,29.527075000000025,1.8574249999999994,7.3624875,1.6821125000000001,11.872349999999999,1.154473155504819,0.19920992806369398
121.5,23.95,290.0911,SSP2-4.5,2021-2040,-0.8909999999999627,28.694899999999997,-34.8447000000001,1.843,7.967199999999998,1.6431000000000004,11.9,27.337124999999997,33.01100000000005,1.9008000000000003,7.1633625,1.500425,10.982199999999999,1.154473155504819,0.26240570843348543
121.5,24.0,294.3171,SSP2-4.5,2021-2040,9.429500000000019,23.9876,-7.342099999999846,1.9139000000000017,6.8172,1.5724,7.844200000000001,26.047725,26.96380000000002,1.9129374999999995,6.965087500000001,1.3928875000000003,10.557437499999999,1.154473155504819,0.32560148880327683
121.5,24.05,317.0389,SSP2-4.5,2021-2040,-2.518599999999992,22.110299999999995,27.300000000000182,1.9938000000000002,5.810300000000002,1.232800000000001,9.4635,24.8369125,33.19162499999999,1.8605125000000002,5.859912500000001,1.1717624999999998,9.70935,1.154473155504819,0.3887972691730683
121.5,24.1,372.9615,SSP2-4.5,2021-2040,-17.664199999999994,23.93050000000001,50.511499999999614,1.8505000000000003,3.4810000000000016,0.5759000000000007,9.9673,23.749225,36.62341250000003,1.7639874999999998,4.835787500000001,1.1450375,9.82355,1.154473155504819,0.4519930495428597
121.5,24.15,449.7831,SSP2-4.5,2021-2040,-34.434799999999996,24.256800000000005,49.27800000000025,1.6470999999999982,2.4328000000000003,1.2517000000000005,10.5019,24.165087500000006,29.874287499999923,1.5042250000000004,4.173275,1.0816750000000002,10.1786,1.154473155504819,0.5151888299126467
121.5,24.2,430.1145,SSP2-4.5,2021-2040,-39.45070000000004,25.428400000000003,16.771400000000085,1.111699999999999,2.310299999999998,1.4052000000000007,10.2192,23.1407375,-4.129337499999991,1.2284249999999997,4.252174999999999,1.22995,9.907924999999999,1.154473155504819,0.578384610282438
121.5,24.25,318.813,SSP2-4.5,2021-2040,-27.137599999999964,22.424799999999998,-86.64149999999995,0.7557000000000009,4.082800000000002,1.1344999999999992,10.303799999999999,22.365025000000003,-39.761687499999994,0.9881625,4.526925,1.3008625000000005,8.9317375,1.154473155504819,0.6415803906522295
121.5,24.3,252.8969,SSP2-4.5,2021-2040,-8.38839999999999,21.953399999999995,-158.4402,0.6983000000000033,5.877600000000001,1.0930999999999997,8.465400000000002,20.807375,-40.793512499999935,0.8748249999999995,3.4351125000000002,1.2222,8.3201875,1.154473155504819,0.704776171022021
121.5,24.35,255.5467,SSP2-4.5,2021-2040,5.811900000000037,20.781,-60.12519999999995,0.7254000000000005,2.9240999999999993,0.7999999999999989,7.5268999999999995,21.0131,-14.01567499999993,0.927737500000001,2.651700000000001,1.3305875,8.4452125,1.154473155504819,0.7679719513918124
121.5,24.4,300.0776,SSP2-4.5,2021-2040,6.085499999999968,21.901699999999998,21.419400000000223,0.9636000000000031,1.2155000000000022,1.267199999999999,8.413499999999999,20.4713625,33.23833750000006,1.0713625000000002,1.9670124999999996,1.43815,8.4149,1.154473155504819,0.8311677317615993
121.5,24.45,350.4436,SSP2-4.5,2021-2040,7.329499999999996,19.962400000000002,43.76150000000007,1.301400000000001,1.3259000000000007,1.7914000000000012,8.5231,21.545012500000002,50.5541750000001,1.1813125000000007,2.5711125000000004,1.6351250000000002,9.118275,1.154473155504819,0.8943635121313908
121.5,24.5,385.5678,SSP2-4.5,2021-2040,11.378900000000044,20.1635,-0.04569999999966967,1.3580000000000005,2.950000000000003,1.9862000000000002,8.8577,22.7585375,75.65128750000002,1.2993750000000004,3.8782375,1.7547500000000003,10.895187499999999,1.154473155504819,0.9575592925011822
121.5,24.55,323.3038,SSP2-4.5,2021-2040,15.828499999999963,25.8059,109.38869999999997,1.4862000000000002,6.1724,2.2223999999999986,15.3212,23.6007125,85.26886250000007,1.4213625000000003,4.7903,1.862925,11.9079375,1.154473155504819,1.0207550728709736
121.5,24.6,281.8765,SSP2-4.5,2021-2040,27.495599999999968,25.888000000000005,135.2256000000002,1.6799,6.0,1.8240999999999996,15.3308,24.0835625,103.15785,1.4091375,5.6114125,1.7601249999999997,13.067074999999999,1.154473155504819,1.0839508532407651
121.5,24.65,268.169,SSP2-4.5,2021-2040,39.03890000000001,22.8765,113.95900000000029,1.3642000000000003,5.636200000000002,1.2138000000000009,12.2635,23.048675,84.28637499999996,1.3644874999999992,5.798475,1.3648499999999997,12.5891875,1.154473155504819,1.147146633610552
121.5,24.7,256.3934,SSP2-4.5,2021-2040,36.282399999999996,21.9238,71.32619999999997,1.169599999999999,6.317199999999998,0.3241000000000014,11.4385,22.9876625,62.54751250000004,1.2274374999999997,5.46335,1.0562375,13.0822125,1.154473155504819,1.2103424139803434
121.5,24.75,276.5896,SSP2-4.5,2021-2040,24.825999999999965,25.31620000000001,64.6831000000002,1.0604000000000013,5.058600000000002,1.5448000000000004,15.4481,22.9911125,37.592587500000036,1.1746499999999997,5.2657375,0.570675,13.454799999999999,1.154473155504819,1.273538194350135
121.5,24.8,293.3549,SSP2-4.5,2021-2040,19.29419999999999,24.36,48.38599999999997,1.1524999999999999,3.9758999999999993,1.2585999999999995,14.353799999999998,23.977575,2.9033750000001532,1.0013125,5.034924999999999,0.6028,14.814900000000002,1.154473155504819,1.3367339747199263
121.5,24.85,271.892,SSP2-4.5,2021-2040,9.240000000000009,24.645900000000005,-46.3766999999998,0.8912000000000013,5.298299999999998,0.4947999999999997,15.4115,23.421212500000003,-42.806599999999946,0.7590874999999997,4.846575,0.6706874999999999,14.6031125,1.154473155504819,1.3999297550897176
121.5,24.9,229.5603,SSP2-4.5,2021-2040,-0.4842000000000155,23.0317,-99.30330000000004,0.5967999999999982,5.396599999999999,0.7568999999999999,14.169200000000002,23.051524999999998,-97.88934999999992,0.5422625000000001,5.4375125,0.5719749999999999,14.778125,1.154473155504819,1.4631255354595045
121.5,24.95,183.2088,SSP2-4.5,2021-2040,-3.6466000000000065,22.5385,-120.44169999999986,0.5760000000000005,5.706900000000001,0.34140000000000015,14.5962,22.3901375,-121.72701249999997,0.47618749999999954,6.456049999999999,0.7245625000000002,15.022112499999999,1.154473155504819,1.526321315829296
121.5,25.0,174.3547,SSP2-4.5,2021-2040,-6.606200000000001,21.5933,-126.39329999999973,0.45250000000000057,7.5121,1.1258999999999997,15.3385,22.6556875,-96.6119124999999,0.6302499999999989,6.8181125,0.6553875000000002,15.981975,1.154473155504819,1.5895170961990874
121.5,25.05,175.4995,SSP2-4.5,2021-2040,-4.926500000000004,22.686299999999996,-37.95609999999988,0.7596999999999987,6.8414,1.3017000000000003,16.1058,23.0283625,-65.59388749999994,0.7043124999999995,6.9351375,0.6566999999999998,17.0288375,1.154473155504819,1.652712876568879
121.5,25.1,162.8556,SSP2-4.5,2021-2040,4.258600000000001,23.517200000000003,-17.539099999999962,0.6564000000000014,7.532799999999998,0.34309999999999974,17.809599999999996,24.175937500000003,-16.281699999999944,0.8095624999999993,6.0239125,0.36724999999999985,17.59495,1.154473155504819,1.7159086569386703
121.5,25.15,204.7554,SSP2-4.5,2021-2040,-2.7516999999999996,26.197000000000003,15.629100000000108,0.6191999999999993,5.779299999999999,0.36900000000000155,18.9673,24.6884625,-56.09383749999998,0.613775,5.7581875,-0.3980625000000002,17.7490375,1.154473155504819,1.7791044373084572
121.5,25.2,226.1129,SSP2-4.5,2021-2040,-8.073499999999996,27.036299999999997,-153.98090000000002,0.23789999999999978,5.5655,-1.3810000000000002,19.0019,25.1071125,-103.76853750000001,0.35304999999999964,5.452362500000001,-0.7668124999999999,17.543525000000002,1.154473155504819,1.8423002176782488
121.5,25.25,168.2755,SSP2-4.5,2021-2040,-0.14990000000000236,25.454000000000008,-175.1260000000002,0.09120000000000061,5.7379,-1.0569000000000006,17.7058,25.2874875,-195.355325,-0.09168750000000081,4.979962500000001,-1.2719875,17.4942375,1.154473155504819,1.9054959980480402
121.5,25.3,156.1099,SSP2-4.5,2021-2040,1.4145999999999788,25.576900000000002,-146.21510000000035,0.16499999999999915,3.3414,-1.0861999999999998,17.686500000000002,25.261812499999998,-221.5607,-0.25372500000000064,5.101725,-1.3773750000000002,17.4694875,1.154473155504819,1.9686917784178315
121.55,22.05,157.5298,SSP2-4.5,2021-2040,4.073800000000006,38.3254,21.293899999999667,0.20319999999999894,5.558599999999998,3.865499999999999,14.940400000000002,36.726974999999996,-56.16,0.9210000000000003,11.8693875,3.0864374999999997,15.308175000000002,1.2601669955860404,-2.139033945618553
121.55,23.55,183.7436,SSP2-4.5,2021-2040,29.799500000000023,29.336100000000002,48.195199999999886,1.8933,7.903400000000001,2.2482999999999995,12.984599999999999,28.683525000000003,52.31367500000002,1.9267374999999993,7.260125,2.70195,12.3214125,1.2601669955860404,-0.24316053452483705
121.55,23.6,193.2841,SSP2-4.5,2021-2040,28.4666,30.355500000000006,59.804800000000114,1.6827999999999985,6.7224,2.6224,13.0712,28.278162500000004,68.36271250000004,1.7995125,7.0674625,2.58385,12.09545,1.2601669955860404,-0.17996475415504562
121.55,23.65,201.9305,SSP2-4.5,2021-2040,22.35930000000002,29.3273,70.00860000000011,1.471,5.2241,3.0259,12.080799999999998,28.476787500000004,77.16998750000002,1.7767625,7.019187500000001,2.3137875,12.3363125,1.2601669955860404,-0.11676897378525869
121.55,23.7,203.7558,SSP2-4.5,2021-2040,20.823700000000002,28.382400000000004,59.066100000000006,1.3627000000000002,6.5397,2.9517000000000007,11.2058,28.681625000000004,71.2153000000001,1.7593874999999999,6.8073250000000005,2.0862125000000002,12.4293375,1.2601669955860404,-0.053573193415467256
121.55,23.75,207.1175,SSP2-4.5,2021-2040,16.57159999999999,29.433800000000005,19.446300000000065,1.462200000000001,6.862100000000002,1.9655000000000005,13.694200000000002,28.951525000000004,35.50795000000011,1.5987375000000004,7.0806000000000004,2.0159500000000006,12.8742875,1.2601669955860404,0.009622586954324176
121.55,23.8,221.5869,SSP2-4.5,2021-2040,9.742899999999992,28.474000000000004,-30.967899999999872,1.4178999999999995,7.4603,1.6759000000000004,12.6904,30.0708125,4.584725000000105,1.5524625000000005,7.375,1.7058250000000004,14.475950000000001,1.2601669955860404,0.0728183673241156
121.55,23.85,225.5658,SSP2-4.5,2021-2040,4.031800000000004,29.866100000000003,-51.19969999999989,1.6188000000000002,7.3309999999999995,1.4741,14.5404,29.772262499999997,3.898412500000063,1.6075000000000004,7.7976125000000005,1.7722,13.628599999999999,1.2601669955860404,0.13601414769390704
121.55,23.9,230.093,SSP2-4.5,2021-2040,0.45400000000000773,31.6421,-2.182499999999891,1.6804000000000023,8.631,1.6120999999999999,15.875,30.364262499999995,-8.826712499999985,1.6502875000000001,8.029300000000001,1.6159375,14.2889375,1.2601669955860404,0.19920992806369398
121.55,23.95,240.3488,SSP2-4.5,2021-2040,3.1563999999999908,31.966,-6.687200000000075,1.8376999999999981,8.727600000000002,1.4586000000000006,15.426899999999998,29.557387499999997,-2.1970624999999586,1.638650000000001,7.968725000000001,1.6284375,13.2007125,1.2601669955860404,0.26240570843348543
121.55,24.0,270.0113,SSP2-4.5,2021-2040,9.332099999999969,30.31219999999999,-28.29469999999992,1.6281999999999996,7.5,1.5809999999999995,13.3788,27.839125,6.467112500000042,1.7286625000000004,7.64545,1.6187500000000001,11.8812375,1.2601669955860404,0.32560148880327683
121.55,24.05,304.0508,SSP2-4.5,2021-2040,-9.67349999999999,22.7934,-3.1204999999999927,1.8169000000000004,7.251700000000003,1.793099999999999,7.403799999999999,27.219699999999996,11.329300000000046,1.6835375000000004,6.5823125000000005,1.4312500000000001,11.6853375,1.2601669955860404,0.3887972691730683
121.55,24.1,363.4706,SSP2-4.5,2021-2040,-22.5283,26.385200000000005,12.744400000000041,1.6621999999999986,5.191400000000002,1.2103000000000002,11.3981,25.7475875,10.825112500000046,1.6621874999999995,5.988362500000001,1.4480625000000003,10.836299999999998,1.2601669955860404,0.4519930495428597
121.55,24.15,449.7768,SSP2-4.5,2021-2040,-36.201599999999985,25.499199999999995,2.1325999999999112,1.4258999999999986,4.589700000000001,1.4293000000000005,11.399999999999999,25.4810375,13.913562500000012,1.4848249999999994,4.852375,1.3648625000000003,10.9774125,1.2601669955860404,0.5151888299126467
121.55,24.2,421.1452,SSP2-4.5,2021-2040,-38.21940000000001,22.1025,-2.1338000000000648,1.2581000000000024,4.412099999999999,1.3345000000000002,10.121200000000002,23.993524999999998,9.113825000000048,1.3301499999999993,4.6319125,1.5172375000000002,10.132437499999998,1.2601669955860404,0.578384610282438
121.55,24.25,339.8152,SSP2-4.5,2021-2040,-30.32159999999999,20.5839,-9.73759999999993,1.160499999999999,5.4827999999999975,1.6052,8.3288,22.5522625,12.785237499999965,1.2214500000000004,4.19095,1.600425,9.4403875,1.2601669955860404,0.6415803906522295
121.55,24.3,289.102,SSP2-4.5,2021-2040,-10.076399999999978,20.2205,-3.467300000000023,1.1499999999999986,3.703400000000002,1.681000000000001,8.0135,21.842624999999998,25.177599999999984,1.1377875000000004,3.456262499999999,1.5969749999999996,8.8757,1.2601669955860404,0.704776171022021
121.55,24.35,289.7415,SSP2-4.5,2021-2040,7.0026000000000295,21.749499999999998,41.32520000000022,1.030100000000001,1.0085999999999977,1.5878999999999994,8.632699999999998,22.6773125,51.391862499999945,1.1300125000000008,2.2025750000000004,1.7057999999999998,9.31755,1.2601669955860404,0.7679719513918124
121.55,24.4,338.5587,SSP2-4.5,2021-2040,14.477900000000034,24.946200000000005,90.16890000000012,1.1212000000000018,1.4034000000000013,2.1431000000000004,11.5981,22.5059375,76.70222500000006,1.1628875000000005,1.1849124999999994,1.765075,9.3012,1.2601669955860404,0.8311677317615993
121.55,24.45,413.7522,SSP2-4.5,2021-2040,15.735799999999983,20.6184,121.7175000000002,1.245899999999999,2.0189999999999984,1.9914000000000005,8.569200000000002,21.736337499999998,85.22540000000009,1.2579000000000011,1.5635750000000006,2.0954625,9.409625,1.2601669955860404,0.8943635121313908
121.55,24.5,429.3974,SSP2-4.5,2021-2040,13.893699999999967,19.0923,107.16210000000001,1.2742000000000004,2.705199999999998,2.1500000000000004,7.424999999999999,21.543487499999998,100.43366250000014,1.3694750000000004,3.2653000000000003,2.0379250000000004,10.236775,1.2601669955860404,0.9575592925011822
121.55,24.55,348.8081,SSP2-4.5,2021-2040,9.357199999999978,24.247899999999994,117.98610000000008,1.436600000000002,5.044800000000002,1.2569,12.284599999999998,22.313562500000003,110.26245000000011,1.4802374999999999,4.7211125,1.9971875,11.443275,1.2601669955860404,1.0207550728709736
121.55,24.6,312.6147,SSP2-4.5,2021-2040,9.001299999999958,25.9732,133.01980000000003,1.5879999999999974,6.881,1.9896999999999991,13.592299999999998,24.4968625,109.94532500000008,1.4537874999999998,5.703225000000001,1.3454624999999998,13.343049999999998,1.2601669955860404,1.0839508532407651
121.55,24.65,274.1065,SSP2-4.5,2021-2040,21.45949999999999,26.070099999999996,62.34130000000005,1.0736999999999988,5.872399999999999,0.8585999999999991,14.4731,24.7678375,63.34238750000003,1.3575624999999993,6.206675000000001,0.6741250000000001,13.561562499999999,1.2601669955860404,1.147146633610552
121.55,24.7,255.6028,SSP2-4.5,2021-2040,20.64699999999999,24.529099999999993,-28.744900000000143,1.0641999999999996,5.937899999999999,-0.4121000000000006,13.6115,24.612775,23.92180000000002,1.1420749999999997,6.099575,0.25150000000000006,13.77935,1.2601669955860404,1.2103424139803434
121.55,24.75,270.7445,SSP2-4.5,2021-2040,23.47629999999998,24.045500000000004,-8.664800000000014,1.2365999999999993,6.218999999999998,-0.9138000000000002,14.5865,24.2951,-13.288999999999987,1.007075,5.7851375,-0.11747499999999977,14.134374999999999,1.2601669955860404,1.273538194350135
121.55,24.8,274.097,SSP2-4.5,2021-2040,19.81170000000003,23.772999999999996,-22.166499999999814,0.9799999999999969,5.6052,-1.1999999999999993,15.3788,24.127725,-35.47509999999994,0.8942625,5.412737499999999,0.16442500000000004,14.6420625,1.2601669955860404,1.3367339747199263
121.55,24.85,277.8704,SSP2-4.5,2021-2040,3.3612999999999715,23.476300000000002,-97.01519999999982,0.39539999999999864,4.705199999999998,0.2362000000000002,14.090399999999999,22.952025,-75.06609999999995,0.6722124999999997,5.234074999999999,0.20537499999999986,14.4141625,1.2601669955860404,1.3999297550897176
121.55,24.9,245.9151,SSP2-4.5,2021-2040,-1.7597999999999843,21.1483,-145.29439999999977,0.11930000000000263,5.0914,1.0085999999999995,12.7942,22.1747875,-134.45874999999995,0.3440374999999998,5.382337499999999,0.14589999999999992,14.402162500000001,1.2601669955860404,1.4631255354595045
121.55,24.95,202.4474,SSP2-4.5,2021-2040,0.3015000000000043,21.394499999999994,-183.88400000000001,-0.041100000000000136,6.219000000000001,-0.3896999999999995,14.9519,21.4218125,-156.39786249999997,0.24810000000000043,6.2051750000000006,0.5185374999999999,14.3278875,1.2601669955860404,1.526321315829296
121.55,25.0,190.5201,SSP2-4.5,2021-2040,-6.9077000000000055,21.6295,-141.31690000000026,0.45849999999999724,7.6448,0.49480000000000146,15.969199999999999,21.850075,-143.8136249999999,0.29535000000000045,6.788375,0.45172499999999993,15.305062500000002,1.2601669955860404,1.5895170961990874
121.55,25.05,191.5299,SSP2-4.5,2021-2040,-3.1704000000000008,22.3906,-73.58909999999969,0.5969999999999978,7.529300000000003,0.7344999999999988,16.580800000000004,22.687425,-97.61997500000004,0.4992500000000004,7.137725,0.6773750000000001,16.4615375,1.2601669955860404,1.652712876568879
121.55,25.1,186.7833,SSP2-4.5,2021-2040,5.85390000000001,23.576700000000002,-15.885300000000143,0.6087000000000025,5.5017,0.5551999999999992,18.1192,23.822799999999997,-70.62707499999999,0.5702624999999997,6.5523750000000005,0.1888000000000003,17.1310125,1.2601669955860404,1.7159086569386703
121.55,25.15,265.0967,SSP2-4.5,2021-2040,3.6836000000000126,24.687599999999996,30.46219999999994,0.9970999999999997,4.924100000000003,-0.8206999999999987,17.1712,24.635075,-143.7637625,0.18066249999999995,5.83255,-0.6094749999999998,17.458399999999997,1.2601669955860404,1.7791044373084572
121.55,25.2,258.9274,SSP2-4.5,2021-2040,0.05890000000005102,24.154199999999996,-204.41889999999967,-0.002500000000001279,4.4190000000000005,-1.8706999999999994,16.1731,25.2683125,-220.40080000000006,-0.18357500000000027,5.452362500000001,-1.2782374999999997,17.364425,1.2601669955860404,1.8423002176782488
121.55,25.25,189.9007,SSP2-4.5,2021-2040,1.8220000000000027,24.929900000000004,-355.7546000000002,-0.8248999999999995,5.470700000000001,-1.9517000000000007,17.0308,25.238175,-239.6962125,-0.352087500000001,4.8493625,-1.4373,17.29135,1.2601669955860404,1.9054959980480402
121.55,25.3,158.4971,SSP2-4.5,2021-2040,5.077700000000021,25.4133,-140.51219999999967,-0.17240000000000322,4.2621,-1.2759,17.980800000000002,24.9642875,-258.3970125000001,-0.3997375000000005,4.963800000000001,-1.4172500000000001,17.049525000000003,1.2601669955860404,1.9686917784178315
121.6,21.95,197.4578,SSP2-4.5,2021-2040,2.3911999999999978,33.1172,35.214400000000296,0.31370000000000076,4.8931000000000004,4.189699999999998,9.542300000000001,37.378,-57.900062500000075,0.9071875,11.952575,3.0459125,15.982937500000002,1.3658608356672617,-2.265425506358136
121.6,22.0,183.9167,SSP2-4.5,2021-2040,4.948499999999996,35.309999999999995,47.26350000000002,0.29680000000000106,5.3086,4.022400000000001,10.7135,37.103899999999996,-59.40620000000004,0.9093,11.9006375,3.0668249999999997,15.8365375,1.3658608356672617,-2.2022297259883445
121.6,23.85,204.8463,SSP2-4.5,2021-2040,11.105699999999985,29.774399999999993,11.7192,1.478900000000003,8.0897,1.7551999999999994,14.836500000000001,30.449512499999997,-11.901487499999917,1.5707125000000004,7.7320875000000004,1.6620625000000002,14.4490375,1.3658608356672617,0.13601414769390704
121.6,23.9,210.4865,SSP2-4.5,2021-2040,7.617699999999985,30.331000000000003,-6.5858999999998105,1.3928000000000011,9.5034,1.9345000000000008,14.0308,30.777374999999996,2.7569625000000144,1.6134875000000006,7.8549500000000005,1.5836124999999996,14.8312375,1.3658608356672617,0.19920992806369398
121.6,23.95,217.6648,SSP2-4.5,2021-2040,10.867399999999975,31.830799999999996,23.317800000000034,1.5381,8.3,1.6241000000000003,15.4442,30.288437499999997,2.296212500000024,1.5664375000000006,8.372187499999999,1.7444000000000002,14.1995,1.3658608356672617,0.26240570843348543
121.6,24.0,232.4058,SSP2-4.5,2021-2040,11.647400000000005,30.68869999999999,53.421299999999974,1.2610000000000028,7.444800000000001,1.7068999999999992,14.3942,28.634212499999997,5.621175000000051,1.6281875000000001,8.085337500000001,1.7344750000000002,12.5146375,1.3658608356672617,0.32560148880327683
121.6,24.05,270.6114,SSP2-4.5,2021-2040,-6.058499999999981,30.6413,-0.30769999999984066,1.6249000000000002,8.8448,1.9190000000000005,13.173099999999998,28.460474999999995,12.185550000000035,1.5189625000000002,7.624137500000002,1.71615,12.7418125,1.3658608356672617,0.3887972691730683
121.6,24.1,329.3079,SSP2-4.5,2021-2040,-18.89240000000001,29.70179999999999,-17.398299999999836,1.5337999999999994,7.569000000000003,1.6517,13.8635,27.8768,5.519325000000038,1.5557500000000002,7.448712500000001,1.6877125000000004,12.026924999999999,1.3658608356672617,0.4519930495428597
121.6,24.15,347.4789,SSP2-4.5,2021-2040,-18.46289999999999,27.047399999999996,-21.79469999999992,1.4045999999999985,7.927600000000002,1.7310000000000008,10.9173,27.224362499999998,7.678049999999985,1.53235,6.596137500000001,1.615075,12.073825,1.3658608356672617,0.5151888299126467
121.6,24.2,361.3219,SSP2-4.5,2021-2040,-23.26830000000001,24.9957,23.329999999999927,1.4105999999999987,5.4948000000000015,1.7585999999999995,10.830799999999998,24.8100625,24.070525000000004,1.4889000000000001,6.100887499999999,1.6480625,10.426449999999999,1.3658608356672617,0.578384610282438
121.6,24.25,343.2496,SSP2-4.5,2021-2040,-18.7149,21.712000000000003,99.57240000000002,1.7251000000000012,4.734499999999997,1.8224,8.557699999999999,22.6620875,63.511737499999924,1.4174499999999997,4.4918125,1.8185249999999997,9.320924999999999,1.3658608356672617,0.6415803906522295
121.6,24.3,326.3621,SSP2-4.5,2021-2040,3.7572000000000116,21.580800000000004,213.29089999999974,1.6620999999999988,2.912099999999999,2.5740999999999996,9.0115,22.6399,84.92502499999998,1.3555124999999992,3.0392249999999987,1.82585,9.1420625,1.3658608356672617,0.704776171022021
121.6,24.35,329.0514,SSP2-4.5,2021-2040,3.4010999999999854,23.955599999999997,162.17679999999973,1.3450999999999986,0.6275999999999975,2.1586,10.178799999999999,23.765887500000005,110.65822499999993,1.3268875000000002,1.7928750000000004,1.9702375,9.9726,1.3658608356672617,0.7679719513918124
121.6,24.4,358.1433,SSP2-4.5,2021-2040,7.919899999999984,26.079300000000003,146.11159999999973,1.3744000000000014,-1.043099999999999,1.9292999999999996,11.332699999999999,24.320275,110.85918750000008,1.2870374999999998,1.7111999999999994,2.0002000000000004,10.459125,1.3658608356672617,0.8311677317615993
121.6,24.45,401.4136,SSP2-4.5,2021-2040,8.266400000000033,24.999599999999994,137.23100000000022,1.3171999999999997,1.4016999999999982,2.594800000000001,11.232700000000001,21.91505,114.75332500000002,1.3268250000000008,2.0368500000000003,2.0269375,9.515375,1.3658608356672617,0.8943635121313908
121.6,24.5,433.8064,SSP2-4.5,2021-2040,13.893199999999979,16.7457,135.99440000000004,1.353200000000001,2.5500000000000007,2.9017,7.8942,21.8350375,125.05366250000014,1.3857000000000004,3.4762874999999998,1.8168125000000004,9.707437500000001,1.3658608356672617,0.9575592925011822
121.6,24.55,376.8988,SSP2-4.5,2021-2040,8.842199999999991,19.804500000000004,137.4358000000002,1.4573,4.6586,1.5586000000000002,9.211500000000001,22.1205,129.25086250000004,1.4955875000000005,4.770462500000001,1.7122875000000002,10.845424999999999,1.3658608356672617,1.0207550728709736
121.6,24.6,322.8684,SSP2-4.5,2021-2040,20.8904,25.03540000000001,123.91890000000012,1.6450999999999993,5.851700000000001,1.344800000000001,13.913499999999999,24.7408125,116.50782500000003,1.4777999999999998,5.693525,1.0260749999999996,12.8137,1.3658608356672617,1.0839508532407651
121.6,24.65,286.5627,SSP2-4.5,2021-2040,17.658199999999965,26.2466,79.30719999999974,1.4872999999999976,6.389700000000001,0.4844999999999988,13.9462,25.809925,41.3286875,1.2973249999999994,6.0299499999999995,0.24588749999999981,14.06155,1.3658608356672617,1.147146633610552
121.6,24.7,260.2413,SSP2-4.5,2021-2040,1.4108999999999696,25.670099999999998,-121.27269999999999,0.8622000000000014,6.639699999999998,-1.3758999999999997,14.3962,25.528262499999997,-13.723700000000065,1.076612499999999,5.985574999999999,-0.17758750000000045,14.023562499999999,1.3658608356672617,1.2103424139803434
121.6,24.75,281.6095,SSP2-4.5,2021-2040,-1.7945000000000277,24.753400000000006,-70.30490000000009,0.8826,6.6638,-0.12410000000000032,13.682699999999999,24.6336625,-64.29839999999996,0.9025749999999997,5.930624999999999,-0.6961249999999997,14.210574999999999,1.3658608356672617,1.273538194350135
121.6,24.8,281.1558,SSP2-4.5,2021-2040,-1.3460999999999785,24.035200000000003,-48.2183,0.8851000000000013,6.082800000000002,-0.9551999999999996,14.765400000000001,23.679949999999998,-67.68027499999994,0.7931499999999989,5.508637499999999,-0.3894374999999999,14.1615375,1.3658608356672617,1.3367339747199263
121.6,24.85,272.1187,SSP2-4.5,2021-2040,-0.02569999999997208,22.3893,-126.28999999999996,0.6502999999999979,5.298299999999998,-0.22589999999999932,14.798100000000002,22.4823625,-75.80387499999989,0.5765874999999996,5.2799625,-0.2060375000000001,13.905050000000001,1.3658608356672617,1.3999297550897176
121.6,24.9,251.0524,SSP2-4.5,2021-2040,-4.201400000000007,20.232799999999997,-161.26560000000018,0.10249999999999915,5.1240999999999985,0.5051999999999985,13.6423,21.451849999999997,-127.17117499999989,0.23222499999999968,5.1459125,-0.15756250000000005,13.6685125,1.3658608356672617,1.4631255354595045
121.6,24.95,228.8761,SSP2-4.5,2021-2040,3.1195999999999913,19.689300000000003,-241.09349999999995,-0.4187999999999974,5.310300000000002,-0.5517000000000003,13.5577,20.955124999999995,-148.90612499999997,0.17203749999999962,5.8441875,0.3073125000000001,13.9233125,1.3658608356672617,1.526321315829296
121.6,25.0,212.0405,SSP2-4.5,2021-2040,-1.7104000000000212,21.5111,-216.07420000000002,0.09800000000000253,7.8552,0.46720000000000006,14.555799999999998,21.653599999999997,-146.69808749999993,0.19553749999999948,6.2806125,0.15387499999999998,15.0709,1.3658608356672617,1.5895170961990874
121.6,25.05,211.386,SSP2-4.5,2021-2040,-4.241199999999992,22.997,-151.07709999999997,0.339500000000001,7.332799999999999,0.5845000000000002,16.7538,22.6705125,-117.21243750000005,0.4106624999999995,6.61875,0.2721999999999998,16.2033625,1.3658608356672617,1.652712876568879
121.6,25.1,195.5677,SSP2-4.5,2021-2040,2.4853999999999985,23.988300000000002,-74.71780000000035,0.6206999999999994,6.881,0.5465999999999998,17.040399999999998,23.562537499999998,-146.13665,0.26236250000000005,6.0750125000000015,-0.42005000000000003,16.7201875,1.3658608356672617,1.7159086569386703
121.6,25.15,243.72,SSP2-4.5,2021-2040,3.1047000000000082,24.118399999999994,-256.2287000000001,-0.027499999999999858,5.598300000000002,-1.5482999999999993,16.6192,24.0354125,-202.6735625000001,-0.05828750000000049,5.48535,-0.8741499999999998,16.7702,1.3658608356672617,1.7791044373084572
121.6,25.2,221.5467,SSP2-4.5,2021-2040,-4.773599999999988,24.4925,-442.96849999999995,-1.2676000000000016,5.382800000000003,-1.8896999999999995,15.936499999999999,24.3969375,-269.9923875,-0.38501250000000065,5.231037500000001,-1.4713499999999997,16.644012500000002,1.3658608356672617,1.8423002176782488
121.6,25.25,184.373,SSP2-4.5,2021-2040,-1.8727999999999838,25.230800000000002,-425.23900000000003,-1.2940000000000005,5.160299999999999,-1.9466,16.4827,24.669475000000002,-260.364675,-0.46573750000000125,5.148075,-1.3778125,17.064925,1.3658608356672617,1.9054959980480402
121.6,25.3,165.5419,SSP2-4.5,2021-2040,1.8713999999999942,24.547399999999996,-229.10910000000013,-0.5743000000000009,4.925899999999999,-0.9914000000000005,17.3635,24.909062500000005,-262.04146249999997,-0.4528125000000012,4.920050000000001,-1.518975,17.037750000000003,1.3658608356672617,1.9686917784178315
121.65,24.0,214.1692,SSP2-4.5,2021-2040,11.184300000000007,28.898200000000003,31.82420000000002,1.4094999999999978,9.113800000000001,2.2638000000000007,13.753800000000002,30.3012625,9.057562500000074,1.4773625000000008,8.260550000000002,1.7424500000000003,14.003362500000001,1.4715546757485132,0.32560148880327683
121.65,24.05,230.0174,SSP2-4.5,2021-2040,8.552300000000002,28.644200000000005,35.57960000000003,1.256300000000003,8.127600000000001,1.663800000000001,13.692300000000001,28.9718125,7.69315000000006,1.5382375000000001,8.226075000000002,1.8525875000000003,12.717062499999999,1.4715546757485132,0.3887972691730683
121.65,24.1,254.4267,SSP2-4.5,2021-2040,1.97169999999997,30.2601,12.728399999999965,1.5838,8.794800000000002,1.858600000000001,14.05,28.7710625,8.833575000000053,1.5344625,7.9364375,1.7646500000000003,12.7156375,1.4715546757485132,0.4519930495428597
121.65,24.15,260.1308,SSP2-4.5,2021-2040,4.504899999999964,31.743599999999994,6.192500000000109,1.671400000000002,8.862099999999998,1.8966000000000003,14.1808,27.907962499999996,18.35159999999999,1.531425,7.3347000000000016,1.7336125,12.2976125,1.4715546757485132,0.5151888299126467
121.65,24.2,290.2077,SSP2-4.5,2021-2040,-7.331299999999999,27.1068,23.828599999999824,1.713000000000001,7.8552000000000035,1.7809999999999988,10.746200000000002,27.4789875,27.2590625,1.6058,6.885125,1.7756500000000002,11.8279,1.4715546757485132,0.578384610282438
121.65,24.25,300.6087,SSP2-4.5,2021-2040,-10.621800000000007,22.6851,94.50420000000008,1.5525999999999982,4.943099999999998,1.5845000000000002,9.159599999999998,25.3502375,71.62346249999987,1.6198500000000005,5.025,1.9368499999999997,10.51925,1.4715546757485132,0.6415803906522295
121.65,24.3,313.9771,SSP2-4.5,2021-2040,-5.960300000000018,22.0214,168.47889999999984,1.4327000000000005,1.1310000000000002,2.2292999999999994,8.355800000000002,24.606725000000004,99.80579999999989,1.5254999999999992,3.7541124999999997,1.8890000000000002,10.087487499999998,1.4715546757485132,0.704776171022021
121.65,24.35,348.9838,SSP2-4.5,2021-2040,-6.446899999999971,28.191200000000002,126.54759999999987,1.4479999999999968,2.6828000000000003,1.9379000000000008,11.909599999999998,23.924525000000003,119.84753749999985,1.4161750000000004,2.2030250000000007,1.9267125,9.96705,1.4715546757485132,0.7679719513918124
121.65,24.4,363.9797,SSP2-4.5,2021-2040,-5.628499999999974,25.338200000000008,102.80999999999995,1.396600000000003,2.544800000000002,1.6792999999999996,10.9269,25.219425,111.83373749999998,1.3805499999999995,2.1077625,1.8937250000000003,10.8242625,1.4715546757485132,0.8311677317615993
121.65,24.45,377.9533,SSP2-4.5,2021-2040,-0.4526000000000181,24.7635,104.89650000000029,1.392199999999999,2.0016999999999996,1.9085999999999999,10.625000000000002,21.991475,110.8739625,1.4056875000000009,2.5672375000000005,1.8849,9.74325,1.4715546757485132,0.8943635121313908
121.65,24.5,398.5396,SSP2-4.5,2021-2040,5.6159000000000106,17.736799999999995,109.16559999999981,1.456900000000001,4.113800000000001,1.5121000000000002,7.751900000000001,22.09915,120.96380000000016,1.417325,3.6213249999999997,1.8027875,10.07595,1.4715546757485132,0.9575592925011822
121.65,24.55,427.1516,SSP2-4.5,2021-2040,1.3499000000000478,23.417300000000004,164.83470000000034,1.5053000000000019,5.865500000000001,1.562100000000001,10.5596,21.4893875,113.95372500000002,1.4490749999999997,4.5547375,1.336625,10.663450000000001,1.4715546757485132,1.0207550728709736
121.65,24.6,341.5363,SSP2-4.5,2021-2040,33.99630000000002,24.715399999999995,141.92529999999988,1.705400000000001,5.151699999999998,0.9809999999999999,13.3423,25.072125000000003,89.01822500000003,1.4088124999999994,5.5474125,0.5430999999999999,12.8146625,1.4715546757485132,1.0839508532407651
121.65,24.65,255.9377,SSP2-4.5,2021-2040,20.92009999999999,27.451500000000003,95.21239999999989,1.5687999999999995,5.6845,-0.482800000000001,15.100000000000001,26.145787499999997,18.628774999999962,1.2661124999999998,5.853887499999999,-0.06423749999999995,14.0418375,1.4715546757485132,1.147146633610552
121.65,24.7,239.1876,SSP2-4.5,2021-2040,-0.3464000000000169,27.03459999999999,-75.77059999999983,0.8711999999999982,6.220700000000001,-0.9361999999999995,14.063499999999998,26.203687499999997,-33.1985375000001,1.0741874999999999,5.962949999999999,-0.22090000000000032,14.2110625,1.4715546757485132,1.2103424139803434
121.65,24.75,251.2344,SSP2-4.5,2021-2040,-13.035599999999988,24.095299999999995,-163.16530000000012,0.42849999999999966,4.896599999999999,0.10519999999999996,12.724999999999998,25.502074999999998,-48.77175,0.9517500000000005,5.9857875,-0.36809999999999965,14.2617875,1.4715546757485132,1.273538194350135
121.65,24.8,277.4363,SSP2-4.5,2021-2040,-2.4945999999999913,23.886500000000005,-46.38409999999976,0.8928000000000011,5.843099999999998,0.11900000000000155,14.1577,24.1719875,-47.54930000000002,0.8276124999999999,5.4015125,-0.225425,13.942075,1.4715546757485132,1.3367339747199263
121.65,24.85,311.7786,SSP2-4.5,2021-2040,-3.0412999999999784,23.0203,-7.451399999999921,0.8789999999999978,4.837900000000001,-1.1121000000000016,13.873099999999999,22.512125,-47.50118749999996,0.6980374999999999,5.348062499999999,-0.18641249999999965,13.8016875,1.4715546757485132,1.3999297550897176
121.65,24.9,257.8623,SSP2-4.5,2021-2040,-0.28059999999999263,20.286499999999997,-78.63549999999987,0.35859999999999914,4.950000000000001,-0.25,12.5385,21.2939,-79.82626249999998,0.4691124999999996,5.293737499999999,-0.2237,13.534375,1.4715546757485132,1.4631255354595045
121.65,24.95,233.9441,SSP2-4.5,2021-2040,-1.7142999999999802,20.210299999999997,-137.70539999999983,-0.08490000000000109,4.7551999999999985,0.024100000000000676,12.7442,20.8010125,-119.54202499999997,0.35214999999999996,5.811412499999999,-0.037912500000000016,13.484625000000001,1.4715546757485132,1.526321315829296
121.65,25.0,229.1821,SSP2-4.5,2021-2040,5.78370000000001,21.228,-127.07299999999987,0.3653999999999975,5.113800000000001,0.5983,14.1904,21.5895375,-127.17938749999996,0.3280250000000007,6.1771625,-0.2124999999999999,14.289424999999998,1.4715546757485132,1.5895170961990874
121.65,25.05,220.8446,SSP2-4.5,2021-2040,4.841199999999986,23.6896,-117.84569999999985,0.3487000000000009,6.339700000000001,-0.2638000000000016,15.819199999999999,22.3942625,-109.80260000000004,0.46303749999999955,6.1778125,-0.08188749999999989,15.37525,1.4715546757485132,1.652712876568879
121.65,25.1,207.0185,SSP2-4.5,2021-2040,4.77030000000002,23.350300000000004,-171.19750000000022,0.18829999999999814,6.084500000000002,-0.9551999999999996,17.3519,23.328487499999998,-136.57065000000006,0.29005000000000036,5.7564875,-0.48836250000000003,15.933900000000001,1.4715546757485132,1.7159086569386703
121.65,25.15,218.6738,SSP2-4.5,2021-2040,5.780699999999996,23.6901,-413.73199999999997,-0.9528999999999996,5.2897,-1.6465999999999994,15.346200000000001,23.755499999999998,-181.13248750000014,0.030987499999999724,5.3648750000000005,-0.6661750000000002,16.453362499999997,1.4715546757485132,1.7791044373084572
121.65,25.2,190.889,SSP2-4.5,2021-2040,-1.646000000000015,24.343600000000002,-328.93070000000034,-0.658100000000001,5.399999999999999,-0.9121000000000006,17.0231,24.0312375,-257.1891875,-0.35995000000000044,5.271987500000001,-1.1901125,16.4622625,1.4715546757485132,1.8423002176782488
121.65,25.25,171.5283,SSP2-4.5,2021-2040,-1.9399999999999977,24.020900000000005,-206.09739999999965,-0.317300000000003,5.586200000000002,-1.0740999999999996,17.3058,24.32265,-292.2230375000001,-0.59755,5.0879375,-1.2248125000000003,16.479825,1.4715546757485132,1.9054959980480402
121.7,24.2,275.0358,SSP2-4.5,2021-2040,2.690499999999986,32.822599999999994,-3.9650000000001455,1.7967000000000013,7.965499999999999,1.8396999999999988,15.1212,27.499975,22.624724999999955,1.6395750000000007,6.565950000000001,1.7416,11.97045,1.5772485158297345,0.578384610282438
121.7,24.25,277.3466,SSP2-4.5,2021-2040,-1.84050000000002,28.565400000000004,7.504699999999957,1.7015999999999991,6.358600000000003,1.7138,11.805800000000001,27.10615,44.96243749999988,1.6327000000000007,5.256037500000001,1.7515124999999998,11.745925,1.5772485158297345,0.6415803906522295
121.7,24.3,295.0345,SSP2-4.5,2021-2040,-4.698199999999986,23.9972,40.94719999999984,1.517000000000003,3.7483000000000004,1.775900000000001,9.725,27.158425,60.40878749999996,1.5608624999999994,4.668750000000001,1.7739125,11.6646625,1.5772485158297345,0.704776171022021
121.7,24.35,335.7223,SSP2-4.5,2021-2040,-10.891900000000021,26.166500000000006,53.90259999999989,1.2524999999999977,4.025900000000004,1.5448000000000004,10.3519,25.82125,80.35983749999997,1.4643875000000004,3.6144375000000006,1.7978375,11.1237875,1.5772485158297345,0.7679719513918124
121.7,24.4,358.8934,SSP2-4.5,2021-2040,-8.822599999999966,22.257199999999997,71.06230000000005,1.3490000000000002,3.6776000000000018,1.522400000000001,9.8538,26.4960375,87.40283750000009,1.4341249999999999,3.571112500000001,1.7088124999999998,11.4480625,1.5772485158297345,0.8311677317615993
121.7,24.45,364.1507,SSP2-4.5,2021-2040,-6.07729999999998,25.3425,92.74150000000009,1.5660000000000025,3.4879,1.5534,11.1096,23.4195125,90.36242500000009,1.4476750000000003,3.6659375000000005,1.5262874999999998,10.506475000000002,1.5772485158297345,0.8943635121313908
121.7,24.5,374.8033,SSP2-4.5,2021-2040,-7.612300000000005,17.432500000000005,91.87530000000015,1.4321999999999981,3.8051999999999992,1.3861999999999988,7.844199999999999,24.1423875,109.51755000000014,1.4560875000000002,4.4657125,1.3659375,11.1600875,1.5772485158297345,0.9575592925011822
121.7,24.55,416.0153,SSP2-4.5,2021-2040,-3.011700000000019,24.287599999999998,102.70119999999997,1.3151999999999973,5.199999999999999,0.9568999999999992,12.1308,22.999562500000003,111.52492500000011,1.4309500000000002,4.9471875,0.9642125000000001,11.147825000000001,1.5772485158297345,1.0207550728709736
121.7,24.6,327.1352,SSP2-4.5,2021-2040,23.147199999999998,26.157199999999996,68.61329999999998,1.2272999999999996,5.1068999999999996,0.0517000000000003,13.219199999999999,25.566175,74.58402500000005,1.2738749999999999,5.375425,0.3327499999999999,13.1173,1.5772485158297345,1.0839508532407651
121.7,24.65,278.3812,SSP2-4.5,2021-2040,2.4997999999999934,28.176899999999996,-59.877700000000004,1.0641999999999996,5.622399999999999,-1.1310000000000002,14.4365,26.308099999999996,30.521549999999934,1.1626125000000003,5.393325,-0.004974999999999952,14.0759625,1.5772485158297345,1.147146633610552
121.7,24.7,241.0741,SSP2-4.5,2021-2040,-4.035699999999991,26.13009999999999,-7.813500000000204,1.2662000000000013,5.848299999999998,0.0671999999999997,15.017300000000002,26.600274999999996,-36.434900000000084,0.8877249999999997,5.4748,-0.10084999999999988,14.350475000000001,1.5772485158297345,1.2103424139803434
121.7,24.75,229.8429,SSP2-4.5,2021-2040,-16.93289999999999,27.105600000000003,-17.67380000000003,1.0336999999999996,5.958600000000001,0.6897000000000002,14.3846,25.6556625,-32.70451250000002,0.8910750000000003,5.321137499999999,0.10043750000000062,14.424525,1.5772485158297345,1.273538194350135
121.7,24.8,247.45,SSP2-4.5,2021-2040,-10.353999999999985,25.4011,-2.7361000000000786,0.9202000000000012,4.629300000000001,-0.42929999999999957,13.626900000000001,24.57995,-8.953274999999962,0.8855624999999998,5.0051749999999995,0.2694125000000003,14.1774125,1.5772485158297345,1.3367339747199263
121.7,24.85,271.1531,SSP2-4.5,2021-2040,3.8503000000000043,22.575699999999998,55.44540000000006,0.9415000000000013,4.844799999999999,0.2483000000000004,13.680800000000001,23.060737500000002,1.87366250000008,0.8776124999999997,4.729100000000001,-0.15667499999999968,13.658175,1.5772485158297345,1.3999297550897176
121.7,24.9,277.5127,SSP2-4.5,2021-2040,0.8820999999999799,21.289899999999996,28.07470000000012,0.8332999999999977,6.0120999999999984,-0.5033999999999992,13.203799999999998,21.46155,-22.03762499999999,0.7519999999999998,4.651937500000001,-0.2519374999999999,13.075487500000001,1.5772485158297345,1.4631255354595045
121.7,24.95,261.6735,SSP2-4.5,2021-2040,3.8851999999999975,20.943599999999996,-48.32430000000022,0.8500000000000014,6.167199999999998,-0.17409999999999926,12.775,20.863825,-74.12556249999989,0.593237499999999,5.122425,-0.5223999999999998,13.0985625,1.5772485158297345,1.526321315829296
121.7,25.0,245.8166,SSP2-4.5,2021-2040,10.392100000000028,21.2269,-111.94479999999976,0.6281999999999996,5.958600000000001,-0.39480000000000004,13.4135,21.627962500000002,-86.34297499999997,0.5620749999999992,5.471124999999999,-0.8967624999999999,13.728375,1.5772485158297345,1.5895170961990874
121.7,25.05,221.6028,SSP2-4.5,2021-2040,24.383099999999985,22.448499999999996,6.629899999999907,0.8634999999999984,5.6983,-1.391399999999999,14.6962,22.3320625,-103.67302499999994,0.46286249999999907,5.34935,-0.9096875000000002,14.531500000000001,1.5772485158297345,1.652712876568879
121.7,25.1,199.8942,SSP2-4.5,2021-2040,12.316599999999994,22.403999999999996,-32.96630000000005,0.6006999999999998,4.4983,-0.11030000000000051,15.000000000000002,23.205925,-110.73815000000002,0.3083624999999999,5.06595,-1.0123,15.2214125,1.5772485158297345,1.7159086569386703
121.7,25.15,183.4885,SSP2-4.5,2021-2040,7.830600000000004,23.291999999999994,-52.627500000000055,0.527700000000003,4.413799999999998,-0.07760000000000034,16.196199999999997,23.5596375,-136.15968750000008,0.1563749999999997,4.684912499999999,-0.5739250000000002,15.477887500000001,1.5772485158297345,1.7791044373084572
121.7,25.2,173.4387,SSP2-4.5,2021-2040,7.348799999999983,24.054899999999996,-89.42290000000003,0.26370000000000005,4.660299999999999,-0.38280000000000136,16.459600000000002,23.70205,-182.7863375,-0.07197500000000012,4.7579875000000005,-0.625,15.652175,1.5772485158297345,1.8423002176782488
121.75,24.25,262.9529,SSP2-4.5,2021-2040,7.425000000000011,30.645900000000005,-28.03780000000006,1.9666000000000032,6.470700000000001,1.5638000000000005,15.265400000000001,28.203974999999996,31.27921249999997,1.6286500000000004,6.2370625,1.7676749999999997,12.3904,1.6829423559109558,0.6415803906522295
121.75,24.3,280.3745,SSP2-4.5,2021-2040,8.625200000000007,31.4037,10.040799999999763,1.8305000000000007,5.9086,1.6930999999999994,15.2423,27.632662500000002,45.27384999999998,1.5226625000000005,5.0077500000000015,1.7620625000000003,12.205300000000001,1.6829423559109558,0.704776171022021
121.75,24.35,323.1967,SSP2-4.5,2021-2040,0.9445999999999799,27.5882,50.32930000000033,1.3023999999999987,5.8293,1.9240999999999993,11.2269,27.6312375,52.84021249999998,1.4177500000000007,4.512287500000001,1.6441750000000002,12.7834125,1.6829423559109558,0.7679719513918124
121.75,24.4,357.6013,SSP2-4.5,2021-2040,-7.749499999999955,25.7729,72.66260000000011,1.4389000000000003,3.3931000000000004,1.6206999999999994,11.75,27.64705,71.62337500000012,1.3949250000000002,4.552362500000001,1.6267000000000003,12.61585,1.6829423559109558,0.8311677317615993
121.75,24.45,339.8916,SSP2-4.5,2021-2040,-5.116299999999967,28.805300000000003,95.33260000000018,1.676400000000001,4.603400000000001,1.5016999999999996,13.6846,25.4385125,70.98116250000015,1.3864625000000004,4.3463375,1.5131375,11.8819625,1.6829423559109558,0.8943635121313908
121.75,24.5,338.6862,SSP2-4.5,2021-2040,-10.9144,25.249700000000004,75.09450000000015,1.4391999999999996,5.187899999999999,1.0793,11.615400000000001,25.2378,78.26180000000016,1.3790499999999999,4.8075375,1.3515,12.160324999999998,1.6829423559109558,0.9575592925011822
121.75,24.55,384.9637,SSP2-4.5,2021-2040,13.103799999999978,23.5364,131.3738000000003,1.2974999999999994,5.265499999999999,0.8534000000000006,11.803799999999999,24.6055375,76.96747500000009,1.2878874999999996,4.8390125,0.9148750000000001,11.9165875,1.6829423559109558,1.0207550728709736
121.75,24.6,318.566,SSP2-4.5,2021-2040,18.58140000000003,25.751200000000004,109.31690000000026,1.3838000000000008,5.081000000000003,0.2879000000000005,13.046200000000002,25.922237499999998,53.187475000000006,1.1170249999999995,4.917462499999999,0.39698750000000005,13.1711375,1.6829423559109558,1.0839508532407651
121.75,24.65,279.9552,SSP2-4.5,2021-2040,-9.566300000000012,27.1931,-88.8144000000002,0.35079999999999956,5.1328,-0.3655000000000008,14.519200000000001,26.55695,45.050275,1.2367500000000002,5.1543125,0.2094750000000003,13.8771625,1.6829423559109558,1.147146633610552
121.75,24.7,227.1843,SSP2-4.5,2021-2040,-4.212500000000006,26.031699999999994,1.5029999999997017,0.9274000000000022,4.9207,0.3569000000000013,14.3,26.8654375,-3.540824999999984,1.003475,5.308412499999999,0.22521249999999982,14.6475875,1.6829423559109558,1.2103424139803434
121.75,24.75,201.423,SSP2-4.5,2021-2040,-7.612799999999993,25.713500000000003,17.10719999999992,0.8571999999999989,5.362099999999998,0.956900000000001,15.275000000000002,26.4659625,6.682900000000075,1.0495500000000004,5.115525,0.3767250000000002,14.7490375,1.6829423559109558,1.273538194350135
121.75,24.8,217.8323,SSP2-4.5,2021-2040,-8.281599999999997,26.9525,15.6233000000002,0.9650999999999996,4.848299999999998,0.5638000000000005,16.230800000000002,25.487562500000003,24.38766250000009,1.01925,4.661637499999999,0.43643750000000026,14.429325,1.6829423559109558,1.3367339747199263
121.75,24.85,258.6382,SSP2-4.5,2021-2040,4.219100000000026,23.2902,74.87249999999995,1.0867000000000004,3.450000000000003,0.5845000000000002,13.0923,23.8462375,22.210937500000057,0.9867499999999998,4.297212499999999,0.07350000000000034,14.006975,1.6829423559109558,1.3999297550897176
121.75,24.9,295.6983,SSP2-4.5,2021-2040,1.10390000000001,20.358900000000006,31.6259,1.0852000000000004,3.2621,-0.22589999999999932,12.5423,22.080624999999998,-13.441212500000006,0.84585,4.3370750000000005,-0.18467499999999992,13.15865,1.6829423559109558,1.4631255354595045
121.75,24.95,291.636,SSP2-4.5,2021-2040,-0.8239000000000374,21.0069,-66.1282000000001,0.8998999999999988,4.9483,-1.1103000000000005,13.357699999999998,21.089975,-75.12003749999997,0.6467125,4.633837499999999,-0.7428749999999997,12.795675,1.6829423559109558,1.526321315829296
121.75,25.0,272.5216,SSP2-4.5,2021-2040,-0.427599999999984,21.303200000000004,-131.2181999999998,0.6601999999999997,5.9792999999999985,-2.3171999999999997,12.7981,21.634425,-96.32045,0.5696499999999993,4.8793,-1.1553749999999998,13.326699999999999,1.6829423559109558,1.5895170961990874
121.75,25.05,229.8115,SSP2-4.5,2021-2040,4.904600000000016,22.193600000000004,-69.07889999999998,0.5937999999999981,4.767199999999999,-2.5397,13.4462,22.4641375,-90.24859999999995,0.49213749999999923,4.72585,-1.136625,13.861799999999999,1.6829423559109558,1.652712876568879
121.75,25.1,211.3809,SSP2-4.5,2021-2040,5.506599999999992,23.260900000000007,-68.0598,0.31759999999999877,4.0534,-1.2948000000000004,14.2327,23.05155,-41.63956250000001,0.5979749999999999,4.2967625,-0.6706875000000001,14.386075,1.6829423559109558,1.7159086569386703
121.75,25.15,200.9515,SSP2-4.5,2021-2040,5.746099999999984,23.7224,0.006300000000010186,0.5802000000000014,3.8810000000000002,0.07070000000000043,14.6827,23.5043,-61.99509999999998,0.4720750000000007,4.1758625,-0.34698750000000045,14.8315,1.6829423559109558,1.7791044373084572
121.8,24.3,281.1604,SSP2-4.5,2021-2040,12.700900000000047,31.462799999999994,27.04390000000012,1.615400000000001,7.2879000000000005,1.8293,16.096200000000003,28.544562500000005,35.21863749999997,1.4886625000000007,5.049787500000001,1.6728375000000002,12.858175,1.788636195992177,0.704776171022021
121.8,24.35,308.6296,SSP2-4.5,2021-2040,1.4387000000000398,30.613900000000008,42.021999999999935,1.3931000000000004,5.2103,1.5155000000000012,14.8154,28.1317625,56.5797750000001,1.4260875,4.963362500000001,1.6982625,13.050712500000001,1.788636195992177,0.7679719513918124
121.8,24.4,346.0626,SSP2-4.5,2021-2040,-0.8903999999999996,29.375699999999995,105.04030000000012,0.9456000000000024,2.8465999999999987,1.6517,14.4327,28.0722375,52.22818750000016,1.4620000000000002,5.29675,1.6506375000000002,13.2346125,1.788636195992177,0.8311677317615993
121.8,24.45,295.8852,SSP2-4.5,2021-2040,-5.717100000000016,31.027099999999997,62.556400000000394,1.6743999999999986,6.7379,1.8000000000000007,15.451899999999998,27.664525000000005,59.7659000000001,1.3261250000000007,4.504949999999999,1.4499875,13.0848625,1.788636195992177,0.8943635121313908
121.8,24.5,300.6507,SSP2-4.5,2021-2040,-16.28739999999999,27.0505,-3.183599999999842,1.2464000000000013,5.634499999999999,1.4914000000000005,12.998099999999999,25.7784,60.104450000000156,1.2251999999999992,5.0314625,1.2495625,12.418975,1.788636195992177,0.9575592925011822
121.8,24.55,308.9933,SSP2-4.5,2021-2040,2.9313999999999965,24.420499999999997,52.697200000000066,0.8243000000000009,3.7258999999999993,1.2690000000000001,12.2596,26.383212500000003,58.71328750000009,1.1396875,5.138575,0.9948250000000003,12.8752375,1.788636195992177,1.0207550728709736
121.8,24.6,258.7833,SSP2-4.5,2021-2040,4.122200000000021,26.4951,118.625,1.4346999999999994,4.970700000000001,0.7966000000000015,12.2192,26.0460875,54.70410000000004,1.0260375000000006,4.604525000000001,0.6627125,13.4947,1.788636195992177,1.0839508532407651
121.8,24.65,237.7586,SSP2-4.5,2021-2040,2.6648999999999887,27.111099999999993,100.18139999999994,1.4222000000000001,4.3155,0.7447999999999997,14.7808,26.588775000000002,50.240200000000016,1.1370500000000008,4.868975000000001,0.4564750000000002,13.9463875,1.788636195992177,1.147146633610552
121.8,24.7,213.9866,SSP2-4.5,2021-2040,-0.5630000000000166,26.602300000000007,29.85380000000032,1.1681999999999988,5.369,0.5016999999999996,13.9981,26.5600125,23.217187499999966,1.0827875000000007,4.984062499999999,0.3536625,14.690375,1.788636195992177,1.2103424139803434
121.8,24.75,181.712,SSP2-4.5,2021-2040,6.6089000000000055,26.890900000000002,-1.2895999999996093,0.8653000000000013,4.858599999999999,0.3378999999999994,14.769199999999998,26.632575000000003,31.829862500000047,1.1350124999999998,5.084712499999999,0.6528125000000002,14.874287500000001,1.788636195992177,1.273538194350135
121.8,24.8,184.8057,SSP2-4.5,2021-2040,4.948800000000006,26.613500000000002,35.9961000000003,1.2502999999999993,4.491399999999999,0.9259000000000004,15.6654,25.213787500000002,17.899425000000065,0.9725125000000001,4.221775,0.35408750000000033,14.305050000000001,1.788636195992177,1.3367339747199263
121.8,24.85,211.9242,SSP2-4.5,2021-2040,-0.2937000000000012,26.309999999999995,33.37960000000021,1.1990999999999978,3.6982999999999997,0.17759999999999998,14.9404,24.0088625,19.042725000000075,1.0047125000000006,3.862725,0.31465000000000054,14.12285,1.788636195992177,1.3999297550897176
121.8,24.9,270.9585,SSP2-4.5,2021-2040,-3.5658000000000243,21.268299999999996,-19.721400000000358,0.6993000000000009,2.5914,-0.16900000000000048,12.1654,22.917137500000003,-33.77443749999992,0.8649875000000002,3.4513000000000003,-0.14267499999999989,13.451925,1.788636195992177,1.4631255354595045
121.8,24.95,286.0704,SSP2-4.5,2021-2040,-3.208500000000015,19.9604,-165.1279999999997,0.25700000000000145,2.9845000000000006,-0.5310000000000006,12.053799999999999,22.0102625,-93.73733750000002,0.6281000000000003,3.7640124999999998,-0.9189749999999999,13.0180375,1.788636195992177,1.526321315829296
121.8,25.0,255.9441,SSP2-4.5,2021-2040,-4.3396999999999935,22.3686,-184.32420000000002,0.16049999999999898,4.115500000000001,-1.6275999999999993,13.413499999999999,21.935112500000002,-121.70086249999997,0.49294999999999956,4.1015,-1.3443875000000003,12.8752375,1.788636195992177,1.5895170961990874
121.8,25.05,234.9002,SSP2-4.5,2021-2040,-2.708500000000015,22.926899999999996,-132.26510000000007,0.3042999999999978,4.3948,-1.4741,13.457699999999999,23.003787500000005,-93.3884124999999,0.47931249999999936,4.082525,-1.278025,13.3589,1.788636195992177,1.652712876568879
121.8,25.1,217.2597,SSP2-4.5,2021-2040,3.025999999999982,23.774100000000004,-67.84029999999984,0.4021000000000008,3.1086000000000027,-0.482800000000001,13.8827,23.44285,-11.49249999999995,0.7248749999999995,3.8538624999999995,-0.6157250000000001,13.7341375,1.788636195992177,1.7159086569386703
121.8,25.15,197.1041,SSP2-4.5,2021-2040,9.972200000000015,23.6509,15.02539999999999,0.9115000000000002,3.612099999999998,0.6396999999999995,13.726899999999999,23.724962500000004,60.530087500000036,1.0601625000000003,3.5355375,-0.023275000000000157,14.1387125,1.788636195992177,1.7791044373084572
121.85,24.5,290.1548,SSP2-4.5,2021-2040,-14.793300000000045,29.105700000000006,-1.5826999999999316,0.9033999999999978,5.675899999999999,1.1861999999999995,14.273100000000001,26.598950000000002,57.112650000000144,1.15075,5.1099125,1.2756500000000002,13.1836375,1.8943300360733983,0.9575592925011822
121.85,24.55,274.5239,SSP2-4.5,2021-2040,-13.2543,26.650000000000006,-26.51150000000007,0.554199999999998,5.25,0.9207000000000001,12.4192,26.5672875,78.79980000000006,1.2054875000000003,4.915525,1.1163875,13.4480625,1.8943300360733983,1.0207550728709736
121.85,24.6,253.7975,SSP2-4.5,2021-2040,-2.7319000000000244,27.227100000000007,66.57389999999987,0.8583000000000034,4.043100000000003,1.3430999999999997,14.6269,26.451275,89.12741250000005,1.2769625000000002,4.6717625,0.7823375000000001,13.578837499999999,1.8943300360733983,1.0839508532407651
121.85,24.65,236.8816,SSP2-4.5,2021-2040,6.239400000000018,26.479299999999995,92.81550000000016,1.5172000000000025,4.022400000000001,0.2483000000000004,14.501900000000001,26.910225,54.94379999999995,1.1265,4.9334125,0.6209124999999998,14.004075,1.8943300360733983,1.147146633610552
121.85,24.7,202.0537,SSP2-4.5,2021-2040,6.011300000000006,26.9304,72.04790000000003,1.4559999999999995,5.412099999999999,0.48279999999999923,14.3596,26.656125,27.24135000000001,0.9958250000000008,4.753025,0.5155125,14.5963875,1.8943300360733983,1.2103424139803434
121.85,24.85,194.3985,SSP2-4.5,2021-2040,-1.8245000000000005,25.8838,25.95990000000029,1.1872000000000007,4.336200000000002,0.8103000000000016,14.3404,24.244862499999996,11.787237500000003,1.0758625000000002,3.0814624999999998,0.13556250000000003,13.897850000000002,1.8943300360733983,1.3999297550897176
121.85,24.9,219.6486,SSP2-4.5,2021-2040,-8.463099999999997,25.128,-67.45989999999983,0.8224000000000018,3.0776000000000003,-0.220699999999999,15.265400000000001,23.06175,-48.133599999999944,0.7904375000000003,3.0008624999999998,-0.20540000000000003,13.220675,1.8943300360733983,1.4631255354595045
121.85,24.95,244.5554,SSP2-4.5,2021-2040,1.5451999999999941,21.398900000000005,-137.31730000000016,0.3824000000000005,1.853399999999997,-0.6259000000000015,12.0231,23.207137499999998,-116.6783375,0.5067750000000006,3.205175,-0.5747874999999998,13.1709125,1.8943300360733983,1.526321315829296
121.85,25.0,223.7946,SSP2-4.5,2021-2040,10.278600000000012,23.249299999999998,-175.35539999999992,0.3149000000000015,4.284500000000001,-1.0551999999999992,12.5788,22.9553,-119.11771250000004,0.39266249999999925,3.4131374999999995,-0.6870625000000001,12.794474999999998,1.8943300360733983,1.5895170961990874
121.85,25.05,209.6039,SSP2-4.5,2021-2040,10.803599999999989,23.441700000000004,-97.11580000000004,0.5310999999999986,3.599999999999998,-1.101700000000001,13.2865,23.884625,-42.33514999999994,0.6553874999999993,3.778437500000001,-0.36487499999999984,13.061787500000001,1.8943300360733983,1.652712876568879
121.85,25.1,189.4712,SSP2-4.5,2021-2040,8.020999999999987,24.438900000000004,45.88530000000037,0.8542999999999985,2.7516999999999996,0.19480000000000075,13.232700000000001,24.0160625,102.46685000000002,1.3205374999999997,3.5827500000000003,0.23751249999999957,13.439662499999999,1.8943300360733983,1.7159086569386703
121.85,25.15,170.9226,SSP2-4.5,2021-2040,13.314700000000016,23.9075,213.6626000000001,1.7062000000000026,3.7707000000000015,0.5792999999999999,13.807699999999999,23.9781875,87.50225000000006,1.2065749999999997,3.363775,0.15129999999999955,13.6783625,1.8943300360733983,1.7791044373084572
121.9,24.55,236.2946,SSP2-4.5,2021-2040,-1.8770000000000095,27.630300000000005,98.30050000000028,1.3116999999999983,5.034499999999998,1.4482999999999997,14.2942,26.8126125,58.3785125,1.1382625000000006,4.787075,0.9748000000000001,13.55095,2.00002387615465,1.0207550728709736
121.9,24.6,197.3731,SSP2-4.5,2021-2040,13.895800000000008,27.07269999999999,167.59429999999975,1.7676000000000016,4.9741,0.543099999999999,15.1096,27.203625000000002,65.05625000000003,1.1822124999999999,4.8405249999999995,0.89635,13.9343625,2.00002387615465,1.0839508532407651
121.9,24.9,208.899,SSP2-4.5,2021-2040,-9.480500000000006,25.027399999999993,-68.49539999999979,0.9474000000000018,2.503399999999999,-0.3033999999999999,14.7423,23.9336125,-31.111500000000092,0.8900750000000002,3.0536624999999997,-0.007774999999999865,13.06805,2.00002387615465,1.4631255354595045
121.9,24.95,213.5584,SSP2-4.5,2021-2040,4.823499999999996,24.286300000000004,-85.37210000000005,0.5658999999999992,2.7775999999999996,-0.7759,12.957699999999999,23.529474999999998,-100.70372499999996,0.5776875000000006,3.2228375,-0.2471874999999999,13.01755,2.00002387615465,1.526321315829296
121.9,25.0,206.9323,SSP2-4.5,2021-2040,4.141500000000008,24.368799999999993,-167.57030000000032,0.2867999999999995,3.306899999999999,0.08450000000000024,12.190400000000002,24.1882625,-38.78756249999998,0.7717624999999997,3.6898624999999994,-0.11896250000000008,13.0259625,2.00002387615465,1.5895170961990874
121.9,25.05,177.6348,SSP2-4.5,2021-2040,10.51909999999998,24.8908,16.151100000000042,0.653299999999998,4.272400000000001,0.555200000000001,12.973099999999999,24.607899999999997,28.639200000000017,1.0573749999999995,3.8625,0.13836249999999994,12.9872625,2.00002387615465,1.652712876568879
121.9,25.1,136.3095,SSP2-4.5,2021-2040,26.45779999999999,25.059599999999996,326.6377000000002,2.2668999999999997,3.993100000000002,0.8861999999999988,12.765400000000001,24.4223125,74.48488750000001,1.1858624999999996,3.399775,0.4245749999999999,13.394475,2.00002387615465,1.7159086569386703
121.9,25.15,122.7288,SSP2-4.5,2021-2040,34.807500000000005,24.477000000000004,545.4791999999998,3.7889,1.9102999999999994,2.2982999999999993,13.6173,24.4054,69.95416250000011,1.0736999999999997,3.698275,0.31746249999999976,13.480049999999999,2.00002387615465,1.7791044373084572
121.95,24.85,139.3408,SSP2-4.5,2021-2040,40.4828,24.922599999999996,243.04369999999972,2.2192999999999987,2.9862,0.7155000000000005,13.288499999999999,24.774225,-29.727937499999882,0.9458375000000003,3.3124874999999996,-0.019399999999999862,13.81155,2.105717716235871,1.3999297550897176
121.95,25.0,171.8806,SSP2-4.5,2021-2040,10.650000000000006,24.212199999999996,-40.45460000000003,0.9573,3.5,0.11899999999999977,12.313499999999998,24.982812499999998,-5.202387499999986,0.9401249999999999,3.92025,0.14353750000000032,13.3603375,2.105717716235871,1.5895170961990874
121.95,25.05,156.8258,SSP2-4.5,2021-2040,12.8125,26.079699999999995,107.22730000000001,1.2641999999999989,4.477599999999999,1.2690000000000001,14.165400000000002,24.801287499999997,114.36537499999997,1.4965999999999995,3.7902875,0.5269499999999998,13.05265,2.105717716235871,1.652712876568879
122.0,25.0,141.2376,SSP2-4.5,2021-2040,13.192600000000027,25.947199999999995,101.9363000000003,1.5050000000000008,4.753399999999999,0.6638000000000002,13.909600000000001,24.992224999999994,39.74788749999999,1.1156624999999996,3.72715,0.3181125,13.184149999999999,2.2114115563170924,1.5895170961990874
122.0,25.05,132.0459,SSP2-4.5,2021-2040,22.545500000000004,26.01299999999999,229.85939999999982,1.9834999999999994,4.9862,0.7103000000000002,13.365400000000001,24.9152,100.504325,1.4110374999999995,3.6239125,0.6375124999999999,13.11155,2.2114115563170924,1.652712876568879
122.1,25.65,212.7383,SSP2-4.5,2021-2040,-1.4120000000000061,27.514499999999998,9.50630000000001,0.2814000000000014,6.8552,0.793099999999999,14.140400000000001,24.4528375,135.12866250000008,1.4322124999999997,3.908825,0.4814624999999997,14.2851,2.422799236479535,2.4110622410063627
119.45,23.2,88.1242,SSP2-4.5,2041-2060,-3.300300000000007,74.72909999999999,32.74829999999997,0.14619999999999855,3.984499999999997,0.6275999999999993,38.3423,74.57130000000001,22.659937500000012,-0.3797625000000009,0.4810624999999993,1.4125125,38.382925,-3.1789742878254956,-0.6855309971133726
119.5,23.35,140.2317,SSP2-4.5,2041-2060,1.6587000000000103,74.3325,23.139499999999998,-0.21070000000000277,-0.7017000000000024,1.5328,38.2769,74.62087500000001,23.86103750000001,-0.3351500000000007,1.0668374999999992,1.2993625,38.391099999999994,-3.073280447744274,-0.4959436560039983
119.5,23.4,139.9822,SSP2-4.5,2041-2060,-0.887599999999992,73.8812,20.671500000000037,-0.34669999999999845,-0.9448000000000008,1.5224000000000002,39.001900000000006,74.7889875,19.553237499999994,-0.38952500000000145,0.4308374999999991,1.2310499999999998,38.713449999999995,-3.073280447744274,-0.43274787563421135
119.5,23.5,143.6065,SSP2-4.5,2041-2060,-12.083100000000002,75.4413,10.70640000000003,-0.8117000000000019,-1.0103000000000009,1.5621,40.2885,74.73765,19.507562500000006,-0.33241250000000067,-0.2765125000000008,1.3515249999999996,38.955275,-3.073280447744274,-0.3063563148946285
119.5,23.6,133.4372,SSP2-4.5,2041-2060,-11.58489999999999,74.5124,27.20519999999999,-0.45250000000000057,-1.2827999999999946,1.1292999999999997,39.201899999999995,75.042525,18.938837500000005,-0.32963750000000047,0.05431249999999821,1.276525,39.351200000000006,-3.073280447744274,-0.17996475415504562
119.5,23.65,131.2561,SSP2-4.5,2041-2060,-10.621800000000007,75.0038,30.861600000000067,-0.2010000000000005,-0.9051999999999936,1.2397,39.4115,74.8262,21.512912499999985,-0.2865625000000005,0.2377124999999971,1.1838374999999997,39.4334125,-3.073280447744274,-0.11676897378525869
119.55,23.35,139.2331,SSP2-4.5,2041-2060,-2.849400000000003,74.50210000000001,15.742399999999975,-0.40520000000000067,0.13970000000000482,1.1259000000000006,38.5365,74.599675,24.785675000000012,-0.310837500000001,0.9616624999999983,1.3502249999999998,38.35865,-2.967586607663053,-0.4959436560039983
119.55,23.55,151.4465,SSP2-4.5,2041-2060,-17.98509999999999,75.2389,4.07650000000001,-0.6351000000000013,0.8292999999999893,1.5344999999999995,39.0673,74.9783375,20.381387500000017,-0.3454875000000004,-0.1277999999999988,1.2592874999999997,39.0944625,-2.967586607663053,-0.24316053452483705
119.55,23.65,133.0819,SSP2-4.5,2041-2060,-12.508599999999987,74.8611,29.148199999999974,-0.2605000000000004,-0.5,1.1517,38.830799999999996,74.8939625,21.13015,-0.2625250000000001,0.3484874999999992,1.1881624999999998,39.2913375,-2.967586607663053,-0.11676897378525869
119.6,23.25,136.6252,SSP2-4.5,2041-2060,-4.4594000000000165,74.3494,35.25189999999998,-0.4035000000000011,0.9483000000000033,0.9033999999999995,37.5865,74.6187625,22.34698750000001,-0.31105000000000094,0.8605874999999985,1.3780375,38.4774,-2.8618927675818315,-0.6223352167435812
119.6,23.55,143.8459,SSP2-4.5,2041-2060,-15.774799999999999,75.2062,7.555700000000002,-0.3437000000000019,0.5396999999999963,1.4327999999999994,38.4077,74.92025000000001,19.194125000000014,-0.4009875000000007,0.18016249999999978,1.2299624999999998,39.005275,-2.8618927675818315,-0.24316053452483705
119.6,23.6,141.1564,SSP2-4.5,2041-2060,-15.691399999999987,74.8651,13.402299999999968,-0.2090999999999994,0.7533999999999992,1.2689999999999992,39.444199999999995,74.89355,20.937900000000013,-0.3155625000000004,0.4816874999999996,1.1896624999999998,38.866587499999994,-2.8618927675818315,-0.17996475415504562
119.6,23.65,136.5514,SSP2-4.5,2041-2060,-15.241600000000005,74.9479,22.793499999999995,-0.059099999999997266,1.377600000000001,1.0621,38.7442,74.7884,25.529449999999997,-0.21176250000000074,0.3696124999999988,1.1204749999999999,39.514912499999994,-2.8618927675818315,-0.11676897378525869
119.6,23.7,132.8465,SSP2-4.5,2041-2060,-13.818899999999985,74.77590000000001,32.966499999999996,-0.11690000000000111,-0.6500000000000057,0.9603000000000002,40.6154,74.723175,26.714012499999995,-0.2181375000000001,0.39525000000000077,1.0952624999999998,39.380287499999994,-2.8618927675818315,-0.053573193415467256
119.6,23.75,131.5149,SSP2-4.5,2041-2060,-13.175900000000013,74.2021,34.95539999999994,-0.215600000000002,0.8344999999999914,0.931,41.1558,74.79490000000001,26.465400000000002,-0.20579999999999998,0.20968750000000114,1.098925,39.3127375,-2.8618927675818315,0.009622586954324176
119.65,23.25,154.9015,SSP2-4.5,2041-2060,-0.9651000000000067,73.61880000000001,64.13560000000007,0.11850000000000094,4.048300000000005,1.6862000000000004,35.8981,74.60006249999999,23.557887500000007,-0.35093750000000123,0.3039000000000005,1.1819,38.564162499999995,-2.7561989275005803,-0.6223352167435812
119.65,23.55,137.1792,SSP2-4.5,2041-2060,-14.722600000000014,74.9889,21.378200000000106,-0.42630000000000123,0.005200000000002092,1.2275999999999998,38.4269,74.886025,20.143374999999992,-0.2755500000000004,0.7368499999999987,1.1728499999999997,38.85023749999999,-2.7561989275005803,-0.24316053452483705
119.65,23.6,135.7117,SSP2-4.5,2041-2060,-14.358500000000006,74.79150000000001,25.166000000000054,-0.26450000000000173,0.7586000000000013,1.1017000000000001,38.8154,74.852825,23.281149999999997,-0.23100000000000032,0.4577624999999994,1.1168124999999998,38.9951875,-2.7561989275005803,-0.17996475415504562
119.65,23.65,133.1052,SSP2-4.5,2041-2060,-14.897199999999998,74.6015,30.179899999999975,-0.08279999999999887,2.1259000000000015,0.8775999999999993,39.4385,74.876575,22.654412500000007,-0.2537125000000007,0.2868499999999994,1.144825,38.9173,-2.7561989275005803,-0.11676897378525869
119.7,23.55,133.6888,SSP2-4.5,2041-2060,-13.672699999999992,74.576,28.824899999999957,-0.34960000000000235,0.010300000000000864,0.9534000000000002,38.053799999999995,74.93763750000001,19.21253750000001,-0.28513750000000027,0.7362124999999988,1.2071249999999996,38.896875,-2.6505050874193588,-0.24316053452483705
120.0,23.45,147.1014,SSP2-4.5,2041-2060,-3.0745000000000005,74.3107,55.24770000000001,-0.4639000000000024,1.5465000000000089,1.5052000000000003,39.221199999999996,74.7691875,73.40468750000002,0.22779999999999978,-0.3646375000000006,1.4512749999999999,39.3425375,-2.016342046932001,-0.3695520952644199
120.05,23.05,151.7014,SSP2-4.5,2041-2060,12.513800000000003,72.10409999999999,55.0634,0.6550000000000011,0.3913999999999902,0.49659999999999993,35.517300000000006,73.2935375,78.54814999999999,1.1431250000000008,3.461425000000001,1.063575,37.158175,-1.9106482068507795,-0.8751183382227424
120.05,23.1,160.5833,SSP2-4.5,2041-2060,10.542699999999996,72.9103,33.99719999999979,0.5061,4.732800000000012,0.6621000000000006,35.411500000000004,73.9471375,69.33910000000006,0.8448750000000005,2.8732624999999965,1.0648749999999998,37.817075,-1.9106482068507795,-0.811922557852951
120.05,23.15,161.5848,SSP2-4.5,2041-2060,10.337999999999994,71.83779999999999,44.67510000000016,0.21620000000000061,4.887900000000002,0.8224,35.4481,73.85745,68.99465000000001,0.6840875000000004,3.017887499999998,1.075875,37.5740375,-1.9106482068507795,-0.748726777483164
120.05,23.5,152.7158,SSP2-4.5,2041-2060,-1.6149000000000058,75.0149,60.2278,-0.4112000000000009,0.6189999999999998,1.6430999999999996,40.9769,74.4420125,74.6087375,0.5270874999999995,-0.6387874999999994,1.3827500000000004,40.193987500000006,-1.9106482068507795,-0.3063563148946285
120.1,23.05,164.0755,SSP2-4.5,2041-2060,19.0711,72.2683,85.76459999999997,1.2653999999999996,1.667199999999994,0.8344999999999994,37.8308,73.37542499999999,84.36137499999998,1.2897125000000007,3.1192,1.1004375,37.050237499999994,-1.8049543667695582,-0.8751183382227424
120.1,23.1,164.0134,SSP2-4.5,2041-2060,12.715600000000023,74.52029999999999,53.71160000000009,0.9764000000000017,5.3378999999999905,0.7982999999999993,38.0462,73.67951249999999,73.0957,1.0197375000000006,2.8299625000000006,1.0605625,37.4358125,-1.8049543667695582,-0.811922557852951
120.1,23.15,162.4066,SSP2-4.5,2041-2060,12.457099999999997,75.6361,58.17270000000008,0.47360000000000113,5.032800000000002,1.5776000000000003,38.569199999999995,74.10242500000001,68.53237500000003,0.9163125000000005,3.0374874999999992,1.0353499999999998,38.063950000000006,-1.8049543667695582,-0.748726777483164
120.1,23.2,171.3221,SSP2-4.5,2041-2060,7.358000000000004,73.7184,91.38990000000013,0.1255999999999986,1.4671999999999983,1.213799999999999,37.3712,74.3888375,71.78142500000004,0.6959250000000008,3.417237499999998,1.2116375,38.348800000000004,-1.8049543667695582,-0.6855309971133726
120.1,23.25,167.5961,SSP2-4.5,2041-2060,3.3012999999999977,72.5825,99.72839999999997,0.19620000000000104,3.062100000000001,1.4931,36.8519,74.61827500000001,78.69985,0.5620625000000001,2.0726375,1.1881499999999996,38.52885,-1.8049543667695582,-0.6223352167435812
120.1,23.3,161.8927,SSP2-4.5,2041-2060,0.6758000000000095,73.0636,99.32069999999999,0.06240000000000023,0.12409999999999854,1.5602999999999998,36.7154,74.15858750000001,82.12031249999998,0.4748999999999999,1.806687499999999,1.2286624999999995,38.0072,-1.8049543667695582,-0.5591394363737897
120.1,23.35,160.5993,SSP2-4.5,2041-2060,-3.169700000000006,74.9662,80.11629999999991,-0.27690000000000126,-2.601699999999994,1.3154999999999992,37.5865,74.15559999999999,78.99265000000003,0.5765750000000005,1.6385875000000008,1.3542999999999998,38.3189875,-1.8049543667695582,-0.4959436560039983
120.1,23.55,158.8799,SSP2-4.5,2041-2060,-6.7058999999999855,74.1596,74.40639999999996,-0.07530000000000214,-1.7948000000000093,1.4103000000000003,40.9192,73.8584875,83.61865000000002,0.6736249999999999,-1.7301625000000005,1.297625,40.329575000000006,-1.8049543667695582,-0.24316053452483705
120.1,23.65,147.0171,SSP2-4.5,2041-2060,-5.47890000000001,72.5393,96.83030000000008,0.964500000000001,-5.491399999999999,0.9516999999999998,37.6327,72.2519875,91.9738125,0.9551500000000002,-1.2032375000000002,1.1806,39.837737499999996,-1.8049543667695582,-0.11676897378525869
120.15,22.9,182.8242,SSP2-4.5,2041-2060,11.010400000000004,70.59200000000001,89.41920000000005,1.8623000000000012,3.4551999999999907,0.7241,34.915400000000005,73.71043750000001,106.72686250000004,1.9604874999999997,3.7840624999999966,1.0997875000000004,37.119225,-1.699260526688307,-1.0647056793321166
120.15,22.95,183.9828,SSP2-4.5,2041-2060,15.762900000000002,70.1282,98.84480000000008,1.9243999999999986,4.45689999999999,0.8396999999999997,35.2692,72.5347375,113.3978875,1.9227500000000006,3.3946249999999996,1.3368500000000005,36.4918375,-1.699260526688307,-1.0015098989623252
120.15,23.0,179.0614,SSP2-4.5,2041-2060,21.585000000000008,71.6156,119.10079999999994,1.940100000000001,2.556899999999999,1.2534,36.24419999999999,72.0060125,108.01498749999999,1.8690500000000005,3.2726499999999987,1.2954875000000001,36.3430375,-1.699260526688307,-0.9383141185925338
120.15,23.05,168.845,SSP2-4.5,2041-2060,28.63069999999999,73.1874,141.1570999999999,1.9948000000000015,1.72590000000001,1.3155000000000001,36.955799999999996,73.57273749999999,93.13853749999998,1.6589625000000003,3.2187499999999973,1.2514999999999998,37.667312499999994,-1.699260526688307,-0.8751183382227424
120.15,23.1,171.8789,SSP2-4.5,2041-2060,16.758700000000005,74.3725,91.80610000000001,1.772400000000001,1.75,1.2447999999999997,38.7596,74.73513750000001,86.05031250000002,1.3607250000000004,3.4961249999999993,1.2075375,38.5016875,-1.699260526688307,-0.811922557852951
120.15,23.15,172.6805,SSP2-4.5,2041-2060,9.35220000000001,77.11959999999999,74.12940000000003,1.2744,2.4516999999999953,1.5310000000000006,40.994200000000006,75.4578875,71.10326250000003,1.053525000000001,3.5646500000000003,1.19375,39.16515,-1.699260526688307,-0.748726777483164
120.15,23.2,173.6379,SSP2-4.5,2041-2060,7.377600000000001,76.07220000000001,72.78510000000006,1.1940000000000026,2.005200000000002,1.1759000000000004,40.650000000000006,75.34208749999999,71.44905,0.8371875000000002,3.6396500000000005,1.2415875,39.280775000000006,-1.699260526688307,-0.6855309971133726
120.15,23.25,176.7822,SSP2-4.5,2041-2060,3.852000000000004,74.27860000000001,71.72839999999997,1.174199999999999,4.436199999999992,0.7344999999999988,39.5154,74.3012,78.65347499999996,0.6054375000000003,2.6508624999999997,1.2224125,38.6286125,-1.699260526688307,-0.6223352167435812
120.15,23.3,164.996,SSP2-4.5,2041-2060,2.5797000000000025,74.0748,94.24309999999991,0.5313000000000017,3.2413999999999987,1.2396999999999991,37.9519,74.04415,77.62296249999997,0.5293749999999999,1.7638124999999993,1.1644249999999996,38.2903875,-1.699260526688307,-0.5591394363737897
120.15,23.35,166.8912,SSP2-4.5,2041-2060,-2.8145999999999844,75.71170000000001,86.38550000000009,0.482800000000001,0.03279999999999461,1.2275999999999998,38.3,73.9325,69.5863875,0.5907749999999998,1.828450000000002,1.2618374999999995,38.1064875,-1.699260526688307,-0.4959436560039983
120.15,23.4,167.3857,SSP2-4.5,2041-2060,-7.084300000000013,75.026,70.82860000000005,1.0286000000000008,0.9810000000000088,1.5879000000000012,38.069199999999995,74.4308,70.31605000000002,0.6076249999999996,1.397637500000001,1.2571124999999994,38.837975,-1.699260526688307,-0.43274787563421135
120.15,23.45,169.7463,SSP2-4.5,2041-2060,-9.579499999999996,75.2072,59.540500000000065,0.4681999999999995,-0.017200000000002547,1.2878999999999996,40.7269,74.88210000000001,70.97225000000003,0.8393249999999997,0.7111999999999989,1.32715,39.7012,-1.699260526688307,-0.3695520952644199
120.15,23.5,182.3152,SSP2-4.5,2041-2060,-15.916200000000003,75.0043,56.41170000000011,0.543800000000001,-0.26030000000000086,1.5776000000000003,41.446200000000005,74.6054,79.26082499999995,0.7303749999999996,-0.7023625000000022,1.3353375,40.7699375,-1.699260526688307,-0.3063563148946285
120.15,23.55,169.2276,SSP2-4.5,2041-2060,-13.862200000000001,73.699,81.72199999999998,0.43789999999999907,-2.705200000000005,1.4707,40.3519,74.0131125,85.45324999999998,0.8124749999999996,-1.228225000000002,1.2564625,40.9461625,-1.699260526688307,-0.24316053452483705
120.15,23.6,154.9187,SSP2-4.5,2041-2060,-5.590699999999998,71.6678,112.31309999999996,1.029,-2.151699999999991,1.1362000000000005,39.2154,73.26825,89.7126,0.8153874999999999,-1.8191875,1.1433125,40.1714,-1.699260526688307,-0.17996475415504562
120.15,23.65,152.2337,SSP2-4.5,2041-2060,-4.810200000000009,71.80850000000001,115.98630000000014,1.6601999999999997,-1.0551999999999992,0.8861999999999997,39.3712,72.3087625,90.46974999999998,1.0873875000000002,-1.5916124999999983,1.0663875000000003,39.4911,-1.699260526688307,-0.11676897378525869
120.15,23.7,159.0972,SSP2-4.5,2041-2060,-10.679299999999984,71.981,92.84529999999995,1.5272000000000006,-2.927599999999998,1.2914000000000003,38.8269,71.915625,91.47648750000002,1.2227625000000009,-0.8637999999999977,0.9301750000000001,39.804087499999994,-1.699260526688307,-0.053573193415467256
120.15,23.75,155.5938,SSP2-4.5,2041-2060,-11.849099999999993,71.1098,74.63430000000005,0.9377000000000031,0.5327999999999946,1.0569000000000006,40.732699999999994,71.61806250000001,78.40885,1.2369250000000003,-0.26917499999999883,0.9030249999999999,40.9593625,-1.699260526688307,0.009622586954324176
120.15,23.8,149.9186,SSP2-4.5,2041-2060,-10.287499999999994,69.8902,59.38670000000002,0.960799999999999,0.6828000000000003,0.8068999999999997,42.3519,70.72761249999999,62.24511249999999,1.0347125000000008,-0.9652999999999992,1.0109875000000001,41.6264375,-1.699260526688307,0.0728183673241156
120.2,22.8,197.0965,SSP2-4.5,2041-2060,7.987700000000018,79.5451,90.93520000000012,1.7032000000000025,3.6240999999999985,0.6207000000000011,39.1423,78.2989,91.21482500000002,1.5332999999999997,3.7935624999999966,0.9737000000000005,39.424274999999994,-1.5935666866070857,-1.191097240071695
120.2,22.85,199.0056,SSP2-4.5,2041-2060,8.06110000000001,77.8938,90.74319999999989,1.9685999999999986,4.546599999999998,0.4948000000000006,38.724999999999994,75.36550000000001,96.69275000000007,1.7197000000000005,3.4368624999999957,0.9836250000000003,37.93653750000001,-1.5935666866070857,-1.1279014597019037
120.2,22.9,190.9749,SSP2-4.5,2041-2060,14.270700000000005,73.93530000000001,88.0159000000001,1.7056000000000004,4.798299999999998,1.5017000000000005,37.4577,73.7711625,104.49011250000004,2.0809124999999997,3.8918249999999963,1.0265125000000002,37.06635,-1.5935666866070857,-1.0647056793321166
120.2,22.95,197.0414,SSP2-4.5,2041-2060,13.002600000000001,70.5189,110.03980000000001,1.4529000000000032,3.719000000000001,1.4690000000000012,35.2442,72.7195875,108.70101250000002,2.0516625,3.6635874999999976,1.3077625000000002,36.5964,-1.5935666866070857,-1.0015098989623252
120.2,23.0,195.1873,SSP2-4.5,2041-2060,12.586000000000013,71.63929999999999,102.23519999999985,1.8987000000000016,4.5914,2.0138000000000007,35.8635,72.9418125,116.85775000000001,2.003025,3.1801875000000006,1.3860000000000001,36.7151375,-1.5935666866070857,-0.9383141185925338
120.2,23.05,177.4156,SSP2-4.5,2041-2060,23.111699999999985,72.6571,121.88210000000004,1.999299999999998,3.4258999999999986,1.4552000000000005,36.8981,74.34389999999999,102.19094999999996,1.9115875000000009,2.8519500000000013,1.3626999999999998,37.8896625,-1.5935666866070857,-0.8751183382227424
120.2,23.1,182.2399,SSP2-4.5,2041-2060,15.88069999999999,75.0784,86.35969999999998,1.6449999999999996,3.132799999999996,0.8447999999999993,38.8519,75.66555,90.97,1.6162125000000005,2.7890000000000024,1.3252000000000002,39.1774,-1.5935666866070857,-0.811922557852951
120.2,23.15,197.3576,SSP2-4.5,2041-2060,3.784400000000005,77.41390000000001,67.22530000000006,1.2569000000000017,5.194800000000008,1.3034000000000008,39.8673,76.092,73.06862499999997,1.2975000000000008,2.7308125000000008,1.26315,40.13365,-1.5935666866070857,-0.748726777483164
120.2,23.2,193.4613,SSP2-4.5,2041-2060,-2.0307999999999993,76.8513,47.375699999999824,0.9843000000000011,4.596500000000006,1.3914000000000009,41.205799999999996,75.60248750000001,66.00776249999998,1.0648875000000002,2.9530125000000007,1.2168125,40.176437500000006,-1.5935666866070857,-0.6855309971133726
120.2,23.25,181.3037,SSP2-4.5,2041-2060,-0.49679999999997904,75.1363,61.84259999999995,1.212299999999999,2.8759000000000015,0.6879,39.8712,74.3447125,59.38134999999994,0.7842875000000005,3.2993499999999987,1.2599249999999997,39.710575000000006,-1.5935666866070857,-0.6223352167435812
120.2,23.3,176.4082,SSP2-4.5,2041-2060,-8.538600000000002,72.9105,62.54229999999984,0.5373999999999981,3.8344999999999914,1.017199999999999,38.4115,74.0271125,57.85747500000002,0.8060250000000004,2.6429,1.1116374999999996,39.1666,-1.5935666866070857,-0.5591394363737897
120.2,23.35,181.8558,SSP2-4.5,2041-2060,-11.105899999999991,73.7038,59.31950000000006,0.8466000000000022,2.3466000000000093,1.2792999999999992,39.071200000000005,74.02917500000001,60.12461250000004,0.7581249999999997,2.5217624999999995,1.2236999999999998,38.790625,-1.5935666866070857,-0.4959436560039983
120.2,23.4,177.111,SSP2-4.5,2041-2060,-8.990099999999984,73.8752,62.57490000000007,0.9964999999999975,3.3378999999999976,1.1585999999999999,38.8654,74.6274,61.057337500000074,0.8375749999999997,1.704525000000002,1.2495624999999997,39.1454375,-1.5935666866070857,-0.43274787563421135
120.2,23.45,179.4661,SSP2-4.5,2041-2060,-12.217399999999998,73.656,59.16509999999994,0.9149999999999991,2.924100000000003,1.3792999999999997,38.36150000000001,75.18925,66.98143750000006,0.9209749999999994,1.1189624999999994,1.310125,40.403850000000006,-1.5935666866070857,-0.3695520952644199
120.2,23.5,174.421,SSP2-4.5,2041-2060,-9.2697,76.4615,86.39989999999989,1.2484000000000002,-0.7086000000000041,1.0862000000000007,41.6019,75.056025,67.96892500000001,0.7320374999999997,0.1357749999999971,1.4023749999999997,41.066587500000004,-1.5935666866070857,-0.3063563148946285
120.2,23.55,178.3221,SSP2-4.5,2041-2060,-13.699100000000016,75.92689999999999,85.91749999999979,0.6966000000000001,-2.7793000000000063,1.4276,42.915400000000005,74.299575,80.32688750000001,0.8117624999999999,-0.8114124999999994,1.2612125,40.9598625,-1.5935666866070857,-0.24316053452483705
120.2,23.6,175.7264,SSP2-4.5,2041-2060,-16.29000000000002,71.8098,90.10889999999995,0.7870999999999988,-1.2982999999999976,1.0655000000000001,40.05,73.50857500000001,86.8815375,0.9231750000000001,-0.8075499999999991,1.16445,40.67285,-1.5935666866070857,-0.17996475415504562
120.2,23.65,157.1646,SSP2-4.5,2041-2060,-6.245400000000018,71.7804,93.77419999999995,1.3374000000000024,1.7741000000000042,1.1276000000000002,39.2346,72.57453749999999,90.059875,1.195925,-0.5941874999999968,0.9036750000000001,40.061062500000006,-1.5935666866070857,-0.11676897378525869
120.2,23.7,156.8797,SSP2-4.5,2041-2060,-5.342800000000011,71.4958,91.86239999999998,1.7164000000000001,-1.3706999999999994,0.4897,39.2692,72.0827125,81.8025,1.186150000000001,0.36831250000000004,1.003675,40.577400000000004,-1.5935666866070857,-0.053573193415467256
120.2,23.75,158.5914,SSP2-4.5,2041-2060,-11.0231,71.0095,72.30529999999999,0.9037000000000006,-2.963799999999992,1.2378999999999998,41.4654,71.5596625,69.33722499999999,1.1662625000000006,-0.16334999999999944,0.88255,41.3641625,-1.5935666866070857,0.009622586954324176
120.2,23.8,159.4839,SSP2-4.5,2041-2060,-12.363200000000006,71.28399999999999,54.31200000000001,0.9037000000000006,-0.667199999999994,1.0809999999999995,42.75,70.42718749999999,60.44839999999999,0.9844000000000004,-0.2931000000000008,0.9234875,41.8894125,-1.5935666866070857,0.0728183673241156
120.2,23.85,150.5228,SSP2-4.5,2041-2060,-10.210099999999983,68.60229999999999,48.20749999999998,0.9264999999999972,0.12239999999999895,0.7328000000000001,42.2731,69.3493625,54.92361249999999,1.0970750000000002,-1.3375124999999972,0.9713250000000001,41.2283625,-1.5935666866070857,0.13601414769390704
120.25,22.6,206.2164,SSP2-4.5,2041-2060,-2.1765000000000043,85.9147,45.128799999999956,1.4144000000000005,5.831000000000003,1.996599999999999,41.4308,81.754075,33.16493749999998,1.2221499999999992,5.731674999999999,2.240275,39.953125,-1.4878728465258642,-1.4438803615508562
120.25,22.65,214.8677,SSP2-4.5,2041-2060,-0.07620000000000005,82.18029999999999,66.8152,1.746699999999997,5.724099999999993,1.7672000000000008,41.9385,82.40221249999999,44.17059999999995,1.2536374999999995,5.269812500000001,1.8762874999999999,40.874275,-1.4878728465258642,-1.3806845811810693
120.25,22.7,222.8883,SSP2-4.5,2041-2060,-1.1491999999999791,79.35759999999999,84.8279,1.3501000000000012,2.401699999999991,1.4809999999999999,39.8808,81.4942875,63.73234999999997,1.3861749999999988,5.085562500000003,1.4114250000000004,41.0663375,-1.4878728465258642,-1.317488800811278
120.25,22.75,220.3806,SSP2-4.5,2041-2060,2.7084000000000117,80.8254,87.46059999999989,1.2091999999999992,3.4466000000000037,1.1293000000000006,39.8115,80.5981625,82.83975000000001,1.5072625,4.0092624999999975,1.1232750000000007,40.78895,-1.4878728465258642,-1.2542930204414864
120.25,22.8,217.3803,SSP2-4.5,2041-2060,2.980799999999988,80.44640000000001,94.06660000000011,1.319499999999998,1.312100000000001,0.9207000000000001,40.1615,78.806875,92.3843,1.6058750000000002,4.008199999999997,1.0049500000000005,39.718025,-1.4878728465258642,-1.191097240071695
120.25,22.85,205.1626,SSP2-4.5,2041-2060,8.424000000000007,76.8023,89.85530000000017,2.1647,3.8844999999999885,0.8224,38.759600000000006,77.3615625,94.42425000000003,1.7382125,3.6045374999999975,0.9911625000000002,39.0762125,-1.4878728465258642,-1.1279014597019037
120.25,22.9,205.1656,SSP2-4.5,2041-2060,9.070299999999975,74.8494,112.40300000000002,2.1438999999999986,3.1809999999999974,0.9413999999999998,38.75580000000001,74.92305,105.20073750000003,2.0612624999999998,4.1969999999999965,1.2114250000000002,37.77476250000001,-1.4878728465258642,-1.0647056793321166
120.25,22.95,208.7716,SSP2-4.5,2041-2060,7.001000000000005,73.94,144.8121000000001,2.3836999999999975,3.1293000000000006,1.475900000000001,36.4981,74.19501249999999,106.22628749999998,2.2158500000000005,3.8413874999999997,1.5452625,38.01298750000001,-1.4878728465258642,-1.0015098989623252
120.25,23.0,207.0415,SSP2-4.5,2041-2060,4.978999999999985,75.05690000000001,114.77710000000002,2.5546000000000006,3.139700000000005,1.7120999999999995,37.767300000000006,74.3935625,103.05124999999998,1.9902000000000002,3.5640124999999987,1.6644500000000002,38.2471125,-1.4878728465258642,-0.9383141185925338
120.25,23.05,201.4759,SSP2-4.5,2041-2060,7.4365999999999985,76.43039999999999,84.2482,1.7744,3.2879000000000005,1.5671999999999997,38.8442,75.749575,88.48747499999996,1.8991250000000006,3.2271624999999995,1.5221999999999998,39.425725,-1.4878728465258642,-0.8751183382227424
120.25,23.1,193.5872,SSP2-4.5,2041-2060,6.371700000000004,77.3707,77.84339999999997,1.7127000000000017,2.6310000000000002,0.9499999999999993,39.830799999999996,76.4246875,76.44903749999997,1.5449000000000002,3.3443875000000007,1.3823124999999998,39.917775,-1.4878728465258642,-0.811922557852951
120.25,23.15,192.8901,SSP2-4.5,2041-2060,6.409700000000015,76.7728,69.46839999999997,1.1448,1.8448000000000064,1.2345000000000006,41.2692,76.2170625,69.65092499999992,1.3252000000000006,3.5284250000000013,1.3150749999999998,40.01755,-1.4878728465258642,-0.748726777483164
120.25,23.2,198.0553,SSP2-4.5,2041-2060,-0.4041999999999746,75.0985,64.7811999999999,0.6524000000000001,3.4345,1.7327999999999992,39.5077,75.07375,63.90131249999993,1.0442,2.654075000000004,1.33555,39.9783625,-1.4878728465258642,-0.6855309971133726
120.25,23.25,200.0552,SSP2-4.5,2041-2060,-6.012900000000002,72.928,46.10169999999994,0.6100999999999992,1.3810000000000002,1.3345000000000002,39.7365,73.71809999999999,46.74744999999996,0.675475,3.2760750000000005,1.4461125,39.71275,-1.4878728465258642,-0.6223352167435812
120.25,23.3,181.8647,SSP2-4.5,2041-2060,-7.360600000000005,72.5438,15.49330000000009,0.590600000000002,3.4654999999999987,1.4534000000000002,40.705799999999996,73.1886375,39.48606250000003,0.6641999999999997,2.648500000000002,1.2562374999999997,39.113712500000005,-1.4878728465258642,-0.5591394363737897
120.25,23.35,175.3702,SSP2-4.5,2041-2060,-5.61190000000002,73.8399,27.74570000000017,1.0002999999999993,3.363800000000005,0.9361999999999995,38.180800000000005,73.2873375,38.02847500000007,0.72315,3.1818875,1.2579624999999999,39.47525,-1.4878728465258642,-0.4959436560039983
120.25,23.4,177.6964,SSP2-4.5,2041-2060,-5.8142,74.2515,61.183500000000095,0.8974999999999973,1.9172000000000011,1.1689999999999996,39.8404,74.189125,49.390250000000066,0.9165874999999994,2.681675000000003,1.2163749999999998,39.344,-1.4878728465258642,-0.43274787563421135
120.25,23.45,174.0829,SSP2-4.5,2041-2060,-4.997799999999984,75.6231,64.29030000000012,1.0615999999999985,2.0878999999999976,1.1292999999999997,40.6135,75.011675,65.57901250000003,0.9754249999999991,2.263562500000001,1.3004375,40.285325,-1.4878728465258642,-0.3695520952644199
120.25,23.5,175.4561,SSP2-4.5,2041-2060,-8.58329999999998,76.0652,74.62210000000005,1.1232000000000006,1.6137999999999977,1.4844999999999988,42.0673,75.3888375,70.09294999999997,0.8639374999999996,0.9051624999999985,1.3672499999999999,41.0060125,-1.4878728465258642,-0.3063563148946285
120.25,23.55,180.6196,SSP2-4.5,2041-2060,-16.653899999999993,75.2665,62.08220000000006,0.6099999999999994,0.22239999999999327,1.4620999999999995,42.05,74.8139625,81.50861249999997,0.9153250000000002,0.13448750000000054,1.2416,41.2827,-1.4878728465258642,-0.24316053452483705
120.25,23.6,176.2028,SSP2-4.5,2041-2060,-15.268799999999999,74.42249999999999,78.9552000000001,0.7147000000000006,-1.2033999999999878,0.8068999999999997,40.8962,73.80272500000001,80.68233749999995,0.9173250000000004,0.29438749999999914,1.239025,41.1923125,-1.4878728465258642,-0.17996475415504562
120.25,23.65,168.6701,SSP2-4.5,2041-2060,-14.363,73.49700000000001,64.30179999999996,0.8995999999999995,1.437899999999999,0.9983000000000004,41.3481,73.0854625,86.61166249999998,1.1283875000000005,0.5497875000000025,0.9248000000000001,40.8682625,-1.4878728465258642,-0.11676897378525869
120.25,23.7,176.4131,SSP2-4.5,2041-2060,-13.751999999999981,73.91390000000001,74.106,1.2332,3.8155,0.5552000000000001,41.5115,72.4688625,79.84329999999999,1.1552250000000006,0.3502125000000005,0.9666125000000001,41.52235,-1.4878728465258642,-0.053573193415467256
120.25,23.75,176.3085,SSP2-4.5,2041-2060,-17.412800000000004,71.5616,66.46679999999992,0.9902000000000015,2.3327999999999918,0.8758999999999997,42.1288,72.06569999999999,72.371425,1.1543375,-0.4937499999999977,0.8601249999999999,42.052875,-1.4878728465258642,0.009622586954324176
120.25,23.8,169.3849,SSP2-4.5,2041-2060,-11.944499999999977,71.241,41.084299999999985,1.0609000000000002,-3.7051999999999907,0.9033999999999995,43.3423,70.36825,64.65299999999999,1.0711249999999999,-0.3799625000000004,0.9461250000000001,41.8362875,-1.4878728465258642,0.0728183673241156
120.25,23.85,157.8286,SSP2-4.5,2041-2060,-9.728499999999997,69.0317,48.10540000000003,1.0278000000000027,-0.44660000000000366,0.9086000000000007,41.4923,69.16729999999998,58.80562499999998,1.1297124999999997,-1.0463499999999977,0.8857750000000001,40.880525,-1.4878728465258642,0.13601414769390704
120.25,23.9,148.1982,SSP2-4.5,2041-2060,-8.138000000000005,67.653,38.29570000000001,1.0470999999999968,-0.08970000000000766,0.8793000000000006,40.25580000000001,68.23352499999999,55.17246250000001,1.1021125000000005,-0.9696374999999984,0.7637875000000001,40.0850875,-1.4878728465258642,0.19920992806369398
120.3,22.5,208.2381,SSP2-4.5,2041-2060,-5.409500000000008,80.1032,19.389400000000023,1.6270999999999987,8.208600000000004,2.036199999999999,36.1923,81.14105,16.275350000000003,1.3362625000000001,7.528662500000001,2.2586125,37.7615375,-1.3821790064446429,-1.570271922290439
120.3,22.55,225.1234,SSP2-4.5,2041-2060,-6.929200000000009,80.9109,31.746599999999944,1.4147999999999996,6.932800000000007,2.5569000000000006,38.0096,81.596475,18.161787500000003,1.3199625,7.259900000000002,2.1926624999999995,38.336775,-1.3821790064446429,-1.5070761419206478
120.3,22.6,230.9354,SSP2-4.5,2041-2060,-3.0459999999999923,84.6782,50.22460000000001,1.6499999999999986,6.951700000000002,2.8500000000000005,41.0519,82.0780625,28.29578749999996,1.2381124999999993,6.028437500000001,2.0534375000000002,40.1728375,-1.3821790064446429,-1.4438803615508562
120.3,22.65,240.0305,SSP2-4.5,2041-2060,-8.282099999999986,83.0291,55.65729999999985,1.2722999999999978,5.413800000000009,1.9033999999999995,41.8173,82.08483749999999,35.83393749999999,1.2659374999999993,5.7917875,1.945475,41.11755,-1.3821790064446429,-1.3806845811810693
120.3,22.7,248.9375,SSP2-4.5,2041-2060,-10.479800000000012,80.713,50.9704999999999,1.7134,5.896500000000003,0.8397000000000006,41.259600000000006,81.0513875,60.852499999999964,1.300374999999999,4.8916,1.5706750000000005,41.225962499999994,-1.3821790064446429,-1.317488800811278
120.3,22.75,241.4981,SSP2-4.5,2041-2060,2.4956999999999994,79.71020000000001,100.15039999999999,1.5807000000000002,5.7483,0.9155000000000015,40.474999999999994,80.2763375,75.29878749999997,1.3715499999999996,3.9924625000000002,1.3353500000000005,40.878837499999996,-1.3821790064446429,-1.2542930204414864
120.3,22.8,228.2381,SSP2-4.5,2041-2060,4.0841000000000065,80.5432,80.61959999999999,0.9126000000000012,3.091399999999993,1.1362000000000005,40.9481,78.2900125,93.452,1.6819374999999992,3.653037499999998,1.1853500000000003,39.5149,-1.3821790064446429,-1.191097240071695
120.3,22.85,215.0137,SSP2-4.5,2041-2060,16.173300000000012,76.2346,98.80700000000002,1.4055,3.520699999999991,0.8689999999999998,39.0558,76.36160000000001,88.00783750000002,1.9285874999999995,3.4553999999999983,1.2734874999999999,38.6521625,-1.3821790064446429,-1.1279014597019037
120.3,22.9,209.3031,SSP2-4.5,2041-2060,13.632599999999996,75.4447,99.80349999999999,2.7468000000000004,4.762100000000004,1.444799999999999,38.3635,74.52121249999999,87.90338750000004,2.1466499999999993,4.2530249999999965,1.2276,37.786775000000006,-1.3821790064446429,-1.0647056793321166
120.3,22.95,218.45,SSP2-4.5,2041-2060,3.3887,74.6148,119.52909999999997,2.6622999999999983,5.215499999999992,1.6137999999999995,38.0942,75.4106375,78.9206375,2.3477500000000004,4.393750000000001,1.3974125,38.781975,-1.3821790064446429,-1.0015098989623252
120.3,23.0,219.9452,SSP2-4.5,2041-2060,-2.669700000000006,77.5008,103.00669999999991,2.562000000000001,1.3241000000000014,1.6654999999999998,42.5577,76.0372,64.592075,2.027175,5.110124999999998,1.575225,38.9581625,-1.3821790064446429,-0.9383141185925338
120.3,23.05,227.2896,SSP2-4.5,2041-2060,-8.850400000000008,77.84719999999999,38.656799999999976,1.1883000000000017,3.8189999999999955,2.0551999999999992,41.9769,76.78932499999999,63.01728749999998,1.9440875000000006,4.3473875,1.4987,39.534375,-1.3821790064446429,-0.8751183382227424
120.3,23.1,210.2699,SSP2-4.5,2041-2060,-1.4710000000000036,78.8462,63.13879999999995,1.6324000000000005,3.753399999999999,1.4809999999999999,41.6596,76.25117499999999,62.83313749999999,1.5833375000000003,3.8920000000000003,1.4916,39.3557625,-1.3821790064446429,-0.811922557852951
120.3,23.15,200.9192,SSP2-4.5,2041-2060,3.924900000000008,76.3515,80.61299999999983,1.7180999999999997,2.2965000000000018,1.1171999999999986,39.974999999999994,75.34687500000001,67.80799999999996,1.3541125000000007,3.5372625000000015,1.5721999999999998,39.2432625,-1.3821790064446429,-0.748726777483164
120.3,23.2,201.7078,SSP2-4.5,2041-2060,1.4798000000000116,72.726,69.87029999999982,0.9998000000000005,3.187899999999999,1.6999999999999993,39.2423,74.1399875,64.87059999999997,1.00955,2.3189500000000027,1.6825374999999998,39.09085,-1.3821790064446429,-0.6855309971133726
120.3,23.25,203.524,SSP2-4.5,2041-2060,-6.6551000000000045,72.4102,68.71350000000007,0.4272999999999989,-0.14479999999998938,1.9154999999999998,38.6596,72.7476375,41.89777499999997,0.6576750000000002,2.9277875,1.8189624999999996,39.302875,-1.3821790064446429,-0.6223352167435812
120.3,23.3,183.7246,SSP2-4.5,2041-2060,-5.736199999999997,72.0682,-16.63929999999982,-0.0002999999999993008,4.958599999999997,1.6707,40.0981,72.30565,40.651350000000036,0.7045374999999994,2.1920125000000024,1.7297374999999997,38.9682625,-1.3821790064446429,-0.5591394363737897
120.3,23.35,177.6045,SSP2-4.5,2041-2060,-6.436200000000014,72.5122,6.2625000000000455,0.6799,2.572400000000002,1.2086000000000006,38.8808,72.6932875,37.48242500000006,0.7449625000000002,2.830162500000001,1.5467749999999998,39.566825,-1.3821790064446429,-0.4959436560039983
120.3,23.4,171.67,SSP2-4.5,2041-2060,-3.188699999999983,74.43350000000001,53.49110000000019,1.2370000000000019,3.0224000000000046,1.1069000000000004,39.9288,73.631175,45.010200000000054,0.7934124999999992,1.8887875000000012,1.4920375,39.768275,-1.3821790064446429,-0.43274787563421135
120.3,23.45,181.7201,SSP2-4.5,2041-2060,-7.75800000000001,75.8693,62.272899999999936,0.595799999999997,1.7983000000000047,1.5328,40.849999999999994,74.2325875,57.65782500000006,0.894225,2.2640000000000002,1.4862125,40.3588875,-1.3821790064446429,-0.3695520952644199
120.3,23.5,190.8068,SSP2-4.5,2041-2060,-14.7577,75.4812,64.9226000000001,0.7899999999999991,4.203400000000002,1.4862000000000002,40.7673,74.2325875,65.60352500000002,0.8648249999999997,1.686637499999999,1.6317,40.457449999999994,-1.3821790064446429,-0.3063563148946285
120.3,23.55,178.1936,SSP2-4.5,2041-2060,-12.331299999999999,74.8262,75.69309999999996,0.9941000000000031,-0.5069000000000017,1.4344999999999999,40.88849999999999,73.711575,78.850325,0.9468874999999999,2.4978500000000015,1.4793249999999998,40.2346125,-1.3821790064446429,-0.24316053452483705
120.3,23.6,169.0598,SSP2-4.5,2041-2060,-9.08359999999999,73.51839999999999,95.44959999999992,0.9684999999999988,1.755200000000002,1.1414,41.074999999999996,73.665525,78.712275,0.9854375000000002,1.5327625000000005,1.337525,40.459374999999994,-1.3821790064446429,-0.17996475415504562
120.3,23.65,174.8116,SSP2-4.5,2041-2060,-16.2397,73.7966,78.13139999999999,1.045300000000001,1.75,1.2552000000000003,41.9769,73.738575,86.2465125,1.0649124999999997,1.5112250000000023,1.0905375,40.9863,-1.3821790064446429,-0.11676897378525869
120.3,23.7,183.594,SSP2-4.5,2041-2060,-18.195400000000006,73.94630000000001,90.50559999999996,1.2245000000000026,-0.8241000000000014,0.9569000000000001,42.9327,73.212325,78.22587500000003,0.9825374999999994,1.4825499999999998,1.0060625,41.7394125,-1.3821790064446429,-0.053573193415467256
120.3,23.75,182.2375,SSP2-4.5,2041-2060,-18.357,72.6637,81.39890000000014,1.1246999999999971,0.6655000000000015,0.7914000000000003,43.8231,72.3497,77.64036249999998,1.0010625000000002,0.3461249999999989,0.9193999999999999,41.8918125,-1.3821790064446429,0.009622586954324176
120.3,23.8,182.4818,SSP2-4.5,2041-2060,-16.861400000000003,70.97139999999999,73.39689999999996,1.0675999999999988,1.0999999999999943,0.8654999999999999,41.3288,70.59565,71.0786375,1.0618875000000005,-0.8763125,0.8808250000000001,41.460325,-1.3821790064446429,0.0728183673241156
120.3,23.85,168.7682,SSP2-4.5,2041-2060,-10.570700000000016,67.8218,73.0311999999999,1.6248000000000005,-3.1828000000000003,1.0759000000000007,39.4288,69.19878750000001,61.1388625,1.0348000000000002,-0.5008875000000002,0.77175,40.499275,-1.3821790064446429,0.13601414769390704
120.3,23.9,154.9006,SSP2-4.5,2041-2060,-6.60329999999999,66.8637,52.86829999999998,1.2478000000000016,-0.3275999999999897,0.8776000000000002,38.7404,68.1324625,55.35962500000002,1.0874125000000001,-0.013175000000002157,0.7137875000000001,39.55095,-1.3821790064446429,0.19920992806369398
120.3,23.95,146.4972,SSP2-4.5,2041-2060,-5.977800000000002,66.0338,30.44130000000007,0.9921000000000006,0.7240999999999929,0.7809999999999997,37.6865,67.4029375,42.05676250000002,1.0466249999999997,0.2284374999999983,0.5310375,39.175725,-1.3821790064446429,0.26240570843348543
120.3,24.0,144.2081,SSP2-4.5,2041-2060,-6.006799999999998,66.6196,21.067600000000084,0.7792999999999992,0.0034999999999882903,0.4120999999999997,39.4135,67.438125,34.09260000000002,0.9956,0.799762499999999,0.3879125,39.04615,-1.3821790064446429,0.32560148880327683
120.35,22.35,196.0512,SSP2-4.5,2041-2060,-15.026299999999992,85.9096,8.65319999999997,1.7062999999999988,14.834499999999998,1.8483,41.9115,80.8767125,52.71734999999995,1.679075,7.4961249999999975,1.8797249999999996,37.030525,-1.2764851663634216,-1.759859263399809
120.35,22.5,221.2971,SSP2-4.5,2041-2060,-15.668299999999988,78.07860000000001,33.01469999999995,1.4419000000000004,8.174100000000003,2.072399999999999,34.6635,80.5992875,16.31876250000002,1.4582625,8.011,2.17305,37.3218625,-1.2764851663634216,-1.570271922290439
120.35,22.55,236.2247,SSP2-4.5,2041-2060,-16.639400000000023,79.17679999999999,-3.0471999999999753,0.9236000000000004,6.212099999999992,2.5534,35.1846,80.46922500000001,7.406187499999987,1.3942249999999996,7.990087500000002,2.1547374999999995,37.614900000000006,-1.2764851663634216,-1.5070761419206478
120.35,22.6,228.3469,SSP2-4.5,2041-2060,-8.757599999999996,82.8159,-8.871499999999969,0.7408000000000001,7.4069,2.5655,40.0,80.9648125,3.03268749999998,1.2017124999999997,6.851075000000002,2.1366249999999996,39.142775,-1.2764851663634216,-1.4438803615508562
120.35,22.65,238.678,SSP2-4.5,2041-2060,-7.0253999999999905,81.8838,-12.033400000000029,0.6788999999999987,4.810299999999998,2.2447999999999997,41.7423,81.19274999999999,15.949874999999963,1.1468874999999992,6.581462500000004,1.9922500000000003,40.80191250000001,-1.2764851663634216,-1.3806845811810693
120.35,22.7,246.6065,SSP2-4.5,2041-2060,-11.484100000000012,79.1352,9.60940000000005,0.8331999999999979,7.312100000000008,1.8190000000000008,41.6365,80.75739999999999,37.959674999999976,1.2565499999999994,5.345037500000003,1.7010750000000003,41.094950000000004,-1.2764851663634216,-1.317488800811278
120.35,22.75,250.3008,SSP2-4.5,2041-2060,-0.4244000000000199,82.2895,94.33259999999996,1.7318999999999996,4.2759,1.305200000000001,42.505799999999994,78.64665000000001,51.838449999999995,1.3777249999999994,5.053012500000002,1.7538875000000005,39.92595,-1.2764851663634216,-1.2542930204414864
120.35,22.8,246.0041,SSP2-4.5,2041-2060,3.1766000000000076,78.9004,100.5030999999999,1.9024999999999999,4.203400000000002,2.0517000000000003,40.8269,75.613775,70.00471250000001,1.6409999999999996,4.058637499999998,1.5935375000000005,37.492075,-1.2764851663634216,-1.191097240071695
120.35,22.85,228.9874,SSP2-4.5,2041-2060,7.157099999999986,71.1113,82.44039999999995,2.141499999999997,2.832799999999999,1.4689999999999994,34.5231,73.49362500000001,65.49618749999999,1.8438750000000006,4.342462499999999,1.7288750000000002,36.407687499999994,-1.2764851663634216,-1.1279014597019037
120.35,22.9,228.3372,SSP2-4.5,2041-2060,-0.9866000000000099,72.79509999999999,44.371200000000044,2.097200000000001,4.3759000000000015,1.4017,36.8788,72.1931875,51.96158749999998,2.0424625,5.218549999999999,1.6379375,35.6540875,-1.2764851663634216,-1.0647056793321166
120.35,22.95,240.1659,SSP2-4.5,2041-2060,-13.907499999999999,75.8222,11.009000000000015,2.174400000000002,7.884500000000003,1.2276000000000007,39.72880000000001,73.97026249999999,37.53196249999996,2.1180250000000007,5.333399999999999,1.6885625,37.0923125,-1.2764851663634216,-1.0015098989623252
120.35,23.0,244.5636,SSP2-4.5,2041-2060,-18.158000000000015,77.876,1.1824999999998909,2.1194000000000024,7.3533999999999935,1.3102999999999998,39.705799999999996,75.44977499999999,29.09423749999999,1.7888875,5.285987499999998,1.7566875000000002,38.4334125,-1.2764851663634216,-0.9383141185925338
120.35,23.05,239.9779,SSP2-4.5,2041-2060,-13.864100000000008,76.7101,2.5217999999999847,1.3602999999999987,7.051699999999997,1.6397000000000013,39.05,76.27545,32.488325,1.7150875000000005,4.785974999999999,1.7846875,39.1665875,-1.2764851663634216,-0.8751183382227424
120.35,23.1,232.6515,SSP2-4.5,2041-2060,-12.67240000000001,74.5235,57.41980000000012,1.8369,6.237900000000003,1.6638000000000002,36.8596,75.807825,39.466662499999984,1.4934500000000002,4.218087499999999,1.854525,38.98365,-1.2764851663634216,-0.811922557852951
120.35,23.15,235.644,SSP2-4.5,2041-2060,-15.511200000000002,74.00319999999999,91.89370000000008,1.9312000000000005,3.9671999999999983,1.7052000000000014,37.040400000000005,74.533175,40.572712499999966,1.3493125000000008,3.7913625000000017,1.9973874999999994,38.550462499999995,-1.2764851663634216,-0.748726777483164
120.35,23.2,227.8857,SSP2-4.5,2041-2060,-11.434600000000017,73.4341,48.0483999999999,0.9227000000000025,3.241400000000006,2.1102999999999987,38.536500000000004,73.3556125,48.78324999999998,1.0881875,2.5053750000000017,2.1659249999999997,38.2300375,-1.2764851663634216,-0.6855309971133726
120.35,23.25,212.9953,SSP2-4.5,2041-2060,-12.572599999999994,72.1216,49.34490000000005,0.6697999999999986,2.530999999999999,2.3103,38.001900000000006,72.39505,35.69824999999997,0.7440125000000002,2.326950000000002,2.2512874999999997,38.813925,-1.2764851663634216,-0.6223352167435812
120.35,23.3,200.8874,SSP2-4.5,2041-2060,-6.801900000000018,71.0609,58.181699999999864,0.8162999999999982,1.2224000000000004,2.239699999999999,38.5942,71.8002625,39.57480000000001,0.7210374999999996,2.0855625000000018,2.276725,38.828125,-1.2764851663634216,-0.5591394363737897
120.35,23.35,194.7958,SSP2-4.5,2041-2060,-4.9243000000000166,71.0286,53.367500000000064,0.8419999999999987,3.1448000000000036,2.4396999999999993,38.9865,71.6901,43.339049999999986,0.8478625000000006,1.4849125,1.8661750000000001,39.274275,-1.2764851663634216,-0.4959436560039983
120.35,23.4,185.5828,SSP2-4.5,2041-2060,-5.400299999999987,72.31989999999999,47.035899999999856,0.5763000000000034,1.546599999999998,1.358600000000001,40.2,72.27378750000001,52.32141250000004,0.9141749999999997,0.7655125000000016,1.955625,39.458650000000006,-1.2764851663634216,-0.43274787563421135
120.35,23.45,185.7078,SSP2-4.5,2041-2060,-4.6340999999999894,73.60490000000001,37.923300000000154,0.6938999999999993,-1.3207000000000022,2.1620999999999997,40.5942,72.7166,57.10548750000001,0.8275125000000005,1.515950000000001,1.6291000000000002,39.610575,-1.2764851663634216,-0.3695520952644199
120.35,23.5,192.3627,SSP2-4.5,2041-2060,-8.501800000000003,72.0814,57.79379999999992,0.7743000000000002,5.041400000000003,1.9931,38.8596,72.5408875,63.86098750000005,0.8430875000000002,1.01185,1.747,39.2103375,-1.2764851663634216,-0.3063563148946285
120.35,23.55,191.5476,SSP2-4.5,2041-2060,-9.34529999999998,70.5241,90.15049999999997,1.0656999999999996,4.556899999999999,1.8552000000000008,37.7365,71.971875,74.92095,0.9963750000000005,2.252575,1.5383749999999998,38.5997625,-1.2764851663634216,-0.24316053452483705
120.35,23.6,171.1946,SSP2-4.5,2041-2060,-4.017600000000016,72.33330000000001,106.82659999999987,1.5287000000000006,3.7931000000000026,1.6052,38.425,71.7067625,77.05296250000004,1.0440250000000004,1.9402999999999997,1.440975,38.7757125,-1.2764851663634216,-0.17996475415504562
120.35,23.65,182.5119,SSP2-4.5,2041-2060,-13.548900000000003,74.65799999999999,73.55740000000014,1.0253999999999976,2.2120999999999995,1.2828,40.3538,72.2799,87.64179999999999,1.1277875000000002,1.6306125000000007,1.3192,39.5699625,-1.2764851663634216,-0.11676897378525869
120.35,23.7,187.8699,SSP2-4.5,2041-2060,-15.401800000000009,73.6192,106.2699,0.9246999999999979,1.103500000000004,1.3776000000000002,41.3481,72.62598750000001,76.48592500000007,0.94285,0.6842750000000004,1.151525,40.453125,-1.2764851663634216,-0.053573193415467256
120.35,23.75,178.4038,SSP2-4.5,2041-2060,-13.411299999999983,71.9886,81.5748000000001,0.6172000000000004,-1.4568999999999974,0.9120999999999997,41.425,72.17865,80.5382625,0.8992874999999994,0.20431249999999945,1.032975,40.535574999999994,-1.2764851663634216,0.009622586954324176
120.35,23.8,179.6057,SSP2-4.5,2041-2060,-14.783200000000022,71.5556,87.71859999999992,0.8902000000000001,0.40339999999999065,0.9085999999999999,41.1173,70.3006375,74.45350000000002,0.931975,-0.9605749999999977,0.8681125,39.607675,-1.2764851663634216,0.0728183673241156
120.35,23.85,175.2072,SSP2-4.5,2041-2060,-9.001900000000006,68.90119999999999,89.2491,1.1593000000000018,-1.6206999999999923,0.6707000000000001,38.925,68.8110875,68.30948749999997,0.9774500000000006,-0.8431249999999997,0.6597,38.9721,-1.2764851663634216,0.13601414769390704
120.35,23.9,162.5015,SSP2-4.5,2041-2060,-7.323299999999989,67.3727,58.39260000000013,0.7776999999999994,0.6792999999999978,0.16029999999999944,38.792300000000004,67.4533125,58.74151250000001,1.0968375000000012,-0.41726249999999787,0.5868625,38.2944625,-1.2764851663634216,0.19920992806369398
120.35,23.95,156.0889,SSP2-4.5,2041-2060,-7.671300000000002,67.2741,31.964800000000082,1.0029000000000003,2.7310000000000016,0.3689999999999998,38.4981,67.30335,39.61128750000002,0.9219500000000003,0.45387499999999825,0.32542499999999985,38.8387,-1.2764851663634216,0.26240570843348543
120.35,24.0,149.0506,SSP2-4.5,2041-2060,-4.348299999999995,68.5312,17.49899999999991,1.0275999999999996,0.7275999999999954,0.18100000000000005,39.8846,67.11103750000001,30.148425000000046,0.8877875,0.9400749999999967,0.2219749999999998,38.810575,-1.2764851663634216,0.32560148880327683
120.35,24.05,146.5864,SSP2-4.5,2041-2060,-4.8130999999999915,67.2536,13.654999999999973,0.9772000000000034,0.5655000000000001,-0.04659999999999975,38.8942,66.94672499999999,22.546750000000017,0.8980749999999995,0.5295124999999965,0.2174499999999998,38.6661,-1.2764851663634216,0.3887972691730683
120.4,22.5,207.384,SSP2-4.5,2041-2060,-15.446699999999993,78.578,28.208599999999933,1.6149999999999984,8.8397,1.9102999999999994,35.3981,79.9718875,28.674437499999982,1.6377875000000008,7.9911749999999975,1.8655249999999994,37.174025,-1.1707913262821703,-1.570271922290439
120.4,22.55,229.0997,SSP2-4.5,2041-2060,-11.108300000000014,78.9753,-46.20179999999982,1.489600000000003,9.881,1.5637999999999987,36.3538,79.49109999999999,11.937487499999975,1.4600624999999998,7.845274999999998,2.0599125,37.2653875,-1.1707913262821703,-1.5070761419206478
120.4,22.6,239.1591,SSP2-4.5,2041-2060,-7.215699999999998,79.6137,-48.26110000000017,1.174599999999998,7.5259,1.6828000000000003,39.25,79.7112875,-4.648212499999971,1.1758750000000004,6.5467625,2.1603375,38.387975000000004,-1.1707913262821703,-1.4438803615508562
120.4,22.65,245.7498,SSP2-4.5,2041-2060,-7.409300000000002,79.4507,-3.8234999999999673,1.0099000000000018,7.081000000000003,1.7378999999999998,39.7327,79.75776250000001,-4.180599999999998,0.928587499999999,5.335562500000002,2.3026,39.8978375,-1.1707913262821703,-1.3806845811810693
120.4,22.7,249.8626,SSP2-4.5,2041-2060,-11.275899999999979,80.1062,22.0933,0.780899999999999,5.063800000000008,2.5397,41.667300000000004,78.6784,3.6381750000000466,1.0058124999999993,4.822200000000001,2.105175,39.121875,-1.1707913262821703,-1.317488800811278
120.4,22.75,262.3101,SSP2-4.5,2041-2060,-13.50369999999998,78.8767,-3.6697999999998956,1.284399999999998,4.470700000000001,2.1224000000000007,39.5596,76.4258375,33.473175000000026,1.3053499999999993,4.532325000000001,2.2888124999999997,37.8944625,-1.1707913262821703,-1.2542930204414864
120.4,22.8,252.613,SSP2-4.5,2041-2060,-2.1096000000000004,71.1883,54.431100000000015,2.014099999999999,4.637900000000002,2.6068999999999996,33.0346,73.2681375,50.3804375,1.6975874999999991,3.7340624999999994,2.0840625,35.668749999999996,-1.1707913262821703,-1.191097240071695
120.4,22.85,245.8822,SSP2-4.5,2041-2060,-4.234400000000022,64.9564,52.92640000000006,2.0573000000000015,3.8913999999999973,2.3241000000000014,29.834600000000002,71.0799375,57.47372499999997,1.8771374999999995,3.8331875,2.07415,34.5312375,-1.1707913262821703,-1.1279014597019037
120.4,22.9,260.1326,SSP2-4.5,2041-2060,-17.673400000000015,67.8863,-7.492400000000089,1.615000000000002,6.256900000000002,1.9966000000000008,32.319199999999995,70.37367499999999,36.12334999999999,1.8240124999999998,4.9558375,1.9540875000000002,34.031725,-1.1707913262821703,-1.0647056793321166
120.4,22.95,265.6406,SSP2-4.5,2041-2060,-28.184799999999996,71.4752,-41.33030000000008,1.5368999999999993,7.384500000000003,2.1586,33.313500000000005,72.4891375,8.809437499999973,1.6822250000000012,6.5051749999999995,1.9631375000000004,35.264649999999996,-1.1707913262821703,-1.0015098989623252
120.4,23.0,259.5552,SSP2-4.5,2041-2060,-22.86620000000002,74.1692,-18.814599999999928,1.6046000000000014,5.994799999999998,1.9172000000000011,35.50580000000001,74.197325,-5.06430000000006,1.4555249999999997,7.080175,2.0549625000000002,36.2254875,-1.1707913262821703,-0.9383141185925338
120.4,23.05,257.5938,SSP2-4.5,2041-2060,-23.103699999999975,75.4587,18.17540000000008,1.222299999999997,3.6137999999999977,1.7759,37.240399999999994,74.58438749999999,-2.697087500000009,1.47545,6.9359874999999995,2.0622875,36.6778875,-1.1707913262821703,-0.8751183382227424
120.4,23.1,258.2545,SSP2-4.5,2041-2060,-20.77290000000002,73.982,-2.858799999999974,1.5548000000000002,6.191400000000002,2.4086,37.8269,74.1498625,16.625137500000022,1.35885,5.5047375,2.1019500000000004,36.8240375,-1.1707913262821703,-0.811922557852951
120.4,23.15,265.9338,SSP2-4.5,2041-2060,-25.75890000000001,73.2637,23.592599999999948,1.340200000000003,3.051700000000004,2.6533999999999995,37.1,73.24074999999999,19.063487500000065,1.263837500000001,4.8913875,2.3221875,36.7043125,-1.1707913262821703,-0.748726777483164
120.4,23.2,247.6968,SSP2-4.5,2041-2060,-23.34530000000001,73.13839999999999,-15.242399999999861,0.7896000000000001,2.3706999999999994,2.8447999999999993,37.2038,72.56195,33.75478749999996,1.0492000000000012,3.4715500000000006,2.6167875,36.956250000000004,-1.1707913262821703,-0.6855309971133726
120.4,23.25,241.2646,SSP2-4.5,2041-2060,-16.91919999999999,72.8303,21.480399999999918,0.8294999999999995,2.7828000000000017,3.0810000000000004,38.6173,71.6256125,36.122649999999936,0.9086750000000006,2.049575000000001,2.7109874999999994,37.4136875,-1.1707913262821703,-0.6223352167435812
120.4,23.3,229.3535,SSP2-4.5,2041-2060,-11.338699999999989,71.4923,51.1733999999999,1.1672000000000011,0.9966000000000008,2.4482999999999997,39.5596,71.00308749999999,52.77801249999993,0.9082124999999994,1.3717625000000009,3.0512999999999995,37.9132125,-1.1707913262821703,-0.5591394363737897
120.4,23.35,217.5594,SSP2-4.5,2041-2060,-8.265100000000018,69.93870000000001,82.89549999999986,1.152899999999999,-0.15690000000000026,3.1397000000000004,37.821200000000005,70.883225,58.24107499999997,0.8969125000000004,0.23836250000000003,2.6640124999999997,38.8781,-1.1707913262821703,-0.4959436560039983
120.4,23.4,194.6296,SSP2-4.5,2041-2060,-4.694000000000017,69.6951,64.3116,1.1536000000000008,-2.2828000000000017,1.7569,39.1115,71.29603750000001,59.30267500000002,0.7931875000000002,0.2260749999999998,2.7015125,39.24495,-1.1707913262821703,-0.43274787563421135
120.4,23.45,191.9373,SSP2-4.5,2041-2060,-2.0909999999999798,71.108,58.04690000000005,0.9583000000000013,-0.6533999999999978,2.298300000000001,39.4962,70.9036375,51.97761249999999,0.6776625000000003,0.6512874999999996,2.0991375000000003,38.719225,-1.1707913262821703,-0.3695520952644199
120.4,23.5,197.1109,SSP2-4.5,2041-2060,-7.549199999999985,70.74440000000001,48.969100000000026,0.5348000000000006,-0.5483000000000047,1.5,37.6712,70.01165,60.702950000000016,0.8581375000000002,2.351937500000001,2.1845000000000003,37.7043125,-1.1707913262821703,-0.3063563148946285
120.4,23.55,194.6141,SSP2-4.5,2041-2060,-5.674000000000007,68.169,72.90950000000021,1.1121000000000016,0.5655000000000001,1.7068999999999992,35.678799999999995,69.5453875,69.52611249999995,0.969525,3.5402875,1.9013125,36.69855,-1.1707913262821703,-0.24316053452483705
120.4,23.6,169.4447,SSP2-4.5,2041-2060,-2.770700000000005,68.62110000000001,76.80330000000004,1.2684999999999995,3.7171999999999983,1.4396999999999993,35.4327,69.80757499999999,72.24312500000002,1.0551250000000003,2.970674999999999,1.6612249999999997,36.887,-1.1707913262821703,-0.17996475415504562
120.4,23.65,188.9892,SSP2-4.5,2041-2060,-14.808600000000013,69.54069999999999,53.72890000000007,0.872600000000002,1.4724000000000004,1.4120999999999997,37.063500000000005,70.78845000000001,75.4011625,1.044437499999999,2.256899999999999,1.4340624999999998,37.581487499999994,-1.1707913262821703,-0.11676897378525869
120.4,23.7,189.6133,SSP2-4.5,2041-2060,-16.727300000000014,72.86359999999999,93.41910000000007,1.189499999999999,0.2775999999999996,1.3655000000000008,38.3058,70.7012625,65.79026250000004,0.7477874999999994,1.0816875000000001,1.2312624999999997,38.1389375,-1.1707913262821703,-0.053573193415467256
120.4,23.75,184.6684,SSP2-4.5,2041-2060,-16.33929999999998,71.5504,59.571300000000065,0.4436,1.377600000000001,1.2361999999999993,37.744200000000006,70.6121875,74.22687499999998,0.7367374999999994,-0.19181250000000016,1.14505,38.599999999999994,-1.1707913262821703,0.009622586954324176
120.4,23.8,181.3336,SSP2-4.5,2041-2060,-14.951699999999988,70.259,52.02579999999989,0.32949999999999946,-2.468999999999994,0.7621000000000002,37.6846,69.886075,76.78761250000002,0.8126500000000005,-0.43061249999999873,0.9487124999999997,38.264175,-1.1707913262821703,0.0728183673241156
120.4,23.85,177.2337,SSP2-4.5,2041-2060,-7.7672000000000025,68.249,85.38000000000011,1.089100000000002,-2.0982999999999947,0.6309999999999993,36.501900000000006,68.89668749999998,70.73409999999998,0.8143750000000005,-0.7721999999999998,0.6612125,38.15745,-1.1707913262821703,0.13601414769390704
120.4,23.9,165.6823,SSP2-4.5,2041-2060,-7.681899999999985,67.3955,63.66249999999991,0.792900000000003,-0.8500000000000014,-0.0034000000000000696,38.1827,67.535925,65.05627500000007,0.9776625000000005,-0.5446124999999986,0.4698249999999997,37.3838875,-1.1707913262821703,0.19920992806369398
120.4,23.95,168.0032,SSP2-4.5,2041-2060,-7.6910000000000025,67.0874,43.33490000000006,0.8658000000000001,1.286200000000001,0.2930999999999999,38.392300000000006,67.01112499999999,46.563075000000026,0.8851624999999999,-0.3763000000000014,0.13943749999999977,37.719224999999994,-1.1707913262821703,0.26240570843348543
120.4,24.0,160.5416,SSP2-4.5,2041-2060,-4.640299999999996,68.52289999999999,29.6241,0.8923999999999985,1.387900000000002,-0.09830000000000005,39.6173,66.4672375,31.092762500000006,0.8723749999999999,-0.421350000000003,0.05732499999999985,37.7072,-1.1707913262821703,0.32560148880327683
120.4,24.05,156.3616,SSP2-4.5,2041-2060,-1.7347000000000037,66.7242,12.707099999999969,0.814899999999998,0.1430999999999898,-0.09480000000000022,39.1904,66.48374999999999,23.116924999999952,0.7907874999999995,-0.42803750000000207,0.04136249999999997,37.9084,-1.1707913262821703,0.3887972691730683
120.4,24.1,153.5601,SSP2-4.5,2041-2060,-2.1603000000000065,67.1599,8.972000000000094,0.938600000000001,1.224100000000007,0.15169999999999995,38.759600000000006,66.28608750000001,17.970537499999978,0.7569249999999998,-0.23642500000000322,0.07239999999999991,37.98125,-1.1707913262821703,0.4519930495428597
120.4,24.15,150.4574,SSP2-4.5,2041-2060,-1.4047999999999945,65.4372,11.234299999999962,0.7844000000000015,-0.5310000000000059,0.12239999999999984,37.6712,66.2023125,14.981350000000049,0.698,-0.41056250000000016,0.04137499999999994,37.475962499999994,-1.1707913262821703,0.5151888299126467
120.45,22.45,184.9807,SSP2-4.5,2041-2060,-1.7191000000000258,83.9213,78.43819999999982,1.9353000000000016,8.298299999999998,1.8361999999999998,39.3942,81.3434,78.32584999999997,1.8265750000000005,7.423287499999997,1.7739249999999998,37.951187499999996,-1.0650974862009488,-1.6334677026602307
120.45,22.5,186.9582,SSP2-4.5,2041-2060,-7.336299999999994,79.55600000000001,59.10140000000001,2.2052000000000014,9.655199999999994,1.3483,36.3846,80.7727625,61.80792500000001,1.7078125000000006,6.917462499999998,1.9989249999999994,38.0353125,-1.0650974862009488,-1.570271922290439
120.45,22.55,220.504,SSP2-4.5,2041-2060,-11.921699999999987,78.976,30.621200000000044,2.0074000000000005,9.398299999999999,1.8552,37.9269,79.3817625,22.07590000000002,1.5094500000000002,6.595699999999998,1.9588374999999996,37.83965,-1.0650974862009488,-1.5070761419206478
120.45,22.6,233.7048,SSP2-4.5,2041-2060,-8.707099999999997,79.1338,4.733799999999974,1.5719999999999992,5.549999999999997,2.4914000000000005,39.3154,78.22145,-1.2606874999999604,1.1421250000000005,5.564437500000001,2.1049499999999997,37.851675,-1.0650974862009488,-1.4438803615508562
120.45,22.65,252.1399,SSP2-4.5,2041-2060,-12.935400000000016,77.27799999999999,1.4366999999999734,0.9847999999999999,2.0345000000000084,2.2706999999999997,36.8481,77.76996249999999,-0.13377499999998577,0.9000999999999997,3.9314624999999985,2.4905125,38.4137125,-1.0650974862009488,-1.3806845811810693
120.45,22.7,261.5788,SSP2-4.5,2041-2060,-17.045600000000007,78.09550000000002,-2.1519999999998163,0.6634999999999991,2.9809999999999945,2.806899999999999,38.7231,75.460425,-5.94704999999999,0.8804624999999997,3.4444000000000017,2.5655125,36.389675,-1.0650974862009488,-1.317488800811278
120.45,22.75,267.5862,SSP2-4.5,2041-2060,-18.301200000000023,72.4178,-54.5945999999999,0.8598999999999997,5.612099999999998,2.5344999999999995,32.2269,73.5112125,10.63175000000004,1.1353124999999995,3.574775,2.7047499999999998,35.582212500000004,-1.0650974862009488,-1.2542930204414864
120.45,22.8,246.563,SSP2-4.5,2041-2060,-7.855799999999988,69.2738,43.5625,1.6568000000000005,2.172399999999996,2.6465999999999994,32.5346,70.1187625,15.376787500000006,1.3278249999999998,4.219825,2.5642250000000004,33.2387,-1.0650974862009488,-1.191097240071695
120.45,22.85,241.4185,SSP2-4.5,2041-2060,-3.917599999999993,68.31920000000001,87.54289999999992,1.946399999999997,2.413800000000002,2.2189999999999994,33.338499999999996,68.6616625,33.150949999999995,1.5219375000000008,4.466149999999999,2.5428875000000004,32.424025,-1.0650974862009488,-1.1279014597019037
120.45,22.9,252.5991,SSP2-4.5,2041-2060,-15.549000000000007,69.16510000000001,54.43100000000004,1.6435999999999993,3.7723999999999975,2.2017000000000007,32.7942,68.513975,25.303724999999957,1.4744000000000002,4.9872875,2.4415875000000002,32.20625,-1.0650974862009488,-1.0647056793321166
120.45,22.95,275.3526,SSP2-4.5,2041-2060,-30.850300000000004,69.3449,-2.4038000000000466,0.9948000000000015,7.0914,2.6310000000000002,31.8423,70.24101250000001,13.02257499999999,1.448175,6.34375,2.3719750000000004,32.558175000000006,-1.0650974862009488,-1.0015098989623252
120.45,23.0,285.0495,SSP2-4.5,2041-2060,-26.390900000000045,72.85430000000001,-11.807400000000143,1.2088,9.312100000000001,3.019,33.342299999999994,71.64045,3.840937499999967,1.2289499999999993,6.5015125000000005,2.391375,33.282225,-1.0650974862009488,-0.9383141185925338
120.45,23.05,283.224,SSP2-4.5,2041-2060,-25.35300000000001,74.0372,-17.86160000000018,1.0272999999999968,6.950000000000003,2.6776,35.5808,72.6268125,-0.1408999999999878,1.2343499999999996,7.0873,2.4135875,34.2336625,-1.0650974862009488,-0.8751183382227424
120.45,23.1,284.2293,SSP2-4.5,2041-2060,-25.81910000000005,72.52279999999999,-31.358399999999847,1.0915,6.396599999999999,1.8620999999999999,35.5519,72.744025,8.626762499999984,1.19455,6.1888000000000005,2.5866375,35.10505,-1.0650974862009488,-0.811922557852951
120.45,23.15,288.1429,SSP2-4.5,2041-2060,-28.700800000000015,72.6797,-11.382200000000012,1.0611000000000033,6.768999999999998,2.837900000000001,36.169200000000004,72.0162375,6.006950000000103,1.1155875000000006,5.2896625,2.5612,35.051925000000004,-1.0650974862009488,-0.748726777483164
120.45,23.2,282.192,SSP2-4.5,2041-2060,-26.4829,71.6423,15.987800000000107,0.922900000000002,3.9568999999999974,3.1448,34.446200000000005,70.9868875,11.999912499999965,0.878587500000001,3.7965500000000008,2.8135625000000006,35.3139375,-1.0650974862009488,-0.6855309971133726
120.45,23.25,276.5424,SSP2-4.5,2041-2060,-21.6789,70.5207,31.072699999999713,0.7162000000000006,1.4724000000000004,3.0914,35.7385,69.8669625,8.49012499999995,0.8452625000000005,3.003025,2.9112,35.428362500000006,-1.0650974862009488,-0.6223352167435812
120.45,23.3,256.2755,SSP2-4.5,2041-2060,-12.236800000000017,69.5946,50.41469999999981,1.2647000000000013,0.6052000000000035,3.4982999999999986,37.22880000000001,69.0955375,15.353099999999898,0.7277374999999999,2.1657374999999996,3.2700375,36.098087500000005,-1.0650974862009488,-0.5591394363737897
120.45,23.35,241.0817,SSP2-4.5,2041-2060,-11.0565,70.92930000000001,75.46670000000017,0.9742999999999995,-0.627600000000001,4.6103000000000005,38.317299999999996,69.16538750000001,21.061137499999944,0.7037250000000004,0.7484874999999986,2.980175,37.300962500000004,-1.0650974862009488,-0.4959436560039983
120.45,23.4,221.4944,SSP2-4.5,2041-2060,-14.899000000000001,70.9451,65.97710000000006,0.38090000000000046,-2.6983000000000033,2.9603,39.0269,69.71473750000001,33.26947500000003,0.7539000000000002,0.6568874999999998,3.0905250000000004,38.264912499999994,-1.0650974862009488,-0.43274787563421135
120.45,23.45,203.6636,SSP2-4.5,2041-2060,-1.555499999999995,70.49380000000001,53.70849999999996,0.7668999999999997,2.5741000000000014,2.6431000000000004,39.5173,69.4364375,36.96682500000003,0.6588875000000001,0.09394999999999953,2.4997875,37.8341375,-1.0650974862009488,-0.3695520952644199
120.45,23.5,216.1281,SSP2-4.5,2041-2060,-6.1865999999999985,67.3445,40.10159999999996,0.5405999999999977,2.898300000000006,2.4190000000000005,34.7731,68.7052625,47.73708750000003,0.8714000000000008,1.5157125000000002,2.3293125,37.074512500000004,-1.0650974862009488,-0.3063563148946285
120.45,23.55,203.0046,SSP2-4.5,2041-2060,-7.8577000000000226,66.76750000000001,74.98949999999991,0.9533000000000023,5.153399999999998,2.3983,34.97880000000001,68.2116375,50.43021250000004,0.8581624999999997,1.9267000000000003,2.086,35.9072125,-1.0650974862009488,-0.24316053452483705
120.45,23.6,193.698,SSP2-4.5,2041-2060,-11.1353,67.9468,60.574499999999944,1.0902999999999992,3.7102999999999966,1.9999999999999991,35.7115,68.2879125,55.086025000000035,0.9152750000000007,2.4079499999999996,1.9232874999999998,35.648562500000004,-1.0650974862009488,-0.17996475415504562
120.45,23.65,187.914,SSP2-4.5,2041-2060,-12.207899999999995,68.5212,45.20810000000006,0.7928999999999995,2.3016999999999967,1.0292999999999992,35.1481,69.06412499999999,56.20961249999999,0.8970499999999997,2.333612499999999,1.8013,35.976925,-1.0650974862009488,-0.11676897378525869
120.45,23.7,196.2103,SSP2-4.5,2041-2060,-19.976999999999975,67.74440000000001,40.550399999999854,0.535499999999999,0.9396999999999949,1.3723999999999998,35.9269,69.33948749999999,54.79727500000001,0.7821875,1.9853375,1.4420249999999997,36.12547500000001,-1.0650974862009488,-0.053573193415467256
120.45,23.75,176.8161,SSP2-4.5,2041-2060,-11.643100000000004,67.9876,65.86130000000003,0.7703999999999986,0.703400000000002,1.227599999999999,36.1019,69.39394999999999,59.28031249999995,0.6590749999999996,1.1644500000000004,1.3230625,36.5523875,-1.0650974862009488,0.009622586954324176
120.45,23.8,172.7138,SSP2-4.5,2041-2060,-7.247199999999992,68.87950000000001,66.39509999999996,0.6369000000000007,-1.036200000000001,1.2345000000000006,36.8904,68.9801875,68.03446249999999,0.7316625000000001,0.5260750000000023,1.0409499999999996,36.716325000000005,-1.0650974862009488,0.0728183673241156
120.45,23.85,172.6274,SSP2-4.5,2041-2060,-5.846900000000005,69.9767,78.5507,0.8945000000000007,0.2828000000000017,0.7690000000000001,37.4077,67.871025,67.84724999999997,0.8367500000000003,-0.34094999999999853,0.8519374999999998,36.7843625,-1.0650974862009488,0.13601414769390704
120.45,23.9,166.1502,SSP2-4.5,2041-2060,-3.1596000000000117,66.83330000000001,69.87840000000006,1.033999999999999,-1.5671999999999997,0.7878999999999996,36.2596,66.5671625,65.93485000000001,1.0232875000000012,-0.4556124999999991,0.5094874999999996,36.35455,-1.0650974862009488,0.19920992806369398
120.45,23.95,174.7063,SSP2-4.5,2041-2060,-6.645900000000012,64.59299999999999,63.69970000000012,0.9980000000000011,-4.050000000000004,0.07759999999999945,34.294200000000004,65.94252499999999,49.87423749999999,0.9272999999999998,-0.2202749999999991,0.25216249999999973,36.71465,-1.0650974862009488,0.26240570843348543
120.45,24.0,172.2528,SSP2-4.5,2041-2060,-3.1291999999999973,65.56629999999998,37.783500000000004,0.5557999999999979,-2.0690000000000026,-0.35860000000000003,36.224999999999994,65.41241249999999,38.11368749999998,0.8696999999999995,-1.041400000000002,0.11444999999999972,36.645175,-1.0650974862009488,0.32560148880327683
120.45,24.05,163.1144,SSP2-4.5,2041-2060,-3.0460999999999956,64.7081,28.09809999999993,0.7367999999999988,-2.705200000000005,0.0378999999999996,36.278800000000004,66.096475,24.856824999999986,0.6943749999999986,-0.6314875000000022,0.03621249999999987,37.5774,-1.0650974862009488,0.3887972691730683
120.45,24.1,157.3901,SSP2-4.5,2041-2060,0.5105000000000075,65.3457,11.41639999999984,0.5708999999999982,-0.4000000000000057,0.16720000000000024,37.3904,65.89569999999999,18.964362500000007,0.7107999999999999,-0.7780250000000022,0.1586249999999998,37.4884625,-1.0650974862009488,0.4519930495428597
120.45,24.15,154.1392,SSP2-4.5,2041-2060,-1.0369999999999777,66.24189999999999,4.117600000000039,0.6171000000000006,1.1397000000000048,0.2138,37.1981,66.0277625,17.208375000000046,0.6898500000000003,-0.6178875000000001,0.11852499999999999,37.4685125,-1.0650974862009488,0.5151888299126467
120.45,24.2,153.3517,SSP2-4.5,2041-2060,0.42830000000000723,66.1803,15.072700000000168,0.7396999999999991,-0.5,-0.31379999999999963,36.125,65.8534875,16.817587500000016,0.7172000000000005,-0.3461124999999994,0.1594875,37.190637499999994,-1.0650974862009488,0.578384610282438
120.5,22.4,199.1072,SSP2-4.5,2041-2060,-7.487400000000008,83.8827,86.88580000000002,1.7347000000000001,5.299999999999997,1.3948,39.7327,81.48298750000001,103.63628749999998,1.7222625000000003,6.4512874999999985,1.9732749999999997,38.5483,-0.9594036461197276,-1.696663483030022
120.5,22.45,202.3235,SSP2-4.5,2041-2060,-3.609800000000007,83.7171,119.74789999999985,1.9497999999999998,5.280999999999992,1.8861999999999988,39.294200000000004,81.4837125,95.57536250000001,1.745925000000001,6.598712499999998,1.840525,38.255512499999995,-0.9594036461197276,-1.6334677026602307
120.5,22.5,214.1717,SSP2-4.5,2041-2060,-5.295099999999991,81.47739999999999,125.7301,1.9247000000000014,4.784499999999994,2.0120999999999984,38.2346,80.82966250000001,72.83404999999999,1.6854625000000008,6.3601374999999996,2.0980749999999997,38.3458875,-0.9594036461197276,-1.570271922290439
120.5,22.55,231.1404,SSP2-4.5,2041-2060,-14.561800000000005,80.4092,44.55950000000007,1.3203999999999994,4.879300000000008,2.5809999999999995,39.11150000000001,78.63515,57.49008750000007,1.4134500000000005,4.435137499999996,2.2952749999999997,38.162,-0.9594036461197276,-1.5070761419206478
120.5,22.6,229.9008,SSP2-4.5,2041-2060,-13.430399999999992,77.3107,8.736700000000155,0.7741000000000007,1.6499999999999915,2.0809999999999995,38.669200000000004,76.519375,22.72187500000001,1.0651875,3.2655125000000016,2.7558125,37.3389375,-0.9594036461197276,-1.4438803615508562
120.5,22.65,250.338,SSP2-4.5,2041-2060,-14.826699999999988,73.758,2.84680000000003,0.37620000000000076,2.0655,3.0672000000000015,34.9212,75.1027125,14.143987500000009,0.8904874999999994,1.752587499999998,2.9409374999999995,36.934375,-0.9594036461197276,-1.3806845811810693
120.5,22.7,257.1677,SSP2-4.5,2041-2060,-12.678500000000014,74.69109999999999,14.755799999999908,0.8495999999999988,-0.4655000000000058,3.517199999999999,35.0308,71.7770625,-1.5548750000000382,0.8923999999999999,2.586850000000001,3.089875,34.201449999999994,-0.9594036461197276,-1.317488800811278
120.5,22.75,253.0183,SSP2-4.5,2041-2060,-14.455700000000007,67.10489999999999,-26.62110000000007,0.8979999999999997,1.6931000000000012,2.7345000000000006,31.1308,70.84965,9.207362499999988,1.1033875000000002,3.4471999999999987,3.1991499999999995,33.7512,-0.9594036461197276,-1.2542930204414864
120.5,22.8,254.5648,SSP2-4.5,2041-2060,-17.582099999999997,68.7532,-17.345799999999826,0.9352000000000018,8.044800000000002,2.6638,32.9769,68.5134625,19.11547499999992,1.2419374999999997,3.2569,3.1030375,32.47645,-0.9594036461197276,-1.191097240071695
120.5,22.85,255.6571,SSP2-4.5,2041-2060,-18.52940000000001,69.3336,30.34519999999975,0.6273000000000017,2.994799999999998,3.3086,33.8077,68.3309375,39.03926249999998,1.4988624999999995,4.675425,2.7666,32.5363,-0.9594036461197276,-1.1279014597019037
120.5,22.9,262.6279,SSP2-4.5,2041-2060,-16.94070000000002,68.7366,54.34960000000001,1.6262000000000008,3.958599999999997,2.594800000000001,32.0904,68.1934875,40.04807499999998,1.390874999999999,5.3961250000000005,2.6713375,31.93005,-0.9594036461197276,-1.0647056793321166
120.5,22.95,278.503,SSP2-4.5,2041-2060,-25.7945,68.05959999999999,28.49220000000014,1.3912999999999975,5.9069,2.299999999999999,31.1038,68.8224625,42.23792500000002,1.4128499999999997,7.063150000000001,2.6262875,31.2197125,-0.9594036461197276,-1.0015098989623252
120.5,23.0,297.2332,SSP2-4.5,2041-2060,-26.265199999999993,69.5818,46.352499999999964,0.9589999999999996,8.163800000000002,2.7879000000000005,29.9962,69.64025000000001,19.31302500000004,1.2914749999999997,7.647862500000002,2.6222125,31.5209125,-0.9594036461197276,-0.9383141185925338
120.5,23.05,299.1761,SSP2-4.5,2041-2060,-23.398300000000006,70.997,18.117699999999786,1.0954000000000015,6.9069,2.8827999999999996,31.674999999999997,70.5097375,10.186025000000058,1.1869124999999991,8.162950000000002,2.568975,32.2322125,-0.9594036461197276,-0.8751183382227424
120.5,23.1,303.6556,SSP2-4.5,2041-2060,-19.1558,71.4487,-18.933599999999842,1.1383999999999972,10.119,2.655199999999999,32.7308,70.892675,10.450762499999968,1.1422500000000007,7.0308375000000005,2.6597,33.110325,-0.9594036461197276,-0.811922557852951
120.5,23.15,302.0877,SSP2-4.5,2041-2060,-9.992500000000007,70.08519999999999,60.164600000000064,1.1169000000000011,5.9086,2.8017000000000003,32.5173,70.79583749999999,0.7023375000000556,1.0555125000000007,6.658849999999999,2.624575,33.3927875,-0.9594036461197276,-0.748726777483164
120.5,23.2,316.0196,SSP2-4.5,2041-2060,-22.55800000000005,70.04679999999999,16.70380000000023,0.9704000000000015,4.322400000000002,2.1190000000000015,33.0385,69.443975,3.7055124999999123,0.8370000000000015,5.09655,2.8862000000000005,33.2860625,-0.9594036461197276,-0.6855309971133726
120.5,23.25,308.7537,SSP2-4.5,2041-2060,-17.439599999999984,65.3303,-30.390200000000277,0.20479999999999876,3.6948000000000008,3.0793,32.1269,68.46882500000001,-10.8301625,0.784612500000001,4.157962499999999,2.8260750000000003,33.47430000000001,-0.9594036461197276,-0.6223352167435812
120.5,23.3,307.9355,SSP2-4.5,2041-2060,-11.109499999999969,64.86070000000001,-42.20650000000023,0.6129999999999995,5.294799999999995,3.0740999999999996,31.205800000000004,67.48706250000001,-21.987187499999976,0.6232375000000006,3.1773625,3.1390000000000002,34.552887500000004,-0.9594036461197276,-0.5591394363737897
120.5,23.35,284.4778,SSP2-4.5,2041-2060,-20.536400000000015,66.862,-66.66719999999987,0.16400000000000148,3.8689999999999998,3.6362000000000005,35.3981,67.7812625,-22.59794999999997,0.5397124999999998,2.083387499999999,3.0551625,35.99495,-0.9594036461197276,-0.4959436560039983
120.5,23.4,236.4689,SSP2-4.5,2041-2060,-17.382499999999993,69.93459999999999,-37.40949999999998,-0.2665000000000006,0.3602999999999952,3.3276000000000003,39.0558,68.10898750000001,-13.397137499999928,0.5921500000000002,1.9094750000000005,2.9592625000000004,37.1033625,-0.9594036461197276,-0.43274787563421135
120.5,23.45,227.6155,SSP2-4.5,2041-2060,-6.069600000000008,68.75640000000001,35.803300000000036,1.1277000000000008,2.172400000000003,3.312099999999999,37.4019,67.967625,-10.428900000000027,0.4353499999999997,1.3571,2.6278000000000006,37.289424999999994,-0.9594036461197276,-0.3695520952644199
120.5,23.5,227.3932,SSP2-4.5,2041-2060,-2.7438999999999965,66.96340000000001,19.93450000000007,0.8416999999999994,1.5033999999999992,2.4240999999999993,36.1365,67.24247500000001,13.972462499999978,0.7123375000000003,2.3599000000000014,2.7056125000000004,36.218025,-0.9594036461197276,-0.3063563148946285
120.5,23.55,216.9757,SSP2-4.5,2041-2060,-3.758999999999986,66.6396,17.53539999999998,0.676400000000001,1.3586000000000027,2.351700000000001,35.7154,67.30113750000001,30.69954999999996,0.7683999999999997,2.4445875,2.6308375,35.483887499999994,-0.9594036461197276,-0.24316053452483705
120.5,23.6,221.8191,SSP2-4.5,2041-2060,-13.442700000000002,69.26429999999999,66.61380000000008,0.8008999999999986,2.208600000000004,2.8466000000000005,36.1385,67.40993750000001,42.054449999999946,0.8551000000000002,2.6973874999999987,2.339225,34.746624999999995,-0.9594036461197276,-0.17996475415504562
120.5,23.65,203.9974,SSP2-4.5,2041-2060,-13.441300000000012,68.7799,32.89969999999994,0.8455000000000013,2.4861999999999966,2.2017000000000007,35.0327,67.8307125,53.06306249999997,0.8312999999999993,2.7223999999999986,2.0555999999999996,34.407925,-0.9594036461197276,-0.11676897378525869
120.5,23.7,192.0714,SSP2-4.5,2041-2060,-17.48660000000001,67.7522,25.08719999999994,0.573599999999999,3.856900000000003,1.7723999999999993,34.2038,67.47646250000001,59.15584999999999,0.8501999999999996,2.7598999999999982,1.7596874999999998,34.02355,-0.9594036461197276,-0.053573193415467256
120.5,23.75,173.0611,SSP2-4.5,2041-2060,-6.1188999999999965,67.72030000000001,62.60259999999994,0.769400000000001,3.4069000000000003,1.2914000000000003,35.403800000000004,67.92086250000001,62.08936249999999,0.7696624999999995,2.5471999999999992,1.6073249999999997,34.5209125,-0.9594036461197276,0.009622586954324176
120.5,23.8,165.0206,SSP2-4.5,2041-2060,-0.5083999999999946,68.3822,74.5909999999999,0.7945999999999991,2.9620999999999995,1.5499999999999998,36.259600000000006,68.280325,69.5309,0.8163375000000004,2.515087500000001,1.2327624999999998,35.2716375,-0.9594036461197276,0.0728183673241156
120.5,23.85,168.0732,SSP2-4.5,2041-2060,-3.767400000000009,67.7163,65.69299999999998,0.7622,0.04310000000000258,0.8602999999999996,36.6269,67.9042125,72.19186249999998,0.9236249999999999,2.3295375000000007,1.1127124999999998,35.815625,-0.9594036461197276,0.13601414769390704
120.5,23.9,169.8942,SSP2-4.5,2041-2060,-0.7069000000000187,65.2534,65.1522,1.2547999999999995,2.2879000000000005,0.9930999999999992,35.8692,66.7218125,72.031925,1.0684250000000004,0.4131500000000008,0.69805,35.7548,-0.9594036461197276,0.19920992806369398
120.5,23.95,184.0378,SSP2-4.5,2041-2060,-7.5523000000000025,62.266,62.00579999999991,1.5290000000000035,-0.546599999999998,0.4551999999999996,33.561499999999995,66.2959875,59.19742500000004,0.9609249999999987,-0.6463374999999996,0.4357749999999998,36.231725,-0.9594036461197276,0.26240570843348543
120.5,24.0,179.1759,SSP2-4.5,2041-2060,-6.544499999999999,64.61540000000001,27.55250000000001,0.4936999999999969,-1.6913999999999945,-0.0517000000000003,35.6096,65.766475,48.964462499999996,0.9539624999999998,-1.788375000000002,0.19246249999999976,36.3444625,-0.9594036461197276,0.32560148880327683
120.5,24.05,168.6595,SSP2-4.5,2041-2060,-2.679300000000012,64.78229999999999,37.88729999999987,0.6269999999999989,-2.1552000000000078,0.29659999999999975,36.2173,66.0856125,29.869887500000004,0.6769749999999988,-1.1082000000000019,0.09741249999999979,37.2213875,-0.9594036461197276,0.3887972691730683
120.5,24.1,158.9785,SSP2-4.5,2041-2060,-0.566299999999984,66.05510000000001,32.91170000000011,0.6616999999999997,-1.4914000000000058,0.2775999999999996,37.6096,65.8881375,22.108112499999976,0.6390499999999997,-0.7631500000000013,0.24568749999999995,37.4552875,-0.9594036461197276,0.4519930495428597
120.5,24.15,158.5858,SSP2-4.5,2041-2060,-3.235299999999995,66.05690000000001,15.786800000000085,0.5059000000000005,-1.8482999999999947,0.2637999999999998,36.982699999999994,66.1199,19.204375000000056,0.7031875000000003,-0.12736250000000027,0.13017500000000004,37.2973625,-0.9594036461197276,0.5151888299126467
120.5,24.2,160.4429,SSP2-4.5,2041-2060,-1.7531000000000176,65.8545,18.866500000000087,0.7352000000000025,-1.5516999999999967,-0.33450000000000024,36.5519,66.722575,25.23191250000005,0.7818749999999999,-0.40796249999999823,0.20647500000000008,37.482699999999994,-0.9594036461197276,0.578384610282438
120.5,24.25,164.6783,SSP2-4.5,2041-2060,0.6218999999999824,64.9216,32.15319999999997,0.8710999999999984,-0.6569000000000003,0.039699999999999847,36.2769,66.401325,31.32895000000002,0.7965500000000008,-0.5687499999999979,-0.0200499999999999,37.2553,-0.9594036461197276,0.6415803906522295
120.5,24.3,159.7178,SSP2-4.5,2041-2060,-0.1285000000000025,64.5946,38.650499999999965,0.8972000000000016,-0.09999999999999432,-0.23280000000000012,36.4308,65.8088375,51.574137500000006,0.8647375000000004,-0.10861249999999956,-0.11724999999999997,37.658175,-0.9594036461197276,0.704776171022021
120.55,22.4,227.6629,SSP2-4.5,2041-2060,-14.546099999999996,82.4196,77.47980000000007,1.7125000000000021,9.537899999999993,1.5931000000000015,38.2115,79.52632500000001,102.845875,1.6289749999999996,5.6745624999999995,2.0831874999999997,38.215137500000004,-0.8537098060385062,-1.696663483030022
120.55,22.45,239.3253,SSP2-4.5,2041-2060,-13.323599999999999,82.1404,98.83199999999988,1.4633000000000003,6.589700000000008,2.1914,38.426899999999996,80.6520625,107.68890000000005,1.6498000000000004,5.280599999999998,1.9676749999999996,38.2435,-0.8537098060385062,-1.6334677026602307
120.55,22.5,259.2096,SSP2-4.5,2041-2060,-20.24230000000003,80.12780000000001,113.3597000000002,1.420300000000001,3.9775999999999954,2.3466000000000005,38.5692,79.190175,86.158375,1.5475750000000001,4.4827625000000015,2.2836249999999993,37.8468625,-0.8537098060385062,-1.570271922290439
120.55,22.55,253.096,SSP2-4.5,2041-2060,-20.64779999999999,77.7895,38.012500000000045,1.1820000000000022,2.801700000000004,2.739699999999999,37.6596,76.8207,67.24072500000011,1.2873124999999996,2.656912499999998,2.5198249999999995,37.6999875,-0.8537098060385062,-1.5070761419206478
120.55,22.6,244.0175,SSP2-4.5,2041-2060,-17.177900000000022,74.71000000000001,79.62530000000015,0.221899999999998,-2.336200000000005,3.4879,38.536500000000004,74.1132125,16.43010000000004,1.1054499999999998,2.9872750000000003,2.8027875,36.3295625,-0.8537098060385062,-1.4438803615508562
120.55,22.65,251.6719,SSP2-4.5,2041-2060,-19.43349999999998,70.1005,-20.0608000000002,0.8567999999999998,1.7310000000000016,3.5534,34.3923,72.0164125,20.047712500000046,0.8992749999999994,1.4762999999999975,3.0032124999999996,35.475962499999994,-0.8537098060385062,-1.3806845811810693
120.55,22.7,265.5977,SSP2-4.5,2041-2060,-13.827799999999968,69.5021,26.07639999999992,1.2012,2.8759000000000015,3.318999999999999,33.959599999999995,68.85815,9.037437499999953,0.9467624999999997,1.9058124999999997,3.2491250000000003,33.1149125,-0.8537098060385062,-1.317488800811278
120.55,22.75,253.8176,SSP2-4.5,2041-2060,-10.456999999999994,65.9597,60.629599999999755,1.2988,1.7017000000000024,4.4328,31.409599999999998,68.2914375,8.06241250000005,1.116775,2.929974999999999,3.1217625,32.7754875,-0.8537098060385062,-1.2542930204414864
120.55,22.8,251.6414,SSP2-4.5,2041-2060,-15.7192,68.10399999999998,2.7269999999998618,1.3621000000000016,4.655200000000001,3.6723999999999997,33.1481,67.1848375,15.15337500000004,1.1720249999999997,4.0967625,3.1679,32.019,-0.8537098060385062,-1.191097240071695
120.55,22.85,255.2334,SSP2-4.5,2041-2060,-15.95059999999998,67.59469999999999,9.332300000000032,1.2861999999999973,4.812100000000001,3.2759,32.2154,67.96079999999999,21.903662499999967,1.3242875,5.6721875,3.012275,32.1687625,-0.8537098060385062,-1.1279014597019037
120.55,22.9,262.1451,SSP2-4.5,2041-2060,-11.448000000000008,66.7009,77.71459999999979,1.534399999999998,7.574100000000001,2.858599999999999,31.192300000000003,67.85177499999999,20.593600000000038,1.3920999999999992,6.4191875,2.8431125,31.2233375,-0.8537098060385062,-1.0647056793321166
120.55,22.95,287.6154,SSP2-4.5,2041-2060,-21.018500000000017,67.0299,34.93020000000024,1.7029999999999994,8.603500000000004,2.5759000000000007,29.146199999999997,67.66537499999998,33.983337500000005,1.3716874999999993,7.493537500000001,2.64375,30.3336625,-0.8537098060385062,-1.0015098989623252
120.55,23.0,310.5027,SSP2-4.5,2041-2060,-22.207400000000007,67.1662,84.33670000000029,1.6329999999999991,8.029300000000006,2.3414,29.3538,68.32423750000001,13.43662500000005,1.2524374999999996,8.384075000000001,2.6028125,30.2339125,-0.8537098060385062,-0.9383141185925338
120.55,23.05,330.9167,SSP2-4.5,2041-2060,-20.623199999999997,67.6329,20.700200000000223,1.2782000000000018,8.382800000000003,2.5500000000000007,30.1231,69.1429125,15.013800000000003,1.1122249999999996,8.2987125,2.5484999999999998,30.8283625,-0.8537098060385062,-0.8751183382227424
120.55,23.1,343.1903,SSP2-4.5,2041-2060,-16.367399999999975,68.834,10.059799999999996,1.1590999999999987,7.949999999999996,2.6586,31.1788,69.8599375,18.536262499999964,1.1065375000000004,7.571562500000001,2.664225,31.6310125,-0.8537098060385062,-0.811922557852951
120.55,23.15,328.4217,SSP2-4.5,2041-2060,-11.618200000000002,70.3526,35.16599999999971,1.3085000000000022,6.982800000000005,3.0069,32.0865,69.8075,14.975712500000043,1.0012499999999998,6.914224999999999,2.6247875,32.1711625,-0.8537098060385062,-0.748726777483164
120.55,23.2,306.4682,SSP2-4.5,2041-2060,-18.549900000000036,68.8398,-10.624499999999898,0.7922000000000011,6.774099999999997,2.7121000000000013,31.940400000000004,69.051475,2.923137499999939,0.8736125000000006,5.684275,2.6267125,32.510112500000005,-0.8537098060385062,-0.6855309971133726
120.55,23.25,309.7694,SSP2-4.5,2041-2060,-15.811399999999992,66.1012,-60.35010000000011,0.573400000000003,5.213799999999999,2.4154999999999998,31.263500000000004,67.808375,-29.459599999999966,0.7326874999999999,5.5383499999999986,2.6180875000000006,32.6908875,-0.8537098060385062,-0.6223352167435812
120.55,23.3,305.6043,SSP2-4.5,2041-2060,-18.259400000000028,66.14450000000001,-87.63919999999962,0.42409999999999926,5.6240999999999985,2.5534,32.932700000000004,66.6397875,-44.131212500000004,0.7059375000000006,4.799349999999999,2.5430875000000004,33.398575,-0.8537098060385062,-0.5591394363737897
120.55,23.35,287.5638,SSP2-4.5,2041-2060,-17.322000000000003,64.41390000000001,-87.80489999999963,0.6644000000000005,5.5672,2.2276000000000007,33.4173,67.18088750000001,-59.06163749999999,0.5890249999999995,3.742449999999999,2.567025,35.34425,-0.8537098060385062,-0.4959436560039983
120.55,23.4,269.8697,SSP2-4.5,2041-2060,-16.124900000000025,65.42739999999999,-117.58200000000033,0.2627999999999986,2.541400000000003,2.1897,36.775,67.4303125,-47.88764999999992,0.6195500000000003,2.7786625000000003,2.6114375,36.6317375,-0.8537098060385062,-0.43274787563421135
120.55,23.45,262.998,SSP2-4.5,2041-2060,-14.004999999999995,67.044,-66.07859999999982,0.39620000000000033,1.877600000000001,2.094800000000001,36.973099999999995,66.950525,-50.219250000000045,0.5005875,1.8592625000000007,2.7909625,36.928599999999996,-0.8537098060385062,-0.3695520952644199
120.55,23.5,257.6796,SSP2-4.5,2041-2060,-11.446699999999993,65.5882,-42.082800000000134,0.5602000000000018,1.7999999999999972,2.963800000000001,36.0577,66.8443125,-28.68071249999997,0.5771875,1.3633625000000018,2.9728375000000002,36.07955,-0.8537098060385062,-0.3063563148946285
120.55,23.55,237.0578,SSP2-4.5,2041-2060,-8.148499999999984,65.30579999999999,-2.197200000000066,0.6773999999999987,1.0448000000000022,3.4620999999999995,34.326899999999995,67.174925,-14.951312499999972,0.5982124999999998,1.5219750000000003,3.003662500000001,35.608175,-0.8537098060385062,-0.24316053452483705
120.55,23.6,218.2215,SSP2-4.5,2041-2060,-7.03449999999998,69.2286,27.66249999999991,0.6828000000000003,1.2378999999999962,2.5328,35.7481,67.2487625,9.895087500000017,0.7753874999999999,2.051075,3.137925,34.38245,-0.8537098060385062,-0.17996475415504562
120.55,23.65,208.916,SSP2-4.5,2041-2060,-12.405000000000001,66.0901,79.7630999999999,1.1221999999999994,4.286200000000001,2.7379,31.311500000000002,67.52105,35.31072500000002,0.8776875000000004,2.625637499999999,2.8709,33.85145,-0.8537098060385062,-0.11676897378525869
120.55,23.7,192.3829,SSP2-4.5,2041-2060,-10.711100000000016,66.09809999999999,79.0449000000001,1.0521999999999991,3.2378999999999962,2.1533999999999995,31.075,67.3277625,60.340025,0.985087500000001,3.3411624999999994,2.5448125,33.1394125,-0.8537098060385062,-0.053573193415467256
120.55,23.75,181.1643,SSP2-4.5,2041-2060,-8.465900000000005,66.87010000000001,67.31670000000008,0.9134999999999991,4.717199999999998,2.0638000000000005,32.1885,67.735475,73.99985000000004,0.9294625000000005,3.2978500000000004,2.0562374999999995,33.2721125,-0.8537098060385062,0.009622586954324176
120.55,23.8,162.2805,SSP2-4.5,2041-2060,2.5533000000000072,69.6528,77.86830000000009,0.8806000000000012,4.996600000000001,1.4844999999999988,33.52119999999999,67.599775,72.55323750000002,0.8691000000000004,3.3946125,1.5978375000000002,33.980287499999996,-0.8537098060385062,0.0728183673241156
120.55,23.85,169.5102,SSP2-4.5,2041-2060,-5.620200000000011,67.4393,71.95949999999993,0.9032000000000018,7.006900000000002,0.931,34.0327,67.57171249999999,70.01607500000003,0.9119999999999995,2.7920250000000006,1.3652999999999997,34.653125,-0.8537098060385062,0.13601414769390704
120.55,23.9,177.276,SSP2-4.5,2041-2060,-1.7785000000000082,66.81649999999999,73.13969999999995,0.9903999999999975,3.703400000000002,1.1517000000000008,36.2846,66.7192,68.70452500000002,1.1227625000000003,2.090087500000001,0.9627125,34.9471125,-0.8537098060385062,0.19920992806369398
120.55,23.95,179.6715,SSP2-4.5,2041-2060,-5.528500000000008,68.1334,91.32860000000005,1.4360999999999997,-1.5671999999999997,0.5517000000000003,37.571200000000005,66.5172,55.71675000000002,1.0147249999999994,0.8338250000000018,0.6946249999999998,35.456475,-0.8537098060385062,0.26240570843348543
120.55,24.0,185.4935,SSP2-4.5,2041-2060,-9.652900000000017,68.5566,45.04480000000012,0.9245999999999981,-0.21719999999999828,0.33449999999999935,37.740399999999994,66.8521125,48.18811249999999,0.9289625000000004,-0.4724250000000003,0.38040000000000007,36.4596125,-0.8537098060385062,0.32560148880327683
120.55,24.05,167.6183,SSP2-4.5,2041-2060,-4.757400000000018,67.5261,25.867899999999963,0.8244000000000007,-0.9966000000000008,0.14480000000000004,38.8673,67.58765,35.57601250000002,0.6657499999999996,-0.3441875000000021,0.2969999999999998,37.5798,-0.8537098060385062,0.3887972691730683
120.55,24.1,160.576,SSP2-4.5,2041-2060,-0.7254000000000076,66.3116,30.284200000000055,0.6478999999999999,0.7051999999999978,0.2275999999999998,38.05,67.8604375,32.22256250000001,0.6675499999999999,0.07002499999999756,0.42241249999999997,38.630525000000006,-0.8537098060385062,0.4519930495428597
120.55,24.15,170.3301,SSP2-4.5,2041-2060,0.33660000000000423,66.1325,23.406600000000026,0.5823999999999998,0.15520000000000067,0.6138000000000003,38.6577,67.95263750000001,31.43601250000006,0.7691500000000002,0.16098750000000006,0.29741249999999986,38.603362499999996,-0.8537098060385062,0.5151888299126467
120.55,24.2,170.34,SSP2-4.5,2041-2060,2.0970999999999833,66.83760000000001,17.55930000000012,1.0706000000000024,0.9241000000000028,0.1897000000000002,36.7962,67.482175,34.161100000000005,0.7533124999999998,-0.395249999999999,0.2627124999999999,38.4096125,-0.8537098060385062,0.578384610282438
120.55,24.25,176.9566,SSP2-4.5,2041-2060,6.258600000000001,67.1555,42.98910000000001,0.8664999999999985,-1.617200000000004,0.3517000000000001,37.2519,66.7478,43.360224999999986,0.884875000000001,-0.10193749999999735,-0.05625000000000002,38.03175,-0.8537098060385062,0.6415803906522295
120.55,24.3,164.6762,SSP2-4.5,2041-2060,5.623400000000004,65.9878,58.92699999999991,0.8948,-0.2154999999999987,-0.08449999999999935,38.1481,65.1365,52.4675,0.8680000000000003,0.3344875000000007,-0.122425,37.478612500000004,-0.8537098060385062,0.704776171022021
120.55,24.35,156.3234,SSP2-4.5,2041-2060,2.0270000000000152,64.34549999999999,44.53230000000008,0.7847000000000008,0.9155000000000015,-0.14309999999999956,36.778800000000004,64.2149875,64.78755000000001,0.9514875000000003,0.5704874999999996,-0.1552,37.3216375,-0.8537098060385062,0.7679719513918124
120.55,24.4,152.6448,SSP2-4.5,2041-2060,2.417299999999983,61.86900000000001,46.28989999999999,0.7589000000000006,1.877600000000001,-0.2275999999999998,36.8327,63.906575,68.84881250000004,1.015025,0.5814750000000002,-0.19592500000000002,37.1932625,-0.8537098060385062,0.8311677317615993
120.6,22.35,235.3471,SSP2-4.5,2041-2060,-16.218800000000016,79.5472,87.66769999999997,1.8179999999999978,7.437899999999999,1.9672,39.225,74.6422375,83.12840000000003,1.4779000000000004,8.387062499999999,2.0762875000000003,35.698325,-0.7480159659572849,-1.759859263399809
120.6,22.4,257.9927,SSP2-4.5,2041-2060,-17.008800000000008,80.29639999999999,116.41870000000017,1.4030999999999985,5.034500000000001,2.2982999999999993,38.5096,76.64591250000001,88.88167499999997,1.5495999999999999,6.92455,2.0696000000000003,37.001675,-0.7480159659572849,-1.696663483030022
120.6,22.45,287.9199,SSP2-4.5,2041-2060,-23.387200000000007,78.3445,124.77590000000009,1.5714000000000006,4.646500000000003,2.0016999999999996,37.090399999999995,74.7263375,98.37833750000001,1.4868000000000001,5.775437500000002,2.2888,35.9326875,-0.7480159659572849,-1.6334677026602307
120.6,22.5,316.9811,SSP2-4.5,2041-2060,-32.0625,74.951,97.11329999999998,1.4818999999999996,3.6828000000000074,2.208599999999999,36.3058,73.830025,88.48115000000001,1.4390249999999996,4.403662500000001,2.4426875,35.5401375,-0.7480159659572849,-1.570271922290439
120.6,22.55,316.2605,SSP2-4.5,2041-2060,-32.10419999999999,74.6923,40.495800000000145,1.487099999999998,3.1965999999999966,2.6483000000000008,36.6519,72.1007875,70.4056875,1.3361999999999994,2.9491499999999995,2.7622874999999993,35.3355875,-0.7480159659572849,-1.5070761419206478
120.6,22.6,287.5262,SSP2-4.5,2041-2060,-22.32850000000002,70.8872,28.30540000000019,1.668099999999999,1.4206999999999965,2.793099999999999,35.5212,71.02827500000001,26.45257499999994,1.1641249999999994,3.05,2.9575375,35.0319625,-0.7480159659572849,-1.4438803615508562
120.6,22.65,297.1287,SSP2-4.5,2041-2060,-25.3553,67.95830000000001,-11.45510000000013,1.1788999999999987,6.153400000000005,2.958599999999999,33.709599999999995,69.8926375,17.169512499999996,1.0904875,2.5172624999999993,3.081025,34.5903875,-0.7480159659572849,-1.3806845811810693
120.6,22.7,285.9173,SSP2-4.5,2041-2060,-11.92670000000004,67.31389999999999,11.490400000000136,0.924199999999999,0.44659999999999656,2.8017000000000003,33.459599999999995,68.62735,11.246399999999937,1.1428625000000006,4.231037500000001,3.2566875,33.4658625,-0.7480159659572849,-1.317488800811278
120.6,22.75,274.4394,SSP2-4.5,2041-2060,-9.797799999999995,63.9788,40.713900000000194,1.191600000000001,1.9206999999999965,2.9276,30.8654,68.924725,8.876975000000016,1.2712499999999998,4.4513125,3.4082,33.2954375,-0.7480159659572849,-1.2542930204414864
120.6,22.8,270.2769,SSP2-4.5,2041-2060,-14.688800000000015,66.8835,12.702700000000277,1.5722999999999985,4.268999999999998,3.3378999999999994,31.632699999999996,68.4324875,3.6772750000000087,1.3824624999999995,5.2120750000000005,3.293125,32.87045,-0.7480159659572849,-1.191097240071695
120.6,22.85,272.7929,SSP2-4.5,2041-2060,-8.484499999999969,67.8703,11.470200000000204,1.566799999999997,7.337899999999998,2.662099999999999,32.1135,68.87181249999999,-5.933387500000038,1.4547749999999993,6.061862500000002,3.1480625,32.727175,-0.7480159659572849,-1.1279014597019037
120.6,22.9,290.1625,SSP2-4.5,2041-2060,-15.267800000000022,67.30429999999998,3.265799999999672,1.370000000000001,6.543100000000003,3.0,30.388499999999997,68.77595,-8.264912499999923,1.3751249999999988,7.8704875,2.82005,32.2690125,-0.7480159659572849,-1.0647056793321166
120.6,22.95,313.2142,SSP2-4.5,2041-2060,-17.889499999999998,66.8852,-7.436699999999746,1.565999999999999,11.196599999999997,3.0276000000000014,28.9212,68.2720625,4.1117249999999785,1.1925749999999993,7.4269500000000015,2.6730625,31.4028875,-0.7480159659572849,-1.0015098989623252
120.6,23.0,334.2407,SSP2-4.5,2041-2060,-12.331000000000017,66.88839999999999,-15.208000000000084,0.8935999999999993,8.575900000000004,2.239699999999999,29.6231,68.308075,-9.363799999999912,1.0762124999999996,8.351962499999999,2.54375,30.9324625,-0.7480159659572849,-0.9383141185925338
120.6,23.05,362.2545,SSP2-4.5,2041-2060,-11.16149999999999,69.51910000000001,-18.45510000000013,1.1329999999999991,9.336199999999998,2.4586000000000006,31.282700000000002,68.2002875,-5.572337499999946,0.9125749999999995,7.5950625,2.455175,31.0117625,-0.7480159659572849,-0.8751183382227424
120.6,23.1,383.8683,SSP2-4.5,2041-2060,-12.194899999999961,68.7081,13.840400000000045,0.8863000000000021,7.308599999999998,2.3638000000000012,30.786499999999997,69.531225,-3.251937499999997,0.9529999999999994,7.6444125,2.625425,32.1865375,-0.7480159659572849,-0.811922557852951
120.6,23.15,369.5087,SSP2-4.5,2041-2060,-2.838300000000004,70.13589999999999,37.68989999999985,0.8955999999999982,5.627600000000001,2.5947999999999993,31.846200000000003,70.0360625,11.634250000000065,1.0226499999999996,6.8513,2.7206875000000004,33.0971125,-0.7480159659572849,-0.748726777483164
120.6,23.2,315.9903,SSP2-4.5,2041-2060,-6.645800000000008,70.36149999999999,10.905299999999897,1.0510999999999981,7.3035,3.0930999999999997,33.330799999999996,69.991325,1.4019875000000184,1.0020625000000005,5.8834125,2.5284375,33.467575,-0.7480159659572849,-0.6855309971133726
120.6,23.25,305.9738,SSP2-4.5,2041-2060,-8.453499999999963,69.9983,-46.504199999999855,0.8682000000000016,6.4206999999999965,1.9033999999999995,33.8712,68.2978375,-22.956224999999904,0.96515,5.6504375,2.4631250000000002,33.3060375,-0.7480159659572849,-0.6223352167435812
120.6,23.3,334.1415,SSP2-4.5,2041-2060,-14.896600000000035,66.8851,-45.921299999999974,0.9376999999999995,4.872399999999999,2.410300000000001,33.080799999999996,67.5700125,-33.354249999999865,1.0185750000000002,5.158412499999999,2.0426625,34.090162500000005,-0.7480159659572849,-0.5591394363737897
120.6,23.35,322.9772,SSP2-4.5,2041-2060,-5.800299999999993,68.66680000000001,26.79469999999992,1.6219999999999999,3.4620999999999995,1.5983,36.825,66.956425,-61.92688749999985,0.8649124999999991,4.42995,2.0446125000000004,34.7226,-0.7480159659572849,-0.4959436560039983
120.6,23.4,338.4893,SSP2-4.5,2041-2060,-12.425600000000031,68.666,-101.86209999999983,0.9550999999999981,3.9155000000000015,1.7466000000000008,37.4808,67.2414,-60.00003749999996,0.7682625000000001,3.2672500000000007,2.0321250000000006,35.9127375,-0.7480159659572849,-0.43274787563421135
120.6,23.45,332.1796,SSP2-4.5,2041-2060,-13.136799999999994,65.0988,-85.8769000000002,0.29350000000000165,1.005200000000002,2.9482999999999997,36.5019,66.775225,-89.81526250000002,0.5647374999999997,2.6485000000000003,2.2582000000000004,35.642062499999994,-0.7480159659572849,-0.3695520952644199
120.6,23.5,343.8021,SSP2-4.5,2041-2060,-15.079000000000008,65.1694,-72.67849999999999,0.23019999999999996,1.5759000000000043,3.4155000000000015,36.0192,67.006,-73.29406250000005,0.5505875000000002,1.5079874999999996,2.7194000000000003,35.37835,-0.7480159659572849,-0.3063563148946285
120.6,23.55,327.9692,SSP2-4.5,2041-2060,-16.72660000000002,69.7771,-75.88769999999977,0.37439999999999785,0.3689999999999998,3.7741000000000007,35.561499999999995,66.68136249999999,-56.21636250000006,0.5941750000000003,1.292887499999999,2.9907500000000002,34.7495125,-0.7480159659572849,-0.24316053452483705
120.6,23.6,256.096,SSP2-4.5,2041-2060,-0.2769000000000119,64.7688,-60.70769999999993,0.6190999999999995,2.122399999999999,3.720700000000001,33.4885,67.6549375,-14.516937499999983,0.7767875000000006,1.3547499999999992,3.37565,34.31921249999999,-0.7480159659572849,-0.17996475415504562
120.6,23.65,200.8481,SSP2-4.5,2041-2060,1.065100000000001,67.36449999999999,21.1413,1.0872000000000028,2.5327999999999946,4.0085999999999995,33.4846,66.7745125,20.874487500000043,0.9563125000000001,1.9303749999999997,3.3446124999999998,33.1115375,-0.7480159659572849,-0.11676897378525869
120.6,23.7,198.1259,SSP2-4.5,2041-2060,-6.205700000000007,66.912,90.74410000000012,1.3602000000000025,3.322400000000002,3.731,31.6404,66.67212500000001,59.77657500000004,1.1174875000000002,2.519174999999999,3.1700375,32.4581625,-0.7480159659572849,-0.053573193415467256
120.6,23.75,189.4702,SSP2-4.5,2041-2060,-11.478499999999997,67.133,103.16550000000007,1.209100000000003,2.1206999999999994,2.5517000000000003,31.849999999999998,67.7454125,76.84101250000006,1.0761249999999998,2.8668000000000005,2.643525,32.5336625,-0.7480159659572849,0.009622586954324176
120.6,23.8,177.3559,SSP2-4.5,2041-2060,-6.918999999999983,68.2332,78.89520000000016,0.7959999999999994,2.479300000000002,1.9154999999999998,32.223099999999995,67.8858625,73.28871250000003,0.9846500000000007,3.8985000000000003,2.0864250000000006,32.964675,-0.7480159659572849,0.0728183673241156
120.6,23.85,177.3776,SSP2-4.5,2041-2060,-6.84620000000001,67.3038,56.202400000000125,0.8048000000000002,4.4206999999999965,1.6190000000000007,33.2577,68.14941250000001,66.4682875,0.9080499999999998,3.3702625000000017,1.6441750000000002,33.48871249999999,-0.7480159659572849,0.13601414769390704
120.6,23.9,169.1613,SSP2-4.5,2041-2060,-1.3925000000000125,67.2155,68.58680000000004,1.012599999999999,1.4431000000000012,1.3482999999999992,33.1827,68.22335,60.671249999999986,1.0035249999999998,3.0493625,1.2497875000000005,34.7649125,-0.7480159659572849,0.19920992806369398
120.6,23.95,169.1359,SSP2-4.5,2041-2060,0.22980000000001155,68.42590000000001,68.70790000000011,1.279399999999999,3.632800000000003,0.9431000000000012,35.474999999999994,68.5455875,55.19868749999998,0.9566624999999993,0.6131499999999992,0.9547499999999998,35.659612499999994,-0.7480159659572849,0.26240570843348543
120.6,24.0,185.8405,SSP2-4.5,2041-2060,-9.394299999999987,68.9883,35.54430000000002,0.633300000000002,-1.9414000000000016,0.3827999999999996,35.9288,69.1935,48.54151249999998,0.9317374999999997,0.6150999999999991,0.6922375000000001,37.095925,-0.7480159659572849,0.32560148880327683
120.6,24.05,185.0339,SSP2-4.5,2041-2060,-10.492399999999975,70.0795,36.61059999999998,0.6088000000000022,1.4861999999999966,0.32070000000000043,38.4462,69.2966625,34.73376249999998,0.7459999999999996,0.6930999999999994,0.5019374999999999,37.94085,-0.7480159659572849,0.3887972691730683
120.6,24.1,179.1346,SSP2-4.5,2041-2060,-9.856500000000011,71.3124,38.772699999999986,0.7289999999999992,2.5516999999999967,0.5879000000000003,41.036500000000004,69.56869999999999,30.0733625,0.6495249999999997,1.3512874999999998,0.47822500000000023,39.0442375,-0.7480159659572849,0.4519930495428597
120.6,24.15,188.8,SSP2-4.5,2041-2060,-5.116300000000024,70.9387,46.53690000000006,0.8011999999999979,2.8585999999999956,0.8740999999999994,41.2269,69.648125,27.144000000000034,0.7213125000000002,0.9000000000000012,0.37500000000000033,39.548075,-0.7480159659572849,0.5151888299126467
120.6,24.2,189.5597,SSP2-4.5,2041-2060,1.0131000000000085,70.2543,50.76999999999998,1.0016999999999996,-0.8602999999999952,0.2930999999999999,40.573100000000004,69.1828625,30.590062500000016,0.6932375,-0.07263749999999991,0.3726250000000002,39.49495,-0.7480159659572849,0.578384610282438
120.6,24.25,180.3961,SSP2-4.5,2041-2060,5.898300000000006,68.54339999999999,42.77969999999982,0.6625000000000014,0.3586000000000027,0.0,39.7558,68.160525,52.97921250000002,0.8330000000000006,-0.8715499999999992,0.10021250000000004,39.2459125,-0.7480159659572849,0.6415803906522295
120.6,24.3,169.6259,SSP2-4.5,2041-2060,7.813799999999986,66.9886,87.17560000000003,0.9459000000000017,1.286200000000001,-0.32070000000000043,39.7212,65.9991375,66.1096125,0.8885125,-0.5756375,-0.06703749999999997,38.21368749999999,-0.7480159659572849,0.704776171022021
120.6,24.35,166.0059,SSP2-4.5,2041-2060,12.66640000000001,62.67380000000001,85.16970000000015,1.1571999999999996,0.6120999999999981,-0.4466000000000001,36.7808,64.148275,72.91700000000003,0.9461500000000003,0.5144500000000001,-0.14742500000000003,37.6629625,-0.7480159659572849,0.7679719513918124
120.6,24.4,157.7691,SSP2-4.5,2041-2060,4.72199999999998,61.37689999999999,52.321500000000015,0.6523000000000003,2.9809999999999945,-0.039699999999999847,36.803799999999995,63.187987500000006,75.65663750000004,1.1610624999999999,1.2080000000000002,-0.16380000000000006,36.9158625,-0.7480159659572849,0.8311677317615993
120.65,22.25,217.9816,SSP2-4.5,2041-2060,-16.791499999999985,79.0297,29.161899999999832,1.4392999999999994,14.012099999999997,1.7396999999999991,38.60379999999999,69.2928375,54.33599999999993,1.460575,13.2469875,2.1323375,34.014425,-0.6423221258760335,-1.8862508241393918
120.65,22.3,240.0325,SSP2-4.5,2041-2060,-18.993899999999996,76.8288,69.577,1.3366000000000007,13.968999999999994,1.982800000000001,37.196200000000005,68.978025,57.39127499999992,1.4692000000000003,11.5290875,2.17995,33.619699999999995,-0.6423221258760335,-1.8230550437696005
120.65,22.35,297.1076,SSP2-4.5,2041-2060,-24.337400000000002,73.3523,65.11929999999984,1.1235,9.737899999999996,2.3362,36.7596,65.97342499999999,75.45705000000004,1.3877124999999997,9.836849999999998,2.3872750000000003,30.865637500000002,-0.6423221258760335,-1.759859263399809
120.65,22.4,339.4786,SSP2-4.5,2041-2060,-30.10889999999995,68.1545,75.07929999999988,1.671199999999999,7.129300000000001,2.5793,34.8731,67.8717375,92.95563750000002,1.3635874999999995,7.1874875,2.4506375,31.9403875,-0.6423221258760335,-1.696663483030022
120.65,22.45,364.378,SSP2-4.5,2041-2060,-33.92669999999998,65.3261,95.21360000000004,1.3021999999999991,5.0172000000000025,2.4931,31.694200000000002,66.04825,110.20056249999999,1.4495875000000003,5.7791000000000015,2.7178875,30.724775,-0.6423221258760335,-1.6334677026602307
120.65,22.5,376.5089,SSP2-4.5,2041-2060,-34.894000000000005,64.3949,113.5302999999999,1.4399000000000015,5.234500000000004,2.5999999999999996,30.8712,65.950275,108.74938750000001,1.5387249999999995,4.4362125,2.8722000000000003,30.7399125,-0.6423221258760335,-1.570271922290439
120.65,22.55,414.5796,SSP2-4.5,2041-2060,-33.049800000000005,67.8247,83.6293999999998,1.6459999999999937,3.765499999999996,2.5206999999999997,33.3577,64.6436375,88.61091249999998,1.5896500000000007,4.0200625,3.100425,30.1122875,-0.6423221258760335,-1.5070761419206478
120.65,22.6,455.9923,SSP2-4.5,2041-2060,-31.091000000000008,66.1212,9.669599999999718,1.6295000000000002,5.046599999999998,3.4017,31.863500000000002,64.8188625,60.378612499999974,1.5249874999999995,3.5131499999999996,2.8056,30.769237499999996,-0.6423221258760335,-1.4438803615508562
120.65,22.65,403.1326,SSP2-4.5,2041-2060,-27.516800000000046,69.0297,-8.296100000000024,1.1108000000000047,4.041400000000003,2.3499999999999996,34.084599999999995,64.8284,41.31548749999996,1.5035874999999992,3.7332,2.7896375,30.628137499999998,-0.6423221258760335,-1.3806845811810693
120.65,22.7,389.3107,SSP2-4.5,2041-2060,-26.2226,71.4765,10.545900000000074,1.1113999999999997,6.912100000000002,2.9414000000000016,34.9058,65.47364999999999,28.953550000000007,1.4080124999999994,4.016825,2.6752124999999998,30.9295625,-0.6423221258760335,-1.317488800811278
120.65,22.75,360.4782,SSP2-4.5,2041-2060,-26.827500000000043,71.01320000000001,-8.182600000000093,1.1934000000000005,8.512099999999997,3.5707000000000004,34.4,67.0507125,16.822675000000118,1.442324999999998,4.216824999999999,2.8441875000000003,31.2166,-0.6423221258760335,-1.2542930204414864
120.65,22.8,369.6386,SSP2-4.5,2041-2060,-20.244799999999998,71.1449,-44.973599999999806,1.5065999999999988,6.237900000000003,3.1897,33.4481,65.7461375,-11.845412499999895,1.378887499999999,5.9872999999999985,2.872,30.4077125,-0.6423221258760335,-1.191097240071695
120.65,22.85,361.9481,SSP2-4.5,2041-2060,-6.56389999999999,71.79429999999999,-42.29860000000008,1.6541999999999994,6.5190000000000055,2.6138000000000012,35.3635,66.50795,-36.34851249999991,1.222062499999999,6.7241375,2.9532499999999997,30.74785,-0.6423221258760335,-1.1279014597019037
120.65,22.9,342.0699,SSP2-4.5,2041-2060,-15.293300000000045,71.4479,-65.93730000000005,1.3523999999999994,7.884500000000003,3.2362,34.4288,66.967725,-54.09502499999991,0.8677250000000001,8.0107875,2.9215625000000003,31.2942625,-0.6423221258760335,-1.0647056793321166
120.65,22.95,353.0599,SSP2-4.5,2041-2060,-17.32170000000002,70.8844,-83.89399999999978,0.33800000000000097,9.036199999999994,2.3103,34.77119999999999,67.4367,-59.47967500000004,0.6467874999999998,7.597,2.8773750000000002,31.317075000000003,-0.6423221258760335,-1.0015098989623252
120.65,23.0,336.8459,SSP2-4.5,2041-2060,-8.967299999999966,68.75450000000001,-2.3142000000002554,0.7161999999999971,3.168999999999997,2.8224,32.319199999999995,66.98908750000001,-92.88761249999999,0.3792000000000004,8.929749999999999,2.52435,31.032474999999998,-0.6423221258760335,-0.9383141185925338
120.65,23.05,374.8571,SSP2-4.5,2041-2060,-5.051499999999976,68.5924,-102.77750000000015,0.24230000000000018,9.062099999999994,2.2638,31.542299999999997,67.52622500000001,-65.990275,0.5313249999999998,7.7247875,2.2631375,31.429812500000004,-0.6423221258760335,-0.8751183382227424
120.65,23.1,387.8653,SSP2-4.5,2041-2060,-5.531700000000001,69.0258,-53.21609999999964,0.49189999999999756,8.282800000000002,2.4017,33.167300000000004,68.3433125,-30.63227500000005,0.7843874999999998,7.464862499999999,2.4609875,32.2007375,-0.6423221258760335,-0.811922557852951
120.65,23.15,368.115,SSP2-4.5,2041-2060,8.384799999999984,72.1571,44.81730000000016,1.1153999999999975,5.530999999999999,3.068999999999999,36.2654,68.6776625,12.90408750000006,1.0432249999999996,6.730612500000001,2.5437374999999998,32.697375,-0.6423221258760335,-0.748726777483164
120.65,23.2,339.2139,SSP2-4.5,2041-2060,6.158799999999985,72.0096,42.125800000000254,1.3766999999999996,4.677600000000005,2.4603,36.0212,68.85107500000001,17.733274999999992,1.2081125,6.03815,2.5273624999999997,33.426225,-0.6423221258760335,-0.6855309971133726
120.65,23.25,301.5406,SSP2-4.5,2041-2060,1.485400000000027,70.33610000000002,-31.104299999999967,1.086500000000001,5.839700000000001,2.0655,34.446200000000005,69.025675,-0.9250624999999104,1.2511375,5.7547500000000005,2.447825,34.1137125,-0.6423221258760335,-0.6223352167435812
120.65,23.3,315.2784,SSP2-4.5,2041-2060,3.0667000000000257,65.7049,-1.0414999999998145,1.479499999999998,4.898299999999999,1.9947999999999997,33.4327,69.7949,-15.427849999999978,1.2371750000000001,5.2267375,2.0267125000000004,35.0704375,-0.6423221258760335,-0.5591394363737897
120.65,23.35,338.7004,SSP2-4.5,2041-2060,0.43590000000000373,69.1944,20.815500000000156,1.4304999999999986,4.241399999999999,1.5828000000000007,36.5327,68.91301250000001,-38.62096249999996,1.1098124999999994,4.746775,2.0099125,35.0528875,-0.6423221258760335,-0.4959436560039983
120.65,23.4,378.3673,SSP2-4.5,2041-2060,-11.202499999999986,69.21520000000001,-74.37959999999975,0.7652000000000001,3.779299999999999,1.6517,34.1288,68.1574,-45.59683750000005,0.9794,3.9222125000000014,1.9786875000000002,35.846162500000005,-0.6423221258760335,-0.43274787563421135
120.65,23.45,414.5657,SSP2-4.5,2041-2060,-19.998299999999972,68.8707,-95.88850000000002,0.7115000000000009,3.663800000000002,1.9638000000000009,36.1481,65.8091125,-93.89083750000003,0.6367875000000001,2.9920375000000012,2.2511,34.3651375,-0.6423221258760335,-0.3695520952644199
120.65,23.5,438.6241,SSP2-4.5,2041-2060,-28.893100000000004,64.2209,-147.97000000000025,0.6366999999999976,2.034499999999994,2.0397,31.5538,66.6736875,-82.60258750000003,0.5703625000000008,1.5629500000000016,2.6758625,34.837487499999995,-0.6423221258760335,-0.3063563148946285
120.65,23.55,361.7503,SSP2-4.5,2041-2060,-17.528999999999996,70.1425,-70.37080000000014,0.754800000000003,0.26899999999999835,2.5085999999999995,35.9038,66.4836,-83.63092499999999,0.5390999999999995,0.9269500000000006,3.0146625,33.768987499999994,-0.6423221258760335,-0.24316053452483705
120.65,23.6,293.7536,SSP2-4.5,2041-2060,-0.9538000000000011,69.0267,-81.38639999999987,0.5922000000000018,0.2586000000000013,3.2828,34.8981,68.20681249999998,-32.72855000000001,0.7645250000000008,0.7411874999999997,3.580375,34.495174999999996,-0.6423221258760335,-0.17996475415504562
120.65,23.65,246.2337,SSP2-4.5,2041-2060,5.651100000000014,64.30420000000001,-14.860299999999825,0.9233000000000011,0.8397000000000006,4.6983,33.319199999999995,68.6254125,4.03063750000004,0.9706500000000005,1.0780250000000011,3.646975,34.2459125,-0.6423221258760335,-0.11676897378525869
120.65,23.7,209.2149,SSP2-4.5,2041-2060,1.044099999999986,67.7676,46.73569999999995,1.298499999999997,0.1379000000000019,3.8999999999999986,33.411500000000004,68.35933750000001,47.553600000000074,1.1682375000000014,1.8584249999999995,3.6249875,33.849025,-0.6423221258760335,-0.053573193415467256
120.65,23.75,199.5551,SSP2-4.5,2041-2060,-11.295299999999997,67.7494,95.90570000000002,1.3338999999999999,2.280999999999999,3.246600000000001,33.025,68.4852875,65.3723625000001,1.1439750000000002,1.8263000000000007,3.018725,33.1377375,-0.6423221258760335,0.009622586954324176
120.65,23.8,200.0373,SSP2-4.5,2041-2060,-14.77249999999998,68.68010000000001,78.21749999999997,0.9741,1.7621000000000038,2.6534000000000013,33.1846,67.9794,65.61050000000003,1.0441250000000006,2.940524999999999,2.4810375000000002,32.747362499999994,-0.6423221258760335,0.0728183673241156
120.65,23.85,194.0294,SSP2-4.5,2041-2060,-10.29000000000002,68.2584,35.67409999999995,0.8580000000000005,3.882800000000003,2.141400000000001,32.6577,68.1923875,62.73060000000001,0.9697875000000002,2.3963375000000005,1.9597000000000002,32.822375,-0.6423221258760335,0.13601414769390704
120.65,23.9,181.6138,SSP2-4.5,2041-2060,-1.1691999999999894,68.89949999999999,47.40519999999992,0.849499999999999,1.687899999999999,1.5275999999999996,32.8231,68.69985,53.25652499999998,1.0133375000000004,2.1245875000000005,1.5036875,33.8105875,-0.6423221258760335,0.19920992806369398
120.65,23.95,181.2748,SSP2-4.5,2041-2060,-3.3951999999999884,70.51,40.95259999999985,0.9068000000000005,1.627599999999994,1.1327999999999996,36.017300000000006,69.21764999999999,53.13209999999998,1.0244750000000002,-0.05301249999999946,1.0683375,34.6944625,-0.6423221258760335,0.26240570843348543
120.65,24.0,179.1852,SSP2-4.5,2041-2060,-5.440600000000018,69.2449,39.587499999999864,0.8999999999999986,0.16899999999999693,1.2085999999999997,35.72880000000001,70.2742125,46.32531249999997,0.9337000000000004,-0.10947500000000066,0.7758750000000001,36.37235,-0.6423221258760335,0.32560148880327683
120.65,24.05,190.7765,SSP2-4.5,2041-2060,-10.380799999999994,71.07159999999999,40.23219999999992,0.5737999999999985,0.7862000000000009,0.9017,36.9212,70.68717500000001,36.84703749999997,0.8493625000000002,0.4769374999999991,0.6441875000000001,37.835550000000005,-0.6423221258760335,0.3887972691730683
120.65,24.1,194.7942,SSP2-4.5,2041-2060,-15.557099999999991,71.3618,22.536499999999933,0.7349999999999994,4.487900000000003,0.2276000000000007,39.2538,71.31155,28.859437500000013,0.6944249999999994,1.6821124999999988,0.6215375000000003,39.0884625,-0.6423221258760335,0.4519930495428597
120.65,24.15,204.3697,SSP2-4.5,2041-2060,-15.370199999999983,73.12780000000001,15.11200000000008,0.42269999999999897,1.3276000000000039,0.5155000000000012,40.9308,71.08435,26.34313750000001,0.7071874999999999,0.7282249999999992,0.42542500000000016,40.0665625,-0.6423221258760335,0.5151888299126467
120.65,24.2,200.7228,SSP2-4.5,2041-2060,-8.747399999999999,71.84700000000001,18.710700000000088,0.5812000000000026,-2.0914,0.3448000000000002,41.0865,70.15545,30.1002,0.6189249999999995,-0.3993625000000005,0.31852500000000017,40.0759625,-0.6423221258760335,0.578384610282438
120.65,24.25,198.4469,SSP2-4.5,2041-2060,-0.28309999999999036,68.88040000000001,37.626199999999926,0.558799999999998,-2.496600000000001,0.09140000000000015,40.2538,68.6484125,58.76442500000002,0.7196125000000007,-1.5478499999999995,0.1195999999999997,39.850725,-0.6423221258760335,0.6415803906522295
120.65,24.3,177.468,SSP2-4.5,2041-2060,9.769500000000022,67.333,110.07580000000007,0.7445000000000022,-1.9016999999999982,-0.06380000000000052,40.1365,65.9414875,79.46573749999999,0.9366124999999998,-0.9159500000000005,-0.12631250000000038,38.3867875,-0.6423221258760335,0.704776171022021
120.65,24.35,175.6112,SSP2-4.5,2041-2060,17.8741,63.0737,106.77710000000002,1.4390999999999998,-0.26030000000000086,-0.2414000000000005,36.6038,64.05596249999999,92.91782500000002,1.0932125,0.3793249999999997,-0.17610000000000037,37.612975,-0.6423221258760335,0.7679719513918124
120.65,24.4,177.823,SSP2-4.5,2041-2060,9.791299999999978,62.2117,77.23680000000013,1.3489999999999966,-0.5671999999999997,-0.05860000000000021,36.278800000000004,62.70570000000001,83.57422500000001,1.32545,2.284074999999998,-0.08923750000000019,36.44015,-0.6423221258760335,0.8311677317615993
120.65,24.45,163.5848,SSP2-4.5,2041-2060,5.994399999999985,61.773900000000005,60.34960000000001,1.1342999999999996,1.5534999999999997,0.12589999999999968,36.5308,62.1068625,74.37798750000005,1.3239625,3.243762499999999,-0.04031249999999986,36.080524999999994,-0.6423221258760335,0.8943635121313908
120.65,24.5,160.682,SSP2-4.5,2041-2060,3.6128000000000213,61.827099999999994,60.11110000000008,0.8824000000000005,3.6155000000000044,-0.015499999999999403,36.1731,61.6508875,65.4676,1.3822125,3.8457124999999985,-0.028012499999999996,35.4656375,-0.6423221258760335,0.9575592925011822
120.7,21.95,230.9297,SSP2-4.5,2041-2060,-27.906499999999994,74.9829,-41.653999999999996,0.29650000000000176,14.372399999999999,2.3309999999999995,36.028800000000004,74.9582,-33.23278749999997,0.19927500000000098,13.90625,2.542225,36.0254875,-0.5366282857948123,-2.265425506358136
120.7,22.0,237.8747,SSP2-4.5,2041-2060,-27.78279999999998,74.44489999999999,9.846700000000055,0.023800000000001376,7.039699999999996,1.9809999999999999,35.4442,74.71357499999999,-20.33341249999998,0.32871250000000085,13.19115,2.3258375,36.1024125,-0.5366282857948123,-2.2022297259883445
120.7,22.05,245.2909,SSP2-4.5,2041-2060,-24.8853,76.7209,14.067400000000134,0.08670000000000044,10.774100000000004,1.4102999999999994,35.0212,74.271275,7.659562499999993,0.5326375000000008,10.957325,2.0510625,35.892775,-0.5366282857948123,-2.139033945618553
120.7,22.1,238.3069,SSP2-4.5,2041-2060,-16.92440000000002,75.3444,67.57979999999998,0.43950000000000244,6.701700000000002,1.3051999999999992,34.425,73.1071125,17.49041250000002,0.9322500000000002,10.6997875,1.857525,35.4735625,-0.5366282857948123,-2.0758381652487614
120.7,22.15,223.9088,SSP2-4.5,2041-2060,-14.352700000000027,73.76509999999999,48.58249999999998,0.7871000000000024,6.555199999999999,1.2121000000000013,36.301899999999996,71.61077499999999,38.45319999999998,1.2767750000000007,10.599787499999998,1.7920249999999998,35.065625,-0.5366282857948123,-2.0126423848789745
120.7,22.2,211.7954,SSP2-4.5,2041-2060,-9.516600000000011,76.1111,20.819099999999935,1.5682999999999971,11.705199999999998,1.6552000000000007,37.588499999999996,69.61478749999999,51.19833749999998,1.3689500000000012,11.537512499999998,1.8605749999999999,33.9206625,-0.5366282857948123,-1.9494466045091832
120.7,22.25,217.0396,SSP2-4.5,2041-2060,-9.820099999999996,71.7291,37.781799999999976,1.6282000000000032,12.7483,1.7828,36.1365,68.487325,51.070199999999915,1.5413374999999996,13.8601375,2.25195,33.2339,-0.5366282857948123,-1.8862508241393918
120.7,22.3,259.9265,SSP2-4.5,2041-2060,-19.072599999999966,64.7235,48.798,1.301400000000001,15.837899999999998,2.2516999999999996,30.7942,65.9709125,56.66449999999995,1.4205500000000004,12.9362125,2.2569,31.307937499999998,-0.5366282857948123,-1.8230550437696005
120.7,22.35,330.0179,SSP2-4.5,2041-2060,-26.969600000000014,53.859100000000005,49.69140000000016,1.2702000000000027,11.741399999999999,2.424100000000001,23.213500000000003,61.589974999999995,68.54051249999992,1.3249125000000004,10.665499999999998,2.49245,28.362987500000003,-0.5366282857948123,-1.759859263399809
120.7,22.4,431.5457,SSP2-4.5,2041-2060,-41.4957,55.0141,86.5295000000001,0.9549999999999983,7.744799999999998,2.8138000000000005,23.625,57.3979625,84.84682499999991,1.4332250000000006,8.0172375,2.725425,25.550975,-0.5366282857948123,-1.696663483030022
120.7,22.45,438.457,SSP2-4.5,2041-2060,-38.91660000000002,57.2342,118.22899999999981,1.4652999999999992,6.139699999999998,3.2706999999999997,25.4058,54.8206,110.54143749999992,1.5355500000000015,6.561412499999999,2.980825,23.7040875,-0.5366282857948123,-1.6334677026602307
120.7,22.5,444.0645,SSP2-4.5,2041-2060,-34.43130000000002,49.9964,149.92849999999999,1.6089000000000055,6.620699999999999,3.970700000000001,19.1173,56.220825,126.15479999999997,1.6571875,4.999137499999999,3.0760875,25.183662499999997,-0.5366282857948123,-1.570271922290439
120.7,22.55,488.9889,SSP2-4.5,2041-2060,-31.82310000000001,59.233000000000004,160.60960000000023,1.7469999999999999,2.4206999999999965,3.8638000000000012,26.2962,54.20375,110.2003499999999,1.6875500000000008,5.198274999999999,3.1034499999999996,24.2062625,-0.5366282857948123,-1.5070761419206478
120.7,22.6,562.3419,SSP2-4.5,2041-2060,-19.836000000000013,56.8731,109.23479999999972,1.6548000000000016,4.5379000000000005,3.3171999999999997,24.271199999999997,55.65797500000001,84.55646249999995,1.6412375,4.215737499999999,2.7138,25.7625125,-0.5366282857948123,-1.4438803615508562
120.7,22.65,544.4473,SSP2-4.5,2041-2060,-9.640300000000025,52.0526,80.50509999999986,1.7072000000000003,2.5690000000000026,1.9931,22.2615,59.425825,66.95832499999995,1.6711249999999995,4.882762499999999,2.522625,27.459875,-0.5366282857948123,-1.3806845811810693
120.7,22.7,490.1472,SSP2-4.5,2041-2060,-12.140199999999993,65.9444,92.22780000000012,2.154599999999995,2.779299999999999,2.1103000000000005,29.032700000000002,62.2667125,54.90978749999999,1.6022374999999993,5.0403125,2.4526000000000003,28.630537500000003,-0.5366282857948123,-1.317488800811278
120.7,22.75,464.0424,SSP2-4.5,2041-2060,-19.830399999999997,66.4983,34.625,1.8033999999999963,5.7120999999999995,2.6897,29.6231,63.958075,39.97026250000005,1.5250749999999984,5.0181,2.5941875000000003,28.917324999999998,-0.5366282857948123,-1.2542930204414864
120.7,22.8,459.2751,SSP2-4.5,2041-2060,-15.163299999999992,63.1654,-22.75070000000005,1.2744999999999962,5.456899999999997,2.7552000000000003,26.765399999999996,61.55715000000001,-7.465162499999963,1.2118499999999992,5.6875,2.7679000000000005,27.6642,-0.5366282857948123,-1.191097240071695
120.7,22.85,452.4225,SSP2-4.5,2041-2060,-16.708200000000033,54.7653,-121.04319999999962,0.7749000000000024,8.170699999999997,2.4190000000000005,22.498099999999997,62.27210000000001,-48.94040000000001,0.7760999999999991,6.266162500000001,3.0036625000000003,28.773325,-0.5366282857948123,-1.1279014597019037
120.7,22.9,392.5271,SSP2-4.5,2041-2060,-15.531600000000026,69.482,-63.521999999999935,0.3589999999999982,7.893100000000004,3.0259,34.7077,62.8737,-108.34597499999995,0.2282500000000005,7.585137499999999,3.1877000000000004,29.32405,-0.5366282857948123,-1.0647056793321166
120.7,22.95,420.996,SSP2-4.5,2041-2060,-26.865999999999985,66.756,-129.30169999999998,-0.6870999999999974,7.389699999999998,4.3138000000000005,31.590400000000002,65.0881,-133.1719375,0.05456249999999985,7.6008625,2.8118375,30.9375,-0.5366282857948123,-1.0015098989623252
120.7,23.0,394.6266,SSP2-4.5,2041-2060,-18.424500000000023,61.9753,-195.38329999999996,-0.3957999999999977,8.124099999999999,1.3534000000000006,28.5577,64.7878,-153.61233750000002,-0.09966249999999999,7.587499999999999,2.74805,30.74015,-0.5366282857948123,-0.9383141185925338
120.7,23.05,410.8476,SSP2-4.5,2041-2060,-9.20580000000001,64.4119,-190.64460000000008,-0.056400000000000006,8.717199999999998,2.227599999999999,31.9712,64.84295,-136.1785125,0.16299999999999937,7.5243625,2.2611875,30.455525,-0.5366282857948123,-0.8751183382227424
120.7,23.1,402.7462,SSP2-4.5,2041-2060,-5.5009000000000015,70.9267,-66.54129999999986,0.5818000000000012,8.284500000000001,2.2379,33.7308,65.910625,-87.93406249999998,0.5418624999999992,7.661637499999999,2.4068874999999994,31.998575000000002,-0.5366282857948123,-0.811922557852951
120.7,23.15,376.2442,SSP2-4.5,2041-2060,2.904700000000048,62.2953,37.01269999999977,1.4771,5.851700000000001,2.4723999999999986,30.1808,67.770625,-19.80706249999986,0.9467499999999993,6.970487500000001,2.427575,33.0709375,-0.5366282857948123,-0.748726777483164
120.7,23.2,364.7975,SSP2-4.5,2041-2060,7.486099999999965,65.9584,81.41600000000017,1.5853000000000002,6.508600000000001,2.7258999999999993,32.5154,66.5370625,4.070650000000114,1.2665749999999996,6.041387500000001,2.2799375,32.42935,-0.5366282857948123,-0.6855309971133726
120.7,23.25,319.5886,SSP2-4.5,2041-2060,11.778700000000015,69.566,7.633499999999913,1.5857000000000028,5.2224,2.2948000000000004,34.9538,66.1685,-4.880687499999851,1.282599999999999,6.000662500000001,2.1543,32.0264625,-0.5366282857948123,-0.6223352167435812
120.7,23.3,324.5851,SSP2-4.5,2041-2060,3.0831000000000017,71.7216,-56.01409999999987,1.1249000000000002,6.134500000000003,2.6999999999999993,35.7038,67.09125,-12.459337499999947,1.295987499999999,5.520275,1.8403000000000003,32.9875125,-0.5366282857948123,-0.5591394363737897
120.7,23.35,357.7791,SSP2-4.5,2041-2060,-9.297300000000007,71.9909,0.8773999999998523,1.2418999999999976,5.620699999999999,1.6585999999999999,35.150000000000006,67.8467375,-30.22759999999994,1.0886374999999995,4.842475,2.0092749999999997,33.9786125,-0.5366282857948123,-0.4959436560039983
120.7,23.4,387.3973,SSP2-4.5,2041-2060,-22.16459999999995,68.45360000000001,-57.421200000000226,0.752200000000002,5.291400000000003,2.318999999999999,34.6212,67.4208625,-37.60537499999998,0.9754749999999994,4.050662500000001,1.8605625000000003,34.256975,-0.5366282857948123,-0.43274787563421135
120.7,23.45,410.6323,SSP2-4.5,2041-2060,-27.998400000000004,64.318,-72.21360000000004,0.8285000000000018,4.177600000000005,2.0121,33.509600000000006,65.86395,-80.44388750000002,0.7162499999999996,2.8956999999999997,1.9967749999999997,33.1928,-0.5366282857948123,-0.3695520952644199
120.7,23.5,447.641,SSP2-4.5,2041-2060,-31.433700000000044,61.330999999999996,-138.72479999999996,0.6328999999999994,2.1569000000000003,1.8758999999999997,31.105800000000002,67.0203,-80.6747625000001,0.6495375000000001,1.378025,2.2028125,34.0286,-0.5366282857948123,-0.3063563148946285
120.7,23.55,377.4282,SSP2-4.5,2041-2060,-15.444799999999987,68.68199999999999,-49.17990000000009,0.7371000000000016,-0.7137999999999991,2.9086,33.949999999999996,67.13560000000001,-86.0037875000001,0.49191249999999975,0.2974124999999992,2.5959249999999994,33.4524,-0.5366282857948123,-0.24316053452483705
120.7,23.6,340.1265,SSP2-4.5,2041-2060,-9.293200000000013,68.8929,-42.51240000000007,0.49019999999999797,-0.3878999999999948,3.0999999999999996,33.575,68.80745,-36.8096000000001,0.674312500000001,0.04225000000000012,3.39375,34.5293125,-0.5366282857948123,-0.17996475415504562
120.7,23.65,260.59,SSP2-4.5,2041-2060,9.91840000000002,71.7225,30.549099999999726,1.1301000000000023,0.898299999999999,3.924100000000001,36.678799999999995,68.6585,-1.765387499999946,0.8807374999999995,-0.06917499999999777,3.6166,33.9158625,-0.5366282857948123,-0.11676897378525869
120.7,23.7,217.806,SSP2-4.5,2041-2060,13.522300000000001,72.54829999999998,27.681400000000394,1.1876999999999995,-0.26029999999999376,3.5085999999999995,36.790400000000005,68.050275,42.380300000000034,1.1746874999999997,1.0120749999999994,3.7661625,33.409837499999995,-0.5366282857948123,-0.053573193415467256
120.7,23.75,202.2517,SSP2-4.5,2041-2060,-1.6520999999999901,69.14080000000001,26.10200000000009,1.1143999999999998,3.132799999999996,3.3309999999999995,34.0038,68.47145,68.6469250000001,1.2711374999999996,0.6687374999999998,3.3711125,33.0608125,-0.5366282857948123,0.009622586954324176
120.7,23.8,190.7907,SSP2-4.5,2041-2060,-7.4728999999999814,67.4673,71.4375,1.2118000000000002,1.9154999999999944,2.5586,31.9981,67.61126250000001,64.0621375,1.1372000000000004,1.6991375,3.0609875000000004,32.4975875,-0.5366282857948123,0.0728183673241156
120.7,23.85,192.2506,SSP2-4.5,2041-2060,-6.276600000000002,68.54929999999999,57.501599999999826,1.0250000000000021,3.291400000000003,2.484499999999999,32.963499999999996,67.999825,53.66915,1.0790500000000005,1.294175000000001,2.353225,32.6641875,-0.5366282857948123,0.13601414769390704
120.7,23.9,185.3979,SSP2-4.5,2041-2060,-5.805999999999983,69.1904,43.59860000000003,1.084500000000002,2.1707000000000036,1.5707000000000004,32.946200000000005,68.8770375,37.68041249999993,1.0118375000000004,0.3543125000000007,1.776525,33.762024999999994,-0.5366282857948123,0.19920992806369398
120.7,23.95,181.8069,SSP2-4.5,2041-2060,-7.498500000000007,70.1455,54.828199999999924,1.1356000000000002,-3.4724000000000004,0.7896999999999998,33.9846,70.02905,35.254974999999945,1.0586500000000005,-0.8512874999999998,1.3972124999999997,35.191825,-0.5366282857948123,0.26240570843348543
120.7,24.0,180.7551,SSP2-4.5,2041-2060,-3.1747000000000014,71.6312,66.79829999999993,1.3009000000000022,-4.113799999999998,0.7759,37.4865,70.6868375,31.504362499999928,1.0330624999999998,-1.1736875000000007,1.1650874999999998,36.2870125,-0.5366282857948123,0.32560148880327683
120.7,24.05,191.374,SSP2-4.5,2041-2060,-5.330600000000004,71.3417,26.92840000000001,1.0309999999999988,1.1189999999999998,0.9603000000000002,36.7192,71.067825,27.48219999999995,0.9990749999999999,-0.567874999999999,0.9340625000000001,37.526425,-0.5366282857948123,0.3887972691730683
120.7,24.1,200.5656,SSP2-4.5,2041-2060,-9.429399999999987,71.5376,27.998000000000047,0.8568999999999996,0.05689999999999884,0.6897000000000002,38.0846,71.0500875,9.902662499999963,0.8100374999999995,1.3873000000000015,0.6398625000000002,38.37475,-0.5366282857948123,0.4519930495428597
120.7,24.15,211.7542,SSP2-4.5,2041-2060,-13.921599999999984,71.0831,-1.3152999999999793,0.532,3.270699999999998,0.12240000000000073,39.3423,70.9100875,11.30589999999998,0.7096125000000004,0.20560000000000134,0.4127250000000001,39.52065,-0.5366282857948123,0.5151888299126467
120.7,24.2,215.4407,SSP2-4.5,2041-2060,-10.472399999999993,70.3399,6.735599999999977,0.42050000000000054,-4.448300000000003,0.2637999999999998,39.928799999999995,69.829475,22.66228749999999,0.5959875000000006,-0.5476374999999996,0.2467625000000001,39.8413375,-0.5366282857948123,0.578384610282438
120.7,24.25,214.8046,SSP2-4.5,2041-2060,-0.5442999999999927,68.076,42.55650000000014,0.5519999999999996,-3.205200000000005,0.38790000000000013,38.596199999999996,68.3255625,54.60853749999998,0.6671625000000008,-1.9276,0.09417499999999979,39.833875,-0.5366282857948123,0.6415803906522295
120.7,24.3,200.8877,SSP2-4.5,2041-2060,-0.48390000000000555,65.80510000000001,111.31150000000002,0.8485999999999976,-1.520699999999998,0.051699999999998525,39.0077,66.1680625,81.47731249999998,0.9354875000000007,-1.478225000000001,-0.02673750000000019,38.3456625,-0.5366282857948123,0.704776171022021
120.7,24.35,177.1856,SSP2-4.5,2041-2060,13.247000000000014,63.490899999999996,122.3295999999998,1.328800000000001,-2.101700000000001,-0.5328000000000008,36.375,64.66091250000001,93.20898750000003,1.2488124999999997,1.0036874999999998,0.010124999999999829,37.5475875,-0.5366282857948123,0.7679719513918124
120.7,24.4,173.267,SSP2-4.5,2041-2060,9.6798,62.567699999999995,97.72209999999995,1.7194000000000003,4.246600000000001,0.001700000000000479,35.8,63.13810000000001,83.98743750000003,1.4205124999999996,2.362524999999999,-0.0019375000000001474,36.375725,-0.5366282857948123,0.8311677317615993
120.7,24.45,170.5324,SSP2-4.5,2041-2060,17.45240000000001,61.6122,63.227300000000014,1.560500000000001,5.220699999999994,0.12239999999999984,35.4058,62.2710125,72.51770000000005,1.3958125,3.7342874999999998,0.03880000000000017,36.056749999999994,-0.5366282857948123,0.8943635121313908
120.7,24.5,157.9655,SSP2-4.5,2041-2060,13.287599999999998,61.3504,57.24700000000007,1.4870000000000019,4.825899999999997,-0.14139999999999997,36.1558,61.3905875,69.60684999999998,1.3653750000000004,3.9879374999999992,-0.007324999999999915,35.2031375,-0.5366282857948123,0.9575592925011822
120.7,24.55,154.1484,SSP2-4.5,2041-2060,7.794499999999999,61.3111,58.076499999999896,1.3788000000000018,4.205199999999998,-0.2568999999999999,34.97879999999999,61.556087500000004,67.4839,1.2525000000000008,4.2540875,0.04137500000000016,35.17575,-0.5366282857948123,1.0207550728709736
120.7,24.6,152.1908,SSP2-4.5,2041-2060,5.1355000000000075,63.55,68.4692,1.2514000000000003,5.953400000000002,0.2552000000000003,35.4712,60.750924999999995,68.01941249999999,1.1818625000000003,3.553237499999999,-0.09504999999999997,34.7204375,-0.5366282857948123,1.0839508532407651
120.75,21.9,240.7403,SSP2-4.5,2041-2060,-30.4401,73.8597,-65.15930000000003,0.24960000000000093,14.9724,2.5259,35.623099999999994,75.2681625,-63.281499999999994,0.2557000000000005,14.9997875,2.9178625,36.226662499999996,-0.4309344457135909,-2.3286212867279272
120.75,21.95,248.0101,SSP2-4.5,2041-2060,-34.6155,74.2417,-49.975099999999884,0.008300000000001972,15.430999999999997,2.8172000000000015,36.290400000000005,75.04976249999999,-52.080862499999995,0.2847625000000007,14.5013,2.7144250000000003,36.1612875,-0.4309344457135909,-2.265425506358136
120.75,22.0,264.8936,SSP2-4.5,2041-2060,-37.92779999999999,74.82329999999999,-7.666699999999992,0.31299999999999883,13.625900000000001,3.0793,35.803799999999995,74.7042625,-37.86589999999998,0.2552500000000011,13.848700000000001,2.4626875000000004,36.35145,-0.4309344457135909,-2.2022297259883445
120.75,22.05,259.2501,SSP2-4.5,2041-2060,-29.289399999999972,75.53630000000001,2.9154000000000906,0.3501000000000012,13.387900000000002,1.8741000000000003,35.3385,73.85759999999999,-10.108837499999993,0.6060875000000001,11.959912500000002,2.3219624999999997,36.15865,-0.4309344457135909,-2.139033945618553
120.75,22.1,243.7158,SSP2-4.5,2041-2060,-17.508399999999995,73.60470000000001,49.90969999999993,1.3371999999999993,12.210299999999997,1.9878999999999998,35.7942,71.78517500000001,6.899937500000021,0.9422875000000008,10.6797375,1.951925,35.368275000000004,-0.4309344457135909,-2.0758381652487614
120.75,22.15,227.9635,SSP2-4.5,2041-2060,-2.20180000000002,64.8104,60.455999999999904,1.7919000000000018,9.834499999999991,1.7172,31.430800000000005,70.66561250000001,27.06151250000002,1.3310250000000003,10.768324999999999,2.012075,35.160799999999995,-0.4309344457135909,-2.0126423848789745
120.75,22.2,222.212,SSP2-4.5,2041-2060,-1.8435999999999808,67.9934,60.50299999999993,1.5061999999999998,10.4966,2.0413999999999994,34.575,67.1052125,39.6603375,1.618700000000001,12.062724999999999,2.1532375000000004,33.1189875,-0.4309344457135909,-1.9494466045091832
120.75,22.25,227.0294,SSP2-4.5,2041-2060,-4.82650000000001,62.1757,66.25900000000001,1.7185999999999986,17.893100000000004,2.6500000000000004,29.713500000000003,65.356425,47.38315,1.6022125000000007,13.25905,2.3568999999999996,31.7911,-0.4309344457135909,-1.8862508241393918
120.75,22.3,268.0443,SSP2-4.5,2041-2060,-13.940000000000026,61.4288,65.83079999999973,1.5017999999999994,13.587900000000005,2.358599999999999,29.3519,59.82575,56.24623750000006,1.568587500000001,13.2831875,2.6241250000000003,27.618525,-0.4309344457135909,-1.8230550437696005
120.75,22.35,330.0234,SSP2-4.5,2041-2060,-17.899200000000008,49.3638,69.89480000000003,1.3461999999999996,9.800000000000004,2.7810000000000006,19.488500000000002,55.7119875,68.68800000000007,1.4087375000000009,11.0549375,2.6866250000000003,24.404337500000004,-0.4309344457135909,-1.759859263399809
120.75,22.4,426.5289,SSP2-4.5,2041-2060,-34.02620000000002,43.854,67.49539999999979,1.3636000000000053,7.517199999999995,2.8362,14.8154,52.3838375,98.95943750000004,1.5010874999999997,8.65625,2.9347000000000003,21.829587500000002,-0.4309344457135909,-1.696663483030022
120.75,22.45,402.7515,SSP2-4.5,2041-2060,-27.937000000000012,48.039699999999996,138.05179999999973,1.9236000000000004,7.055199999999999,3.082799999999999,18.1577,48.6650125,124.1982375,1.591600000000001,7.504087499999997,3.2323375,19.31635,-0.4309344457135909,-1.6334677026602307
120.75,22.5,383.3252,SSP2-4.5,2041-2060,-19.22800000000001,43.7851,158.5030999999999,2.020000000000003,6.172399999999996,3.470699999999999,16.4788,49.5009625,143.58828749999998,1.7026000000000008,6.8428999999999975,3.4207000000000005,20.407224999999997,-0.4309344457135909,-1.570271922290439
120.75,22.55,401.9101,SSP2-4.5,2041-2060,-16.476699999999994,43.928900000000006,141.4716000000003,1.7135000000000034,4.187899999999999,3.3069000000000006,19.2077,49.1905125,136.18548749999997,1.7201125000000008,6.828024999999998,3.2954750000000006,20.400975,-0.4309344457135909,-1.5070761419206478
120.75,22.6,437.8793,SSP2-4.5,2041-2060,6.326300000000003,40.70569999999999,115.63549999999987,1.7877999999999972,6.020699999999998,2.239699999999999,18.4827,50.4316125,115.11169999999998,1.6656375000000008,5.823699999999999,2.9558125000000004,21.8014625,-0.4309344457135909,-1.4438803615508562
120.75,22.65,487.3667,SSP2-4.5,2041-2060,5.5,46.368,93.22699999999986,1.7881,5.674099999999996,2.0344999999999995,20.5462,52.2320375,97.1508,1.8017999999999987,5.5448249999999994,2.4920125000000004,22.7723625,-0.4309344457135909,-1.3806845811810693
120.75,22.7,485.5615,SSP2-4.5,2041-2060,13.312099999999987,58.888,113.42210000000023,2.131999999999998,4.049999999999997,1.786200000000001,26.4923,55.013774999999995,74.95942499999995,1.737362499999998,5.0012875,2.4112,23.9430375,-0.4309344457135909,-1.317488800811278
120.75,22.75,433.8144,SSP2-4.5,2041-2060,12.461900000000014,62.807399999999994,123.43190000000004,1.9715999999999951,2.851700000000001,2.2552000000000003,26.7308,56.88065,43.14953750000001,1.4561499999999983,4.937062499999999,2.4407250000000005,24.7553,-0.4309344457135909,-1.2542930204414864
120.75,22.8,441.5667,SSP2-4.5,2041-2060,-4.728500000000054,47.2248,56.041299999999865,0.856500000000004,3.3447999999999993,2.1448,19.563499999999998,55.1268875,-6.721724999999935,0.9580749999999982,4.7303749999999996,2.7051875,23.371399999999994,-0.4309344457135909,-1.191097240071695
120.75,22.85,461.3478,SSP2-4.5,2041-2060,-20.884299999999996,47.209,-57.321500000000015,-0.06580000000000297,4.151699999999998,3.260300000000001,19.686500000000002,53.64325,-52.022374999999954,0.3446250000000002,5.4349,2.8457,23.3952,-0.4309344457135909,-1.1279014597019037
120.75,22.9,460.7495,SSP2-4.5,2041-2060,-30.803499999999985,56.7085,-150.76080000000002,-0.7286000000000001,8.641399999999997,3.8034,26.223100000000002,54.138625000000005,-107.02126249999998,-0.2039499999999994,5.98555,3.21165,23.8632125,-0.4309344457135909,-1.0647056793321166
120.75,22.95,447.1037,SSP2-4.5,2041-2060,-31.189599999999984,63.4242,-216.2107000000001,-0.8119999999999976,8.887900000000002,3.5448000000000004,30.030800000000003,56.0010625,-157.51973750000008,-0.43829999999999947,7.2178875,2.9051750000000003,25.1213875,-0.4309344457135909,-1.0015098989623252
120.75,23.0,452.9206,SSP2-4.5,2041-2060,-22.991600000000005,58.028000000000006,-287.3532,-0.3927000000000014,7.170700000000004,2.3983000000000008,26.4615,57.183062500000005,-193.00676250000004,-0.421162499999999,7.770675,2.538575,26.0625125,-0.4309344457135909,-0.9383141185925338
120.75,23.05,440.0337,SSP2-4.5,2041-2060,-24.014999999999986,57.451,-216.40279999999984,-0.14560000000000173,7.2672000000000025,2.103399999999999,27.2346,58.223175,-202.70077500000008,-0.043400000000000105,7.9109875,1.8836125000000004,26.408187500000004,-0.4309344457135909,-0.8751183382227424
120.75,23.1,430.4859,SSP2-4.5,2041-2060,-18.184799999999996,63.9899,-165.43970000000036,0.20589999999999975,8.834499999999998,2.5086000000000013,30.6308,61.1014375,-153.58099999999996,0.41278749999999986,7.672837500000001,1.8422249999999993,28.8243,-0.4309344457135909,-0.811922557852951
120.75,23.15,392.1154,SSP2-4.5,2041-2060,-2.2678000000000225,69.36160000000001,-56.82179999999971,1.0043000000000006,7.746600000000001,2.208599999999999,34.9962,61.868587500000004,-82.94614999999999,0.8248374999999992,7.5030125000000005,1.9454624999999997,28.8670875,-0.4309344457135909,-0.748726777483164
120.75,23.2,370.2086,SSP2-4.5,2041-2060,2.329900000000009,58.7359,15.203300000000127,1.2126999999999981,5.898299999999999,1.8086000000000002,27.2404,64.31155000000001,-36.06594999999987,1.1690249999999995,7.042875000000001,2.092012499999999,30.5730875,-0.4309344457135909,-0.6855309971133726
120.75,23.25,348.2569,SSP2-4.5,2041-2060,3.211900000000014,57.834900000000005,-26.301299999999628,1.274199999999997,7.5638000000000005,1.8603000000000005,25.3308,65.4477,-28.568212499999902,1.2012124999999991,6.4204625,2.0745749999999994,31.0221125,-0.4309344457135909,-0.6223352167435812
120.75,23.3,342.7216,SSP2-4.5,2041-2060,0.8392999999999802,67.0466,-63.32940000000008,1.1209999999999987,6.484499999999997,1.6189999999999998,31.5212,65.9087875,-33.962062499999945,1.1630374999999988,5.534475,1.9683125,31.6781125,-0.4309344457135909,-0.5591394363737897
120.75,23.35,367.3666,SSP2-4.5,2041-2060,-9.872700000000009,65.05619999999999,-7.2246000000000095,1.1485999999999983,4.291400000000003,1.6466000000000012,32.5327,67.28637499999999,-44.98385000000002,0.9768124999999994,4.873499999999999,1.9971999999999996,32.973087500000005,-0.4309344457135909,-0.4959436560039983
120.75,23.4,402.595,SSP2-4.5,2041-2060,-21.68180000000001,66.3814,-3.2258999999999105,0.8872,3.6189999999999998,2.5603,33.3558,66.454425,-42.32468750000004,0.8964874999999997,3.745912500000001,1.760775,33.318524999999994,-0.4309344457135909,-0.43274787563421135
120.75,23.45,407.0928,SSP2-4.5,2041-2060,-29.678600000000017,64.3401,-69.60370000000012,0.7903999999999982,3.0121000000000038,1.8086000000000002,32.6981,64.8926625,-51.131637499999954,0.714375,2.8775875000000006,1.9879374999999997,32.3295875,-0.4309344457135909,-0.3695520952644199
120.75,23.5,408.9241,SSP2-4.5,2041-2060,-21.53230000000002,64.09870000000001,-56.33739999999989,0.5538999999999987,-0.3914000000000044,1.7551999999999985,31.930799999999998,64.9035125,-64.27656250000001,0.6032124999999997,2.223275000000001,2.1491499999999997,32.40505,-0.4309344457135909,-0.3063563148946285
120.75,23.55,389.5544,SSP2-4.5,2041-2060,-13.601699999999994,71.4895,-83.83420000000024,0.1833999999999989,-1.0275999999999996,2.6258999999999997,36.534600000000005,64.3642875,-51.369187500000066,0.5192374999999991,1.2911624999999995,2.5969999999999995,31.47765,-0.4309344457135909,-0.24316053452483705
120.75,23.6,347.3933,SSP2-4.5,2041-2060,-8.436800000000005,67.8826,-66.89430000000038,0.09120000000000061,-0.5328000000000017,3.5793,32.1173,67.1101,-13.047862500000122,0.6774874999999994,0.8463500000000002,3.0868624999999996,33.344462500000006,-0.4309344457135909,-0.17996475415504562
120.75,23.65,258.0759,SSP2-4.5,2041-2060,10.461600000000033,67.2096,41.5,0.9823999999999984,0.34660000000000224,3.6224000000000007,32.8327,68.629175,7.391724999999951,0.8321249999999991,0.37888750000000115,3.3381499999999997,33.906725,-0.4309344457135909,-0.11676897378525869
120.75,23.7,222.1197,SSP2-4.5,2041-2060,13.620599999999996,71.6361,75.61320000000023,1.4803999999999995,-0.9551999999999978,3.2414000000000005,34.3827,68.8811875,27.994800000000026,1.0187874999999993,1.1941999999999995,3.47995,33.9358,-0.4309344457135909,-0.053573193415467256
120.75,23.75,210.2625,SSP2-4.5,2041-2060,0.23520000000002028,64.872,37.49700000000007,1.1344999999999992,1.4154999999999944,4.1655000000000015,29.625000000000004,68.96119999999999,47.72506250000009,1.1836249999999997,1.010349999999999,3.2303875,33.610325,-0.4309344457135909,0.009622586954324176
120.75,23.8,191.8796,SSP2-4.5,2041-2060,-3.811700000000002,67.0508,116.08740000000012,1.5482000000000014,-0.9466000000000037,3.694799999999999,32.0692,67.7219125,40.894312499999984,1.0733375,1.7668124999999977,3.0855625,32.482925,-0.4309344457135909,0.0728183673241156
120.75,23.85,195.4845,SSP2-4.5,2041-2060,-11.123099999999994,66.5893,65.5118,1.1095000000000006,-1.2258999999999958,2.7707000000000015,32.451899999999995,68.082425,26.48691249999999,1.0584125000000006,1.7555999999999985,2.6416,32.5646625,-0.4309344457135909,0.13601414769390704
120.75,23.9,188.8619,SSP2-4.5,2041-2060,-0.7033999999999878,67.8628,-28.578899999999976,0.9968000000000004,1.106900000000003,1.9085999999999999,33.1827,69.2944,8.896524999999968,0.9499125000000004,0.21033749999999962,2.0627250000000004,33.5908625,-0.4309344457135909,0.19920992806369398
120.75,23.95,183.7087,SSP2-4.5,2041-2060,-0.9762999999999806,70.2015,28.148699999999963,1.2134999999999998,-4.0638000000000005,1.4568999999999992,36.0154,70.746475,0.881274999999988,0.9853500000000008,-0.6497874999999995,1.6006625,34.9507125,-0.4309344457135909,0.26240570843348543
120.75,24.0,188.7842,SSP2-4.5,2041-2060,-2.6718999999999937,72.69210000000001,44.12779999999998,1.2172000000000018,-5.3947999999999965,1.5966000000000005,37.3346,70.99946249999999,3.3018999999999608,1.0790875,-0.6402999999999999,1.323275,36.287487500000005,-0.4309344457135909,0.32560148880327683
120.75,24.05,206.2086,SSP2-4.5,2041-2060,-4.61869999999999,70.2874,-22.770500000000084,1.2866,-0.16029999999999944,1.2741000000000007,37.575,71.50280000000001,19.958912499999997,1.1051625,-0.5864124999999989,1.1627375,37.32715,-0.4309344457135909,0.3887972691730683
120.75,24.1,208.7482,SSP2-4.5,2041-2060,1.1391000000000133,70.71600000000001,1.3478000000000065,1.1221999999999994,-0.37409999999999854,0.7982999999999993,37.8269,70.5111375,9.276599999999974,0.9826375,0.752812500000001,0.9584125000000001,37.599025000000005,-0.4309344457135909,0.4519930495428597
120.75,24.15,208.3345,SSP2-4.5,2041-2060,-0.28419999999999845,69.41130000000001,-2.8498000000001866,0.777000000000001,0.6414000000000044,0.31899999999999906,38.428799999999995,70.1094875,15.090874999999983,0.8217625000000006,0.21875,0.7321249999999999,38.2733125,-0.4309344457135909,0.5151888299126467
120.75,24.2,219.7389,SSP2-4.5,2041-2060,-2.9273000000000025,68.9393,0.8563999999998941,0.7614000000000019,2.044800000000002,0.14310000000000045,40.625,68.7895,26.184962499999983,0.6795125000000009,-0.8814625000000005,0.5665999999999995,38.3225875,-0.4309344457135909,0.578384610282438
120.75,24.25,239.7277,SSP2-4.5,2041-2060,-6.472499999999997,67.27090000000001,70.60159999999996,0.5828000000000024,-3.872399999999999,0.049999999999998934,39.4673,67.37687500000001,43.61882499999999,0.7338624999999999,-0.5256500000000006,0.39438749999999967,38.578125,-0.4309344457135909,0.6415803906522295
120.75,24.3,219.9145,SSP2-4.5,2041-2060,-3.7195000000000107,66.1889,80.95049999999992,0.839500000000001,-1.1345000000000027,-0.12759999999999927,38.165400000000005,65.85578749999999,77.25627499999999,1.0012624999999997,-0.8637750000000004,0.23769999999999925,38.030525,-0.4309344457135909,0.704776171022021
120.75,24.35,201.6784,SSP2-4.5,2041-2060,6.084899999999976,65.0307,80.90120000000002,1.4384000000000015,3.1465999999999994,0.22240000000000038,37.1673,64.8347875,87.48216249999996,1.2757624999999995,1.2002249999999997,0.07563749999999958,37.4377375,-0.4309344457135909,0.7679719513918124
120.75,24.4,212.2149,SSP2-4.5,2041-2060,9.64070000000001,65.07650000000001,80.69690000000014,1.6119999999999983,6.020699999999998,0.29659999999999975,37.2212,63.38555,84.68351249999998,1.4952375000000004,2.7892374999999987,0.09956249999999989,36.17885,-0.4309344457135909,0.8311677317615993
120.75,24.45,202.2433,SSP2-4.5,2041-2060,3.1688000000000045,62.8352,80.38100000000009,1.501999999999999,5.887900000000002,0.05000000000000071,35.4231,62.0881125,78.2925625,1.580875000000001,3.9760874999999976,0.1286625,35.657225,-0.4309344457135909,0.8943635121313908
120.75,24.5,168.5485,SSP2-4.5,2041-2060,6.371400000000023,60.525600000000004,66.39709999999991,1.480400000000003,4.291399999999996,0.0517000000000003,34.8712,61.149525000000004,74.70439999999999,1.4386000000000008,4.056037499999999,0.03598750000000006,34.930299999999995,-0.4309344457135909,0.9575592925011822
120.75,24.55,153.7346,SSP2-4.5,2041-2060,4.148799999999994,61.587,60.82549999999992,1.1656999999999975,5.348300000000002,-0.11720000000000041,34.080799999999996,61.0899125,72.49439999999996,1.3260500000000015,3.898912499999999,-0.09613749999999988,34.8952,-0.4309344457135909,1.0207550728709736
120.75,24.6,158.1567,SSP2-4.5,2041-2060,3.6233000000000004,62.5564,71.04230000000007,1.0687999999999995,3.3034000000000034,0.044800000000000395,34.8,60.636775,65.33033749999998,1.1560375,3.8939624999999998,-0.10366249999999999,34.613225,-0.4309344457135909,1.0839508532407651
120.75,24.65,147.2359,SSP2-4.5,2041-2060,2.3673,60.124399999999994,66.1427000000001,1.0895999999999972,2.356899999999996,0.4638,34.3904,60.47438749999999,63.14598749999999,1.1190749999999996,4.659475000000001,-0.14202499999999996,34.439675,-0.4309344457135909,1.147146633610552
120.8,21.95,265.6306,SSP2-4.5,2041-2060,-42.62070000000003,75.64829999999999,-90.19350000000009,0.1410000000000018,18.548299999999998,3.4983000000000004,36.776900000000005,75.1423125,-79.62745000000001,0.34731250000000014,15.5946,2.99115,36.413937499999996,-0.32524060563236956,-2.265425506358136
120.8,22.0,268.3165,SSP2-4.5,2041-2060,-40.26600000000002,74.3905,-79.69720000000007,0.4217000000000013,17.4707,3.1517,37.9058,74.5876625,-84.4411,0.4616250000000002,14.77155,2.9527875000000003,36.8865375,-0.32524060563236956,-2.2022297259883445
120.8,22.05,256.5459,SSP2-4.5,2041-2060,-27.777600000000007,71.6686,-68.2369000000001,0.7138999999999989,13.765500000000003,2.6379,38.0058,73.5686875,-72.9308,0.8943374999999998,13.7394375,2.7987,37.084374999999994,-0.32524060563236956,-2.139033945618553
120.8,22.1,269.4312,SSP2-4.5,2041-2060,-17.762999999999977,69.8635,-66.67349999999988,1.5128999999999984,14.0914,3.0223999999999993,36.869200000000006,70.5640625,-47.04543749999999,1.3054625,12.083612499999997,2.4243375,36.05145,-0.32524060563236956,-2.0758381652487614
120.8,22.15,254.6277,SSP2-4.5,2041-2060,3.6410999999999945,66.57220000000001,-3.4911999999999352,1.8562000000000012,10.327599999999997,2.4361999999999995,35.5538,67.5256125,-19.71886249999997,1.6084749999999999,12.278875,2.5577499999999995,34.4677875,-0.32524060563236956,-2.0126423848789745
120.8,22.2,256.7233,SSP2-4.5,2041-2060,1.1687000000000012,62.070499999999996,39.26270000000022,1.6408000000000023,14.058599999999998,2.4361999999999995,30.1788,64.1326,8.963750000000005,1.8182375,12.7247875,2.7680999999999996,32.495925,-0.32524060563236956,-1.9494466045091832
120.8,22.25,258.5786,SSP2-4.5,2041-2060,-2.625799999999998,59.6076,47.61279999999988,1.9585000000000008,13.3793,3.3362,28.0481,62.869125000000004,28.249212500000027,1.7014125000000004,13.702150000000001,2.8305999999999996,31.3012,-0.32524060563236956,-1.8862508241393918
120.8,22.3,280.0734,SSP2-4.5,2041-2060,-14.333199999999977,59.1874,58.457000000000335,1.7125000000000021,14.258600000000001,2.9931,27.655800000000003,60.06985,45.75034999999997,1.6636625,13.099987500000003,2.9911499999999998,28.7517,-0.32524060563236956,-1.8230550437696005
120.8,22.35,315.6494,SSP2-4.5,2041-2060,-19.841800000000035,57.959799999999994,71.47510000000011,1.6130999999999993,10.606900000000003,2.7741000000000007,25.8981,56.0119375,65.3667375,1.5212250000000012,10.98295,2.9928749999999997,25.300975,-0.32524060563236956,-1.759859263399809
120.8,22.4,345.9948,SSP2-4.5,2041-2060,-24.097199999999987,49.669200000000004,101.22680000000037,1.552299999999999,7.1447999999999965,3.0413999999999994,19.8808,52.79615,98.15127499999994,1.6714750000000005,9.693737500000001,3.1118499999999996,22.584875,-0.32524060563236956,-1.696663483030022
120.8,22.45,333.4543,SSP2-4.5,2041-2060,-19.2919,47.93079999999999,156.57709999999997,1.8829999999999991,9.017199999999995,3.2897,18.9673,49.283475,121.56753749999999,1.8195250000000005,8.922199999999998,3.1853499999999997,20.18655,-0.32524060563236956,-1.6334677026602307
120.8,22.5,323.4253,SSP2-4.5,2041-2060,-18.55590000000001,41.8363,155.0965000000001,1.8846999999999987,9.675899999999999,3.1655000000000015,16.2404,49.419025,133.40415,1.8253750000000006,9.019187499999997,3.2362125,20.708425,-0.32524060563236956,-1.570271922290439
120.8,22.55,332.3605,SSP2-4.5,2041-2060,-16.127200000000016,47.8084,128.74219999999968,1.3948,9.625899999999994,3.4155000000000015,19.8654,48.335575,119.78982500000004,1.7375625000000006,8.977587499999998,2.9875,20.4843875,-0.32524060563236956,-1.5070761419206478
120.8,22.6,358.4882,SSP2-4.5,2041-2060,-5.211500000000001,53.2861,111.73370000000023,1.6629000000000005,9.549999999999997,2.9207,22.4558,47.54325,94.24542499999995,1.5261125000000004,8.2430875,2.8025875,20.353625,-0.32524060563236956,-1.4438803615508562
120.8,22.65,398.7711,SSP2-4.5,2041-2060,-1.504099999999994,43.902800000000006,95.36959999999999,1.6568000000000005,8.024100000000004,2.7948000000000004,19.5077,49.65135,71.29016250000001,1.4973249999999991,7.493087499999999,2.5679,21.288962499999997,-0.32524060563236956,-1.3806845811810693
120.8,22.7,419.3707,SSP2-4.5,2041-2060,-1.689300000000003,46.2036,59.077800000000025,1.658299999999997,6.827599999999997,2.7741000000000007,19.674999999999997,51.8581875,52.04368750000003,1.3402874999999992,6.1448,2.5400875000000003,22.374537500000002,-0.32524060563236956,-1.317488800811278
120.8,22.75,393.7862,SSP2-4.5,2041-2060,-1.0851999999999862,56.3331,21.211199999999735,1.1588999999999992,5.572400000000002,2.6379,24.167299999999997,51.591775,29.606612500000097,1.0614874999999997,5.396962499999999,2.535125,22.3471375,-0.32524060563236956,-1.2542930204414864
120.8,22.8,391.1317,SSP2-4.5,2041-2060,-0.4818000000000211,50.7876,-8.658199999999852,0.6110000000000007,5.753399999999999,2.6275999999999993,22.723099999999995,48.8287,-1.803549999999973,0.6162624999999995,4.3900625,2.743525,20.334625,-0.32524060563236956,-1.191097240071695
120.8,22.85,437.2961,SSP2-4.5,2041-2060,-11.17100000000005,39.449000000000005,-23.268299999999726,0.136099999999999,0.1741000000000028,2.996599999999999,14.776899999999998,46.5816625,-46.48656249999999,0.07018750000000029,5.6965375,2.9049375,19.480775,-0.32524060563236956,-1.1279014597019037
120.8,22.9,451.4754,SSP2-4.5,2041-2060,-21.25079999999997,47.5634,-82.2171000000003,-0.5263999999999989,4.044800000000002,2.9931,19.903799999999997,45.4752375,-91.28973749999997,-0.2786500000000003,6.224337500000001,3.0301625,18.5685,-0.32524060563236956,-1.0647056793321166
120.8,22.95,394.1903,SSP2-4.5,2041-2060,-29.84839999999997,44.460100000000004,-163.28560000000016,-0.810299999999998,7.172399999999996,3.1396999999999995,17.7115,47.0959125,-132.14373750000004,-0.3868125,6.995462500000001,2.6676625000000005,19.3913375,-0.32524060563236956,-1.0015098989623252
120.8,23.0,377.9689,SSP2-4.5,2041-2060,-23.163800000000037,43.0352,-188.33420000000024,-0.32450000000000045,7.306899999999999,2.213800000000001,15.8154,47.9895125,-168.42498750000004,-0.32033749999999994,7.392225000000002,2.2582000000000004,20.2038375,-0.32524060563236956,-0.9383141185925338
120.8,23.05,422.9678,SSP2-4.5,2041-2060,-24.588300000000004,55.9508,-244.49119999999994,-0.13759999999999906,7.300000000000004,1.4121000000000006,25.588500000000003,47.241875,-189.2038000000001,-0.09828750000000097,7.4530125,1.8571125000000004,19.3865375,-0.32524060563236956,-0.8751183382227424
120.8,23.1,456.3283,SSP2-4.5,2041-2060,-24.554200000000037,47.467600000000004,-283.4187000000002,0.1720999999999968,7.549999999999997,0.7172000000000001,18.5096,54.4510375,-171.30281249999996,0.13555000000000028,7.626512500000001,1.7540875,24.270925,-0.32524060563236956,-0.811922557852951
120.8,23.15,421.4172,SSP2-4.5,2041-2060,-11.624199999999973,60.946600000000004,-207.34029999999984,0.40660000000000096,8.665500000000002,1.3585999999999991,28.3827,57.2396875,-130.81973749999997,0.43189999999999973,6.972637499999999,1.6663625,25.3019375,-0.32524060563236956,-0.748726777483164
120.8,23.2,386.4121,SSP2-4.5,2041-2060,-7.626599999999996,64.6283,-74.46119999999974,0.9571999999999967,8.431000000000004,1.7344999999999988,29.7462,60.702775,-86.71578749999992,0.6605500000000002,6.5963375,1.8221749999999999,27.3254875,-0.32524060563236956,-0.6855309971133726
120.8,23.25,363.5412,SSP2-4.5,2041-2060,-3.3541999999999916,63.9013,-49.66519999999991,1.061799999999998,6.353400000000001,2.0809999999999995,28.4788,61.6067125,-68.36109999999996,0.8063874999999991,6.488362499999999,1.8090499999999998,27.8081875,-0.32524060563236956,-0.6223352167435812
120.8,23.3,350.1428,SSP2-4.5,2041-2060,-3.421800000000019,62.023500000000006,-89.32859999999982,0.9610999999999983,6.330999999999996,1.6327999999999996,28.0173,63.07073750000001,-55.39761249999998,0.8762749999999988,5.6713375,1.9099125,29.2216375,-0.32524060563236956,-0.5591394363737897
120.8,23.35,359.2459,SSP2-4.5,2041-2060,-10.755600000000015,65.1759,-51.67360000000008,0.9060999999999986,2.758599999999994,1.872399999999999,33.2577,64.63113750000001,-51.36481249999997,0.884762499999999,4.722425,1.9157375,30.8021625,-0.32524060563236956,-0.4959436560039983
120.8,23.4,378.8655,SSP2-4.5,2041-2060,-19.3596,65.4975,-39.75540000000001,0.8201,2.7483000000000004,1.6155000000000008,32.1577,65.12935,-38.396537499999965,0.8284874999999992,3.4948250000000005,1.9051624999999999,31.934862499999998,-0.32524060563236956,-0.43274787563421135
120.8,23.45,349.367,SSP2-4.5,2041-2060,-11.122900000000016,66.8032,-41.58279999999968,0.6841000000000008,2.0671999999999997,1.1533999999999995,32.6212,65.0795375,-36.66326249999997,0.6975624999999992,2.98125,2.0816749999999997,31.8584125,-0.32524060563236956,-0.3695520952644199
120.8,23.5,415.8918,SSP2-4.5,2041-2060,-6.790899999999965,62.2579,0.20800000000008367,0.5560999999999972,3.351700000000001,2.6121,29.334600000000002,65.66590000000001,-61.396987499999966,0.5192249999999996,2.7674499999999993,1.9512999999999996,32.409375,-0.32524060563236956,-0.3063563148946285
120.8,23.55,403.9372,SSP2-4.5,2041-2060,-4.331400000000031,60.006400000000006,-59.28150000000005,0.4131999999999998,4.762099999999997,2.1966,29.4865,66.23336250000001,-47.27785000000003,0.45711249999999914,2.1392124999999993,2.4467874999999992,32.356725,-0.32524060563236956,-0.24316053452483705
120.8,23.6,307.6143,SSP2-4.5,2041-2060,-1.0148000000000366,61.762800000000006,1.7687999999998283,0.6792999999999978,2.0844999999999985,2.7482999999999986,30.3212,67.68066250000001,-29.059037500000045,0.5399749999999996,2.0745625,2.7974375,33.3096,-0.32524060563236956,-0.17996475415504562
120.8,23.65,246.432,SSP2-4.5,2041-2060,-0.9286999999999921,67.1151,56.60719999999992,0.804199999999998,0.8085999999999984,3.568999999999999,33.376900000000006,67.857725,-0.4573000000000036,0.7801874999999994,1.3437500000000009,2.93945,32.660575,-0.32524060563236956,-0.11676897378525869
120.8,23.7,246.221,SSP2-4.5,2041-2060,-2.696799999999996,67.47309999999999,-23.679200000000037,0.7938999999999972,1.3759000000000015,3.0344999999999995,34.0115,68.9346625,27.789212500000076,0.9526624999999993,0.8931000000000004,3.1472,32.7235625,-0.32524060563236956,-0.053573193415467256
120.8,23.75,219.1426,SSP2-4.5,2041-2060,1.9286000000000172,70.9681,27.700900000000047,1.0030999999999999,1.836199999999998,2.6845,34.1673,67.7442875,31.688900000000046,1.0607499999999992,0.7092624999999995,3.10495,31.948800000000002,-0.32524060563236956,0.009622586954324176
120.8,23.8,200.978,SSP2-4.5,2041-2060,-6.775300000000016,65.4051,60.857299999999896,1.1295000000000002,1.984499999999997,3.7897,31.459600000000002,68.3559375,22.974375000000038,0.9768999999999992,1.1389999999999985,2.8665875,32.492549999999994,-0.32524060563236956,0.0728183673241156
120.8,23.85,204.2281,SSP2-4.5,2041-2060,-7.329599999999999,68.7834,-19.45360000000005,0.8588999999999984,1.7844999999999942,2.9000000000000004,33.194199999999995,67.7407,8.30680000000001,0.9142999999999999,1.4678749999999994,2.5640124999999996,32.45,-0.32524060563236956,0.13601414769390704
120.8,23.9,212.8352,SSP2-4.5,2041-2060,-0.5342999999999734,70.35029999999999,-89.55459999999994,0.6126000000000005,2.7378999999999962,2.225900000000001,32.7038,68.677725,-15.78970000000001,0.7893124999999999,0.7519375000000004,2.1894375,33.745675,-0.32524060563236956,0.19920992806369398
120.8,23.95,221.66,SSP2-4.5,2041-2060,-1.2077999999999918,70.5455,-69.4085,0.5596999999999994,0.4602999999999966,2.3034,34.467299999999994,69.54622499999999,-17.023262500000016,0.8754125000000008,0.28513750000000115,1.785575,34.5889375,-0.32524060563236956,0.26240570843348543
120.8,24.0,207.341,SSP2-4.5,2041-2060,3.22199999999998,73.554,-14.760700000000043,0.9755000000000003,1.3068999999999988,1.6344999999999992,37.5,69.999875,-15.60435000000004,1.0208375000000003,0.5875125000000008,1.50905,35.847350000000006,-0.32524060563236956,0.32560148880327683
120.8,24.05,221.4278,SSP2-4.5,2041-2060,5.177900000000022,70.28890000000001,-43.34870000000001,1.1298999999999992,3.801700000000004,1.3914000000000009,36.5519,70.21535,6.305287499999963,1.1517624999999998,0.9603625000000005,1.3066874999999998,36.712500000000006,-0.32524060563236956,0.3887972691730683
120.8,24.1,221.0414,SSP2-4.5,2041-2060,14.114499999999992,70.2609,50.580400000000054,1.207699999999999,-1.0930999999999997,1.4551999999999996,37.1135,69.34315000000001,-2.859200000000044,1.1299875,2.0023750000000016,1.1685374999999998,36.9312375,-0.32524060563236956,0.4519930495428597
120.8,24.15,223.0379,SSP2-4.5,2041-2060,14.593500000000006,69.8782,38.990299999999934,1.0400000000000027,-1.6137999999999977,1.4551999999999996,36.9769,68.41286250000002,10.590462499999973,1.0022125000000006,1.9568875000000014,1.17285,37.0045625,-0.32524060563236956,0.5151888299126467
120.8,24.2,239.039,SSP2-4.5,2041-2060,0.14680000000001314,68.1209,-4.466200000000072,0.6334000000000017,3.9069000000000003,0.9292999999999996,36.2885,67.7267875,25.636424999999974,0.9151875000000014,0.12090000000000156,1.1321249999999996,37.428349999999995,-0.32524060563236956,0.578384610282438
120.8,24.25,249.2116,SSP2-4.5,2041-2060,-8.180000000000007,66.1357,59.22700000000009,0.8983999999999988,-1.7310000000000016,1.0051999999999985,37.5519,66.68125,36.04794999999996,0.8716000000000013,0.3704750000000008,0.7810250000000001,37.556725,-0.32524060563236956,0.6415803906522295
120.8,24.3,229.2985,SSP2-4.5,2041-2060,-7.350299999999976,65.4092,51.77929999999992,0.9170999999999978,1.8828000000000031,0.5016999999999996,38.461499999999994,65.6194625,62.44629999999998,1.1026000000000007,-0.5713250000000007,0.5191749999999997,37.4596125,-0.32524060563236956,0.704776171022021
120.8,24.35,222.7878,SSP2-4.5,2041-2060,4.139499999999998,65.62780000000001,79.34349999999995,1.443999999999999,0.4913999999999987,0.2154999999999987,37.6173,64.8249375,68.2007375,1.303325,1.521774999999999,0.38275000000000015,37.1882125,-0.32524060563236956,0.7679719513918124
120.8,24.4,232.9193,SSP2-4.5,2041-2060,9.126900000000006,64.5122,75.72389999999996,1.4967000000000006,1.7171999999999983,0.1982999999999997,36.8538,63.8507,76.14158750000001,1.460725,3.0556124999999996,0.38663749999999997,36.393525,-0.32524060563236956,0.8311677317615993
120.8,24.45,204.9742,SSP2-4.5,2041-2060,4.607900000000001,61.407700000000006,77.83950000000004,1.472100000000001,3.705199999999998,0.5190000000000001,34.7885,62.7546375,77.4046375,1.4848375000000005,3.5295249999999996,0.28642500000000015,35.6084125,-0.32524060563236956,0.8943635121313908
120.8,24.5,151.3938,SSP2-4.5,2041-2060,5.930499999999995,59.6526,107.48669999999993,1.818900000000001,1.7809999999999988,-0.019000000000000128,34.161500000000004,61.272062500000004,71.686925,1.2723125000000008,3.8756500000000003,0.15841250000000018,34.7920875,-0.32524060563236956,0.9575592925011822
120.8,24.55,150.1773,SSP2-4.5,2041-2060,5.463400000000007,59.43999999999999,92.55169999999998,1.1238000000000028,1.4741,0.13100000000000023,34.448100000000004,60.680787499999994,63.98749999999998,1.2175125000000004,4.05215,-0.14612499999999995,34.491825,-0.32524060563236956,1.0207550728709736
120.8,24.6,168.016,SSP2-4.5,2041-2060,-3.547699999999992,60.33319999999999,58.68469999999979,0.9993000000000016,5.356899999999996,-0.8345000000000002,34.275000000000006,59.95578749999999,63.781075000000044,1.1069249999999995,3.6015000000000006,-0.04654999999999998,34.4629875,-0.32524060563236956,1.0839508532407651
120.8,24.65,152.9264,SSP2-4.5,2041-2060,0.8668999999999869,59.304899999999996,79.58490000000006,1.1418999999999997,1.5551999999999992,-0.04999999999999982,34.634600000000006,59.56389999999999,58.9253875,1.0750875,3.8512750000000002,-0.05626249999999999,34.225725,-0.32524060563236956,1.147146633610552
120.85,21.9,269.1639,SSP2-4.5,2041-2060,-42.41300000000001,76.9015,-101.87390000000005,0.35889999999999844,16.9172,3.2103,35.1942,75.1903125,-86.40891250000004,0.38620000000000054,16.130387499999998,3.1079750000000006,36.94302499999999,-0.21954676555114824,-2.3286212867279272
120.85,21.95,276.0158,SSP2-4.5,2041-2060,-45.25410000000002,76.7122,-145.03829999999994,0.4823999999999984,16.5931,3.2741000000000007,36.36919999999999,75.08703750000001,-94.29077500000005,0.46908750000000055,15.730175,3.1469750000000003,37.1447,-0.21954676555114824,-2.265425506358136
120.85,22.0,274.2275,SSP2-4.5,2041-2060,-40.73310000000001,75.2267,-145.95510000000013,0.6480999999999995,15.374099999999999,3.5397,38.096199999999996,74.9022375,-96.60875000000004,0.6133375000000001,15.35325,3.0120625000000003,37.768975,-0.21954676555114824,-2.2022297259883445
120.85,22.05,274.0325,SSP2-4.5,2041-2060,-32.80310000000003,72.8442,-171.3786,1.036200000000001,11.446599999999997,2.9017,38.411500000000004,73.8161125,-104.89497500000007,0.9894749999999997,15.085562500000002,2.9403125,38.3750125,-0.21954676555114824,-2.139033945618553
120.85,22.1,267.8106,SSP2-4.5,2041-2060,-12.853200000000015,72.2603,-164.9004,1.535499999999999,12.308599999999998,2.8328000000000007,38.4558,71.63575,-88.6997,1.3426749999999994,13.584924999999998,2.7314625,37.6971125,-0.21954676555114824,-2.0758381652487614
120.85,22.15,245.2124,SSP2-4.5,2041-2060,0.048399999999986676,67.2158,-81.63749999999982,1.8226999999999975,13.387900000000002,3.0069,35.4212,69.2474375,-68.8300625,1.6070625,13.466387499999998,2.7743499999999996,35.9100875,-0.21954676555114824,-2.0126423848789745
120.85,22.2,286.3185,SSP2-4.5,2041-2060,-8.78879999999998,62.3863,-54.670900000000074,1.720600000000001,11.843099999999996,3.4171999999999993,33.017300000000006,66.59778750000001,-31.126049999999964,1.82165,13.527149999999999,2.8260749999999994,33.7576875,-0.21954676555114824,-1.9494466045091832
120.85,22.25,275.7984,SSP2-4.5,2041-2060,-3.5809000000000424,62.299400000000006,-23.321199999999862,2.171199999999999,14.636200000000002,3.5397,32.2077,64.70297500000001,-5.453487499999994,1.7113375000000008,13.56465,2.9182999999999995,32.0358125,-0.21954676555114824,-1.8862508241393918
120.85,22.3,270.1267,SSP2-4.5,2041-2060,-8.207700000000045,65.4115,13.673299999999927,1.6396000000000015,12.8431,3.208599999999999,33.709599999999995,63.274687500000006,20.79808750000001,1.5586250000000001,13.127137500000002,3.1034375,30.722125,-0.21954676555114824,-1.8230550437696005
120.85,22.35,289.6063,SSP2-4.5,2041-2060,-19.285699999999963,62.312200000000004,54.578199999999924,1.3603000000000023,12.053400000000003,3.280999999999999,31.5962,60.8942375,45.123837500000036,1.3549875,11.876925,3.1555999999999997,28.579325,-0.21954676555114824,-1.759859263399809
120.85,22.4,297.7591,SSP2-4.5,2041-2060,-22.276099999999985,56.8686,91.7775999999999,1.6935000000000002,10.6586,3.4430999999999994,25.909599999999998,57.7063625,74.36070000000007,1.3843624999999995,11.039200000000001,3.271775,26.526937500000003,-0.21954676555114824,-1.696663483030022
120.85,22.45,293.1296,SSP2-4.5,2041-2060,-20.16629999999998,56.0403,135.36020000000008,2.1884999999999977,10.8414,3.4069000000000003,25.8462,53.364787500000006,90.72858750000003,1.5616374999999993,11.217874999999998,3.2181124999999997,23.664187500000004,-0.21954676555114824,-1.6334677026602307
120.85,22.5,279.1767,SSP2-4.5,2041-2060,-18.5462,54.174600000000005,125.02890000000002,1.9299999999999997,12.312100000000001,3.036200000000001,24.1635,52.266574999999996,91.07340000000002,1.5493999999999994,11.530612499999998,3.1390000000000002,23.0077,-0.21954676555114824,-1.570271922290439
120.85,22.55,288.674,SSP2-4.5,2041-2060,-24.12529999999998,53.6444,83.4983000000002,1.5496000000000016,12.941400000000002,2.8810000000000002,22.980800000000002,52.9711875,76.12757499999998,1.399425,10.7778125,2.98705,23.2822125,-0.21954676555114824,-1.5070761419206478
120.85,22.6,319.2749,SSP2-4.5,2041-2060,-25.0659,55.3235,67.35099999999966,1.3520000000000003,10.960300000000004,2.879299999999999,23.8654,52.4435625,41.358212500000064,1.1907750000000008,9.5797375,2.8674375000000003,22.651200000000003,-0.21954676555114824,-1.4438803615508562
120.85,22.65,354.9169,SSP2-4.5,2041-2060,-27.727100000000007,48.6643,28.66820000000007,0.9663000000000004,8.5103,2.8689999999999998,18.3731,51.5005625,8.60687500000006,1.1021750000000003,8.35515,2.8075375,22.6702,-0.21954676555114824,-1.3806845811810693
120.85,22.7,364.6054,SSP2-4.5,2041-2060,-26.44689999999997,47.7716,-18.79399999999987,0.6311999999999998,8.351700000000001,3.0397,20.4212,49.2311,-15.999774999999943,0.9268874999999999,7.2633375000000004,2.72025,21.464187499999998,-0.21954676555114824,-1.317488800811278
120.85,22.75,340.672,SSP2-4.5,2041-2060,-16.2072,50.1303,-40.186499999999796,0.41740000000000066,6.1240999999999985,2.9033999999999995,22.757700000000003,47.546099999999996,-29.873937499999926,0.675675,7.1208875,2.6650875,20.556987499999998,-0.21954676555114824,-1.2542930204414864
120.85,22.8,329.8324,SSP2-4.5,2041-2060,-12.807700000000011,48.9209,-47.48149999999987,0.21390000000000242,5.872399999999999,2.75,20.4135,45.382562500000006,-32.21277499999994,0.5222874999999996,6.513775,2.6228374999999993,18.9351,-0.21954676555114824,-1.191097240071695
120.85,22.85,336.1172,SSP2-4.5,2041-2060,-13.3981,38.555099999999996,-46.85500000000002,0.2414999999999985,7.029299999999999,3.0,14.5808,43.852275,-34.80946249999994,0.2958625000000006,6.534900000000001,2.5898624999999997,17.503362499999998,-0.21954676555114824,-1.1279014597019037
120.85,22.9,320.1834,SSP2-4.5,2041-2060,-14.285300000000007,35.684000000000005,-34.63969999999972,-0.0406000000000013,6.734500000000004,2.6602999999999994,12.7519,43.3082875,-40.38947500000003,0.2099000000000002,6.701500000000001,2.5247874999999995,16.746624999999998,-0.21954676555114824,-1.0647056793321166
120.85,22.95,269.1855,SSP2-4.5,2041-2060,-23.65179999999998,38.312,-37.97630000000004,-0.14949999999999974,7.003400000000006,1.8361999999999998,12.7865,41.9315625,-46.96022500000004,0.20507500000000034,7.244612500000001,2.3344750000000003,15.805037500000001,-0.21954676555114824,-1.0015098989623252
120.85,23.0,259.6237,SSP2-4.5,2041-2060,-22.779499999999985,34.012,-59.65789999999993,-0.12020000000000053,6.174099999999996,1.8914000000000009,11.157699999999998,41.5915375,-68.05758750000007,0.3000250000000002,7.684925000000002,1.9607875000000003,15.686050000000002,-0.21954676555114824,-0.9383141185925338
120.85,23.05,309.4019,SSP2-4.5,2041-2060,-17.87790000000001,32.27799999999999,-122.02220000000034,0.005199999999998539,8.162100000000002,1.739700000000001,10.6596,41.1514875,-97.43486249999998,0.39198749999999993,7.201725,1.5558250000000002,15.2697125,-0.21954676555114824,-0.8751183382227424
120.85,23.1,386.2774,SSP2-4.5,2041-2060,-14.129799999999989,41.673300000000005,-191.0016999999998,-0.18649999999999878,7.1586,1.2844999999999995,14.623099999999999,46.3242125,-114.26184999999995,0.4260625,6.853025000000001,1.4213375000000001,18.8036,-0.21954676555114824,-0.811922557852951
120.85,23.15,410.2421,SSP2-4.5,2041-2060,-11.756599999999992,53.9571,-166.90279999999984,-0.06789999999999807,5.877600000000001,1.4172000000000011,22.0519,52.32335,-110.31457499999993,0.4633624999999997,6.0577499999999995,1.3616249999999996,21.83775,-0.21954676555114824,-0.748726777483164
120.85,23.2,392.642,SSP2-4.5,2041-2060,-12.46139999999997,58.10380000000001,-123.7153000000003,0.15740000000000265,4.284499999999994,1.6517,24.6173,58.8853625,-92.78722499999992,0.4291624999999999,5.8568750000000005,1.7348999999999999,25.7766875,-0.21954676555114824,-0.6855309971133726
120.85,23.25,389.0688,SSP2-4.5,2041-2060,-8.735299999999995,62.781,-78.18290000000025,0.23530000000000229,6.381,2.1914,27.5058,60.6434875,-84.14136250000001,0.49879999999999924,5.271749999999999,1.8831749999999998,26.8451875,-0.21954676555114824,-0.6223352167435812
120.85,23.3,367.6713,SSP2-4.5,2041-2060,-4.246699999999976,61.69970000000001,-106.77340000000004,0.5321999999999996,6.532800000000002,1.9741,28.4865,61.9361625,-65.17073750000003,0.551474999999999,4.835537499999999,1.9846999999999997,27.7838875,-0.21954676555114824,-0.5591394363737897
120.85,23.35,360.5144,SSP2-4.5,2041-2060,-7.960300000000018,61.0703,-60.03049999999985,0.7309999999999981,5.005200000000002,2.0344999999999995,26.659599999999998,62.89475,-49.19161250000002,0.7272874999999992,4.156462499999999,1.8213249999999999,29.2918125,-0.21954676555114824,-0.4959436560039983
120.85,23.4,364.9905,SSP2-4.5,2041-2060,-13.70780000000002,68.2739,-41.25070000000005,0.8768999999999991,2.7672000000000025,2.2431,33.6865,62.70586250000001,-31.76032499999991,0.7594999999999992,3.7685375,1.6586124999999998,29.248800000000003,-0.21954676555114824,-0.43274787563421135
120.85,23.45,354.3272,SSP2-4.5,2041-2060,-11.209900000000005,63.933800000000005,-32.58050000000003,0.6036000000000001,4.437899999999999,1.9223999999999997,30.667299999999997,63.45732500000001,-30.144824999999855,0.7180624999999994,3.5101250000000013,1.77995,29.860325000000003,-0.21954676555114824,-0.3695520952644199
120.85,23.5,342.8322,SSP2-4.5,2041-2060,-2.8088000000000193,65.85300000000001,-50.760499999999865,0.4923000000000002,4.305199999999999,2.1361999999999988,31.036500000000004,64.0666625,-43.135012499999846,0.5537624999999995,4.1215375000000005,1.8521625,30.7245125,-0.21954676555114824,-0.3063563148946285
120.85,23.55,318.4764,SSP2-4.5,2041-2060,-8.251900000000035,68.80250000000001,-97.19529999999986,0.43290000000000006,4.9741,2.0121,34.3,64.9647375,-31.462937499999924,0.5227124999999995,4.113575,2.164675,31.26705,-0.21954676555114824,-0.24316053452483705
120.85,23.6,262.9637,SSP2-4.5,2041-2060,-7.237600000000015,67.7199,-25.17789999999991,0.6677999999999997,4.350000000000001,2.1052,33.278800000000004,67.93935,-17.77661249999997,0.5787999999999998,3.7928749999999996,2.5683499999999997,33.3300375,-0.21954676555114824,-0.17996475415504562
120.85,23.65,233.8112,SSP2-4.5,2041-2060,-11.120600000000024,71.2197,1.8037000000001626,0.7447000000000017,2.9155000000000015,2.6689999999999987,34.55,68.35624999999999,2.311687500000005,0.7215624999999992,2.88685,2.7211375,33.4355625,-0.21954676555114824,-0.11676897378525869
120.85,23.7,232.6723,SSP2-4.5,2041-2060,-12.693600000000004,67.958,-8.592699999999923,0.8018000000000001,1.1655000000000015,2.515500000000001,29.790399999999998,70.35177499999999,5.854237500000039,0.7685874999999993,2.4398750000000007,2.85475,34.71705,-0.21954676555114824,-0.053573193415467256
120.85,23.75,216.9823,SSP2-4.5,2041-2060,-16.067000000000007,70.4987,-9.815599999999904,0.6701999999999977,-0.3878999999999948,2.7103,33.063500000000005,68.5447375,4.424237500000004,0.8343624999999997,2.4952625,2.5702625,33.0536,-0.21954676555114824,0.009622586954324176
120.85,23.8,214.1326,SSP2-4.5,2041-2060,-7.606599999999986,67.0605,5.543799999999919,0.9274999999999984,2.0223999999999975,1.687899999999999,31.188499999999998,69.01894999999999,-8.527349999999956,0.7061124999999993,2.6532375000000004,2.6312625,32.8641875,-0.21954676555114824,0.0728183673241156
120.85,23.85,223.7883,SSP2-4.5,2041-2060,3.282100000000014,71.0247,-39.27669999999989,0.5632999999999981,4.613799999999998,2.318999999999999,34.1808,66.7969125,-8.465824999999995,0.7105499999999996,2.1465499999999995,2.2627249999999997,31.336062499999997,-0.21954676555114824,0.13601414769390704
120.85,23.9,218.0876,SSP2-4.5,2041-2060,11.831499999999977,66.5821,-24.135700000000043,0.4269999999999996,1.4500000000000028,2.115499999999999,32.3635,67.5259375,-27.370312499999983,0.6367124999999998,1.916599999999999,2.021775,32.154799999999994,-0.21954676555114824,0.19920992806369398
120.85,23.95,241.0315,SSP2-4.5,2041-2060,5.9214000000000055,67.8325,-39.124700000000075,0.5858000000000025,1.8897000000000048,1.7414000000000005,34.1096,67.6407375,-15.032975000000022,0.7308000000000003,1.7364249999999988,1.6157375,32.688212500000006,-0.21954676555114824,0.26240570843348543
120.85,24.0,223.3904,SSP2-4.5,2041-2060,7.0959,67.2945,-12.307999999999993,0.9749000000000017,3.2483000000000004,1.6052,33.5019,68.81215,-17.790912500000047,0.7821250000000002,2.6381499999999996,1.2327499999999998,34.486537500000004,-0.21954676555114824,0.32560148880327683
120.85,24.05,219.5046,SSP2-4.5,2041-2060,15.654799999999994,70.8566,-10.150900000000092,1.1990999999999978,4.918999999999997,0.7033999999999985,37.2231,68.67342500000001,-0.6773875000000373,0.9572750000000001,3.316812500000001,1.192675,35.134625,-0.21954676555114824,0.3887972691730683
120.85,24.1,219.5583,SSP2-4.5,2041-2060,20.97550000000001,66.0613,14.376399999999876,1.2308999999999983,5.231000000000002,1.3862000000000005,35.625,68.91818750000002,2.9328125000000114,1.063275,2.867675000000002,1.2622749999999998,35.759150000000005,-0.21954676555114824,0.4519930495428597
120.85,24.15,242.29,SSP2-4.5,2041-2060,20.743799999999993,67.2455,1.531800000000203,1.2542000000000009,3.5741000000000014,2.0206999999999997,35.2423,67.29525,25.8813375,1.0782750000000005,2.3706875000000016,1.4157250000000001,35.144487500000004,-0.21954676555114824,0.5151888299126467
120.85,24.2,229.9375,SSP2-4.5,2041-2060,9.584399999999988,66.54769999999999,23.346900000000005,1.0309000000000026,1.7241,2.3310000000000013,34.8865,66.44623750000001,29.07860000000008,1.0394375000000005,1.1650875000000012,1.4842749999999998,35.028612499999994,-0.21954676555114824,0.578384610282438
120.85,24.25,226.4111,SSP2-4.5,2041-2060,5.649100000000004,66.38570000000001,13.387199999999893,0.9768000000000008,0.20000000000000284,1.7327999999999992,36.248099999999994,65.389375,41.272762500000084,1.0626250000000002,0.6032375000000005,1.2010625000000001,35.230999999999995,-0.21954676555114824,0.6415803906522295
120.85,24.3,224.8746,SSP2-4.5,2041-2060,-1.0463999999999771,64.5874,51.927900000000136,1.2309000000000019,-1.7879000000000005,0.6879000000000008,36.3115,64.8971,45.22501250000002,1.2123499999999994,0.03491250000000079,0.9976249999999998,35.975962499999994,-0.21954676555114824,0.704776171022021
120.85,24.35,234.397,SSP2-4.5,2041-2060,4.921800000000019,63.72860000000001,63.23149999999987,1.4100000000000001,0.11719999999999686,0.3672000000000004,37.1481,64.3313625,47.29275000000001,1.3390624999999994,0.9844875000000011,0.7463249999999999,36.02329999999999,-0.21954676555114824,0.7679719513918124
120.85,24.4,232.7173,SSP2-4.5,2041-2060,12.098000000000013,64.066,60.39470000000006,1.4819999999999993,2.2120999999999995,0.9154999999999998,36.176899999999996,63.2355125,59.93204999999995,1.3987374999999997,2.1728375,0.5969874999999998,35.672362500000006,-0.21954676555114824,0.8311677317615993
120.85,24.45,199.7521,SSP2-4.5,2041-2060,22.84559999999999,63.0331,86.34439999999995,1.3253000000000021,2.863800000000005,0.5068999999999999,35.6058,62.302125000000004,58.789462499999985,1.4011124999999998,3.1568999999999994,0.528025,35.18195,-0.21954676555114824,0.8943635121313908
120.85,24.5,193.6135,SSP2-4.5,2041-2060,4.146800000000013,62.33590000000001,61.812400000000025,1.1614000000000004,3.4620999999999995,0.2914000000000012,34.553799999999995,60.8963375,60.511537499999974,1.2551750000000006,3.305812499999999,0.1762999999999998,34.9512125,-0.21954676555114824,0.9575592925011822
120.85,24.55,175.2682,SSP2-4.5,2041-2060,2.7719999999999914,59.012,47.3438000000001,0.9478000000000009,3.9724000000000004,-0.16550000000000065,34.5654,60.247299999999996,45.632349999999974,1.1372250000000006,3.4357749999999996,-0.15193750000000006,34.656000000000006,-0.21954676555114824,1.0207550728709736
120.85,24.6,177.8317,SSP2-4.5,2041-2060,-7.008700000000005,59.443599999999996,38.30750000000012,1.0977999999999994,4.901700000000005,-0.4207000000000001,34.6269,59.1756125,41.60892499999997,1.0148875000000004,3.433187499999999,-0.22715000000000019,34.4060125,-0.21954676555114824,1.0839508532407651
120.85,24.65,172.7335,SSP2-4.5,2041-2060,-9.525599999999997,58.17799999999999,54.450199999999995,1.2199999999999989,5.899999999999999,-0.2585999999999995,34.1577,59.2129,46.51412500000001,1.0232374999999996,3.598487500000001,-0.20216250000000024,34.04495,-0.21954676555114824,1.147146633610552
120.85,24.7,147.7511,SSP2-4.5,2041-2060,-1.555800000000005,58.842,73.80359999999996,1.0076999999999998,4.9569000000000045,0.24479999999999968,33.471199999999996,59.744362499999994,51.82005000000004,0.9483249999999992,3.2663625000000005,-0.24698750000000003,34.6403875,-0.21954676555114824,1.2103424139803434
120.9,22.0,253.4294,SSP2-4.5,2041-2060,-33.063799999999986,76.62010000000001,-107.58610000000022,0.8255000000000017,17.027600000000003,2.9776000000000007,38.678799999999995,74.85432499999999,-126.86926250000005,0.8426249999999995,15.0946125,3.0338375,37.92765,-0.11385292546989689,-2.2022297259883445
120.9,22.05,241.9081,SSP2-4.5,2041-2060,-22.36359999999999,76.51069999999999,-103.07269999999994,0.972999999999999,14.348300000000002,2.5759000000000007,40.2,73.03083749999999,-119.35022500000008,1.1760499999999996,14.3278,2.8959125,38.0230875,-0.11385292546989689,-2.139033945618553
120.9,22.1,234.1006,SSP2-4.5,2041-2060,-8.261799999999994,73.98849999999999,-103.03790000000026,1.2851999999999997,16.298299999999998,2.7844999999999995,38.7885,72.76910000000001,-111.54726249999999,1.3763874999999994,13.9267375,2.82285,37.806725,-0.11385292546989689,-2.0758381652487614
120.9,22.15,234.4953,SSP2-4.5,2041-2060,-2.5217999999999847,74.4225,-112.06930000000011,1.5412999999999997,15.013799999999996,2.4862,38.326899999999995,69.9410125,-78.27191250000001,1.5969624999999996,13.240949999999998,2.8025874999999996,36.4702,-0.11385292546989689,-2.0126423848789745
120.9,22.2,248.2464,SSP2-4.5,2041-2060,-9.186599999999999,72.4157,-85.05999999999995,1.7639999999999993,13.7897,2.779299999999999,36.090399999999995,67.365975,-49.797112500000026,1.6795624999999998,14.197837499999999,2.8558125,34.4408625,-0.11385292546989689,-1.9494466045091832
120.9,22.25,245.4047,SSP2-4.5,2041-2060,-5.7672000000000025,68.17860000000002,-30.30470000000014,1.8185000000000002,13.624099999999999,2.5878999999999994,34.2346,66.6494375,-28.243475000000046,1.5787624999999998,13.495474999999999,3.1353375,33.4420625,-0.11385292546989689,-1.8862508241393918
120.9,22.3,252.972,SSP2-4.5,2041-2060,-11.05880000000002,68.3662,-32.59810000000016,1.4361999999999995,14.7207,2.587900000000001,33.3519,64.93700000000001,5.625200000000007,1.4573500000000004,13.248475000000001,3.1982749999999998,32.2153875,-0.11385292546989689,-1.8230550437696005
120.9,22.35,261.906,SSP2-4.5,2041-2060,-10.079800000000006,68.28630000000001,20.485599999999977,0.39869999999999806,11.7379,3.7276000000000007,32.7846,62.318650000000005,27.972999999999956,1.4550250000000005,12.67735,3.0670124999999997,30.2427875,-0.11385292546989689,-1.759859263399809
120.9,22.4,260.687,SSP2-4.5,2041-2060,-16.996400000000023,61.4049,36.49339999999984,0.7940000000000005,13.044799999999999,3.4689999999999994,29.444200000000002,61.483787500000005,38.55178749999993,1.3079624999999995,12.4381375,3.2028,29.194475,-0.11385292546989689,-1.696663483030022
120.9,22.45,272.293,SSP2-4.5,2041-2060,-19.4966,58.0474,18.689200000000255,1.2850000000000001,13.8672,3.184499999999999,27.7981,59.709175,51.56656249999989,1.2385124999999992,12.0616375,3.25885,27.7875,-0.11385292546989689,-1.6334677026602307
120.9,22.5,250.163,SSP2-4.5,2041-2060,-12.607500000000016,56.9865,40.9391999999998,1.4705999999999975,14.022399999999998,3.115499999999999,26.9096,57.679525,40.89146250000002,1.2115375000000004,12.2125125,2.930175,26.5303,-0.11385292546989689,-1.570271922290439
120.9,22.55,262.9983,SSP2-4.5,2041-2060,-23.60039999999998,55.8385,9.684500000000071,0.7390000000000008,12.253500000000003,2.6533999999999995,25.4538,57.24905,26.10062499999998,1.0995750000000006,11.533825000000002,2.9075375,26.32525,-0.11385292546989689,-1.5070761419206478
120.9,22.6,319.0565,SSP2-4.5,2041-2060,-34.989300000000014,58.5156,-29.555399999999736,0.7614000000000019,7.822400000000002,2.7103,27.303800000000003,56.1189875,-14.213124999999991,0.8081125000000009,10.187700000000001,2.869825,24.76875,-0.11385292546989689,-1.4438803615508562
120.9,22.65,370.8145,SSP2-4.5,2041-2060,-42.0761,57.8884,-97.27539999999999,0.7954000000000008,7.910299999999999,2.6948000000000008,25.269199999999998,54.257524999999994,-47.83393749999999,0.5833250000000003,8.258162500000001,2.9948499999999996,23.793525000000002,-0.11385292546989689,-1.3806845811810693
120.9,22.7,378.5575,SSP2-4.5,2041-2060,-45.33789999999999,49.1129,-119.05229999999983,0.2994000000000021,7.3948,2.6465999999999994,22.863500000000002,52.166687499999995,-66.76706249999995,0.5245624999999996,7.3435125,2.90045,22.614425,-0.11385292546989689,-1.317488800811278
120.9,22.75,333.0307,SSP2-4.5,2041-2060,-35.78630000000004,41.613400000000006,-75.81079999999974,0.46259999999999835,7.743099999999998,2.4414,19.099999999999998,49.1919125,-62.67168749999996,0.4862125000000006,7.2614,2.7653125,21.114675000000002,-0.11385292546989689,-1.2542930204414864
120.9,22.8,290.6291,SSP2-4.5,2041-2060,-25.182000000000016,39.625699999999995,-49.4837,0.37010000000000076,9.451700000000002,2.4033999999999995,15.092299999999998,48.2452,-46.62722499999995,0.6767124999999998,7.693737499999999,2.5517250000000002,20.435575,-0.11385292546989689,-1.191097240071695
120.9,22.85,268.2432,SSP2-4.5,2041-2060,-18.8236,46.566300000000005,-34.65090000000009,0.7806999999999995,10.262099999999997,1.9723999999999986,18.2827,45.3543375,-22.91411249999996,0.7824875000000002,8.155587500000001,2.4892125,18.037262499999997,-0.11385292546989689,-1.1279014597019037
120.9,22.9,250.9295,SSP2-4.5,2041-2060,-18.18259999999998,42.2213,1.9237000000000535,0.8221000000000025,9.986200000000004,2.3155,16.0827,44.89433749999999,13.81513750000002,1.0149874999999993,8.027362500000002,2.189425,17.179575,-0.11385292546989689,-1.0647056793321166
120.9,22.95,233.7078,SSP2-4.5,2041-2060,-17.710799999999978,49.3391,63.21370000000002,1.1849999999999987,7.939700000000002,1.9448000000000008,19.8481,39.0521125,49.43901250000005,1.1612875000000003,7.895250000000001,2.0323125,13.8089,-0.11385292546989689,-1.0015098989623252
120.9,23.0,235.3136,SSP2-4.5,2041-2060,-13.638000000000005,39.13740000000001,87.31529999999998,1.4555000000000007,8.598300000000002,1.5172000000000008,13.169199999999998,35.5434,58.976200000000006,1.1888125,7.4924625,1.8793125000000004,11.9692375,-0.11385292546989689,-0.9383141185925338
120.9,23.05,255.1994,SSP2-4.5,2041-2060,-3.528400000000005,30.219700000000003,61.11980000000017,1.176400000000001,7.996600000000001,1.8827999999999996,9.909600000000001,36.307100000000005,36.62983750000001,1.089975,6.969612499999998,1.7491375000000002,12.1596125,-0.11385292546989689,-0.8751183382227424
120.9,23.1,298.448,SSP2-4.5,2041-2060,3.199700000000007,37.7159,38.989700000000084,1.1006999999999998,5.529299999999999,1.5275999999999996,13.384599999999999,41.7708125,1.286787500000088,0.8376375000000005,5.9560375,1.6321125,15.41225,-0.11385292546989689,-0.811922557852951
120.9,23.15,343.7647,SSP2-4.5,2041-2060,3.3292000000000144,52.058,9.970900000000256,0.7530000000000001,3.7430999999999983,1.3155000000000001,21.9423,49.5215875,-22.685412499999956,0.6688875000000003,4.664437499999999,1.6398625,19.3533625,-0.11385292546989689,-0.748726777483164
120.9,23.2,362.8426,SSP2-4.5,2041-2060,-9.521799999999985,55.9933,-51.539999999999964,0.34639999999999915,3.1000000000000014,1.3034,23.4962,56.0046875,-32.67666250000002,0.5193125000000007,4.5655125,1.7900875000000003,23.5990375,-0.11385292546989689,-0.6855309971133726
120.9,23.25,397.2404,SSP2-4.5,2041-2060,-12.395800000000008,56.817299999999996,-124.17630000000008,-0.2591000000000001,4.3034,2.4776000000000007,24.609600000000004,59.4667,-30.05213750000013,0.5626625000000001,4.176074999999999,1.88965,25.574762500000002,-0.11385292546989689,-0.6223352167435812
120.9,23.3,385.0652,SSP2-4.5,2041-2060,-1.919399999999996,61.9807,-53.470900000000256,0.2333999999999996,2.8378999999999976,2.2103,27.309600000000003,59.7970875,-31.96881250000007,0.5448999999999993,4.641375,1.9709124999999998,26.128600000000002,-0.11385292546989689,-0.5591394363737897
120.9,23.35,351.4799,SSP2-4.5,2041-2060,-1.7437999999999647,61.73930000000001,-14.83789999999999,0.5421999999999976,4.713799999999999,1.3775999999999993,26.4327,60.17895,-20.28852500000005,0.6624374999999993,3.9088374999999997,2.1245624999999997,27.082425,-0.11385292546989689,-0.4959436560039983
120.9,23.4,338.5996,SSP2-4.5,2041-2060,0.10039999999997917,56.7675,3.557600000000093,0.9463000000000008,4.562100000000001,1.6448,24.986500000000003,58.77735,-10.34462499999995,0.6496624999999989,3.8482749999999992,2.0053875,27.175462500000002,-0.11385292546989689,-0.43274787563421135
120.9,23.45,336.646,SSP2-4.5,2041-2060,0.9590999999999781,60.6594,-17.179499999999734,0.8425999999999974,3.8552000000000035,1.6483000000000008,27.207700000000003,58.808912500000005,-7.191637499999899,0.6169250000000002,3.4206749999999992,1.9609874999999997,27.900687500000004,-0.11385292546989689,-0.3695520952644199
120.9,23.5,305.2153,SSP2-4.5,2041-2060,-2.95859999999999,61.546200000000006,-54.39529999999968,0.5260999999999996,4.424100000000003,1.1861999999999995,27.8519,61.66148750000001,-16.565724999999816,0.5342500000000001,3.567874999999999,2.0584124999999998,29.66705,-0.11385292546989689,-0.3063563148946285
120.9,23.55,255.8611,SSP2-4.5,2041-2060,-4.770899999999983,68.5239,-43.073199999999815,0.37150000000000105,5.100000000000001,2.0862,34.326899999999995,63.85532499999999,-25.564412499999804,0.5158750000000003,3.8314500000000002,2.0398875,30.3692125,-0.11385292546989689,-0.24316053452483705
120.9,23.6,253.6143,SSP2-4.5,2041-2060,-11.695499999999981,72.0478,-20.991899999999987,0.4754000000000005,4.530999999999999,2.246600000000001,34.5,66.2275,-21.07849999999985,0.5815000000000006,4.098700000000001,2.2933375,31.865375,-0.11385292546989689,-0.17996475415504562
120.9,23.65,254.9225,SSP2-4.5,2041-2060,-13.812300000000022,74.0366,18.14930000000004,0.7091999999999992,5.167200000000001,3.019,35.7788,64.61885,-6.326249999999874,0.728975000000001,3.269400000000001,2.2017375,30.98725,-0.11385292546989689,-0.11676897378525869
120.9,23.7,251.597,SSP2-4.5,2041-2060,-15.029200000000003,68.7367,20.409900000000107,0.8409000000000013,3.612099999999998,2.5310000000000006,36.4269,67.85727499999999,-7.408049999999918,0.7502375000000003,2.8140125000000014,2.3450500000000005,32.514175,-0.11385292546989689,-0.053573193415467256
120.9,23.75,241.5842,SSP2-4.5,2041-2060,-14.65870000000001,72.7662,-44.34230000000002,0.5824999999999996,4.191400000000002,2.620700000000001,36.3615,67.70406249999999,-7.654624999999925,0.7478125000000002,2.6974125000000004,2.0930875,32.4661125,-0.11385292546989689,0.009622586954324176
120.9,23.8,228.4438,SSP2-4.5,2041-2060,-6.730400000000003,67.99019999999999,-2.5037999999999556,0.5957000000000008,3.7741000000000042,1.6982999999999997,31.023100000000003,70.30275,-38.810299999999955,0.5376249999999994,3.4700500000000005,2.0515,34.040875,-0.11385292546989689,0.0728183673241156
120.9,23.85,228.7538,SSP2-4.5,2041-2060,11.651299999999992,64.7152,-41.38499999999976,0.24569999999999936,3.429300000000005,2.3275999999999986,29.4635,68.11326249999999,-29.080837499999973,0.5475374999999998,3.1982750000000006,1.7142249999999999,32.220924999999994,-0.11385292546989689,0.13601414769390704
120.9,23.9,212.2855,SSP2-4.5,2041-2060,17.534099999999995,63.4885,42.90499999999997,0.8874999999999993,-0.010300000000000864,1.3569000000000013,29.292299999999997,66.852775,-32.75759999999997,0.4997625000000001,3.136650000000002,1.6347124999999998,31.85745,-0.11385292546989689,0.19920992806369398
120.9,23.95,225.6764,SSP2-4.5,2041-2060,12.881699999999995,63.467400000000005,36.335599999999886,0.7802000000000007,0.4275999999999982,1.0,29.826900000000002,65.59725,-3.6320249999999987,0.6738000000000004,2.8049750000000016,1.4868625000000002,31.670425,-0.11385292546989689,0.26240570843348543
120.9,24.0,219.0071,SSP2-4.5,2041-2060,6.5634000000000015,65.84360000000001,10.663099999999986,0.6290000000000013,4.270699999999998,0.6844999999999999,31.85,66.8782625,5.779349999999965,0.7719874999999998,3.072425,1.2206875,33.2639375,-0.11385292546989689,0.32560148880327683
120.9,24.05,219.5285,SSP2-4.5,2041-2060,10.57989999999998,68.1087,-12.532500000000027,0.39780000000000015,4.029299999999999,0.40339999999999954,34.3635,66.84175,16.216687499999978,0.9912999999999998,4.183412499999999,1.1420249999999998,33.829575000000006,-0.11385292546989689,0.3887972691730683
120.9,24.1,217.7921,SSP2-4.5,2041-2060,23.211399999999998,67.97550000000001,1.910899999999856,1.1125000000000007,5.739700000000006,0.9809999999999999,34.571200000000005,66.41548750000001,13.933850000000007,1.0883749999999992,3.9105499999999997,1.2271499999999997,33.7831875,-0.11385292546989689,0.4519930495428597
120.9,24.15,240.1689,SSP2-4.5,2041-2060,20.479600000000005,66.7312,-3.5187999999998283,1.1649999999999991,3.5845000000000056,1.6879000000000008,34.0308,64.6017375,31.59265000000002,1.237025,3.3980500000000005,1.3866375,32.4793375,-0.11385292546989689,0.5151888299126467
120.9,24.2,251.3502,SSP2-4.5,2041-2060,9.264600000000002,62.7863,85.83080000000018,1.2058,1.4861999999999966,1.0999999999999996,31.663500000000003,63.427212499999996,22.8172000000001,1.2361,1.947837500000002,1.6791,31.530775,-0.11385292546989689,0.578384610282438
120.9,24.25,255.4906,SSP2-4.5,2041-2060,11.717599999999976,64.2864,41.64670000000024,1.1418999999999997,-0.08619999999999806,1.9431000000000012,32.2269,62.5541875,31.796975000000117,1.2677000000000005,0.7185250000000014,1.2681000000000002,31.614424999999997,-0.11385292546989689,0.6415803906522295
120.9,24.3,263.9308,SSP2-4.5,2041-2060,8.46750000000003,65.2414,20.889700000000175,1.4425999999999988,-0.5689999999999955,1.1103000000000005,34.457699999999996,61.9395375,33.227675000000005,1.2733250000000007,0.09116250000000115,1.1435375000000003,32.4153875,-0.11385292546989689,0.704776171022021
120.9,24.35,270.9366,SSP2-4.5,2041-2060,5.227599999999995,62.361999999999995,32.29520000000002,1.468,-0.025900000000000034,1.1052,34.096199999999996,62.0854375,30.51597499999994,1.2830125,1.1476375000000019,0.9204500000000004,33.3723375,-0.11385292546989689,0.7679719513918124
120.9,24.4,263.7339,SSP2-4.5,2041-2060,6.189199999999971,62.8449,5.987799999999879,1.2311999999999976,3.955200000000005,1.2362000000000002,34.2115,61.26035,46.25281249999986,1.2766375,2.2698375000000004,0.7991249999999999,33.362025,-0.11385292546989689,0.8311677317615993
120.9,24.45,234.5316,SSP2-4.5,2041-2060,11.984200000000016,62.367799999999995,58.690599999999904,1.3425999999999974,4.558599999999998,0.6275999999999993,35.0577,60.718175,31.235549999999904,1.1803124999999999,3.5052000000000003,0.7079625,33.19613749999999,-0.11385292546989689,0.8943635121313908
120.9,24.5,247.5951,SSP2-4.5,2041-2060,2.499500000000012,61.229899999999994,22.380100000000084,1.2040000000000006,3.8637999999999977,0.4551999999999996,35.651900000000005,60.4812,27.781349999999918,1.0650125000000004,3.435787499999999,0.1833999999999999,33.799524999999996,-0.11385292546989689,0.9575592925011822
120.9,24.55,236.4759,SSP2-4.5,2041-2060,-11.555000000000007,61.02760000000001,-8.544500000000198,0.8068999999999988,4.227599999999995,-0.6448,35.330799999999996,59.5007375,10.982750000000038,1.0178000000000003,3.1450500000000003,-0.005599999999999938,34.200712499999995,-0.11385292546989689,1.0207550728709736
120.9,24.6,207.7669,SSP2-4.5,2041-2060,-11.505300000000005,58.5156,-7.619799999999941,0.8856999999999999,2.419000000000004,-0.17410000000000103,34.2,58.930425,16.07510000000005,0.9925000000000002,3.63685,-0.2980625,34.43413749999999,-0.11385292546989689,1.0839508532407651
120.9,24.65,186.1524,SSP2-4.5,2041-2060,-10.3382,57.593599999999995,16.420399999999972,0.9937000000000005,2.560299999999998,0.17929999999999957,33.6365,58.96816249999999,36.46123750000004,0.9826874999999995,3.969825000000002,-0.3198375,34.284387499999994,-0.11385292546989689,1.147146633610552
120.9,24.7,162.078,SSP2-4.5,2041-2060,-5.687399999999997,59.545899999999996,46.78899999999999,0.9701999999999984,4.6810000000000045,-1.0259,33.125,59.680012500000004,48.23526250000003,0.8576125000000006,1.7111999999999998,-0.25970000000000004,34.969249999999995,-0.11385292546989689,1.2103424139803434
120.9,24.75,129.2189,SSP2-4.5,2041-2060,2.5863000000000227,62.094,40.58470000000011,0.2668999999999997,1.8017000000000039,-0.48100000000000076,36.5808,60.4170875,53.36761249999998,0.7711375,1.5676625000000008,-0.3312624999999999,35.2411375,-0.11385292546989689,1.273538194350135
120.9,24.8,125.7672,SSP2-4.5,2041-2060,3.7384999999999877,60.5083,49.14630000000011,0.5474999999999994,3.969000000000001,-0.2999999999999998,35.448100000000004,60.435599999999994,45.34064999999998,0.6654874999999998,1.3999875000000008,-0.40732500000000016,35.5358375,-0.11385292546989689,1.3367339747199263
120.9,24.85,123.3388,SSP2-4.5,2041-2060,6.346699999999984,60.4019,57.437999999999874,0.6998999999999995,2.6758999999999986,-0.7258999999999993,36.5135,59.513037499999996,46.04150000000001,0.6267499999999999,3.802150000000002,-0.2756375000000001,35.177175,-0.11385292546989689,1.3999297550897176
120.95,22.45,244.9499,SSP2-4.5,2041-2060,-16.21550000000002,64.9628,-20.81760000000031,0.6309000000000005,11.6035,2.8758999999999997,29.3596,60.291587500000006,29.217562499999985,1.0289499999999996,12.3982625,3.0532500000000002,28.4391875,-0.008159085388675564,-1.6334677026602307
120.95,22.5,240.3232,SSP2-4.5,2041-2060,-15.618000000000023,58.9494,-16.734800000000178,0.8018999999999998,12.272400000000001,2.996600000000001,27.882700000000003,59.1559125,14.735837500000002,0.9640125000000004,12.2237125,2.8282374999999997,27.408900000000003,-0.008159085388675564,-1.570271922290439
120.95,22.55,251.542,SSP2-4.5,2041-2060,-22.403099999999995,59.778800000000004,-7.576999999999998,0.5674000000000028,11.6086,2.4069000000000003,28.7577,59.288925,-22.46837499999998,0.7260250000000004,10.769175,2.776725,27.221625000000003,-0.008159085388675564,-1.5070761419206478
120.95,22.6,286.5512,SSP2-4.5,2041-2060,-30.396900000000016,60.6196,-54.14519999999993,0.36370000000000147,10.331000000000003,3.2344999999999997,28.738500000000002,59.4770875,-29.513387499999936,0.6564750000000008,9.8228375,2.5670124999999997,27.0959,-0.008159085388675564,-1.4438803615508562
120.95,22.65,375.6943,SSP2-4.5,2041-2060,-44.56790000000001,57.194399999999995,-143.9094,0.13149999999999906,6.9862,3.3397000000000006,24.7115,58.416375,-44.54424999999995,0.5873250000000003,8.7372625,2.7696125,26.812275,-0.008159085388675564,-1.3806845811810693
120.95,22.7,384.2909,SSP2-4.5,2041-2060,-45.82660000000004,56.85829999999999,-113.23440000000028,0.16109999999999758,5.708600000000001,3.239699999999999,24.071199999999997,55.87695000000001,-53.85278749999989,0.5894499999999998,8.4381375,2.80195,25.644475,-0.008159085388675564,-1.317488800811278
120.95,22.75,337.9073,SSP2-4.5,2041-2060,-43.804100000000005,57.2128,-73.5942,0.6310000000000002,7.413800000000002,2.6759000000000004,26.211499999999997,51.9344,-43.05486249999993,0.6952249999999998,8.3590375,2.7497874999999996,23.003375,-0.008159085388675564,-1.2542930204414864
120.95,22.8,285.5942,SSP2-4.5,2041-2060,-32.55250000000001,43.9028,-39.54690000000005,1.1656000000000013,7.774099999999997,2.463800000000001,17.0865,53.5384125,-27.88501249999996,1.0345874999999993,8.8773625,2.4290874999999996,23.390862499999997,-0.008159085388675564,-1.191097240071695
120.95,22.85,255.1593,SSP2-4.5,2041-2060,-20.879700000000014,59.059999999999995,-14.892000000000053,1.5009999999999977,9.331000000000003,2.206900000000001,25.0519,50.700712499999995,3.49777499999999,1.4575125,8.814,2.2913624999999995,21.129575000000003,-0.008159085388675564,-1.1279014597019037
120.95,22.9,236.5576,SSP2-4.5,2041-2060,-8.80880000000002,54.8649,47.662199999999984,1.9863,9.0655,2.1137999999999995,23.238500000000002,48.7234625,67.61116249999998,1.9365999999999994,8.0956875,2.167875,19.271175,-0.008159085388675564,-1.0647056793321166
120.95,22.95,234.3535,SSP2-4.5,2041-2060,10.631900000000002,36.77329999999999,168.65910000000008,2.615500000000001,6.853400000000001,1.7810000000000006,10.8962,43.7322875,127.99146249999998,2.222725,7.597000000000001,2.1629125,16.601937500000002,-0.008159085388675564,-1.0015098989623252
120.95,23.0,232.8915,SSP2-4.5,2041-2060,22.695699999999988,31.412000000000006,222.22569999999996,2.7211999999999996,8.746599999999997,2.1431000000000004,10.388499999999999,37.545025,156.33006250000003,2.1944125000000003,6.752812500000001,1.9499875000000004,12.68895,-0.008159085388675564,-0.9383141185925338
120.95,23.05,232.9709,SSP2-4.5,2041-2060,17.500100000000003,32.0011,176.24770000000012,2.076900000000002,7.0638000000000005,1.8155000000000001,10.1077,37.5553875,144.56837500000003,1.9358374999999999,6.1946249999999985,1.9015000000000002,12.666099999999998,-0.008159085388675564,-0.8751183382227424
120.95,23.1,247.647,SSP2-4.5,2041-2060,13.410000000000025,42.2271,140.94209999999998,1.666999999999998,4.324099999999994,2.0740999999999996,13.7865,41.5916875,109.6836125000001,1.4968375000000003,5.1842749999999995,1.8383625000000001,15.1103375,-0.008159085388675564,-0.811922557852951
120.95,23.15,269.5686,SSP2-4.5,2041-2060,5.95920000000001,49.7522,101.94050000000016,1.277000000000001,3.322400000000002,1.5275999999999996,20.2173,49.0222625,79.25367500000004,1.2558499999999992,4.152587499999999,1.9745625000000002,18.62885,-0.008159085388675564,-0.748726777483164
120.95,23.2,300.2097,SSP2-4.5,2041-2060,-4.934199999999976,56.75,69.80420000000004,1.0569999999999986,3.719000000000001,2.3328000000000007,22.65,54.0883375,40.21956250000002,1.0190374999999996,4.102575,1.9698250000000002,22.3714,-0.008159085388675564,-0.6855309971133726
120.95,23.25,344.9796,SSP2-4.5,2041-2060,-12.737900000000025,57.81810000000001,49.848399999999856,1.0017999999999994,4.8931000000000004,1.4069000000000003,25.198099999999997,56.4721,16.24457499999994,0.8742249999999991,3.680375,2.185775,23.9170625,-0.008159085388675564,-0.6223352167435812
120.95,23.3,332.6699,SSP2-4.5,2041-2060,-11.669299999999964,60.60699999999999,53.61279999999988,0.9377999999999993,1.6602999999999994,2.0465999999999998,25.334600000000002,55.42445,0.2660874999999123,0.711374999999999,4.390725,1.9788749999999997,24.526425000000003,-0.008159085388675564,-0.5591394363737897
120.95,23.35,294.6614,SSP2-4.5,2041-2060,-11.275000000000034,55.844,24.789299999999912,0.6379999999999981,3.6413999999999973,2.2585999999999995,24.8019,54.576837499999996,10.926549999999935,0.6799874999999997,4.156674999999999,1.8006499999999999,24.3540625,-0.008159085388675564,-0.4959436560039983
120.95,23.4,277.6213,SSP2-4.5,2041-2060,-6.615700000000004,55.18849999999999,17.25759999999991,0.40390000000000015,4.263799999999996,2.5845000000000002,25.3942,52.2178875,18.994375000000076,0.6753499999999995,3.971549999999999,1.6256499999999998,23.862475000000003,-0.008159085388675564,-0.43274787563421135
120.95,23.45,284.7185,SSP2-4.5,2041-2060,0.25090000000000146,43.509600000000006,41.07520000000022,0.5591000000000008,2.101699999999994,1.9741,22.553800000000003,54.6296375,21.654575000000108,0.616975,3.1698125,1.7207,24.903575000000004,-0.008159085388675564,-0.3695520952644199
120.95,23.5,293.0801,SSP2-4.5,2041-2060,6.00139999999999,55.3988,59.563500000000204,0.5272000000000006,0.5033999999999992,1.996599999999999,27.028799999999997,57.329499999999996,13.079987500000186,0.5445375000000001,3.0937374999999987,1.9711249999999998,26.5817125,-0.008159085388675564,-0.3063563148946285
120.95,23.55,264.764,SSP2-4.5,2041-2060,1.0802999999999656,66.61089999999999,7.624500000000353,0.44480000000000075,3.265499999999996,2.6914,30.215400000000002,60.82315,3.274550000000147,0.5137750000000003,3.447612500000001,1.9795374999999995,28.747825,-0.008159085388675564,-0.24316053452483705
120.95,23.6,284.1808,SSP2-4.5,2041-2060,-10.599299999999971,52.863499999999995,-23.18239999999969,0.5605000000000011,4.298300000000005,1.944799999999999,24.742299999999997,66.89138750000001,-1.6938374999999155,0.5641125000000002,3.8592625,2.2607999999999997,31.897599999999997,-0.008159085388675564,-0.17996475415504562
120.95,23.65,282.0884,SSP2-4.5,2041-2060,-19.332499999999982,60.043,-7.5767000000000735,0.720600000000001,2.719000000000001,1.8190000000000008,27.730800000000002,66.337875,-0.3945999999999117,0.7112250000000002,3.9196125000000013,2.0487124999999997,32.601675,-0.008159085388675564,-0.11676897378525869
120.95,23.7,267.0414,SSP2-4.5,2041-2060,-18.532900000000012,56.3622,12.69800000000032,1.020100000000003,2.5638000000000005,1.7828,26.878800000000002,69.20325,-8.524349999999998,0.7115125,4.057550000000001,2.0316750000000003,34.747825,-0.008159085388675564,-0.053573193415467256
120.95,23.75,234.9577,SSP2-4.5,2041-2060,-11.286899999999974,69.9738,-21.58809999999994,0.7528000000000006,4.177599999999998,1.6241000000000003,35.9596,68.5046375,-24.344274999999953,0.6417000000000002,4.59245,1.9584000000000004,34.161775,-0.008159085388675564,0.009622586954324176
120.95,23.8,217.9916,SSP2-4.5,2041-2060,-1.7784000000000049,73.0524,-57.38850000000002,0.37349999999999994,4.651699999999998,2.1948000000000008,35.3981,68.86783750000001,-63.78412499999993,0.41141249999999996,4.837500000000001,1.8321124999999998,34.137499999999996,-0.008159085388675564,0.0728183673241156
120.95,23.85,229.2761,SSP2-4.5,2041-2060,9.931299999999993,73.3305,-102.23000000000002,0.1855000000000011,5.062100000000001,0.9276,36.7115,66.13875,-65.84302499999993,0.39132500000000014,4.402150000000001,1.729525,31.4279,-0.008159085388675564,0.13601414769390704
120.95,23.9,196.9245,SSP2-4.5,2041-2060,16.479100000000017,62.377199999999995,-55.560799999999745,0.420300000000001,4.022400000000005,1.4138000000000002,27.6096,65.56795,-52.52676249999999,0.48875,3.958425,1.3875,31.433175,-0.008159085388675564,0.19920992806369398
120.95,23.95,185.3342,SSP2-4.5,2041-2060,19.5343,65.4926,3.3164999999999054,0.7902999999999984,4.198300000000003,1.232800000000001,30.5942,64.6020375,-5.427137500000015,0.6968000000000001,3.9028124999999996,1.3176625000000002,31.174999999999997,-0.008159085388675564,0.26240570843348543
120.95,24.0,189.1248,SSP2-4.5,2041-2060,14.12990000000002,65.867,45.1884,0.6755999999999993,3.3706999999999994,1.7447999999999997,34.0423,65.888525,21.4957,0.8229499999999996,3.8890124999999998,1.1987,32.091825,-0.008159085388675564,0.32560148880327683
120.95,24.05,208.9561,SSP2-4.5,2041-2060,24.250799999999998,66.10679999999999,35.51040000000012,0.772199999999998,2.4964999999999975,1.3345000000000002,32.449999999999996,66.28120000000001,46.12436249999996,1.0504375000000001,4.1595,1.179725,32.9540875,-0.008159085388675564,0.3887972691730683
120.95,24.1,221.9666,SSP2-4.5,2041-2060,34.48999999999998,64.7287,44.54320000000007,1.3362000000000016,4.1913999999999945,0.6966000000000001,31.3731,64.6983875,49.73501250000001,1.2192124999999994,4.080175000000001,1.2570875,31.611537499999997,-0.008159085388675564,0.4519930495428597
120.95,24.15,244.2324,SSP2-4.5,2041-2060,29.894800000000004,61.4851,41.711199999999735,1.3515999999999977,3.2586000000000013,1.5844999999999985,29.9577,62.918775,62.24066250000004,1.3802500000000002,3.934925,1.2198125,29.907224999999997,-0.008159085388675564,0.5151888299126467
120.95,24.2,259.8112,SSP2-4.5,2041-2060,27.99770000000001,59.983799999999995,39.49000000000024,1.3740999999999985,1.979300000000002,0.9931000000000001,26.515399999999996,59.307100000000005,55.50438750000012,1.3754749999999998,3.3689625000000003,1.3721875,27.4827,-0.008159085388675564,0.578384610282438
120.95,24.25,269.7017,SSP2-4.5,2041-2060,26.449199999999962,54.752300000000005,24.94260000000031,1.5943000000000005,1.3483000000000018,1.1396999999999995,23.138499999999997,58.966825,41.74240000000009,1.2975499999999998,2.495237500000001,1.2273500000000002,27.6879875,-0.008159085388675564,0.6415803906522295
120.95,24.3,302.1375,SSP2-4.5,2041-2060,12.347700000000032,60.1489,-5.439300000000003,1.286200000000001,1.367200000000004,1.0500000000000007,29.694200000000002,57.436049999999994,30.58876250000003,1.3015249999999998,1.5355500000000015,1.0984875000000003,27.29015,-0.008159085388675564,0.704776171022021
120.95,24.35,321.8954,SSP2-4.5,2041-2060,-1.9178999999999746,59.265,43.82959999999957,1.0785000000000018,-0.40339999999999776,1.1224000000000007,30.459600000000002,58.1434625,12.600074999999947,1.1681249999999994,2.3040750000000028,1.0040875000000002,28.891099999999998,-0.008159085388675564,0.7679719513918124
120.95,24.4,287.059,SSP2-4.5,2041-2060,3.4551999999999907,56.8013,3.3058999999998377,1.1026999999999987,4.289700000000003,0.8741000000000003,28.519199999999998,57.784212499999995,27.126024999999856,1.0271750000000002,2.3454750000000004,0.9459124999999999,29.345425,-0.008159085388675564,0.8311677317615993
120.95,24.45,301.5276,SSP2-4.5,2041-2060,6.83159999999998,58.458999999999996,21.930599999999686,1.0040000000000013,4.546599999999998,0.8740999999999985,29.832699999999996,56.7007,9.939899999999938,0.9739999999999993,3.812075,0.7319000000000002,29.3781125,-0.008159085388675564,0.8943635121313908
120.95,24.5,291.8077,SSP2-4.5,2041-2060,5.522099999999966,56.9753,-12.271500000000287,0.9318999999999988,2.8482999999999947,0.5103000000000009,31.0173,57.345175,-4.013587500000028,0.9605750000000004,4.054312499999999,0.24073749999999983,30.502175,-0.008159085388675564,0.9575592925011822
120.95,24.55,261.5396,SSP2-4.5,2041-2060,-15.855400000000003,60.6389,-33.054999999999836,1.000200000000003,1.0069000000000017,-0.5327999999999999,34.4327,57.483275,-21.20863750000001,0.8921999999999994,4.270912499999999,0.013375000000000137,32.0038625,-0.008159085388675564,1.0207550728709736
120.95,24.6,233.6375,SSP2-4.5,2041-2060,-15.514099999999985,57.854699999999994,-29.035499999999956,0.9135999999999989,2.6861999999999995,-0.008599999999999497,34.5577,58.657475000000005,-4.651712499999974,0.8930375000000006,3.7299625,-0.24397500000000027,33.825487499999994,-0.008159085388675564,1.0839508532407651
120.95,24.65,207.5133,SSP2-4.5,2041-2060,-11.515599999999978,57.695,42.713900000000194,0.9600000000000009,3.8397000000000006,-0.5327999999999999,34.1654,59.224325,21.732425000000006,0.8807375,3.492025,-0.28815000000000013,34.6197125,-0.008159085388675564,1.147146633610552
120.95,24.7,171.6327,SSP2-4.5,2041-2060,-3.907100000000014,61.670500000000004,72.28099999999995,0.8064999999999998,2.3740999999999985,-0.3827999999999996,35.9712,59.7346,39.77947500000002,0.8430500000000007,1.290937500000001,-0.3771625000000004,35.094475,-0.008159085388675564,1.2103424139803434
120.95,24.75,131.9503,SSP2-4.5,2041-2060,4.772999999999996,61.0321,34.32400000000007,0.6938000000000031,-11.632800000000003,-0.10170000000000012,35.7462,60.766375,50.38571250000001,0.7076124999999998,3.177150000000001,-0.45840000000000003,35.538,-0.008159085388675564,1.273538194350135
120.95,24.8,131.9864,SSP2-4.5,2041-2060,6.167299999999983,60.424299999999995,52.43209999999999,0.4922000000000004,4.0931,-0.17409999999999926,35.313500000000005,60.364887499999995,43.2095875,0.6381749999999999,1.3607750000000012,-0.3064625000000003,35.7740625,-0.008159085388675564,1.3367339747199263
120.95,24.85,128.2105,SSP2-4.5,2041-2060,6.399400000000014,58.433499999999995,40.6090999999999,0.5355999999999987,4.9724,-0.19140000000000068,35.1673,59.31035,47.51428750000002,0.7188499999999998,3.750437500000001,-0.37306249999999974,35.1043375,-0.008159085388675564,1.3999297550897176
120.95,24.9,128.708,SSP2-4.5,2041-2060,6.698499999999996,57.9863,71.01890000000003,1.0721999999999987,1.6534000000000049,-0.34830000000000005,34.4577,58.1191125,45.1406375,0.7774000000000001,5.1719875,-0.30712499999999987,34.580775,-0.008159085388675564,1.4631255354595045
121.0,22.55,233.2394,SSP2-4.5,2041-2060,-19.106299999999976,62.839099999999995,6.084700000000112,0.7255000000000003,11.7914,2.1189999999999998,28.090399999999995,59.306287499999996,-3.8684749999999894,0.7794500000000006,11.065075,2.71615,27.7783625,0.09753475469254576,-1.5070761419206478
121.0,22.6,228.2414,SSP2-4.5,2041-2060,-19.81389999999999,63.3683,7.889400000000023,0.8146000000000022,10.6741,2.0447999999999995,28.682700000000004,60.3220625,-24.281787499999922,0.6204625000000004,9.9221875,2.6413875,28.0086625,0.09753475469254576,-1.4438803615508562
121.0,22.65,255.3947,SSP2-4.5,2041-2060,-19.29159999999999,60.393600000000006,18.551500000000033,0.7169999999999987,9.536199999999997,2.5671999999999997,28.498099999999997,60.150437499999995,-47.457937499999986,0.5802624999999999,8.9868375,2.6329874999999996,27.062025000000002,0.09753475469254576,-1.3806845811810693
121.0,22.7,283.8308,SSP2-4.5,2041-2060,-27.289199999999994,60.57430000000001,30.467800000000125,0.7859999999999978,10.520699999999998,3.019,29.071200000000005,60.153075,-34.93332499999997,0.6034875,8.617450000000002,2.54635,27.0947125,0.09753475469254576,-1.317488800811278
121.0,22.75,295.801,SSP2-4.5,2041-2060,-32.11759999999998,63.025800000000004,29.800500000000284,0.8927000000000014,10.000000000000004,3.0309999999999997,29.4308,58.1776875,-19.219724999999983,0.852325,8.3648625,2.5650999999999997,26.03725,0.09753475469254576,-1.2542930204414864
121.0,22.8,290.8779,SSP2-4.5,2041-2060,-32.1268,60.76199999999999,-7.579099999999926,1.4242999999999988,8.2793,2.753399999999999,27.3115,58.8870125,0.2543124999999975,1.2750000000000004,8.7463125,2.422425,26.393987499999998,0.09753475469254576,-1.191097240071695
121.0,22.85,280.0154,SSP2-4.5,2041-2060,-20.587199999999996,60.4413,3.1300999999998567,2.214299999999998,8.5379,1.9482999999999997,26.6462,58.0112,38.63027499999998,1.8101999999999996,8.465074999999999,2.4346875,25.6569625,0.09753475469254576,-1.1279014597019037
121.0,22.9,269.019,SSP2-4.5,2041-2060,2.350500000000011,57.221399999999996,106.5268000000001,2.896699999999999,7.155200000000001,2.3602999999999987,25.2962,52.993775,101.47963749999994,2.3013874999999993,7.755375000000001,2.2922375,21.7863125,0.09753475469254576,-1.0647056793321166
121.0,22.95,260.8454,SSP2-4.5,2041-2060,34.108100000000036,38.165,246.97879999999986,3.477499999999999,4.700000000000003,2.8138000000000005,12.0654,48.71925,159.5060875,2.596625,7.22695,2.1663625,19.5029,0.09753475469254576,-1.0015098989623252
121.0,23.0,243.1891,SSP2-4.5,2041-2060,29.23290000000003,37.49720000000001,248.0854999999999,3.2375000000000007,4.584500000000002,2.094800000000001,12.726899999999999,40.792075,189.75145,2.519,6.588362499999999,2.0655125,14.5358375,0.09753475469254576,-0.9383141185925338
121.0,23.05,229.3887,SSP2-4.5,2041-2060,21.08510000000001,37.2274,199.02060000000006,2.3309999999999995,6.286199999999997,1.75,12.788499999999999,42.831487499999994,175.5639,2.2151625,5.799787499999999,2.0409375,15.4182625,0.09753475469254576,-0.8751183382227424
121.0,23.1,224.4784,SSP2-4.5,2041-2060,18.927300000000002,45.0064,158.8483000000001,1.7973999999999997,3.4913999999999987,2.2224000000000004,15.175,45.211325,140.473725,1.7305249999999996,5.461637499999998,2.0909375,16.5538375,0.09753475469254576,-0.811922557852951
121.0,23.15,227.905,SSP2-4.5,2041-2060,14.5308,48.75279999999999,131.3313999999998,1.462299999999999,4.041399999999996,2.6655000000000015,17.3577,51.624375,114.82768750000002,1.5131499999999996,4.862075,2.2415875,19.78725,0.09753475469254576,-0.748726777483164
121.0,23.2,240.4428,SSP2-4.5,2041-2060,9.501000000000005,53.6746,135.68280000000004,1.8629999999999995,5.272400000000001,2.3552,21.238500000000002,54.905325000000005,82.13873749999999,1.3598624999999998,5.322850000000001,2.2950375000000003,22.4437375,0.09753475469254576,-0.6855309971133726
121.0,23.25,273.4078,SSP2-4.5,2041-2060,-6.5429000000000315,57.8404,68.69880000000012,1.7078999999999986,4.1448,2.706899999999999,24.9115,54.11659999999999,65.26278749999992,1.3117874999999994,5.472837500000001,2.2323250000000003,23.026925,0.09753475469254576,-0.6223352167435812
121.0,23.3,255.5978,SSP2-4.5,2041-2060,-19.403500000000008,48.113499999999995,31.34519999999975,1.1073999999999984,4.405200000000001,2.0534,21.7865,53.6450875,44.16147499999994,1.1467124999999996,5.481237499999999,2.0999999999999996,23.8798,0.09753475469254576,-0.5591394363737897
121.0,23.35,232.374,SSP2-4.5,2041-2060,-19.595100000000002,43.2423,19.93209999999999,0.7194000000000003,6.1861999999999995,1.3396999999999988,21.1615,52.937374999999996,37.82833749999992,0.8806999999999992,4.857974999999998,2.0183125,23.656,0.09753475469254576,-0.4959436560039983
121.0,23.4,219.7043,SSP2-4.5,2041-2060,-13.075400000000002,48.975899999999996,30.0159000000001,0.5495000000000019,4.6240999999999985,1.1483000000000008,22.4269,49.991375,43.50082499999999,0.6941249999999997,4.125437499999998,1.8333999999999997,23.094212499999998,0.09753475469254576,-0.43274787563421135
121.0,23.45,223.7154,SSP2-4.5,2041-2060,-2.772999999999996,47.0051,64.60230000000001,0.6056999999999988,2.0878999999999976,1.6137999999999995,21.328799999999998,50.3378625,52.69315000000006,0.5802,2.8663624999999984,1.8564749999999999,23.635312499999998,0.09753475469254576,-0.3695520952644199
121.0,23.5,235.9735,SSP2-4.5,2041-2060,1.7028999999999996,51.49569999999999,69.81449999999995,0.5345000000000013,1.0379000000000005,1.9430999999999994,23.0038,51.8488375,50.629675000000134,0.5554875000000004,2.151487499999998,2.1138125,24.4269125,0.09753475469254576,-0.3063563148946285
121.0,23.55,239.3606,SSP2-4.5,2041-2060,2.404200000000003,59.2852,36.171400000000176,0.4720000000000013,2.877599999999994,2.6258999999999997,26.165399999999998,55.1978875,34.071625000000125,0.5620000000000003,2.762262500000001,2.0581999999999994,25.896625,0.09753475469254576,-0.24316053452483705
121.0,23.6,244.608,SSP2-4.5,2041-2060,-4.254800000000017,65.42410000000001,2.289800000000014,0.6429999999999971,4.8086000000000055,1.8068999999999988,32.3635,59.066312499999995,14.790487500000125,0.5976750000000011,3.183625,2.0804,27.2605875,0.09753475469254576,-0.17996475415504562
121.0,23.65,252.8218,SSP2-4.5,2041-2060,-15.145700000000005,69.1596,-6.143900000000031,0.676400000000001,2.4052000000000007,1.7913999999999994,34.1,60.996012500000006,6.704025000000087,0.7138750000000003,3.755175000000002,1.682325,29.41755,0.09753475469254576,-0.11676897378525869
121.0,23.7,255.6359,SSP2-4.5,2041-2060,-19.967600000000004,72.0725,-6.385600000000068,0.7642999999999986,3.970700000000001,1.2672000000000008,36.0231,64.9090375,0.7333000000000425,0.7138250000000004,3.717462500000001,1.6737125,32.4019125,0.09753475469254576,-0.053573193415467256
121.0,23.75,236.0405,SSP2-4.5,2041-2060,-13.767899999999997,66.8376,-20.717399999999998,0.6453999999999986,6.217200000000005,1.5809999999999995,35.6019,68.0716,-23.119737499999985,0.6233500000000003,4.783624999999999,1.5715500000000002,34.2963875,0.09753475469254576,0.009622586954324176
121.0,23.8,228.8837,SSP2-4.5,2041-2060,-5.614699999999999,70.2193,-96.52449999999999,0.3111999999999995,7.758599999999994,1.9914000000000005,35.580799999999996,68.40355,-61.683562499999965,0.4217125000000004,5.011,1.4887875,34.595425000000006,0.09753475469254576,0.0728183673241156
121.0,23.85,254.3969,SSP2-4.5,2041-2060,5.409200000000027,65.1099,-180.98189999999977,-0.027499999999999858,4.089700000000001,1.8861999999999988,32.3981,66.105725,-74.63012499999999,0.39697500000000074,5.9168125,1.4275875000000002,32.4339,0.09753475469254576,0.13601414769390704
121.0,23.9,211.885,SSP2-4.5,2041-2060,13.112200000000001,62.157300000000006,-135.30470000000014,0.32420000000000115,7.5017,0.9672000000000001,30.6577,63.726275,-59.387149999999934,0.5194750000000004,5.3483,1.4383625,30.928125,0.09753475469254576,0.19920992806369398
121.0,23.95,184.7052,SSP2-4.5,2041-2060,22.964100000000002,66.78219999999999,-42.86959999999999,0.7241,6.968999999999994,1.4017,32.52120000000001,61.781575000000004,-9.517025000000046,0.7901374999999997,5.5426875,1.5224000000000002,30.068262500000003,0.09753475469254576,0.26240570843348543
121.0,24.0,216.031,SSP2-4.5,2041-2060,32.9632,66.8331,55.22589999999991,1.133499999999998,4.670700000000004,1.9724000000000004,33.599999999999994,62.4614,31.548062500000015,1.0086249999999994,5.309712499999999,1.4790750000000001,30.1680125,0.09753475469254576,0.32560148880327683
121.0,24.05,236.8337,SSP2-4.5,2041-2060,41.46639999999999,64.4738,86.31620000000021,1.3565000000000005,4.050000000000004,1.5602999999999998,31.5288,63.1788875,68.88288749999992,1.2563999999999993,4.8984999999999985,1.468525,30.392775,0.09753475469254576,0.3887972691730683
121.0,24.1,256.4605,SSP2-4.5,2041-2060,39.799199999999985,66.41919999999999,137.67969999999968,1.7623999999999995,2.9534999999999982,1.3948,32.3038,59.671749999999996,79.94910000000004,1.4488749999999992,5.396112499999999,1.2236999999999998,27.275949999999998,0.09753475469254576,0.4519930495428597
121.0,24.15,278.4557,SSP2-4.5,2041-2060,26.967100000000016,56.28680000000001,110.80300000000034,1.8356999999999992,6.529299999999999,1.1103000000000005,23.686499999999995,59.048737499999994,89.25296249999991,1.5551749999999998,4.861849999999999,1.2562499999999996,26.5947125,0.09753475469254576,0.5151888299126467
121.0,24.2,281.4165,SSP2-4.5,2041-2060,23.78280000000001,58.43869999999999,81.1864999999998,1.2503000000000029,5.015499999999996,1.7947999999999986,25.1135,54.587725000000006,85.17758750000013,1.6442999999999994,4.895462500000001,1.0885749999999998,23.154799999999998,0.09753475469254576,0.578384610282438
121.0,24.25,322.664,SSP2-4.5,2041-2060,23.8005,49.69,61.433100000000195,1.4591999999999992,5.8155,0.6172000000000004,20.0442,54.571125,56.895550000000014,1.4821375000000003,3.862912500000001,1.2689625,23.40265,0.09753475469254576,0.6415803906522295
121.0,24.3,337.0487,SSP2-4.5,2041-2060,16.9178,51.1591,8.901699999999892,1.2202999999999982,4.953400000000002,1.2103000000000002,21.7885,52.990737499999994,36.58771249999995,1.3991500000000006,2.7107750000000017,0.9280250000000001,22.758650000000003,0.09753475469254576,0.704776171022021
121.0,24.35,312.3891,SSP2-4.5,2041-2060,2.782100000000014,52.73219999999999,10.771499999999833,1.0074000000000005,1.2516999999999996,0.5396999999999998,22.1096,53.521049999999995,15.316449999999804,1.1834249999999997,2.708837500000003,0.9709000000000003,24.425,0.09753475469254576,0.7679719513918124
121.0,24.4,298.9119,SSP2-4.5,2041-2060,0.7490999999999985,53.857899999999994,24.08809999999994,0.5866000000000007,3.2103000000000037,0.9069000000000003,26.251900000000003,53.4801125,24.853512499999795,1.0356125,2.473950000000001,0.939875,24.481,0.09753475469254576,0.8311677317615993
121.0,24.45,317.0633,SSP2-4.5,2041-2060,0.7818999999999505,50.3849,19.414800000000014,0.4991000000000021,1.6706999999999965,1.1552000000000007,22.744200000000003,52.758287499999994,11.402862499999856,0.9471499999999993,3.8079875000000003,0.7318875,24.911537499999998,0.09753475469254576,0.8943635121313908
121.0,24.5,319.3667,SSP2-4.5,2041-2060,-2.788499999999999,49.1436,-42.07659999999987,0.8938999999999986,6.100000000000001,0.08970000000000056,21.5712,53.63905,-11.6282250000001,0.9004250000000007,3.9737124999999986,0.5443749999999998,26.5028875,0.09753475469254576,0.9575592925011822
121.0,24.55,305.1535,SSP2-4.5,2041-2060,-6.194500000000005,55.5097,-70.84870000000001,0.9339000000000013,6.460300000000004,-0.09830000000000005,29.396200000000004,54.8535875,-31.03404999999998,0.8811374999999999,4.2030249999999985,0.23965000000000014,28.738475,0.09753475469254576,1.0207550728709736
121.0,24.6,252.4526,SSP2-4.5,2041-2060,-3.990899999999982,59.60980000000001,-21.652599999999893,0.5676999999999985,5.562099999999994,-0.02239999999999931,34.3058,57.129275,-12.837449999999933,0.9085750000000008,4.040950000000001,0.1185124999999998,32.251925,0.09753475469254576,1.0839508532407651
121.0,24.65,214.3513,SSP2-4.5,2041-2060,-7.590599999999995,58.6696,45.37259999999992,0.9962000000000018,3.7638000000000034,-0.12590000000000146,35.1365,58.657799999999995,22.429612500000076,0.8006875,3.668549999999999,-0.04656249999999984,34.3122625,0.09753475469254576,1.147146633610552
121.0,24.7,179.7886,SSP2-4.5,2041-2060,-5.743500000000012,60.33489999999999,51.30430000000001,0.9123000000000019,3.8896999999999977,-0.7447999999999997,36.025,59.4891625,43.970512499999984,0.8504875000000003,0.8874874999999998,-0.21145000000000036,35.294,0.09753475469254576,1.2103424139803434
121.0,24.75,146.3956,SSP2-4.5,2041-2060,6.095400000000012,60.911699999999996,40.72689999999989,0.9512999999999998,1.4241000000000028,-0.18450000000000077,36.3404,60.27301249999999,46.543274999999994,0.7728625000000005,1.0814624999999989,-0.37563750000000007,35.74521250000001,0.09753475469254576,1.273538194350135
121.0,24.8,140.3764,SSP2-4.5,2041-2060,9.244799999999998,60.6414,49.82140000000004,0.7139999999999986,3.1845,-0.3741000000000003,35.5,59.6691375,37.097012500000005,0.747125,1.2239125000000008,-0.3079750000000002,35.55435,0.09753475469254576,1.3367339747199263
121.0,24.85,133.1036,SSP2-4.5,2041-2060,10.137699999999995,58.89620000000001,33.02629999999999,0.6964000000000006,4.491400000000006,-0.09310000000000063,34.8962,58.481725,45.05458750000005,0.8161874999999998,4.207537500000001,-0.26961250000000003,34.8963875,0.09753475469254576,1.3999297550897176
121.0,24.9,136.3656,SSP2-4.5,2041-2060,6.721000000000004,57.1203,31.693199999999933,0.6892000000000031,6.2517,-0.2430999999999992,34.0538,56.516525,56.19946250000004,1.0144249999999997,5.2995625,-0.12350000000000005,33.737750000000005,0.09753475469254576,1.4631255354595045
121.0,24.95,138.7093,SSP2-4.5,2041-2060,1.7017999999999915,56.24379999999999,55.94049999999993,0.9367000000000019,7.770699999999998,-0.5068999999999999,32.7462,55.22211250000001,56.05032499999999,1.1134249999999999,5.595675000000001,-0.049349999999999894,33.2927875,0.09753475469254576,1.526321315829296
121.0,25.0,142.3879,SSP2-4.5,2041-2060,1.7723000000000013,53.5795,38.04279999999994,1.0304000000000002,8.508600000000001,-0.5414000000000003,32.3962,54.003937500000006,74.4307,1.3784500000000004,5.821774999999999,-0.20084999999999953,32.715387500000006,0.09753475469254576,1.5895170961990874
121.05,22.65,227.0661,SSP2-4.5,2041-2060,-21.357200000000006,62.66109999999999,-14.171299999999974,0.9112000000000009,10.780999999999999,1.7344999999999997,28.8981,61.0690125,-13.956712499999952,0.6836375000000001,9.5823125,2.4372875,27.818037500000003,0.2032285947737671,-1.3806845811810693
121.05,22.7,229.6971,SSP2-4.5,2041-2060,-22.279500000000013,62.0391,4.7150000000001455,0.6785999999999994,8.982800000000005,1.7569,27.053800000000003,61.36005,1.3264625000000194,0.7977499999999997,9.367225,2.3877125,28.131037499999998,0.2032285947737671,-1.317488800811278
121.05,22.75,241.0917,SSP2-4.5,2041-2060,-24.387699999999995,61.8395,12.375700000000052,0.7048000000000023,9.530999999999999,2.0259,27.882699999999996,61.916525,25.543487500000083,1.0449000000000002,8.96745,2.3616249999999996,28.681975,0.2032285947737671,-1.2542930204414864
121.05,22.8,266.0909,SSP2-4.5,2041-2060,-23.781399999999962,62.232699999999994,32.63830000000007,1.2672000000000025,8.708599999999997,2.586199999999999,29.6096,60.9423625,28.179825000000022,1.3092625000000004,8.5885625,2.3174499999999996,28.2516875,0.2032285947737671,-1.191097240071695
121.05,22.85,291.6802,SSP2-4.5,2041-2060,-22.89620000000002,63.38119999999999,52.12299999999982,1.8233999999999995,8.6741,2.4414,29.232699999999998,59.26035,48.405225,1.7862624999999999,8.6394375,2.330587499999999,27.423074999999997,0.2032285947737671,-1.1279014597019037
121.05,22.9,281.962,SSP2-4.5,2041-2060,-9.867399999999975,62.6646,132.10989999999993,2.417099999999998,8.732800000000005,2.5516999999999985,28.428800000000003,55.072987499999996,90.65744999999995,2.1443499999999998,8.048275,2.315725,24.0858375,0.2032285947737671,-1.0647056793321166
121.05,22.95,248.7601,SSP2-4.5,2041-2060,7.543399999999991,48.5999,176.06600000000003,2.3760000000000012,6.148299999999999,2.4810000000000008,18.730800000000002,54.3170125,141.91731249999998,2.3934999999999995,7.542037500000002,2.3103375,23.084625,0.2032285947737671,-1.0015098989623252
121.05,23.0,231.4066,SSP2-4.5,2041-2060,10.595300000000009,60.720699999999994,174.71350000000007,2.5227000000000004,6.529299999999999,1.8051999999999992,26.3173,46.6678,164.93101249999998,2.2315375,6.4549625,2.2381375000000006,18.0375125,0.2032285947737671,-0.9383141185925338
121.05,23.05,226.0089,SSP2-4.5,2041-2060,7.867699999999985,41.43719999999999,154.10019999999986,2.0311999999999983,6.379299999999997,1.9344999999999999,14.992300000000002,50.338175,149.76200000000003,1.955375,5.869399999999999,2.1034375,19.8466375,0.2032285947737671,-0.8751183382227424
121.05,23.1,222.386,SSP2-4.5,2041-2060,8.27600000000001,52.350199999999994,129.3481999999999,1.6674000000000007,5.279299999999999,2.2379,19.8519,50.599149999999995,120.8252,1.5904874999999996,5.752812499999998,2.2484875000000004,19.7908625,0.2032285947737671,-0.811922557852951
121.05,23.15,228.6602,SSP2-4.5,2041-2060,1.8885999999999967,57.9426,90.85910000000013,1.3313999999999986,6.996600000000001,2.7223999999999995,23.3288,54.37755,106.74158749999995,1.4868125,5.336650000000001,2.3428875000000002,21.3887,0.2032285947737671,-0.748726777483164
121.05,23.2,215.6993,SSP2-4.5,2041-2060,-2.31219999999999,55.291900000000005,91.19629999999984,1.4450000000000003,6.491400000000002,2.4603,22.050000000000004,55.856674999999996,83.62365,1.533725,6.498925000000001,2.4851375,22.7841125,0.2032285947737671,-0.6855309971133726
121.05,23.25,211.5235,SSP2-4.5,2041-2060,-6.404600000000016,55.0946,53.43119999999999,1.5965000000000025,8.9741,2.5379000000000005,23.8365,52.71747499999999,71.81019999999995,1.5657874999999992,6.793100000000001,2.4362,22.23485,0.2032285947737671,-0.6223352167435812
121.05,23.3,207.615,SSP2-4.5,2041-2060,-9.553200000000004,45.583099999999995,37.18139999999994,1.4857999999999976,8.367199999999997,2.6654999999999998,22.1212,53.2009875,59.106612499999954,1.4333250000000002,6.579524999999999,2.2530124999999996,23.536524999999997,0.2032285947737671,-0.5591394363737897
121.05,23.35,199.6455,SSP2-4.5,2041-2060,-13.445099999999996,53.13119999999999,45.797799999999825,1.086500000000001,5.9827999999999975,1.8378999999999994,23.673099999999998,52.114225,59.409112499999964,1.1908749999999995,6.151074999999999,2.06465,23.669475,0.2032285947737671,-0.4959436560039983
121.05,23.4,191.6569,SSP2-4.5,2041-2060,-10.76860000000002,56.0558,62.62670000000003,0.8366999999999969,5.918999999999997,1.5517000000000003,23.7096,52.3679375,67.44242499999999,0.9357625000000005,4.5491375000000005,1.7689749999999997,23.773325,0.2032285947737671,-0.43274787563421135
121.05,23.45,190.2957,SSP2-4.5,2041-2060,-4.640500000000003,45.9545,71.92560000000003,0.7037000000000013,2.820700000000002,1.5069,22.1308,52.051537499999995,74.15222499999999,0.7559124999999995,3.537275,1.793325,23.482687499999997,0.2032285947737671,-0.3695520952644199
121.05,23.5,195.1576,SSP2-4.5,2041-2060,-1.523600000000016,46.12409999999999,69.26620000000003,0.5269999999999975,1.6602999999999994,2.1465999999999994,22.834600000000002,50.7752,72.1624875,0.6611500000000006,2.6099125,1.9250125,22.8367875,0.2032285947737671,-0.3063563148946285
121.05,23.55,201.5322,SSP2-4.5,2041-2060,-0.4314999999999998,50.9025,54.808700000000044,0.6044000000000018,1.8948000000000036,2.3552,23.157700000000002,51.7045375,57.73893750000002,0.6306125000000002,3.090725,1.931475,24.1004875,0.2032285947737671,-0.24316053452483705
121.05,23.6,207.0804,SSP2-4.5,2041-2060,-1.8305000000000007,52.7635,32.3882000000001,0.6546000000000021,4.629300000000001,1.5810000000000013,23.826900000000002,55.600012500000005,41.10987500000007,0.6636500000000005,3.3806000000000003,1.9745875,26.17695,0.2032285947737671,-0.17996475415504562
121.05,23.65,216.5508,SSP2-4.5,2041-2060,-7.71380000000002,60.902300000000004,24.234100000000126,0.6480999999999995,3.3793000000000006,1.8345000000000002,28.1462,59.41305,29.51686250000003,0.7262,3.864225000000001,1.6362,29.1372625,0.2032285947737671,-0.11676897378525869
121.05,23.7,233.9575,SSP2-4.5,2041-2060,-15.887400000000014,67.537,19.166799999999967,0.6997999999999998,3.672400000000003,1.4223999999999997,35.6288,62.858125,23.250875000000036,0.7022499999999994,3.9754375,1.5898750000000001,31.2533625,0.2032285947737671,-0.053573193415467256
121.05,23.75,243.289,SSP2-4.5,2041-2060,-15.859499999999997,68.4568,5.793599999999969,0.5473999999999997,4.605199999999996,1.5344999999999995,35.169200000000004,65.2462,1.9316125,0.6371499999999992,5.098275,1.4237125000000002,33.163925,0.2032285947737671,0.009622586954324176
121.05,23.8,226.6518,SSP2-4.5,2041-2060,-9.719400000000007,66.8988,-40.72960000000012,0.5177000000000014,6.869,0.7552000000000003,33.732699999999994,62.877624999999995,-30.63388749999993,0.5074374999999995,5.2144375,1.436,31.7550375,0.2032285947737671,0.0728183673241156
121.05,23.85,227.46,SSP2-4.5,2041-2060,-2.3271000000000015,63.5686,-75.62659999999983,0.37890000000000157,4.4155000000000015,1.4069000000000003,31.7923,61.1337125,-47.96222499999996,0.5431375000000003,6.483624999999999,1.2118625,30.0793375,0.2032285947737671,0.13601414769390704
121.05,23.9,222.2441,SSP2-4.5,2041-2060,4.756399999999985,57.2417,-33.67630000000008,0.6645000000000003,7.0535,1.7637999999999998,27.9885,59.4881625,-36.00834999999989,0.7095625000000005,6.249362499999999,1.0571000000000002,28.930300000000003,0.2032285947737671,0.19920992806369398
121.05,23.95,236.7169,SSP2-4.5,2041-2060,22.87529999999998,55.907500000000006,12.531500000000051,1.0197000000000003,6.975899999999996,1.4741,27.8096,60.089325,6.177675000000022,0.9913500000000002,6.684712499999999,1.2510625000000004,29.218762499999997,0.2032285947737671,0.26240570843348543
121.05,24.0,249.6501,SSP2-4.5,2041-2060,30.625599999999963,58.376200000000004,32.143299999999726,1.2929999999999993,6.548299999999998,1.6103000000000005,28.2442,59.4046125,51.64075000000008,1.2546,6.46855,1.2706625,28.26225,0.2032285947737671,0.32560148880327683
121.05,24.05,247.8418,SSP2-4.5,2041-2060,37.48589999999999,56.685100000000006,80.2478000000001,1.4375999999999998,7.869,1.4741,24.1538,60.017825,85.93984999999992,1.4990124999999996,5.893324999999999,1.3096750000000001,28.260075,0.2032285947737671,0.3887972691730683
121.05,24.1,264.8585,SSP2-4.5,2041-2060,40.22090000000003,60.415,120.52439999999979,1.640699999999999,7.087899999999998,1.5206999999999997,26.975,55.889675,104.92433750000004,1.6895249999999997,6.456687499999999,0.9256249999999999,24.555262499999998,0.2032285947737671,0.4519930495428597
121.05,24.15,276.5115,SSP2-4.5,2041-2060,31.527600000000007,47.1927,119.9366,1.8604999999999983,7.6861999999999995,0.5085999999999995,18.0827,55.086862499999995,119.48252499999995,1.7436375000000002,6.1618499999999985,1.1637875000000002,23.8386875,0.2032285947737671,0.5151888299126467
121.05,24.2,296.6736,SSP2-4.5,2041-2060,28.298900000000003,53.7267,128.95209999999997,1.8656000000000006,6.7224,1.5569000000000006,22.436500000000002,50.907675000000005,125.5232625000001,1.7526249999999997,6.334037499999999,1.0028,20.629075,0.2032285947737671,0.578384610282438
121.05,24.25,308.0691,SSP2-4.5,2041-2060,31.2217,53.58440000000001,154.15210000000025,1.8134000000000015,5.824100000000001,1.1982999999999997,21.3769,49.808975000000004,92.15451249999995,1.6191375,5.3336,1.1239125,20.295187499999997,0.2032285947737671,0.6415803906522295
121.05,24.3,333.5907,SSP2-4.5,2041-2060,31.6361,44.775099999999995,22.978699999999662,1.4528999999999996,3.693100000000001,1.2086000000000006,17.157700000000002,49.1894,62.165937499999984,1.5405000000000002,4.0726125,0.7282374999999999,19.775725,0.2032285947737671,0.704776171022021
121.05,24.35,308.0292,SSP2-4.5,2041-2060,25.797500000000014,48.978,-19.9666000000002,1.5013000000000005,2.7897000000000034,0.5482999999999993,18.0885,48.736999999999995,28.573862499999905,1.2791000000000001,2.990500000000001,0.7713375000000002,20.467075,0.2032285947737671,0.7679719513918124
121.05,24.4,289.6841,SSP2-4.5,2041-2060,14.978099999999984,53.1831,44.83349999999973,1.2388999999999974,1.770700000000005,0.8466000000000005,23.440399999999997,48.767587500000005,25.342687499999954,1.0989625000000003,2.3346999999999998,0.8629375000000001,20.574275,0.2032285947737671,0.8311677317615993
121.05,24.45,294.0646,SSP2-4.5,2041-2060,12.816700000000026,48.0374,74.70879999999988,0.852999999999998,3.8759000000000015,1.5586000000000002,20.6538,48.905525,15.779762500000004,1.0667999999999997,3.4859875000000002,0.7810375000000003,21.0610625,0.2032285947737671,0.8943635121313908
121.05,24.5,317.0719,SSP2-4.5,2041-2060,5.337799999999959,45.6087,-23.295900000000074,0.9662000000000006,3.8223999999999947,0.19479999999999897,18.0058,50.14925,-2.0259375000000546,1.0113249999999998,5.083612500000001,0.8146500000000003,22.935825,0.2032285947737671,0.9575592925011822
121.05,24.55,334.6958,SSP2-4.5,2041-2060,11.389899999999955,53.49850000000001,-69.60890000000018,1.0151000000000003,7.558599999999998,0.6930999999999994,25.940399999999997,52.03705,-14.801512500000001,0.9287999999999998,5.7657375,0.6256375000000003,25.620687500000003,0.2032285947737671,1.0207550728709736
121.05,24.6,295.7651,SSP2-4.5,2041-2060,0.009399999999970987,55.4992,-17.27639999999974,0.7605000000000004,4.039700000000003,0.9931000000000001,30.076900000000002,55.93933750000001,-0.41526250000006826,0.8394750000000002,5.440087500000001,0.6368375,30.6992875,0.2032285947737671,1.0839508532407651
121.05,24.65,221.7964,SSP2-4.5,2041-2060,-0.700099999999992,57.6686,29.038400000000138,0.6890999999999998,2.9724000000000004,0.5602999999999998,34.3096,57.3794,30.690774999999974,0.8249500000000003,4.217275000000001,0.3474124999999999,33.393024999999994,0.2032285947737671,1.147146633610552
121.05,24.7,182.9404,SSP2-4.5,2041-2060,-4.236400000000003,58.929700000000004,52.0637999999999,0.7957999999999998,3.984499999999997,-0.2345000000000006,35.0865,58.2726,41.921599999999955,0.8947250000000002,2.980825000000001,-0.0629375000000002,34.97525,0.2032285947737671,1.2103424139803434
121.05,24.75,161.2503,SSP2-4.5,2041-2060,2.404299999999978,59.336099999999995,35.24349999999981,0.9111999999999973,0.37409999999999854,-0.6897000000000002,35.596199999999996,58.7318875,38.508087500000016,0.8724000000000003,3.4847125000000005,-0.36571250000000033,35.345675,0.2032285947737671,1.273538194350135
121.05,24.8,152.8326,SSP2-4.5,2041-2060,9.899299999999982,59.8151,24.87610000000018,0.8571000000000026,2.3845000000000027,-0.3034000000000008,36.7231,58.2841375,31.801625,0.8692624999999992,3.5698250000000007,-0.39095000000000024,34.7675625,0.2032285947737671,1.3367339747199263
121.05,24.85,141.2455,SSP2-4.5,2041-2060,8.315100000000001,58.5041,35.53810000000021,0.8393999999999977,3.6845,-0.7258999999999993,34.651900000000005,57.0691875,37.99448750000005,0.9721000000000006,5.0599125,-0.12498750000000036,34.199525,0.2032285947737671,1.3999297550897176
121.05,24.9,136.1488,SSP2-4.5,2041-2060,8.025300000000016,54.9288,54.44780000000014,1.3297999999999988,7.4361999999999995,0.20339999999999936,33.3038,55.8052625,49.706387500000005,1.0530375000000003,5.579087499999999,-0.06486249999999971,33.38535,0.2032285947737671,1.4631255354595045
121.05,24.95,139.4281,SSP2-4.5,2041-2060,8.659300000000002,52.9617,79.05809999999997,1.1605999999999987,6.493099999999998,0.39830000000000076,32.3327,54.4196625,62.00957500000001,1.2543250000000006,6.110337499999999,-0.16551249999999984,32.8180375,0.2032285947737671,1.526321315829296
121.05,25.0,144.7718,SSP2-4.5,2041-2060,8.23599999999999,52.963300000000004,81.74699999999984,1.4801000000000002,4.8138000000000005,-0.10339999999999971,31.9346,53.807024999999996,71.81200000000004,1.4023124999999999,6.431687499999999,-0.19978749999999978,32.6793375,0.2032285947737671,1.5895170961990874
121.05,25.05,148.9552,SSP2-4.5,2041-2060,16.415700000000015,53.2808,85.90010000000007,1.811600000000002,7.905200000000001,-0.4068999999999994,31.7423,53.5548125,81.0049875,1.4325999999999999,5.608837499999999,-0.18554999999999977,32.58295,0.2032285947737671,1.652712876568879
121.1,22.7,209.7102,SSP2-4.5,2041-2060,-21.4846,62.52329999999999,12.401499999999942,1.2729,10.096499999999999,1.5103000000000009,27.905800000000003,62.3356375,27.14020000000005,0.8851,9.097625,2.2008625,29.097125,0.30892243485498844,-1.317488800811278
121.1,22.75,218.2794,SSP2-4.5,2041-2060,-20.4178,63.00450000000001,34.42039999999997,0.9362999999999992,8.763800000000003,1.9741000000000009,29.290399999999998,62.848725,34.53396250000006,1.053687500000001,8.4933125,2.150425,29.3271625,0.30892243485498844,-1.2542930204414864
121.1,22.8,239.6302,SSP2-4.5,2041-2060,-23.47,61.1705,67.48350000000005,1.1012000000000022,6.387899999999995,2.2620999999999993,29.7827,61.727774999999994,38.09064999999998,1.2515750000000008,8.459262500000001,2.095675,29.3435,0.30892243485498844,-1.191097240071695
121.1,22.85,261.6494,SSP2-4.5,2041-2060,-28.674200000000013,53.9141,33.68450000000007,1.3771000000000022,8.534500000000001,2.1033999999999997,26.436499999999995,60.7783125,52.91108749999995,1.4536375000000001,8.847625,2.1648624999999995,28.8937375,0.30892243485498844,-1.1279014597019037
121.1,22.9,261.195,SSP2-4.5,2041-2060,-25.953900000000004,55.6762,19.24779999999987,1.5921999999999983,12.779300000000003,2.0793,25.8731,58.4185,82.18106249999997,1.5434,8.2288875,2.2415749999999997,26.796625,0.30892243485498844,-1.0647056793321166
121.1,22.95,241.7306,SSP2-4.5,2041-2060,-3.704900000000009,63.184799999999996,87.50260000000003,1.3976000000000006,7.856900000000003,2.298300000000001,28.4058,57.5075,113.02001249999998,1.6694499999999994,7.8433375,2.2178749999999994,25.5613,0.30892243485498844,-1.0015098989623252
121.1,23.0,222.7341,SSP2-4.5,2041-2060,3.030000000000001,59.406200000000005,120.17360000000008,1.6067,7.9983,2.4792999999999994,25.5635,54.961,126.12955,1.5856624999999998,6.267899999999998,2.1655125,23.373075,0.30892243485498844,-0.9383141185925338
121.1,23.05,218.2652,SSP2-4.5,2041-2060,-0.7724999999999795,47.82470000000001,87.52080000000001,1.3948,7.686199999999996,2.0534,19.0269,57.479375000000005,117.64085,1.5071874999999997,5.650012499999999,2.1877124999999995,24.3646625,0.30892243485498844,-0.8751183382227424
121.1,23.1,223.2152,SSP2-4.5,2041-2060,1.9207999999999856,62.6726,80.38550000000009,1.0854999999999997,5.099999999999998,2.1845,27.323099999999997,56.4471875,92.97139999999996,1.3366125000000002,6.332775,2.342875,23.275225,0.30892243485498844,-0.811922557852951
121.1,23.15,245.1815,SSP2-4.5,2041-2060,-6.314300000000003,63.929500000000004,64.5356999999999,1.290300000000002,6.041400000000003,2.4551999999999996,28.334600000000002,56.9067875,79.93427499999996,1.2613375000000002,6.267687500000001,2.3193875000000004,22.745187500000004,0.30892243485498844,-0.748726777483164
121.1,23.2,221.9474,SSP2-4.5,2041-2060,-11.872199999999992,53.3424,62.604499999999916,1.2835999999999999,6.975900000000003,2.1621000000000006,19.778800000000004,56.3437125,68.88846249999997,1.4162750000000006,7.871125000000001,2.3234875,23.0324375,0.30892243485498844,-0.6855309971133726
121.1,23.25,201.5175,SSP2-4.5,2041-2060,-6.158900000000017,56.2765,61.84570000000008,1.7348,9.544800000000002,2.2759,23.4865,52.2105125,69.68823749999996,1.5798124999999998,8.1471875,2.3204625000000005,21.45745,0.30892243485498844,-0.6223352167435812
121.1,23.3,201.1787,SSP2-4.5,2041-2060,-2.560299999999984,51.617399999999996,85.92689999999993,1.8987999999999996,9.143099999999997,2.8103,22.5058,55.062574999999995,79.63161249999996,1.6695875,7.958824999999999,2.2810375,24.0341375,0.30892243485498844,-0.5591394363737897
121.1,23.35,193.4156,SSP2-4.5,2041-2060,-3.6156000000000006,60.292,105.87519999999995,1.6153000000000013,4.2551999999999985,2.4620999999999995,26.930800000000005,56.71397499999999,94.07204999999996,1.5497874999999992,7.370037499999999,2.3280125,25.2894375,0.30892243485498844,-0.4959436560039983
121.1,23.4,184.9147,SSP2-4.5,2041-2060,-1.7218000000000018,63.0338,102.36950000000002,1.3140999999999998,6.3086000000000055,2.4862,28.713500000000003,56.487025,106.24501249999997,1.2414999999999998,5.0273875,2.0334125,24.9906375,0.30892243485498844,-0.43274787563421135
121.1,23.45,184.3021,SSP2-4.5,2041-2060,0.5704000000000065,57.308699999999995,99.02099999999996,0.8918999999999997,4.127600000000001,1.7569,23.821199999999997,52.5467875,105.44028750000001,1.0017749999999994,4.028237500000001,1.9804,23.955775000000003,0.30892243485498844,-0.3695520952644199
121.1,23.5,183.5907,SSP2-4.5,2041-2060,5.2420999999999935,46.413199999999996,95.5016999999998,0.7879000000000005,2.5328000000000017,1.700000000000001,22.0231,48.9639125,100.16286250000002,0.8456874999999999,3.026712500000001,1.9097125,21.875500000000002,0.30892243485498844,-0.3063563148946285
121.1,23.55,185.1699,SSP2-4.5,2041-2060,4.338399999999979,47.83670000000001,85.4547,0.6890999999999998,3.5,1.8983000000000008,21.063499999999998,47.007,88.88776250000001,0.8321875000000007,3.36485,1.8756500000000003,21.8067375,0.30892243485498844,-0.24316053452483705
121.1,23.6,187.5404,SSP2-4.5,2041-2060,2.6691999999999894,44.293800000000005,71.02500000000009,0.7368000000000023,3.679299999999998,1.75,21.5231,50.2345375,76.95518750000005,0.8469875000000004,3.8575250000000003,1.8715500000000003,22.914925,0.30892243485498844,-0.17996475415504562
121.1,23.65,193.9438,SSP2-4.5,2041-2060,-3.6809000000000083,46.9959,61.039200000000164,0.8394000000000013,4.5,1.7345000000000006,22.8962,54.8882375,70.53162500000002,0.8596499999999998,3.6883500000000007,1.7931000000000004,26.4774,0.30892243485498844,-0.11676897378525869
121.1,23.7,206.6394,SSP2-4.5,2041-2060,-8.649699999999996,57.058,62.75540000000001,0.7952999999999975,3.2483000000000004,1.7362000000000002,26.736499999999996,58.4109375,65.77490000000003,0.8265624999999996,3.2605625,1.7569125000000003,29.001925,0.30892243485498844,-0.053573193415467256
121.1,23.75,220.3771,SSP2-4.5,2041-2060,-16.22550000000001,61.382299999999994,65.43160000000012,0.7016999999999989,3.4775999999999954,1.239700000000001,31.3538,59.813162500000004,48.425174999999996,0.7643499999999999,3.7722000000000007,1.5987250000000002,30.063924999999998,0.30892243485498844,0.009622586954324176
121.1,23.8,201.3441,SSP2-4.5,2041-2060,-11.005899999999997,59.9641,32.45620000000008,0.6617999999999995,5.572400000000002,1.3965999999999994,30.6538,55.110924999999995,28.049950000000024,0.7146000000000003,4.3448375,1.2513000000000003,27.0033625,0.30892243485498844,0.0728183673241156
121.1,23.85,203.6382,SSP2-4.5,2041-2060,-8.514499999999998,47.4824,25.09789999999998,0.8405999999999985,5.5793000000000035,0.45170000000000066,21.4904,54.389075,17.176700000000068,0.7739500000000006,5.932325,1.1478625000000002,26.112025000000003,0.30892243485498844,0.13601414769390704
121.1,23.9,215.4339,SSP2-4.5,2041-2060,8.214300000000009,59.996199999999995,45.96510000000035,1.0526000000000018,7.444799999999994,0.482800000000001,28.1327,51.5665625,28.293900000000036,0.9918750000000003,6.324150000000001,0.9596875,24.4166,0.30892243485498844,0.19920992806369398
121.1,23.95,231.9823,SSP2-4.5,2041-2060,22.693600000000004,54.9012,63.1215000000002,1.363900000000001,7.0190000000000055,0.38620000000000054,26.6404,54.6405875,51.28671250000002,1.2314875000000005,6.462724999999999,0.9612000000000003,25.833425,0.30892243485498844,0.26240570843348543
121.1,24.0,228.2982,SSP2-4.5,2041-2060,26.025299999999987,54.426700000000004,64.81620000000021,1.375,6.270699999999998,1.424100000000001,25.965399999999995,55.00205,75.13112499999994,1.4597750000000005,6.5836375,0.78575,25.481725,0.30892243485498844,0.32560148880327683
121.1,24.05,224.8174,SSP2-4.5,2041-2060,31.995900000000034,55.22730000000001,93.73649999999998,1.6265,7.924099999999996,0.4723999999999986,23.8788,54.718787500000005,89.09326249999987,1.5785875000000003,6.350224999999999,0.9575250000000004,24.6814875,0.30892243485498844,0.3887972691730683
121.1,24.1,239.5316,SSP2-4.5,2041-2060,36.19289999999998,53.9713,97.07659999999987,1.8045000000000009,7.641399999999997,0.5224000000000011,23.5846,52.14475,103.8844499999999,1.7034875,7.071324999999999,0.7502124999999997,22.1326875,0.30892243485498844,0.4519930495428597
121.1,24.15,254.6405,SSP2-4.5,2041-2060,34.58790000000002,46.8612,113.59830000000011,1.8324999999999996,7.0,0.36209999999999987,19.223100000000002,50.7714125,119.55449999999996,1.7967875000000002,6.772612499999999,0.783625,21.044224999999997,0.30892243485498844,0.5151888299126467
121.1,24.2,271.6774,SSP2-4.5,2041-2060,35.974500000000035,44.57600000000001,166.03960000000006,1.9573999999999998,6.344799999999999,1.0483000000000011,17.3865,49.670100000000005,136.67157500000008,1.8214125,6.4609749999999995,0.7547499999999996,19.780524999999997,0.30892243485498844,0.578384610282438
121.1,24.25,272.0958,SSP2-4.5,2041-2060,41.702,50.6316,197.03690000000006,2.011999999999997,6.456899999999997,1.3827999999999996,20.1192,48.0609125,114.454925,1.7151750000000008,5.221100000000001,0.7370625,18.7677875,0.30892243485498844,0.6415803906522295
121.1,24.3,259.7439,SSP2-4.5,2041-2060,34.50659999999999,45.4746,70.70749999999998,1.735400000000002,3.667200000000001,0.17239999999999966,18.3154,46.0000625,83.81943749999994,1.6415250000000006,4.3506375,0.5674624999999998,17.597837499999997,0.30892243485498844,0.704776171022021
121.1,24.35,265.8524,SSP2-4.5,2041-2060,24.561399999999992,41.2653,14.291299999999865,1.5750000000000028,1.8223999999999947,0.15690000000000026,16.3635,45.7979625,45.57251249999996,1.4756750000000003,3.4480625000000025,0.5120750000000001,17.7980875,0.30892243485498844,0.7679719513918124
121.1,24.4,270.9881,SSP2-4.5,2041-2060,14.32430000000005,47.4487,32.01860000000033,1.4162999999999997,3.5551999999999992,1.1293000000000006,18.3096,45.512375,45.57862499999993,1.3552125,2.7941875000000014,0.688375,18.193037500000003,0.30892243485498844,0.8311677317615993
121.1,24.45,294.4583,SSP2-4.5,2041-2060,9.463999999999999,47.436299999999996,47.414999999999964,1.352999999999998,0.5016999999999996,0.9085999999999999,20.073099999999997,46.7618625,48.85718750000001,1.3088749999999996,4.012937500000001,0.9614250000000002,18.9452,0.30892243485498844,0.8943635121313908
121.1,24.5,335.8741,SSP2-4.5,2041-2060,11.803800000000024,44.181000000000004,23.840599999999995,1.580400000000001,7.256900000000002,1.0172000000000008,18.0923,48.008224999999996,27.086987499999907,1.1361249999999994,4.6680874999999995,1.04095,20.86635,0.30892243485498844,0.9575592925011822
121.1,24.55,340.5173,SSP2-4.5,2041-2060,5.671700000000044,53.00260000000001,0.9474999999997635,0.9621999999999993,7.2448000000000015,1.1931000000000012,25.015400000000003,49.527375000000006,5.859275000000025,1.0109,5.723487500000001,1.090725,23.3432625,0.30892243485498844,1.0207550728709736
121.1,24.6,306.6514,SSP2-4.5,2041-2060,0.6210999999999558,53.7418,31.949999999999818,0.7655999999999992,5.639700000000005,1.6379000000000001,28.5019,53.63385,1.015449999999987,0.8105000000000002,5.5685375000000015,1.1428875,28.24615,0.30892243485498844,1.0839508532407651
121.1,24.65,236.5661,SSP2-4.5,2041-2060,2.566900000000004,55.814099999999996,51.47959999999989,0.7860000000000014,4.319000000000003,1.2569,32.9885,55.4739125,21.214737499999984,0.7886625,4.447012500000001,0.7812374999999998,31.4600875,0.30892243485498844,1.147146633610552
121.1,24.7,177.9282,SSP2-4.5,2041-2060,6.525100000000009,56.4361,52.28489999999988,1.0154999999999994,2.5397000000000034,0.019000000000000128,35.0231,56.43675,30.322424999999924,0.8445125000000004,3.9262999999999995,0.2430874999999999,33.4411125,0.30892243485498844,1.2103424139803434
121.1,24.75,159.3,SSP2-4.5,2041-2060,9.114599999999996,57.009699999999995,29.922600000000102,0.8962000000000003,4.5638000000000005,-0.5947999999999993,34.3827,56.714425,20.677687499999962,0.8480750000000006,4.0015125000000005,-0.1239250000000004,34.2711625,0.30892243485498844,1.273538194350135
121.1,24.8,160.3747,SSP2-4.5,2041-2060,11.139600000000002,55.7765,7.06470000000013,0.8369999999999997,5.9069,-0.5086000000000013,33.6846,56.1668375,9.028887500000025,0.8485750000000003,4.508825,-0.18404999999999982,33.8476125,0.30892243485498844,1.3367339747199263
121.1,24.85,141.9203,SSP2-4.5,2041-2060,14.979299999999995,55.197399999999995,23.069499999999834,1.1085999999999991,4.929299999999998,0.043099999999999916,33.088499999999996,55.08545,17.070125000000132,0.9754375000000004,5.677362499999999,-0.07930000000000015,33.291587500000006,0.30892243485498844,1.3999297550897176
121.1,24.9,133.3081,SSP2-4.5,2041-2060,14.234700000000004,54.177800000000005,79.95690000000013,1.5447000000000024,5.8947999999999965,0.27590000000000003,32.3462,54.0913375,32.024762500000065,1.1219749999999995,5.793949999999998,-0.03598749999999962,32.7550375,0.30892243485498844,1.4631255354595045
121.1,24.95,141.1648,SSP2-4.5,2041-2060,11.677899999999994,53.34080000000001,59.36850000000004,1.4486999999999988,5.117199999999997,0.33280000000000065,32.967299999999994,53.464075,67.32320000000004,1.3911000000000002,5.299349999999999,-0.0842624999999998,32.457924999999996,0.30892243485498844,1.526321315829296
121.1,25.0,145.5255,SSP2-4.5,2041-2060,11.924700000000001,53.00300000000001,94.87990000000013,1.5749999999999993,3.0897000000000006,-0.7413999999999996,32.7962,53.367337500000005,82.2421625,1.5850500000000003,5.2357749999999985,-0.058174999999999644,32.5048,0.30892243485498844,1.5895170961990874
121.1,25.05,141.6811,SSP2-4.5,2041-2060,14.624400000000009,53.117799999999995,106.8583000000001,1.925699999999999,5.132799999999996,-0.33619999999999983,33.150000000000006,53.45830000000001,88.22022500000003,1.626925,4.66595,-0.11961249999999979,32.581975,0.30892243485498844,1.652712876568879
121.15,22.75,204.2117,SSP2-4.5,2041-2060,-14.64530000000002,67.0025,63.278999999999996,1.2456999999999994,8.2776,2.2672,32.3,62.5000125,31.350937499999958,1.1951750000000003,8.305599999999998,1.8456875000000004,29.700475,0.41461627493623976,-1.2542930204414864
121.15,22.8,211.0309,SSP2-4.5,2041-2060,-15.407600000000002,62.956399999999995,53.578199999999924,1.2664000000000009,5.9620999999999995,1.7638000000000007,30.651899999999998,61.5313875,39.112187499999976,1.21375,8.4976375,1.9833874999999999,29.76585,0.41461627493623976,-1.191097240071695
121.15,22.85,229.0423,SSP2-4.5,2041-2060,-21.048300000000012,59.4913,22.62609999999995,1.3917000000000002,9.2224,1.6033999999999997,29.3442,60.5255375,40.367737499999976,1.2599125,8.243974999999999,1.9943999999999997,28.9334,0.41461627493623976,-1.1279014597019037
121.15,22.9,228.9635,SSP2-4.5,2041-2060,-14.774000000000001,58.6536,43.481899999999996,0.7698999999999998,10.3138,2.030999999999999,28.226899999999997,59.0588125,56.913937499999975,1.2830499999999998,8.061,2.0517125,27.5149,0.41461627493623976,-1.0647056793321166
121.15,22.95,213.8064,SSP2-4.5,2041-2060,5.225600000000014,57.4585,109.85449999999992,0.7943999999999996,6.348299999999995,2.4224000000000006,25.567300000000003,59.1316375,84.51183750000001,1.3760124999999999,7.0457,2.0933124999999997,26.664675,0.41461627493623976,-1.0015098989623252
121.15,23.0,216.1364,SSP2-4.5,2041-2060,1.3187999999999818,56.8803,128.51289999999995,1.2765999999999984,3.8965999999999994,1.8931000000000004,25.782700000000002,57.9983625,102.09801250000004,1.3225375000000006,5.575874999999998,2.218525,25.4214,0.41461627493623976,-0.9383141185925338
121.15,23.05,219.7358,SSP2-4.5,2041-2060,-6.185000000000002,63.581900000000005,90.7659000000001,0.8919999999999995,5.298299999999998,2.4361999999999995,28.1615,57.531774999999996,94.94395000000003,1.3085875000000007,4.856487499999998,2.205375,24.9894375,0.41461627493623976,-0.8751183382227424
121.15,23.1,237.045,SSP2-4.5,2041-2060,-12.41409999999999,62.785900000000005,63.12699999999995,0.9754000000000005,4.719000000000001,2.5309999999999997,26.925,58.6941125,80.1863625,1.063587500000001,5.278037499999999,2.335775,25.530775000000002,0.41461627493623976,-0.811922557852951
121.15,23.15,249.418,SSP2-4.5,2041-2060,-18.61330000000001,61.7255,63.51429999999982,1.110400000000002,8.262100000000004,2.3724000000000007,25.580800000000004,57.71255,67.66129999999998,1.0433125000000008,5.540749999999999,2.2569,24.036299999999997,0.41461627493623976,-0.748726777483164
121.15,23.2,231.0542,SSP2-4.5,2041-2060,-15.984100000000012,49.1432,58.4393,1.1920000000000002,6.3172,1.8845,17.1231,56.858275000000006,64.88026249999999,1.2753375000000005,6.9532500000000015,2.2222125000000004,23.562725,0.41461627493623976,-0.6855309971133726
121.15,23.25,215.7752,SSP2-4.5,2041-2060,-7.629300000000001,51.3459,67.28610000000003,1.6297999999999995,10.3414,1.8792999999999997,20.5192,54.3569,76.53518749999998,1.5737624999999997,7.464,2.2260875,22.04735,0.41461627493623976,-0.6223352167435812
121.15,23.3,208.7432,SSP2-4.5,2041-2060,-2.2579000000000065,56.2656,101.4402,2.1069999999999993,8.567199999999996,2.163800000000001,23.724999999999998,57.20455,112.65552499999998,1.7684499999999999,7.23405,2.4095000000000004,24.9153875,0.41461627493623976,-0.5591394363737897
121.15,23.35,210.3023,SSP2-4.5,2041-2060,4.444700000000012,62.511700000000005,164.19529999999986,2.100999999999999,7.637899999999998,2.4259000000000004,27.980800000000002,60.271225,142.47265,1.7204125000000001,6.21185,2.451525,26.9279,0.41461627493623976,-0.4959436560039983
121.15,23.4,202.4417,SSP2-4.5,2041-2060,5.856899999999996,65.5132,153.0386000000001,1.5684000000000005,7.034499999999998,2.6827999999999994,29.886499999999998,58.7807875,162.525975,1.5101875,4.6396625,2.2657499999999997,25.9892,0.41461627493623976,-0.43274787563421135
121.15,23.45,199.0466,SSP2-4.5,2041-2060,10.082299999999975,51.1291,147.47990000000004,1.128499999999999,2.4414000000000016,2.043099999999999,21.792300000000004,56.1311625,156.4665125,1.3067,4.573075000000001,2.1635875,24.900975,0.41461627493623976,-0.3695520952644199
121.15,23.5,195.4459,SSP2-4.5,2041-2060,11.281300000000016,46.150600000000004,141.31410000000005,1.1479,3.5086000000000013,1.725900000000001,20.555799999999998,51.6855125,148.3765,1.1386499999999997,3.9401,1.9437499999999999,22.3988125,0.41461627493623976,-0.3063563148946285
121.15,23.55,189.8661,SSP2-4.5,2041-2060,14.942700000000002,46.3051,132.03269999999998,1.0730000000000004,4.260299999999997,1.8447999999999993,19.6481,48.358937499999996,137.51681250000001,1.1233125000000002,4.0530125,1.8485,21.9394375,0.41461627493623976,-0.24316053452483705
121.15,23.6,186.0783,SSP2-4.5,2041-2060,15.467599999999976,43.103199999999994,114.76549999999997,1.1259000000000015,4.753399999999999,1.9017,20.8846,49.486675000000005,125.63157500000003,1.1170124999999997,4.139425,1.7015125,22.2202125,0.41461627493623976,-0.17996475415504562
121.15,23.65,185.8847,SSP2-4.5,2041-2060,13.4221,53.067099999999996,110.91840000000002,1.1413999999999973,3.943100000000001,1.8224,23.6962,50.357375,120.05586249999999,1.1186,3.418737500000001,1.8939625000000002,24.307199999999998,0.41461627493623976,-0.11676897378525869
121.15,23.7,194.7473,SSP2-4.5,2041-2060,9.913200000000018,60.38099999999999,128.99959999999987,1.0752999999999986,2.2017000000000024,2.2966000000000015,31.376900000000003,51.659324999999995,106.7491,1.0512374999999996,2.5556125,1.8786625000000003,24.90985,0.41461627493623976,-0.053573193415467256
121.15,23.75,198.8984,SSP2-4.5,2041-2060,-2.5322000000000173,48.56510000000001,110.61590000000001,0.9594000000000023,0.30519999999999925,2.1707,23.7481,51.723074999999994,89.2008375,0.9465249999999994,2.6288750000000007,1.8388125000000004,25.7771375,0.41461627493623976,0.009622586954324176
121.15,23.8,191.5716,SSP2-4.5,2041-2060,-3.3374999999999773,49.644499999999994,68.34350000000018,0.8581000000000003,3.703400000000002,1.4776000000000007,23.4654,45.4384875,69.6686,0.9039374999999996,3.5073374999999993,1.5157500000000002,21.673787500000003,0.41461627493623976,0.0728183673241156
121.15,23.85,194.29,SSP2-4.5,2041-2060,-1.27079999999998,34.8889,65.47329999999988,0.9130000000000003,5.8035,0.9741,15.275,47.142737499999996,62.6394375000001,0.9716999999999998,5.260762499999999,1.1371000000000004,21.631975,0.41461627493623976,0.13601414769390704
121.15,23.9,210.7855,SSP2-4.5,2041-2060,5.091099999999983,42.909800000000004,75.20800000000008,1.1449999999999996,6.596499999999999,0.9259000000000004,17.855800000000002,48.266125,75.50670000000011,1.20125,6.1909624999999995,0.7224125000000003,21.9718875,0.41461627493623976,0.19920992806369398
121.15,23.95,221.0313,SSP2-4.5,2041-2060,17.630800000000022,55.632400000000004,94.2219,1.6094000000000008,7.150000000000002,0.2947999999999986,26.480800000000002,51.0216875,97.25590000000017,1.4403500000000005,6.0375,0.49957500000000077,23.0699625,0.41461627493623976,0.26240570843348543
121.15,24.0,208.2416,SSP2-4.5,2041-2060,22.874799999999993,52.6342,119.08399999999983,1.692700000000002,3.6621000000000024,-0.2861999999999991,24.1904,52.294537500000004,108.79055000000005,1.6632125000000002,6.281037499999999,0.5650625,23.6086625,0.41461627493623976,0.32560148880327683
121.15,24.05,227.0086,SSP2-4.5,2041-2060,26.859499999999997,50.652499999999996,105.96249999999964,1.6354000000000006,5.520699999999998,0.8603000000000005,22.455800000000004,51.3136375,108.26642499999997,1.7469375000000005,5.9116374999999985,0.4618500000000001,22.483887499999998,0.41461627493623976,0.3887972691730683
121.15,24.1,226.4273,SSP2-4.5,2041-2060,28.205399999999997,50.5893,92.89129999999977,1.7498000000000005,6.201700000000002,0.5344999999999995,21.8827,50.3533375,105.13187499999992,1.7790250000000003,6.077799999999998,0.5506500000000001,21.4115375,0.41461627493623976,0.4519930495428597
121.15,24.15,233.0759,SSP2-4.5,2041-2060,32.6755,49.53490000000001,104.17819999999983,1.8449000000000026,7.280999999999999,0.26900000000000013,20.409599999999998,48.400037499999996,112.19752500000004,1.7439749999999998,5.503649999999999,0.49397500000000005,19.8298125,0.41461627493623976,0.5151888299126467
121.15,24.2,239.0644,SSP2-4.5,2041-2060,32.879099999999966,46.1654,126.8372000000004,1.6509,5.215499999999999,0.30859999999999843,17.5962,48.163762500000004,127.0152875,1.6720374999999996,5.3833874999999995,0.4952749999999999,19.178125,0.41461627493623976,0.578384610282438
121.15,24.25,228.7634,SSP2-4.5,2041-2060,32.14980000000003,49.6639,148.6812,1.6915000000000013,5.5017,0.4516999999999989,19.0,46.48865,117.4573125,1.5041875,4.597824999999999,0.40064999999999995,18.062025000000002,0.41461627493623976,0.6415803906522295
121.15,24.3,218.3997,SSP2-4.5,2041-2060,25.32390000000001,46.5212,97.29099999999971,1.5543000000000013,4.800000000000004,-0.04829999999999934,16.8731,43.0465125,93.75819999999999,1.4327625000000004,4.022399999999998,0.29159999999999986,16.7536,0.41461627493623976,0.704776171022021
121.15,24.35,226.7928,SSP2-4.5,2041-2060,15.15700000000001,32.580999999999996,56.09090000000015,1.5318000000000005,3.917200000000001,-0.3586000000000009,11.803799999999999,43.040275,70.28340000000003,1.389425000000001,3.542675,0.5303875000000005,16.57885,0.41461627493623976,0.7679719513918124
121.15,24.4,243.9756,SSP2-4.5,2041-2060,7.290600000000012,47.422,60.626500000000306,1.3745000000000012,3.3914000000000044,0.5983,18.3962,41.3816,65.90088750000007,1.3816375,3.0989249999999995,0.7702625000000003,15.916825,0.41461627493623976,0.8311677317615993
121.15,24.45,280.6583,SSP2-4.5,2041-2060,8.650899999999979,45.19590000000001,86.62959999999975,1.414200000000001,4.284500000000001,1.2483000000000004,16.725,44.592625,68.77612500000015,1.4149374999999993,3.5353500000000007,1.1103500000000004,17.40145,0.41461627493623976,0.8943635121313908
121.15,24.5,332.4719,SSP2-4.5,2041-2060,8.810999999999979,43.018100000000004,91.49580000000014,1.6274999999999977,4.1465,1.0983,17.9385,45.994725,51.543475,1.2458999999999993,4.456025,1.2605625000000005,18.9389375,0.41461627493623976,0.9575592925011822
121.15,24.55,331.7236,SSP2-4.5,2041-2060,5.018900000000031,48.2683,8.403999999999996,0.8978000000000002,5.910299999999999,1.4328000000000003,22.5788,46.506212500000004,37.4101,1.0735999999999994,5.715725000000001,1.3963250000000003,20.7668125,0.41461627493623976,1.0207550728709736
121.15,24.6,323.2732,SSP2-4.5,2041-2060,3.2678999999999974,52.4034,1.3650000000002365,0.47409999999999997,7.413800000000002,1.6585999999999999,25.6115,49.440524999999994,18.185799999999887,0.8465250000000002,5.512275000000001,1.4644375000000003,24.988687499999997,0.41461627493623976,1.0839508532407651
121.15,24.65,257.0223,SSP2-4.5,2041-2060,7.208900000000028,52.9161,3.774399999999787,0.8992000000000004,5.089700000000001,1.3552,29.4481,52.407687499999994,20.56654999999992,0.7901375000000002,5.004537500000001,1.1648625,28.94735,0.41461627493623976,1.147146633610552
121.15,24.7,207.5158,SSP2-4.5,2041-2060,4.708999999999975,56.1964,16.517799999999852,0.9095000000000013,3.8965999999999994,0.2602999999999991,33.623099999999994,54.3997125,25.771012499999898,0.8861000000000003,4.505825000000001,0.8023750000000003,31.810825,0.41461627493623976,1.2103424139803434
121.15,24.75,181.2701,SSP2-4.5,2041-2060,10.516099999999994,53.6233,24.539299999999912,0.8691000000000031,6.210299999999997,0.031000000000000583,32.0942,55.2447625,15.922287499999982,0.8362250000000002,4.942900000000002,0.35194999999999976,33.3267,0.41461627493623976,1.273538194350135
121.15,24.8,173.8362,SSP2-4.5,2041-2060,10.778300000000002,53.602199999999996,-47.16859999999997,0.5894000000000013,6.715500000000002,0.4344999999999999,32.338499999999996,54.276025,10.10458749999998,0.7980375000000004,5.8079625,0.258625,32.8036125,0.41461627493623976,1.3367339747199263
121.15,24.85,173.5678,SSP2-4.5,2041-2060,10.03879999999998,52.24680000000001,-53.78939999999989,0.7176000000000009,7.208599999999997,0.33280000000000065,31.9058,53.0668625,17.125850000000014,0.8832125,6.05775,0.16768749999999966,32.0149125,0.41461627493623976,1.3999297550897176
121.15,24.9,151.5627,SSP2-4.5,2041-2060,7.246700000000004,51.6323,35.63540000000012,1.0884999999999998,6.187899999999999,-0.34309999999999974,31.3788,52.5007125,22.715474999999998,1.0951999999999997,5.642662499999998,0.08881250000000007,31.5423125,0.41461627493623976,1.4631255354595045
121.15,24.95,146.9294,SSP2-4.5,2041-2060,5.477400000000017,53.91879999999999,22.870100000000093,1.2826000000000022,5.294799999999995,-0.5292999999999992,32.411500000000004,52.608900000000006,58.50957500000004,1.3974374999999997,4.711425,-0.1258499999999999,31.8641875,0.41461627493623976,1.526321315829296
121.15,25.0,148.0878,SSP2-4.5,2041-2060,13.857200000000006,54.126900000000006,89.99039999999991,1.6675000000000004,3.1845,0.16549999999999976,33.1596,53.3678875,70.96005000000005,1.5838124999999996,4.587712499999999,-0.2502124999999996,32.4911125,0.41461627493623976,1.5895170961990874
121.15,25.05,138.5894,SSP2-4.5,2041-2060,21.895999999999987,53.22860000000001,132.14480000000003,1.9036000000000008,3.9448000000000008,0.013799999999999812,32.3404,53.8428125,83.50501250000005,1.6142999999999992,4.4032374999999995,-0.16659999999999975,33.1093875,0.41461627493623976,1.652712876568879
121.15,25.1,133.6598,SSP2-4.5,2041-2060,14.70780000000002,52.843999999999994,85.50550000000021,1.5457999999999998,4.327599999999997,-0.2345000000000006,32.2769,54.021225,87.99448749999999,1.6581749999999995,4.6176625,-0.05991249999999959,33.125975000000004,0.41461627493623976,1.7159086569386703
121.2,22.8,206.7171,SSP2-4.5,2041-2060,-15.303199999999975,65.649,35.61199999999985,1.5870999999999995,8.984499999999997,1.8759000000000006,31.3865,62.69757499999999,41.37115,1.2152624999999997,7.748712499999999,1.9482749999999998,30.098787499999997,0.520310115017461,-1.191097240071695
121.2,22.85,221.465,SSP2-4.5,2041-2060,-22.434300000000007,63.36559999999999,12.31009999999992,1.3009999999999984,7.496600000000001,1.75,31.3596,60.770775,46.216887499999984,1.29555,8.0129375,1.9191749999999999,28.8192125,0.520310115017461,-1.1279014597019037
121.2,22.9,210.415,SSP2-4.5,2041-2060,-12.050799999999981,62.8189,57.54390000000012,1.0843999999999987,5.493099999999998,2.089699999999999,27.749999999999996,60.993187500000005,50.79123749999994,1.3085999999999993,8.641387499999999,1.9530124999999998,28.725225000000002,0.520310115017461,-1.0647056793321166
121.2,22.95,200.492,SSP2-4.5,2041-2060,7.3303000000000225,56.5611,112.54199999999992,1.3260000000000005,6.756899999999995,2.0671999999999997,25.382700000000003,60.103025,74.3519875,1.4670749999999995,6.7857875,2.0374999999999996,27.330287499999997,0.520310115017461,-1.0015098989623252
121.2,23.0,206.371,SSP2-4.5,2041-2060,4.353499999999997,59.872,107.09000000000015,1.9547000000000025,1.270699999999998,1.8086000000000002,26.3327,58.924712500000005,94.5151875,1.4992124999999996,5.4247999999999985,2.1818875,26.390625,0.520310115017461,-0.9383141185925338
121.2,23.05,215.9436,SSP2-4.5,2041-2060,-4.114699999999999,56.0977,101.33470000000011,1.214100000000002,1.3913999999999973,2.1828000000000003,24.9308,59.9080625,84.35068750000002,1.4739500000000003,4.541612499999999,2.2650625,26.678125,0.520310115017461,-0.8751183382227424
121.2,23.1,235.1445,SSP2-4.5,2041-2060,-14.721900000000005,54.7148,71.4070999999999,0.9609000000000023,6.789699999999996,2.510300000000001,24.0308,60.2199,74.40445000000003,1.1244500000000004,4.231475,2.3818875,26.531975000000003,0.520310115017461,-0.811922557852951
121.2,23.15,236.1311,SSP2-4.5,2041-2060,-16.13560000000001,59.0062,82.02690000000007,0.5607000000000006,1.6552000000000007,2.4914000000000005,26.857699999999998,57.0947125,60.78996249999997,1.0968375000000008,6.342025,2.2715375,23.933187500000003,0.520310115017461,-0.748726777483164
121.2,23.2,238.2312,SSP2-4.5,2041-2060,-16.806600000000003,56.105799999999995,58.76440000000002,0.9981000000000009,6.727599999999995,1.8361999999999998,21.9173,55.7398875,63.76841250000001,1.3244375000000002,6.433837500000001,2.2433250000000005,23.1591375,0.520310115017461,-0.6855309971133726
121.2,23.25,247.1971,SSP2-4.5,2041-2060,-12.102300000000014,53.1344,58.464500000000044,1.5949999999999989,6.077600000000004,2.305200000000001,22.026900000000005,56.24495,86.2081,1.589975,7.2336125,2.2077625000000003,23.231975000000002,0.520310115017461,-0.6223352167435812
121.2,23.3,235.7734,SSP2-4.5,2041-2060,3.1306999999999903,58.9699,124.79599999999982,1.7807999999999993,6.358600000000003,2.3707000000000003,25.815400000000004,59.3225,137.04115000000002,1.8371999999999997,6.932762500000001,2.4517375000000006,25.984137500000003,0.520310115017461,-0.5591394363737897
121.2,23.35,238.803,SSP2-4.5,2041-2060,16.911900000000003,63.4886,232.85450000000014,1.7921000000000014,4.5138,2.746600000000001,30.0577,61.57115,180.40814999999995,1.8319624999999997,6.273925,2.4517375,27.440887500000002,0.520310115017461,-0.4959436560039983
121.2,23.4,231.2304,SSP2-4.5,2041-2060,19.12299999999999,62.98929999999999,233.48029999999994,1.6867999999999999,3.5138,1.8896999999999995,27.788500000000003,60.2142,211.0661875,1.7174500000000001,5.19635,2.5659624999999995,27.101450000000003,0.520310115017461,-0.43274787563421135
121.2,23.45,227.5312,SSP2-4.5,2041-2060,18.6729,49.4931,214.9321,1.5518,4.318999999999999,2.3155,20.8288,59.0711,212.87557500000003,1.5590625000000002,4.4482875,2.497425,26.595212500000002,0.520310115017461,-0.3695520952644199
121.2,23.5,225.2992,SSP2-4.5,2041-2060,19.834899999999976,58.1474,212.0748000000001,1.5047999999999995,5.239699999999999,2.7516999999999996,25.590400000000002,54.859525000000005,213.53247500000003,1.4796749999999999,4.0168125,2.4271625,24.400737499999998,0.520310115017461,-0.3063563148946285
121.2,23.55,220.2388,SSP2-4.5,2041-2060,21.884500000000003,56.85080000000001,200.51510000000007,1.4821999999999989,5.100000000000001,1.2396999999999991,24.423099999999998,51.513625000000005,205.26426249999997,1.4859749999999998,4.4696,2.453875,23.3026625,0.520310115017461,-0.24316053452483705
121.2,23.6,206.7954,SSP2-4.5,2041-2060,26.095,44.0758,179.48360000000002,1.511899999999999,4.110300000000002,1.8206999999999987,19.451900000000002,52.1692625,188.92974999999996,1.4941499999999992,4.586625,2.0648625000000003,23.2682875,0.520310115017461,-0.17996475415504562
121.2,23.65,192.5687,SSP2-4.5,2041-2060,30.12009999999998,56.4682,164.58389999999986,1.462299999999999,4.022400000000001,1.5017000000000014,25.059600000000003,49.92722499999999,170.99383749999996,1.4539874999999998,3.3521375000000018,2.0402875,23.8603375,0.520310115017461,-0.11676897378525869
121.2,23.7,197.9342,SSP2-4.5,2041-2060,28.101100000000002,50.48309999999999,177.79469999999992,1.4019000000000013,0.8345000000000056,2.4102999999999994,26.528799999999997,49.839175,137.0068875,1.2716124999999998,1.9366375000000007,2.01745,23.9009625,0.520310115017461,-0.053573193415467256
121.2,23.75,198.2544,SSP2-4.5,2041-2060,1.5135999999999967,39.2549,100.85369999999989,1.1084999999999994,0.11379999999999768,2.4138,19.2596,47.5138125,113.75425000000001,1.1214500000000005,1.3823250000000011,1.9314750000000005,23.3156125,0.520310115017461,0.009622586954324176
121.2,23.8,189.9227,SSP2-4.5,2041-2060,0.617999999999995,35.61670000000001,76.97199999999998,0.9695999999999998,1.8793000000000006,1.739700000000001,16.8423,42.27995,85.24666250000001,1.0459249999999998,2.759274999999999,1.7687625000000002,19.1661,0.520310115017461,0.0728183673241156
121.2,23.85,191.8552,SSP2-4.5,2041-2060,2.289900000000017,36.3535,80.44820000000004,1.0768999999999984,5.327599999999997,1.7396999999999991,14.7673,42.15035,85.398225,1.1547874999999999,4.622837499999999,1.3114500000000004,18.476924999999998,0.520310115017461,0.13601414769390704
121.2,23.9,205.9578,SSP2-4.5,2041-2060,5.140600000000006,45.1747,96.6246000000001,1.1690000000000005,5.9827999999999975,0.8828000000000014,19.848100000000002,44.038387500000006,107.94980000000004,1.4139249999999994,5.699349999999999,0.9717749999999998,19.00385,0.520310115017461,0.19920992806369398
121.2,23.95,219.311,SSP2-4.5,2041-2060,17.159699999999987,51.6997,133.10110000000032,1.5845999999999982,5.220699999999997,0.5672000000000015,23.1404,47.1652375,150.1039125,1.7897375000000006,5.3193874999999995,0.40884999999999994,20.61875,0.520310115017461,0.26240570843348543
121.2,24.0,211.048,SSP2-4.5,2041-2060,34.251599999999996,46.431000000000004,180.12670000000026,2.1400000000000006,6.103400000000001,-0.38620000000000054,18.786499999999997,49.514300000000006,184.65759999999995,2.1025750000000003,4.321562499999999,0.39696250000000033,21.83535,0.520310115017461,0.32560148880327683
121.2,24.05,239.5331,SSP2-4.5,2041-2060,30.26830000000001,49.3855,135.23799999999983,1.9709000000000003,5.039699999999996,0.9017,21.5212,48.0745625,199.5127999999999,2.2789375000000005,3.848925,0.2472000000000001,20.49855,0.520310115017461,0.3887972691730683
121.2,24.1,223.0383,SSP2-4.5,2041-2060,25.82050000000001,47.843799999999995,83.16210000000001,1.6160999999999994,4.449999999999996,0.5121000000000002,20.0615,47.789612500000004,192.39294999999987,2.2597000000000005,3.8638,0.5269375000000001,19.990875,0.520310115017461,0.4519930495428597
121.2,24.15,218.2223,SSP2-4.5,2041-2060,28.479600000000005,49.350199999999994,108.10280000000012,1.9013999999999989,3.7654999999999994,0.5052000000000003,20.1577,46.897450000000006,156.04609999999997,1.8876250000000003,3.88965,0.3715624999999996,18.928374999999996,0.520310115017461,0.5151888299126467
121.2,24.2,229.8587,SSP2-4.5,2041-2060,24.831799999999987,47.84310000000001,109.8723,1.4391999999999996,3.4102999999999994,0.15859999999999985,18.7462,46.580400000000004,130.04017500000003,1.475,3.8530124999999997,0.3422499999999995,18.2418375,0.520310115017461,0.578384610282438
121.2,24.25,214.5532,SSP2-4.5,2041-2060,13.439699999999988,46.8492,68.61299999999983,0.6973999999999982,3.306899999999999,-0.21550000000000047,18.3827,46.285225000000004,108.22736250000003,1.1720625,3.6454625,0.2984874999999996,17.627175,0.520310115017461,0.6415803906522295
121.2,24.3,210.2561,SSP2-4.5,2041-2060,11.316900000000004,43.848099999999995,103.26099999999997,0.9869000000000021,3.580999999999996,0.39830000000000076,17.076900000000002,42.999224999999996,91.22693749999996,1.0652374999999998,3.6209,0.28382499999999955,16.19735,0.520310115017461,0.704776171022021
121.2,24.35,213.7987,SSP2-4.5,2041-2060,7.7269000000000005,34.058400000000006,91.38380000000006,1.232099999999999,3.9258999999999986,0.3448000000000011,12.967299999999998,40.835499999999996,88.36762499999998,1.1744250000000007,3.502575000000001,0.6293124999999999,15.3384625,0.520310115017461,0.7679719513918124
121.2,24.4,230.6327,SSP2-4.5,2041-2060,2.9539000000000044,38.283899999999996,92.6875,1.2409,3.598300000000002,1.4914000000000005,14.3288,38.6966375,87.01083750000004,1.2800375000000006,3.564225,0.837725,14.487987500000001,0.520310115017461,0.8311677317615993
121.2,24.45,269.3947,SSP2-4.5,2041-2060,2.4811000000000263,44.7833,106.69040000000041,1.2897999999999996,3.1861999999999995,1.2414000000000005,16.7635,40.4494125,88.09362500000003,1.3626124999999996,3.362725,1.1575625000000003,15.1836625,0.520310115017461,0.8943635121313908
121.2,24.5,324.1016,SSP2-4.5,2041-2060,4.8186000000000035,44.1677,95.43460000000005,1.4370999999999974,2.6465999999999994,1.3983000000000008,15.3096,42.515987499999994,77.63782500000008,1.2607749999999993,3.7969749999999984,1.3676875000000002,16.997837500000003,0.520310115017461,0.9575592925011822
121.2,24.55,335.3871,SSP2-4.5,2041-2060,-0.9656999999999698,40.92269999999999,42.98610000000008,1.0326999999999984,4.617199999999997,1.6448,16.9538,44.8526875,61.86556250000007,1.0819124999999992,4.4693875,1.5295375,19.194225000000003,0.520310115017461,1.0207550728709736
121.2,24.6,331.4024,SSP2-4.5,2041-2060,-1.4605000000000246,40.612399999999994,11.261199999999917,0.7092000000000027,6.760300000000001,1.5223999999999993,18.7115,47.2767125,32.005862500000035,0.8723874999999999,5.0239125,1.6594875000000002,22.4362875,0.520310115017461,1.0839508532407651
121.2,24.65,302.8522,SSP2-4.5,2041-2060,3.8414999999999964,50.2462,-5.316400000000158,0.7195,4.5172000000000025,1.6724000000000014,25.7115,49.638075,23.98871249999999,0.8719125000000001,5.437287499999999,1.3885749999999997,26.035825000000003,0.520310115017461,1.147146633610552
121.2,24.7,276.8722,SSP2-4.5,2041-2060,1.11039999999997,53.8111,4.990299999999934,0.9416999999999973,4.949999999999996,1.2913999999999994,31.407700000000002,52.1520875,31.699574999999953,0.9714625000000008,5.291162499999999,1.1441625000000002,29.363475,0.520310115017461,1.2103424139803434
121.2,24.75,236.2187,SSP2-4.5,2041-2060,15.774299999999982,55.34109999999999,44.49339999999984,0.9616000000000007,3.856900000000003,1.3879000000000001,33.4308,53.463637500000004,33.64557499999998,0.9393500000000001,5.699137499999999,0.8461125,31.5699625,0.520310115017461,1.273538194350135
121.2,24.8,178.2848,SSP2-4.5,2041-2060,10.582700000000017,53.785,19.273200000000088,0.5389000000000017,7.113800000000005,0.5259,32.7231,52.80095,29.842349999999954,0.8669875,5.9058,0.8241250000000004,31.61995,0.520310115017461,1.3367339747199263
121.2,24.85,172.0038,SSP2-4.5,2041-2060,5.102799999999974,51.2284,-13.73660000000018,0.4552999999999976,6.674099999999999,0.8516999999999992,31.119200000000003,51.534625000000005,28.682300000000026,0.897675,6.0306000000000015,0.4071250000000004,30.9247625,0.520310115017461,1.3999297550897176
121.2,24.9,157.3468,SSP2-4.5,2041-2060,4.962400000000002,49.13530000000001,32.91229999999996,0.903299999999998,5.039700000000003,0.062099999999999156,29.440399999999997,50.8637,25.477362499999998,1.0489875,6.204075,0.03168750000000031,30.525225,0.520310115017461,1.4631255354595045
121.2,24.95,144.8226,SSP2-4.5,2041-2060,9.58620000000002,50.760400000000004,31.07249999999999,1.3007999999999988,4.982800000000005,-0.6585999999999999,29.059600000000003,51.529725,48.810712499999994,1.3231625,5.49245,-0.0959000000000001,31.2889375,0.520310115017461,1.526321315829296
121.2,25.0,141.6057,SSP2-4.5,2041-2060,9.550799999999981,54.6947,44.26070000000004,1.6509999999999998,4.194800000000001,-0.09999999999999964,33.7654,52.641149999999996,67.90204999999997,1.4818624999999996,5.076925000000001,-0.12801249999999986,31.894475,0.520310115017461,1.5895170961990874
121.2,25.05,139.4125,SSP2-4.5,2041-2060,15.813500000000005,54.879000000000005,76.22559999999999,1.5830999999999982,4.944800000000001,0.01720000000000077,33.4385,53.5218,84.8382,1.5896874999999997,4.706025,-0.02003749999999993,32.7399125,0.520310115017461,1.652712876568879
121.2,25.1,131.6031,SSP2-4.5,2041-2060,17.132199999999983,54.0085,80.14200000000005,1.540099999999999,5.741399999999999,-0.15000000000000036,32.474999999999994,53.625875,88.6544375,1.5958624999999995,4.571975,0.06315000000000048,32.664925,0.520310115017461,1.7159086569386703
121.25,22.9,216.8963,SSP2-4.5,2041-2060,-18.510500000000008,66.12180000000001,10.666500000000042,1.561799999999998,8.836199999999998,1.8190000000000008,31.374999999999996,60.6836875,50.61417499999999,1.4659624999999998,8.786425000000001,1.9842624999999996,28.2963875,0.6260039550986825,-1.0647056793321166
121.25,22.95,205.0974,SSP2-4.5,2041-2060,-8.23599999999999,60.644600000000004,59.2367999999999,1.7368999999999986,11.172400000000003,2.0551999999999992,27.159600000000005,61.09245,68.37652500000002,1.5906375000000001,7.474787499999998,2.1043125000000003,27.755775,0.6260039550986825,-1.0015098989623252
121.25,23.0,198.2906,SSP2-4.5,2041-2060,2.0886999999999887,58.374500000000005,78.42939999999999,2.5579,6.955200000000005,2.181000000000001,26.448099999999997,60.1957625,73.10658750000002,1.8141875000000005,6.614862499999998,2.1450500000000003,27.088712500000003,0.6260039550986825,-0.9383141185925338
121.25,23.05,204.9055,SSP2-4.5,2041-2060,-0.22149999999999181,61.799099999999996,75.44530000000009,2.1957999999999984,1.5792999999999964,2.2172,27.692300000000003,58.978725,72.97835,1.713525000000001,6.155599999999998,2.2950375000000003,26.3243,0.6260039550986825,-0.8751183382227424
121.25,23.1,235.0819,SSP2-4.5,2041-2060,-14.844599999999986,61.25600000000001,60.027900000000045,0.9783000000000008,5.824100000000001,2.5431,28.051899999999996,57.6691125,67.43652500000005,1.4368625000000006,4.981887499999997,2.368525,25.123575000000002,0.6260039550986825,-0.811922557852951
121.25,23.15,250.155,SSP2-4.5,2041-2060,-16.299599999999998,55.5069,58.993600000000015,1.0688999999999993,5.122399999999999,2.2809999999999997,24.055800000000005,57.7671125,53.50862500000002,1.136050000000001,6.262924999999998,2.37305,24.754087499999997,0.6260039550986825,-0.748726777483164
121.25,23.2,265.027,SSP2-4.5,2041-2060,-16.935699999999997,55.519600000000004,52.046100000000024,1.4907000000000004,6.9741,2.213800000000001,23.7808,57.0317625,56.824325000000044,1.3215374999999998,5.6582,2.3980625,23.930037500000005,0.6260039550986825,-0.6855309971133726
121.25,23.25,255.8634,SSP2-4.5,2041-2060,-6.510900000000021,60.537400000000005,69.37650000000008,1.9480000000000004,6.720700000000001,2.519,25.3288,57.6575,87.9664,1.5251625,5.9288875,2.4163875,24.5617875,0.6260039550986825,-0.6223352167435812
121.25,23.3,241.7888,SSP2-4.5,2041-2060,10.41919999999999,62.072199999999995,157.51620000000003,1.5733999999999995,5.862100000000002,2.7948000000000004,27.6462,59.7046,139.6327,1.816325,5.732987500000002,2.558425,26.188950000000002,0.6260039550986825,-0.5591394363737897
121.25,23.35,238.2871,SSP2-4.5,2041-2060,24.019900000000007,65.2242,245.19589999999994,1.9512999999999998,5.741400000000002,2.779299999999999,30.588500000000003,61.11772499999999,184.96795,1.7464250000000001,5.560575,2.4898875,27.033925000000004,0.6260039550986825,-0.4959436560039983
121.25,23.4,249.908,SSP2-4.5,2041-2060,22.965299999999985,59.0231,263.6026999999999,1.8870000000000005,5.475899999999999,2.5069,26.0962,61.949375,209.79486250000005,1.7310999999999999,5.547650000000001,2.638375,27.6964125,0.6260039550986825,-0.43274787563421135
121.25,23.45,255.8864,SSP2-4.5,2041-2060,23.812899999999985,65.3306,267.2305000000001,1.759500000000001,4.4069,3.0275999999999996,29.5808,60.685275000000004,222.09698750000007,1.6411375,5.06575,2.7269375,27.196887500000003,0.6260039550986825,-0.3695520952644199
121.25,23.5,265.0738,SSP2-4.5,2041-2060,26.800999999999988,64.2855,284.78369999999995,1.7896000000000019,3.9655000000000022,3.351700000000001,31.471200000000003,59.645412500000006,239.53156250000015,1.6293999999999997,4.5276,2.9258625,26.864425,0.6260039550986825,-0.3063563148946285
121.25,23.55,268.8578,SSP2-4.5,2041-2060,31.68520000000001,59.3314,319.97170000000006,1.9048999999999978,4.1328,3.8690000000000015,26.9058,56.819712499999994,244.38781250000008,1.6596875,4.036412500000001,2.597625,26.358425,0.6260039550986825,-0.24316053452483705
121.25,23.6,227.2408,SSP2-4.5,2041-2060,38.94829999999999,50.71,257.68799999999965,1.8297999999999988,5.786200000000001,2.365500000000001,21.9135,54.489775,238.35448750000006,1.7485749999999995,4.0038625,2.3142250000000004,25.5637125,0.6260039550986825,-0.17996475415504562
121.25,23.65,198.6305,SSP2-4.5,2041-2060,38.01389999999998,51.5183,210.96270000000004,1.9337,4.694800000000001,1.9741,23.6154,50.5802625,214.17848749999993,1.7276250000000002,3.1993375000000017,1.946325,24.451925,0.6260039550986825,-0.11676897378525869
121.25,23.7,192.2125,SSP2-4.5,2041-2060,26.034999999999997,46.0793,187.33820000000014,1.6120000000000019,0.49310000000000187,1.7309999999999999,23.415399999999998,48.742287499999996,164.07253749999995,1.588025,2.359687500000001,1.9573125000000002,23.796625,0.6260039550986825,-0.053573193415467256
121.25,23.75,196.7212,SSP2-4.5,2041-2060,1.6456999999999766,43.37949999999999,81.7827000000002,0.8803000000000001,-0.2809999999999988,2.2293000000000003,21.0365,45.5874,133.48387499999995,1.4760750000000002,1.9515000000000007,1.8416000000000001,22.152637499999997,0.6260039550986825,0.009622586954324176
121.25,23.8,188.5517,SSP2-4.5,2041-2060,7.984799999999979,45.961299999999994,78.1873999999998,1.2149999999999999,1.9223999999999961,1.3966000000000012,20.1115,41.260462499999996,100.95805000000004,1.3333999999999995,3.1747875000000003,1.904975,18.757212499999998,0.6260039550986825,0.0728183673241156
121.25,23.85,197.332,SSP2-4.5,2041-2060,7.662200000000013,40.1919,96.2686000000001,1.3561999999999976,5.179299999999998,1.7483000000000004,15.6654,42.146225,108.75641249999998,1.4389500000000002,4.971337500000001,1.551975,18.5677875,0.6260039550986825,0.13601414769390704
121.25,23.9,202.9011,SSP2-4.5,2041-2060,10.040099999999995,42.815000000000005,126.10839999999985,1.612400000000001,5.9155000000000015,1.3465999999999987,18.7519,42.807387500000004,140.56465000000006,1.6516499999999998,5.519187499999999,1.2476500000000001,18.237025000000003,0.6260039550986825,0.19920992806369398
121.25,23.95,198.7248,SSP2-4.5,2041-2060,19.706700000000012,47.815900000000006,192.76890000000003,2.0138999999999996,4.401699999999998,0.17759999999999998,20.0942,44.856462500000006,194.17945000000003,2.0538750000000006,4.8584,0.7780250000000002,19.3622625,0.6260039550986825,0.26240570843348543
121.25,24.0,184.3078,SSP2-4.5,2041-2060,53.44660000000002,43.9089,316.6887999999999,2.935500000000001,2.7430999999999983,0.3155000000000001,18.9423,45.486050000000006,240.57932500000004,2.3938875,3.4017249999999986,0.5131375000000002,19.12525,0.6260039550986825,0.32560148880327683
121.25,24.05,199.552,SSP2-4.5,2041-2060,63.647099999999995,44.3853,380.1956,3.3781999999999996,0.834500000000002,0.3448000000000011,17.8577,45.3473125,265.7508625,2.6483250000000003,2.710774999999998,0.3812500000000001,18.886049999999997,0.6260039550986825,0.3887972691730683
121.25,24.1,183.641,SSP2-4.5,2041-2060,42.707899999999995,48.1515,317.9913999999999,3.0838,1.2759,0.08279999999999887,19.811500000000002,44.343737499999996,258.5440875,2.5865875,2.214012499999999,0.5696125000000003,18.273325,0.6260039550986825,0.4519930495428597
121.25,24.15,209.9447,SSP2-4.5,2041-2060,22.877999999999986,40.2677,294.5837999999999,2.513200000000001,0.9914000000000023,0.7172000000000001,15.830799999999998,45.34315,194.618425,2.0797624999999997,2.5650874999999997,0.371575,18.266824999999997,0.6260039550986825,0.5151888299126467
121.25,24.2,229.0998,SSP2-4.5,2041-2060,3.8754000000000133,44.78390000000001,118.85249999999996,1.2030999999999992,2.291400000000003,0.3896999999999995,17.088499999999996,44.56335,148.24640000000005,1.4283875,2.5219875,0.3105749999999998,17.462512500000003,0.6260039550986825,0.578384610282438
121.25,24.25,225.2069,SSP2-4.5,2041-2060,0.6873999999999967,46.028,70.47270000000026,0.2975999999999992,2.4706999999999972,0.31209999999999916,17.4692,44.762150000000005,106.49704999999994,0.9237500000000001,2.5588374999999997,0.37177499999999997,17.17525,0.6260039550986825,0.6415803906522295
121.25,24.3,209.9772,SSP2-4.5,2041-2060,6.416799999999995,45.428200000000004,90.55099999999993,0.5529999999999973,1.8931000000000004,0.41719999999999935,17.1673,42.900324999999995,91.55427499999996,0.7585125000000006,2.8862124999999983,0.5793124999999999,16.260575,0.6260039550986825,0.704776171022021
121.25,24.35,223.0774,SSP2-4.5,2041-2060,3.268499999999989,42.8639,106.73189999999977,0.9642000000000017,3.151699999999998,1.3671999999999986,15.915399999999998,40.0647625,86.99543749999995,0.8834750000000002,2.8314624999999998,0.9640125000000004,15.1115375,0.6260039550986825,0.7679719513918124
121.25,24.4,225.9841,SSP2-4.5,2041-2060,4.655499999999989,29.7357,99.70119999999997,1.1898000000000017,3.6879000000000026,1.1690000000000005,11.146200000000002,39.6062,83.69045,1.0517124999999998,2.995262499999999,1.19095,14.8983125,0.6260039550986825,0.8311677317615993
121.25,24.45,242.0057,SSP2-4.5,2041-2060,5.702799999999996,32.9329,88.23239999999987,1.2439,2.968999999999994,1.0914000000000001,12.1865,40.55095,87.40933750000005,1.198774999999999,2.5493500000000004,1.37415,14.864674999999998,0.6260039550986825,0.8943635121313908
121.25,24.5,273.7845,SSP2-4.5,2041-2060,3.1304000000000087,42.839099999999995,89.94140000000016,1.3729999999999976,2.177599999999998,1.1654999999999998,15.438500000000001,41.0286875,89.96791250000004,1.2179374999999988,2.872849999999999,1.6124999999999998,15.4651375,0.6260039550986825,0.9575592925011822
121.25,24.55,315.5168,SSP2-4.5,2041-2060,-3.0815999999999804,42.16759999999999,106.72290000000021,1.2073,3.0844999999999985,2.019,17.3981,43.10408749999999,80.44068750000002,1.1558499999999987,3.2157249999999995,1.8012874999999997,17.3197,0.6260039550986825,1.0207550728709736
121.25,24.6,338.8761,SSP2-4.5,2041-2060,-6.1913000000000125,45.344899999999996,90.29959999999983,0.9292999999999978,3.615500000000001,1.9413999999999998,20.5673,44.4026125,58.69285000000008,1.0456500000000002,4.449774999999999,1.9323125,20.1286,0.6260039550986825,1.0839508532407651
121.25,24.65,318.885,SSP2-4.5,2041-2060,-2.9418999999999755,45.944500000000005,7.811300000000301,0.8192000000000021,5.943099999999998,1.5517000000000003,21.221200000000003,47.0088375,48.700774999999965,1.0790749999999996,4.905374999999999,1.75905,23.95745,0.6260039550986825,1.147146633610552
121.25,24.7,287.2491,SSP2-4.5,2041-2060,12.622299999999996,49.8758,55.890100000000075,1.293099999999999,5.829299999999996,1.5275999999999996,27.6962,49.36215,43.06676249999998,1.0890625000000003,5.5299499999999995,1.5372625000000004,26.740875000000003,0.6260039550986825,1.2103424139803434
121.25,24.75,249.5033,SSP2-4.5,2041-2060,23.137100000000004,53.0733,105.88670000000002,1.3004999999999995,6.986199999999997,1.3672000000000004,31.682699999999997,51.0934125,51.55198749999994,1.0873749999999998,5.488362500000001,1.3790875000000002,29.2553,0.6260039550986825,1.273538194350135
121.25,24.8,195.4141,SSP2-4.5,2041-2060,14.00660000000002,53.742000000000004,89.23579999999993,1.0725999999999978,3.8914000000000044,1.3310000000000013,30.9942,51.846675,60.35233749999995,1.0153374999999998,6.288350000000001,1.1691625000000003,30.6346125,0.6260039550986825,1.3367339747199263
121.25,24.85,154.826,SSP2-4.5,2041-2060,13.101100000000002,49.5505,89.27819999999997,0.9697999999999993,5.703400000000002,0.8569000000000013,29.394199999999998,51.3078,53.99427499999993,1.0277624999999992,6.180612500000001,0.7762875000000002,30.719712500000004,0.6260039550986825,1.3999297550897176
121.25,24.9,142.2652,SSP2-4.5,2041-2060,9.727100000000007,48.5829,64.0815,1.3013000000000012,6.384499999999999,0.05690000000000062,29.223100000000002,49.916812500000006,45.123112499999934,1.1207499999999988,6.230812500000001,0.2689625000000002,29.911050000000003,0.6260039550986825,1.4631255354595045
121.25,24.95,139.2897,SSP2-4.5,2041-2060,8.680700000000002,48.9895,28.407199999999875,1.2759999999999998,7.1965,-0.3138000000000005,29.709600000000002,50.114475,56.09968749999996,1.3335124999999994,5.802387500000001,0.07565000000000022,30.3488125,0.6260039550986825,1.526321315829296
121.25,25.0,141.6408,SSP2-4.5,2041-2060,9.074999999999989,51.157399999999996,72.32809999999995,1.415099999999999,6.456900000000001,0.23449999999999882,31.2231,51.517725,64.24268749999996,1.443662499999999,5.575637500000001,0.03771250000000037,31.401450000000004,0.6260039550986825,1.5895170961990874
121.25,25.05,137.2724,SSP2-4.5,2041-2060,15.167599999999993,54.0686,90.17769999999996,1.426199999999998,4.610300000000002,0.04660000000000153,33.813500000000005,52.7592375,84.83733749999996,1.5508374999999992,5.380387499999999,0.25193750000000004,32.14905,0.6260039550986825,1.652712876568879
121.25,25.1,130.315,SSP2-4.5,2041-2060,16.436399999999992,54.045700000000004,84.15639999999985,1.568200000000001,5.187899999999999,-0.13619999999999877,32.8654,52.95335,90.4679625,1.545812499999999,5.228025,0.23190000000000022,32.124525,0.6260039550986825,1.7159086569386703
121.3,22.95,212.7497,SSP2-4.5,2041-2060,-9.043399999999991,65.5599,18.743200000000115,1.5599000000000025,12.881000000000004,2.0965999999999996,30.7,60.67807500000001,66.9961625,1.8434749999999998,7.293962499999999,2.0941875,27.3699625,0.7316977951799037,-1.0015098989623252
121.3,23.0,206.4605,SSP2-4.5,2041-2060,-1.3382000000000005,61.9729,52.14269999999988,1.8859999999999992,11.256899999999998,2.3500000000000005,28.4904,61.1163125,64.86152500000003,1.9376625000000005,7.65775,2.2196125,27.4973625,0.7316977951799037,-0.9383141185925338
121.3,23.05,210.6232,SSP2-4.5,2041-2060,-1.383800000000008,59.0588,58.317999999999984,2.6401000000000003,6.610299999999995,2.3828000000000005,26.021200000000004,60.4850875,69.82318750000002,1.6011625000000005,7.293537499999999,2.4489125,27.35625,0.7316977951799037,-0.8751183382227424
121.3,23.1,220.1791,SSP2-4.5,2041-2060,-5.697900000000004,60.4831,55.077,1.5162000000000013,9.146499999999996,2.4017,26.2885,59.376737500000004,58.85861250000005,1.5248625000000002,7.2062374999999985,2.5279999999999996,25.930525,0.7316977951799037,-0.811922557852951
121.3,23.15,238.9551,SSP2-4.5,2041-2060,-13.36409999999998,54.6863,36.8896000000002,1.3382000000000005,7.560299999999998,2.481,21.111500000000003,58.28767500000001,46.63862500000002,1.3046500000000005,7.1297250000000005,2.48985,24.982462499999997,0.7316977951799037,-0.748726777483164
121.3,23.2,262.8138,SSP2-4.5,2041-2060,-18.902900000000017,60.3651,11.829999999999927,1.2453000000000003,5.425899999999999,2.5069,25.9942,56.836225000000006,55.20038750000006,1.5599124999999998,6.406237500000001,2.4293000000000005,23.627412500000002,0.7316977951799037,-0.6855309971133726
121.3,23.25,259.1125,SSP2-4.5,2041-2060,-11.943400000000025,56.912000000000006,78.2491,1.8180999999999976,5.975900000000003,2.7638,24.1481,58.4095375,87.22928750000003,1.6771500000000006,5.857537500000001,2.4635875,25.0449625,0.7316977951799037,-0.6223352167435812
121.3,23.3,251.4089,SSP2-4.5,2041-2060,4.403700000000015,58.181000000000004,162.06490000000008,1.699900000000003,4.029299999999999,2.539699999999999,25.165399999999998,60.288987500000005,131.5206,1.9189874999999996,6.322212500000001,2.5963375,26.512037499999998,0.7316977951799037,-0.5591394363737897
121.3,23.35,264.1773,SSP2-4.5,2041-2060,8.235500000000002,61.189299999999996,146.0601999999999,1.9453999999999994,6.4466,2.443100000000001,26.3808,60.4403375,168.805725,1.8624125,6.471774999999999,2.5657375,26.7536375,0.7316977951799037,-0.4959436560039983
121.3,23.4,271.1424,SSP2-4.5,2041-2060,9.222699999999975,63.0284,159.3688000000002,1.605999999999998,8.284500000000001,2.627600000000001,27.3212,61.4583875,176.4234625,1.9300999999999997,6.5392375,2.66035,27.316850000000002,0.7316977951799037,-0.43274787563421135
121.3,23.45,263.8152,SSP2-4.5,2041-2060,18.47289999999998,64.85150000000002,179.23660000000018,1.5558999999999994,7.155200000000001,3.2775999999999996,29.025,61.449862499999995,185.51287500000004,1.8585374999999997,6.092675,2.7390125000000003,27.7000125,0.7316977951799037,-0.3695520952644199
121.3,23.5,266.137,SSP2-4.5,2041-2060,32.54820000000001,63.6639,229.29690000000028,1.5472000000000001,2.572400000000002,3.094800000000001,29.4538,61.256800000000005,212.9292000000001,1.8990999999999998,5.753887499999999,3.1769375,28.230774999999998,0.7316977951799037,-0.3063563148946285
121.3,23.55,253.8481,SSP2-4.5,2041-2060,48.137,59.494600000000005,292.9948000000004,1.7289000000000012,3.2947999999999986,3.8309999999999995,29.1077,59.28355,234.67622500000002,1.8779874999999997,4.8504375,2.837275000000001,27.4254875,0.7316977951799037,-0.24316053452483705
121.3,23.6,231.6263,SSP2-4.5,2041-2060,46.65080000000003,57.329699999999995,298.2656000000002,1.8831000000000007,2.2224000000000004,2.3259000000000007,29.4558,55.23140000000001,241.3523375,1.9043374999999998,5.0502125,2.682525,25.789437500000002,0.7316977951799037,-0.17996475415504562
121.3,23.65,198.8598,SSP2-4.5,2041-2060,43.6739,50.8494,240.05849999999987,2.0816,4.453400000000002,1.9517000000000007,26.490399999999998,52.532812500000006,220.22341249999997,1.8621125000000005,4.225849999999999,2.1715375000000003,24.647850000000002,0.7316977951799037,-0.11676897378525869
121.3,23.7,198.088,SSP2-4.5,2041-2060,30.7611,48.64660000000001,208.21539999999982,2.038400000000001,3.6723999999999997,1.463799999999999,23.299999999999997,50.402762499999994,188.88368750000006,1.7699750000000003,3.052575000000001,2.241575,24.396875,0.7316977951799037,-0.053573193415467256
121.3,23.75,206.5757,SSP2-4.5,2041-2060,20.49769999999998,49.3383,128.32870000000003,1.7974999999999994,1.3672000000000004,1.7138000000000009,25.0827,49.18275,162.23538750000003,1.7188625000000002,3.1976250000000004,2.110125,22.8456625,0.7316977951799037,0.009622586954324176
121.3,23.8,210.7696,SSP2-4.5,2041-2060,20.233900000000006,49.319,110.18090000000007,1.6656999999999993,5.3293000000000035,1.8637999999999995,22.680799999999998,46.299274999999994,146.0208500000001,1.7456624999999997,3.8502125,2.0368625,20.6983125,0.7316977951799037,0.0728183673241156
121.3,23.85,217.8147,SSP2-4.5,2041-2060,26.846600000000024,36.6299,132.82960000000003,1.8125000000000018,6.482800000000005,1.7913999999999994,14.723099999999999,46.267587500000005,147.10300000000004,1.8703374999999995,5.538562499999999,1.8213499999999998,20.2326875,0.7316977951799037,0.13601414769390704
121.3,23.9,216.9464,SSP2-4.5,2041-2060,27.27199999999999,45.299699999999994,168.7002,1.9905000000000008,6.931000000000001,1.6552000000000007,20.8173,43.11855,176.37888750000008,2.0391500000000002,5.2995625,1.5331999999999997,17.960575,0.7316977951799037,0.19920992806369398
121.3,23.95,210.6926,SSP2-4.5,2041-2060,28.19149999999999,39.293800000000005,223.77599999999984,2.209600000000002,4.6275999999999975,1.4189999999999987,16.8404,44.5110875,226.31875000000002,2.3043,4.0840375,1.082975,18.7257125,0.7316977951799037,0.26240570843348543
121.3,24.0,204.0411,SSP2-4.5,2041-2060,45.734700000000004,44.2289,308.3098,2.7894000000000005,1.3430999999999997,0.42410000000000103,17.7712,43.1991,275.5717,2.564975,2.503224999999999,0.8502125000000003,17.7843625,0.7316977951799037,0.32560148880327683
121.3,24.05,201.9381,SSP2-4.5,2041-2060,56.181400000000025,40.6483,371.11850000000004,3.064499999999999,-0.3569000000000031,0.6569000000000003,16.9904,43.5439375,313.11574999999993,2.8702250000000005,1.6622875000000001,0.5732625000000005,17.876662500000002,0.7316977951799037,0.3887972691730683
121.3,24.1,183.4887,SSP2-4.5,2041-2060,44.076899999999995,42.1806,413.37159999999994,3.586400000000001,1.0878999999999976,0.5431000000000008,17.203799999999998,42.646875,298.82422499999996,2.7409125000000003,1.2877250000000005,0.5640000000000003,17.5228375,0.7316977951799037,0.4519930495428597
121.3,24.15,195.9269,SSP2-4.5,2041-2060,22.138900000000007,40.688500000000005,282.5803000000001,2.661999999999999,1.9000000000000021,0.3758999999999997,16.5635,42.52485,233.63842499999993,2.205637500000001,1.8017375000000007,0.5086250000000003,17.220912499999997,0.7316977951799037,0.5151888299126467
121.3,24.2,225.1123,SSP2-4.5,2041-2060,1.6004999999999825,41.9036,123.01440000000002,1.1461000000000006,2.3397000000000006,0.40520000000000067,16.5019,42.73835,160.59323750000004,1.4628000000000005,2.2342750000000002,0.5515249999999998,16.917324999999998,0.7316977951799037,0.578384610282438
121.3,24.25,236.656,SSP2-4.5,2041-2060,2.193899999999985,43.576499999999996,128.73190000000022,0.7702000000000027,1.9913999999999987,0.22589999999999932,16.0481,43.22041250000001,98.34891249999993,0.8809374999999999,2.3062625,0.711425,16.700475,0.7316977951799037,0.6415803906522295
121.3,24.3,221.4116,SSP2-4.5,2041-2060,2.9724999999999966,43.8646,109.08029999999962,0.594100000000001,1.6569000000000003,1.1948000000000008,16.3904,43.1662125,80.31902499999995,0.7182375000000003,2.4954874999999985,0.8167999999999995,16.2531125,0.7316977951799037,0.704776171022021
121.3,24.35,219.0711,SSP2-4.5,2041-2060,1.7605000000000075,42.113899999999994,54.159599999999955,0.5256000000000007,3.0051999999999985,1.0069,15.8346,41.68525,63.514837499999885,0.7986500000000003,2.5978375,1.1534375,15.4949625,0.7316977951799037,0.7679719513918124
121.3,24.4,223.1844,SSP2-4.5,2041-2060,4.977299999999985,43.185300000000005,55.1391000000001,0.7454000000000001,1.3034,1.6897000000000002,15.980799999999999,39.44005,49.31454999999994,0.8644125000000003,3.2821124999999993,1.1861999999999997,14.7896625,0.7316977951799037,0.8311677317615993
121.3,24.45,221.8939,SSP2-4.5,2041-2060,11.615999999999985,38.628,74.49889999999982,1.1717999999999975,2.822400000000002,1.2947999999999986,15.209599999999998,39.90412499999999,54.361462500000044,1.0178749999999996,2.6450374999999995,1.2786749999999998,14.719962500000001,0.7316977951799037,0.8943635121313908
121.3,24.5,233.9166,SSP2-4.5,2041-2060,10.373500000000007,42.78459999999999,85.18159999999989,1.1423999999999985,0.9724000000000004,1.543099999999999,14.7404,40.528212499999995,85.98888750000003,1.1891999999999996,2.646987499999999,1.567025,15.584125,0.7316977951799037,0.9575592925011822
121.3,24.55,262.7394,SSP2-4.5,2041-2060,3.1654000000000337,41.8427,119.9964,1.2184999999999988,2.6845,2.6671999999999993,15.159599999999998,42.3450375,98.98293750000002,1.2644624999999996,1.9946124999999988,1.8465624999999999,17.2826875,0.7316977951799037,1.0207550728709736
121.3,24.6,277.6191,SSP2-4.5,2041-2060,4.237199999999973,46.318599999999996,108.42460000000028,1.4045999999999985,2.2516999999999996,2.5275999999999996,21.676900000000003,43.1874125,94.06327499999998,1.2447250000000007,3.520699999999999,2.08275,19.012024999999998,0.7316977951799037,1.0839508532407651
121.3,24.65,301.9903,SSP2-4.5,2041-2060,8.56740000000002,47.1662,77.6567,1.2542000000000009,5.739699999999999,1.8534000000000006,24.196199999999997,45.0099875,77.52502500000003,1.3175250000000003,4.118325,2.0142249999999997,21.834375,0.7316977951799037,1.147146633610552
121.3,24.7,308.3239,SSP2-4.5,2041-2060,12.291800000000023,42.6955,46.40009999999984,1.3810000000000002,5.5793000000000035,1.7362000000000002,21.692300000000003,48.202087500000005,72.71695000000005,1.3368875000000005,5.9491499999999995,1.7198125000000002,25.483425,0.7316977951799037,1.2103424139803434
121.3,24.75,270.9052,SSP2-4.5,2041-2060,22.84200000000004,46.6193,62.61200000000008,1.3348000000000013,6.667200000000001,1.4379000000000008,24.584600000000002,49.9146875,78.41378749999996,1.2964749999999996,5.634287500000001,1.6769375000000004,28.2697125,0.7316977951799037,1.273538194350135
121.3,24.8,216.2419,SSP2-4.5,2041-2060,15.28740000000002,52.8775,89.52099999999973,1.1753,6.019000000000002,1.7948000000000004,31.5135,50.600012500000005,79.38581250000001,1.2162249999999992,5.888575,1.3573125000000006,29.347099999999998,0.7316977951799037,1.3367339747199263
121.3,24.85,177.3614,SSP2-4.5,2041-2060,10.848899999999986,52.298300000000005,85.49080000000004,1.386499999999998,7.286199999999997,1.1310000000000002,30.6288,50.334999999999994,71.56937499999998,1.1525124999999998,5.5569000000000015,1.0077500000000006,30.1009625,0.7316977951799037,1.3999297550897176
121.3,24.9,149.5874,SSP2-4.5,2041-2060,13.499799999999993,48.813,65.17619999999988,1.3888999999999996,7.036200000000001,0.45690000000000097,30.1154,49.4740625,56.510662500000024,1.2075124999999995,5.977137500000001,0.4226125000000003,29.9545625,0.7316977951799037,1.4631255354595045
121.3,24.95,142.3323,SSP2-4.5,2041-2060,13.070099999999996,48.5591,42.38429999999994,1.2853999999999992,5.927600000000002,-0.23449999999999882,29.821200000000005,49.02415,58.79273749999996,1.303575,6.2584,0.2943875,30.0266875,0.7316977951799037,1.526321315829296
121.3,25.0,140.2247,SSP2-4.5,2041-2060,12.148599999999988,49.212999999999994,96.5818999999999,1.4223,6.396599999999996,0.7879000000000005,30.1423,49.8685875,59.62107499999996,1.3614499999999992,6.073262500000002,0.13082500000000008,30.594237500000002,0.7316977951799037,1.5895170961990874
121.3,25.05,133.8473,SSP2-4.5,2041-2060,12.766600000000011,50.97749999999999,104.83159999999998,1.604499999999998,6.351700000000001,0.756899999999999,31.4615,51.313125,80.83472499999993,1.4660624999999996,5.756475,0.31143750000000037,31.15025,0.7316977951799037,1.652712876568879
121.3,25.1,127.6105,SSP2-4.5,2041-2060,17.76490000000001,53.098099999999995,120.17239999999993,1.622399999999999,3.7689999999999984,0.6052,31.821199999999997,52.137225,83.64392499999994,1.5099999999999993,5.7584125,0.2241500000000003,31.630287499999998,0.7316977951799037,1.7159086569386703
121.3,25.15,130.2116,SSP2-4.5,2041-2060,14.043999999999983,52.1483,76.5924,1.4665999999999997,5.596600000000002,0.2931000000000008,30.9981,52.51925,90.54161249999993,1.5215124999999992,5.5469875,0.29052500000000014,32.09375,0.7316977951799037,1.7791044373084572
121.35,23.05,216.5907,SSP2-4.5,2041-2060,-4.7760000000000105,63.13849999999999,66.55250000000001,1.3398000000000003,11.6466,2.6137999999999995,29.336499999999997,60.556512500000004,66.17110000000002,1.6649875,7.611187499999998,2.5558125,26.5836625,0.837391635261125,-0.8751183382227424
121.35,23.1,223.9805,SSP2-4.5,2041-2060,-6.943299999999994,60.7589,69.57600000000002,1.1212000000000018,10.548300000000001,3.1016999999999992,27.6115,59.510450000000006,67.02355000000006,1.5344125000000002,8.107312499999999,2.5786625,25.3853375,0.837391635261125,-0.811922557852951
121.35,23.15,217.1935,SSP2-4.5,2041-2060,-3.476300000000009,58.809400000000004,45.06600000000003,1.5166000000000004,8.758600000000001,2.6034000000000006,23.563499999999998,58.295649999999995,62.21772500000003,1.4099375000000003,7.852149999999999,2.6193875,24.205287499999997,0.837391635261125,-0.748726777483164
121.35,23.2,235.3941,SSP2-4.5,2041-2060,-9.974500000000006,53.6024,20.49240000000009,1.5,5.237900000000003,2.2672000000000008,20.513499999999997,57.9785875,70.73406250000002,1.59055,7.397425,2.587275,24.0771625,0.837391635261125,-0.6855309971133726
121.35,23.25,226.3064,SSP2-4.5,2041-2060,-4.156499999999994,59.11580000000001,80.48980000000006,1.7988,4.900000000000006,2.3052,26.517300000000002,57.92335,98.74731249999999,1.7782875000000002,6.8191875,2.6217625,24.343525,0.837391635261125,-0.6223352167435812
121.35,23.3,217.9439,SSP2-4.5,2041-2060,11.42179999999999,57.8828,144.01839999999993,2.161100000000001,7.710299999999997,2.562099999999999,25.4135,58.8026375,135.82850000000005,1.944125,6.4825625,2.7323250000000003,25.181024999999998,0.837391635261125,-0.5591394363737897
121.35,23.35,247.5784,SSP2-4.5,2041-2060,8.22920000000002,59.37819999999999,131.2587000000001,2.1557999999999993,7.220699999999997,2.6034000000000006,26.073100000000004,59.705087500000005,153.4320625,1.9248500000000006,7.0163875,2.7584125,25.76445,0.837391635261125,-0.4959436560039983
121.35,23.4,262.7087,SSP2-4.5,2041-2060,7.287800000000004,58.732800000000005,87.4201999999998,1.864799999999999,7.449999999999999,2.1121,25.725,60.4647,151.08000000000004,1.97385,7.493762499999999,2.8379375000000002,26.357950000000002,0.837391635261125,-0.43274787563421135
121.35,23.45,243.0505,SSP2-4.5,2041-2060,18.463000000000022,57.937400000000004,91.38290000000006,2.3210999999999995,8.417199999999998,2.5328,25.065399999999997,61.0278875,149.55133750000002,1.9159499999999998,7.288375,2.7383625,27.324275,0.837391635261125,-0.3695520952644199
121.35,23.5,239.3016,SSP2-4.5,2041-2060,20.833500000000015,59.597199999999994,101.01729999999998,2.093099999999998,8.169,2.6586,26.886499999999998,59.8864875,169.2349875000001,2.039875,6.6525875,2.8415875,27.4048,0.837391635261125,-0.3063563148946285
121.35,23.55,232.5434,SSP2-4.5,2041-2060,36.42010000000002,59.2262,166.8161,2.0397999999999996,6.489699999999999,2.8672000000000004,27.803799999999995,58.7632875,190.50757500000014,2.0126625000000002,5.687712500000001,2.5812375,27.167075,0.837391635261125,-0.24316053452483705
121.35,23.6,240.6029,SSP2-4.5,2041-2060,39.415299999999974,60.124500000000005,219.57050000000004,1.9364000000000008,5.465499999999999,2.1654999999999998,25.513500000000004,56.0881625,209.84258750000012,2.0021125,5.5015125000000005,2.5180875,26.8065,0.837391635261125,-0.17996475415504562
121.35,23.65,236.2236,SSP2-4.5,2041-2060,33.04069999999999,50.596799999999995,222.75639999999999,1.7796000000000003,6.0844999999999985,2.4361999999999995,24.965400000000002,55.602450000000005,211.23018750000003,2.0192625000000004,5.1881375,2.159475,25.657937500000003,0.837391635261125,-0.11676897378525869
121.35,23.7,250.289,SSP2-4.5,2041-2060,29.375,55.2573,156.99049999999988,1.8839000000000006,5.3879,2.910300000000001,25.0038,53.5468125,214.77311250000005,2.0230375,4.856675,2.1405125,24.930774999999997,0.837391635261125,-0.053573193415467256
121.35,23.75,267.4969,SSP2-4.5,2041-2060,36.355999999999995,56.203199999999995,282.85180000000037,2.1912000000000003,2.220700000000001,2.9861999999999984,25.5654,52.014787500000004,179.3917375,1.9642000000000002,5.366362500000001,2.1474124999999997,23.468024999999997,0.837391635261125,0.009622586954324176
121.35,23.8,253.1649,SSP2-4.5,2041-2060,31.45750000000004,48.6158,192.33619999999996,2.2643999999999984,6.836199999999998,2.299999999999999,21.6519,50.212075,174.89496250000016,2.0080375000000004,5.307100000000002,2.2271624999999995,21.9956875,0.837391635261125,0.0728183673241156
121.35,23.85,261.0585,SSP2-4.5,2041-2060,42.881200000000035,50.0743,175.58180000000038,2.4482,7.074100000000001,2.1293000000000006,21.75,46.9018375,184.46648750000006,2.0775125,5.952575000000001,2.1627249999999996,19.6428,0.837391635261125,0.13601414769390704
121.35,23.9,256.0584,SSP2-4.5,2041-2060,43.039800000000014,47.8637,229.46050000000014,2.4102999999999994,5.120699999999999,2.1309999999999985,20.432699999999997,43.6944875,196.46131250000005,2.2345375,5.5816625,1.832775,17.480774999999998,0.837391635261125,0.19920992806369398
121.35,23.95,241.2656,SSP2-4.5,2041-2060,41.4606,40.26390000000001,234.23730000000023,2.450099999999999,3.5947999999999993,1.522400000000001,15.4269,44.085425,225.3824875,2.2786375000000003,4.364862500000001,1.4795374999999997,17.8218875,0.837391635261125,0.26240570843348543
121.35,24.0,253.4908,SSP2-4.5,2041-2060,39.541799999999995,43.892700000000005,234.27610000000004,2.2322999999999986,2.6224000000000025,1.0914000000000001,17.569200000000002,43.2536375,240.21705000000003,2.4128125000000002,3.2064624999999993,1.09935,17.547125,0.837391635261125,0.32560148880327683
121.35,24.05,255.8123,SSP2-4.5,2041-2060,39.12130000000002,45.38399999999999,251.51240000000007,2.2357000000000014,1.5585999999999984,1.2741000000000007,18.553800000000003,43.1918625,263.0415,2.6242374999999996,2.55345,0.6969750000000003,17.714425,0.837391635261125,0.3887972691730683
121.35,24.1,214.4599,SSP2-4.5,2041-2060,21.985500000000002,36.21960000000001,282.5802999999996,2.7205000000000013,1.8328000000000024,0.5103000000000009,15.3038,43.920637500000005,247.48453750000004,2.53245,2.538137499999999,0.6493500000000001,18.0464,0.837391635261125,0.4519930495428597
121.35,24.15,215.3173,SSP2-4.5,2041-2060,6.177999999999997,45.4301,210.03150000000005,2.269400000000001,2.2654999999999994,0.5500000000000007,19.2712,42.23705,192.37401249999994,2.0491875000000004,2.9338375,0.6627125000000003,16.95625,0.837391635261125,0.5151888299126467
121.35,24.2,255.9653,SSP2-4.5,2041-2060,-4.077300000000008,41.26180000000001,108.68190000000004,1.122600000000002,2.3293,0.8707000000000011,16.7558,43.196775,124.19448750000004,1.4519250000000006,3.122425,0.7340624999999996,17.173575,0.837391635261125,0.578384610282438
121.35,24.25,256.3137,SSP2-4.5,2041-2060,-1.8770999999999844,39.8703,70.81129999999985,0.8643000000000001,3.634499999999999,0.970699999999999,16.311500000000002,42.45055000000001,81.85419999999999,1.0061125000000009,2.5002250000000004,0.8719750000000002,16.3211625,0.837391635261125,0.6415803906522295
121.35,24.3,226.5923,SSP2-4.5,2041-2060,7.902900000000017,42.6229,95.32719999999972,1.2667000000000002,1.8344999999999985,1.1310000000000002,15.919199999999998,41.760425,64.63152500000007,0.8029750000000004,2.4692,0.8724124999999998,15.8387,0.837391635261125,0.704776171022021
121.35,24.35,215.3445,SSP2-4.5,2041-2060,2.404699999999991,42.826,25.766599999999926,0.5043000000000006,1.9827999999999975,1.1034000000000006,15.3596,42.2639375,44.82884999999999,0.8415750000000002,2.6228375000000006,1.016375,15.94375,0.837391635261125,0.7679719513918124
121.35,24.4,218.0868,SSP2-4.5,2041-2060,8.455999999999989,42.955400000000004,-74.17859999999996,0.5716999999999999,5.272400000000001,1.155199999999999,16.080800000000004,43.03845,38.695425,0.8518124999999999,2.9390000000000005,1.106025,16.737975,0.837391635261125,0.8311677317615993
121.35,24.45,218.0459,SSP2-4.5,2041-2060,12.43210000000002,43.4646,19.60440000000017,0.7439999999999998,3.365500000000001,1.3017000000000003,16.5846,43.527100000000004,36.58713749999998,1.0057874999999998,2.8030000000000013,1.2180999999999997,17.1478375,0.837391635261125,0.8943635121313908
121.35,24.5,238.1233,SSP2-4.5,2041-2060,20.662299999999988,41.33540000000001,71.27020000000016,1.1327999999999996,1.4120999999999988,1.1137999999999995,15.6019,42.6554375,73.02901249999994,1.1906374999999998,2.774987500000001,1.5443875,17.047824999999996,0.837391635261125,0.9575592925011822
121.35,24.55,256.441,SSP2-4.5,2041-2060,16.34530000000001,41.0154,117.64449999999988,1.4223000000000035,2.6602999999999994,1.8828000000000014,17.0942,41.406125,102.61097499999997,1.3484124999999998,1.519837499999999,1.8933124999999997,16.862012500000002,0.837391635261125,1.0207550728709736
121.35,24.6,250.5095,SSP2-4.5,2041-2060,16.054899999999975,36.95470000000001,122.37869999999975,1.5040000000000013,-0.2172000000000054,2.5793,15.744200000000001,42.8690875,113.65668749999992,1.4378375000000005,2.8064749999999994,2.1301625,19.1211625,0.837391635261125,1.0839508532407651
121.35,24.65,265.6146,SSP2-4.5,2041-2060,16.017100000000028,45.06329999999999,109.99609999999984,1.6030000000000015,4.655200000000001,2.1671999999999993,20.7154,43.7640375,101.1712,1.4703875000000006,3.1084249999999995,2.1965500000000002,21.3598625,0.837391635261125,1.147146633610552
121.35,24.7,295.0779,SSP2-4.5,2041-2060,14.738299999999981,47.882600000000004,78.9997000000003,1.6060000000000016,5.289700000000003,2.0828000000000007,25.361500000000003,46.040162499999994,93.71851249999992,1.4463875000000006,5.060575,1.9023625000000002,23.543525000000002,0.837391635261125,1.2103424139803434
121.35,24.75,290.8384,SSP2-4.5,2041-2060,17.402000000000044,49.9917,82.88299999999981,1.4842999999999975,6.482800000000001,1.7706999999999997,28.4096,47.484787499999996,87.70305000000002,1.3618875000000008,5.3575625,1.6993625000000003,25.960100000000004,0.837391635261125,1.273538194350135
121.35,24.8,259.6651,SSP2-4.5,2041-2060,13.146000000000015,49.1791,78.49389999999994,1.059000000000001,4.996599999999997,1.805200000000001,28.8077,49.53818749999999,80.76293750000002,1.3132374999999996,5.845700000000001,1.3506375000000002,28.323075000000003,0.837391635261125,1.3367339747199263
121.35,24.85,214.0627,SSP2-4.5,2041-2060,14.261300000000006,50.34589999999999,41.20610000000033,1.1222999999999992,5.094800000000003,1.1585999999999999,30.275,50.3635,71.30268749999999,1.1931249999999998,5.68945,1.0913750000000004,29.928600000000003,0.837391635261125,1.3999297550897176
121.35,24.9,163.7108,SSP2-4.5,2041-2060,15.880799999999994,49.589099999999995,55.56230000000005,1.1309000000000005,5.3293000000000035,0.6016999999999992,30.4846,49.50149999999999,47.361662499999994,1.2146124999999994,5.927150000000001,0.7305875000000006,30.066825,0.837391635261125,1.4631255354595045
121.35,24.95,153.6637,SSP2-4.5,2041-2060,12.904399999999981,47.877199999999995,45.67489999999998,1.187899999999999,4.894800000000004,0.12410000000000032,30.1,48.9945625,52.46317499999995,1.2828874999999997,5.9388,0.6295125000000004,30.1012,0.837391635261125,1.526321315829296
121.35,25.0,151.0352,SSP2-4.5,2041-2060,6.893900000000002,47.97109999999999,42.52980000000002,1.3062000000000005,6.372399999999999,0.40690000000000026,29.215400000000002,49.12349999999999,58.24844999999996,1.409537499999999,6.161225,0.45365,30.404325,0.837391635261125,1.5895170961990874
121.35,25.05,144.0754,SSP2-4.5,2041-2060,11.601499999999987,49.348299999999995,50.63499999999999,1.3902999999999999,6.775900000000004,0.025900000000000034,29.409599999999998,50.41305,75.60114999999996,1.504574999999999,6.032562499999999,0.5224124999999997,30.8288375,0.837391635261125,1.652712876568879
121.35,25.1,135.6902,SSP2-4.5,2041-2060,14.622199999999992,51.602799999999995,90.09649999999988,1.5777999999999999,6.4827999999999975,0.5207000000000006,30.711499999999997,51.1482375,74.46848749999995,1.4886999999999992,6.170712500000001,0.34504999999999975,31.2689875,0.837391635261125,1.7159086569386703
121.35,25.15,133.6245,SSP2-4.5,2041-2060,13.9195,50.89810000000001,92.5197999999998,1.5062999999999995,5.320700000000002,0.4361999999999995,31.3077,51.0455,68.21178749999996,1.3779999999999997,5.476325000000001,0.205175,31.16585,0.837391635261125,1.7791044373084572
121.4,23.1,213.0608,SSP2-4.5,2041-2060,-0.6922999999999888,60.313900000000004,113.71590000000015,1.4656999999999982,7.165499999999998,2.8466000000000005,24.950000000000003,58.4542625,60.476800000000026,1.4281125000000006,8.828875,2.6023499999999995,24.4497625,0.9430854753423764,-0.811922557852951
121.4,23.15,207.1675,SSP2-4.5,2041-2060,1.6947000000000116,58.337599999999995,100.54150000000004,1.4803999999999995,8.1466,2.756899999999999,23.7596,58.36398749999999,70.63736250000005,1.4760625000000003,8.666162499999999,2.6493375,24.3262,0.9430854753423764,-0.748726777483164
121.4,23.2,202.9342,SSP2-4.5,2041-2060,5.062899999999985,57.8179,89.61939999999981,1.6125000000000007,9.586199999999998,2.5930999999999997,23.4135,58.646225,81.97998750000005,1.6495249999999997,7.027812500000001,2.6284375,24.4247625,0.9430854753423764,-0.6855309971133726
121.4,23.25,192.7873,SSP2-4.5,2041-2060,12.680599999999998,57.784600000000005,123.1871000000001,1.9145000000000003,8.825899999999997,2.6879,24.109600000000004,57.856325,117.65485000000001,1.8321125,7.140087500000001,2.7178875,24.067812500000002,0.9430854753423764,-0.6223352167435812
121.4,23.3,189.4785,SSP2-4.5,2041-2060,21.099700000000013,60.841,160.5172,2.274899999999999,7.762100000000004,3.053400000000001,25.9904,58.758112499999996,141.35795000000005,1.9573000000000005,7.106475,2.804525,25.149774999999998,0.9430854753423764,-0.5591394363737897
121.4,23.35,214.6207,SSP2-4.5,2041-2060,28.272899999999993,57.019200000000005,204.80100000000016,1.9456000000000024,6.699999999999999,3.4621000000000004,23.0635,59.46265,139.8156625,2.0026249999999997,7.307337499999999,2.7644374999999997,25.703625000000002,0.9430854753423764,-0.4959436560039983
121.4,23.4,225.7963,SSP2-4.5,2041-2060,25.7312,60.7662,163.20579999999995,1.9011000000000031,7.7483,3.2672,27.0558,58.833825,132.9678,2.089625,7.392674999999999,2.7155375,25.432212500000002,0.9430854753423764,-0.43274787563421135
121.4,23.45,214.7204,SSP2-4.5,2041-2060,28.0557,59.547399999999996,133.3259999999998,2.3598999999999997,7.977599999999999,2.489699999999999,26.8788,58.9518875,123.27733749999999,2.1556499999999996,7.597849999999999,2.64505,26.08005,0.9430854753423764,-0.3695520952644199
121.4,23.5,220.4992,SSP2-4.5,2041-2060,28.852299999999985,58.03569999999999,143.53909999999996,2.3996000000000013,8.950000000000003,2.3792999999999997,26.2481,58.301525,120.8383,2.288249999999999,7.656475,2.5650874999999997,26.0499875,0.9430854753423764,-0.3063563148946285
121.4,23.55,226.6173,SSP2-4.5,2041-2060,30.02710000000002,56.3352,117.28750000000014,2.3665999999999983,8.363800000000001,2.260299999999999,25.655800000000003,57.910725,134.02783750000006,2.2000624999999996,7.0082,2.4706875000000004,25.725475000000003,0.9430854753423764,-0.24316053452483705
121.4,23.6,249.4343,SSP2-4.5,2041-2060,25.531299999999987,55.525499999999994,122.0889000000002,2.1464,6.463800000000003,1.9344999999999999,25.015400000000003,56.8412625,163.66612500000005,2.1236749999999995,6.894187499999999,2.4187374999999998,25.3978375,0.9430854753423764,-0.17996475415504562
121.4,23.65,262.2052,SSP2-4.5,2041-2060,19.48950000000002,59.3479,218.4729000000002,1.9909,6.639699999999998,2.5379000000000005,25.957700000000003,56.09125,177.975425,2.129775,6.237924999999999,2.2661625,24.817062500000002,0.9430854753423764,-0.11676897378525869
121.4,23.7,262.7116,SSP2-4.5,2041-2060,19.87050000000005,57.73870000000001,226.17920000000004,2.1934000000000005,7.199999999999999,1.9861999999999984,24.5269,56.2680125,202.25422500000005,2.0913500000000003,6.081249999999999,2.3454749999999995,25.382937500000004,0.9430854753423764,-0.053573193415467256
121.4,23.75,249.325,SSP2-4.5,2041-2060,23.15300000000002,55.6536,191.32200000000012,2.111700000000001,7.215500000000002,2.0482999999999993,23.5577,55.5392,192.87021250000006,2.0275,6.101074999999999,2.377375,24.8485625,0.9430854753423764,0.009622586954324176
121.4,23.8,285.1217,SSP2-4.5,2041-2060,10.333900000000028,51.54899999999999,221.58100000000013,1.7586000000000013,5.9224,2.8930999999999987,21.940399999999997,54.322950000000006,173.2751625000002,2.0967624999999996,6.668950000000001,2.26165,23.500974999999997,0.9430854753423764,0.0728183673241156
121.4,23.85,276.9052,SSP2-4.5,2041-2060,30.000400000000013,52.9293,156.48390000000018,2.2789,6.844799999999999,2.391400000000001,20.665399999999998,49.82385,188.78505000000015,2.152299999999999,6.120675,2.233625,20.1331875,0.9430854753423764,0.13601414769390704
121.4,23.9,283.5294,SSP2-4.5,2041-2060,45.0822,43.008300000000006,264.15959999999995,2.4391999999999996,4.153400000000001,2.2759,14.230799999999999,47.5958125,188.03000000000014,2.3079624999999995,5.758825,1.9674500000000001,18.25,0.9430854753423764,0.19920992806369398
121.4,23.95,272.3215,SSP2-4.5,2041-2060,45.32479999999998,42.0567,215.92209999999977,2.247299999999999,4.944800000000001,1.477599999999999,15.3923,45.9727,202.31258750000012,2.265199999999999,4.681687500000001,1.682975,17.5603375,0.9430854753423764,0.26240570843348543
121.4,24.0,285.9052,SSP2-4.5,2041-2060,30.932999999999993,47.0396,158.45560000000023,1.9105000000000008,5.175900000000002,1.3620999999999999,19.521199999999997,45.600575000000006,192.8176125,2.2814874999999994,4.2834,1.2812375000000003,18.1843625,0.9430854753423764,0.32560148880327683
121.4,24.05,298.1246,SSP2-4.5,2041-2060,14.808500000000038,47.1139,158.40470000000005,2.3953999999999986,4.7638,0.6585999999999999,19.8808,44.8191125,193.2338375,2.2521,3.7125000000000012,0.9831875000000001,18.2432625,0.9430854753423764,0.3887972691730683
121.4,24.1,280.8568,SSP2-4.5,2041-2060,6.755299999999977,44.2113,177.81539999999995,2.2948999999999984,3.9586000000000006,0.3292999999999999,17.475,44.6335625,178.74712499999993,2.2093125000000002,3.3838375000000003,0.8155124999999999,18.5149125,0.9430854753423764,0.4519930495428597
121.4,24.15,300.9809,SSP2-4.5,2041-2060,-9.236500000000035,45.7084,115.04190000000017,1.7513000000000005,5.1275999999999975,0.8068999999999988,18.432699999999997,43.8633625,146.9008624999999,1.8717375,3.3603375000000004,0.8424500000000001,17.8468875,0.9430854753423764,0.5151888299126467
121.4,24.2,324.1519,SSP2-4.5,2041-2060,-19.847500000000025,45.72260000000001,35.906299999999646,1.1097000000000001,4.8948,1.4603000000000002,17.4135,44.338175,91.24378750000002,1.4137,3.4273749999999996,0.9564749999999997,18.180300000000003,0.9430854753423764,0.578384610282438
121.4,24.25,276.7358,SSP2-4.5,2041-2060,-8.37809999999996,42.6742,27.438300000000254,1.0424000000000007,2.8259000000000007,1.0775999999999986,16.8462,42.761137500000004,44.638837499999994,1.07315,3.3859875,1.0642125000000002,16.89085,0.9430854753423764,0.6415803906522295
121.4,24.3,230.4741,SSP2-4.5,2041-2060,2.7005000000000052,37.97820000000001,26.6533000000004,0.9970999999999997,2.129300000000004,0.6103000000000005,14.6942,40.7710625,34.37930000000003,0.9707124999999999,2.6256625,1.0213374999999998,15.660325,0.9430854753423764,0.704776171022021
121.4,24.35,225.9675,SSP2-4.5,2041-2060,1.5183999999999855,41.179700000000004,74.41090000000031,1.1257999999999981,2.5275999999999996,0.7896999999999998,15.224999999999998,39.8488625,24.308525000000003,0.9509500000000006,2.5780125000000007,0.932525,15.099987500000001,0.9430854753423764,0.7679719513918124
121.4,24.4,220.9495,SSP2-4.5,2041-2060,6.444099999999992,44.211499999999994,18.03899999999976,0.9062000000000019,3.2534000000000027,0.5533999999999999,17.425,40.718175,33.456000000000046,0.9989624999999998,2.9581875000000006,1.0859875,15.77355,0.9430854753423764,0.8311677317615993
121.4,24.45,228.7963,SSP2-4.5,2041-2060,8.1036,48.6986,-12.055100000000039,1.0914000000000001,5.251700000000003,1.108600000000001,22.284600000000005,43.180512500000006,46.88614999999999,1.0964875000000003,2.946112500000001,1.1204749999999999,17.184849999999997,0.9430854753423764,0.8943635121313908
121.4,24.5,258.4791,SSP2-4.5,2041-2060,22.20580000000001,46.418,74.80200000000013,1.284600000000001,2.1362000000000023,1.286200000000001,19.8596,44.323425,74.56301249999993,1.2399,3.31055,1.4107750000000003,18.8100875,0.9430854753423764,0.9575592925011822
121.4,24.55,271.0039,SSP2-4.5,2041-2060,23.366800000000012,38.3916,104.55939999999964,1.450099999999999,2.306899999999999,1.2706999999999997,15.45,43.2426,112.51798749999998,1.4242250000000012,2.403662499999999,1.8344875000000003,18.966825,0.9430854753423764,1.0207550728709736
121.4,24.6,252.2096,SSP2-4.5,2041-2060,28.98350000000002,37.2034,134.2748999999999,1.6503000000000014,0.6120999999999981,2.1586,16.6635,42.482,134.9673499999999,1.527000000000001,3.024349999999999,2.1342625,19.260575,0.9430854753423764,1.0839508532407651
121.4,24.65,243.4296,SSP2-4.5,2041-2060,31.80079999999998,45.9515,136.70089999999982,1.4997000000000007,1.5413999999999994,2.5138000000000016,22.0135,41.1234375,133.3160375,1.5871375000000012,3.4685499999999996,2.1986999999999997,19.5060125,0.9430854753423764,1.147146633610552
121.4,24.7,262.8641,SSP2-4.5,2041-2060,27.36129999999997,45.939800000000005,104.5340000000001,1.4633000000000003,4.070699999999999,2.1206999999999994,23.530800000000003,43.8929,133.20069999999993,1.5425875000000007,4.583425000000001,2.0450375000000003,22.0430375,0.9430854753423764,1.2103424139803434
121.4,24.75,272.7705,SSP2-4.5,2041-2060,20.8836,44.89399999999999,128.96529999999984,1.5508000000000024,5.7483,1.6189999999999998,23.2058,45.942125,116.66070000000008,1.4116625000000007,4.662100000000001,1.7493625000000002,24.9149125,0.9430854753423764,1.273538194350135
121.4,24.8,272.6348,SSP2-4.5,2041-2060,13.591400000000021,49.790499999999994,112.09840000000031,1.3248999999999995,4.489699999999999,0.9983000000000004,28.984599999999997,47.557599999999994,94.74795000000006,1.2952500000000002,4.8183375,1.4377125,26.9142,0.9430854753423764,1.3367339747199263
121.4,24.85,248.1649,SSP2-4.5,2041-2060,9.875,49.488299999999995,43.32690000000002,1.126999999999999,4.977599999999999,0.8948,28.9827,48.7566625,70.08426250000014,1.1339500000000005,4.6327625,1.0685375000000001,28.9375,0.9430854753423764,1.3999297550897176
121.4,24.9,199.7681,SSP2-4.5,2041-2060,16.732399999999984,50.87219999999999,40.75199999999995,0.9525000000000006,5.381,1.0483000000000011,29.9115,48.2160875,32.771037500000034,1.1214749999999998,5.167675000000001,0.8409249999999999,29.6,0.9430854753423764,1.4631255354595045
121.4,24.95,168.4861,SSP2-4.5,2041-2060,6.079399999999993,47.757999999999996,14.88209999999981,1.2664000000000009,6.818999999999999,1.2655000000000012,30.699999999999996,48.10804999999999,25.310487499999994,1.1431749999999998,5.44375,0.6978374999999999,29.754075,0.9430854753423764,1.526321315829296
121.4,25.0,155.8292,SSP2-4.5,2041-2060,2.743300000000005,49.181,61.83680000000004,1.5104999999999968,4.248299999999997,0.7033999999999985,30.419199999999996,47.922349999999994,24.77457499999997,1.2885624999999998,6.329112500000001,0.5903,30.1278875,0.9430854753423764,1.5895170961990874
121.4,25.05,152.3147,SSP2-4.5,2041-2060,6.251300000000015,50.0739,49.16100000000006,1.6089999999999982,7.8759000000000015,0.1999999999999993,31.180799999999998,49.0096375,42.596674999999976,1.3670999999999998,5.966612499999999,0.48189999999999966,30.517287500000002,0.9430854753423764,1.652712876568879
121.4,25.1,155.8915,SSP2-4.5,2041-2060,5.979799999999983,51.187,39.59919999999988,1.3839000000000006,6.7638,0.1982999999999997,31.6788,50.0287125,62.64153749999997,1.4062749999999995,6.023087500000001,0.2941749999999995,31.1442125,0.9430854753423764,1.7159086569386703
121.4,25.15,151.4827,SSP2-4.5,2041-2060,8.291500000000013,51.454699999999995,62.23649999999998,1.3265999999999991,6.912100000000002,0.24479999999999968,32.294200000000004,50.3342,59.89181249999996,1.2470124999999999,5.210800000000001,0.2215374999999996,31.4740125,0.9430854753423764,1.7791044373084572
121.4,25.2,142.1568,SSP2-4.5,2041-2060,8.497399999999999,49.5876,39.06549999999993,1.1171000000000006,2.9052000000000007,-0.1982999999999997,31.059600000000003,50.669912499999995,37.975975000000005,1.0998499999999996,5.395487500000001,-0.016400000000000414,31.812962499999998,0.9430854753423764,1.8423002176782488
121.45,23.3,182.6812,SSP2-4.5,2041-2060,28.790700000000015,58.2339,140.7591,1.8835999999999977,7.0776,2.743099999999999,23.8712,59.0411125,144.10128750000004,1.9988875000000004,7.4812625,2.975,25.27645,1.0487793154235978,-0.5591394363737897
121.45,23.35,188.4775,SSP2-4.5,2041-2060,31.66760000000002,59.8842,143.14370000000008,1.8979,6.6690000000000005,2.8051999999999992,25.094199999999997,59.0723375,142.33582500000003,2.0433874999999997,7.353675,2.9801625000000005,25.336312500000002,1.0487793154235978,-0.4959436560039983
121.45,23.4,205.0619,SSP2-4.5,2041-2060,31.164299999999997,59.982099999999996,148.20220000000018,1.8817999999999984,6.820699999999999,2.9689999999999994,26.4058,58.8235375,128.7344875,2.04615,7.400225,2.9066875,25.28485,1.0487793154235978,-0.43274787563421135
121.45,23.45,199.9067,SSP2-4.5,2041-2060,32.533500000000004,58.1893,124.20769999999993,2.290099999999999,7.886200000000002,2.75,25.151900000000005,59.0731375,112.73300000000003,2.1542874999999997,7.4778125,2.7607749999999998,26.260575000000003,1.0487793154235978,-0.3695520952644199
121.45,23.5,207.711,SSP2-4.5,2041-2060,26.478199999999987,58.3744,127.24350000000004,2.493599999999999,5.3414,2.4914000000000005,26.101899999999997,58.34601249999999,100.88775000000007,2.2392249999999994,8.125225,2.6331875,25.9072125,1.0487793154235978,-0.3063563148946285
121.45,23.55,219.2241,SSP2-4.5,2041-2060,26.082099999999997,57.2051,105.42540000000008,2.341799999999999,8.6069,2.470700000000001,24.8558,57.375924999999995,103.30885000000012,2.1652249999999995,7.112725000000001,2.6467625,25.5911125,1.0487793154235978,-0.24316053452483705
121.45,23.6,240.6733,SSP2-4.5,2041-2060,19.656199999999984,55.1972,86.52190000000019,2.149799999999999,6.5793,2.798300000000001,23.378800000000002,57.2302625,134.87638750000008,2.1063499999999995,7.07415,2.4948249999999996,25.38775,1.0487793154235978,-0.17996475415504562
121.45,23.65,240.973,SSP2-4.5,2041-2060,19.958500000000015,56.69720000000001,172.47829999999976,2.384499999999999,6.924099999999999,1.8137999999999987,25.051900000000003,56.830975,164.8056250000001,2.1053499999999996,6.4023875,2.4138,24.7891875,1.0487793154235978,-0.11676897378525869
121.45,23.7,232.4353,SSP2-4.5,2041-2060,25.110800000000012,57.5928,217.21769999999992,2.5641999999999996,5.798299999999998,2.0845000000000002,25.080800000000004,57.390912500000006,173.4547000000001,2.046312500000001,7.0388,2.0801874999999996,25.189425,1.0487793154235978,-0.053573193415467256
121.45,23.75,240.1365,SSP2-4.5,2041-2060,17.426499999999976,58.795300000000005,155.94420000000014,1.8248000000000033,8.3793,1.9466,27.8808,57.237637500000005,152.3919125000001,1.9529000000000003,6.597637499999999,2.1094999999999997,25.219,1.0487793154235978,0.009622586954324176
121.45,23.8,259.8564,SSP2-4.5,2041-2060,10.616199999999992,58.5615,89.86110000000008,1.5394999999999968,7.063799999999997,1.9121000000000006,27.138499999999997,57.0248875,128.68246250000013,1.8947375000000004,6.87715,2.13945,24.9718875,1.0487793154235978,0.0728183673241156
121.45,23.85,273.9441,SSP2-4.5,2041-2060,17.602300000000014,53.750600000000006,141.82030000000032,2.1153999999999975,7.717200000000002,2.3793000000000006,19.7981,54.2325,131.10591250000004,1.9470499999999995,6.01595,2.0864375,23.0281375,1.0487793154235978,0.13601414769390704
121.45,23.9,282.4909,SSP2-4.5,2041-2060,33.055499999999995,45.1676,195.47990000000027,2.242799999999999,5.0776,1.8483,14.123099999999999,52.265025,130.8138624999999,2.1419249999999996,6.2614125000000005,1.9560375,21.2817375,1.0487793154235978,0.19920992806369398
121.45,23.95,282.5981,SSP2-4.5,2041-2060,35.151400000000024,48.6604,155.25419999999986,2.2706999999999997,5.6966,1.8603000000000005,18.4115,48.927437499999996,135.86004999999994,2.1379625,5.772412500000001,1.7110124999999998,19.181987499999998,1.0487793154235978,0.26240570843348543
121.45,24.0,299.6006,SSP2-4.5,2041-2060,30.514800000000037,51.885400000000004,147.17750000000024,2.1656999999999993,6.0121,1.3724000000000007,20.7673,47.461712500000004,123.46086249999985,2.17065,5.57565,1.43535,19.4279,1.0487793154235978,0.32560148880327683
121.45,24.05,329.8432,SSP2-4.5,2041-2060,9.443600000000004,45.5476,145.7565999999997,2.2546999999999997,5.074100000000001,0.9931000000000001,19.4731,46.84055000000001,129.29308749999996,2.1615,4.7500125,1.0687624999999998,19.0913625,1.0487793154235978,0.3887972691730683
121.45,24.1,358.1538,SSP2-4.5,2041-2060,-4.666499999999985,44.372699999999995,148.29680000000008,2.2025000000000006,3.4655000000000022,0.9327999999999985,17.2827,46.283875,126.98427499999991,2.074125,4.0437625,0.8771625,19.4108375,1.0487793154235978,0.4519930495428597
121.45,24.15,381.7394,SSP2-4.5,2041-2060,-15.269200000000012,47.292199999999994,118.35279999999966,1.8449999999999989,2.982800000000001,0.7982999999999993,19.921200000000002,46.6577375,106.94158749999997,1.7376375,3.6866375000000002,1.0411625,18.9363125,1.0487793154235978,0.5151888299126467
121.45,24.2,365.9708,SSP2-4.5,2041-2060,-18.835399999999993,46.39660000000001,93.54190000000017,1.4092999999999982,5.153399999999998,1.2879000000000005,19.3519,46.471675000000005,52.967824999999976,1.3510499999999999,3.2299750000000005,1.1905249999999996,19.083675,1.0487793154235978,0.578384610282438
121.45,24.25,299.3308,SSP2-4.5,2041-2060,-16.651400000000024,46.0718,-13.949299999999994,1.0052999999999983,3.1000000000000014,1.2896999999999998,18.5519,44.300575,7.492962500000033,1.0703125000000004,3.5885750000000014,1.145025,17.861775,1.0487793154235978,0.6415803906522295
121.45,24.3,235.0949,SSP2-4.5,2041-2060,-2.2539999999999907,42.164899999999996,-59.86189999999988,0.8102000000000018,4.0121,0.8931000000000004,16.1288,40.669537500000004,4.657750000000107,1.0221999999999998,2.768537500000001,0.9827624999999995,16.1050375,1.0487793154235978,0.704776171022021
121.45,24.35,234.2998,SSP2-4.5,2041-2060,5.844599999999986,28.758699999999997,55.09130000000005,1.1466999999999992,1.0879000000000012,0.9154999999999998,10.940400000000002,41.110974999999996,19.079762500000072,1.0393625000000006,2.6183125000000014,0.8950374999999997,15.9285875,1.0487793154235978,0.7679719513918124
121.45,24.4,252.4848,SSP2-4.5,2041-2060,8.894000000000005,37.273300000000006,107.63130000000001,1.4047000000000018,1.0517000000000003,1.0983,14.2519,40.6475875,50.732849999999985,1.153575,2.385775000000001,1.0754249999999999,16.1862875,1.0487793154235978,0.8311677317615993
121.45,24.45,279.4547,SSP2-4.5,2041-2060,6.53309999999999,40.589099999999995,71.3771999999999,1.4030999999999985,3.1259000000000015,1.2155000000000005,15.4615,43.3832625,69.04451249999994,1.262575000000001,2.3963250000000014,1.3541,18.2158625,1.0487793154235978,0.8943635121313908
121.45,24.5,305.3852,SSP2-4.5,2041-2060,16.63130000000001,49.1968,86.54369999999972,1.3247999999999998,3.951699999999999,1.2396999999999991,22.213500000000003,44.484125000000006,93.34916249999992,1.3880125000000003,3.203887500000001,1.7206875000000004,19.781962500000002,1.0487793154235978,0.9575592925011822
121.45,24.55,288.5667,SSP2-4.5,2041-2060,20.437299999999993,51.8959,137.5598,1.3506999999999998,4.410299999999999,2.1534000000000013,25.790399999999998,44.405275,126.32296249999996,1.5435250000000007,3.3097125,1.8814749999999998,20.476937500000002,1.0487793154235978,1.0207550728709736
121.45,24.6,263.3209,SSP2-4.5,2041-2060,24.248899999999992,41.9212,155.67010000000028,1.724300000000003,4.2638,2.2621,18.7673,44.93560000000001,160.27359999999993,1.5742375000000006,3.6760874999999995,2.0312375,21.7733375,1.0487793154235978,1.0839508532407651
121.45,24.65,265.1685,SSP2-4.5,2041-2060,47.14710000000002,38.6624,195.22929999999997,1.6618999999999993,4.574100000000001,2.2447999999999997,18.5096,42.90755,154.97240000000005,1.5642750000000012,3.8944124999999996,1.900425,20.6618,1.0487793154235978,1.147146633610552
121.45,24.7,259.908,SSP2-4.5,2041-2060,38.15100000000001,35.3601,165.4454999999998,1.484300000000001,4.5,1.9741,16.7558,44.2144,152.34272500000003,1.462575000000001,4.3642375,1.807325,21.9762125,1.0487793154235978,1.2103424139803434
121.45,24.75,277.3872,SSP2-4.5,2041-2060,24.29989999999998,43.3376,167.38580000000002,1.4507000000000012,3.8759000000000015,1.9878999999999998,21.373099999999997,44.920625,134.67657500000007,1.387525000000001,4.4885875,1.5010875000000001,23.7464,1.0487793154235978,1.273538194350135
121.45,24.8,281.618,SSP2-4.5,2041-2060,14.941300000000012,46.0556,143.44530000000032,1.4208000000000034,3.5914,1.2552000000000003,26.096199999999996,47.38525,105.15546250000006,1.2794625000000006,4.4017375,1.287925,26.3122625,1.0487793154235978,1.3367339747199263
121.45,24.85,269.4379,SSP2-4.5,2041-2060,10.77679999999998,47.168600000000005,72.2773000000002,1.1470999999999982,3.779299999999999,1.010299999999999,28.163500000000003,47.95966249999999,64.45672500000006,1.1223625000000004,4.449999999999999,0.9564750000000004,27.800712499999996,1.0487793154235978,1.3999297550897176
121.45,24.9,229.719,SSP2-4.5,2041-2060,7.740399999999994,47.0523,16.838799999999992,0.9141000000000012,4.399999999999999,0.6707000000000001,28.776899999999998,47.399837500000004,14.986625000000004,1.033,5.207762499999999,0.8504125000000002,28.483649999999997,1.0487793154235978,1.4631255354595045
121.45,24.95,184.5371,SSP2-4.5,2041-2060,-2.0190000000000055,46.4493,-27.60010000000011,1.0761000000000003,6.0466000000000015,1.0016999999999996,29.317300000000003,46.701350000000005,-2.4019124999999804,1.0006499999999998,5.587074999999999,0.8607750000000003,28.870662499999998,1.0487793154235978,1.526321315829296
121.45,25.0,167.6302,SSP2-4.5,2041-2060,-2.3740999999999985,45.87220000000001,-33.11059999999998,1.0671999999999997,6.8775999999999975,1.0259,29.8077,46.864625000000004,9.552987500000029,1.1690749999999999,6.005837499999999,0.8096874999999999,29.6045625,1.0487793154235978,1.5895170961990874
121.45,25.05,152.8315,SSP2-4.5,2041-2060,1.6096000000000004,48.0288,56.02449999999999,1.4054000000000002,4.970699999999997,0.6723999999999997,31.2923,47.600337499999995,21.37853750000005,1.1914124999999998,6.301525,0.6459124999999994,30.303112499999997,1.0487793154235978,1.652712876568879
121.45,25.1,152.66,SSP2-4.5,2041-2060,7.338899999999995,48.8859,33.162199999999984,1.2955000000000005,5.241400000000002,0.3016999999999985,31.603799999999996,49.3398375,55.044512500000025,1.2207874999999997,6.055187500000001,0.4135749999999996,31.41705,1.0487793154235978,1.7159086569386703
121.45,25.15,161.2244,SSP2-4.5,2041-2060,9.718199999999996,49.937200000000004,67.29680000000008,1.1392999999999986,4.6052000000000035,-0.04830000000000112,31.3538,50.08575,34.543875000000014,1.0769875,5.4261,0.03877499999999956,31.8297875,1.0487793154235978,1.7791044373084572
121.45,25.2,155.7339,SSP2-4.5,2041-2060,6.561399999999992,48.762600000000006,26.518800000000056,1.0066999999999986,5.518999999999998,0.16719999999999935,30.5942,50.074,-0.5548624999999561,0.8628374999999995,4.62565,-0.4226500000000002,31.543025,1.0487793154235978,1.8423002176782488
121.45,25.25,147.3289,SSP2-4.5,2041-2060,8.886300000000006,49.04789999999999,-10.876700000000028,0.9070999999999998,4.467200000000002,-0.35519999999999996,30.6769,49.57093750000001,-54.523412500000006,0.6119124999999994,4.1773750000000005,-0.7623000000000002,31.0564875,1.0487793154235978,1.9054959980480402
121.5,22.05,131.3531,SSP2-4.5,2041-2060,5.563299999999998,75.6688,18.5779,0.49569999999999936,6.832799999999999,2.9102999999999994,35.2827,72.9633875,-21.756275000000073,0.9314999999999998,10.419625,3.2159625,34.8540875,1.154473155504819,-2.139033945618553
121.5,22.65,147.1573,SSP2-4.5,2041-2060,17.9889,72.89930000000001,-1.2516000000000531,1.8039999999999985,7.175900000000002,2.451699999999999,33.4135,64.2648375,38.871212499999984,1.4178999999999995,8.6379375,1.964675,30.335324999999997,1.154473155504819,-1.3806845811810693
121.5,23.4,176.4399,SSP2-4.5,2041-2060,39.19550000000001,58.1688,65.73489999999993,2.014199999999999,7.613799999999998,2.993100000000001,25.0788,59.137362499999995,129.68736250000006,2.0575625,7.3965625,2.9049625,25.745675000000002,1.154473155504819,-0.43274787563421135
121.5,23.45,180.9229,SSP2-4.5,2041-2060,38.71430000000001,58.779300000000006,54.69770000000017,2.0767999999999986,7.529299999999999,2.7431,26.084600000000002,58.871725,108.85900000000004,2.189774999999999,7.5347124999999995,2.7556125,26.031,1.154473155504819,-0.3695520952644199
121.5,23.5,187.6755,SSP2-4.5,2041-2060,36.307500000000005,58.9312,65.91480000000024,2.1072999999999986,7.8414,2.753399999999999,26.230800000000002,58.5683875,96.39798750000003,2.1906124999999994,7.5545374999999995,2.6799625000000002,25.839174999999997,1.154473155504819,-0.3063563148946285
121.5,23.55,203.4472,SSP2-4.5,2041-2060,28.575099999999992,59.744899999999994,62.70380000000023,1.9717000000000002,7.846599999999999,3.219000000000001,26.151899999999998,58.031,99.26926250000008,2.110012499999999,6.8594875,2.6530125,25.783900000000003,1.154473155504819,-0.24316053452483705
121.5,23.6,219.3545,SSP2-4.5,2041-2060,22.801999999999992,56.8633,101.17129999999997,1.6867999999999999,5.515500000000003,3.3378999999999994,25.946200000000005,58.152625,114.09785000000002,2.01705,6.6722,2.6170375000000003,25.4007125,1.154473155504819,-0.17996475415504562
121.5,23.65,212.1956,SSP2-4.5,2041-2060,29.269999999999982,56.123,179.38300000000004,1.9620999999999995,6.232800000000001,2.384499999999999,24.4673,57.5815125,133.5923625,1.9755374999999997,6.0040875,2.6674625,24.988462500000004,1.154473155504819,-0.11676897378525869
121.5,23.7,215.9641,SSP2-4.5,2041-2060,26.1687,56.2594,167.41010000000028,2.1492000000000004,6.7897,2.246600000000001,23.9404,57.9474375,136.10984999999997,1.8895250000000006,6.3801625,2.3150874999999997,25.705775000000003,1.154473155504819,-0.053573193415467256
121.5,23.75,228.4385,SSP2-4.5,2041-2060,14.745000000000005,58.5122,76.44790000000012,1.7539000000000016,6.929300000000001,1.6776,26.132700000000003,58.6103875,106.25188750000007,1.7780000000000002,6.641812499999999,2.192475000000001,26.484625,1.154473155504819,0.009622586954324176
121.5,23.8,243.236,SSP2-4.5,2041-2060,4.167400000000015,62.03390000000001,29.116300000000138,1.5527000000000015,5.862099999999998,2.0276000000000014,29.434600000000003,58.8419875,76.12448750000007,1.7384624999999996,7.0487,1.9161750000000004,26.867325,1.154473155504819,0.0728183673241156
121.5,23.85,239.7198,SSP2-4.5,2041-2060,8.359300000000019,62.975199999999994,56.74409999999989,1.7618999999999971,6.146600000000003,1.7516999999999996,30.3654,57.38751250000001,70.12135000000009,1.8337249999999998,6.823925,1.8474375000000005,25.5379875,1.154473155504819,0.13601414769390704
121.5,23.9,261.2974,SSP2-4.5,2041-2060,3.9523000000000366,57.635200000000005,35.42139999999972,2.0028000000000006,7.056900000000002,1.5914000000000001,26.326900000000002,56.7492375,83.1386875,2.013674999999999,6.877162500000001,1.8053875000000001,24.917075,1.154473155504819,0.19920992806369398
121.5,23.95,290.0911,SSP2-4.5,2041-2060,2.7308000000000447,57.104499999999994,20.705299999999625,2.0192000000000014,7.530999999999999,1.9207,25.063499999999998,54.63997500000001,88.43959999999996,2.068175,6.607550000000001,1.662075,23.431237499999998,1.154473155504819,0.26240570843348543
121.5,24.0,294.3171,SSP2-4.5,2041-2060,15.962000000000046,47.5222,49.55899999999974,2.0762,6.227599999999999,1.8396999999999988,18.0308,51.9989125,85.07187499999989,2.1102625,6.361200000000001,1.5618500000000002,22.231724999999997,1.154473155504819,0.32560148880327683
121.5,24.05,317.0389,SSP2-4.5,2041-2060,3.5464999999999804,44.648799999999994,83.6293999999998,2.191200000000002,5.191400000000002,1.3707000000000011,19.650000000000002,49.392450000000004,94.47088749999992,2.07315,5.1905125000000005,1.3172624999999998,20.29255,1.154473155504819,0.3887972691730683
121.5,24.1,372.9615,SSP2-4.5,2041-2060,-13.771999999999991,47.93050000000001,111.00629999999956,2.055600000000002,3.2052000000000014,0.6844999999999999,20.1231,47.1396375,97.50818749999999,1.9739375,4.2002250000000005,1.259725,19.696399999999997,1.154473155504819,0.4519930495428597
121.5,24.15,449.7831,SSP2-4.5,2041-2060,-36.66839999999996,47.8183,105.86710000000039,1.8049,2.046599999999998,1.3759000000000006,20.3308,47.963425,89.75142499999993,1.706025,3.5448375000000008,1.1668250000000002,20.2766875,1.154473155504819,0.5151888299126467
121.5,24.2,430.1145,SSP2-4.5,2041-2060,-41.890900000000045,51.101499999999994,68.05699999999979,1.2729,1.6414000000000044,1.4517000000000007,21.0808,45.9227125,52.987637500000034,1.4233874999999996,3.6304,1.3306250000000002,19.5247625,1.154473155504819,0.578384610282438
121.5,24.25,318.813,SSP2-4.5,2041-2060,-24.875400000000013,45.38440000000001,-32.971500000000106,0.9769000000000005,3.220700000000001,1.2637999999999998,20.0923,44.146024999999995,17.159762500000028,1.2022500000000003,3.771337500000001,1.3569000000000002,18.0370125,1.154473155504819,0.6415803906522295
121.5,24.3,252.8969,SSP2-4.5,2041-2060,-5.364299999999986,42.9822,-98.81970000000001,0.9440000000000026,4.831000000000003,1.115499999999999,17.2865,40.6732375,18.23862500000004,1.1090125,2.7778125,1.2642375,16.225475000000003,1.154473155504819,0.704776171022021
121.5,24.35,255.5467,SSP2-4.5,2041-2060,8.364100000000008,40.327099999999994,-0.5913000000000466,0.9393999999999991,2.4258999999999986,0.7999999999999989,15.2038,40.655387499999996,50.08245000000005,1.1757875000000007,1.998275000000001,1.3459124999999998,16.30505,1.154473155504819,0.7679719513918124
121.5,24.4,300.0776,SSP2-4.5,2041-2060,10.703399999999988,42.7709,85.17650000000003,1.1875,0.7155000000000022,1.299999999999999,17.2135,39.604299999999995,101.2527,1.2772750000000004,1.3758750000000002,1.518325,15.861774999999998,1.154473155504819,0.8311677317615993
121.5,24.45,350.4436,SSP2-4.5,2041-2060,14.939199999999971,38.645100000000006,114.41429999999991,1.4285000000000032,0.6982999999999997,1.9207,15.7365,42.007025,122.45151249999998,1.3567874999999998,1.8590625000000007,1.8032499999999998,17.4089,1.154473155504819,0.8943635121313908
121.5,24.5,385.5678,SSP2-4.5,2041-2060,21.38730000000004,39.8519,77.80439999999999,1.4728999999999992,2.1121000000000016,2.3259000000000007,16.7423,44.5936375,147.24034999999998,1.4361875000000004,3.175225,1.9415999999999998,19.9427875,1.154473155504819,0.9575592925011822
121.5,24.55,323.3038,SSP2-4.5,2041-2060,21.730799999999988,51.38280000000001,178.33129999999983,1.6228000000000016,5.589700000000001,2.484499999999999,26.930800000000005,46.208412499999994,156.9611000000001,1.559475,4.105175,2.0387999999999997,21.61755,1.154473155504819,1.0207550728709736
121.5,24.6,281.8765,SSP2-4.5,2041-2060,26.086299999999994,50.87650000000001,198.5979000000002,1.8184000000000005,5.5051999999999985,2.024099999999999,27.188499999999998,47.335725,177.9085750000001,1.5719875000000005,4.9446125,1.9170249999999998,23.204812500000003,1.154473155504819,1.0839508532407651
121.5,24.65,268.169,SSP2-4.5,2041-2060,48.9785,45.1207,196.9353000000001,1.5400000000000027,4.869,1.4000000000000004,21.6404,44.6462875,159.95012500000007,1.5476874999999999,5.188575,1.5512874999999995,22.030299999999997,1.154473155504819,1.147146633610552
121.5,24.7,256.3934,SSP2-4.5,2041-2060,42.63100000000003,40.88719999999999,147.6206000000002,1.3338999999999999,5.793100000000001,0.75,18.7346,44.749449999999996,143.36497500000002,1.4178000000000006,4.8258625,1.2206874999999997,22.7394375,1.154473155504819,1.2103424139803434
121.5,24.75,276.5896,SSP2-4.5,2041-2060,31.754099999999994,48.922,141.3706000000002,1.2003000000000021,4.441400000000002,1.8224,26.8019,44.3569875,118.90185000000002,1.3631875000000004,4.674775,0.721125,23.11925,1.154473155504819,1.273538194350135
121.5,24.8,293.3549,SSP2-4.5,2041-2060,26.463700000000017,47.5158,133.9328999999998,1.3218999999999994,3.2741000000000007,1.4690000000000012,25.8615,46.649462500000006,87.72152500000016,1.1934750000000012,4.402587500000001,0.6922249999999999,25.9627625,1.154473155504819,1.3367339747199263
121.5,24.85,271.892,SSP2-4.5,2041-2060,13.130800000000022,47.9652,41.88650000000007,1.113000000000003,4.627600000000001,0.5016999999999996,27.125,45.80245,44.09808750000008,0.9667500000000002,4.2086125,0.7133625000000001,26.5081875,1.154473155504819,1.3999297550897176
121.5,24.9,229.5603,SSP2-4.5,2041-2060,4.988900000000001,44.937400000000004,-16.626999999999953,0.8046999999999969,4.858599999999999,0.8138000000000005,26.667299999999997,45.3024875,-14.256824999999992,0.7638875000000009,4.7726375,0.5579624999999999,27.226925,1.154473155504819,1.4631255354595045
121.5,24.95,183.2088,SSP2-4.5,2041-2060,0.4521000000000015,44.5597,-49.00469999999996,0.7772000000000006,5.1724,0.26720000000000077,27.001900000000003,44.2225875,-43.71365000000003,0.7203125000000004,5.786225,0.6993750000000001,27.6802875,1.154473155504819,1.526321315829296
121.5,25.0,174.3547,SSP2-4.5,2041-2060,-1.5579000000000178,43.378,-54.78269999999975,0.7126000000000019,6.939699999999998,1.0914000000000001,27.680799999999998,44.8677125,-26.472199999999987,0.8751000000000002,6.034487499999999,0.6138000000000001,28.8620125,1.154473155504819,1.5895170961990874
121.5,25.05,175.4995,SSP2-4.5,2041-2060,-4.2567000000000235,45.488299999999995,25.907000000000153,0.9954000000000001,5.9741,1.2759,29.244199999999996,45.752399999999994,3.0807750000000738,0.9816875000000005,6.1138125,0.6299624999999998,30.007687499999996,1.154473155504819,1.652712876568879
121.5,25.1,162.8556,SSP2-4.5,2041-2060,10.552999999999997,46.7364,49.25540000000001,0.9572000000000003,6.491399999999999,0.37069999999999936,30.809600000000003,47.762950000000004,54.12170000000009,1.0931875,5.076087500000001,0.3941749999999997,31.043499999999998,1.154473155504819,1.7159086569386703
121.5,25.15,204.7554,SSP2-4.5,2041-2060,4.16549999999998,51.8124,90.87570000000005,0.9495000000000005,4.848299999999998,0.39480000000000004,33.482699999999994,48.4521625,22.2943250000001,0.9335124999999995,4.790537500000001,-0.2418250000000004,31.1697,1.154473155504819,1.7791044373084572
121.5,25.2,226.1129,SSP2-4.5,2041-2060,-0.3539000000000101,52.2594,-64.36229999999978,0.5793999999999997,4.727599999999999,-1.1690000000000005,33.115399999999994,49.14221250000001,-19.107950000000017,0.7154624999999992,4.520262500000001,-0.5491500000000002,31.0536125,1.154473155504819,1.8423002176782488
121.5,25.25,168.2755,SSP2-4.5,2041-2060,7.229299999999995,49.207800000000006,-89.35870000000023,0.5185999999999993,5.1172,-0.7810000000000006,30.5135,49.4314875,-104.02174999999994,0.2972249999999992,4.131025000000001,-1.0207125000000001,30.894225,1.154473155504819,1.9054959980480402
121.5,25.3,156.1099,SSP2-4.5,2041-2060,7.844599999999986,49.848000000000006,-62.21340000000009,0.5777999999999999,2.5603000000000016,-0.8861999999999988,30.6538,49.319275000000005,-127.97911250000001,0.14184999999999937,4.264000000000001,-1.1401000000000003,30.824524999999998,1.154473155504819,1.9686917784178315
121.55,22.05,157.5298,SSP2-4.5,2041-2060,6.954900000000009,75.3081,66.36109999999962,0.2799999999999976,4.869,3.996599999999999,35.0308,73.008475,-27.729175000000026,0.9584625,10.6651,3.0801749999999997,34.885574999999996,1.2601669955860404,-2.139033945618553
121.55,23.55,183.7436,SSP2-4.5,2041-2060,30.240700000000004,60.0496,87.63179999999988,1.937100000000001,6.662099999999999,2.3930999999999996,27.040399999999998,58.315012499999995,95.9524125000001,2.0175499999999995,6.5321125,2.86595,25.615625,1.2601669955860404,-0.24316053452483705
121.55,23.6,193.2841,SSP2-4.5,2041-2060,28.86850000000001,61.292,102.95790000000011,1.7970999999999986,5.965499999999999,2.7190000000000003,27.061500000000002,57.678175,113.85897499999999,1.8955875,6.2775875,2.785775,25.185575,1.2601669955860404,-0.17996475415504562
121.55,23.65,201.9305,SSP2-4.5,2041-2060,24.531599999999997,58.912,115.68069999999989,1.5923000000000016,4.560300000000002,3.1379,25.198100000000004,58.0289375,122.84492499999999,1.8688999999999998,6.2883625,2.5463375,25.667787500000003,1.2601669955860404,-0.11676897378525869
121.55,23.7,203.7558,SSP2-4.5,2041-2060,23.30710000000002,57.8382,105.30099999999993,1.4803999999999995,5.899999999999999,3.2017000000000007,24.25,58.311674999999994,118.03275000000005,1.8665000000000003,6.20215,2.2963500000000003,25.754087500000004,1.2601669955860404,-0.053573193415467256
121.55,23.75,207.1175,SSP2-4.5,2041-2060,19.5676,59.1088,66.42599999999993,1.5540000000000003,6.3172,2.2741000000000007,27.5846,58.9229125,83.95656250000008,1.713937500000001,6.5321125,2.2032500000000006,26.6093875,1.2601669955860404,0.009622586954324176
121.55,23.8,221.5869,SSP2-4.5,2041-2060,13.479899999999986,58.693200000000004,18.738700000000108,1.5592000000000006,7.024100000000001,1.8466000000000005,26.5673,60.5604625,53.559600000000046,1.6907875,6.8288875,1.8122875000000005,28.899525,1.2601669955860404,0.0728183673241156
121.55,23.85,225.5658,SSP2-4.5,2041-2060,10.17009999999999,60.3391,3.0135999999999967,1.7989999999999995,6.812100000000001,1.5414000000000012,29.471199999999996,59.8854625,54.22857500000006,1.7764750000000005,7.2737125,1.8521625000000002,27.796150000000004,1.2601669955860404,0.13601414769390704
121.55,23.9,230.093,SSP2-4.5,2041-2060,4.781100000000009,62.919,47.51950000000011,1.8584000000000032,7.977599999999999,1.6327999999999996,31.4442,60.709424999999996,42.778974999999946,1.8469125000000002,7.479962500000001,1.6991375,28.8641875,1.2601669955860404,0.19920992806369398
121.55,23.95,240.3488,SSP2-4.5,2041-2060,9.393,63.07750000000001,44.572599999999966,2.041999999999998,8.058600000000002,1.5085999999999995,30.659600000000005,58.857124999999996,52.64274999999989,1.8545125000000016,7.4025875,1.7446249999999996,27.2411,1.2601669955860404,0.26240570843348543
121.55,24.0,270.0113,SSP2-4.5,2041-2060,17.650500000000022,60.2525,32.53269999999975,1.886800000000001,6.753400000000003,1.6431000000000004,27.686500000000002,55.36868750000001,62.38271249999994,1.9541875000000006,7.0525875000000005,1.7381499999999996,24.7610625,1.2601669955860404,0.32560148880327683
121.55,24.05,304.0508,SSP2-4.5,2041-2060,-3.026299999999992,44.81459999999999,50.94670000000019,2.0518,6.572400000000002,1.825899999999999,16.1423,54.4004625,70.07677499999988,1.9180500000000005,5.892462500000001,1.5415999999999999,24.292550000000002,1.2601669955860404,0.3887972691730683
121.55,24.1,363.4706,SSP2-4.5,2041-2060,-15.3784,52.8141,70.49150000000009,1.8918999999999997,4.213799999999999,1.2466000000000008,22.8346,51.2401375,67.35047500000005,1.867975,5.342475,1.5586249999999997,22.0853375,1.2601669955860404,0.4519930495428597
121.55,24.15,449.7768,SSP2-4.5,2041-2060,-38.300700000000006,49.8088,56.72460000000001,1.5494999999999983,4.055199999999999,1.5345000000000004,21.9365,50.766625000000005,69.79386250000005,1.6826375000000002,4.140537500000001,1.4579875000000002,21.914425,1.2601669955860404,0.5151888299126467
121.55,24.2,421.1452,SSP2-4.5,2041-2060,-36.782899999999984,43.991,51.540500000000065,1.4215000000000018,3.641400000000001,1.3983000000000008,19.6827,47.4877625,63.225962500000094,1.5176375000000002,3.9513125000000002,1.6107875000000003,19.9877375,1.2601669955860404,0.578384610282438
121.55,24.25,339.8152,SSP2-4.5,2041-2060,-24.662199999999984,40.618599999999994,44.79500000000007,1.3747000000000007,4.8431,1.6966,16.330800000000004,44.72965,68.06833749999998,1.4301625000000007,3.3952625000000007,1.645475,18.724275,1.2601669955860404,0.6415803906522295
121.55,24.3,289.102,SSP2-4.5,2041-2060,-5.607999999999947,39.8416,51.97460000000001,1.3800999999999988,2.9482999999999997,1.7224000000000004,15.8827,43.058475,81.97302499999998,1.3529125000000004,2.7508624999999998,1.6178999999999997,17.527875,1.2601669955860404,0.704776171022021
121.55,24.35,289.7415,SSP2-4.5,2041-2060,11.117600000000039,42.2188,101.42210000000023,1.2388000000000012,0.5844999999999985,1.5328,16.673099999999998,44.635925,112.02653749999993,1.3442749999999997,1.5388000000000006,1.7200499999999996,18.450000000000003,1.2601669955860404,0.7679719513918124
121.55,24.4,338.5587,SSP2-4.5,2041-2060,20.506100000000004,49.232699999999994,158.04539999999997,1.2942999999999998,0.7552000000000021,2.1897,22.063499999999998,43.896562499999995,143.14405,1.3452125000000001,0.6219999999999994,1.8648749999999998,18.0709125,1.2601669955860404,0.8311677317615993
121.55,24.45,413.7522,SSP2-4.5,2041-2060,23.978099999999984,39.78959999999999,202.6313,1.3627000000000002,1.2775999999999996,2.4741,16.5635,42.580074999999994,158.6708125,1.4159375,0.9196375000000003,2.2916125,18.031487499999997,1.2601669955860404,0.8943635121313908
121.55,24.5,429.3974,SSP2-4.5,2041-2060,22.102800000000002,37.3519,190.4023000000002,1.4042999999999992,1.8827999999999996,2.582799999999999,14.7615,42.1497375,178.1241875,1.5075500000000006,2.6161875,2.317675,18.6990375,1.2601669955860404,0.9575592925011822
121.55,24.55,348.8081,SSP2-4.5,2041-2060,20.468899999999962,47.8979,196.66290000000026,1.592600000000001,4.465500000000002,1.4620999999999995,22.0846,43.865500000000004,188.53053750000004,1.6325624999999997,4.075025,2.2948249999999994,20.809375,1.2601669955860404,1.0207550728709736
121.55,24.6,312.6147,SSP2-4.5,2041-2060,16.704899999999952,50.6752,212.44770000000017,1.7877999999999972,6.25,2.260299999999999,25.392300000000002,48.1403875,191.0315750000001,1.6385875000000003,5.0776,1.5702624999999997,23.9613125,1.2601669955860404,1.0839508532407651
121.55,24.65,274.1065,SSP2-4.5,2041-2060,28.022899999999993,51.1297,150.4322000000002,1.2957999999999998,5.134499999999999,1.068999999999999,26.5231,48.218824999999995,145.15057500000006,1.5575999999999994,5.594825,0.9114124999999997,24.320925,1.2601669955860404,1.147146633610552
121.55,24.7,255.6028,SSP2-4.5,2041-2060,25.199700000000007,47.657999999999994,54.15769999999975,1.2750999999999983,5.4879,-0.17410000000000103,24.371199999999998,47.7723875,109.38390000000015,1.3462125,5.464650000000001,0.5064749999999998,24.543274999999998,1.2601669955860404,1.2103424139803434
121.55,24.75,270.7445,SSP2-4.5,2041-2060,30.57220000000001,47.8051,75.96340000000009,1.4343000000000004,5.7241,-0.5586000000000002,25.940400000000004,46.910987500000005,70.93480000000005,1.2034249999999997,5.215925,0.14547500000000002,24.7259625,1.2601669955860404,1.273538194350135
121.55,24.8,274.097,SSP2-4.5,2041-2060,24.265600000000006,46.23649999999999,63.263600000000224,1.1844999999999999,5.151700000000002,-0.9344999999999999,25.821200000000005,46.9804,52.00113750000003,1.0950500000000005,4.817012500000001,0.4187500000000002,26.074749999999998,1.2601669955860404,1.3367339747199263
121.55,24.85,277.8704,SSP2-4.5,2041-2060,9.916499999999985,45.7051,-3.820299999999861,0.5971000000000011,4.029299999999999,0.45340000000000025,26.380799999999997,44.751337500000005,12.40856249999996,0.8846875000000001,4.669175000000001,0.3791000000000002,25.6572,1.2601669955860404,1.3999297550897176
121.55,24.9,245.9151,SSP2-4.5,2041-2060,4.484300000000019,41.74830000000001,-56.52590000000009,0.34380000000000166,4.584500000000002,0.9689999999999994,24.298099999999998,43.298837500000005,-50.105687500000045,0.5528875000000006,4.7916,0.24676250000000022,25.87715,1.2601669955860404,1.4631255354595045
121.55,24.95,202.4474,SSP2-4.5,2041-2060,4.309700000000021,41.7714,-108.10620000000017,0.14270000000000138,5.541399999999999,-0.41029999999999944,26.7519,41.9766375,-77.35808750000001,0.4712750000000008,5.6295375,0.5325500000000001,25.831725,1.2601669955860404,1.526321315829296
121.55,25.0,190.5201,SSP2-4.5,2041-2060,-3.153500000000008,42.5718,-69.79550000000017,0.7012999999999998,7.041399999999999,0.4328000000000003,28.1423,42.9118875,-70.71379999999994,0.5223500000000012,6.07155,0.4299625,27.2413375,1.2601669955860404,1.5895170961990874
121.55,25.05,191.5299,SSP2-4.5,2041-2060,-1.1495999999999924,44.200199999999995,-6.0919999999996435,0.8354999999999997,6.651700000000002,0.6448,29.338499999999996,44.617975,-26.44203749999994,0.7545250000000006,6.2961375,0.6588499999999999,29.063924999999998,1.2601669955860404,1.652712876568879
121.55,25.1,186.7833,SSP2-4.5,2041-2060,10.723199999999991,46.34589999999999,49.98490000000015,0.8788000000000018,4.6966,0.5,31.386499999999998,46.706937499999995,6.87197500000002,0.8453999999999997,5.534912500000001,0.25388750000000004,30.408649999999998,1.2601669955860404,1.7159086569386703
121.55,25.15,265.0967,SSP2-4.5,2041-2060,7.925900000000013,47.404900000000005,115.81449999999995,1.2460999999999984,3.620700000000003,-0.5878999999999994,30.6462,48.276650000000004,-56.34547499999994,0.5077374999999997,4.861862499999999,-0.4418249999999999,31.1411,1.2601669955860404,1.7791044373084572
121.55,25.2,258.9274,SSP2-4.5,2041-2060,5.0972000000000435,47.285000000000004,-99.31569999999965,0.3650999999999982,3.4223999999999997,-1.4689999999999994,29.8481,49.2781625,-124.44452500000006,0.18746249999999964,4.5381375,-1.0265125000000002,31.126212499999998,1.2601669955860404,1.8423002176782488
121.55,25.25,189.9007,SSP2-4.5,2041-2060,8.10820000000001,49.6799,-253.81830000000036,-0.4086999999999996,4.562100000000001,-1.7138000000000009,31.313499999999998,49.2451375,-144.05983749999996,0.04716249999999933,4.0129125000000005,-1.185575,30.59495,1.2601669955860404,1.9054959980480402
121.55,25.3,158.4971,SSP2-4.5,2041-2060,10.606200000000001,49.6825,-53.36279999999988,0.20489999999999853,3.3724000000000025,-1.1052,31.0231,48.843375,-162.43107500000005,0.011424999999999574,4.129075,-1.159925,30.326437499999997,1.2601669955860404,1.9686917784178315
121.6,21.95,197.4578,SSP2-4.5,2041-2060,5.1436999999999955,64.2383,87.17440000000033,0.3721999999999994,4.0809999999999995,4.339699999999999,25.6346,74.3922,-30.330837500000115,0.9469374999999998,10.7636,3.0372874999999997,36.060100000000006,1.3658608356672617,-2.265425506358136
121.6,22.0,183.9167,SSP2-4.5,2041-2060,7.0134000000000185,69.71959999999999,99.43190000000004,0.3708000000000027,4.543100000000001,4.115500000000001,28.759600000000002,73.7070375,-31.86302500000008,0.9471124999999994,10.705837500000001,3.0653124999999997,35.669475,1.3658608356672617,-2.2022297259883445
121.6,23.85,204.8463,SSP2-4.5,2041-2060,16.219599999999986,60.034,59.34830000000011,1.706900000000001,7.522400000000001,1.681,29.625,61.1381875,39.12251250000003,1.7471875000000008,7.1989375,1.7487250000000003,29.1264375,1.3658608356672617,0.13601414769390704
121.6,23.9,210.4865,SSP2-4.5,2041-2060,14.799299999999988,61.04260000000001,45.12000000000012,1.6545000000000023,8.8828,1.9068999999999994,28.8077,61.420125000000006,54.612949999999984,1.8136500000000004,7.295700000000001,1.6411625,29.8076875,1.3658608356672617,0.19920992806369398
121.6,23.95,217.6648,SSP2-4.5,2041-2060,17.58159999999998,63.46730000000001,77.30650000000014,1.7890000000000015,7.8293,1.6913999999999998,30.5942,60.503325000000004,56.06508749999995,1.801250000000001,7.7709,1.7797375,28.9913375,1.3658608356672617,0.26240570843348543
121.6,24.0,232.4058,SSP2-4.5,2041-2060,19.13900000000001,60.9137,112.97759999999994,1.5492000000000026,6.9620999999999995,1.7309999999999999,29.975,57.2149625,62.30582499999997,1.879225,7.4206875000000005,1.8137999999999996,26.069225,1.3658608356672617,0.32560148880327683
121.6,24.05,270.6114,SSP2-4.5,2041-2060,1.6942000000000235,61.40090000000001,59.36460000000011,1.9148999999999994,8.048300000000001,2.017199999999999,27.9731,57.085224999999994,70.20918749999998,1.7883,6.8286625,1.7670375,26.52115,1.3658608356672617,0.3887972691730683
121.6,24.1,329.3079,SSP2-4.5,2041-2060,-11.287200000000041,59.721000000000004,41.053100000000086,1.7785999999999973,6.5379000000000005,1.799999999999999,28.067300000000003,55.667425,62.24458750000008,1.8030249999999999,6.6261,1.7605625,25.0197125,1.3658608356672617,0.4519930495428597
121.6,24.15,347.4789,SSP2-4.5,2041-2060,-14.626100000000008,53.7782,30.212000000000216,1.5973000000000006,7.082800000000002,1.8602999999999996,22.459600000000002,54.09455,64.15181250000006,1.7628874999999997,5.752599999999999,1.6808375000000002,24.33725,1.3658608356672617,0.5151888299126467
121.6,24.2,361.3219,SSP2-4.5,2041-2060,-15.81660000000005,48.97839999999999,80.12340000000017,1.6384000000000007,4.7551999999999985,1.8466000000000005,20.7365,48.9884375,78.47810000000007,1.703875,5.368974999999999,1.7060374999999999,20.8331625,1.3658608356672617,0.578384610282438
121.6,24.25,343.2496,SSP2-4.5,2041-2060,-13.180000000000007,42.413900000000005,153.0001000000002,1.9265000000000008,3.9654999999999987,1.8568999999999996,16.934600000000003,44.6596875,118.86991249999997,1.6391250000000004,3.7777999999999996,1.8558375000000003,18.3096125,1.3658608356672617,0.6415803906522295
121.6,24.3,326.3621,SSP2-4.5,2041-2060,10.082100000000025,43.1442,271.64229999999975,1.8810000000000002,2.1586,2.5085999999999995,18.098100000000002,44.2786,140.1074125,1.5694749999999997,2.3586124999999996,1.8493750000000002,17.944225,1.3658608356672617,0.704776171022021
121.6,24.35,329.0514,SSP2-4.5,2041-2060,6.4950000000000045,47.3786,217.30719999999974,1.541999999999998,-0.022400000000001086,2.1690000000000005,19.6038,46.584625,170.3436375,1.5358749999999999,1.1060375000000007,1.9713500000000002,19.5430375,1.3658608356672617,0.7679719513918124
121.6,24.4,358.1433,SSP2-4.5,2041-2060,13.910500000000013,51.4101,211.4773,1.5858999999999988,-1.5016999999999996,1.9551999999999996,22.248099999999997,47.3397375,176.91706250000004,1.4765875,1.0450499999999998,2.0829750000000002,20.07115,1.3658608356672617,0.8311677317615993
121.6,24.45,401.4136,SSP2-4.5,2041-2060,16.427300000000002,48.632299999999994,213.31500000000005,1.4769000000000005,0.7982999999999976,2.7672000000000008,21.325000000000003,42.921049999999994,188.966675,1.4984625,1.3776000000000006,2.2226375,18.087737499999996,1.3658608356672617,0.8943635121313908
121.6,24.5,433.8064,SSP2-4.5,2041-2060,21.430999999999983,32.7457,218.73129999999992,1.4771999999999998,1.8965999999999994,3.2913999999999994,14.161499999999998,42.527825,208.27157500000004,1.5545375000000003,2.886,2.1071125000000004,18.0240375,1.3658608356672617,0.9575592925011822
121.6,24.55,376.8988,SSP2-4.5,2041-2060,20.569500000000005,38.25260000000001,223.10300000000007,1.6267999999999994,4.0914,1.8155000000000001,16.048099999999998,43.5260375,217.1347,1.6801624999999998,4.17975,2.04095,20.0502375,1.3658608356672617,1.0207550728709736
121.6,24.6,322.8684,SSP2-4.5,2041-2060,24.170399999999972,49.787400000000005,208.82639999999992,1.8503000000000007,5.272400000000001,1.5741000000000014,25.25,48.155725000000004,207.5398375000001,1.7010124999999992,5.1066875,1.3060375,23.5161125,1.3658608356672617,1.0839508532407651
121.6,24.65,286.5627,SSP2-4.5,2041-2060,23.300099999999986,50.6755,175.36360000000013,1.761999999999997,5.693100000000001,0.7327999999999992,26.025,50.2943125,129.04781250000002,1.528399999999999,5.4144375,0.4758499999999999,25.8757375,1.3658608356672617,1.147146633610552
121.6,24.7,260.2413,SSP2-4.5,2041-2060,5.203699999999969,50.070100000000004,-32.74459999999999,1.0932999999999993,5.887899999999998,-1.2759,25.965400000000002,49.532349999999994,74.57856250000003,1.3139999999999992,5.395037500000001,0.05088749999999953,25.8355875,1.3658608356672617,1.2103424139803434
121.6,24.75,281.6095,SSP2-4.5,2041-2060,2.5709999999999695,47.5688,20.13010000000031,1.1100999999999992,6.174100000000001,0.11209999999999987,24.715399999999995,47.89545,22.664124999999956,1.1238499999999996,5.373912499999999,-0.41486250000000013,25.512275000000002,1.3658608356672617,1.273538194350135
121.6,24.8,281.1558,SSP2-4.5,2041-2060,3.5219000000000165,46.4295,39.747499999999945,1.1082999999999998,5.517199999999999,-0.6052,25.536499999999997,46.0328375,22.971925,1.0045499999999996,4.964650000000001,-0.05236250000000009,25.4077,1.3658608356672617,1.3367339747199263
121.6,24.85,272.1187,SSP2-4.5,2041-2060,7.184000000000026,43.931700000000006,-33.201600000000326,0.8753999999999991,4.7483,0.15520000000000067,26.2365,43.48236250000001,13.882887499999981,0.7827375000000001,4.7480625,0.10236249999999991,24.6947125,1.3658608356672617,1.3999297550897176
121.6,24.9,251.0524,SSP2-4.5,2041-2060,3.372399999999999,39.246300000000005,-73.20749999999998,0.32590000000000074,4.5914,0.6638000000000002,23.7115,41.5955875,-39.54958750000009,0.4352250000000004,4.5952625,0.08814999999999973,24.5144125,1.3658608356672617,1.4631255354595045
121.6,24.95,228.8761,SSP2-4.5,2041-2060,8.4195,38.273900000000005,-158.76470000000018,-0.21289999999999765,4.7638,-0.4707000000000008,23.142300000000002,40.6281875,-67.39848750000004,0.39312500000000083,5.2401,0.41337500000000005,24.7947,1.3658608356672617,1.526321315829296
121.6,25.0,212.0405,SSP2-4.5,2041-2060,4.369799999999998,41.097699999999996,-140.1567,0.3176000000000023,7.084500000000002,0.4931000000000001,26.009600000000002,42.1314625,-69.38059999999996,0.42611250000000034,5.535774999999999,0.18814999999999982,26.4521625,1.3658608356672617,1.5895170961990874
121.6,25.05,211.386,SSP2-4.5,2041-2060,3.6998000000000104,44.5259,-74.71039999999994,0.6107000000000014,6.444800000000001,0.5482999999999993,28.761499999999998,44.1801,-40.43033749999992,0.6601374999999998,5.719412500000001,0.2833875000000001,28.4942375,1.3658608356672617,1.652712876568879
121.6,25.1,195.5677,SSP2-4.5,2041-2060,10.319999999999993,46.799800000000005,2.761700000000019,0.8625999999999969,5.6966,0.5586000000000002,30.4769,45.873575,-59.45996249999999,0.5482999999999998,5.096550000000001,-0.2890124999999999,29.6274125,1.3658608356672617,1.7159086569386703
121.6,25.15,243.72,SSP2-4.5,2041-2060,9.055700000000002,46.6876,-148.83610000000044,0.30620000000000047,4.5517,-1.1740999999999993,30.509600000000002,46.97432500000001,-106.95575,0.28032499999999905,4.505825,-0.6452749999999996,30.0281375,1.3658608356672617,1.7791044373084572
121.6,25.2,221.5467,SSP2-4.5,2041-2060,1.07650000000001,48.286699999999996,-331.12739999999985,-0.8369,4.4603,-1.5465999999999998,29.5,47.64116250000001,-165.6520875000001,-0.0016250000000010978,4.299787500000001,-1.153875,30.0805375,1.3658608356672617,1.8423002176782488
121.6,25.25,184.373,SSP2-4.5,2041-2060,5.915999999999997,48.8866,-314.7435999999998,-0.8545000000000016,4.417200000000001,-1.634500000000001,29.928799999999995,48.4175375,-161.6085250000001,-0.05760000000000076,4.296550000000001,-1.1120750000000001,30.259149999999998,1.3658608356672617,1.9054959980480402
121.6,25.3,165.5419,SSP2-4.5,2041-2060,7.619499999999988,48.5051,-137.9948000000004,-0.17709999999999937,4.0259,-0.8931000000000004,30.1769,48.7504,-163.90112499999998,-0.0424875000000009,4.091362500000001,-1.2388000000000001,30.3072125,1.3658608356672617,1.9686917784178315
121.65,24.0,214.1692,SSP2-4.5,2041-2060,17.538600000000002,58.6828,85.74469999999997,1.6929999999999978,8.479299999999999,2.2138,28.6692,60.785137500000005,67.0352125,1.7535125000000007,7.515525,1.8081874999999998,28.9872625,1.4715546757485132,0.32560148880327683
121.65,24.05,230.0174,SSP2-4.5,2041-2060,17.45179999999999,58.5019,98.4197999999999,1.5801000000000016,7.396599999999999,1.7707000000000006,28.798099999999998,57.9415125,64.01202500000008,1.8029374999999996,7.415312500000001,1.9096874999999995,26.6625,1.4715546757485132,0.3887972691730683
121.65,24.1,254.4267,SSP2-4.5,2041-2060,7.763799999999975,60.98120000000001,69.50739999999996,1.875,7.713799999999999,1.9052000000000007,29.9962,57.670100000000005,66.13246250000006,1.8004999999999995,7.107775,1.8280124999999998,26.2807625,1.4715546757485132,0.4519930495428597
121.65,24.15,260.1308,SSP2-4.5,2041-2060,10.645799999999952,63.239700000000006,62.290100000000166,1.9636999999999993,7.925899999999999,1.9241000000000001,30.0173,55.64065,74.7458125,1.7826125,6.5590625,1.7963375,25.093025,1.4715546757485132,0.5151888299126467
121.65,24.2,290.2077,SSP2-4.5,2041-2060,-0.028700000000014825,53.22220000000001,81.48389999999995,1.9845000000000006,7.177599999999998,1.7913999999999994,21.426900000000003,54.555899999999994,82.22916250000003,1.8513375,6.120049999999999,1.81055,24.280525,1.4715546757485132,0.578384610282438
121.65,24.25,300.6087,SSP2-4.5,2041-2060,-2.6999999999999886,44.8351,147.77859999999987,1.8132999999999981,4.260299999999997,1.5861999999999998,17.8769,50.0076875,127.23533749999996,1.857012500000001,4.339224999999999,1.9435375000000001,21.1233125,1.4715546757485132,0.6415803906522295
121.65,24.3,313.9771,SSP2-4.5,2041-2060,-1.0842000000000098,42.64639999999999,221.62099999999987,1.6195000000000022,0.4379000000000026,2.2966000000000006,16.4423,48.4752125,156.30274999999992,1.7687,2.962487499999999,1.8760750000000002,20.1752375,1.4715546757485132,0.704776171022021
121.65,24.35,348.9838,SSP2-4.5,2041-2060,-5.883999999999958,54.2758,182.9607000000001,1.660899999999998,1.851700000000001,1.9344999999999999,23.8096,47.13892499999999,179.4918499999999,1.6481500000000002,1.3890125000000002,1.9219875000000004,19.526199999999996,1.4715546757485132,0.7679719513918124
121.65,24.4,363.9797,SSP2-4.5,2041-2060,-2.907199999999989,49.9074,163.60570000000007,1.6265,1.6138000000000012,1.6310000000000002,21.1269,49.2343,177.67159999999996,1.5986124999999998,1.3071124999999997,1.9224125000000005,20.9319625,1.4715546757485132,0.8311677317615993
121.65,24.45,377.9533,SSP2-4.5,2041-2060,6.260299999999972,47.282700000000006,176.04910000000018,1.6106000000000016,1.5016999999999996,1.9655000000000005,19.403799999999997,43.4301625,184.86024999999995,1.60445,1.794625,1.9909500000000002,18.4502375,1.4715546757485132,0.8943635121313908
121.65,24.5,398.5396,SSP2-4.5,2041-2060,12.958100000000002,35.64829999999999,190.7909999999997,1.6262000000000008,3.594800000000003,1.6913999999999998,14.373099999999999,43.088325,207.864125,1.6198875,2.9775999999999994,2.0558125000000005,18.600474999999996,1.4715546757485132,0.9575592925011822
121.65,24.55,427.1516,SSP2-4.5,2041-2060,12.964400000000012,45.36730000000001,273.21799999999985,1.7362000000000002,5.475899999999999,2.098300000000002,19.6327,42.437225000000005,207.80829999999997,1.6639874999999997,3.9569,1.6577500000000003,19.667075,1.4715546757485132,1.0207550728709736
121.65,24.6,341.5363,SSP2-4.5,2041-2060,38.8519,48.73459999999999,245.99800000000005,1.9666999999999994,4.599999999999998,1.3672000000000004,24.7462,48.631262500000005,188.13588750000002,1.6663499999999996,4.987937500000001,0.8771500000000003,23.8435125,1.4715546757485132,1.0839508532407651
121.65,24.65,255.9377,SSP2-4.5,2041-2060,24.98570000000001,52.513,183.0933,1.8401999999999994,5.1431000000000004,-0.35689999999999955,27.6769,50.84555,114.05923750000005,1.5311124999999999,5.2105625,0.20472500000000005,26.2988125,1.4715546757485132,1.147146633610552
121.65,24.7,239.1876,SSP2-4.5,2041-2060,2.486799999999988,51.7865,10.171800000000076,1.1179999999999986,5.5397,-0.6569000000000003,27.0808,50.515225,56.98210000000006,1.3304249999999995,5.3058125,-0.024775000000000436,26.4201875,1.4715546757485132,1.2103424139803434
121.65,24.75,251.2344,SSP2-4.5,2041-2060,-9.793599999999998,47.12219999999999,-72.6836000000003,0.6765000000000008,4.2638,0.23969999999999914,24.351899999999997,49.21435,37.17047500000001,1.1764874999999995,5.3534375,-0.0842624999999999,26.1314875,1.4715546757485132,1.273538194350135
121.65,24.8,277.4363,SSP2-4.5,2041-2060,1.5920999999999594,46.05570000000001,43.43719999999985,1.1007999999999996,5.418999999999999,0.6466000000000012,25.0308,46.6893125,40.145037499999944,1.0355749999999992,4.788774999999999,0.10281249999999975,25.406462499999996,1.4715546757485132,1.3367339747199263
121.65,24.85,311.7786,SSP2-4.5,2041-2060,3.6246000000000436,43.837599999999995,90.6866,1.057699999999997,4.206900000000001,-0.5328000000000017,24.784600000000005,43.44315,39.30366249999986,0.8997625,4.829949999999999,0.1661750000000004,24.555025,1.4715546757485132,1.3999297550897176
121.65,24.9,257.8623,SSP2-4.5,2041-2060,4.802700000000016,38.599900000000005,7.481899999999769,0.543800000000001,4.484499999999999,0.15859999999999985,21.9942,41.062175,7.877349999999922,0.6712750000000001,4.7683124999999995,0.07823749999999996,23.951425,1.4715546757485132,1.4631255354595045
121.65,24.95,233.9441,SSP2-4.5,2041-2060,5.415800000000019,38.896800000000006,-54.14649999999983,0.13419999999999987,4.403399999999998,0.3827999999999996,22.5269,40.07265,-34.84713750000009,0.5681375000000006,5.145275,0.13813750000000002,23.841587500000003,1.4715546757485132,1.526321315829296
121.65,25.0,229.1821,SSP2-4.5,2041-2060,12.659500000000008,41.0933,-44.73149999999987,0.6356999999999999,4.189699999999998,0.6172000000000004,24.9231,41.6900375,-44.277625,0.5499250000000004,5.4439625000000005,-0.07867500000000027,25.220437500000003,1.4715546757485132,1.5895170961990874
121.65,25.05,220.8446,SSP2-4.5,2041-2060,8.528399999999976,45.7184,-38.697999999999865,0.5616999999999983,5.25,-0.2397000000000009,28.030800000000003,43.56975,-24.4722625,0.7219500000000001,5.309712500000001,0.03015000000000012,27.1711625,1.4715546757485132,1.652712876568879
121.65,25.1,207.0185,SSP2-4.5,2041-2060,12.165400000000005,45.61370000000001,-76.7156,0.4878999999999998,5.1448,-0.7396999999999991,29.646200000000004,45.519112500000006,-43.440487500000074,0.5869374999999999,4.86725,-0.2814749999999999,28.5870125,1.4715546757485132,1.7159086569386703
121.65,25.15,218.6738,SSP2-4.5,2041-2060,9.31280000000001,46.492000000000004,-296.42700000000013,-0.5405000000000015,4.412099999999999,-1.2637999999999998,28.700000000000003,46.5698875,-81.71203750000012,0.3838624999999998,4.471550000000001,-0.3937624999999998,29.4649125,1.4715546757485132,1.7791044373084572
121.65,25.2,190.889,SSP2-4.5,2041-2060,5.527299999999997,47.5666,-220.62140000000045,-0.22050000000000125,4.5931,-0.6137999999999995,30.0212,47.01055,-152.43420000000003,0.02427499999999938,4.411412500000001,-0.8620750000000001,29.5149,1.4715546757485132,1.8423002176782488
121.65,25.25,171.5283,SSP2-4.5,2041-2060,5.885899999999992,47.1267,-107.26909999999998,0.09379999999999811,4.819000000000003,-0.7741000000000007,29.6769,47.801,-187.38591250000013,-0.18750000000000044,4.244612500000001,-0.9286750000000004,29.7247625,1.4715546757485132,1.9054959980480402
121.7,24.2,275.0358,SSP2-4.5,2041-2060,3.6315999999999917,65.1072,49.388299999999845,1.9937000000000005,7.548299999999998,1.8102999999999998,31.3827,54.6877125,79.13412499999998,1.9219750000000007,5.779537499999998,1.7411625000000002,24.401925,1.5772485158297345,0.578384610282438
121.7,24.25,277.3466,SSP2-4.5,2041-2060,1.9575999999999567,57.113499999999995,65.5333999999998,2.0028000000000006,5.708599999999997,1.6947999999999999,24.840400000000002,53.530662500000005,101.68366249999988,1.8995875000000009,4.476724999999999,1.72435,23.602649999999997,1.5772485158297345,0.6415803906522295
121.7,24.3,295.0345,SSP2-4.5,2041-2060,-3.775699999999972,47.43569999999999,95.09030000000007,1.809700000000003,2.9620999999999995,1.743100000000001,19.125,53.483174999999996,120.42787499999991,1.8385375000000002,3.8034375,1.7359874999999998,23.63535,1.5772485158297345,0.704776171022021
121.7,24.35,335.7223,SSP2-4.5,2041-2060,-7.439400000000035,51.2049,117.10939999999982,1.5134000000000007,2.8155,1.5155000000000012,21.113500000000002,50.65344999999999,144.30888750000003,1.7407750000000002,2.6422375000000007,1.7709125,21.969225,1.5772485158297345,0.7679719513918124
121.7,24.4,358.8934,SSP2-4.5,2041-2060,-6.334900000000005,43.9841,138.08159999999998,1.6071999999999989,2.648299999999999,1.5569000000000006,18.4519,51.694325000000006,157.99201250000004,1.7056500000000003,2.5448125000000004,1.6756375,22.5283625,1.5772485158297345,0.8311677317615993
121.7,24.45,364.1507,SSP2-4.5,2041-2060,-3.241199999999992,49.7059,165.07249999999976,1.7920000000000016,2.365500000000001,1.5155000000000012,21.499999999999996,46.075987500000004,167.32648750000004,1.7065000000000001,2.7314624999999997,1.5700499999999997,19.9324375,1.5772485158297345,0.8943635121313908
121.7,24.5,374.8033,SSP2-4.5,2041-2060,0.8522000000000389,35.407500000000006,177.8076000000001,1.643699999999999,2.941399999999998,1.5190000000000001,14.4154,47.16352500000001,199.80569999999994,1.7111500000000004,3.761425,1.6004250000000002,20.973549999999996,1.5772485158297345,0.9575592925011822
121.7,24.55,416.0153,SSP2-4.5,2041-2060,8.795199999999966,47.3126,215.6165000000001,1.5956999999999972,4.75,1.4741,22.3173,45.4312875,212.20526249999995,1.6942250000000003,4.3276,1.3271625000000005,21.0985625,1.5772485158297345,1.0207550728709736
121.7,24.6,327.1352,SSP2-4.5,2041-2060,28.50970000000001,51.609100000000005,181.59259999999995,1.5253000000000014,4.508600000000001,0.529300000000001,26.025,49.680350000000004,181.16312499999998,1.5702500000000001,4.8232875,0.7418000000000005,24.737025000000003,1.5772485158297345,1.0839508532407651
121.7,24.65,278.3812,SSP2-4.5,2041-2060,9.070700000000045,53.53260000000001,44.27370000000019,1.3943000000000012,4.969000000000001,-0.8500000000000014,27.7731,51.237424999999995,128.84088749999995,1.4498875000000004,4.7258625,0.3008500000000005,26.806262500000003,1.5772485158297345,1.147146633610552
121.7,24.7,241.0741,SSP2-4.5,2041-2060,0.1669000000000267,50.568599999999996,78.99240000000009,1.5390000000000015,5.213799999999999,0.21720000000000006,27.525000000000002,51.3981,52.62482499999993,1.145375,4.6956875,0.11552499999999988,27.261775,1.5772485158297345,1.2103424139803434
121.7,24.75,229.8429,SSP2-4.5,2041-2060,-13.693299999999994,52.071000000000005,59.43190000000004,1.227999999999998,5.101700000000001,0.9827999999999992,27.3288,49.867925,50.640774999999906,1.1114375,4.61035,0.33255000000000035,26.925475,1.5772485158297345,1.273538194350135
121.7,24.8,247.45,SSP2-4.5,2041-2060,-4.633099999999985,49.16459999999999,78.19749999999976,1.1143999999999998,3.9741,-0.09479999999999933,25.8692,47.58115,74.43526249999996,1.0748124999999993,4.337925,0.5506499999999999,26.047337499999998,1.5772485158297345,1.3367339747199263
121.7,24.85,271.1531,SSP2-4.5,2041-2060,9.792500000000018,43.389100000000006,138.85190000000011,1.1142000000000003,4.324099999999998,0.5655000000000001,24.428800000000003,44.457387499999996,87.18356249999994,1.0641374999999997,4.2105625,0.19978750000000023,24.7908625,1.5772485158297345,1.3999297550897176
121.7,24.9,277.5127,SSP2-4.5,2041-2060,7.3322,40.7284,113.12239999999974,1.0152999999999999,5.581000000000001,-0.16029999999999944,23.632699999999996,41.2278875,66.30950000000001,0.9468624999999999,4.1620625,0.09438749999999985,23.504325,1.5772485158297345,1.4631255354595045
121.7,24.95,261.6735,SSP2-4.5,2041-2060,11.723500000000001,40.1936,39.67819999999983,1.0604000000000013,5.5276,0.022400000000001086,23.1481,40.216475,15.629387500000007,0.8157999999999999,4.5392375,-0.19913749999999997,23.4055375,1.5772485158297345,1.526321315829296
121.7,25.0,245.8166,SSP2-4.5,2041-2060,15.356499999999983,41.3481,-22.19920000000002,0.8592999999999975,4.939700000000002,-0.2190000000000012,24.1712,41.764250000000004,3.4683375000000183,0.7988749999999998,4.791387499999999,-0.6271749999999998,24.603862499999998,1.5772485158297345,1.5895170961990874
121.7,25.05,221.6028,SSP2-4.5,2041-2060,25.075999999999993,43.4659,94.77629999999999,1.0684000000000005,5.137900000000002,-1.1465999999999994,25.973099999999995,43.6620875,-10.212787500000047,0.7481874999999993,4.5062750000000005,-0.6504624999999999,26.166850000000004,1.5772485158297345,1.652712876568879
121.7,25.1,199.8942,SSP2-4.5,2041-2060,14.54989999999998,44.613600000000005,65.19729999999981,0.9334000000000024,3.8397000000000006,0.12930000000000064,27.4077,45.449425000000005,-11.872112500000014,0.6330874999999994,4.24785,-0.6873125,27.578137500000004,1.5772485158297345,1.7159086569386703
121.7,25.15,183.4885,SSP2-4.5,2041-2060,11.896600000000007,45.8497,48.41229999999996,0.8930000000000007,3.6052,0.33619999999999983,28.8365,46.4814875,-31.606050000000096,0.5399374999999997,3.8769375,-0.23492500000000005,28.272375,1.5772485158297345,1.7791044373084572
121.7,25.2,173.4387,SSP2-4.5,2041-2060,11.510899999999992,47.1414,7.232899999999972,0.6451999999999991,3.8810000000000002,-0.10000000000000142,29.321199999999997,46.747712500000006,-76.37971250000004,0.3292625,3.940525,-0.27478749999999996,28.5478375,1.5772485158297345,1.8423002176782488
121.75,24.25,262.9529,SSP2-4.5,2041-2060,10.362900000000025,61.6959,31.265899999999874,2.288400000000003,5.7327999999999975,1.437899999999999,31.196199999999997,55.7294625,91.17276249999992,1.9303250000000003,5.439437499999999,1.7223999999999997,25.06395,1.6829423559109558,0.6415803906522295
121.75,24.3,280.3745,SSP2-4.5,2041-2060,11.190699999999993,62.097899999999996,69.73189999999977,2.174199999999999,4.879300000000001,1.6137999999999995,30.257699999999996,54.53435,108.38953749999996,1.8292125000000015,4.0875,1.7012875000000003,24.866612500000002,1.6829423559109558,0.704776171022021
121.75,24.35,323.1967,SSP2-4.5,2041-2060,4.944099999999992,53.995900000000006,127.42210000000023,1.6357999999999997,4.741400000000002,1.8085999999999984,23.546200000000002,54.531462499999996,121.87192499999995,1.7294375000000008,3.4045249999999996,1.6150875000000005,25.5122625,1.6829423559109558,0.7679719513918124
121.75,24.4,357.6013,SSP2-4.5,2041-2060,-1.377299999999991,50.88440000000001,155.95780000000013,1.7924000000000007,2.003399999999999,1.5827999999999989,22.994199999999996,54.232375,146.37037500000002,1.6862500000000007,3.4124999999999996,1.5928750000000003,25.283900000000003,1.6829423559109558,0.8311677317615993
121.75,24.45,339.8916,SSP2-4.5,2041-2060,-0.18840000000000146,56.2976,175.75880000000006,2.0136000000000003,3.4654999999999987,1.4516999999999989,26.7327,50.08995,151.32110000000006,1.6711000000000005,3.215737499999999,1.542675,23.110075,1.6829423559109558,0.8943635121313908
121.75,24.5,338.6862,SSP2-4.5,2041-2060,-1.5337000000000103,49.19590000000001,160.5603000000001,1.7317999999999998,4.082799999999999,1.1620999999999988,21.961499999999997,49.5762625,167.88102500000008,1.6664625000000002,3.8930999999999996,1.5226125000000001,23.250474999999998,1.6829423559109558,0.9575592925011822
121.75,24.55,384.9637,SSP2-4.5,2041-2060,21.438600000000008,46.49790000000001,241.3793999999998,1.5831000000000017,4.8552,1.4448000000000008,21.867299999999997,48.522375000000004,175.3608625000001,1.5846499999999994,3.9965625,1.2118625000000003,23.122349999999997,1.6829423559109558,1.0207550728709736
121.75,24.6,318.566,SSP2-4.5,2041-2060,26.169200000000046,50.989700000000006,226.29520000000002,1.7408000000000001,4.562100000000001,0.805200000000001,25.767300000000002,50.5176625,157.94566250000003,1.4244624999999997,4.153012500000001,0.7866250000000004,25.4586625,1.6829423559109558,1.0839508532407651
121.75,24.65,279.9552,SSP2-4.5,2041-2060,-2.724899999999991,52.495099999999994,19.430899999999838,0.7050000000000018,4.231000000000002,-0.04829999999999934,28.1154,51.74035000000001,143.3778375,1.5407124999999997,4.3467625000000005,0.5157375000000004,27.061075000000002,1.6829423559109558,1.147146633610552
121.75,24.7,227.1843,SSP2-4.5,2041-2060,-1.6456000000000017,51.2028,85.15289999999959,1.1641000000000012,4.008600000000001,0.5500000000000007,27.513500000000004,51.9024625,85.00748750000002,1.2720124999999998,4.4109750000000005,0.45172499999999993,27.820675,1.6829423559109558,1.2103424139803434
121.75,24.75,201.423,SSP2-4.5,2041-2060,-4.921999999999997,50.4616,92.1277,1.0368999999999993,4.308599999999998,1.0638000000000005,28.253800000000002,51.522225,84.99904999999995,1.2662375,4.26895,0.5594875000000001,27.7865375,1.6829423559109558,1.273538194350135
121.75,24.8,217.8323,SSP2-4.5,2041-2060,-2.998500000000007,52.5814,89.73030000000017,1.1418,4.155200000000001,0.6948000000000008,29.778799999999997,49.62675,100.16413749999998,1.1981499999999996,3.8797125,0.6342749999999999,26.964412499999998,1.6829423559109558,1.3367339747199263
121.75,24.85,258.6382,SSP2-4.5,2041-2060,8.654699999999991,45.130599999999994,153.90009999999984,1.2425999999999995,2.924100000000003,0.7447999999999997,24.4212,46.2868875,102.66936249999998,1.1754375000000001,3.7073125000000005,0.3431125000000004,25.769225,1.6829423559109558,1.3999297550897176
121.75,24.9,295.6983,SSP2-4.5,2041-2060,7.347499999999968,39.5609,120.91250000000036,1.2967000000000013,2.939700000000002,0.14140000000000086,22.815400000000004,42.608037499999995,74.39236249999999,1.047975,3.83575,0.15818750000000015,24.03775,1.6829423559109558,1.4631255354595045
121.75,24.95,291.636,SSP2-4.5,2041-2060,6.704999999999984,40.2146,33.11130000000003,1.1252999999999993,4.4862,-0.7276000000000007,23.9154,40.7126125,19.675925000000007,0.8840750000000002,4.1000125,-0.3193999999999997,23.28535,1.6829423559109558,1.526321315829296
121.75,25.0,272.5216,SSP2-4.5,2041-2060,7.343400000000031,41.2898,-28.515800000000127,0.9161000000000001,5.2897,-1.7861999999999991,23.2654,41.9277125,0.9340000000000828,0.8331749999999998,4.299787500000001,-0.7467874999999999,24.426937499999998,1.6829423559109558,1.5895170961990874
121.75,25.05,229.8115,SSP2-4.5,2041-2060,8.466399999999993,43.2416,26.272699999999986,0.8891999999999989,4.046599999999998,-2.1396999999999995,25.048099999999998,44.0629625,10.802787499999965,0.8009374999999999,4.087512500000001,-0.7032499999999999,25.7329375,1.6829423559109558,1.652712876568879
121.75,25.1,211.3809,SSP2-4.5,2041-2060,9.68379999999999,46.3782,37.6877999999997,0.7021999999999977,3.3500000000000014,-0.8259000000000007,26.8423,45.4263125,60.37286250000005,0.9465375000000007,3.6088375000000004,-0.25906249999999975,26.833174999999997,1.6829423559109558,1.7159086569386703
121.75,25.15,200.9515,SSP2-4.5,2041-2060,9.294999999999987,46.835899999999995,109.71460000000025,1.0028000000000006,3.036200000000001,0.5206999999999997,27.5481,46.616550000000004,41.61738749999995,0.8546250000000004,3.4077625,0.04632499999999973,27.705287499999997,1.6829423559109558,1.7791044373084572
121.8,24.3,281.1604,SSP2-4.5,2041-2060,18.09480000000002,62.028200000000005,92.95359999999982,2.028600000000001,6.2379,1.7309999999999999,32.055800000000005,56.5200375,101.52547499999994,1.7917875000000012,4.066174999999999,1.6239125,26.272375000000004,1.788636195992177,0.704776171022021
121.8,24.35,308.6296,SSP2-4.5,2041-2060,8.75490000000002,60.1543,116.1206000000002,1.7355000000000018,4.0638000000000005,1.3828000000000014,30.613500000000002,55.338962499999994,129.0818,1.7430125000000003,3.8157249999999996,1.6650749999999999,26.091587500000003,1.788636195992177,0.7679719513918124
121.8,24.4,346.0626,SSP2-4.5,2041-2060,5.009500000000003,58.462199999999996,189.9301999999998,1.1745000000000019,1.625899999999998,1.7948000000000004,29.4865,55.05301250000001,128.68166250000013,1.8050375000000005,4.1523625,1.5905124999999998,26.308175,1.788636195992177,0.8311677317615993
121.8,24.45,295.8852,SSP2-4.5,2041-2060,0.49389999999999645,60.0541,141.46780000000035,2.0180000000000007,5.574099999999998,1.7172,30.826900000000002,54.3815875,140.58181250000007,1.6330875000000007,3.3185374999999997,1.4601374999999999,26.0331625,1.788636195992177,0.8943635121313908
121.8,24.5,300.6507,SSP2-4.5,2041-2060,-8.082099999999969,53.02550000000001,81.69100000000026,1.6092000000000013,4.484500000000001,1.4931,25.2442,50.7298625,147.50503750000007,1.5183749999999998,4.058624999999999,1.4032249999999997,24.3064875,1.788636195992177,0.9575592925011822
121.8,24.55,308.9933,SSP2-4.5,2041-2060,9.251100000000008,48.309000000000005,144.2546000000002,1.0763999999999996,2.7086000000000006,1.5655000000000001,23.1,51.92048750000001,154.11228750000004,1.4634375,4.2633875,1.2791000000000001,25.652162500000003,1.788636195992177,1.0207550728709736
121.8,24.6,258.7833,SSP2-4.5,2041-2060,7.4243000000000166,52.329699999999995,215.06910000000016,1.754299999999997,3.9345,1.1466000000000012,26.148100000000003,51.07640000000001,157.67479999999995,1.3537750000000006,3.804100000000001,1.0366250000000004,26.255537500000003,1.788636195992177,1.0839508532407651
121.8,24.65,237.7586,SSP2-4.5,2041-2060,8.474899999999991,52.0553,201.94849999999997,1.7615999999999978,3.267199999999999,1.0310000000000006,28.3231,52.1113875,147.51442499999996,1.4506375,3.990300000000001,0.8075625000000004,27.462512500000003,1.788636195992177,1.147146633610552
121.8,24.7,213.9866,SSP2-4.5,2041-2060,0.492999999999995,51.635,113.69830000000002,1.4462999999999973,4.310300000000002,0.6966000000000001,27.413500000000003,51.7718,112.39829999999995,1.3572875000000004,4.0555875,0.6036625000000002,27.953125,1.788636195992177,1.2103424139803434
121.8,24.75,181.712,SSP2-4.5,2041-2060,7.503000000000014,52.400499999999994,70.15650000000005,1.0650000000000013,3.8862000000000023,0.5206999999999997,27.8327,51.910700000000006,112.29373749999996,1.363249999999999,4.1381250000000005,0.8513000000000002,28.1661,1.788636195992177,1.273538194350135
121.8,24.8,184.8057,SSP2-4.5,2041-2060,8.716000000000008,52.5539,104.63259999999991,1.4313000000000002,3.5016999999999996,0.9085999999999999,29.0308,49.2241375,93.97591249999999,1.1538500000000003,3.4650750000000006,0.5569000000000002,26.894949999999998,1.788636195992177,1.3367339747199263
121.8,24.85,211.9242,SSP2-4.5,2041-2060,3.121299999999991,51.8427,104.01490000000013,1.3527999999999984,3.017199999999999,0.3827999999999996,28.549999999999997,46.783637500000005,97.35616250000004,1.1892250000000009,3.2385750000000004,0.5331750000000004,26.146887500000002,1.788636195992177,1.3999297550897176
121.8,24.9,270.9585,SSP2-4.5,2041-2060,3.505299999999977,40.4741,71.89279999999962,0.9370000000000012,2.1655000000000015,0.3069000000000006,22.048099999999998,44.6899875,52.04973750000016,1.0695375000000005,2.931025,0.23102500000000004,25.1738125,1.788636195992177,1.4631255354595045
121.8,24.95,286.0704,SSP2-4.5,2041-2060,3.9051999999999794,38.8912,-59.432699999999386,0.5362000000000009,2.6602999999999994,0.13100000000000023,22.1577,42.5929875,3.6109874999999647,0.8810875000000005,3.3316875,-0.3724249999999998,24.13895,1.788636195992177,1.526321315829296
121.8,25.0,255.9441,SSP2-4.5,2041-2060,2.8337000000000216,43.2148,-78.05079999999998,0.4515999999999991,3.6966,-0.9914000000000005,25.044199999999996,42.828625,-19.371274999999912,0.7862,3.6239124999999994,-0.7413875000000001,24.275,1.788636195992177,1.5895170961990874
121.8,25.05,234.9002,SSP2-4.5,2041-2060,1.9673999999999978,44.8519,-26.683799999999792,0.6750000000000007,3.9034000000000013,-0.9033999999999995,25.9577,45.316775,9.824424999999962,0.8075124999999992,3.5026,-0.7213500000000002,25.6151375,1.788636195992177,1.652712876568879
121.8,25.1,217.2597,SSP2-4.5,2041-2060,6.900899999999979,47.3414,44.21050000000014,0.8015000000000008,2.5431000000000026,0.11720000000000041,27.2019,46.4555875,89.14675000000005,1.0889124999999997,3.1396499999999996,-0.15667500000000034,26.41875,1.788636195992177,1.7159086569386703
121.8,25.15,197.1041,SSP2-4.5,2041-2060,12.952200000000005,47.2105,121.08300000000008,1.309000000000001,2.7585999999999977,1.0137999999999998,26.692299999999996,47.057424999999995,159.72753750000004,1.4318375,2.7851250000000003,0.4137999999999997,27.004325,1.788636195992177,1.7791044373084572
121.85,24.5,290.1548,SSP2-4.5,2041-2060,-8.686599999999999,57.3269,79.56330000000025,1.2156999999999982,4.456900000000001,1.2982999999999993,29.7327,52.2715625,146.19546250000008,1.4597750000000005,4.1739375,1.4749875,25.8024,1.8943300360733983,0.9575592925011822
121.85,24.55,274.5239,SSP2-4.5,2041-2060,-9.272800000000018,52.75,59.248499999999694,0.8646999999999991,4.384500000000003,1.0671999999999997,25.8154,52.333875,167.43332500000008,1.5055125,3.947,1.3644375,26.644475,1.8943300360733983,1.0207550728709736
121.85,24.6,253.7975,SSP2-4.5,2041-2060,0.005499999999983629,53.2483,169.0915,1.2079000000000022,3.3466000000000022,1.8155000000000001,28.6808,52.0791625,181.872925,1.5857499999999995,3.715525,1.0474125,26.988950000000003,1.8943300360733983,1.0839508532407651
121.85,24.65,236.8816,SSP2-4.5,2041-2060,10.755600000000015,52.2659,199.74980000000005,1.8907000000000025,3.0776000000000003,0.6120999999999999,28.375,52.509987499999994,145.83269999999993,1.4307749999999992,3.9700375000000006,0.9010750000000001,27.7053,1.8943300360733983,1.147146633610552
121.85,24.7,202.0537,SSP2-4.5,2041-2060,6.924800000000005,52.7246,151.6277,1.695999999999998,4.451699999999999,0.8827999999999996,27.6865,51.9705625,118.91951249999994,1.2846875000000004,3.804512500000001,0.7801750000000003,28.063475,1.8943300360733983,1.2103424139803434
121.85,24.85,194.3985,SSP2-4.5,2041-2060,1.2055000000000007,51.73760000000001,91.78750000000036,1.3403000000000027,3.2897,0.8361999999999998,28.4058,47.4431875,90.81514999999996,1.2727000000000002,2.4948124999999997,0.4935250000000002,26.1281375,1.8943300360733983,1.3999297550897176
121.85,24.9,219.6486,SSP2-4.5,2041-2060,-5.6858,48.841499999999996,7.141599999999926,1.0099000000000018,2.608599999999999,0.06720000000000148,28.2462,45.2115125,38.37115000000017,1.0128000000000004,2.4700499999999996,0.25193750000000015,25.0391875,1.8943300360733983,1.4631255354595045
121.85,24.95,244.5554,SSP2-4.5,2041-2060,7.451099999999997,41.30080000000001,-35.03729999999996,0.6524999999999999,1.5223999999999975,0.2723999999999993,22.8788,45.41459999999999,-22.335749999999962,0.7756500000000002,2.7543124999999997,-0.024374999999999813,25.092799999999997,1.8943300360733983,1.526321315829296
121.85,25.0,223.7946,SSP2-4.5,2041-2060,17.696300000000008,45.8474,-62.56640000000016,0.6596000000000011,3.9448000000000008,-0.2621000000000002,24.8981,45.1120375,-20.997174999999856,0.6981124999999997,2.9633499999999997,-0.061650000000000205,24.8314875,1.8943300360733983,1.5895170961990874
121.85,25.05,209.6039,SSP2-4.5,2041-2060,10.445599999999985,46.99170000000001,-2.118199999999888,0.8356999999999992,3.1378999999999984,-0.5155000000000012,26.078799999999998,47.0983375,55.77006250000005,0.9883499999999996,3.228875000000001,0.1590499999999999,25.8836625,1.8943300360733983,1.652712876568879
121.85,25.1,189.4712,SSP2-4.5,2041-2060,11.037999999999982,48.229299999999995,141.67560000000003,1.2041999999999966,2.0121,0.6327999999999996,26.5423,47.813424999999995,194.6715250000001,1.6610125000000007,2.8889875,0.6519499999999998,26.446399999999997,1.8943300360733983,1.7159086569386703
121.85,25.15,170.9226,SSP2-4.5,2041-2060,16.730400000000003,47.90559999999999,305.54230000000007,2.093200000000003,2.872399999999999,0.9637999999999991,26.6404,47.733962500000004,183.55501250000003,1.5585999999999995,2.628875,0.5556124999999996,26.7271625,1.8943300360733983,1.7791044373084572
121.9,24.55,236.2946,SSP2-4.5,2041-2060,2.7698000000000036,55.091800000000006,171.8706000000002,1.5870999999999995,3.955199999999998,1.5344999999999995,28.923099999999998,52.762150000000005,148.15186250000005,1.4536625,3.7784625000000007,1.2019374999999999,27.069475,2.00002387615465,1.0207550728709736
121.9,24.6,197.3731,SSP2-4.5,2041-2060,19.56650000000002,52.8419,236.54709999999977,2.0104000000000006,3.8344999999999985,0.6171999999999986,29.459600000000002,53.4740625,156.02112500000004,1.4972499999999993,3.8592750000000002,1.1735,27.9605875,2.00002387615465,1.0839508532407651
121.9,24.9,208.899,SSP2-4.5,2041-2060,-5.7209,49.723499999999994,8.13570000000027,1.1372999999999998,1.875899999999998,0.07760000000000034,27.9019,47.10068750000001,52.913224999999954,1.1355750000000004,2.5107749999999998,0.45601250000000015,25.3553,2.00002387615465,1.4631255354595045
121.9,24.95,213.5584,SSP2-4.5,2041-2060,9.794600000000003,48.1613,4.695799999999963,0.8495999999999988,2.2897,-0.13279999999999959,25.5558,46.317225,-8.952862499999924,0.8541125000000003,2.7728249999999997,0.30428750000000004,25.241349999999997,2.00002387615465,1.526321315829296
121.9,25.0,206.9323,SSP2-4.5,2041-2060,9.026399999999995,48.163,-70.50199999999995,0.6239999999999988,2.793099999999999,0.6085999999999991,24.8904,47.806787500000006,50.36607499999997,1.0657750000000001,3.2316624999999997,0.4654999999999996,25.6043125,2.00002387615465,1.5895170961990874
121.9,25.05,177.6348,SSP2-4.5,2041-2060,11.9007,49.321600000000004,99.15160000000014,0.9603000000000002,3.703400000000002,1.0379000000000005,26.0885,48.721849999999996,116.20639999999992,1.3626874999999994,3.3193875,0.6008624999999994,25.9603375,2.00002387615465,1.652712876568879
121.9,25.1,136.3095,SSP2-4.5,2041-2060,27.447599999999994,49.817299999999996,398.9258,2.5305999999999997,3.2345000000000006,1.0328,26.446199999999997,48.5466,164.86870000000005,1.5180125,2.7497749999999996,0.8801749999999995,26.40865,2.00002387615465,1.7159086569386703
121.9,25.15,122.7288,SSP2-4.5,2041-2060,34.74959999999999,49.067400000000006,617.261,4.082800000000001,0.958599999999997,2.4689999999999994,26.4654,48.521275,161.52492500000005,1.4096125000000002,3.02995,0.7512999999999996,26.6314875,2.00002387615465,1.7791044373084572
121.95,24.85,139.3408,SSP2-4.5,2041-2060,44.10910000000001,49.6784,311.84079999999994,2.4182000000000006,2.3430999999999997,1.1879000000000008,25.9481,48.8857625,49.47656250000006,1.1710625000000003,2.735124999999999,0.3874875,26.6889375,2.105717716235871,1.3999297550897176
121.95,25.0,171.8806,SSP2-4.5,2041-2060,14.373800000000017,48.448800000000006,41.486599999999726,1.2530999999999999,3.0741000000000014,0.5016999999999996,24.869199999999996,49.3155,79.40652499999999,1.2247625,3.3961124999999996,0.6540749999999997,26.299525000000003,2.105717716235871,1.5895170961990874
121.95,25.05,156.8258,SSP2-4.5,2041-2060,14.893200000000007,51.352799999999995,183.72879999999986,1.5424000000000007,3.977599999999999,1.727599999999999,27.3615,49.220525,194.60168749999997,1.7889249999999999,3.1857499999999996,0.9137874999999995,26.0673125,2.105717716235871,1.652712876568879
122.0,25.0,141.2376,SSP2-4.5,2041-2060,17.3964,51.0299,173.58770000000004,1.7730000000000015,4.2033999999999985,1.0947999999999993,27.103800000000003,49.48909999999999,120.58041249999997,1.3936499999999996,3.1661625,0.7417999999999998,26.2137125,2.2114115563170924,1.5895170961990874
122.0,25.05,132.0459,SSP2-4.5,2041-2060,26.2157,50.924499999999995,299.02099999999973,2.251899999999999,4.381,1.0809999999999995,26.5962,49.4202625,181.04191249999997,1.701975,3.0292999999999997,1.0424499999999997,26.0976,2.2114115563170924,1.652712876568879
122.1,25.65,212.7383,SSP2-4.5,2041-2060,2.0626000000000033,54.2107,68.51199999999994,0.5702999999999996,5.7897,0.9844999999999988,29.551899999999996,48.427837499999995,222.93406249999998,1.7763374999999997,3.1146499999999997,0.7898874999999994,27.2976125,2.422799236479535,2.4110622410063627
119.45,23.2,88.1242,SSP2-4.5,2081-2100,-0.32260000000000844,128.9983,53.35509999999999,0.4794999999999998,4.070700000000002,0.9085999999999999,69.3173,128.7662375,44.765975,-0.0025125000000003617,1.0174500000000002,1.5726499999999999,69.7685125,-3.1789742878254956,-0.6855309971133726
119.5,23.35,140.2317,SSP2-4.5,2081-2100,5.587700000000012,128.4594,46.33100000000002,0.15449999999999875,-0.02410000000000423,1.7637999999999998,69.7981,128.8336,45.643987499999994,0.03811249999999977,1.529300000000001,1.4657499999999999,69.70841250000001,-3.073280447744274,-0.4959436560039983
119.5,23.4,139.9822,SSP2-4.5,2081-2100,3.5190999999999804,128.4043,43.17139999999995,0.06319999999999837,-0.22930000000000916,1.6828000000000003,70.3385,129.0644375,40.7482375,-0.025000000000000133,0.8943875000000023,1.3991499999999997,70.1463875,-3.073280447744274,-0.43274787563421135
119.5,23.5,143.6065,SSP2-4.5,2081-2100,-7.471900000000005,130.2259,31.453399999999988,-0.4490000000000016,-0.3983000000000061,1.6585999999999999,71.7,129.1386,39.04999999999998,0.019837499999999064,0.22177500000000094,1.4987125,70.5908625,-3.073280447744274,-0.3063563148946285
119.5,23.6,133.4372,SSP2-4.5,2081-2100,-7.030199999999994,129.0393,44.8963,-0.1255999999999986,-0.7637999999999892,1.2413999999999996,71.2019,129.4227875,37.37019999999998,0.01956249999999926,0.47672500000000007,1.4172374999999997,70.91513749999999,-3.073280447744274,-0.17996475415504562
119.5,23.65,131.2561,SSP2-4.5,2081-2100,-6.816299999999998,129.5058,47.3134,0.07119999999999749,-0.18099999999999739,1.3879000000000001,71.2788,129.0829,39.47464999999998,0.06773749999999978,0.6127125000000007,1.3280249999999998,71.039425,-3.073280447744274,-0.11676897378525869
119.55,23.35,139.2331,SSP2-4.5,2081-2100,1.069500000000005,128.7194,38.94200000000001,-0.00689999999999813,0.5879000000000048,1.3052000000000001,69.70190000000001,128.8011,46.567612499999996,0.05828749999999938,1.4527999999999999,1.523075,69.7204375,-2.967586607663053,-0.4959436560039983
119.55,23.55,151.4465,SSP2-4.5,2081-2100,-10.553399999999982,129.8658,25.85680000000002,-0.2527000000000008,1.4258999999999986,1.6689999999999996,70.9212,129.2864875,38.566574999999986,0.004662499999999348,0.29417500000000096,1.3857749999999998,70.6591125,-2.967586607663053,-0.24316053452483705
119.55,23.65,133.0819,SSP2-4.5,2081-2100,-8.060799999999986,129.1418,45.94229999999993,0.0478999999999985,-0.041399999999995885,1.2671999999999999,70.69810000000001,129.22495,39.28278749999998,0.09263749999999993,0.7987125000000024,1.3394499999999998,70.8651375,-2.967586607663053,-0.11676897378525869
119.6,23.25,136.6252,SSP2-4.5,2081-2100,-1.0769999999999982,127.6628,57.914499999999975,-0.026599999999998403,1.7103000000000037,1.1120999999999999,68.7019,128.933175,44.19605,0.060749999999999416,1.3125,1.5472124999999999,69.8454375,-2.8618927675818315,-0.6223352167435812
119.6,23.55,143.8459,SSP2-4.5,2081-2100,-9.622099999999989,129.5446,27.236800000000017,0.026799999999997937,0.5465000000000089,1.5344999999999995,69.8288,129.20701250000002,37.67541249999999,-0.03145000000000042,0.6732749999999985,1.3618624999999995,70.472825,-2.8618927675818315,-0.24316053452483705
119.6,23.6,141.1564,SSP2-4.5,2081-2100,-9.477399999999989,129.14780000000002,31.65199999999993,0.1734000000000009,1.0413999999999959,1.4430999999999994,70.6615,129.14398749999998,39.198787499999995,0.04777499999999968,0.931887500000002,1.3224249999999997,70.42716250000001,-2.8618927675818315,-0.17996475415504562
119.6,23.65,136.5514,SSP2-4.5,2081-2100,-9.655200000000008,129.1286,40.7038,0.3190000000000026,1.6723999999999961,1.2397,70.3096,129.001125,42.659174999999976,0.1331999999999991,0.8155125000000005,1.2719749999999999,71.003125,-2.8618927675818315,-0.11676897378525869
119.6,23.7,132.8465,SSP2-4.5,2081-2100,-8.546999999999997,128.822,48.80309999999997,0.2198999999999991,-0.2516999999999996,1.1379000000000001,71.92309999999999,128.97628749999998,43.85419999999998,0.12653749999999997,0.8922375000000002,1.2480624999999999,70.97307500000001,-2.8618927675818315,-0.053573193415467256
119.6,23.75,131.5149,SSP2-4.5,2081-2100,-8.819500000000005,127.9733,50.70609999999999,0.13319999999999865,1.2723999999999904,1.0914000000000001,72.7712,129.08237499999998,43.616324999999975,0.13737500000000002,0.7017250000000015,1.2538749999999999,70.8670625,-2.8618927675818315,0.009622586954324176
119.65,23.25,154.9015,SSP2-4.5,2081-2100,2.4276999999999873,127.2477,87.2219,0.470600000000001,4.520700000000005,1.8552,67.1577,128.69885,44.52359999999999,0.026737499999999192,0.8609874999999985,1.3528124999999998,69.80985000000001,-2.7561989275005803,-0.6223352167435812
119.65,23.55,137.1792,SSP2-4.5,2081-2100,-8.597400000000022,128.5581,39.33460000000002,-0.02640000000000242,0.47759999999999536,1.3137999999999996,69.5942,129.15811250000002,38.33727499999998,0.09164999999999957,1.1844750000000008,1.3181124999999998,70.3262,-2.7561989275005803,-0.24316053452483705
119.65,23.6,135.7117,SSP2-4.5,2081-2100,-9.315200000000004,129.12800000000001,41.81960000000004,0.0840999999999994,1.2378999999999962,1.2516999999999996,70.0673,128.9564,40.89493749999997,0.13691249999999933,0.879737500000001,1.2594874999999996,70.3923,-2.7561989275005803,-0.17996475415504562
119.65,23.65,133.1052,SSP2-4.5,2081-2100,-8.377200000000002,128.7457,47.80009999999993,0.3091000000000008,2.9000000000000057,1.0621,70.7962,129.0041875,40.14737499999998,0.10878749999999915,0.6719749999999998,1.2831874999999997,70.3011875,-2.7561989275005803,-0.11676897378525869
119.7,23.55,133.6888,SSP2-4.5,2081-2100,-8.076599999999985,128.5626,45.68679999999995,0.02559999999999718,0.6931000000000012,1.0775999999999994,69.3269,129.15755000000001,37.543249999999986,0.08514999999999961,1.1575375,1.3476374999999998,70.3596125,-2.6505050874193588,-0.24316053452483705
120.0,23.45,147.1014,SSP2-4.5,2081-2100,0.14979999999999905,129.1203,73.55849999999998,0.006199999999999761,1.4672000000000054,1.5603000000000007,72.02120000000001,129.1915625,98.63876249999998,0.7656749999999994,0.03816250000000032,1.4963375,73.362025,-2.016342046932001,-0.3695520952644199
120.05,23.05,151.7014,SSP2-4.5,2081-2100,18.72539999999998,127.3964,84.85069999999996,1.3641000000000005,0.6016999999999939,0.5483000000000002,69.7154,128.4832,112.04147499999999,1.8193125,3.789224999999999,1.0239125000000002,72.443025,-1.9106482068507795,-0.8751183382227424
120.05,23.1,160.5833,SSP2-4.5,2081-2100,16.65859999999998,127.96799999999999,66.21319999999992,1.145199999999999,5.137900000000002,0.6723999999999997,69.59039999999999,128.91565000000003,101.31993750000001,1.5146000000000002,3.177374999999998,1.0413750000000002,72.60625,-1.9106482068507795,-0.811922557852951
120.05,23.15,161.5848,SSP2-4.5,2081-2100,15.60560000000001,125.6532,75.79819999999995,0.8769999999999989,5.205200000000005,0.753400000000001,68.6231,128.7403875,100.863925,1.35365,3.332749999999999,1.0594875,72.031975,-1.9106482068507795,-0.748726777483164
120.05,23.5,152.7158,SSP2-4.5,2081-2100,1.1408999999999878,130.02839999999998,80.90230000000008,0.04609999999999914,0.4655000000000058,1.7207,75.1962,129.15643749999998,97.79923749999996,1.0448249999999994,-0.39589999999999925,1.4536625,74.308425,-1.9106482068507795,-0.3063563148946285
120.1,23.05,164.0755,SSP2-4.5,2081-2100,26.495299999999986,127.96260000000001,121.00080000000003,2.0138999999999996,1.8171999999999997,0.7828000000000008,73.4346,128.7319,117.17750000000001,1.9548875000000003,3.514437499999997,1.0637875,72.52355,-1.8049543667695582,-0.8751183382227424
120.1,23.1,164.0134,SSP2-4.5,2081-2100,20.670200000000023,130.1453,87.88620000000014,1.714500000000001,5.698300000000003,0.7792999999999992,73.5212,128.85885000000002,105.26904999999996,1.6897625,3.1622749999999984,1.0355500000000004,72.4514375,-1.8049543667695582,-0.811922557852951
120.1,23.15,162.4066,SSP2-4.5,2081-2100,21.15889999999999,130.863,90.46759999999995,1.1031000000000013,5.317199999999993,1.5947999999999993,73.79230000000001,128.8817625,100.5378,1.576825,3.334062500000001,0.9961125000000001,72.7754875,-1.8049543667695582,-0.748726777483164
120.1,23.2,171.3221,SSP2-4.5,2081-2100,13.77109999999999,126.95490000000001,120.91640000000007,0.7520999999999987,1.7828000000000017,1.1327999999999996,70.7942,128.5684,102.483225,1.3398125000000003,3.8146625000000007,1.1732624999999997,72.3764625,-1.8049543667695582,-0.6855309971133726
120.1,23.25,167.5961,SSP2-4.5,2081-2100,9.66979999999998,126.17089999999999,130.70139999999992,0.8338000000000001,3.450000000000003,1.4620999999999995,69.19040000000001,128.20745,108.29865000000001,1.1795750000000003,2.4370875000000014,1.1542999999999994,72.3915875,-1.8049543667695582,-0.6223352167435812
120.1,23.3,161.8927,SSP2-4.5,2081-2100,6.078300000000013,126.3482,126.8469,0.6508000000000003,0.7724000000000046,1.5154999999999994,69.91539999999999,127.7177125,110.81689999999998,1.0847249999999997,2.2926874999999995,1.2148874999999997,71.41730000000001,-1.8049543667695582,-0.5591394363737897
120.1,23.35,160.5993,SSP2-4.5,2081-2100,2.0389999999999873,128.7008,106.63779999999997,0.25489999999999924,-2.203400000000002,1.3241000000000005,71.3288,128.0664375,107.89354999999995,1.1782375000000003,2.0954749999999995,1.3627249999999997,71.818275,-1.8049543667695582,-0.4959436560039983
120.1,23.55,158.8799,SSP2-4.5,2081-2100,-3.1914999999999907,128.71339999999998,96.42439999999999,0.408299999999997,-2.010300000000001,1.4966,74.44810000000001,128.5565875,106.040825,1.181825,-1.6525874999999992,1.390075,74.72765,-1.8049543667695582,-0.24316053452483705
120.1,23.65,147.0171,SSP2-4.5,2081-2100,-1.4924000000000035,126.53169999999999,118.67689999999993,1.4407999999999994,-5.765500000000003,1.0879000000000003,71.18650000000001,126.6447625,112.16487500000004,1.432775,-1.4165999999999972,1.2773750000000001,73.94761249999999,-1.8049543667695582,-0.11676897378525869
120.15,22.9,182.8242,SSP2-4.5,2081-2100,17.47830000000002,125.61700000000002,130.4937,2.542300000000001,3.6965000000000003,0.8017000000000003,70.7615,129.7616375,147.2379875,2.652649999999999,4.406037499999999,1.0775875,73.780525,-1.699260526688307,-1.0647056793321166
120.15,22.95,183.9828,SSP2-4.5,2081-2100,21.50720000000001,124.31859999999999,138.36969999999997,2.644599999999997,4.986199999999997,0.8690000000000007,70.58269999999999,128.1558875,152.5873,2.6088125,3.9202625000000015,1.2834000000000003,72.88845,-1.699260526688307,-1.0015098989623252
120.15,23.0,179.0614,SSP2-4.5,2081-2100,26.68090000000001,126.7079,156.019,2.5885,2.775899999999993,1.1793000000000005,72.3442,127.349525,145.39135000000002,2.559875,3.8461000000000016,1.2316875000000003,72.3521375,-1.699260526688307,-0.9383141185925338
120.15,23.05,168.845,SSP2-4.5,2081-2100,33.54089999999999,128.6778,174.18229999999994,2.7226999999999997,2.2224000000000075,1.1931000000000012,73.4865,129.11022499999999,127.45898750000003,2.3258625000000004,3.706699999999996,1.18405,73.7538375,-1.699260526688307,-0.8751183382227424
120.15,23.1,171.8789,SSP2-4.5,2081-2100,23.689600000000013,129.8878,124.7645,2.3896000000000015,2.1396999999999906,1.2362000000000002,74.7519,130.134675,118.67158750000002,2.0387875,3.933612499999998,1.1387875000000003,74.1788375,-1.699260526688307,-0.811922557852951
120.15,23.15,172.6805,SSP2-4.5,2081-2100,15.48060000000001,132.46200000000002,104.87509999999997,1.9024999999999999,2.856899999999996,1.503400000000001,76.2173,130.20235,103.0219875,1.7062250000000008,3.9213499999999986,1.1411624999999996,74.29375,-1.699260526688307,-0.748726777483164
120.15,23.2,173.6379,SSP2-4.5,2081-2100,13.291799999999995,130.0203,102.84799999999996,1.8198000000000008,2.0345000000000084,1.1085999999999991,75.27120000000001,129.4170875,102.46234999999999,1.4810875000000006,4.033624999999999,1.2025874999999997,73.5603375,-1.699260526688307,-0.6855309971133726
120.15,23.25,176.7822,SSP2-4.5,2081-2100,9.454100000000011,126.8843,100.44240000000013,1.8170000000000002,5.182799999999993,0.6689999999999987,72.4808,127.83365,109.02188749999996,1.2426125000000003,2.9788875000000035,1.1853499999999997,72.3552875,-1.699260526688307,-0.6223352167435812
120.15,23.3,164.996,SSP2-4.5,2081-2100,7.298099999999977,127.0229,123.22929999999997,1.1234000000000002,3.5759000000000043,1.1861999999999995,70.96730000000001,127.61001250000001,107.37347499999998,1.1545375000000004,2.1810374999999995,1.1586249999999998,71.74255000000001,-1.699260526688307,-0.5591394363737897
120.15,23.35,166.8912,SSP2-4.5,2081-2100,3.1872999999999934,130.1387,114.25800000000004,1.0759000000000007,0.6637999999999948,1.2724000000000002,72.3558,127.58275,99.07464999999996,1.1991125,2.263137500000001,1.2847125,71.72235,-1.699260526688307,-0.4959436560039983
120.15,23.4,167.3857,SSP2-4.5,2081-2100,0.15119999999998868,129.5722,97.08659999999986,1.6037,1.7724000000000046,1.6258999999999997,72.3269,128.5377875,99.48942499999998,1.2051375000000002,1.7952749999999966,1.28535,72.614425,-1.699260526688307,-0.43274787563421135
120.15,23.45,169.7463,SSP2-4.5,2081-2100,-2.3352999999999895,130.1726,85.45799999999986,1.0417999999999985,0.5189999999999912,1.3293,75.12689999999999,129.4251375,98.40919999999997,1.40525,1.206037499999999,1.3959125,73.98656249999999,-1.699260526688307,-0.3695520952644199
120.15,23.5,182.3152,SSP2-4.5,2081-2100,-11.709000000000003,129.8582,81.49610000000007,1.0439000000000007,0.3259000000000043,1.6862000000000004,76.1981,129.39768750000002,103.98808749999995,1.2657624999999997,-0.47348750000000184,1.4146624999999997,75.2370375,-1.699260526688307,-0.3063563148946285
120.15,23.55,169.2276,SSP2-4.5,2081-2100,-9.2637,128.36239999999998,103.87079999999992,0.9938000000000002,-2.3034999999999997,1.5378999999999996,74.89620000000001,128.8547125,108.54787500000002,1.3265500000000001,-1.1601124999999985,1.3573375,75.5505,-1.699260526688307,-0.24316053452483705
120.15,23.6,154.9187,SSP2-4.5,2081-2100,-2.0519999999999925,126.11970000000001,132.13220000000013,1.4941999999999993,-2.6861999999999995,1.2431,73.23649999999999,127.862,111.00276249999997,1.3173375000000003,-1.763587499999998,1.24095,74.527425,-1.699260526688307,-0.17996475415504562
120.15,23.65,152.2337,SSP2-4.5,2081-2100,-1.217000000000013,126.30280000000002,134.35710000000006,2.123100000000001,-1.3430999999999926,0.9844999999999997,73.2731,126.69072499999999,110.33438749999999,1.5617999999999999,-1.7459124999999975,1.161625,73.72933750000001,-1.699260526688307,-0.11676897378525869
120.15,23.7,159.0972,SSP2-4.5,2081-2100,-5.8326999999999884,126.18289999999999,113.55840000000012,1.997799999999998,-3.556899999999999,1.4241000000000001,72.8673,126.23317500000002,110.30065000000002,1.6653250000000006,-1.1202624999999973,1.0172375000000002,74.0973625,-1.699260526688307,-0.053573193415467256
120.15,23.75,155.5938,SSP2-4.5,2081-2100,-7.604799999999983,125.07130000000001,94.13980000000004,1.3727000000000018,-0.09139999999999304,1.1621000000000006,75.0981,125.6745375,96.643125,1.647325,-0.5163749999999983,0.998475,75.4649125,-1.699260526688307,0.009622586954324176
120.15,23.8,149.9186,SSP2-4.5,2081-2100,-7.017400000000009,123.16130000000001,77.36209999999994,1.3236999999999988,0.515500000000003,0.9033999999999995,76.4173,124.43,79.47350000000003,1.411375,-1.1687499999999975,1.128225,76.18125,-1.699260526688307,0.0728183673241156
120.2,22.8,197.0965,SSP2-4.5,2081-2100,13.964400000000012,138.1547,133.00610000000006,2.387800000000002,4.060299999999998,0.7017000000000007,77.1538,136.3633375,133.0256,2.21835,4.712499999999999,0.9816875,77.2108125,-1.5935666866070857,-1.191097240071695
120.2,22.85,199.0056,SSP2-4.5,2081-2100,14.600900000000024,135.1534,131.80219999999986,2.725999999999999,5.451700000000002,0.579299999999999,75.9,132.334725,138.67195000000007,2.4067250000000002,4.121537499999998,0.9801624999999999,75.1745,-1.5935666866070857,-1.1279014597019037
120.2,22.9,190.9749,SSP2-4.5,2081-2100,18.116800000000012,130.5353,128.5978,2.3267999999999986,5.150000000000006,1.4516999999999998,74.6404,129.72404999999998,145.91490000000002,2.7906749999999994,4.573049999999999,1.0316874999999999,73.62956249999999,-1.5935666866070857,-1.0647056793321166
120.2,22.95,197.0414,SSP2-4.5,2081-2100,19.841700000000003,125.79579999999999,150.7260000000001,2.1441000000000017,4.5534000000000034,1.4017,70.7769,128.30780000000001,148.690825,2.7363999999999993,4.193975000000001,1.2668125000000001,73.0298,-1.5935666866070857,-1.0015098989623252
120.2,23.0,195.1873,SSP2-4.5,2081-2100,19.1387,126.8451,139.95499999999993,2.557100000000002,5.291400000000003,1.9051999999999998,71.9769,128.46390000000002,154.18593750000002,2.6851499999999993,3.7829749999999995,1.3189625,73.07475,-1.5935666866070857,-0.9383141185925338
120.2,23.05,177.4156,SSP2-4.5,2081-2100,26.82729999999998,128.209,153.03650000000016,2.6113999999999997,4.222399999999993,1.3068999999999997,72.9865,129.992675,136.97406249999997,2.5731875000000004,3.426524999999998,1.2829625000000002,74.375225,-1.5935666866070857,-0.8751183382227424
120.2,23.1,182.2399,SSP2-4.5,2081-2100,21.23859999999999,130.6111,119.99810000000002,2.346,3.7534999999999954,0.7224000000000004,74.7942,131.15664999999998,123.00502499999999,2.2580125000000004,3.2784499999999968,1.2549375000000003,75.374275,-1.5935666866070857,-0.811922557852951
120.2,23.15,197.3576,SSP2-4.5,2081-2100,8.885100000000023,132.1466,97.9260999999999,1.8962000000000003,5.580999999999996,1.2275999999999998,75.1981,131.0259125,105.21657499999998,1.943925000000001,3.145487499999999,1.1958875000000002,75.79446250000001,-1.5935666866070857,-0.748726777483164
120.2,23.2,193.4613,SSP2-4.5,2081-2100,4.611099999999993,130.9898,79.36899999999991,1.6285000000000025,5.0638000000000005,1.3276000000000003,76.2269,129.744825,98.22177500000001,1.7236125000000007,3.312512500000002,1.1605499999999997,75.1622625,-1.5935666866070857,-0.6855309971133726
120.2,23.25,181.3037,SSP2-4.5,2081-2100,6.032100000000014,128.86520000000002,95.00080000000003,1.9155000000000015,3.0345000000000084,0.7033999999999994,74.5827,127.8478375,91.115275,1.4340750000000009,3.691175000000001,1.2228499999999998,74.0331625,-1.5935666866070857,-0.6223352167435812
120.2,23.3,176.4082,SSP2-4.5,2081-2100,-2.6025999999999954,126.29700000000001,93.26329999999984,1.2169999999999987,4.117199999999997,1.0465999999999998,71.89420000000001,127.5862625,89.60862500000005,1.450937500000001,3.054750000000001,1.1204749999999999,73.21562500000002,-1.5935666866070857,-0.5591394363737897
120.2,23.35,181.8558,SSP2-4.5,2081-2100,-4.5608,127.47500000000001,91.83719999999994,1.4714000000000027,2.4309999999999974,1.2759,72.1923,127.8991375,90.28775000000002,1.3833375,2.993099999999999,1.2707000000000002,72.78052500000001,-1.5935666866070857,-0.4959436560039983
120.2,23.4,177.111,SSP2-4.5,2081-2100,-0.6076999999999941,127.631,93.731,1.6250999999999998,3.5792999999999964,1.2345000000000006,72.4712,129.0473625,90.6250125,1.4394125,2.2230624999999975,1.3067,73.2834125,-1.5935666866070857,-0.43274787563421135
120.2,23.45,179.4661,SSP2-4.5,2081-2100,-2.1544000000000096,128.2617,88.83269999999993,1.5056000000000012,3.320699999999995,1.4396999999999993,72.32119999999999,129.856575,94.88594999999998,1.4870374999999996,1.6273874999999984,1.3821249999999998,74.8180375,-1.5935666866070857,-0.3695520952644199
120.2,23.5,174.421,SSP2-4.5,2081-2100,-1.9675000000000011,131.3327,112.36729999999989,1.7667000000000002,-0.2516999999999996,1.1499999999999995,76.21350000000001,130.0408625,94.44247499999997,1.2910375000000003,0.5646624999999981,1.4888,75.9158875,-1.5935666866070857,-0.3063563148946285
120.2,23.55,178.3221,SSP2-4.5,2081-2100,-7.965100000000007,131.0769,111.43319999999994,1.270900000000001,-2.4328000000000003,1.5310000000000006,78.7077,129.2190375,103.98107499999999,1.3347750000000005,-0.5816749999999988,1.3616499999999998,75.7204625,-1.5935666866070857,-0.24316053452483705
120.2,23.6,175.7264,SSP2-4.5,2081-2100,-10.222800000000007,126.2252,112.74090000000001,1.3050999999999995,-1.372399999999999,1.1914000000000007,74.3058,128.38476250000002,107.7238125,1.423912500000001,-0.7327749999999966,1.2588374999999998,75.48463749999999,-1.5935666866070857,-0.17996475415504562
120.2,23.65,157.1646,SSP2-4.5,2081-2100,-2.8780000000000143,126.1804,110.09540000000004,1.7672000000000025,2.031000000000006,1.1792999999999996,73.4558,127.13895,109.7611,1.66295,-0.8508624999999963,1.0019375,74.565875,-1.5935666866070857,-0.11676897378525869
120.2,23.7,156.8797,SSP2-4.5,2081-2100,-1.0567000000000064,125.59960000000001,109.55389999999989,2.1830999999999996,-1.6085999999999956,0.5293000000000001,73.5462,126.472125,100.31418750000002,1.6070000000000007,0.10236250000000346,1.09935,75.1442375,-1.5935666866070857,-0.053573193415467256
120.2,23.75,158.5914,SSP2-4.5,2081-2100,-7.379300000000001,125.2056,90.17360000000008,1.283100000000001,-2.8759000000000015,1.3276000000000003,75.9712,125.5017125,87.44038749999999,1.5706250000000002,-0.4340499999999974,0.9816625,75.984375,-1.5935666866070857,0.009622586954324176
120.2,23.8,159.4839,SSP2-4.5,2081-2100,-9.036400000000015,124.434,69.9973,1.2681000000000004,-0.622399999999999,1.2016999999999998,77.4962,124.050725,77.146325,1.343575,-0.43427499999999775,1.0340500000000001,76.434125,-1.5935666866070857,0.0728183673241156
120.2,23.85,150.5228,SSP2-4.5,2081-2100,-6.927999999999997,121.68119999999999,63.391399999999976,1.2374999999999972,-0.2878999999999934,0.9241000000000001,76.3519,122.3342125,70.37297500000003,1.4394624999999999,-1.347199999999999,1.08145,75.593275,-1.5935666866070857,0.13601414769390704
120.25,22.6,206.2164,SSP2-4.5,2081-2100,3.0405000000000086,147.5686,79.69399999999996,1.878700000000002,6.7930999999999955,1.937899999999999,81.1885,142.68507499999998,70.33748749999998,1.7087374999999998,6.668099999999999,2.2433250000000005,79.0586375,-1.4878728465258642,-1.4438803615508562
120.25,22.65,214.8677,SSP2-4.5,2081-2100,5.524099999999976,142.5207,103.06709999999998,2.269099999999998,6.9809999999999945,1.7466000000000008,80.5942,142.97072500000002,82.06346249999999,1.7829000000000006,6.3353375000000005,1.8749999999999998,79.6252375,-1.4878728465258642,-1.3806845811810693
120.25,22.7,222.8883,SSP2-4.5,2081-2100,8.096000000000004,138.5692,127.0661,2.0416000000000025,3.9568999999999903,1.4344999999999999,77.5058,141.19045,102.2902125,1.9634,6.117224999999999,1.4129375000000002,79.2497625,-1.4878728465258642,-1.317488800811278
120.25,22.75,220.3806,SSP2-4.5,2081-2100,11.310000000000002,139.9889,127.52209999999991,1.906600000000001,4.6828,1.0897000000000006,77.9404,139.6964875,123.9562875,2.147337500000001,5.031874999999997,1.1491500000000006,78.74758750000001,-1.4878728465258642,-1.2542930204414864
120.25,22.8,217.3803,SSP2-4.5,2081-2100,9.521999999999991,139.55020000000002,138.44350000000009,2.0321999999999996,2.2723999999999904,0.9138000000000002,78.47500000000001,137.0138625,134.0984125,2.29165,4.978662499999999,1.0388000000000002,77.6386875,-1.4878728465258642,-1.191097240071695
120.25,22.85,205.1626,SSP2-4.5,2081-2100,14.052099999999996,134.5139,131.66460000000006,2.802199999999999,4.658599999999993,0.8051999999999992,76.8788,134.797375,136.59125000000003,2.4430125,4.407974999999999,1.00495,76.650475,-1.4878728465258642,-1.1279014597019037
120.25,22.9,205.1656,SSP2-4.5,2081-2100,14.78649999999999,130.94940000000003,151.94920000000002,2.847899999999999,4.103499999999997,0.8862000000000005,75.7327,131.4100625,147.40870000000007,2.7713624999999995,4.9521500000000005,1.2165999999999995,74.7911,-1.4878728465258642,-1.0647056793321166
120.25,22.95,208.7716,SSP2-4.5,2081-2100,14.37469999999999,130.11880000000002,188.7754,3.141099999999998,3.5690000000000026,1.4482999999999997,73.3885,130.1255375,146.52633750000004,2.9070375,4.672200000000002,1.511,74.79615,-1.4878728465258642,-1.0015098989623252
120.25,23.0,207.0415,SSP2-4.5,2081-2100,12.28279999999998,131.37030000000001,155.3668,3.242899999999999,3.979300000000009,1.5930999999999997,74.81150000000001,130.21445,140.79395000000005,2.656825,4.397849999999998,1.6312624999999998,75.05144999999999,-1.4878728465258642,-0.9383141185925338
120.25,23.05,201.4759,SSP2-4.5,2081-2100,12.619699999999995,132.513,117.0118,2.3858999999999995,3.9551999999999907,1.5602999999999998,76.2212,131.6303375,124.0559125,2.5541750000000003,4.052587499999999,1.443325,76.32860000000001,-1.4878728465258642,-0.8751183382227424
120.25,23.1,193.5872,SSP2-4.5,2081-2100,10.587299999999999,133.3284,108.49499999999989,2.352800000000002,3.294799999999995,0.8741000000000003,76.61540000000001,132.0085625,110.01310000000001,2.1823125,4.018537499999998,1.3124999999999998,76.60288750000001,-1.4878728465258642,-0.811922557852951
120.25,23.15,192.8901,SSP2-4.5,2081-2100,11.277299999999997,132.0286,103.74890000000005,1.8030000000000008,1.955200000000005,1.1379000000000001,77.5173,131.16395,103.13087499999995,1.9924000000000008,4.163137499999999,1.2458999999999998,76.1687375,-1.4878728465258642,-0.748726777483164
120.25,23.2,198.0553,SSP2-4.5,2081-2100,4.4254999999999995,128.8793,97.63400000000001,1.3092000000000006,4.0655,1.6569000000000003,74.9615,129.492775,98.62511249999997,1.7300625000000012,3.0926750000000025,1.2851249999999996,75.692775,-1.4878728465258642,-0.6855309971133726
120.25,23.25,200.0552,SSP2-4.5,2081-2100,1.8094999999999857,126.6723,83.2989,1.3257000000000012,1.7897000000000105,1.2775999999999996,75.06920000000001,127.49960000000002,80.78525000000002,1.3640250000000012,3.6639999999999997,1.417875,74.78171250000001,-1.4878728465258642,-0.6223352167435812
120.25,23.3,181.8647,SSP2-4.5,2081-2100,-1.1186999999999898,126.01679999999999,48.83730000000014,1.2320000000000029,3.6999999999999957,1.5103000000000009,75.39420000000001,126.94106250000002,73.17343750000003,1.3441500000000008,3.030162500000003,1.246775,73.89591250000001,-1.4878728465258642,-0.5591394363737897
120.25,23.35,175.3702,SSP2-4.5,2081-2100,0.5311999999999841,127.6149,59.96510000000012,1.6465999999999994,4.060300000000005,1.0690000000000008,72.6827,127.0659375,69.77251250000006,1.3669375000000006,3.5415874999999994,1.2709125000000001,73.95,-1.4878728465258642,-0.4959436560039983
120.25,23.4,177.6964,SSP2-4.5,2081-2100,2.261099999999999,128.89960000000002,91.93140000000017,1.5429999999999993,2.4758999999999958,1.2207,74.1519,128.2984875,80.52253750000003,1.523825,3.1443875000000006,1.259725,73.87597500000001,-1.4878728465258642,-0.43274787563421135
120.25,23.45,174.0829,SSP2-4.5,2081-2100,3.5900000000000034,130.2442,95.63110000000006,1.6272999999999982,2.541399999999996,1.2207,75.1096,129.56959999999998,94.8682125,1.5524249999999995,2.721125,1.3672624999999998,74.948575,-1.4878728465258642,-0.3695520952644199
120.25,23.5,175.4561,SSP2-4.5,2081-2100,-1.20829999999998,131.1421,101.38609999999994,1.6448,2.056899999999999,1.5896999999999988,76.9462,130.381375,97.93163749999997,1.4175499999999999,1.3025874999999996,1.4556125,76.08535,-1.4878728465258642,-0.3063563148946285
120.25,23.55,180.6196,SSP2-4.5,2081-2100,-10.41979999999998,131.2088,87.43180000000007,1.2002000000000024,0.48969999999999914,1.5758999999999999,78.0212,129.76156250000003,106.20774999999995,1.4388874999999999,0.4142125000000014,1.3487125,76.35578750000002,-1.4878728465258642,-0.24316053452483705
120.25,23.6,176.2028,SSP2-4.5,2081-2100,-10.82820000000001,129.5032,100.4233999999999,1.2295000000000016,-0.9120999999999952,0.9189999999999996,75.9462,128.74647499999998,102.197175,1.4119125000000006,0.4189500000000024,1.337075,76.329575,-1.4878728465258642,-0.17996475415504562
120.25,23.65,168.6701,SSP2-4.5,2081-2100,-10.902799999999985,128.3239,82.0465999999999,1.3124000000000002,1.2948000000000093,1.0999999999999996,76.3404,127.744825,106.60131249999999,1.5980125000000003,0.5049500000000027,1.0116375,75.720925,-1.4878728465258642,-0.11676897378525869
120.25,23.7,176.4131,SSP2-4.5,2081-2100,-10.62899999999999,128.8543,93.27629999999999,1.6584000000000003,3.377600000000001,0.6241000000000003,77.0115,126.814525,98.49776250000001,1.5692500000000003,0.22628750000000242,1.0584,76.243275,-1.4878728465258642,-0.053573193415467256
120.25,23.75,176.3085,SSP2-4.5,2081-2100,-13.843400000000003,125.6558,84.86629999999991,1.3413000000000004,1.9827999999999975,0.9931000000000001,77.1365,126.0431125,90.2131,1.5502625,-0.5890124999999982,0.9590375,76.8516875,-1.4878728465258642,0.009622586954324176
120.25,23.8,169.3849,SSP2-4.5,2081-2100,-8.804599999999994,125.05449999999999,56.769000000000005,1.419900000000002,-3.468999999999994,1.0154999999999994,78.3019,123.75215,81.00301250000003,1.4241749999999995,-0.48556249999999945,1.0568875000000002,76.435575,-1.4878728465258642,0.0728183673241156
120.25,23.85,157.8286,SSP2-4.5,2081-2100,-6.429699999999997,122.15469999999999,62.892200000000116,1.3705999999999996,-0.4292999999999978,0.9776000000000007,76.2269,121.89521249999999,73.65355,1.4608624999999997,-1.076724999999998,1.01205,75.169225,-1.4878728465258642,0.13601414769390704
120.25,23.9,148.1982,SSP2-4.5,2081-2100,-5.489700000000028,119.9338,51.8048,1.287899999999997,-0.40340000000000487,1.0931000000000006,73.9885,120.7628625,69.83037500000003,1.4326125000000003,-1.0010749999999975,0.875625,74.2011875,-1.4878728465258642,0.19920992806369398
120.3,22.5,208.2381,SSP2-4.5,2081-2100,-0.75,140.5378,51.70069999999987,1.9932000000000016,8.820700000000002,2.1275999999999993,75.4904,142.383825,51.49989999999994,1.781000000000001,8.193537499999998,2.2635749999999994,77.455775,-1.3821790064446429,-1.570271922290439
120.3,22.55,225.1234,SSP2-4.5,2081-2100,-0.091700000000003,142.0667,68.0181,1.8355999999999995,7.506899999999995,2.5845000000000002,77.6538,142.694775,53.13659999999993,1.7613000000000012,7.9911625,2.2096874999999994,77.8238,-1.3821790064446429,-1.5070761419206478
120.3,22.6,230.9354,SSP2-4.5,2081-2100,5.379800000000017,146.3974,88.79489999999987,2.087900000000001,7.917200000000008,2.8431000000000006,80.8442,143.00065,64.5570875,1.7116374999999997,6.895037499999999,2.0650874999999997,79.254075,-1.3821790064446429,-1.4438803615508562
120.3,22.65,240.0305,SSP2-4.5,2081-2100,-2.3982000000000028,143.3406,91.44689999999991,1.7688999999999986,6.510300000000001,1.9240999999999993,80.1038,142.64181250000001,73.50603750000002,1.7784625000000003,6.806025,1.942675,79.8697125,-1.3821790064446429,-1.3806845811810693
120.3,22.7,248.9375,SSP2-4.5,2081-2100,-2.1014000000000124,139.92260000000002,89.92380000000003,2.274000000000001,6.896500000000003,0.9138000000000002,78.725,140.65885,100.11246249999999,1.8859624999999998,5.982099999999999,1.5722125000000002,79.2834125,-1.3821790064446429,-1.317488800811278
120.3,22.75,241.4981,SSP2-4.5,2081-2100,11.25660000000002,138.4545,140.78179999999998,2.206800000000001,6.824100000000001,0.9690000000000012,77.5654,139.217925,116.5472,2.0187625000000002,5.067674999999998,1.3493625000000005,78.9247625,-1.3821790064446429,-1.2542930204414864
120.3,22.8,228.2381,SSP2-4.5,2081-2100,10.553799999999995,139.149,120.89809999999989,1.5757000000000012,4.1828,1.1655000000000015,79.3096,136.3388125,136.45013750000004,2.3695,4.658612499999997,1.2097125000000002,77.26633749999999,-1.3821790064446429,-1.191097240071695
120.3,22.85,215.0137,SSP2-4.5,2081-2100,25.496700000000004,133.5615,144.4947000000002,2.1705000000000005,4.477599999999995,0.8792999999999989,76.9769,133.34789999999998,130.82156250000003,2.6327624999999997,4.432112499999998,1.2907375000000003,76.03196249999999,-1.3821790064446429,-1.1279014597019037
120.3,22.9,209.3031,SSP2-4.5,2081-2100,22.53,131.32549999999998,143.53840000000014,3.4772,5.5655,1.4620999999999995,75.0154,130.58995000000002,130.85095000000007,2.8731625,5.112075,1.2383624999999998,74.7062375,-1.3821790064446429,-1.0647056793321166
120.3,22.95,218.45,SSP2-4.5,2081-2100,12.696700000000021,130.2763,159.67050000000017,3.382999999999999,6.191400000000002,1.7051999999999996,74.75189999999999,131.27626249999997,121.0403125,3.068775,5.262725000000001,1.3810375,75.8009625,-1.3821790064446429,-1.0015098989623252
120.3,23.0,219.9452,SSP2-4.5,2081-2100,5.919499999999999,133.9066,142.40699999999993,3.2773000000000003,2.5430999999999955,1.6828000000000003,80.6635,131.882125,104.36941250000004,2.702625,5.8836375,1.5614249999999998,76.12885,-1.3821790064446429,-0.9383141185925338
120.3,23.05,227.2896,SSP2-4.5,2081-2100,-0.9033000000000015,134.051,74.76940000000013,1.7546999999999997,4.856899999999996,2.0397,79.6462,132.6602375,100.87407499999998,2.6195625000000007,5.1221999999999985,1.4547375,76.9997625,-1.3821790064446429,-0.8751183382227424
120.3,23.1,210.2699,SSP2-4.5,2081-2100,5.2287000000000035,134.7212,98.41949999999997,2.2912,4.479300000000002,1.4223999999999997,79.1346,131.7204,98.84087500000001,2.2414875000000007,4.523274999999999,1.43405,76.6269375,-1.3821790064446429,-0.811922557852951
120.3,23.15,200.9192,SSP2-4.5,2081-2100,9.451099999999997,131.788,115.19449999999983,2.3701000000000008,3.3448000000000064,1.0827999999999989,77.325,130.11661250000003,104.255225,2.052387500000001,4.0420125,1.4889875,75.8706625,-1.3821790064446429,-0.748726777483164
120.3,23.2,201.7078,SSP2-4.5,2081-2100,10.08850000000001,126.84720000000002,108.01080000000002,1.7452000000000005,3.7223999999999933,1.6533999999999995,75.0942,128.37798750000002,101.8543,1.7142750000000007,2.751725000000003,1.6129249999999995,75.29325,-1.3821790064446429,-0.6855309971133726
120.3,23.25,203.524,SSP2-4.5,2081-2100,2.6704000000000008,126.6045,106.45190000000002,1.1563000000000017,0.25,1.8706999999999994,74.5288,126.43345000000001,78.47767500000003,1.3538500000000004,3.284912500000001,1.7601124999999995,74.90575,-1.3821790064446429,-0.6223352167435812
120.3,23.3,183.7246,SSP2-4.5,2081-2100,2.9791999999999916,125.49700000000001,17.71490000000017,0.7085000000000008,5.358600000000003,1.5740999999999996,75.5712,126.0135875,75.67976250000007,1.3687375000000004,2.5140125000000015,1.7062499999999998,74.41321250000001,-1.3821790064446429,-0.5591394363737897
120.3,23.35,177.6045,SSP2-4.5,2081-2100,0.8727000000000089,126.5026,37.855400000000145,1.3122000000000007,3.200000000000003,1.1569000000000003,74.6462,126.4021625,69.69906250000008,1.3742,3.2250000000000005,1.5303875000000002,74.670425,-1.3821790064446429,-0.4959436560039983
120.3,23.4,171.67,SSP2-4.5,2081-2100,3.8182000000000187,128.2085,83.00960000000009,1.8262999999999998,3.470700000000008,1.1482999999999999,75.2788,127.58500000000001,75.96707500000008,1.3999874999999995,2.4872875,1.4717750000000003,74.8165875,-1.3821790064446429,-0.43274787563421135
120.3,23.45,181.7201,SSP2-4.5,2081-2100,-0.5841000000000065,130.45,93.31819999999993,1.1760999999999981,2.551700000000004,1.5328,76.30579999999999,128.3768,87.09042500000007,1.4773499999999995,2.8250124999999997,1.48945,75.29446250000001,-1.3821790064446429,-0.3695520952644199
120.3,23.5,190.8068,SSP2-4.5,2081-2100,-7.82480000000001,130.6312,94.36940000000004,1.3317999999999977,4.5655,1.6224000000000007,75.9,128.57223749999997,93.22785000000002,1.4217374999999999,2.1577625000000005,1.6553999999999998,75.493275,-1.3821790064446429,-0.3063563148946285
120.3,23.55,178.1936,SSP2-4.5,2081-2100,-7.901900000000012,129.8455,100.06939999999986,1.4618000000000002,-0.3637999999999977,1.572400000000001,76.1038,128.17022500000002,103.695325,1.4859750000000003,2.8245625000000016,1.5491499999999996,75.0889625,-1.3821790064446429,-0.24316053452483705
120.3,23.6,169.0598,SSP2-4.5,2081-2100,-5.645099999999985,128.3357,116.8723,1.5004999999999988,2.0241000000000042,1.2138,76.7231,128.1732125,100.23128749999998,1.4605125000000005,1.655375000000002,1.434275,75.15504999999999,-1.3821790064446429,-0.17996475415504562
120.3,23.65,174.8116,SSP2-4.5,2081-2100,-13.287599999999998,128.7754,96.8878000000002,1.4771999999999998,1.6809999999999974,1.3327999999999998,76.97879999999999,128.1683875,106.26502499999995,1.5142000000000002,1.5060250000000028,1.19375,75.683425,-1.3821790064446429,-0.11676897378525869
120.3,23.7,183.594,SSP2-4.5,2081-2100,-14.404899999999998,128.4848,112.96049999999991,1.6631,-1.1809999999999974,1.1034000000000006,77.80000000000001,127.51786249999999,96.83183750000003,1.3828375,1.3131375000000007,1.1013,76.518025,-1.3821790064446429,-0.053573193415467256
120.3,23.75,182.2375,SSP2-4.5,2081-2100,-14.123000000000019,126.29070000000002,101.39800000000014,1.5265999999999984,0.48620000000000374,0.9017,78.7173,126.35525,95.4295625,1.3922750000000002,0.18684999999999974,1.0275875,76.64133749999999,-1.3821790064446429,0.009622586954324176
120.3,23.8,182.4818,SSP2-4.5,2081-2100,-13.649699999999996,124.4214,87.57619999999997,1.399799999999999,1.1809999999999974,0.9689999999999994,75.9692,123.82908749999999,87.95086250000004,1.4338000000000002,-0.9857874999999989,0.9793000000000001,76.01513750000001,-1.3821790064446429,0.0728183673241156
120.3,23.85,168.7682,SSP2-4.5,2081-2100,-6.594200000000001,120.17379999999999,87.72910000000002,1.9664000000000001,-3.3190000000000026,1.1603000000000003,73.6154,121.8906125,76.05596250000004,1.3779874999999997,-0.5310374999999992,0.8741375,74.7233,-1.3821790064446429,0.13601414769390704
120.3,23.9,154.9006,SSP2-4.5,2081-2100,-2.675700000000006,118.55600000000001,66.25570000000005,1.596,-0.1740999999999957,0.9723999999999995,72.72879999999999,120.63511249999999,69.71035000000002,1.4026125,-0.06228750000000005,0.8297375000000001,73.4911,-1.3821790064446429,0.19920992806369398
120.3,23.95,146.4972,SSP2-4.5,2081-2100,-2.507499999999993,118.0242,43.3904,1.2521000000000022,0.7327999999999975,1.0240999999999998,71.1712,119.5080125,55.73381250000003,1.3504374999999995,0.2349124999999992,0.6532250000000001,72.45865,-1.3821790064446429,0.26240570843348543
120.3,24.0,144.2081,SSP2-4.5,2081-2100,-2.110600000000005,118.55810000000001,34.497600000000034,1.0324999999999989,-0.02410000000000423,0.6741000000000001,72.0596,119.4869375,47.197212500000006,1.2942125,0.7663874999999987,0.5446,72.1278875,-1.3821790064446429,0.32560148880327683
120.35,22.35,196.0512,SSP2-4.5,2081-2100,-9.685000000000002,146.2577,37.52260000000001,2.041999999999998,15.6034,1.8516999999999992,82.0673,141.2053125,84.79883749999996,2.1098125000000003,7.945474999999998,1.8926749999999999,76.207225,-1.2764851663634216,-1.759859263399809
120.35,22.5,221.2971,SSP2-4.5,2081-2100,-9.515999999999991,138.6748,67.47709999999984,1.8636000000000017,8.763799999999996,2.1637999999999993,74.10000000000001,141.638925,50.421037499999954,1.8898875000000008,8.633624999999999,2.1872875,76.845675,-1.2764851663634216,-1.570271922290439
120.35,22.55,236.2247,SSP2-4.5,2081-2100,-8.495100000000008,140.60750000000002,32.24689999999987,1.3613,6.546599999999998,2.5569000000000006,75.0731,141.5814625,42.615674999999925,1.8394750000000006,8.603662499999999,2.1763,77.2536,-1.2764851663634216,-1.5070761419206478
120.35,22.6,228.3469,SSP2-4.5,2081-2100,-1.8607000000000085,145.0101,26.950500000000147,1.1732000000000014,8.082799999999999,2.5999999999999996,80.1942,142.015025,39.98829999999995,1.6766874999999999,7.520900000000001,2.1347,78.42475,-1.2764851663634216,-1.4438803615508562
120.35,22.65,238.678,SSP2-4.5,2081-2100,-1.461500000000001,142.96839999999997,25.10940000000005,1.1322999999999972,5.843100000000007,2.2569,80.5,141.7963375,54.0788,1.6624375000000002,7.284687500000002,2.0041,79.7298,-1.2764851663634216,-1.3806845811810693
120.35,22.7,246.6065,SSP2-4.5,2081-2100,-5.12530000000001,138.1775,47.44250000000011,1.370899999999999,7.9776000000000025,1.8086000000000002,79.4058,140.4287875,77.58655000000002,1.8190500000000003,6.188775000000001,1.7295375000000002,79.40119999999999,-1.2764851663634216,-1.317488800811278
120.35,22.75,250.3008,SSP2-4.5,2081-2100,10.688999999999993,141.251,138.4638,2.3915000000000006,5.080999999999996,1.3483,80.6519,136.96925000000002,92.148875,1.9863374999999999,5.967887500000001,1.7913875000000004,77.709375,-1.2764851663634216,-1.2542930204414864
120.35,22.8,246.0041,SSP2-4.5,2081-2100,12.23230000000001,137.135,142.6177,2.557599999999997,5.491399999999999,2.120700000000001,79.38459999999999,132.3070375,112.95565000000002,2.3158000000000003,5.081674999999998,1.6327625000000003,74.288925,-1.2764851663634216,-1.191097240071695
120.35,22.85,228.9874,SSP2-4.5,2081-2100,17.48479999999998,126.25550000000001,127.61290000000008,2.8886000000000003,3.780999999999999,1.5517000000000003,70.2577,129.1332875,109.39462499999999,2.543625,5.439012499999999,1.7709125000000003,72.70335,-1.2764851663634216,-1.1279014597019037
120.35,22.9,228.3372,SSP2-4.5,2081-2100,9.809300000000007,127.90469999999999,89.84809999999993,2.880700000000001,5.401700000000005,1.4207,73.2019,127.10855000000001,95.56232500000007,2.7624000000000004,6.226287499999999,1.6806,71.50335000000001,-1.2764851663634216,-1.0647056793321166
120.35,22.95,240.1659,SSP2-4.5,2081-2100,-4.550899999999984,131.1395,52.79220000000009,2.8713000000000015,8.713800000000006,1.2103000000000002,76.4615,129.04382499999997,80.61883749999998,2.8416000000000006,6.334912499999999,1.725225,73.4536,-1.2764851663634216,-1.0015098989623252
120.35,23.0,244.5636,SSP2-4.5,2081-2100,-8.13560000000001,133.4953,43.64539999999988,2.8118000000000016,8.225899999999996,1.3447999999999993,77.1327,130.7416,70.11943750000003,2.4873,6.20215,1.7551875000000001,75.375475,-1.2764851663634216,-0.9383141185925338
120.35,23.05,239.9779,SSP2-4.5,2081-2100,-3.987400000000008,132.0928,42.92380000000003,2.0303000000000004,7.577599999999997,1.5897000000000006,76.6173,131.6120125,73.12015,2.4089750000000003,5.680387499999999,1.743975,76.47788750000001,-1.2764851663634216,-0.8751183382227424
120.35,23.1,232.6515,SSP2-4.5,2081-2100,-0.6718999999999937,129.85430000000002,98.72330000000011,2.564300000000003,6.922400000000003,1.5707000000000004,74.8019,130.851575,78.41119999999998,2.182125,4.979525000000001,1.7806125,76.2293375,-1.2764851663634216,-0.811922557852951
120.35,23.15,235.644,SSP2-4.5,2081-2100,-5.291699999999992,128.1071,129.86030000000005,2.6708,4.279299999999999,1.6172000000000004,74.27120000000001,129.0555375,79.69274999999999,2.070462500000001,4.523050000000001,1.8773624999999996,75.352875,-1.2764851663634216,-0.748726777483164
120.35,23.2,227.8857,SSP2-4.5,2081-2100,1.7643999999999949,127.16680000000001,89.14999999999986,1.6826000000000008,3.617200000000004,1.9792999999999985,74.5692,127.3027375,87.198125,1.8113875000000008,3.0853375000000005,2.0594624999999995,74.61057500000001,-1.2764851663634216,-0.6855309971133726
120.35,23.25,212.9953,SSP2-4.5,2081-2100,1.2611000000000274,125.7773,89.49590000000012,1.3964999999999996,2.7120999999999995,2.280999999999999,74.10379999999999,125.86668750000001,73.16290000000001,1.4499625000000003,2.768087500000001,2.1415749999999996,74.66658749999999,-1.2764851663634216,-0.6223352167435812
120.35,23.3,200.8874,SSP2-4.5,2081-2100,1.753799999999984,124.61090000000002,93.67959999999994,1.4310999999999972,1.3138000000000005,2.148299999999999,74.4827,125.122125,75.03038750000005,1.3965500000000004,2.485775000000001,2.192875,74.56371250000001,-1.2764851663634216,-0.5591394363737897
120.35,23.35,194.7958,SSP2-4.5,2081-2100,3.866199999999992,124.30940000000001,85.85400000000004,1.4495000000000005,3.086199999999998,2.3362000000000007,74.3981,125.024925,75.41453750000002,1.4766124999999999,2.0454750000000015,1.7991374999999998,74.8589,-1.2764851663634216,-0.4959436560039983
120.35,23.4,185.5828,SSP2-4.5,2081-2100,2.087900000000019,126.06020000000001,76.60059999999999,1.156600000000001,2.3344999999999985,1.2362000000000002,75.4038,125.6131875,82.80702500000004,1.527475,1.415512500000001,1.8752250000000004,74.83775,-1.2764851663634216,-0.43274787563421135
120.35,23.45,185.7078,SSP2-4.5,2081-2100,2.595600000000019,126.59910000000002,66.58080000000018,1.2885999999999989,-0.351700000000001,2.0017000000000005,75.8346,126.241575,86.5327125,1.4290375000000002,2.172625000000001,1.5709125,74.5759625,-1.2764851663634216,-0.3695520952644199
120.35,23.5,192.3627,SSP2-4.5,2081-2100,-2.0015999999999963,125.2295,87.21440000000007,1.4004000000000012,5.506900000000002,1.8758999999999997,73.73079999999999,125.9000125,91.95295000000002,1.4217125,1.5532250000000003,1.7071,73.6776375,-1.2764851663634216,-0.3063563148946285
120.35,23.55,191.5476,SSP2-4.5,2081-2100,-5.369199999999978,123.8587,114.19100000000003,1.5747,4.831000000000003,1.8740999999999994,71.8942,125.17478750000001,100.45175,1.54515,2.5877125000000003,1.54935,72.5528875,-1.2764851663634216,-0.24316053452483705
120.35,23.6,171.1946,SSP2-4.5,2081-2100,0.1699999999999875,125.45260000000002,127.67419999999993,2.0059000000000005,4.034500000000001,1.7223999999999995,71.55,124.94618750000001,99.33450000000005,1.5313124999999999,2.131875,1.4909500000000002,72.52427499999999,-1.2764851663634216,-0.17996475415504562
120.35,23.65,182.5119,SSP2-4.5,2081-2100,-10.20750000000001,128.4176,93.12609999999995,1.4223999999999997,2.187899999999999,1.3776000000000002,74.4058,125.74650000000001,107.82128750000004,1.5843624999999997,1.821975000000001,1.41165,73.2591375,-1.2764851663634216,-0.11676897378525869
120.35,23.7,187.8699,SSP2-4.5,2081-2100,-13.901399999999995,127.97500000000001,123.74080000000004,1.3214000000000006,1.2224000000000004,1.4897,75.6904,126.15028749999999,96.08041250000008,1.3632749999999993,0.7163750000000011,1.253025,74.3113,-1.2764851663634216,-0.053573193415467256
120.35,23.75,178.4038,SSP2-4.5,2081-2100,-10.343699999999984,125.8502,99.31280000000015,1.0030000000000001,-1.7276000000000025,0.9913999999999996,75.8635,125.57771250000002,99.13578750000002,1.308324999999999,0.20776250000000118,1.1519500000000003,74.4706625,-1.2764851663634216,0.009622586954324176
120.35,23.8,179.6057,SSP2-4.5,2081-2100,-10.200600000000009,124.54600000000002,104.93460000000005,1.3312999999999988,0.10859999999999559,1.0345000000000004,75.3577,123.10091249999999,91.64648750000003,1.3022624999999999,-1.0230624999999982,0.9648625,73.39711249999999,-1.2764851663634216,0.0728183673241156
120.35,23.85,175.2072,SSP2-4.5,2081-2100,-4.488699999999994,120.90699999999998,105.70489999999995,1.511300000000002,-1.5189999999999912,0.7603,72.9019,121.161325,83.52422500000002,1.3363749999999999,-0.9030125,0.7377124999999999,72.59373749999999,-1.2764851663634216,0.13601414769390704
120.35,23.9,162.5015,SSP2-4.5,2081-2100,-3.675799999999981,119.55149999999999,72.51030000000014,1.107099999999999,0.4568999999999974,0.17070000000000007,72.3115,119.4355375,73.0405375,1.4320500000000012,-0.338362499999997,0.6734749999999998,71.6521625,-1.2764851663634216,0.19920992806369398
120.35,23.95,156.0889,SSP2-4.5,2081-2100,-2.2897999999999854,119.9145,46.07489999999996,1.3257000000000012,2.801700000000004,0.4828000000000001,71.7442,119.23003750000001,52.884787500000016,1.23785,0.5198374999999995,0.44394999999999984,71.7572125,-1.2764851663634216,0.26240570843348543
120.35,24.0,149.0506,SSP2-4.5,2081-2100,-0.63900000000001,120.5255,29.99669999999992,1.2500999999999998,0.8602999999999952,0.40169999999999995,72.33080000000001,119.0923,43.00872500000003,1.2083750000000002,0.9204749999999988,0.35882499999999995,71.5002375,-1.2764851663634216,0.32560148880327683
120.35,24.05,146.5864,SSP2-4.5,2081-2100,-1.7092000000000098,118.83249999999998,24.812099999999987,1.2368000000000023,0.4947999999999979,0.18789999999999996,71.44229999999999,118.9303875,34.741737499999985,1.2042875,0.5012874999999983,0.384475,71.1072125,-1.2764851663634216,0.3887972691730683
120.4,22.5,207.384,SSP2-4.5,2081-2100,-7.648399999999981,139.32410000000002,62.035899999999856,2.0840999999999994,9.443099999999994,1.898299999999999,74.99619999999999,140.45889999999997,61.58144999999993,2.0738125000000007,8.4411625,1.8586125,76.19615,-1.1707913262821703,-1.570271922290439
120.4,22.55,229.0997,SSP2-4.5,2081-2100,-4.7719000000000165,139.4214,-13.218200000000024,1.9636000000000031,10.494799999999998,1.524099999999999,75.59620000000001,140.380025,46.21246249999993,1.9073250000000002,8.374587499999997,2.0823375,76.584125,-1.1707913262821703,-1.5070761419206478
120.4,22.6,239.1591,SSP2-4.5,2081-2100,2.256699999999995,141.2194,-10.83360000000016,1.7145999999999972,7.800000000000004,1.6690000000000005,79.1538,140.327375,32.4572125,1.6496375000000003,7.156487499999999,2.18405,77.324275,-1.1707913262821703,-1.4438803615508562
120.4,22.65,245.7498,SSP2-4.5,2081-2100,2.082400000000007,140.09879999999998,38.3420000000001,1.5493000000000023,7.548299999999998,1.7190000000000012,78.4731,139.8548625,34.75243750000004,1.4521249999999992,5.951300000000002,2.3448374999999997,78.6293125,-1.1707913262821703,-1.3806845811810693
120.4,22.7,249.8626,SSP2-4.5,2081-2100,0.3865000000000123,140.2043,60.5634,1.3607000000000014,5.544800000000002,2.5551999999999992,80.93849999999999,137.18992500000002,44.916412500000064,1.5733124999999992,5.584700000000001,2.13815,76.83556250000001,-1.1707913262821703,-1.317488800811278
120.4,22.75,262.3101,SSP2-4.5,2081-2100,-4.445299999999975,137.19010000000003,36.061300000000074,1.8689,5.262099999999997,2.1500000000000004,78.2519,133.288325,75.27666250000001,1.9164374999999993,5.409037499999999,2.314875,74.65311249999999,-1.1707913262821703,-1.2542930204414864
120.4,22.8,252.613,SSP2-4.5,2081-2100,8.081299999999999,125.521,98.90239999999994,2.676099999999998,5.5638000000000005,2.648299999999999,68.0942,128.44985000000003,93.348375,2.3599749999999995,4.8118374999999975,2.1099125,71.356475,-1.1707913262821703,-1.191097240071695
120.4,22.85,245.8822,SSP2-4.5,2081-2100,6.455299999999994,117.0737,96.43020000000001,2.7483000000000004,5.4809999999999945,2.3500000000000014,63.20380000000001,125.42632499999999,101.78842499999993,2.5782249999999998,4.902362499999999,2.0993500000000003,69.55359999999999,-1.1707913262821703,-1.1279014597019037
120.4,22.9,260.1326,SSP2-4.5,2081-2100,-6.529200000000031,121.39589999999998,38.42739999999981,2.262900000000002,7.348299999999995,2.120700000000001,66.4404,124.1801625,79.97606250000001,2.5603000000000002,6.020675000000001,1.9441750000000002,68.87570000000001,-1.1707913262821703,-1.0647056793321166
120.4,22.95,265.6406,SSP2-4.5,2081-2100,-17.36530000000002,125.84049999999999,1.5323000000000775,2.2973999999999997,8.2517,2.1654999999999998,68.9192,126.6932375,53.01387499999993,2.407212500000001,7.5122875,1.94375,70.69059999999999,-1.1707913262821703,-1.0015098989623252
120.4,23.0,259.5552,SSP2-4.5,2081-2100,-10.494900000000001,128.2058,25.881599999999935,2.342500000000001,7.151699999999998,1.9000000000000004,71.5038,128.88122499999997,38.025087499999984,2.1911875,7.899137500000001,2.0043249999999997,72.480275,-1.1707913262821703,-0.9383141185925338
120.4,23.05,257.5938,SSP2-4.5,2081-2100,-9.549399999999991,130.4203,60.97869999999989,1.9418999999999969,4.331000000000003,1.7483000000000004,74.4404,129.3255125,40.38682499999999,2.2240750000000005,7.6760875,1.9698375,73.355525,-1.1707913262821703,-0.8751183382227424
120.4,23.1,258.2545,SSP2-4.5,2081-2100,-8.602100000000007,128.2416,40.13630000000012,2.2881,6.9328,2.2431,74.5,128.69676249999998,57.57051249999998,2.1056875000000006,6.158625000000002,1.9890125,73.70025,-1.1707913262821703,-0.811922557852951
120.4,23.15,265.9338,SSP2-4.5,2081-2100,-13.021500000000032,127.39059999999998,65.00709999999981,2.109900000000003,4.034500000000001,2.5016999999999996,73.9,127.05542500000001,58.66428750000006,2.003175000000001,5.5060375000000015,2.1603375,73.0589,-1.1707913262821703,-0.748726777483164
120.4,23.2,247.6968,SSP2-4.5,2081-2100,-11.609399999999994,126.43460000000002,22.900500000000193,1.5122999999999998,3.1310000000000002,2.5655,73.4981,125.7720375,72.34467499999997,1.7742625000000012,4.065950000000002,2.4833874999999996,72.8502375,-1.1707913262821703,-0.6855309971133726
120.4,23.25,241.2646,SSP2-4.5,2081-2100,-5.390600000000006,125.4726,60.66399999999999,1.5300000000000011,3.208600000000004,2.9034000000000004,74.1635,124.59313750000001,72.98856249999997,1.5953875000000002,2.6131375000000014,2.587274999999999,72.9875,-1.1707913262821703,-0.6223352167435812
120.4,23.3,229.3535,SSP2-4.5,2081-2100,-1.0919999999999845,124.29990000000001,86.73149999999987,1.8337000000000003,1.5431000000000026,2.437899999999999,75.425,123.774725,88.0671375,1.5622499999999997,1.8502125000000014,2.9301625,73.33895,-1.1707913262821703,-0.5591394363737897
120.4,23.35,217.5594,SSP2-4.5,2081-2100,0.8791999999999973,122.5137,115.47550000000001,1.7856999999999985,0.5275999999999996,2.9828,73.67309999999999,123.7598875,90.57305,1.517375,0.8254250000000001,2.5478374999999995,74.2185125,-1.1707913262821703,-0.4959436560039983
120.4,23.4,194.6296,SSP2-4.5,2081-2100,2.1037999999999784,122.50659999999999,92.24919999999997,1.7588000000000008,-1.3845000000000027,1.7086000000000006,74.3904,123.9580375,90.26758750000005,1.4156749999999998,0.8853499999999999,2.5519375,74.4384625,-1.1707913262821703,-0.43274787563421135
120.4,23.45,191.9373,SSP2-4.5,2081-2100,5.612700000000018,123.81559999999999,88.11349999999993,1.622600000000002,0.22409999999999997,2.134500000000001,74.17500000000001,123.35531250000001,81.39587500000002,1.3005875000000002,1.280825,1.9730499999999997,73.35265,-1.1707913262821703,-0.3695520952644199
120.4,23.5,197.1109,SSP2-4.5,2081-2100,-1.5737999999999772,123.031,77.3868,1.1597000000000008,0.11209999999999809,1.3085999999999984,71.42309999999999,121.9904875,89.75120000000004,1.4837125000000007,2.837925000000001,2.0861875,71.45961249999999,-1.1707913262821703,-0.3063563148946285
120.4,23.55,194.6141,SSP2-4.5,2081-2100,-0.0782000000000096,118.96900000000001,101.59450000000015,1.7584000000000017,0.856899999999996,1.6103000000000005,67.7846,121.38436250000001,95.66176249999998,1.5465500000000003,3.851937500000001,1.8312374999999994,69.61994999999999,-1.1707913262821703,-0.24316053452483705
120.4,23.6,169.4447,SSP2-4.5,2081-2100,0.23759999999998627,119.90380000000002,98.43299999999999,1.7426999999999992,3.9654999999999987,1.4690000000000003,67.2077,121.6756125,95.85891250000003,1.5808624999999998,3.2672374999999994,1.6262749999999997,69.3411,-1.1707913262821703,-0.17996475415504562
120.4,23.65,188.9892,SSP2-4.5,2081-2100,-9.983400000000017,121.46379999999999,73.5019000000002,1.3127999999999993,1.872399999999999,1.4775999999999998,69.0962,123.01658750000001,96.4303875,1.5251624999999995,2.5075374999999998,1.4679,69.9665875,-1.1707913262821703,-0.11676897378525869
120.4,23.7,189.6133,SSP2-4.5,2081-2100,-12.790999999999997,125.58090000000001,112.49980000000005,1.651299999999999,0.9569000000000045,1.4845000000000006,71.0269,123.281325,85.65693750000005,1.187137499999999,1.1586125000000003,1.313375,70.68102499999999,-1.1707913262821703,-0.053573193415467256
120.4,23.75,184.6684,SSP2-4.5,2081-2100,-12.565799999999996,124.3389,78.95640000000003,0.8497999999999983,1.455200000000005,1.3552000000000008,70.6019,123.321825,92.79903750000003,1.1599624999999993,-0.27327499999999993,1.2676875,71.33775,-1.1707913262821703,0.009622586954324176
120.4,23.8,181.3336,SSP2-4.5,2081-2100,-9.601799999999997,122.98400000000001,71.01999999999998,0.7232999999999983,-2.5671999999999997,0.8776000000000002,70.6019,122.35125,93.71305000000001,1.1965624999999998,-0.596337499999998,1.0622749999999999,71.0904,-1.1707913262821703,0.0728183673241156
120.4,23.85,177.2337,SSP2-4.5,2081-2100,-3.5050999999999988,119.84129999999999,101.47450000000003,1.4379000000000026,-2.1740999999999957,0.7033999999999994,68.9058,121.17962500000002,85.98165,1.1764499999999996,-0.9165999999999999,0.7342624999999999,71.133175,-1.1707913262821703,0.13601414769390704
120.4,23.9,165.6823,SSP2-4.5,2081-2100,-3.3810000000000002,119.21660000000001,76.69339999999988,1.1292000000000009,-0.7361999999999966,0.013799999999999812,71.2596,119.526325,79.27532500000002,1.321625,-0.5334249999999985,0.5174499999999999,70.13341249999999,-1.1707913262821703,0.19920992806369398
120.4,23.95,168.0032,SSP2-4.5,2081-2100,-2.589499999999987,118.8509,57.0014000000001,1.2378,1.6810000000000045,0.2706999999999997,70.8904,118.990925,59.90741250000001,1.2160249999999992,-0.3562625000000015,0.20193749999999988,70.2995125,-1.1707913262821703,0.26240570843348543
120.4,24.0,160.5416,SSP2-4.5,2081-2100,0.08750000000000568,120.5575,42.7328,1.2979999999999983,1.362099999999998,0.024099999999999788,71.3058,118.25427499999999,43.65467500000001,1.194725,-0.3371000000000013,0.15323749999999992,70.06321249999999,-1.1707913262821703,0.32560148880327683
120.4,24.05,156.3616,SSP2-4.5,2081-2100,2.0041999999999973,118.4492,23.050299999999993,1.1769999999999996,-0.1414000000000044,0.03620000000000001,71.0769,118.239025,35.04794999999997,1.0997624999999998,-0.42675000000000196,0.15775000000000006,70.04158749999999,-1.1707913262821703,0.3887972691730683
120.4,24.1,153.5601,SSP2-4.5,2081-2100,2.7365999999999815,119.4733,19.244699999999966,1.2167999999999992,1.015500000000003,0.34140000000000015,71.0288,117.7884875,28.44442500000001,1.0746749999999996,-0.40130000000000177,0.20299999999999996,69.9435125,-1.1707913262821703,0.4519930495428597
120.4,24.15,150.4574,SSP2-4.5,2081-2100,3.773699999999991,116.8391,21.13919999999996,1.0881000000000007,-0.75,0.35860000000000003,70.40769999999999,117.647975,23.918612500000037,0.9859249999999995,-0.686424999999999,0.15042500000000003,69.19471250000001,-1.1707913262821703,0.5151888299126467
120.45,22.45,184.9807,SSP2-4.5,2081-2100,3.8887,143.9367,107.46280000000002,2.3445,8.244799999999998,1.8655000000000008,78.43459999999999,141.01648749999998,111.4257125,2.2637250000000004,8.010774999999999,1.7437374999999997,76.53606249999999,-1.0650974862009488,-1.6334677026602307
120.45,22.5,186.9582,SSP2-4.5,2081-2100,-0.7909999999999968,139.7464,86.83950000000004,2.6202000000000005,10.256900000000002,1.3637999999999995,74.9173,140.41963750000002,95.01852499999998,2.149925000000001,7.535124999999999,1.9676499999999997,76.48342499999998,-1.0650974862009488,-1.570271922290439
120.45,22.55,220.504,SSP2-4.5,2081-2100,-4.932899999999989,139.3241,62.93359999999984,2.4266000000000005,9.948299999999996,1.8240999999999996,76.24419999999999,139.337275,56.36085,1.97525,7.221112499999999,1.9596999999999996,76.437025,-1.0650974862009488,-1.5070761419206478
120.45,22.6,233.7048,SSP2-4.5,2081-2100,0.9029999999999916,139.1338,42.049800000000005,2.0150000000000006,6.155199999999994,2.5828000000000007,77.99419999999999,137.7005125,36.057950000000005,1.6611999999999996,6.1838375,2.1228375,75.919225,-1.0650974862009488,-1.4438803615508562
120.45,22.65,252.1399,SSP2-4.5,2081-2100,0.09909999999999286,136.0549,45.24369999999999,1.5757999999999974,2.632800000000003,2.4086,74.5192,136.551425,39.18276250000005,1.4569625,4.551062499999999,2.5308375,76.2031125,-1.0650974862009488,-1.3806845811810693
120.45,22.7,261.5788,SSP2-4.5,2081-2100,-4.047300000000007,136.0705,41.49380000000019,1.2744999999999997,3.5741000000000014,2.8775999999999993,76.3288,132.26905,34.669775000000044,1.4569874999999999,4.199350000000001,2.6122875,72.75118749999999,-1.0650974862009488,-1.317488800811278
120.45,22.75,267.5862,SSP2-4.5,2081-2100,-9.028800000000047,125.70819999999999,-12.825199999999995,1.4232999999999976,6.758600000000001,2.536199999999999,66.5538,128.8409875,52.01493750000003,1.7452875000000003,4.446112499999999,2.7353499999999995,70.81537499999999,-1.0650974862009488,-1.2542930204414864
120.45,22.8,246.563,SSP2-4.5,2081-2100,2.662200000000013,122.23910000000001,85.55489999999986,2.2769000000000013,3.2809999999999917,2.6241000000000003,65.8673,123.4860625,58.00218750000002,1.9785499999999998,5.332325,2.5715624999999998,67.0297875,-1.0650974862009488,-1.191097240071695
120.45,22.85,241.4185,SSP2-4.5,2081-2100,8.661300000000011,120.7462,132.8714,2.7246999999999986,3.3586000000000027,2.1982999999999997,66.68079999999999,121.60082500000001,76.69187499999995,2.1950250000000007,5.756037499999997,2.5291000000000006,65.8187375,-1.0650974862009488,-1.1279014597019037
120.45,22.9,252.5991,SSP2-4.5,2081-2100,-2.989099999999979,122.21320000000001,98.47259999999983,2.3583,4.993099999999998,2.1103000000000005,66.5019,121.477675,68.81976250000002,2.1923125000000003,6.196974999999998,2.4116500000000003,65.85887500000001,-1.0650974862009488,-1.0647056793321166
120.45,22.95,275.3526,SSP2-4.5,2081-2100,-16.859699999999975,122.268,40.248800000000074,1.7131000000000007,8.1845,2.5465999999999998,65.7788,123.90615,57.406225000000006,2.1875625,7.400862499999999,2.3112125,67.020175,-1.0650974862009488,-1.0015098989623252
120.45,23.0,285.0495,SSP2-4.5,2081-2100,-11.465100000000007,126.9235,34.79489999999987,2.0170999999999992,10.079300000000003,2.8965999999999994,68.5038,125.7548875,47.66893750000003,1.989749999999999,7.441375000000001,2.3013125,68.5507125,-1.0650974862009488,-0.9383141185925338
120.45,23.05,283.224,SSP2-4.5,2081-2100,-11.166799999999967,128.86989999999997,27.284599999999955,1.8465999999999987,7.8293000000000035,2.5328,71.9885,126.9227375,43.24370000000002,2.001637499999999,7.809925000000002,2.3000124999999993,70.15745,-1.0650974862009488,-0.8751183382227424
120.45,23.1,284.2293,SSP2-4.5,2081-2100,-14.230000000000018,126.92089999999999,9.704700000000003,1.8918999999999997,6.689700000000002,1.6809999999999992,71.7962,126.80773749999999,50.364949999999936,1.9545,6.967037500000003,2.4696249999999997,71.19687499999999,-1.0650974862009488,-0.811922557852951
120.45,23.15,288.1429,SSP2-4.5,2081-2100,-20.561699999999973,125.91819999999998,26.08159999999998,1.7898000000000032,7.6052000000000035,2.6707,71.7865,125.4986875,46.63942500000002,1.8720625000000006,5.989662500000001,2.4172374999999997,70.82861249999999,-1.0650974862009488,-0.748726777483164
120.45,23.2,282.192,SSP2-4.5,2081-2100,-18.017499999999984,123.79990000000001,52.75760000000014,1.6256000000000022,4.870699999999999,2.9551999999999996,69.24810000000001,123.785225,51.97613749999991,1.6292125000000013,4.598275000000002,2.6765000000000003,70.5641875,-1.0650974862009488,-0.6855309971133726
120.45,23.25,276.5424,SSP2-4.5,2081-2100,-13.230399999999975,122.5438,65.74089999999978,1.3888999999999996,2.200000000000003,2.9586000000000006,70.7596,122.1765625,47.736924999999985,1.573725000000001,3.8323125000000005,2.8101125,70.14568750000001,-1.0650974862009488,-0.6223352167435812
120.45,23.3,256.2755,SSP2-4.5,2081-2100,-4.076000000000022,122.11189999999999,83.45249999999987,1.892400000000002,1.5172000000000025,3.372399999999999,71.81349999999999,121.04745,52.8956,1.4301125,2.9821125000000004,3.179725,70.5935125,-1.0650974862009488,-0.5591394363737897
120.45,23.35,241.0817,SSP2-4.5,2081-2100,-1.795500000000004,122.85819999999998,110.17470000000026,1.623899999999999,0.23620000000000374,4.458599999999999,73.3173,121.275925,54.825175,1.3505249999999998,1.6247749999999987,2.878875,71.91395,-1.0650974862009488,-0.4959436560039983
120.45,23.4,221.4944,SSP2-4.5,2081-2100,-6.277200000000022,123.322,95.84230000000002,0.9929999999999986,-2.0431000000000026,2.6845,74.51729999999999,121.70678749999999,64.82880000000006,1.3872499999999999,1.4821125000000004,2.942025,72.767325,-1.0650974862009488,-0.43274787563421135
120.45,23.45,203.6636,SSP2-4.5,2081-2100,5.998999999999995,122.1861,83.49929999999995,1.4055,3.0690000000000026,2.5809999999999995,74.1885,121.219125,66.67722499999999,1.287725,0.832325,2.31875,71.87165,-1.0650974862009488,-0.3695520952644199
120.45,23.5,216.1281,SSP2-4.5,2081-2100,2.5549000000000035,117.908,71.79359999999997,1.2421000000000006,3.0034000000000063,2.3879,67.3327,120.0901125,77.30381250000002,1.5054625000000006,2.0784625000000005,2.1418,70.19135,-1.0650974862009488,-0.3063563148946285
120.45,23.55,203.0046,SSP2-4.5,2081-2100,-1.151900000000012,117.3579,105.02250000000004,1.5774000000000008,5.5638000000000005,2.224099999999999,66.73649999999999,119.1703125,77.78229999999999,1.4655,2.2749999999999995,1.9159375,68.13125,-1.0650974862009488,-0.24316053452483705
120.45,23.6,193.698,SSP2-4.5,2081-2100,-6.918599999999998,118.33340000000001,83.57859999999982,1.6694999999999993,3.7982999999999976,1.7878999999999996,67.08460000000001,119.3958375,80.60217500000005,1.4799124999999997,2.729737499999999,1.799775,67.30359999999999,-1.0650974862009488,-0.17996475415504562
120.45,23.65,187.914,SSP2-4.5,2081-2100,-7.585099999999983,119.55189999999999,68.18250000000012,1.3257999999999974,2.9930999999999983,0.9361999999999995,66.17689999999999,120.4348125,78.97132500000001,1.4195749999999996,2.514224999999999,1.75065,67.5185125,-1.0650974862009488,-0.11676897378525869
120.45,23.7,196.2103,SSP2-4.5,2081-2100,-14.008699999999976,118.91750000000002,64.20810000000006,1.0623000000000005,0.9016999999999982,1.4759000000000002,66.5904,121.2180875,75.81466250000003,1.2617749999999992,2.1308250000000015,1.4780124999999997,67.6738,-1.0650974862009488,-0.053573193415467256
120.45,23.75,176.8161,SSP2-4.5,2081-2100,-7.420199999999994,119.73570000000001,84.22689999999989,1.1995999999999967,0.3638000000000048,1.4033999999999995,67.0231,121.51535000000001,78.64726250000001,1.0912000000000002,1.1293250000000015,1.411,68.37523750000001,-1.0650974862009488,0.009622586954324176
120.45,23.8,172.7138,SSP2-4.5,2081-2100,-3.7073000000000036,120.9853,82.4493,0.9875000000000007,-1.4448000000000008,1.3844999999999992,68.5481,121.328275,84.73977499999998,1.1137124999999997,0.4778125000000024,1.1504124999999998,68.7887125,-1.0650974862009488,0.0728183673241156
120.45,23.85,172.6274,SSP2-4.5,2081-2100,-1.7665999999999826,122.60560000000001,92.64499999999998,1.2520999999999987,0.16720000000000113,0.8654999999999999,69.5212,120.0830375,82.35788749999998,1.1836875,-0.3941625000000002,0.9355499999999998,69.156975,-1.0650974862009488,0.13601414769390704
120.45,23.9,166.1502,SSP2-4.5,2081-2100,0.9684999999999775,118.64100000000002,81.89570000000003,1.369799999999998,-1.7983000000000047,0.7671999999999999,68.5635,118.53807499999999,79.64633749999999,1.3673000000000002,-0.37112499999999926,0.5756374999999998,68.67428749999999,-1.0650974862009488,0.19920992806369398
120.45,23.95,174.7063,SSP2-4.5,2081-2100,-1.9216000000000122,115.8988,76.89589999999998,1.3312999999999988,-3.882800000000003,0.11899999999999977,66.22879999999999,117.8639,63.183287500000006,1.2858374999999995,-0.2118500000000001,0.28554999999999975,68.993275,-1.0650974862009488,0.26240570843348543
120.45,24.0,172.2528,SSP2-4.5,2081-2100,2.2642999999999915,117.62199999999999,52.45960000000014,0.916999999999998,-1.913800000000002,-0.36380000000000035,68.6519,117.04005000000001,50.76209999999999,1.22525,-1.0105750000000011,0.16637499999999994,68.625,-1.0650974862009488,0.32560148880327683
120.45,24.05,163.1144,SSP2-4.5,2081-2100,3.0593000000000075,115.9408,38.946500000000015,1.0821000000000005,-2.5966000000000022,0.09140000000000015,68.1404,117.9428375,36.756074999999996,1.028399999999999,-0.7157375000000021,0.10775000000000001,69.5257125,-1.0650974862009488,0.3887972691730683
120.45,24.1,157.3901,SSP2-4.5,2081-2100,5.922200000000004,116.66490000000002,22.19159999999988,0.878499999999999,-0.689700000000002,0.2483000000000004,69.3731,117.4598625,28.77241250000003,1.0083875,-0.9062625000000004,0.26722500000000005,69.3843625,-1.0650974862009488,0.4519930495428597
120.45,24.15,154.1392,SSP2-4.5,2081-2100,3.8414000000000215,117.46110000000002,11.237700000000132,0.8865999999999978,0.7138000000000062,0.3533999999999997,68.90190000000001,117.5852,26.27963750000002,0.9700249999999997,-0.8685374999999995,0.2327625000000001,69.30001250000001,-1.0650974862009488,0.5151888299126467
120.45,24.2,153.3517,SSP2-4.5,2081-2100,5.485900000000015,117.39379999999998,22.43640000000005,1.0109999999999992,-0.8241000000000014,-0.15859999999999985,67.94619999999999,117.24457500000001,24.911837500000033,0.9938124999999998,-0.6696249999999981,0.25150000000000006,68.9180375,-1.0650974862009488,0.578384610282438
120.5,22.4,199.1072,SSP2-4.5,2081-2100,-0.06059999999999377,143.4558,118.53730000000019,2.176099999999998,5.8155,1.3430999999999997,78.3962,140.15536250000002,138.99000000000007,2.1692000000000005,6.897837499999999,1.97025,76.4158625,-0.9594036461197276,-1.696663483030022
120.5,22.45,202.3235,SSP2-4.5,2081-2100,4.152600000000007,143.3594,152.09050000000002,2.435500000000001,5.672399999999996,1.8224,78.25,140.380125,130.22302500000006,2.184637500000001,7.1819,1.827575,76.2052875,-0.9594036461197276,-1.6334677026602307
120.5,22.5,214.1717,SSP2-4.5,2081-2100,3.955600000000004,140.74089999999998,159.74350000000004,2.2961000000000027,5.474100000000007,1.9017,76.05,139.8287125,106.35897499999999,2.1388875000000005,7.1002125000000005,2.1027875,76.2766875,-0.9594036461197276,-1.570271922290439
120.5,22.55,231.1404,SSP2-4.5,2081-2100,-6.183899999999994,139.6073,78.02240000000006,1.7586999999999975,5.934500000000007,2.5878999999999994,76.7558,137.13636250000002,92.41765000000001,1.8778125000000006,5.2396499999999975,2.3165875,75.59879999999998,-0.9594036461197276,-1.5070761419206478
120.5,22.6,229.9008,SSP2-4.5,2081-2100,-3.4202999999999975,135.50490000000002,46.24750000000017,1.3496999999999986,2.2102999999999895,2.1499999999999986,76.0327,134.0950875,60.25912499999998,1.5765749999999996,4.14505,2.7993500000000004,74.0552875,-0.9594036461197276,-1.4438803615508562
120.5,22.65,250.338,SSP2-4.5,2081-2100,-1.711500000000001,130.37329999999997,41.72620000000006,0.9512999999999998,2.9017000000000053,3.1000000000000014,70.5788,131.6313,54.227712499999996,1.4639499999999996,2.580387499999998,3.0096999999999996,73.155525,-0.9594036461197276,-1.3806845811810693
120.5,22.7,257.1677,SSP2-4.5,2081-2100,1.9633999999999787,129.8064,53.87300000000005,1.4405999999999999,0.6740999999999957,3.5930999999999997,70.125,126.1426625,40.13794999999999,1.5080375,3.623700000000003,3.1441749999999997,68.66968750000001,-0.9594036461197276,-1.317488800811278
120.5,22.75,253.0183,SSP2-4.5,2081-2100,-3.4893000000000143,118.7164,14.373800000000074,1.4860000000000007,2.2724000000000046,2.8362,62.5692,124.1123625,50.54117499999995,1.7364625,4.752787499999998,3.2234874999999996,67.27618749999999,-0.9594036461197276,-1.2542930204414864
120.5,22.8,254.5648,SSP2-4.5,2081-2100,-4.519800000000004,120.98010000000001,25.29690000000005,1.5786000000000016,9.3966,2.5983,64.3481,120.62666250000001,60.56683749999996,1.8974249999999997,4.658812499999999,3.1277999999999997,64.999025,-0.9594036461197276,-1.191097240071695
120.5,22.85,255.6571,SSP2-4.5,2081-2100,-5.612500000000011,121.95280000000001,72.9067,1.3225000000000016,4.5655,3.2552000000000003,66.5365,120.6318875,80.86852499999992,2.174925,6.068099999999998,2.7713374999999996,65.0978375,-0.9594036461197276,-1.1279014597019037
120.5,22.9,262.6279,SSP2-4.5,2081-2100,-1.998800000000017,121.4308,97.54390000000012,2.3366000000000007,5.418999999999997,2.5259,65.5577,120.800475,82.37338749999998,2.1043624999999997,6.6821,2.6450375,64.8584,-0.9594036461197276,-1.0647056793321166
120.5,22.95,278.503,SSP2-4.5,2081-2100,-10.900899999999979,121.11350000000002,70.5974000000001,2.132999999999999,6.967199999999998,2.1310000000000002,63.753800000000005,121.95418749999999,86.35587500000003,2.1609999999999996,8.111437500000001,2.5635874999999997,64.9100875,-0.9594036461197276,-1.0015098989623252
120.5,23.0,297.2332,SSP2-4.5,2081-2100,-12.942200000000014,124.12599999999999,91.9997000000003,1.7526999999999973,8.9966,2.6396999999999995,64.9808,123.21189999999999,64.18868750000004,2.0798624999999995,8.541175000000003,2.5010874999999997,65.88245,-0.9594036461197276,-0.9383141185925338
120.5,23.05,299.1761,SSP2-4.5,2081-2100,-9.867500000000007,125.1951,62.828399999999874,1.8907999999999987,7.819000000000003,2.746599999999999,67.0404,124.44315,54.9822750000001,1.9907624999999993,8.871787500000002,2.4480624999999994,67.450975,-0.9594036461197276,-0.8751183382227424
120.5,23.1,303.6556,SSP2-4.5,2081-2100,-9.250099999999975,125.34869999999998,19.625300000000152,1.888099999999998,10.479300000000002,2.5447999999999986,68.49419999999999,124.46408749999999,53.467712499999976,1.9362750000000006,7.889025000000002,2.5372874999999997,68.4819875,-0.9594036461197276,-0.811922557852951
120.5,23.15,302.0877,SSP2-4.5,2081-2100,-1.4148999999999887,123.07749999999999,100.97759999999971,1.8808000000000007,6.705200000000005,2.769,67.425,123.8465625,41.890437500000075,1.8179000000000007,7.4487000000000005,2.5081875,68.531975,-0.9594036461197276,-0.748726777483164
120.5,23.2,316.0196,SSP2-4.5,2081-2100,-9.954300000000046,122.7757,62.00630000000001,1.7798000000000016,5.074100000000001,2.0776000000000003,67.76729999999999,121.66105,42.971799999999945,1.571800000000001,6.008612500000001,2.7778125000000005,67.7577,-0.9594036461197276,-0.6855309971133726
120.5,23.25,308.7537,SSP2-4.5,2081-2100,-5.652999999999963,116.6688,12.431099999999788,1.0422000000000011,4.827599999999997,2.9655000000000005,65.2135,120.4342,28.27047500000006,1.4875875000000005,5.035749999999999,2.7674624999999997,67.61996249999999,-0.9594036461197276,-0.6223352167435812
120.5,23.3,307.9355,SSP2-4.5,2081-2100,-1.055499999999995,115.84909999999999,0.9519000000000233,1.3737999999999992,6.486199999999997,3.2034000000000002,64.03649999999999,119.0981375,15.240900000000096,1.3094125,4.104512499999999,3.0430999999999995,68.1745375,-0.9594036461197276,-0.5591394363737897
120.5,23.35,284.4778,SSP2-4.5,2081-2100,-8.106200000000001,118.17350000000002,-29.004799999999705,0.8627000000000002,4.827599999999997,3.5275999999999996,68.1596,119.40745,12.372100000000103,1.1893749999999992,3.0775749999999986,2.9417999999999997,69.73678749999999,-0.9594036461197276,-0.4959436560039983
120.5,23.4,236.4689,SSP2-4.5,2081-2100,-8.504499999999979,121.4307,-7.096700000000055,0.30409999999999826,1.5240999999999971,3.1138000000000012,73.2962,119.53302500000001,19.36636250000015,1.2430749999999993,2.6991500000000004,2.7864124999999995,70.7028875,-0.9594036461197276,-0.43274787563421135
120.5,23.45,227.6155,SSP2-4.5,2081-2100,1.115700000000004,120.16990000000001,65.2197000000001,1.7347000000000001,2.832800000000006,3.029299999999999,70.9385,119.1543875,20.690837500000015,1.0851999999999995,2.0086250000000003,2.4506375,70.83630000000001,-0.9594036461197276,-0.3695520952644199
120.5,23.5,227.3932,SSP2-4.5,2081-2100,4.579499999999996,117.5692,49.909400000000005,1.4867999999999988,2.3896999999999977,2.1828000000000003,68.9,118.27611250000001,44.750350000000026,1.3678500000000002,2.7069000000000027,2.5152874999999995,69.03413750000001,-0.9594036461197276,-0.3063563148946285
120.5,23.55,216.9757,SSP2-4.5,2081-2100,5.479600000000005,117.62220000000002,47.684799999999996,1.2986000000000004,1.5793000000000035,2.0638000000000005,67.38459999999999,118.16749999999999,59.23287499999998,1.4013499999999999,2.7310375000000002,2.4135625,67.725,-0.9594036461197276,-0.24316053452483705
120.5,23.6,221.8191,SSP2-4.5,2081-2100,-3.6980999999999824,120.02590000000001,91.8777,1.3661999999999992,2.494799999999998,2.5172000000000008,67.9327,118.529875,68.23542499999996,1.4536249999999993,2.9267249999999994,2.1359874999999997,66.277875,-0.9594036461197276,-0.17996475415504562
120.5,23.65,203.9974,SSP2-4.5,2081-2100,-4.666300000000007,120.2722,58.520499999999856,1.4573999999999998,2.5120999999999967,2.0999999999999996,66.1096,118.9658125,76.37615,1.383012499999999,2.8402999999999983,1.8967624999999997,65.5447125,-0.9594036461197276,-0.11676897378525869
120.5,23.7,192.0714,SSP2-4.5,2081-2100,-11.031300000000016,118.98100000000001,49.15100000000007,1.0944000000000003,3.612099999999998,1.6930999999999994,65.10000000000001,119.001225,80.32806249999999,1.3603124999999991,2.7327500000000002,1.7172374999999995,64.7177875,-0.9594036461197276,-0.053573193415467256
120.5,23.75,173.0611,SSP2-4.5,2081-2100,-1.2916000000000167,119.8203,81.47829999999999,1.2031000000000027,3.281000000000006,1.3740999999999994,66.2558,119.7117375,80.91513750000001,1.2147749999999995,2.2926875000000004,1.6286624999999995,65.5952,-0.9594036461197276,0.009622586954324176
120.5,23.8,165.0206,SSP2-4.5,2081-2100,2.918900000000008,120.51490000000001,89.41519999999991,1.1579000000000015,2.8397000000000006,1.6430999999999996,68.2769,120.77745,85.7650375,1.2040124999999997,2.303012500000002,1.3133499999999998,66.80506249999999,-0.9594036461197276,0.0728183673241156
120.5,23.85,168.0732,SSP2-4.5,2081-2100,-0.02750000000000341,120.78550000000001,78.70190000000002,1.0859999999999985,0.4568999999999974,0.9810000000000008,69.1231,120.50421250000001,86.56816249999997,1.2677124999999996,2.1054000000000004,1.2049499999999997,67.8214,-0.9594036461197276,0.13601414769390704
120.5,23.9,169.8942,SSP2-4.5,2081-2100,2.0154999999999745,117.6957,77.21309999999994,1.5778999999999996,2.270699999999998,1.1137999999999995,67.9769,119.13886250000002,85.51963749999999,1.3999749999999995,0.33188749999999967,0.7866250000000001,67.79375,-0.9594036461197276,0.19920992806369398
120.5,23.95,184.0378,SSP2-4.5,2081-2100,-1.733000000000004,113.4102,76.54549999999995,1.8862000000000023,-0.7516999999999996,0.5378999999999996,65.4885,118.67625000000001,71.96197500000002,1.2841124999999987,-0.6894375000000013,0.49654999999999994,68.2836375,-0.9594036461197276,0.26240570843348543
120.5,24.0,179.1759,SSP2-4.5,2081-2100,-1.1382000000000119,116.9173,40.924800000000005,0.8707999999999991,-1.8085999999999984,-0.07929999999999993,67.8096,117.82244999999999,61.131237500000026,1.2731499999999998,-1.7422500000000012,0.26012500000000005,68.3331625,-0.9594036461197276,0.32560148880327683
120.5,24.05,168.6595,SSP2-4.5,2081-2100,3.822199999999981,116.29570000000001,49.99959999999987,0.918800000000001,-1.9466000000000037,0.3310000000000004,68.0596,118.33535,41.24980000000002,0.9894374999999993,-1.1493500000000019,0.15517500000000006,69.29831250000001,-0.9594036461197276,0.3887972691730683
120.5,24.1,158.9785,SSP2-4.5,2081-2100,6.341200000000015,117.56280000000001,43.44520000000011,0.9502999999999986,-1.6034000000000077,0.3240999999999996,68.9,117.8297,31.67897500000001,0.9228000000000001,-0.8717874999999999,0.3245625000000002,69.4024,-0.9594036461197276,0.4519930495428597
120.5,24.15,158.5858,SSP2-4.5,2081-2100,2.8359999999999843,117.65690000000001,23.116100000000188,0.7474000000000025,-1.9413999999999945,0.3017000000000003,68.5596,117.7487375,28.124800000000022,0.9790499999999995,-0.39181250000000034,0.21723749999999997,69.0536125,-0.9594036461197276,0.5151888299126467
120.5,24.2,160.4429,SSP2-4.5,2081-2100,3.9470000000000027,116.5218,26.626899999999978,1.0198,-2.020699999999991,-0.2431000000000001,67.77120000000001,118.34131250000002,31.81957500000007,1.0445250000000001,-0.6706874999999988,0.2758625,68.9875,-0.9594036461197276,0.578384610282438
120.5,24.25,164.6783,SSP2-4.5,2081-2100,6.012900000000002,115.67160000000001,36.11149999999998,1.159399999999998,-1.3138000000000005,0.09309999999999974,67.5385,117.74101250000001,37.54153750000006,1.0867625000000007,-0.8103249999999989,0.06185000000000007,68.60577500000001,-0.9594036461197276,0.6415803906522295
120.5,24.3,159.7178,SSP2-4.5,2081-2100,5.027899999999988,115.1408,43.39720000000011,1.2098000000000013,-0.0033999999999991815,-0.15690000000000026,67.20580000000001,116.77327500000001,56.036887500000006,1.1816000000000004,-0.4398624999999994,-0.015087500000000031,68.6504875,-0.9594036461197276,0.704776171022021
120.55,22.4,227.6629,SSP2-4.5,2081-2100,-4.929699999999997,141.2312,112.53210000000013,2.1354000000000006,10.203499999999991,1.6034000000000006,77.0788,137.035225,140.34521250000006,2.1055500000000005,6.257749999999999,2.0956875,74.934625,-0.8537098060385062,-1.696663483030022
120.55,22.45,239.3253,SSP2-4.5,2081-2100,-2.4928999999999917,140.95,136.6932999999999,1.9358000000000004,7.272400000000005,2.1930999999999994,76.3558,138.87492500000002,145.4034625000001,2.129275000000001,5.8383625,1.9463249999999999,75.66682499999999,-0.8537098060385062,-1.6334677026602307
120.55,22.5,259.2096,SSP2-4.5,2081-2100,-6.276400000000024,137.64319999999998,151.07770000000005,1.8903000000000034,5.0689999999999955,2.3171999999999997,75.54039999999999,136.8349,125.45340000000004,2.053000000000001,5.260762500000003,2.2918125,74.6598625,-0.8537098060385062,-1.570271922290439
120.55,22.55,253.096,SSP2-4.5,2081-2100,-7.679100000000005,134.0626,75.75199999999995,1.6995000000000005,4.403400000000005,2.8483,73.7154,133.73105,106.76887500000007,1.8192500000000003,3.469599999999999,2.5489124999999997,74.02405,-0.8537098060385062,-1.5070761419206478
120.55,22.6,244.0175,SSP2-4.5,2081-2100,-6.0908000000000015,130.935,114.69759999999997,0.7250999999999976,-1.6000000000000085,3.5448000000000004,74.2962,129.63027499999998,56.68128750000005,1.6880124999999997,4.025200000000001,2.8651,71.72908749999999,-0.8537098060385062,-1.4438803615508562
120.55,22.65,251.6719,SSP2-4.5,2081-2100,-3.8411999999999864,123.26970000000001,21.647699999999986,1.460600000000003,2.7845000000000013,3.4983000000000004,68.33850000000001,126.5438,60.973487500000005,1.5171874999999995,2.5775749999999986,3.0741375,70.242775,-0.8537098060385062,-1.3806845811810693
120.55,22.7,265.5977,SSP2-4.5,2081-2100,-1.0982999999999947,122.27520000000001,68.5685999999996,1.8703000000000003,4.212100000000007,3.4223999999999997,67.6096,121.3718125,51.18153750000002,1.5975125000000006,3.2280000000000015,3.2918125000000003,66.19325,-0.8537098060385062,-1.317488800811278
120.55,22.75,253.8176,SSP2-4.5,2081-2100,3.1876000000000033,116.6731,100.875,2.022500000000001,3.8534000000000006,4.4741,62.8596,120.11545,50.63393749999997,1.7725750000000002,4.311850000000001,3.1655249999999997,65.10335,-0.8537098060385062,-1.2542930204414864
120.55,22.8,251.6414,SSP2-4.5,2081-2100,-3.3023000000000025,119.1463,41.49239999999986,2.004999999999999,6.27239999999999,3.662099999999999,64.5173,118.68288749999999,57.81278750000001,1.8519375,5.664637500000001,3.2191875,63.9692125,-0.8537098060385062,-1.191097240071695
120.55,22.85,255.2334,SSP2-4.5,2081-2100,-3.7381999999999778,119.8312,49.285699999999906,1.918499999999998,6.9086,3.4361999999999995,64.40769999999999,119.931225,64.40607499999999,2.020575,7.182762499999999,3.0163999999999995,64.57162500000001,-0.8537098060385062,-1.1279014597019037
120.55,22.9,262.1451,SSP2-4.5,2081-2100,1.1871999999999616,118.4682,116.43039999999974,2.200800000000001,8.915500000000002,3.0154999999999994,62.901900000000005,120.38374999999999,64.35402500000004,2.1298999999999992,7.813787499999999,2.7937499999999997,64.2951875,-0.8537098060385062,-1.0647056793321166
120.55,22.95,287.6154,SSP2-4.5,2081-2100,-6.014400000000023,119.8107,78.17410000000018,2.4639999999999986,9.5638,2.4672,62.305800000000005,120.53676250000001,78.98688750000002,2.1457499999999996,8.643762500000001,2.5790999999999995,63.6762,-0.8537098060385062,-1.0015098989623252
120.55,23.0,310.5027,SSP2-4.5,2081-2100,-4.674800000000005,120.3931,133.1826000000001,2.4453999999999994,8.739700000000006,2.306899999999999,62.75000000000001,121.53025,59.26852500000007,2.0626374999999997,9.316825,2.4818875,64.3228375,-0.8537098060385062,-0.9383141185925338
120.55,23.05,330.9167,SSP2-4.5,2081-2100,-5.617000000000019,121.1214,66.39870000000019,2.1289000000000016,9.1466,2.3810000000000002,64.9385,122.5763125,61.807937500000094,1.9407999999999994,9.1832125,2.473487499999999,65.5488,-0.8537098060385062,-0.8751183382227424
120.55,23.1,343.1903,SSP2-4.5,2081-2100,-3.2509999999999764,121.8417,56.86770000000024,1.955400000000001,9.013799999999996,2.6016999999999992,66.1558,123.04575,64.0223125,1.9391625000000001,8.428025000000002,2.5926625,66.609375,-0.8537098060385062,-0.811922557852951
120.55,23.15,328.4217,SSP2-4.5,2081-2100,-0.23570000000000846,122.768,77.59839999999986,2.1060000000000016,8.303400000000003,2.9155000000000015,66.725,122.8563,59.130212500000084,1.7930499999999996,7.744599999999999,2.5887874999999996,67.12885,-0.8537098060385062,-0.748726777483164
120.55,23.2,306.4682,SSP2-4.5,2081-2100,-6.389499999999998,121.39940000000001,30.481900000000223,1.5065999999999988,7.553399999999996,2.6190000000000015,66.28269999999999,121.36183750000001,44.03679999999997,1.6283500000000006,6.626062500000001,2.582325,66.95553749999999,-0.8537098060385062,-0.6855309971133726
120.55,23.25,309.7694,SSP2-4.5,2081-2100,-6.177099999999996,117.11280000000002,-22.29469999999992,1.2345000000000006,6.003399999999999,2.3689999999999998,64.6212,119.80622500000001,10.786675000000116,1.4648499999999998,6.423699999999998,2.5749874999999998,66.62981249999999,-0.8537098060385062,-0.6223352167435812
120.55,23.3,305.6043,SSP2-4.5,2081-2100,-7.195100000000025,117.88100000000001,-46.93259999999964,1.0991,6.580999999999996,2.5844999999999985,66.43079999999999,118.1503875,-5.796112499999879,1.4184625,5.671124999999999,2.48275,66.42043749999999,-0.8537098060385062,-0.5591394363737897
120.55,23.35,287.5638,SSP2-4.5,2081-2100,-4.321900000000028,115.4351,-51.63989999999967,1.3315999999999981,6.643099999999997,2.108599999999999,65.0808,118.8847125,-20.917837499999905,1.2851499999999993,4.608412499999998,2.488575,68.30456249999999,-0.8537098060385062,-0.4959436560039983
120.55,23.4,269.8697,SSP2-4.5,2081-2100,-7.02940000000001,116.37159999999999,-85.77539999999999,0.8970999999999982,3.6758999999999986,2.0085999999999995,69.4019,118.95530000000001,-11.87319999999994,1.3034874999999997,3.4847,2.4661625000000003,69.3052875,-0.8537098060385062,-0.43274787563421135
120.55,23.45,262.998,SSP2-4.5,2081-2100,-4.911900000000003,117.7478,-33.38499999999976,1.0960999999999999,2.351700000000001,1.8931000000000004,70.01920000000001,118.29017499999999,-15.178025000000048,1.1827999999999999,2.4528250000000007,2.593525,69.57163750000001,-0.8537098060385062,-0.3695520952644199
120.55,23.5,257.6796,SSP2-4.5,2081-2100,-1.9939999999999998,116.69969999999999,-9.260800000000017,1.2569000000000017,2.098300000000002,2.753399999999999,69.03460000000001,117.99141250000001,5.489562500000034,1.2615624999999997,1.647212500000002,2.7293125000000003,68.15553750000001,-0.8537098060385062,-0.3063563148946285
120.55,23.55,237.0578,SSP2-4.5,2081-2100,0.6271000000000129,116.51729999999999,27.428699999999935,1.3314999999999984,1.1569000000000003,3.1897,66.63850000000001,118.524925,16.959087500000066,1.2531250000000003,1.7084125000000006,2.7297375000000006,67.46010000000001,-0.8537098060385062,-0.24316053452483705
120.55,23.6,218.2215,SSP2-4.5,2081-2100,0.8404000000000167,120.9286,53.51330000000007,1.2804000000000002,1.3430999999999997,2.2654999999999994,68.1404,118.62905,38.303312500000004,1.3870374999999995,2.0833999999999993,2.8728500000000006,65.66442500000001,-0.8537098060385062,-0.17996475415504562
120.55,23.65,208.916,SSP2-4.5,2081-2100,-5.8065,117.6555,101.95249999999987,1.688399999999998,4.467199999999998,2.5206999999999997,61.9519,118.86721250000001,59.70056250000002,1.4371749999999999,2.544837499999999,2.6469749999999994,65.0704375,-0.8537098060385062,-0.11676897378525869
120.55,23.7,192.3829,SSP2-4.5,2081-2100,-3.210000000000008,117.33270000000002,98.54549999999995,1.577099999999998,3.112099999999998,1.977599999999999,61.380799999999994,118.831375,82.13447499999998,1.4990625000000004,3.1564625,2.4001999999999994,63.8572125,-0.8537098060385062,-0.053573193415467256
120.55,23.75,181.1643,SSP2-4.5,2081-2100,-3.6441999999999837,118.72399999999999,85.51020000000017,1.3688000000000002,4.231000000000002,1.9499999999999993,62.253800000000005,119.54845,92.78603750000002,1.3927125,3.1202750000000012,1.9670124999999992,64.26396249999999,-0.8537098060385062,0.009622586954324176
120.55,23.8,162.2805,SSP2-4.5,2081-2100,7.709699999999998,122.5028,93.81490000000008,1.2705999999999982,4.725900000000003,1.5016999999999996,65.5885,120.012275,89.05880000000002,1.2816750000000008,3.266375000000001,1.5928874999999998,65.150725,-0.8537098060385062,0.0728183673241156
120.55,23.85,169.5102,SSP2-4.5,2081-2100,-0.7075999999999851,121.06040000000002,87.29379999999992,1.264400000000002,6.643100000000004,1.0466000000000006,66.1269,120.3810875,84.514925,1.2738249999999995,2.7133874999999996,1.4318874999999998,66.4103375,-0.8537098060385062,0.13601414769390704
120.55,23.9,177.276,SSP2-4.5,2081-2100,1.8605999999999767,120.02800000000002,87.81829999999991,1.261499999999998,3.439700000000002,1.3172000000000006,67.9692,119.5574,82.22923750000001,1.4679000000000006,2.0439749999999988,1.0683124999999998,66.87620000000001,-0.8537098060385062,0.19920992806369398
120.55,23.95,179.6715,SSP2-4.5,2081-2100,-1.1717000000000155,120.6814,102.3610000000001,1.7485,-1.6189999999999998,0.6585999999999999,69.3288,119.39771250000001,68.59403749999998,1.3344125,0.7795499999999986,0.8006374999999998,67.47788750000001,-0.8537098060385062,0.26240570843348543
120.55,24.0,185.4935,SSP2-4.5,2081-2100,-5.163900000000012,121.92580000000001,56.12740000000008,1.1960999999999977,-0.20340000000000202,0.4397000000000002,69.74040000000001,119.5604875,59.81003749999999,1.2393000000000005,-0.46292500000000114,0.4644250000000001,68.468275,-0.8537098060385062,0.32560148880327683
120.55,24.05,167.6183,SSP2-4.5,2081-2100,1.9514000000000067,120.80489999999999,35.71440000000007,1.1052,-1.0240999999999971,0.26720000000000077,71.0269,120.54556249999999,46.302374999999984,0.9574875,-0.342662500000003,0.36529999999999996,69.66153750000001,-0.8537098060385062,0.3887972691730683
120.55,24.1,160.576,SSP2-4.5,2081-2100,4.773500000000013,119.2443,40.188899999999876,0.9155000000000015,0.6447999999999965,0.31379999999999963,70.7442,120.6796375,41.52161250000003,0.9404249999999998,0.013799999999998924,0.4825375000000003,70.50385,-0.8537098060385062,0.4519930495428597
120.55,24.15,170.3301,SSP2-4.5,2081-2100,7.016600000000011,118.56899999999999,32.037000000000035,0.8482999999999983,-0.13450000000000273,0.6897000000000002,70.4135,120.310075,39.85185000000004,1.0365125000000006,0.0394375000000009,0.3478375,70.3045625,-0.8537098060385062,0.5151888299126467
120.55,24.2,170.34,SSP2-4.5,2081-2100,9.400000000000006,118.57220000000001,26.83470000000011,1.3224000000000018,0.7792999999999992,0.21030000000000015,68.3788,119.3754375,40.51472500000003,1.0282750000000003,-0.6454749999999985,0.3189750000000001,69.829825,-0.8537098060385062,0.578384610282438
120.55,24.25,176.9566,SSP2-4.5,2081-2100,11.422399999999982,118.82090000000001,46.374700000000075,1.129100000000001,-1.8241000000000014,0.3827999999999996,68.4538,118.094925,48.94671250000002,1.1881250000000008,-0.40602499999999875,0.024349999999999983,69.223325,-0.8537098060385062,0.6415803906522295
120.55,24.3,164.6762,SSP2-4.5,2081-2100,11.825600000000009,117.2244,61.63959999999997,1.240199999999998,-0.6602999999999994,0.041400000000000325,69.3173,115.84901250000001,56.66883750000002,1.1831750000000012,0.16358750000000022,-0.017887500000000056,68.29255,-0.8537098060385062,0.704776171022021
120.55,24.35,156.3234,SSP2-4.5,2081-2100,9.354900000000015,114.2878,49.52759999999989,1.1321000000000012,1.1672000000000011,-0.02069999999999972,67.4577,114.63062500000001,67.17342500000007,1.2433000000000005,0.23148750000000096,-0.05106250000000001,67.754075,-0.8537098060385062,0.7679719513918124
120.55,24.4,152.6448,SSP2-4.5,2081-2100,9.576300000000003,111.2113,49.92489999999998,1.0628000000000029,2.1500000000000057,-0.0671999999999997,67.0192,114.14601250000001,70.50170000000006,1.3030249999999999,0.21380000000000088,-0.0847,67.5096125,-0.8537098060385062,0.8311677317615993
120.6,22.35,235.3471,SSP2-4.5,2081-2100,-7.012900000000002,137.4357,119.87580000000003,2.2211,7.967199999999991,2.0085999999999995,76.7731,129.6252,122.5893875000001,1.9620625000000005,8.980599999999999,2.1454625000000003,70.12209999999999,-0.7480159659572849,-1.759859263399809
120.6,22.4,257.9927,SSP2-4.5,2081-2100,-4.1387,138.25220000000002,154.62400000000025,1.9064999999999976,5.229300000000002,2.3345000000000002,75.5154,133.0024125,129.55177500000005,2.0486500000000003,7.537062499999998,2.1161625,72.44013749999999,-0.7480159659572849,-1.696663483030022
120.6,22.45,287.9199,SSP2-4.5,2081-2100,-7.295999999999992,135.3368,168.89800000000014,2.0787000000000013,5.119,2.0328,72.8692,130.242925,142.93660000000006,2.041600000000001,6.50345,2.3239125,70.4338875,-0.7480159659572849,-1.6334677026602307
120.6,22.5,316.9811,SSP2-4.5,2081-2100,-13.187200000000018,130.97990000000001,145.7246,2.115600000000004,4.124100000000006,2.2154999999999987,71.6346,128.89925,136.18382500000004,2.0428125,5.39095,2.5056125,69.5067375,-0.7480159659572849,-1.570271922290439
120.6,22.55,316.2605,SSP2-4.5,2081-2100,-15.079399999999964,129.64229999999998,86.70290000000023,2.104099999999999,4.086199999999998,2.732800000000001,71.6481,126.5885375,119.77967499999997,1.9894375000000006,4.077149999999999,2.8512874999999998,69.10601249999999,-0.7480159659572849,-1.5070761419206478
120.6,22.6,287.5262,SSP2-4.5,2081-2100,-6.354600000000005,124.79490000000001,71.9348,2.314399999999999,2.458599999999997,2.9414,70.2346,124.78645,77.02659999999997,1.8672250000000004,4.377574999999999,3.0603625,68.588225,-0.7480159659572849,-1.4438803615508562
120.6,22.65,297.1287,SSP2-4.5,2081-2100,-7.287800000000004,119.78720000000001,31.416799999999967,1.8658000000000001,7.422400000000003,3.062099999999999,66.5288,123.07363750000002,67.82899999999995,1.8232375000000012,4.055825,3.1829750000000003,68.110325,-0.7480159659572849,-1.3806845811810693
120.6,22.7,285.9173,SSP2-4.5,2081-2100,5.458300000000008,118.8735,59.32340000000022,1.6203000000000003,2.3414,2.779300000000001,66.5365,120.68863750000001,60.42558749999989,1.9069625000000014,5.929087500000002,3.3456875000000004,66.19470000000001,-0.7480159659572849,-1.317488800811278
120.6,22.75,274.4394,SSP2-4.5,2081-2100,5.473700000000008,113.47490000000002,86.2163999999998,1.9329999999999998,3.5741000000000014,2.9914000000000005,62.009600000000006,120.894675,56.83918749999995,2.0140000000000002,6.289437500000002,3.4991250000000003,65.972825,-0.7480159659572849,-1.2542930204414864
120.6,22.8,270.2769,SSP2-4.5,2081-2100,-0.9221000000000004,117.6508,55.927000000000135,2.2468000000000004,5.751700000000007,3.4414,63.11150000000001,120.3271875,51.251849999999905,2.1355749999999993,7.0183,3.3702499999999995,65.5420625,-0.7480159659572849,-1.191097240071695
120.6,22.85,272.7929,SSP2-4.5,2081-2100,7.853300000000047,120.18379999999999,57.620800000000145,2.307599999999997,8.994799999999998,2.720699999999999,65.9115,121.1734875,40.538699999999864,2.2068749999999993,7.691800000000001,3.2191749999999995,65.54375,-0.7480159659572849,-1.1279014597019037
120.6,22.9,290.1625,SSP2-4.5,2081-2100,3.2385999999999626,119.637,48.03049999999985,2.1666999999999987,8.1466,2.912099999999999,63.688500000000005,121.47402499999998,38.37361249999992,2.1605249999999994,9.2764875,2.8715374999999996,65.65288749999999,-0.7480159659572849,-1.0647056793321166
120.6,22.95,313.2142,SSP2-4.5,2081-2100,1.491800000000012,119.11019999999999,40.67309999999998,2.3903,11.9448,2.9017,62.199999999999996,121.160275,50.29119999999995,1.9995624999999997,8.712075,2.6961124999999995,64.97501249999999,-0.7480159659572849,-1.0015098989623252
120.6,23.0,334.2407,SSP2-4.5,2081-2100,6.13900000000001,120.0153,33.4375,1.7405000000000008,10.020699999999998,2.1999999999999993,63.576899999999995,121.0525375,37.65926250000001,1.9056375,9.243762499999999,2.5241249999999997,64.9331875,-0.7480159659572849,-0.9383141185925338
120.6,23.05,362.2545,SSP2-4.5,2081-2100,6.1173,121.74980000000002,30.039299999999912,2.0009000000000015,10.075899999999997,2.3879,65.7865,121.00365000000001,42.83143750000005,1.7613499999999997,8.594199999999999,2.439425,65.2382375,-0.7480159659572849,-0.8751183382227424
120.6,23.1,383.8683,SSP2-4.5,2081-2100,5.117200000000025,121.94080000000001,66.48300000000017,1.852599999999999,8.320699999999995,2.3603000000000005,65.6058,122.02496250000002,43.80533750000001,1.7904625000000003,8.6153,2.58425,66.675975,-0.7480159659572849,-0.811922557852951
120.6,23.15,369.5087,SSP2-4.5,2081-2100,11.080500000000029,123.16470000000001,88.22780000000012,1.7652,6.574100000000001,2.6361999999999988,66.8596,122.5988,56.077525000000094,1.8210499999999996,7.920024999999999,2.6846875000000003,67.58535,-0.7480159659572849,-0.748726777483164
120.6,23.2,315.9903,SSP2-4.5,2081-2100,1.9048999999999978,123.3019,48.372100000000046,1.7158999999999978,8.236199999999997,3.1016999999999992,68.4404,122.3338875,41.46578750000009,1.7491875000000006,6.885962500000001,2.4771500000000004,67.912025,-0.7480159659572849,-0.6855309971133726
120.6,23.25,305.9738,SSP2-4.5,2081-2100,-0.9540999999999826,122.02529999999999,-15.024199999999837,1.5024000000000015,7.284500000000001,1.8240999999999996,68.5923,120.48318750000001,15.615950000000169,1.6777374999999997,6.477999999999999,2.4064625,67.2968875,-0.7480159659572849,-0.6223352167435812
120.6,23.3,334.1415,SSP2-4.5,2081-2100,-1.3176000000000272,118.54860000000001,-5.993099999999686,1.698999999999998,5.346600000000002,2.2241,66.27499999999999,119.64865,3.414425000000108,1.7142125000000004,5.975637499999999,1.9859874999999998,67.5050625,-0.7480159659572849,-0.5591394363737897
120.6,23.35,322.9772,SSP2-4.5,2081-2100,8.648000000000025,121.3899,64.20479999999998,2.3015000000000008,3.950000000000003,1.6396999999999995,69.3846,118.8960875,-22.758262499999887,1.5952749999999996,5.193112499999998,1.92305,67.4492875,-0.7480159659572849,-0.4959436560039983
120.6,23.4,338.4893,SSP2-4.5,2081-2100,3.7495999999999867,121.4333,-57.69680000000017,1.7439,4.475899999999996,1.6069000000000013,69.4519,118.968325,-21.325987499999997,1.5002749999999998,3.9515000000000002,1.8950375,68.2081625,-0.7480159659572849,-0.43274787563421135
120.6,23.45,332.1796,SSP2-4.5,2081-2100,1.3682000000000016,115.8622,-45.58690000000024,1.0533000000000001,1.2724000000000046,2.8103,68.11149999999999,118.2586375,-49.65702500000003,1.318975,3.1948375,2.058825,67.45840000000001,-0.7480159659572849,-0.3695520952644199
120.6,23.5,343.8021,SSP2-4.5,2081-2100,-0.5760999999999967,116.7848,-31.13670000000002,0.9856000000000016,1.353500000000004,3.2431,67.43849999999999,118.381475,-34.377537500000074,1.2985374999999997,1.9506500000000004,2.4915875000000005,66.81488750000001,-0.7480159659572849,-0.3063563148946285
120.6,23.55,327.9692,SSP2-4.5,2081-2100,-4.1118000000000166,121.6579,-36.217499999999745,1.1058999999999983,0.24139999999999873,3.4224000000000014,65.8135,118.38135,-20.4570875,1.2953000000000006,1.629975,2.7625,66.26826249999999,-0.7480159659572849,-0.24316053452483705
120.6,23.6,256.096,SSP2-4.5,2081-2100,8.946899999999971,116.9111,-30.697499999999764,1.244600000000002,2.167200000000001,3.3897000000000013,65.0365,119.4311375,16.834374999999994,1.4117249999999997,1.5517374999999989,3.1571125,65.56875,-0.7480159659572849,-0.17996475415504562
120.6,23.65,200.8481,SSP2-4.5,2081-2100,9.991700000000009,118.37029999999999,45.87729999999988,1.6037,2.0482999999999976,3.779299999999999,64.4481,118.4620125,46.76345000000006,1.5366874999999998,2.0206999999999997,3.1116374999999996,64.261775,-0.7480159659572849,-0.11676897378525869
120.6,23.7,198.1259,SSP2-4.5,2081-2100,1.7732000000000028,118.11589999999998,110.81670000000008,1.8735999999999997,3.0690000000000026,3.4533999999999985,62.4154,118.13895000000001,81.59906249999997,1.6440875,2.4502124999999984,2.9739249999999995,63.0795625,-0.7480159659572849,-0.053573193415467256
120.6,23.75,189.4702,SSP2-4.5,2081-2100,-2.532100000000014,118.7118,123.76929999999993,1.7031000000000027,2.030999999999999,2.3309999999999995,62.3231,119.64036250000001,95.09355000000005,1.5599874999999992,2.6868625,2.4730624999999993,63.2317375,-0.7480159659572849,0.009622586954324176
120.6,23.8,177.3559,SSP2-4.5,2081-2100,-1.5267999999999802,120.4082,95.29740000000015,1.2618999999999971,2.291400000000003,1.7620999999999984,62.7712,120.3207125,90.08776250000003,1.4265000000000008,3.6958874999999995,1.9971999999999999,63.810575,-0.7480159659572849,0.0728183673241156
120.6,23.85,177.3776,SSP2-4.5,2081-2100,-1.4451999999999998,120.07310000000001,71.00430000000006,1.2082000000000015,4.356899999999996,1.6551999999999998,64.075,121.1253625,81.7249875,1.3047374999999999,3.125437500000001,1.62845,64.9028875,-0.7480159659572849,0.13601414769390704
120.6,23.9,169.1613,SSP2-4.5,2081-2100,4.196699999999993,121.04050000000001,82.85429999999997,1.3666000000000018,1.3258999999999972,1.480999999999999,65.5019,121.32093750000001,74.44080000000002,1.3651875000000002,2.8928874999999996,1.2922500000000001,66.3596125,-0.7480159659572849,0.19920992806369398
120.6,23.95,169.1359,SSP2-4.5,2081-2100,7.433700000000016,121.7124,81.86000000000013,1.6053999999999995,3.668999999999997,1.0724,67.3885,121.9261,67.599775,1.2801375,0.5814749999999984,1.03815,67.65576250000001,-0.7480159659572849,0.26240570843348543
120.6,24.0,185.8405,SSP2-4.5,2081-2100,-5.2657999999999845,122.45179999999999,45.4088999999999,0.9108000000000018,-1.705200000000005,0.5223999999999993,67.9481,122.64755,59.360025000000036,1.2413999999999996,0.6969999999999983,0.7756500000000003,69.164425,-0.7480159659572849,0.32560148880327683
120.6,24.05,185.0339,SSP2-4.5,2081-2100,-5.574699999999979,124.2102,45.666099999999915,0.8687000000000005,1.4827999999999975,0.40520000000000067,70.6962,122.98126249999999,44.6176375,1.0438875000000003,0.8028124999999982,0.5883624999999999,70.26633749999999,-0.7480159659572849,0.3887972691730683
120.6,24.1,179.1346,SSP2-4.5,2081-2100,-3.20920000000001,125.75659999999999,48.658100000000104,1.0289000000000001,2.398299999999999,0.6654999999999998,73.3942,123.22565,38.67024999999998,0.9378875,1.4008624999999997,0.5364375000000003,71.36611250000001,-0.7480159659572849,0.4519930495428597
120.6,24.15,188.8,SSP2-4.5,2081-2100,2.4442999999999984,124.581,53.53639999999996,1.0557999999999979,2.8793000000000006,0.8759000000000006,72.98079999999999,122.99064999999999,35.14742500000003,1.0004375000000008,0.7818874999999998,0.4189750000000001,71.6935,-0.7480159659572849,0.5151888299126467
120.6,24.2,189.5597,SSP2-4.5,2081-2100,9.455399999999997,122.58499999999998,56.408500000000004,1.2520000000000024,-0.8206999999999951,0.33450000000000024,71.70769999999999,121.93813750000001,37.156712500000026,0.9709375000000002,-0.308837500000001,0.4094875000000002,71.245675,-0.7480159659572849,0.578384610282438
120.6,24.25,180.3961,SSP2-4.5,2081-2100,15.636500000000012,120.59730000000002,49.9067,1.014400000000002,0.012099999999996669,0.11720000000000041,71.2135,120.117,57.26962500000002,1.1054625000000007,-1.2137875000000005,0.15064999999999995,70.53796249999999,-0.7480159659572849,0.6415803906522295
120.6,24.3,169.6259,SSP2-4.5,2081-2100,15.875,118.44630000000001,90.64859999999999,1.2870000000000026,0.7792999999999992,-0.20170000000000066,70.6538,117.0715,68.98063750000003,1.1702,-0.9411500000000004,0.011412500000000048,69.01515,-0.7480159659572849,0.704776171022021
120.6,24.35,166.0059,SSP2-4.5,2081-2100,21.183099999999996,112.61609999999999,87.45950000000016,1.4708000000000006,0.34140000000000015,-0.28969999999999985,66.79809999999999,114.40525000000001,74.20223750000002,1.222225,0.13857500000000122,-0.0461125,68.004075,-0.7480159659572849,0.7679719513918124
120.6,24.4,157.7691,SSP2-4.5,2081-2100,12.275199999999984,110.39800000000001,54.043100000000095,0.9480000000000004,2.3414,0.09660000000000046,66.5692,113.0901625,76.22596250000004,1.4186875000000003,0.861625000000001,-0.049362499999999976,66.953125,-0.7480159659572849,0.8311677317615993
120.65,22.25,217.9816,SSP2-4.5,2081-2100,-7.403599999999983,135.772,61.2041999999999,1.8641000000000005,15.332799999999999,1.8293,76.07690000000001,121.534925,88.6404875,1.8543625000000001,14.1758625,2.2734875,66.710075,-0.6423221258760335,-1.8862508241393918
120.65,22.3,240.0325,SSP2-4.5,2081-2100,-8.965699999999998,133.275,101.00630000000001,1.7593999999999994,15.372399999999999,2.1379,73.2846,121.0431875,95.39483750000002,1.919712500000001,12.2193875,2.2874875,65.728825,-0.6423221258760335,-1.8230550437696005
120.65,22.35,297.1076,SSP2-4.5,2081-2100,-7.959799999999973,128.1562,108.2473,1.6351000000000013,9.7517,2.437900000000001,70.3288,116.2306625,116.78375000000005,1.9065750000000001,10.776712499999999,2.5239125000000002,61.359612500000004,-0.6423221258760335,-1.759859263399809
120.65,22.4,339.4786,SSP2-4.5,2081-2100,-13.65319999999997,119.84870000000001,120.9650999999999,2.200400000000002,7.917200000000001,2.713800000000001,65.7769,119.18281250000001,140.77515000000008,1.9552000000000005,7.902799999999998,2.548925,62.987975,-0.6423221258760335,-1.696663483030022
120.65,22.45,364.378,SSP2-4.5,2081-2100,-11.387499999999989,117.60489999999999,150.66530000000012,2.006599999999999,6.25,2.5966000000000005,61.9423,116.382625,163.85321250000004,2.1114125000000015,6.568325000000001,2.8043125,60.7151375,-0.6423221258760335,-1.6334677026602307
120.65,22.5,376.5089,SSP2-4.5,2081-2100,-13.31189999999998,115.4333,171.2107000000001,2.1422000000000025,5.9620999999999995,2.6172000000000004,59.626900000000006,116.7055625,168.22572500000007,2.2891750000000006,5.5282374999999995,2.980625,60.8978375,-0.6423221258760335,-1.570271922290439
120.65,22.55,414.5796,SSP2-4.5,2081-2100,-6.955000000000041,120.52089999999998,148.47069999999985,2.485299999999995,4.965499999999999,2.706899999999999,64.3558,115.1873875,152.3311375,2.4157625000000014,5.373275,3.2396624999999997,60.2432625,-0.6423221258760335,-1.5070761419206478
120.65,22.6,455.9923,SSP2-4.5,2081-2100,-2.4291999999999803,118.3385,79.36929999999984,2.5431000000000026,7.234499999999997,3.6189999999999998,63.444199999999995,115.3864125,125.8906,2.4150999999999994,5.055587499999999,2.9860125,61.168499999999995,-0.6423221258760335,-1.4438803615508562
120.65,22.65,403.1326,SSP2-4.5,2081-2100,1.6131999999999493,121.7354,58.1558,2.054300000000005,5.7241,2.470700000000001,66.3788,115.35412500000001,106.85571249999998,2.4074375,5.5642249999999995,2.9799625,61.3603125,-0.6423221258760335,-1.3806845811810693
120.65,22.7,389.3107,SSP2-4.5,2081-2100,-0.7882999999999925,124.3669,68.9348,1.9978000000000016,9.291400000000003,3.187900000000001,68.0442,115.96595000000002,91.62484999999998,2.3040000000000003,5.840725000000001,2.8181125,61.931225000000005,-0.6423221258760335,-1.317488800811278
120.65,22.75,360.4782,SSP2-4.5,2081-2100,-6.554399999999987,123.92670000000001,47.58959999999979,2.051400000000001,10.570700000000002,3.6586,67.7885,118.0586375,76.77438750000005,2.3110874999999997,6.082325000000002,3.0170250000000003,62.89517500000001,-0.6423221258760335,-1.2542930204414864
120.65,22.8,369.6386,SSP2-4.5,2081-2100,-0.20420000000001437,124.2449,12.002700000000004,2.2978999999999985,8.022400000000005,3.3672000000000004,67.3154,116.2889375,46.28956249999999,2.2655374999999998,7.716587500000001,3.01165,61.7906125,-0.6423221258760335,-1.191097240071695
120.65,22.85,361.9481,SSP2-4.5,2081-2100,16.220699999999965,125.13659999999999,14.932199999999739,2.5487,7.950000000000003,2.6517,69.5269,117.648825,19.54860000000002,2.102624999999999,8.3739125,3.0726375,62.673312499999994,-0.6423221258760335,-1.1279014597019037
120.65,22.9,342.0699,SSP2-4.5,2081-2100,4.489699999999971,125.27289999999999,-13.79130000000032,2.270599999999998,9.5672,3.267199999999999,68.8808,118.33456249999999,-0.004450000000019827,1.7650125,9.474124999999999,2.9950499999999995,63.641574999999996,-0.6423221258760335,-1.0647056793321166
120.65,22.95,353.0599,SSP2-4.5,2081-2100,2.6971999999999525,123.97859999999999,-36.33609999999999,1.1837000000000018,10.367199999999997,2.5121,69.0885,119.12010000000001,-8.425450000000069,1.5294499999999998,8.9586125,2.9415875,64.14326249999999,-0.6423221258760335,-1.0015098989623252
120.65,23.0,336.8459,SSP2-4.5,2081-2100,9.023500000000013,121.7064,43.20190000000002,1.524799999999999,4.3759000000000015,2.8879,66.60770000000001,118.04339999999999,-42.71372500000007,1.2489000000000008,9.933824999999999,2.6198249999999996,63.7862875,-0.6423221258760335,-0.9383141185925338
120.65,23.05,374.8571,SSP2-4.5,2081-2100,16.122900000000016,120.55010000000001,-54.0595000000003,1.107099999999999,9.736199999999997,2.3483,65.7885,118.91995,-15.908349999999984,1.3956374999999999,8.756687499999998,2.3437375,64.7648875,-0.6423221258760335,-0.8751183382227424
120.65,23.1,387.8653,SSP2-4.5,2081-2100,12.593700000000013,120.46039999999999,-2.860400000000027,1.3360999999999983,9.399999999999999,2.4292999999999996,66.4827,119.92335000000001,18.45414999999997,1.6441999999999997,8.416162499999999,2.4933125,66.0153875,-0.6423221258760335,-0.811922557852951
120.65,23.15,368.115,SSP2-4.5,2081-2100,20.3116,124.54360000000001,88.23070000000007,1.9240999999999993,6.672400000000003,2.9741,70.6712,120.57525000000001,59.269825000000026,1.8706124999999991,7.8374875,2.5713375,66.656725,-0.6423221258760335,-0.748726777483164
120.65,23.2,339.2139,SSP2-4.5,2081-2100,21.90799999999996,124.53459999999998,83.44680000000017,2.1717000000000013,5.860300000000002,2.475900000000001,70.3192,120.73546250000001,57.31616249999996,1.9569999999999999,7.142012500000001,2.5118374999999995,67.4197125,-0.6423221258760335,-0.6855309971133726
120.65,23.25,301.5406,SSP2-4.5,2081-2100,13.956600000000037,123.12270000000001,1.0596000000000458,1.7830000000000013,6.836199999999998,2.003400000000001,69.22500000000001,121.2576625,36.64023750000007,1.98055,6.649775000000001,2.3956749999999998,68.1033625,-0.6423221258760335,-0.6223352167435812
120.65,23.3,315.2784,SSP2-4.5,2081-2100,17.10300000000001,117.96449999999999,36.78760000000011,2.2120999999999995,5.4069,1.8741000000000003,66.7808,122.52233749999999,21.148987500000032,1.9623500000000007,6.0234875,1.9607625,69.0704375,-0.6423221258760335,-0.5591394363737897
120.65,23.35,338.7004,SSP2-4.5,2081-2100,15.179300000000012,122.2579,61.154799999999796,2.249500000000001,5.099999999999994,1.4845000000000006,69.925,121.60172499999999,0.5519000000001029,1.8538750000000004,5.3293124999999995,1.8874875,68.3416,-0.6423221258760335,-0.4959436560039983
120.65,23.4,378.3673,SSP2-4.5,2081-2100,3.8208999999999946,121.2767,-31.97069999999985,1.5299000000000014,4.3155,1.4931,66.2481,120.59155,-4.9455125000000635,1.7479625000000008,4.6092625,1.840725,68.3721125,-0.6423221258760335,-0.43274787563421135
120.65,23.45,414.5657,SSP2-4.5,2081-2100,-0.23140000000000782,121.40539999999999,-47.60960000000023,1.5431999999999988,4.3034000000000034,1.7224000000000004,67.4942,117.1047875,-51.81943749999999,1.4220750000000009,3.6845,2.0448125,65.838225,-0.6423221258760335,-0.3695520952644199
120.65,23.5,438.6241,SSP2-4.5,2081-2100,-5.008500000000026,114.34980000000002,-100.42120000000023,1.4990999999999985,2.984499999999997,1.75,60.5788,118.279225,-40.35498750000005,1.3509000000000007,2.215537500000001,2.4624875,65.885575,-0.6423221258760335,-0.3063563148946285
120.65,23.55,361.7503,SSP2-4.5,2081-2100,-1.0369000000000028,122.8117,-29.968000000000302,1.5023000000000017,1.1965999999999966,2.391400000000001,66.8288,118.2523625,-43.000412499999925,1.2946499999999999,1.5052000000000003,2.7711125,64.607925,-0.6423221258760335,-0.24316053452483705
120.65,23.6,293.7536,SSP2-4.5,2081-2100,16.00200000000001,122.0478,-43.11449999999968,1.2620000000000005,0.7396999999999991,3.1172000000000004,66.45,120.69263749999999,1.1725749999999664,1.4355625,1.263375,3.36595,65.5591125,-0.6423221258760335,-0.17996475415504562
120.65,23.65,246.2337,SSP2-4.5,2081-2100,17.829099999999983,115.46000000000001,15.203199999999924,1.5196000000000005,1.2207000000000008,4.5707,64.2788,121.2278125,31.221875000000097,1.5544624999999996,1.4819125000000009,3.4109875,65.68701250000001,-0.6423221258760335,-0.11676897378525869
120.65,23.7,209.2149,SSP2-4.5,2081-2100,10.367199999999997,119.2445,67.88840000000005,1.8477999999999994,0.046599999999997976,3.5983,64.4404,120.590825,69.83145000000002,1.6881250000000003,2.1387874999999994,3.4122749999999997,65.01057499999999,-0.6423221258760335,-0.053573193415467256
120.65,23.75,199.5551,SSP2-4.5,2081-2100,-2.7852000000000032,119.61280000000001,114.04610000000002,1.8442000000000007,2.4447999999999936,3.0638000000000005,63.559599999999996,120.62062499999999,84.24442500000004,1.6328374999999995,1.9056000000000006,2.8027999999999995,64.0680375,-0.6423221258760335,0.009622586954324176
120.65,23.8,200.0373,SSP2-4.5,2081-2100,-6.759999999999991,121.18200000000002,94.8291999999999,1.4359000000000002,1.5741000000000014,2.4776000000000007,63.44420000000001,120.158975,82.20210000000003,1.5098625,2.928212499999999,2.3064625,63.399537499999994,-0.6423221258760335,0.0728183673241156
120.65,23.85,194.0294,SSP2-4.5,2081-2100,-2.7002999999999986,120.6988,50.43430000000012,1.3168000000000006,3.560299999999998,1.9517000000000007,63.113499999999995,120.9671625,77.045275,1.3944125,2.310125000000001,1.8543124999999996,63.958175,-0.6423221258760335,0.13601414769390704
120.65,23.9,181.6138,SSP2-4.5,2081-2100,6.012599999999992,122.0822,61.45769999999993,1.260200000000001,1.4431000000000012,1.4896999999999991,64.7077,121.88640000000001,66.03781250000003,1.3964625000000006,2.0760749999999994,1.4558125000000002,65.37548749999999,-0.6423221258760335,0.19920992806369398
120.65,23.95,181.2748,SSP2-4.5,2081-2100,2.412000000000006,124.23119999999999,53.297000000000025,1.256499999999999,1.6499999999999986,1.1466000000000012,68.1673,122.8183625,64.85297499999999,1.376312500000001,-0.07327500000000153,1.0993499999999996,66.8310125,-0.6423221258760335,0.26240570843348543
120.65,24.0,179.1852,SSP2-4.5,2081-2100,0.9162999999999784,122.96789999999999,51.47360000000003,1.2409,0.3206999999999951,1.2499999999999991,67.8827,124.0653125,56.90833749999999,1.2627500000000005,0.07112499999999855,0.846125,68.66731250000001,-0.6423221258760335,0.32560148880327683
120.65,24.05,190.7765,SSP2-4.5,2081-2100,-4.140199999999993,124.64659999999998,48.38069999999993,0.9099000000000004,1.2999999999999972,0.9655000000000005,69.0846,124.82249999999999,46.64355000000003,1.1702250000000003,0.6722124999999988,0.7153124999999995,70.38245,-0.6423221258760335,0.3887972691730683
120.65,24.1,194.7942,SSP2-4.5,2081-2100,-9.203699999999998,126.05220000000001,30.989100000000008,1.043800000000001,4.691400000000002,0.28279999999999994,72.3096,125.4769125,37.149912500000056,1.0143125,1.9049625,0.6668124999999999,71.66081249999999,-0.6423221258760335,0.4519930495428597
120.65,24.15,204.3697,SSP2-4.5,2081-2100,-7.022899999999993,127.697,22.84940000000006,0.7559000000000005,1.367200000000004,0.4914000000000005,73.6731,125.0615,33.315600000000046,1.0115250000000002,0.7967624999999998,0.4571249999999998,72.4822,-0.6423221258760335,0.5151888299126467
120.65,24.2,200.7228,SSP2-4.5,2081-2100,-2.0463000000000022,125.44890000000001,23.213700000000017,0.8367000000000004,-2.6707000000000036,0.36380000000000035,72.92689999999999,123.4366875,36.273150000000015,0.9209875000000007,-0.4504374999999996,0.3374999999999998,72.1992875,-0.6423221258760335,0.578384610282438
120.65,24.25,198.4469,SSP2-4.5,2081-2100,10.571200000000005,121.21880000000002,42.50109999999995,0.8049,-2.8793000000000006,0.14480000000000004,71.925,120.975575,63.01260000000002,1.005512500000001,-1.8116375000000007,0.14591249999999956,71.2822125,-0.6423221258760335,0.6415803906522295
120.65,24.3,177.468,SSP2-4.5,2081-2100,17.811000000000007,118.6195,110.53610000000003,0.9713999999999992,-2.413800000000002,-0.07070000000000043,70.9404,117.18523750000001,81.78038750000005,1.1998250000000006,-1.4168000000000003,-0.07392500000000035,69.0976,-0.6423221258760335,0.704776171022021
120.65,24.35,175.6112,SSP2-4.5,2081-2100,23.379800000000017,113.1872,103.89980000000014,1.5986999999999973,-1.2723999999999975,-0.2138,66.0154,114.345375,93.04866250000006,1.3382125,-0.162725,-0.10042500000000021,67.74615,-0.6423221258760335,0.7679719513918124
120.65,24.4,177.823,SSP2-4.5,2081-2100,16.52769999999998,111.8675,73.39820000000009,1.5375999999999976,-0.9827999999999975,0.0671999999999997,66.0596,112.347275,82.27937500000007,1.541325,1.6517124999999995,-0.03147500000000003,66.2492875,-0.6423221258760335,0.8311677317615993
120.65,24.45,163.5848,SSP2-4.5,2081-2100,13.575799999999987,111.01239999999999,58.85310000000004,1.3575000000000017,1.143099999999997,0.25340000000000007,66.19999999999999,111.3518125,71.83645000000007,1.5078874999999994,2.56055,0.025425000000000142,65.6649125,-0.6423221258760335,0.8943635121313908
120.65,24.5,160.682,SSP2-4.5,2081-2100,11.365800000000007,110.8732,60.03110000000015,1.0762,2.7724000000000046,0.11030000000000051,65.6423,110.45066249999999,61.06883750000003,1.5344250000000001,3.1379249999999983,0.04244999999999999,65.00072499999999,-0.6423221258760335,0.9575592925011822
120.7,21.95,230.9297,SSP2-4.5,2081-2100,-16.823000000000008,130.156,-12.430100000000039,0.6207999999999991,16.144799999999996,2.5878999999999994,73.5577,129.98319999999998,-2.297387499999985,0.5779749999999999,15.5489125,2.7340500000000003,73.48918750000001,-0.5366282857948123,-2.265425506358136
120.7,22.0,237.8747,SSP2-4.5,2081-2100,-18.254599999999982,130.06990000000002,39.9052999999999,0.3523999999999994,8.6948,2.1362000000000005,73.1923,129.6085375,10.91073750000001,0.6985624999999995,14.792662500000002,2.5131375,73.333425,-0.5366282857948123,-2.2022297259883445
120.7,22.05,245.2909,SSP2-4.5,2081-2100,-16.171999999999997,132.5498,46.00610000000006,0.44180000000000064,11.951700000000002,1.5740999999999996,73.2981,129.3229625,38.53698749999998,0.8952124999999995,12.571337500000002,2.2161625000000003,72.994475,-0.5366282857948123,-2.139033945618553
120.7,22.1,238.3069,SSP2-4.5,2081-2100,-8.082400000000007,131.7944,98.57799999999997,0.8003999999999998,7.943100000000001,1.4138000000000002,72.2077,127.2475,47.95830000000001,1.2931625000000007,12.2599125,2.0148625,71.654325,-0.5366282857948123,-2.0758381652487614
120.7,22.15,223.9088,SSP2-4.5,2081-2100,-7.852400000000017,129.1017,79.31380000000013,1.1730000000000018,7.591400000000007,1.3603000000000005,72.57310000000001,125.1079,68.92862499999995,1.6241000000000003,12.056887499999998,1.9374999999999993,70.1350875,-0.5366282857948123,-2.0126423848789745
120.7,22.2,211.7954,SSP2-4.5,2081-2100,-1.133499999999998,131.8457,50.052799999999934,1.8857,13.312099999999994,1.8844999999999992,74.10770000000001,121.9648125,82.64537500000003,1.741412500000001,12.7375,1.9879249999999997,67.686525,-0.5366282857948123,-1.9494466045091832
120.7,22.25,217.0396,SSP2-4.5,2081-2100,-2.0785000000000196,125.6426,70.08800000000019,1.9444000000000017,13.4448,1.898299999999999,70.7038,120.0616125,83.91111249999997,1.9460374999999996,15.083637499999998,2.400425,65.626675,-0.5366282857948123,-1.8862508241393918
120.7,22.3,259.9265,SSP2-4.5,2081-2100,-8.374999999999972,115.23309999999998,85.38330000000019,1.7286000000000001,16.039700000000003,2.4154999999999998,61.1096,116.161325,94.013,1.8725250000000009,14.018099999999999,2.3840375,62.140362499999995,-0.5366282857948123,-1.8230550437696005
120.7,22.35,330.0179,SSP2-4.5,2081-2100,-8.169399999999996,97.44569999999999,95.9050000000002,1.8049000000000035,12.4362,2.5603,47.7269,109.41475,112.13384999999997,1.8828500000000008,11.78275,2.6564625000000004,56.701187499999996,-0.5366282857948123,-1.759859263399809
120.7,22.4,431.5457,SSP2-4.5,2081-2100,-18.60329999999999,98.10069999999999,143.05099999999993,1.7109999999999985,9.3431,3.043100000000001,48.6769,103.0003625,136.4718375,2.0859750000000017,9.1297375,2.861,51.5661,-0.5366282857948123,-1.696663483030022
120.7,22.45,438.457,SSP2-4.5,2081-2100,-12.520899999999983,101.13029999999999,184.9348,2.277700000000003,7.125899999999994,3.3775999999999993,50.0712,99.36410000000001,167.3372,2.2625875000000013,7.777375,3.1013,48.7675375,-0.5366282857948123,-1.6334677026602307
120.7,22.5,444.0645,SSP2-4.5,2081-2100,-6.842199999999991,91.97910000000002,221.41750000000002,2.4592000000000027,7.725900000000003,4.1,41.55,101.1624,188.52961250000004,2.459650000000001,6.346987499999998,3.1687624999999997,50.5473625,-0.5366282857948123,-1.570271922290439
120.7,22.55,488.9889,SSP2-4.5,2081-2100,-0.8854999999999791,106.4503,238.9920000000002,2.786200000000001,4.829299999999996,4.082800000000001,53.1115,97.8253875,178.61521249999993,2.5607500000000005,6.686212499999999,3.2243499999999994,48.8351125,-0.5366282857948123,-1.5070761419206478
120.7,22.6,562.3419,SSP2-4.5,2081-2100,15.915200000000027,103.8808,203.29729999999972,2.8613,6.5655,3.608599999999999,50.696200000000005,99.8296,157.27421249999992,2.602425,6.047187499999998,2.8664,51.10985,-0.5366282857948123,-1.4438803615508562
120.7,22.65,544.4473,SSP2-4.5,2081-2100,23.941499999999905,96.2795,168.1545000000001,2.8493999999999957,4.393099999999997,2.2828,46.3942,105.8347125,141.72677499999986,2.6787500000000004,6.861199999999999,2.7155125,54.7862875,-0.5366282857948123,-1.3806845811810693
120.7,22.7,490.1472,SSP2-4.5,2081-2100,20.918499999999995,116.51170000000002,172.4148,3.2074,4.806899999999999,2.358599999999999,59.0038,110.54075,126.76811249999992,2.6028375,6.899775000000001,2.6351375000000004,57.4346,-0.5366282857948123,-1.317488800811278
120.7,22.75,464.0424,SSP2-4.5,2081-2100,10.210800000000006,117.1387,109.72749999999996,2.8504000000000005,7.893100000000004,2.9414,60.8096,112.6734625,107.76676249999997,2.4811374999999996,6.772625000000001,2.808825,58.4899,-0.5366282857948123,-1.2542930204414864
120.7,22.8,459.2751,SSP2-4.5,2081-2100,16.089400000000012,112.20770000000002,49.64850000000024,2.335099999999997,6.977599999999995,3.069000000000001,56.330799999999996,108.902825,58.45956249999989,2.1715625,7.352575000000002,2.9521499999999996,56.431237499999995,-0.5366282857948123,-1.191097240071695
120.7,22.85,452.4225,SSP2-4.5,2081-2100,10.12239999999997,100.5923,-51.3454999999999,1.851300000000002,10.020699999999998,2.6189999999999998,48.8365,109.94516250000001,15.100462499999935,1.745687499999999,7.784675000000001,3.20775,58.156724999999994,-0.5366282857948123,-1.1279014597019037
120.7,22.9,392.5271,SSP2-4.5,2081-2100,7.883099999999956,121.40119999999999,-1.703899999999976,1.3449999999999989,9.5103,3.1845,67.3115,111.350625,-46.63616250000007,1.2180500000000003,9.0372625,3.3646499999999997,59.124024999999996,-0.5366282857948123,-1.0647056793321166
120.7,22.95,420.996,SSP2-4.5,2081-2100,-3.1252999999999815,116.63680000000001,-71.9067,0.3268000000000022,8.858599999999996,4.458599999999999,62.5692,114.99312499999999,-76.60253750000004,0.9898625000000001,8.92325,2.998275,62.2987875,-0.5366282857948123,-1.0015098989623252
120.7,23.0,394.6266,SSP2-4.5,2081-2100,4.025700000000029,109.18099999999998,-145.3447000000001,0.4709000000000003,9.244799999999998,1.7207000000000008,58.31150000000001,114.2082375,-99.45881250000002,0.8085000000000004,8.660975,2.9084,62.132200000000005,-0.5366282857948123,-0.9383141185925338
120.7,23.05,410.8476,SSP2-4.5,2081-2100,12.567499999999995,113.12540000000001,-138.21270000000004,0.7710000000000008,9.2224,2.4292999999999996,62.9692,114.12923749999999,-84.67238750000001,1.043674999999999,8.5778,2.3935375000000003,62.169700000000006,-0.5366282857948123,-0.8751183382227424
120.7,23.1,402.7462,SSP2-4.5,2081-2100,15.278200000000027,123.18050000000001,-14.010699999999815,1.4682999999999993,9.393100000000004,2.3345000000000002,68.77879999999999,115.6875625,-39.619450000000086,1.381112499999999,8.6847,2.4596999999999998,63.999775,-0.5366282857948123,-0.811922557852951
120.7,23.15,376.2442,SSP2-4.5,2081-2100,22.144900000000007,111.1319,80.93529999999964,2.2643999999999984,7.3344999999999985,2.4758999999999993,61.6635,118.6184375,25.37396250000006,1.7659749999999992,8.092237500000001,2.4213375000000004,65.908175,-0.5366282857948123,-0.748726777483164
120.7,23.2,364.7975,SSP2-4.5,2081-2100,24.88299999999998,116.8872,123.5646999999999,2.390699999999999,7.581000000000003,2.7569,65.1038,116.97072500000002,43.69776250000001,2.0290874999999997,7.27995,2.243525,64.952175,-0.5366282857948123,-0.6855309971133726
120.7,23.25,319.5886,SSP2-4.5,2081-2100,30.30310000000003,121.70639999999999,43.16329999999971,2.3103000000000016,6.617200000000004,2.3224,68.8019,116.94591249999999,32.718600000000094,2.0216624999999997,7.001499999999999,2.0894250000000003,64.7064875,-0.5366282857948123,-0.6223352167435812
120.7,23.3,324.5851,SSP2-4.5,2081-2100,18.082799999999963,125.09279999999998,-21.19529999999986,1.8423000000000016,6.865499999999997,2.5862,70.5135,118.7595375,24.035699999999963,2.0276875,6.475637499999999,1.7594625000000002,66.14015,-0.5366282857948123,-0.5591394363737897
120.7,23.35,357.7791,SSP2-4.5,2081-2100,11.87579999999997,126.0351,41.822000000000116,2.0107999999999997,6.187899999999999,1.6016999999999992,69.8462,120.1484375,6.590674999999976,1.8245000000000005,5.636637499999998,1.872625,67.4226125,-0.5366282857948123,-0.4959436560039983
120.7,23.4,387.3973,SSP2-4.5,2081-2100,-8.654899999999998,121.07289999999999,-21.543299999999817,1.491500000000002,6.086199999999998,2.0740999999999996,68.2327,119.4867375,1.9899249999999142,1.7483625000000003,4.9168,1.7137874999999998,66.8589125,-0.5366282857948123,-0.43274787563421135
120.7,23.45,410.6323,SSP2-4.5,2081-2100,-11.0591,115.2757,-34.309099999999944,1.5900000000000034,5.4983,1.7861999999999991,64.5308,117.0627625,-39.069525,1.5080375,3.8609875000000002,1.8155124999999996,64.90769999999999,-0.5366282857948123,-0.3695520952644199
120.7,23.5,447.641,SSP2-4.5,2081-2100,-8.625100000000032,110.78290000000001,-91.89079999999967,1.4832999999999998,3.489699999999999,1.5947999999999993,62.113499999999995,118.8729625,-39.21001250000012,1.4458000000000006,2.4586249999999996,2.0437499999999993,65.18196250000001,-0.5366282857948123,-0.3063563148946285
120.7,23.55,377.4282,SSP2-4.5,2081-2100,5.40949999999998,121.6532,-6.121300000000247,1.5436000000000014,0.3689999999999998,2.7292999999999985,64.75380000000001,119.10315,-46.40502500000002,1.2575374999999998,1.4185624999999993,2.421125,64.7435,-0.5366282857948123,-0.24316053452483705
120.7,23.6,340.1265,SSP2-4.5,2081-2100,11.17089999999996,121.8314,-4.403800000000047,1.2330999999999968,0.6966000000000037,2.9223999999999997,64.67880000000001,121.8670625,-3.5772375000001375,1.3535500000000007,1.0696250000000003,3.2202624999999996,66.00118750000001,-0.5366282857948123,-0.17996475415504562
120.7,23.65,260.59,SSP2-4.5,2081-2100,23.738200000000006,126.8455,55.70820000000003,1.7317,2.167200000000001,3.7224000000000004,68.6346,121.3500875,24.143512499999957,1.4555249999999993,0.8362250000000016,3.4021625,65.3026375,-0.5366282857948123,-0.11676897378525869
120.7,23.7,217.806,SSP2-4.5,2081-2100,23.545999999999992,126.45599999999999,47.70020000000022,1.6391999999999989,0.9207000000000036,3.3051999999999992,69.39229999999999,120.5233375,62.797537499999976,1.6921249999999999,1.6357624999999985,3.55065,64.30265,-0.5366282857948123,-0.053573193415467256
120.7,23.75,202.2517,SSP2-4.5,2081-2100,9.396800000000013,121.1543,45.53060000000005,1.5899,3.208599999999997,3.0724,65.03269999999999,120.90412500000001,85.69700000000003,1.7524499999999992,1.0553749999999988,3.1554,63.969237500000006,-0.5366282857948123,0.009622586954324176
120.7,23.8,190.7907,SSP2-4.5,2081-2100,1.4588999999999999,119.69230000000002,88.1235999999999,1.7112999999999978,2.1034000000000006,2.4223999999999997,62.725,119.7502125,79.70625000000004,1.6046375,1.737474999999999,2.8232750000000006,62.968525,-0.5366282857948123,0.0728183673241156
120.7,23.85,192.2506,SSP2-4.5,2081-2100,1.9898000000000025,120.9205,69.41120000000001,1.4435000000000002,3.429300000000005,2.1930999999999994,63.596199999999996,120.651275,67.43878749999999,1.5238749999999999,1.1530000000000014,2.1504250000000003,63.592312500000006,-0.5366282857948123,0.13601414769390704
120.7,23.9,185.3979,SSP2-4.5,2081-2100,1.4749000000000194,122.33850000000001,53.384500000000116,1.4677000000000007,1.9569000000000045,1.3534000000000006,64.8442,122.1429125,49.733187499999985,1.4199375000000005,0.28597500000000053,1.6327625000000003,65.2226125,-0.5366282857948123,0.19920992806369398
120.7,23.95,181.8069,SSP2-4.5,2081-2100,1.0057999999999936,124.0762,66.05689999999981,1.5070000000000014,-3.3397000000000006,0.7931000000000008,66.3173,123.7720875,45.8979875,1.4340750000000004,-0.9023750000000001,1.3165999999999998,67.4086625,-0.5366282857948123,0.26240570843348543
120.7,24.0,180.7551,SSP2-4.5,2081-2100,4.306100000000015,125.87740000000001,76.3279,1.6519000000000013,-4.256900000000002,0.8327999999999989,70.0577,124.66999999999999,41.73961249999999,1.3928875,-0.9383625000000002,1.1644375,68.91658749999999,-0.5366282857948123,0.32560148880327683
120.7,24.05,191.374,SSP2-4.5,2081-2100,4.092500000000001,125.3167,38.26920000000018,1.3918,1.7690000000000055,1.0309999999999988,69.6788,125.275275,36.31031249999998,1.348925,-0.32693750000000055,0.9237124999999998,70.40937499999998,-0.5366282857948123,0.3887972691730683
120.7,24.1,200.5656,SSP2-4.5,2081-2100,-1.1076999999999941,125.94720000000001,36.35550000000012,1.2249999999999979,0.6775999999999982,0.7327999999999992,71.0923,125.3301375,17.64266250000003,1.1630000000000003,1.6900875000000015,0.6409374999999999,71.49493749999999,-0.5366282857948123,0.4519930495428597
120.7,24.15,211.7542,SSP2-4.5,2081-2100,-6.192999999999984,125.66,3.483900000000176,0.8785000000000025,3.3654999999999973,0.16719999999999935,72.6865,125.0360625,17.440462499999995,1.0479374999999997,0.39352500000000035,0.3959124999999998,72.407925,-0.5366282857948123,0.5151888299126467
120.7,24.2,215.4407,SSP2-4.5,2081-2100,-2.3876999999999953,124.46109999999999,13.879599999999982,0.7714999999999996,-4.146599999999999,0.23449999999999882,72.7596,123.2165,26.711137499999978,0.9085500000000004,-0.5364250000000004,0.2486999999999996,72.2747625,-0.5366282857948123,0.578384610282438
120.7,24.25,214.8046,SSP2-4.5,2081-2100,10.169700000000006,120.69330000000002,47.61959999999999,0.8349000000000011,-3.3810000000000002,0.33449999999999847,70.6481,120.75538750000001,57.24431249999995,0.9499624999999998,-2.042462500000002,0.10043749999999962,71.45553749999999,-0.5366282857948123,0.6415803906522295
120.7,24.3,200.8877,SSP2-4.5,2081-2100,8.931200000000018,116.95320000000001,111.88800000000015,1.0762,-1.851700000000001,0.05519999999999925,69.40769999999999,117.57022500000001,82.70697499999997,1.1849250000000002,-1.8571125000000013,-0.02801250000000033,69.2656375,-0.5366282857948123,0.704776171022021
120.7,24.35,177.1856,SSP2-4.5,2081-2100,19.858100000000007,113.7697,120.31979999999999,1.5117000000000012,-3.082799999999999,-0.5379000000000005,66.1192,115.24265,93.06297500000005,1.4734499999999993,0.5176624999999992,0.03512499999999996,67.91323750000001,-0.5366282857948123,0.7679719513918124
120.7,24.4,173.267,SSP2-4.5,2081-2100,17.12960000000001,112.09270000000001,96.096,1.9029999999999987,3.5671999999999997,0.07760000000000034,65.4212,112.9246375,81.90430000000006,1.619875,1.771749999999999,0.02023749999999991,66.26418749999999,-0.5366282857948123,0.8311677317615993
120.7,24.45,170.5324,SSP2-4.5,2081-2100,22.26939999999999,110.14680000000001,56.76080000000002,1.6899000000000015,4.758599999999994,0.13099999999999934,64.6404,111.520775,70.05558750000006,1.5800249999999996,3.0700250000000002,0.09308750000000021,65.7973625,-0.5366282857948123,0.8943635121313908
120.7,24.5,157.9655,SSP2-4.5,2081-2100,19.510400000000004,110.1312,53.8424,1.606300000000001,3.898299999999999,-0.08099999999999952,65.8154,109.96535,65.26888750000003,1.5181250000000002,3.3267124999999984,0.05774999999999997,64.5759625,-0.5366282857948123,0.9575592925011822
120.7,24.55,154.1484,SSP2-4.5,2081-2100,12.559200000000004,110.36499999999998,54.538099999999986,1.504100000000001,3.362099999999998,-0.11380000000000035,64.6904,110.12627499999999,62.799162499999994,1.3852375000000006,3.3327624999999994,0.09591250000000018,64.6327,-0.5366282857948123,1.0207550728709736
120.7,24.6,152.1908,SSP2-4.5,2081-2100,11.116500000000002,112.9385,66.34839999999986,1.3862000000000023,4.898300000000006,0.32760000000000034,65.3077,109.31389999999999,62.30930000000001,1.3067999999999995,2.472199999999998,-0.04568749999999988,64.17813749999999,-0.5366282857948123,1.0839508532407651
120.75,21.9,240.7403,SSP2-4.5,2081-2100,-17.12099999999998,128.4962,-36.61400000000003,0.6765000000000008,16.9448,2.7483000000000004,72.7769,130.22105,-32.87991249999999,0.6409624999999992,16.781025,3.1114125,73.5778875,-0.4309344457135909,-2.3286212867279272
120.75,21.95,248.0101,SSP2-4.5,2081-2100,-24.449899999999985,129.2571,-21.810399999999845,0.3841999999999999,17.1603,3.003400000000001,73.4769,129.9009625,-21.01508750000002,0.6695249999999997,16.260987500000002,2.912075,73.52043750000001,-0.4309344457135909,-2.265425506358136
120.75,22.0,264.8936,SSP2-4.5,2081-2100,-27.05879999999999,130.3329,23.010600000000068,0.6749999999999972,15.256900000000002,3.25,73.05770000000001,129.39802500000002,-6.791312500000004,0.6239499999999998,15.5318875,2.6575375,73.644725,-0.4309344457135909,-2.2022297259883445
120.75,22.05,259.2501,SSP2-4.5,2081-2100,-17.25279999999998,130.6055,39.135099999999966,0.7722000000000016,14.905200000000008,2.0897000000000006,72.9769,128.35616249999998,20.367725000000007,0.9696124999999993,13.6221875,2.475425,73.058425,-0.4309344457135909,-2.139033945618553
120.75,22.1,243.7158,SSP2-4.5,2081-2100,-11.049299999999988,128.5316,77.90789999999993,1.6693999999999996,14.113799999999998,2.0930999999999997,72.8692,125.0698,38.16116249999999,1.3288375000000006,12.306462500000002,2.1049499999999997,70.8829375,-0.4309344457135909,-2.0758381652487614
120.75,22.15,227.9635,SSP2-4.5,2081-2100,3.960899999999981,113.87769999999999,88.60809999999992,2.1270000000000024,11.472399999999993,1.8309999999999995,62.4673,123.68846249999999,57.411575,1.7095250000000002,12.3387875,2.1624999999999996,69.9483125,-0.4309344457135909,-2.0126423848789745
120.75,22.2,222.212,SSP2-4.5,2081-2100,6.6384000000000185,119.38189999999999,92.15249999999992,1.830099999999998,11.587900000000005,2.1827999999999985,67.15769999999999,118.01196250000001,70.82660000000001,2.008150000000001,13.5129375,2.31335,65.58941250000001,-0.4309344457135909,-1.9494466045091832
120.75,22.25,227.0294,SSP2-4.5,2081-2100,4.7964999999999804,109.9334,100.70370000000003,2.092500000000001,19.032799999999995,2.7948000000000004,59.6538,115.23432499999998,80.42447500000003,2.0174625,14.469825,2.5181125,62.6651375,-0.4309344457135909,-1.8862508241393918
120.75,22.3,268.0443,SSP2-4.5,2081-2100,-2.8395000000000437,108.8115,101.48999999999978,1.9590999999999994,14.865499999999997,2.4361999999999995,57.334599999999995,106.4175875,94.09046250000009,2.052812500000001,14.487937500000001,2.7926625000000005,55.311775,-0.4309344457135909,-1.8230550437696005
120.75,22.35,330.0234,SSP2-4.5,2081-2100,-1.8023999999999774,90.2542,113.45949999999993,1.9207,11.9086,2.9776000000000007,42.0135,99.85333749999998,113.10271250000008,2.005850000000001,12.2459,2.8622750000000003,49.70215,-0.4309344457135909,-1.759859263399809
120.75,22.4,426.5289,SSP2-4.5,2081-2100,-10.228300000000047,81.6386,123.4683,2.1485000000000056,9.0638,3.0897000000000006,35.084599999999995,94.500175,149.44045000000006,2.1717250000000003,9.9995625,3.0814500000000002,45.329575,-0.4309344457135909,-1.696663483030022
120.75,22.45,402.7515,SSP2-4.5,2081-2100,-5.641700000000014,87.9243,194.1293999999998,2.6938999999999993,8.584499999999998,3.134499999999999,39.5846,89.07749999999999,180.58915000000007,2.3325500000000012,8.751075,3.3571125000000004,41.658175,-0.4309344457135909,-1.6334677026602307
120.75,22.5,383.3252,SSP2-4.5,2081-2100,2.453800000000001,82.3832,213.79030000000012,2.738900000000001,7.372399999999999,3.5154999999999994,37.8981,90.1684875,204.55625000000003,2.5041625000000014,8.243112499999999,3.4907500000000002,42.7887125,-0.4309344457135909,-1.570271922290439
120.75,22.55,401.9101,SSP2-4.5,2081-2100,8.617500000000007,77.852,206.04370000000017,2.5464000000000055,5.6861999999999995,3.319000000000001,37.7885,90.278975,202.4097875,2.5970125,8.447849999999999,3.3754375,43.13895,-0.4309344457135909,-1.5070761419206478
120.75,22.6,437.8793,SSP2-4.5,2081-2100,35.71379999999999,72.2153,185.3221999999996,2.7095999999999947,7.977599999999995,2.3085999999999984,35.321200000000005,92.2878625,186.84232499999996,2.6244750000000003,7.6191749999999985,3.0672625,44.9865375,-0.4309344457135909,-1.4438803615508562
120.75,22.65,487.3667,SSP2-4.5,2081-2100,38.67300000000006,85.2449,173.6854999999996,2.845100000000002,7.5672,2.141400000000001,42.0846,94.15608750000001,170.79821249999992,2.792099999999998,7.339224999999998,2.6325374999999998,46.257925,-0.4309344457135909,-1.3806845811810693
120.75,22.7,485.5615,SSP2-4.5,2081-2100,44.265300000000025,104.38419999999999,192.63450000000012,3.2113999999999976,5.7224,2.029300000000001,53.3173,98.9945375,146.97067499999986,2.7206749999999986,6.6588375,2.537725,48.952862499999995,-0.4309344457135909,-1.317488800811278
120.75,22.75,433.8144,SSP2-4.5,2081-2100,41.26030000000003,111.24970000000002,195.26269999999977,2.9628999999999976,4.036200000000001,2.3689999999999998,54.6596,101.3542,112.613675,2.424812499999999,6.511637499999999,2.6196,50.904799999999994,-0.4309344457135909,-1.2542930204414864
120.75,22.8,441.5667,SSP2-4.5,2081-2100,27.81269999999995,84.4959,123.64649999999983,1.7852000000000032,4.753399999999999,2.430999999999999,41.459599999999995,98.69731250000001,61.45763750000003,1.9426499999999987,6.226725,2.8935375,48.6987875,-0.4309344457135909,-1.191097240071695
120.75,22.85,461.3478,SSP2-4.5,2081-2100,12.798200000000008,84.4378,15.860799999999927,1.0246999999999957,5.574100000000001,3.5793,41.053799999999995,95.9927625,14.660550000000057,1.3283500000000004,6.8877,3.0767249999999997,48.354075,-0.4309344457135909,-1.1279014597019037
120.75,22.9,460.7495,SSP2-4.5,2081-2100,1.375,102.36429999999999,-79.79179999999997,0.35829999999999984,9.922400000000003,4.1121,53.375,96.107125,-43.118112499999995,0.7821125000000007,7.4088125,3.4051624999999994,48.4889125,-0.4309344457135909,-1.0647056793321166
120.75,22.95,447.1037,SSP2-4.5,2081-2100,-3.439200000000028,112.38569999999999,-150.71090000000004,0.18030000000000257,10.0379,3.7172,59.661500000000004,99.33109999999999,-99.02701250000001,0.5060750000000009,8.4853125,3.1064749999999997,51.1043,-0.4309344457135909,-1.0015098989623252
120.75,23.0,452.9206,SSP2-4.5,2081-2100,4.3180000000000405,103.65490000000001,-228.34349999999995,0.5853000000000002,8.360300000000002,2.5845000000000002,55.153800000000004,101.0712875,-138.90106250000002,0.4685875000000008,8.8185125,2.722625,52.76632500000001,-0.4309344457135909,-0.9383141185925338
120.75,23.05,440.0337,SSP2-4.5,2081-2100,6.017999999999972,101.62799999999999,-159.30299999999988,0.7889999999999979,8.329300000000003,2.3293,55.21920000000001,103.17532500000002,-151.83780000000002,0.8275125000000001,8.9648625,2.0263,54.1915625,-0.4309344457135909,-0.8751183382227424
120.75,23.1,430.4859,SSP2-4.5,2081-2100,5.6995000000000005,112.67260000000002,-116.65920000000006,1.067899999999998,9.782800000000002,2.5138000000000016,61.0154,108.3355875,-106.06643750000006,1.2545124999999997,8.794175000000001,1.9314624999999996,58.6795625,-0.4309344457135909,-0.811922557852951
120.75,23.15,392.1154,SSP2-4.5,2081-2100,18.62239999999997,121.3885,-15.026800000000094,1.7893000000000008,9.0,2.1776,68.1885,110.001275,-39.02637499999997,1.6433999999999989,8.708837500000001,1.9387874999999999,59.2112875,-0.4309344457135909,-0.748726777483164
120.75,23.2,370.2086,SSP2-4.5,2081-2100,22.853200000000015,105.2801,56.306600000000344,1.9796999999999976,7.048299999999998,1.7086000000000006,56.705799999999996,114.1822375,2.7330124999999725,1.9292749999999992,8.274562500000002,2.0568874999999993,62.246875,-0.4309344457135909,-0.6855309971133726
120.75,23.25,348.2569,SSP2-4.5,2081-2100,23.855500000000006,104.058,11.466600000000199,2.0101999999999975,8.8707,1.8102999999999998,54.0423,115.890975,8.192425000000071,1.9268374999999995,7.5536625,2.0060249999999997,63.2228375,-0.4309344457135909,-0.6223352167435812
120.75,23.3,342.7216,SSP2-4.5,2081-2100,15.003199999999993,118.6274,-29.687800000000152,1.7835999999999999,7.5430999999999955,1.5,64.9615,116.820575,1.4977875000000722,1.8777999999999997,6.641374999999999,1.8913624999999996,64.138,-0.4309344457135909,-0.5591394363737897
120.75,23.35,367.3666,SSP2-4.5,2081-2100,8.557299999999998,116.30430000000001,26.51949999999988,1.8619999999999983,5.243099999999998,1.4793000000000003,65.5385,119.14863749999999,-10.026862499999936,1.6904125000000008,5.868749999999999,1.8926624999999995,66.14111249999999,-0.4309344457135909,-0.4959436560039983
120.75,23.4,402.595,SSP2-4.5,2081-2100,-1.6655000000000086,118.59100000000001,32.660599999999704,1.6250999999999998,4.532800000000002,2.489699999999999,67.1808,118.09937500000001,-7.814087499999914,1.6258000000000008,4.79935,1.6174374999999996,65.9949625,-0.4309344457135909,-0.43274787563421135
120.75,23.45,407.0928,SSP2-4.5,2081-2100,-12.403400000000033,114.74780000000001,-32.34810000000016,1.5763999999999996,4.153400000000005,1.6533999999999995,64.10770000000001,115.792175,-15.710862499999905,1.4572250000000007,3.938599999999999,1.8351249999999992,64.497125,-0.4309344457135909,-0.3695520952644199
120.75,23.5,408.9241,SSP2-4.5,2081-2100,-4.218900000000019,114.2756,-19.43309999999974,1.3157999999999994,1.0223999999999975,1.746599999999999,63.3058,115.9847625,-27.662499999999966,1.3607125000000009,3.275875,1.9857624999999992,63.942800000000005,-0.4309344457135909,-0.3063563148946285
120.75,23.55,389.5544,SSP2-4.5,2081-2100,8.429700000000025,126.4645,-43.4697000000001,0.9960000000000022,0.1413999999999973,2.5706999999999987,69.85579999999999,115.04435000000001,-17.01327500000002,1.2440999999999995,2.3948375000000004,2.4204749999999993,62.6033625,-0.4309344457135909,-0.24316053452483705
120.75,23.6,347.3933,SSP2-4.5,2081-2100,7.9436999999999784,120.26149999999998,-38.53910000000042,0.768699999999999,1.0776000000000039,3.2759,64.1365,119.5565,15.747737499999914,1.3244875,1.9174500000000005,2.9329749999999994,64.82308750000001,-0.4309344457135909,-0.17996475415504562
120.75,23.65,258.0759,SSP2-4.5,2081-2100,20.58789999999999,119.3923,61.68329999999969,1.5045000000000002,1.6448000000000036,3.384499999999999,63.071200000000005,121.6952875,29.323412499999904,1.3764624999999988,1.5597000000000012,3.1553999999999998,65.84903750000001,-0.4309344457135909,-0.11676897378525869
120.75,23.7,222.1197,SSP2-4.5,2081-2100,19.802300000000002,126.1072,86.73039999999992,1.869299999999999,0.34309999999999974,3.043100000000001,65.9731,122.19753750000001,47.05777499999999,1.5084999999999993,2.059474999999999,3.2885874999999998,65.6480875,-0.4309344457135909,-0.053573193415467256
120.75,23.75,210.2625,SSP2-4.5,2081-2100,12.33250000000001,116.3701,55.59010000000012,1.629999999999999,2.0102999999999938,3.950000000000001,59.43079999999999,122.07658749999999,64.19590000000002,1.6407999999999991,1.600437499999999,3.0282374999999995,65.11755000000001,-0.4309344457135909,0.009622586954324176
120.75,23.8,191.8796,SSP2-4.5,2081-2100,8.096899999999977,118.56809999999999,130.66800000000012,2.0418999999999983,-1.0,3.3827999999999996,62.788500000000006,120.4164,56.37975000000003,1.5309874999999997,2.0163749999999983,2.8555875000000004,63.524762499999994,-0.4309344457135909,0.0728183673241156
120.75,23.85,195.4845,SSP2-4.5,2081-2100,-0.6296999999999855,119.49510000000001,77.14049999999997,1.5349000000000004,-1.3275999999999968,2.4948000000000015,62.78269999999999,120.8559875,39.95920000000001,1.5059375,1.8088375,2.3842499999999998,63.988225,-0.4309344457135909,0.13601414769390704
120.75,23.9,188.8619,SSP2-4.5,2081-2100,9.321400000000011,121.1532,-16.527500000000146,1.4223,0.9138000000000019,1.6310000000000002,64.3327,122.9819,19.964137499999993,1.3730875000000005,0.20322499999999977,1.8327500000000003,66.04376250000001,-0.4309344457135909,0.19920992806369398
120.75,23.95,183.7087,SSP2-4.5,2081-2100,7.096599999999995,124.48610000000001,36.595400000000154,1.6183000000000014,-4.041400000000003,1.3620999999999999,68.76350000000001,124.9698,10.617974999999944,1.3803000000000005,-0.7047499999999998,1.4228375,68.054575,-0.4309344457135909,0.26240570843348543
120.75,24.0,188.7842,SSP2-4.5,2081-2100,4.155000000000001,127.0402,51.17529999999988,1.5548000000000002,-5.205199999999998,1.4672,70.5135,125.3208625,12.655924999999996,1.4711500000000002,-0.5739249999999991,1.2381499999999996,69.7752375,-0.4309344457135909,0.32560148880327683
120.75,24.05,206.2086,SSP2-4.5,2081-2100,5.184700000000021,124.59509999999999,-11.33120000000008,1.6638999999999982,0.0397000000000034,1.3000000000000007,70.925,125.6504125,27.39537500000003,1.4793375000000002,-0.34096249999999806,1.0616374999999996,70.612725,-0.4309344457135909,0.3887972691730683
120.75,24.1,208.7482,SSP2-4.5,2081-2100,11.148500000000013,125.07559999999998,7.111599999999953,1.5012000000000008,-0.1828000000000003,0.5586000000000002,71.4096,124.45297500000001,15.867787500000077,1.3567749999999998,1.1295250000000028,0.9045124999999998,70.8677625,-0.4309344457135909,0.4519930495428597
120.75,24.15,208.3345,SSP2-4.5,2081-2100,8.974400000000003,123.59790000000001,1.3885999999999967,1.158999999999999,1.1707000000000036,0.3309999999999995,72.1923,123.803725,19.05078750000004,1.1716875000000004,0.5782125000000002,0.639,71.22017500000001,-0.4309344457135909,0.5151888299126467
120.75,24.2,219.7389,SSP2-4.5,2081-2100,5.770800000000008,122.0086,3.736199999999826,1.090399999999999,2.2413999999999987,0.17239999999999966,72.89999999999999,121.88277500000001,28.183362500000044,1.0038750000000007,-0.6500124999999999,0.49847499999999956,70.87763749999999,-0.4309344457135909,0.578384610282438
120.75,24.25,239.7277,SSP2-4.5,2081-2100,-0.14859999999998763,119.4075,68.89659999999981,0.908100000000001,-3.505200000000002,-0.01550000000000118,71.24619999999999,119.5456375,45.15813750000001,1.0326374999999999,-0.47457500000000064,0.37133749999999965,70.29038750000001,-0.4309344457135909,0.6415803906522295
120.75,24.3,219.9145,SSP2-4.5,2081-2100,7.440200000000004,117.92549999999999,83.30319999999983,1.1404999999999994,-1.1138000000000048,-0.08099999999999952,69.5385,117.0791,76.97900000000001,1.2794000000000003,-1.0364250000000004,0.22392499999999949,69.0783625,-0.4309344457135909,0.704776171022021
120.75,24.35,201.6784,SSP2-4.5,2081-2100,18.804000000000002,115.74030000000002,84.57960000000003,1.7092000000000027,2.791399999999996,0.21550000000000047,67.6923,115.455225,86.257475,1.5335374999999996,0.8598999999999997,0.09439999999999982,68.1363125,-0.4309344457135909,0.7679719513918124
120.75,24.4,212.2149,SSP2-4.5,2081-2100,19.125200000000007,115.55530000000002,80.80290000000014,1.850999999999999,5.417200000000001,0.23099999999999987,68.2308,113.1256875,81.78041249999998,1.7154375000000002,2.351287499999998,0.0986999999999999,66.16635,-0.4309344457135909,0.8311677317615993
120.75,24.45,202.2433,SSP2-4.5,2081-2100,11.613399999999984,112.11789999999999,76.62020000000007,1.7033999999999985,5.401699999999998,0.015500000000000291,65.1558,111.0794625,74.13648749999999,1.7518999999999998,3.4239124999999984,0.13469999999999993,65.243275,-0.4309344457135909,0.8943635121313908
120.75,24.5,168.5485,SSP2-4.5,2081-2100,11.59190000000001,108.51599999999999,60.80079999999998,1.6052,3.3430999999999997,0.07070000000000043,63.8538,109.63533749999999,69.37837499999998,1.5763,3.420474999999997,0.06746249999999987,64.27957500000001,-0.4309344457135909,0.9575592925011822
120.75,24.55,153.7346,SSP2-4.5,2081-2100,8.379199999999997,109.44850000000001,53.737100000000055,1.2713999999999999,4.179299999999998,-0.0034000000000000696,63.5904,109.66925,67.12201249999995,1.4521500000000003,3.0131499999999996,-0.05774999999999997,64.290625,-0.4309344457135909,1.0207550728709736
120.75,24.6,158.1567,SSP2-4.5,2081-2100,9.006499999999988,111.46029999999999,65.67190000000005,1.222999999999999,2.1206999999999994,0.07590000000000074,64.3385,109.08725,59.31888749999999,1.2778249999999995,2.8267249999999997,-0.06445000000000001,64.0762125,-0.4309344457135909,1.0839508532407651
120.75,24.65,147.2359,SSP2-4.5,2081-2100,7.505200000000002,108.72819999999999,62.053499999999985,1.2419999999999973,1.3999999999999986,0.5310000000000006,63.6885,108.60325,56.145725,1.2381999999999995,3.598487500000001,-0.12047499999999989,63.899525,-0.4309344457135909,1.147146633610552
120.8,21.95,265.6306,SSP2-4.5,2081-2100,-32.13890000000001,130.37329999999997,-59.93309999999997,0.5260999999999996,20.418999999999997,3.6828000000000003,74.56349999999999,129.820675,-49.5792625,0.7488999999999995,17.4543,3.1866250000000003,73.526925,-0.32524060563236956,-2.265425506358136
120.8,22.0,268.3165,SSP2-4.5,2081-2100,-29.47150000000002,128.1809,-48.078700000000026,0.7956000000000003,19.0586,3.3879,74.5712,128.708575,-53.86727500000001,0.8584999999999994,16.5823375,3.1101375000000004,73.74472500000002,-0.32524060563236956,-2.2022297259883445
120.8,22.05,256.5459,SSP2-4.5,2081-2100,-18.665700000000015,123.99169999999998,-37.124700000000075,1.0984999999999978,15.920700000000004,2.7982999999999993,73.52120000000001,127.263625,-42.99991250000002,1.2801249999999995,15.359275,2.9549625000000006,73.54303750000001,-0.32524060563236956,-2.139033945618553
120.8,22.1,269.4312,SSP2-4.5,2081-2100,-9.662699999999973,121.39810000000001,-37.26269999999977,1.9238,16.0379,3.1500000000000004,71.75,122.77678749999998,-17.091900000000123,1.6909499999999995,13.587074999999999,2.58385,70.94591249999999,-0.32524060563236956,-2.0758381652487614
120.8,22.15,254.6277,SSP2-4.5,2081-2100,10.774099999999976,117.23949999999999,28.035599999999704,2.2940000000000005,12.6293,2.622399999999999,68.2692,118.4119125,9.899324999999976,1.9912624999999995,13.465074999999999,2.7204875,67.7771625,-0.32524060563236956,-2.0126423848789745
120.8,22.2,256.7233,SSP2-4.5,2081-2100,10.516999999999996,110.21480000000001,70.51470000000018,2.099800000000002,15.494799999999998,2.5930999999999997,60.6519,113.34389999999999,40.37973749999995,2.2127499999999993,13.790087499999998,2.94935,63.7860625,-0.32524060563236956,-1.9494466045091832
120.8,22.25,258.5786,SSP2-4.5,2081-2100,8.57710000000003,106.24029999999999,79.29610000000002,2.4487999999999985,15.125900000000001,3.522400000000001,56.2885,111.43403749999999,61.329037500000055,2.132775,14.6571,2.9969875,61.418025,-0.32524060563236956,-1.8862508241393918
120.8,22.3,280.0734,SSP2-4.5,2081-2100,0.5022999999999911,104.50469999999999,94.41840000000002,2.2432000000000016,15.887900000000002,3.2121000000000013,53.96730000000001,106.781375,82.24338750000004,2.1632875,14.229524999999999,3.153,56.8324625,-0.32524060563236956,-1.8230550437696005
120.8,22.35,315.6494,SSP2-4.5,2081-2100,-0.5276000000000067,102.08670000000001,113.4697000000001,2.2394,12.0276,2.9603,51.0308,100.283075,106.59131250000007,2.108700000000001,12.2616125,3.1493625,50.78365,-0.32524060563236956,-1.759859263399809
120.8,22.4,345.9948,SSP2-4.5,2081-2100,-4.7187000000000126,91.00569999999999,147.63600000000042,2.2120999999999995,8.303400000000003,3.180999999999999,42.6865,94.77715,144.00511250000005,2.3264125000000004,11.143737499999999,3.2450375000000005,46.04905,-0.32524060563236956,-1.696663483030022
120.8,22.45,333.4543,SSP2-4.5,2081-2100,-0.9250000000000114,88.05380000000001,202.93820000000005,2.514099999999999,10.267199999999995,3.417200000000001,40.8462,89.59909999999999,170.62836250000012,2.5181875000000002,10.31615,3.264225,42.3838875,-0.32524060563236956,-1.6334677026602307
120.8,22.5,323.4253,SSP2-4.5,2081-2100,2.1999999999999886,78.3286,207.47710000000006,2.5989000000000004,10.806899999999999,3.1328000000000014,36.4519,89.831525,184.2906375000001,2.5485750000000005,10.431237499999998,3.2730500000000005,42.88535,-0.32524060563236956,-1.570271922290439
120.8,22.55,332.3605,SSP2-4.5,2081-2100,4.630400000000009,89.62950000000001,180.51729999999998,2.1569000000000003,10.918999999999997,3.3621,42.9058,87.8250125,174.2785125,2.5048375000000003,10.439649999999999,3.000425,42.189675,-0.32524060563236956,-1.5070761419206478
120.8,22.6,358.4882,SSP2-4.5,2081-2100,18.00740000000002,97.36500000000001,168.46460000000025,2.4650999999999996,11.386199999999995,2.8931000000000004,47.1769,86.88485,153.11627499999986,2.3687750000000007,9.757974999999998,2.8077625,41.8300625,-0.32524060563236956,-1.4438803615508562
120.8,22.65,398.7711,SSP2-4.5,2081-2100,25.359100000000012,81.6009,155.58369999999968,2.4853999999999985,9.606900000000003,2.8483,39.7346,89.55425,133.53334999999987,2.399787499999999,9.115512499999998,2.5749874999999998,43.5427875,-0.32524060563236956,-1.3806845811810693
120.8,22.7,419.3707,SSP2-4.5,2081-2100,24.457299999999975,81.0113,120.51409999999987,2.5471999999999966,8.255199999999995,2.731,38.4192,93.928625,114.78428749999989,2.2601499999999994,7.638787499999999,2.5517250000000002,46.21585,-0.32524060563236956,-1.317488800811278
120.8,22.75,393.7862,SSP2-4.5,2081-2100,25.474099999999964,102.9196,80.42259999999987,2.017599999999998,6.7120999999999995,2.6293000000000006,50.5173,91.91628750000001,90.51347499999997,1.9560499999999994,6.840724999999999,2.5784374999999997,45.7067125,-0.32524060563236956,-1.2542930204414864
120.8,22.8,391.1317,SSP2-4.5,2081-2100,29.11759999999998,92.1645,51.90090000000009,1.4441999999999986,6.9724,2.767199999999999,47.3808,87.0282,57.73040000000003,1.5029749999999993,5.780812500000001,2.821975,41.9540625,-0.32524060563236956,-1.191097240071695
120.8,22.85,437.2961,SSP2-4.5,2081-2100,19.396500000000003,68.8682,40.1836000000003,1.0549999999999997,1.627600000000001,3.1740999999999993,30.001900000000003,83.0907875,13.375562500000001,0.9631750000000001,6.970012500000002,3.0581875,40.3663375,-0.32524060563236956,-1.1279014597019037
120.8,22.9,451.4754,SSP2-4.5,2081-2100,11.666200000000003,85.848,-15.253900000000158,0.45270000000000366,5.3172,3.2569,42.1365,80.332675,-34.291237499999966,0.6101249999999996,7.459025000000002,3.1542999999999997,37.8233125,-0.32524060563236956,-1.0647056793321166
120.8,22.95,394.1903,SSP2-4.5,2081-2100,-3.7280999999999835,78.68700000000001,-110.06840000000011,0.021100000000000563,8.324100000000001,3.2516999999999996,36.3404,83.536525,-78.6816,0.48438750000000086,8.111175000000001,2.75605,39.900225000000006,-0.32524060563236956,-1.0015098989623252
120.8,23.0,377.9689,SSP2-4.5,2081-2100,0.5371999999999844,76.8756,-139.80319999999983,0.48850000000000193,8.3448,2.2828,33.6365,84.53710000000001,-119.83047500000004,0.5000874999999998,8.509462500000001,2.3194,41.1499875,-0.32524060563236956,-0.9383141185925338
120.8,23.05,422.9678,SSP2-4.5,2081-2100,0.5695999999999799,100.05080000000001,-195.85890000000018,0.7011000000000003,8.1862,1.5914000000000001,53.423100000000005,83.4426,-142.96628749999996,0.7283749999999993,8.63405,1.8913875000000002,39.852375,-0.32524060563236956,-0.8751183382227424
120.8,23.1,456.3283,SSP2-4.5,2081-2100,-1.6958999999999946,86.6618,-236.46950000000015,1.0671,9.1845,0.7533999999999992,40.244200000000006,96.14865,-127.95367500000003,0.9423749999999997,8.740087500000001,1.8006500000000003,49.3826875,-0.32524060563236956,-0.811922557852951
120.8,23.15,421.4172,SSP2-4.5,2081-2100,7.218299999999999,109.51780000000001,-170.5852,1.1859000000000002,9.703400000000002,1.3602999999999987,58.949999999999996,101.8827125,-89.17737499999998,1.237075,8.184275,1.6185250000000002,52.376200000000004,-0.32524060563236956,-0.748726777483164
120.8,23.2,386.4121,SSP2-4.5,2081-2100,12.906900000000007,114.67829999999998,-35.292999999999665,1.7231999999999985,9.643100000000004,1.6068999999999996,61.2288,108.40135000000001,-49.4351125,1.4084875000000001,7.741162499999999,1.7446,57.0233375,-0.32524060563236956,-0.6855309971133726
120.8,23.25,363.5412,SSP2-4.5,2081-2100,14.790399999999977,114.0898,-16.360799999999927,1.7601999999999975,7.4465999999999966,1.944799999999999,59.996199999999995,109.9548,-32.92263749999995,1.5227125,7.692674999999999,1.6937374999999997,57.964675,-0.32524060563236956,-0.6223352167435812
120.8,23.3,350.1428,SSP2-4.5,2081-2100,15.617799999999988,110.76580000000001,-54.95829999999978,1.6247000000000007,7.6845,1.622399999999999,58.4712,112.62892500000001,-22.75697500000001,1.5820249999999993,6.883199999999999,1.7842624999999996,60.349050000000005,-0.32524060563236956,-0.5591394363737897
120.8,23.35,359.2459,SSP2-4.5,2081-2100,8.822400000000016,116.51240000000001,-18.474699999999757,1.6019000000000005,4.215499999999999,1.7637999999999998,65.8942,115.1099875,-19.37366250000008,1.5913124999999995,5.867474999999999,1.7907249999999995,62.718275,-0.32524060563236956,-0.4959436560039983
120.8,23.4,378.8655,SSP2-4.5,2081-2100,-0.2407999999999788,116.49170000000001,-8.83809999999994,1.5434000000000019,3.8344999999999985,1.5033999999999992,64.02879999999999,116.1089125,-7.425687500000038,1.5300124999999993,4.5472125000000005,1.7708999999999997,64.21947499999999,-0.32524060563236956,-0.43274787563421135
120.8,23.45,349.367,SSP2-4.5,2081-2100,3.220799999999997,118.3551,-15.340899999999692,1.330400000000001,3.1758999999999986,1.0776000000000003,65.7808,115.88457500000001,-6.254525000000058,1.3956999999999997,3.8401000000000005,1.9575374999999993,63.784125,-0.32524060563236956,-0.3695520952644199
120.8,23.5,415.8918,SSP2-4.5,2081-2100,14.033600000000035,111.4925,33.00779999999986,1.278299999999998,3.8689999999999998,2.408599999999998,60.8038,116.9844,-32.73332499999992,1.1891125000000007,3.67565,1.8398749999999995,64.32045000000001,-0.32524060563236956,-0.3063563148946285
120.8,23.55,403.9372,SSP2-4.5,2081-2100,15.085899999999981,109.10640000000001,-30.827899999999772,1.0877000000000017,5.510300000000001,2.0655,59.5962,117.8994625,-20.35861250000005,1.103825,3.1760874999999995,2.300449999999999,64.62548749999999,-0.32524060563236956,-0.24316053452483705
120.8,23.6,307.6143,SSP2-4.5,2081-2100,11.63639999999998,110.9513,22.10199999999986,1.2423000000000002,3.1240999999999985,2.6206999999999994,61.43849999999999,120.57225,-5.327787500000056,1.13335,3.1536625000000003,2.6340624999999998,65.73078749999999,-0.32524060563236956,-0.17996475415504562
120.8,23.65,246.432,SSP2-4.5,2081-2100,7.563700000000011,120.2074,71.3110999999999,1.256999999999998,1.6861999999999995,3.4482999999999997,66.55579999999999,120.79835,18.52599999999987,1.3033999999999994,2.5387875000000006,2.7706999999999997,64.6178,-0.32524060563236956,-0.11676897378525869
120.8,23.7,246.221,SSP2-4.5,2081-2100,7.31880000000001,120.90200000000002,-6.021700000000237,1.2703999999999986,2.4620999999999995,2.905199999999999,65.9827,122.6147,44.55726250000001,1.4227749999999992,1.8312374999999994,2.9851375,64.739675,-0.32524060563236956,-0.053573193415467256
120.8,23.75,219.1426,SSP2-4.5,2081-2100,13.394500000000022,126.25269999999999,44.96040000000016,1.4452999999999996,2.3758999999999943,2.5206999999999997,67.0846,120.7565375,47.75478749999999,1.5229249999999994,1.4226249999999991,2.9122874999999997,63.385825,-0.32524060563236956,0.009622586954324176
120.8,23.8,200.978,SSP2-4.5,2081-2100,5.367899999999992,117.4801,75.87570000000005,1.5591000000000008,2.3896999999999977,3.5740999999999996,61.961499999999994,121.765075,39.07993750000006,1.4407999999999999,1.4571124999999983,2.636425,64.619475,-0.32524060563236956,0.0728183673241156
120.8,23.85,204.2281,SSP2-4.5,2081-2100,4.6281999999999925,121.96610000000001,-5.594100000000026,1.3338999999999999,1.9413999999999945,2.6172000000000004,65.58460000000001,121.18684999999999,23.0693,1.3600250000000003,1.5993624999999998,2.2967625,64.9488,-0.32524060563236956,0.13601414769390704
120.8,23.9,212.8352,SSP2-4.5,2081-2100,11.475100000000026,124.7291,-75.66779999999994,1.0678000000000019,2.7361999999999966,1.9000000000000004,66.0731,122.9222,-3.5212000000000216,1.224675,0.8295374999999998,1.91185,67.5961625,-0.32524060563236956,0.19920992806369398
120.8,23.95,221.66,SSP2-4.5,2081-2100,9.08189999999999,125.84359999999998,-61.61350000000016,1.0115999999999978,0.27069999999999794,1.9482999999999997,70.38850000000001,123.76544999999999,-7.00448750000001,1.2827875000000004,0.3928875000000005,1.5620625,68.3961625,-0.32524060563236956,0.26240570843348543
120.8,24.0,207.341,SSP2-4.5,2081-2100,13.005799999999994,128.7002,-8.192000000000007,1.359300000000001,1.286200000000001,1.4568999999999992,71.9096,124.1506,-7.703862500000014,1.4266999999999994,0.7618500000000008,1.3256375,69.9488125,-0.32524060563236956,0.32560148880327683
120.8,24.05,221.4278,SSP2-4.5,2081-2100,17.572100000000006,123.67159999999998,-34.865299999999934,1.5654000000000003,3.6810000000000045,1.1809999999999992,70.1615,124.21248750000001,11.978524999999962,1.5305249999999995,1.315500000000002,1.1625,70.551675,-0.32524060563236956,0.3887972691730683
120.8,24.1,221.0414,SSP2-4.5,2081-2100,23.022399999999976,123.57440000000001,52.980800000000045,1.5853000000000002,-0.4965999999999937,1.232800000000001,70.0788,123.0946125,1.8894624999999792,1.5124249999999995,2.3834000000000017,1.0219625,70.821625,-0.32524060563236956,0.4519930495428597
120.8,24.15,223.0379,SSP2-4.5,2081-2100,22.300299999999993,123.2609,40.66080000000011,1.3853000000000009,-1.1706999999999965,1.2603000000000009,70.12689999999999,121.6294625,11.86746249999996,1.3500375000000004,2.3980500000000013,1.0200375000000004,70.3557625,-0.32524060563236956,0.5151888299126467
120.8,24.2,239.039,SSP2-4.5,2081-2100,7.535200000000003,120.44200000000001,-5.802099999999882,0.9363000000000028,4.337899999999998,0.753400000000001,68.7077,120.321025,23.980437499999965,1.2330125000000005,0.46702500000000047,0.99675,69.949525,-0.32524060563236956,0.578384610282438
120.8,24.25,249.2116,SSP2-4.5,2081-2100,-0.25569999999999027,117.53949999999999,55.33990000000017,1.157399999999999,-1.8706999999999994,0.9223999999999997,68.6538,118.54903750000001,33.32406249999994,1.1626750000000006,0.6943874999999995,0.6963375,69.4096375,-0.32524060563236956,0.6415803906522295
120.8,24.3,229.2985,SSP2-4.5,2081-2100,3.9253999999999962,116.34190000000001,51.300700000000006,1.253899999999998,1.9879000000000033,0.5792999999999999,69.7077,116.7899,58.886462499999965,1.3792625000000003,-0.4301750000000011,0.4793124999999998,68.7447125,-0.32524060563236956,0.704776171022021
120.8,24.35,222.7878,SSP2-4.5,2081-2100,14.340199999999982,116.1874,75.88779999999997,1.7837999999999994,0.6206999999999994,0.23789999999999978,69.1519,115.53865,65.01011249999999,1.5638999999999998,1.4618499999999992,0.40151249999999994,68.23270000000001,-0.32524060563236956,0.7679719513918124
120.8,24.4,232.9193,SSP2-4.5,2081-2100,17.72550000000001,114.81609999999998,70.46139999999991,1.7482000000000006,1.3344999999999985,0.19309999999999938,67.5135,113.84541250000001,71.483,1.7055124999999998,2.8877124999999992,0.3862000000000001,66.8521625,-0.32524060563236956,0.8311677317615993
120.8,24.45,204.9742,SSP2-4.5,2081-2100,11.787900000000008,110.13459999999999,73.51769999999988,1.6742999999999988,3.418999999999997,0.4569000000000001,63.6365,111.97075000000001,70.99546250000003,1.6791374999999997,3.1842499999999996,0.28405000000000014,65.524775,-0.32524060563236956,0.8943635121313908
120.8,24.5,151.3938,SSP2-4.5,2081-2100,12.248700000000014,107.243,100.80989999999997,1.9372999999999987,1.6533999999999978,-0.001700000000000479,62.8346,109.664125,64.45255,1.4261624999999998,3.402149999999999,0.16401250000000012,64.1430375,-0.32524060563236956,0.9575592925011822
120.8,24.55,150.1773,SSP2-4.5,2081-2100,10.554000000000002,107.4957,85.20079999999984,1.223700000000001,0.6913999999999945,0.13619999999999965,63.8731,108.7029125,56.14176250000003,1.3456749999999993,3.3396375000000003,-0.1349125,63.725725,-0.32524060563236956,1.0207550728709736
120.8,24.6,168.016,SSP2-4.5,2081-2100,0.49680000000000746,109.2043,49.76379999999995,1.1313999999999993,4.137900000000002,-0.8759000000000006,63.61150000000001,107.933675,56.68060000000003,1.225112499999999,2.7004249999999983,-0.023499999999999965,63.84545,-0.32524060563236956,1.0839508532407651
120.8,24.65,152.9264,SSP2-4.5,2081-2100,5.662599999999998,107.678,73.6668000000002,1.2524999999999977,-0.012100000000003774,-0.03449999999999953,63.8173,107.4968375,51.31006249999999,1.2015624999999992,3.0493499999999996,-0.05173749999999999,63.661075,-0.32524060563236956,1.147146633610552
120.85,21.9,269.1639,SSP2-4.5,2081-2100,-29.7568,132.4053,-70.58709999999996,0.8359999999999985,18.85,3.4292999999999996,72.7365,129.62948749999998,-56.42003750000001,0.7891249999999999,18.0745625,3.2911625000000004,73.98775,-0.21954676555114824,-2.3286212867279272
120.85,21.95,276.0158,SSP2-4.5,2081-2100,-33.765600000000006,130.993,-113.11580000000004,0.9375999999999998,18.663800000000002,3.4138,73.46730000000001,129.4153875,-64.5386125,0.8679749999999995,17.5769375,3.3209000000000004,74.089675,-0.21954676555114824,-2.265425506358136
120.85,22.0,274.2275,SSP2-4.5,2081-2100,-32.20460000000003,128.744,-117.00860000000011,1.0655000000000001,17.5552,3.6724000000000014,74.5712,128.772175,-66.52350000000001,1.0075999999999996,17.2827625,3.1819,74.45915000000001,-0.21954676555114824,-2.2022297259883445
120.85,22.05,274.0325,SSP2-4.5,2081-2100,-24.804400000000015,125.37109999999998,-144.09130000000005,1.4088999999999992,12.7776,2.970700000000001,74.3231,126.969225,-75.66966250000004,1.3865625000000001,16.9071125,3.1157375000000003,74.4041,-0.21954676555114824,-2.139033945618553
120.85,22.1,267.8106,SSP2-4.5,2081-2100,-3.283800000000042,124.94489999999999,-137.61160000000018,1.9305999999999983,13.168999999999997,3.0259,74.225,123.94558749999999,-59.71976250000009,1.7387875,15.099562500000001,2.8890125,72.7754875,-0.21954676555114824,-2.0758381652487614
120.85,22.15,245.2124,SSP2-4.5,2081-2100,10.094400000000007,117.6523,-51.5943000000002,2.2269999999999968,13.708599999999997,3.239700000000001,68.9154,120.76235,-40.08105000000006,2.0102250000000006,14.613349999999999,2.9530250000000002,69.77476250000001,-0.21954676555114824,-2.0126423848789745
120.85,22.2,286.3185,SSP2-4.5,2081-2100,4.744700000000023,111.29399999999998,-23.519999999999982,2.122399999999999,12.136199999999999,3.6483000000000008,64.1808,117.0264,-1.495800000000088,2.2332875000000003,14.479087499999999,3.017875,66.1327,-0.21954676555114824,-1.9494466045091832
120.85,22.25,275.7984,SSP2-4.5,2081-2100,8.084799999999973,111.13210000000001,9.356200000000172,2.5601999999999983,14.627600000000001,3.753399999999999,63.355799999999995,114.1659625,24.911675000000002,2.163775000000001,14.6079625,3.1099250000000005,62.781737500000006,-0.21954676555114824,-1.8862508241393918
120.85,22.3,270.1267,SSP2-4.5,2081-2100,4.908199999999965,116.19990000000001,45.51680000000033,2.1549000000000014,13.624099999999999,3.3552,65.0423,111.4662625,55.58868749999999,2.0546000000000006,14.086850000000002,3.2769250000000003,59.9745375,-0.21954676555114824,-1.8230550437696005
120.85,22.35,289.6063,SSP2-4.5,2081-2100,1.143100000000004,109.59290000000001,94.65509999999995,1.9307000000000016,12.624099999999999,3.4240999999999993,59.9404,107.440375,83.13923750000009,1.9250500000000006,12.976275,3.2812625000000004,55.873075,-0.21954676555114824,-1.759859263399809
120.85,22.4,297.7591,SSP2-4.5,2081-2100,-2.2883999999999673,100.25710000000001,132.08640000000014,2.3004,11.8155,3.519,50.199999999999996,102.13976250000002,117.14277500000014,2.0042874999999998,12.139425,3.37045,51.9915875,-0.21954676555114824,-1.696663483030022
120.85,22.45,293.1296,SSP2-4.5,2081-2100,-2.188600000000008,98.40960000000001,177.83430000000044,2.863599999999998,12.858599999999996,3.437900000000001,49.6923,95.5296875,135.49887500000008,2.2216124999999995,12.352787499999998,3.2780125000000004,47.06465,-0.21954676555114824,-1.6334677026602307
120.85,22.5,279.1767,SSP2-4.5,2081-2100,-0.8303999999999974,96.84570000000002,168.6051,2.589199999999998,13.7241,3.1034000000000006,47.4731,94.2204375,138.0098875000001,2.251,12.802362499999997,3.1672375000000006,46.170187500000004,-0.21954676555114824,-1.570271922290439
120.85,22.55,288.674,SSP2-4.5,2081-2100,-4.883699999999976,97.55409999999998,130.46680000000015,2.2856000000000023,14.0379,2.8948,46.8942,95.8957125,124.66370000000003,2.1311125,12.164224999999998,2.9810375000000002,46.91298750000001,-0.21954676555114824,-1.5070761419206478
120.85,22.6,319.2749,SSP2-4.5,2081-2100,-5.342300000000023,100.05620000000002,114.05829999999969,2.1050000000000004,12.5259,2.8362,48.5135,95.6669125,92.91615000000007,1.9632250000000009,10.893749999999999,2.8469875,46.3915875,-0.21954676555114824,-1.4438803615508562
120.85,22.65,354.9169,SSP2-4.5,2081-2100,-4.043299999999988,90.9259,79.2527,1.816200000000002,9.743099999999998,2.7516999999999996,41.3981,92.73015000000001,62.993712500000015,1.9158,9.65625,2.7715500000000004,45.583650000000006,-0.21954676555114824,-1.3806845811810693
120.85,22.7,364.6054,SSP2-4.5,2081-2100,-1.8968999999999596,85.2312,34.334899999999834,1.4986999999999995,9.746499999999997,2.9086,42.1115,88.848175,39.2874875,1.7606249999999997,8.48665,2.6709,43.382925,-0.21954676555114824,-1.317488800811278
120.85,22.75,340.672,SSP2-4.5,2081-2100,5.764499999999998,89.8726,7.097700000000259,1.2439,7.975899999999996,2.7362,45.903800000000004,84.793675,24.411162499999932,1.5002624999999994,8.4127125,2.6295124999999997,41.38485,-0.21954676555114824,-1.2542930204414864
120.85,22.8,329.8324,SSP2-4.5,2081-2100,9.85039999999998,86.9209,-1.2835000000000036,0.9549000000000021,7.263800000000003,2.6552000000000007,42.4019,80.80105,19.32067500000005,1.3189624999999991,7.9403125,2.6180874999999997,38.5048,-0.21954676555114824,-1.191097240071695
120.85,22.85,336.1172,SSP2-4.5,2081-2100,11.014899999999955,67.4609,0.6528000000002976,0.9795999999999978,8.303400000000003,3.0016999999999996,29.634600000000002,77.76115,14.8676375,1.0792875000000008,7.833400000000002,2.6202625,36.3113,-0.21954676555114824,-1.1279014597019037
120.85,22.9,320.1834,SSP2-4.5,2081-2100,8.155599999999993,61.034,11.272699999999986,0.7058,7.653400000000005,2.662099999999999,25.488500000000002,76.800825,6.557337500000017,0.9845250000000001,7.9243500000000004,2.5515,35.0627375,-0.21954676555114824,-1.0647056793321166
120.85,22.95,269.1855,SSP2-4.5,2081-2100,-5.751199999999983,67.4235,-1.7287000000001171,0.5562000000000005,8.229300000000002,1.7362000000000002,27.0308,74.21809999999999,-2.508350000000007,0.9605375000000005,8.3704625,2.3450499999999996,33.0548,-0.21954676555114824,-1.0015098989623252
120.85,23.0,259.6237,SSP2-4.5,2081-2100,-7.312099999999987,58.706199999999995,-25.09349999999995,0.5479999999999983,7.024099999999997,1.6966,22.7192,72.9410625,-27.076775000000026,1.0323374999999997,8.931899999999999,1.9508625,32.353125000000006,-0.21954676555114824,-0.9383141185925338
120.85,23.05,309.4019,SSP2-4.5,2081-2100,-0.10239999999998872,53.7607,-87.53690000000006,0.6196999999999981,9.584499999999998,1.6483000000000008,19.651899999999998,72.6534125,-57.51268749999994,1.1580624999999998,8.4814625,1.5267249999999997,31.905275000000003,-0.21954676555114824,-0.8751183382227424
120.85,23.1,386.2774,SSP2-4.5,2081-2100,9.260800000000017,73.58099999999999,-150.52149999999983,0.6615000000000002,8.4621,1.3224,31.178800000000003,81.8547375,-76.67207499999998,1.1813624999999996,8.168737499999999,1.3896499999999998,38.924275,-0.21954676555114824,-0.811922557852951
120.85,23.15,410.2421,SSP2-4.5,2081-2100,10.395899999999983,96.5898,-128.13790000000017,0.7246000000000024,6.872399999999999,1.4621000000000013,47.4346,93.39089999999999,-74.17673749999989,1.2316624999999997,7.4023625,1.2751874999999995,46.095175000000005,-0.21954676555114824,-0.748726777483164
120.85,23.2,392.642,SSP2-4.5,2081-2100,9.037800000000004,104.20960000000001,-87.61770000000024,0.883300000000002,5.4809999999999945,1.4033999999999995,53.01349999999999,104.95604999999999,-59.45577499999996,1.1578374999999999,7.0446124999999995,1.6670249999999998,54.239425,-0.21954676555114824,-0.6855309971133726
120.85,23.25,389.0688,SSP2-4.5,2081-2100,9.993299999999977,112.0772,-45.52570000000014,0.934700000000003,7.506900000000002,2.0897000000000006,57.8558,108.015375,-52.38556249999999,1.1975749999999996,6.442249999999998,1.7820999999999994,56.1327125,-0.21954676555114824,-0.6223352167435812
120.85,23.3,367.6713,SSP2-4.5,2081-2100,12.281800000000032,109.942,-78.07180000000017,1.2423000000000002,7.763799999999996,1.8085999999999984,57.4385,110.4433875,-34.796425,1.2331624999999997,5.955187499999999,1.9243624999999995,57.9901625,-0.21954676555114824,-0.5591394363737897
120.85,23.35,360.5144,SSP2-4.5,2081-2100,9.405899999999974,109.4203,-31.921100000000024,1.4612999999999978,6.475900000000003,1.8775999999999993,57.065400000000004,112.0034125,-19.183962500000007,1.4063499999999998,5.18385,1.7297249999999995,59.7802875,-0.21954676555114824,-0.4959436560039983
120.85,23.4,364.9905,SSP2-4.5,2081-2100,3.949799999999982,120.73739999999998,-10.69230000000016,1.5880999999999972,3.862099999999998,2.0448000000000004,67.0615,111.9640375,-4.680999999999926,1.4166624999999997,4.645925000000001,1.5633499999999996,59.8850875,-0.21954676555114824,-0.43274787563421135
120.85,23.45,354.3272,SSP2-4.5,2081-2100,2.560600000000022,114.203,-9.808500000000095,1.1949000000000005,4.719000000000001,1.7809999999999988,61.126900000000006,113.2344875,-5.132274999999936,1.3563624999999995,4.263162500000001,1.6575374999999997,60.7668125,-0.21954676555114824,-0.3695520952644199
120.85,23.5,342.8322,SSP2-4.5,2081-2100,9.552900000000022,116.5376,-34.584499999999935,1.0436000000000014,4.7276000000000025,2.0328,62.6577,114.686125,-20.12461249999984,1.1558374999999996,4.846987500000001,1.7021499999999996,62.025000000000006,-0.21954676555114824,-0.3063563148946285
120.85,23.55,318.4764,SSP2-4.5,2081-2100,4.96629999999999,122.18520000000001,-76.05389999999989,0.9680999999999997,5.955199999999998,1.7913999999999994,68.1327,116.0531875,-10.862637499999948,1.0940750000000001,4.957962500000001,2.0064624999999996,62.970200000000006,-0.21954676555114824,-0.24316053452483705
120.85,23.6,262.9637,SSP2-4.5,2081-2100,3.3442000000000007,121.0275,-5.898400000000038,1.2178000000000004,5.491399999999999,1.9568999999999992,66.6731,120.8605125,0.9209250000000395,1.1041124999999998,4.7189499999999995,2.416375,66.18198749999999,-0.21954676555114824,-0.17996475415504562
120.85,23.65,233.8112,SSP2-4.5,2081-2100,-0.6614000000000146,125.9332,19.172300000000178,1.2669999999999995,3.7224000000000004,2.5793,67.825,121.83365,18.59719999999993,1.1979124999999997,3.9325374999999987,2.6062499999999997,66.3579375,-0.21954676555114824,-0.11676897378525869
120.85,23.7,232.6723,SSP2-4.5,2081-2100,-1.8550000000000182,121.81179999999999,8.979199999999992,1.2871999999999986,2.4448000000000008,2.4000000000000004,61.842299999999994,124.87005,21.086550000000017,1.2189499999999995,3.280824999999999,2.7469874999999995,68.09975,-0.21954676555114824,-0.053573193415467256
120.85,23.75,216.9823,SSP2-4.5,2081-2100,-2.324200000000019,124.84289999999999,8.031300000000101,1.1219000000000001,0.4224000000000032,2.5551999999999992,66.13459999999999,122.3404125,19.43346250000002,1.2766000000000002,3.256037499999999,2.4318874999999998,65.68267499999999,-0.21954676555114824,0.009622586954324176
120.85,23.8,214.1326,SSP2-4.5,2081-2100,4.758499999999998,119.97009999999999,22.18529999999987,1.4036000000000008,2.3085999999999984,1.4878999999999998,62.9731,122.9148625,6.466100000000097,1.1468500000000001,3.1954874999999996,2.4435374999999997,66.394925,-0.21954676555114824,0.0728183673241156
120.85,23.85,223.7883,SSP2-4.5,2081-2100,17.51940000000002,126.6555,-20.34199999999987,1.0149000000000008,4.925899999999999,2.082799999999999,70.1769,120.0606,4.931725,1.1417375,2.5431124999999994,2.008825,64.8942125,-0.21954676555114824,0.13601414769390704
120.85,23.9,218.0876,SSP2-4.5,2081-2100,26.221299999999985,121.4436,-8.77780000000007,0.8356999999999992,1.8483000000000018,1.8206999999999987,68.5019,121.299725,-16.540587500000015,1.0603499999999992,2.1502374999999994,1.7155125000000002,66.96802500000001,-0.21954676555114824,0.19920992806369398
120.85,23.95,241.0315,SSP2-4.5,2081-2100,19.68270000000001,122.33439999999999,-29.05060000000003,1.0258000000000003,2.1052000000000035,1.3379000000000012,70.2385,121.38255000000001,-7.457475000000045,1.1281124999999994,1.8782374999999991,1.348925,67.2581625,-0.21954676555114824,0.26240570843348543
120.85,24.0,223.3904,SSP2-4.5,2081-2100,20.34710000000001,120.23679999999999,-5.59089999999992,1.3782999999999994,3.5,1.5206999999999997,66.8365,122.540525,-12.893437500000033,1.1863999999999995,2.7627125,0.9752125,69.0351,-0.21954676555114824,0.32560148880327683
120.85,24.05,219.5046,SSP2-4.5,2081-2100,25.781199999999984,124.997,-6.95010000000002,1.5954999999999977,5.744799999999998,0.4878999999999998,71.76350000000001,121.9573375,2.083962499999984,1.346625,3.4859750000000025,1.039675,69.1204125,-0.21954676555114824,0.3887972691730683
120.85,24.1,219.5583,SSP2-4.5,2081-2100,30.1798,119.4806,16.624699999999848,1.6058999999999983,5.837900000000005,1.2759,70.9769,122.126125,3.849500000000006,1.443425,3.2077500000000025,1.0823250000000002,69.49470000000001,-0.21954676555114824,0.4519930495428597
120.85,24.15,242.29,SSP2-4.5,2081-2100,31.118300000000005,120.0782,2.476599999999962,1.6232000000000006,3.9465999999999966,1.7810000000000006,69.0173,120.0272,23.28826250000003,1.4031375000000006,2.792012500000003,1.2187625000000004,68.5276375,-0.21954676555114824,0.5151888299126467
120.85,24.2,229.9375,SSP2-4.5,2081-2100,19.4255,118.7784,16.423299999999927,1.299000000000003,2.3293000000000035,2.055200000000001,67.5635,118.6575125,24.315100000000115,1.3285375000000008,1.4700375,1.2568750000000004,67.5927875,-0.21954676555114824,0.578384610282438
120.85,24.25,226.4111,SSP2-4.5,2081-2100,12.551099999999991,117.8972,2.9214999999999236,1.2417000000000016,0.5947999999999993,1.4672,67.89620000000001,116.93742499999999,35.26813750000011,1.3114000000000003,0.8228375000000003,1.0293125000000003,67.24015,-0.21954676555114824,0.6415803906522295
120.85,24.3,224.8746,SSP2-4.5,2081-2100,6.707000000000022,115.59120000000001,45.81310000000008,1.4314999999999998,-1.3171999999999997,0.6396999999999995,67.7173,115.92065,38.408562500000016,1.4671874999999996,0.11830000000000052,0.8950250000000002,67.40888749999999,-0.21954676555114824,0.704776171022021
120.85,24.35,234.397,SSP2-4.5,2081-2100,13.766400000000004,114.03059999999999,54.34999999999991,1.6618999999999993,0.3586000000000027,0.4482999999999997,68.06150000000001,114.91139999999999,40.48143749999997,1.5793749999999993,1.0155124999999998,0.7068875000000001,67.176675,-0.21954676555114824,0.7679719513918124
120.85,24.4,232.7173,SSP2-4.5,2081-2100,18.993799999999993,114.3083,49.47000000000003,1.7149999999999999,2.2361999999999966,0.9862000000000002,67.4,113.14465,52.44852499999993,1.6217124999999992,2.1763000000000003,0.5825375,66.0007125,-0.21954676555114824,0.8311677317615993
120.85,24.45,199.7521,SSP2-4.5,2081-2100,30.269999999999982,112.68890000000002,76.63580000000002,1.5455000000000005,2.856900000000003,0.4983000000000004,65.4885,111.45621249999999,50.47029999999998,1.5907749999999992,3.140512499999999,0.5407250000000001,64.96057499999999,-0.21954676555114824,0.8943635121313908
120.85,24.5,193.6135,SSP2-4.5,2081-2100,11.309899999999999,110.5205,52.36270000000013,1.3275000000000006,3.2310000000000016,0.279300000000001,63.721199999999996,109.264125,52.14207499999995,1.4216499999999994,3.3215499999999984,0.1943999999999998,64.15745000000001,-0.21954676555114824,0.9575592925011822
120.85,24.55,175.2682,SSP2-4.5,2081-2100,9.231799999999993,106.3909,36.74530000000004,1.0582999999999991,4.094799999999999,-0.14140000000000086,63.825,108.1917625,36.58058749999998,1.2866749999999996,3.2139875,-0.1584125000000003,63.7435125,-0.21954676555114824,1.0207550728709736
120.85,24.6,177.8317,SSP2-4.5,2081-2100,-1.1747000000000014,106.8398,29.24260000000004,1.2112999999999978,3.9569000000000045,-0.4828000000000001,64.0308,106.92248749999999,32.85273750000002,1.1486499999999995,3.0506249999999984,-0.23600000000000043,63.6329375,-0.21954676555114824,1.0839508532407651
120.85,24.65,172.7335,SSP2-4.5,2081-2100,-2.8734999999999786,105.428,47.1268,1.3186999999999998,5.172399999999996,-0.26900000000000013,63.6,107.0715625,38.23973750000005,1.1513999999999989,2.9881375000000014,-0.19828750000000006,63.4315,-0.21954676555114824,1.147146633610552
120.85,24.7,147.7511,SSP2-4.5,2081-2100,3.613100000000003,105.8286,63.60839999999985,1.1111000000000004,4.334500000000006,0.29830000000000023,62.9,107.8289875,44.51183750000007,1.0755374999999987,2.802574999999999,-0.2263124999999998,64.33895,-0.21954676555114824,1.2103424139803434
120.9,22.0,253.4294,SSP2-4.5,2081-2100,-24.35389999999998,130.6585,-77.8103000000001,1.2525000000000013,19.537900000000004,3.1707,75.4173,128.5593625,-97.61922500000006,1.250025,16.756475000000002,3.2025875000000004,74.38390000000001,-0.11385292546989689,-2.2022297259883445
120.9,22.05,241.9081,SSP2-4.5,2081-2100,-14.352499999999992,130.27599999999998,-75.04469999999992,1.3666000000000018,16.6276,2.7810000000000006,76.7519,125.87481249999999,-90.73960000000014,1.5718124999999996,15.720474999999999,3.0534625,73.7057875,-0.11385292546989689,-2.139033945618553
120.9,22.1,234.1006,SSP2-4.5,2081-2100,1.0454000000000008,127.55969999999999,-75.41600000000017,1.6594000000000015,17.35,2.9397,74.42500000000001,125.4685875,-83.60041250000006,1.7701500000000001,15.243524999999998,2.9978500000000006,73.2598625,-0.11385292546989689,-2.0758381652487614
120.9,22.15,234.4953,SSP2-4.5,2081-2100,7.340600000000023,128.0763,-85.26000000000022,1.932100000000002,15.744799999999998,2.6103000000000005,74.2481,121.8277875,-49.68321250000014,1.9880500000000003,14.265299999999998,3.0073375,70.5125,-0.11385292546989689,-2.0126423848789745
120.9,22.2,248.2464,SSP2-4.5,2081-2100,0.8134000000000015,125.37150000000001,-60.128400000000056,2.1197000000000017,14.344799999999996,3.0344999999999995,70.44810000000001,118.17896250000001,-20.34045000000009,2.0902875000000005,14.914,3.0372875000000006,67.1815,-0.11385292546989689,-1.9494466045091832
120.9,22.25,245.4047,SSP2-4.5,2081-2100,4.2605000000000075,120.2844,-2.1863000000003012,2.184700000000003,14.1569,2.7672000000000008,66.8846,117.02538750000001,2.62012500000003,2.0209875000000004,14.231024999999999,3.3125,65.23656249999999,-0.11385292546989689,-1.8862508241393918
120.9,22.3,252.972,SSP2-4.5,2081-2100,0.36310000000000286,119.2181,-4.617900000000191,1.9367000000000019,16.0931,2.746600000000001,64.79039999999999,114.1670375,39.7795375,1.938387500000001,13.915499999999998,3.3528000000000002,62.363225,-0.11385292546989689,-1.8230550437696005
120.9,22.35,261.906,SSP2-4.5,2081-2100,6.467499999999973,118.67090000000002,60.31820000000016,0.8931000000000004,12.151700000000002,3.8293,63.53849999999999,109.6172,64.9018125,2.016012500000001,13.653012499999999,3.1857750000000005,58.2608125,-0.11385292546989689,-1.759859263399809
120.9,22.4,260.687,SSP2-4.5,2081-2100,-0.2640999999999849,107.57990000000001,76.28629999999976,1.4206000000000003,13.906899999999997,3.4466,55.72880000000001,107.6652875,78.8007750000001,1.9107250000000002,13.438787499999998,3.2831875000000004,55.9052875,-0.11385292546989689,-1.696663483030022
120.9,22.45,272.293,SSP2-4.5,2081-2100,-2.1534000000000333,101.71859999999998,64.00440000000026,1.9606999999999992,14.9759,3.2672,52.4692,104.87648750000001,93.46056250000007,1.8619499999999998,13.010987499999999,3.30065,53.2127375,-0.11385292546989689,-1.6334677026602307
120.9,22.5,250.163,SSP2-4.5,2081-2100,4.984899999999982,100.44810000000001,84.95749999999998,2.1769,15.022399999999998,3.1569000000000003,50.661500000000004,102.0778625,85.2169875000001,1.8809125,13.225424999999998,2.971325,51.0413375,-0.11385292546989689,-1.570271922290439
120.9,22.55,262.9983,SSP2-4.5,2081-2100,-4.943299999999965,99.62120000000002,55.88349999999991,1.4512999999999998,13.530999999999999,2.6690000000000005,49.4404,102.0856125,72.01422500000004,1.7996000000000003,12.461199999999998,2.9374875,50.8865375,-0.11385292546989689,-1.5070761419206478
120.9,22.6,319.0565,SSP2-4.5,2081-2100,-16.78570000000002,104.8714,17.346200000000408,1.5056000000000012,9.398299999999999,2.6948000000000008,52.680800000000005,101.06061249999999,35.84018750000001,1.5514500000000009,10.979724999999998,2.8633625,49.437974999999994,-0.11385292546989689,-1.4438803615508562
120.9,22.65,370.8145,SSP2-4.5,2081-2100,-19.796100000000024,103.76729999999998,-44.185599999999795,1.5397000000000034,8.5276,2.6621000000000006,50.901900000000005,97.82532499999999,6.412537500000042,1.38105,9.04525,2.94935,47.9848625,-0.11385292546989689,-1.3806845811810693
120.9,22.7,378.5575,SSP2-4.5,2081-2100,-21.671899999999994,87.93789999999998,-62.166499999999814,1.1797000000000004,7.8034,2.5983,45.1308,93.9029875,-11.404662499999972,1.3290250000000001,8.193974999999998,2.8262875,45.867287499999996,-0.11385292546989689,-1.317488800811278
120.9,22.75,333.0307,SSP2-4.5,2081-2100,-12.342200000000048,72.7499,-22.2188000000001,1.2552999999999983,9.268999999999998,2.4102999999999994,35.0577,87.8253,-10.067487499999999,1.2825875000000004,8.228662499999999,2.6855624999999996,42.831475,-0.11385292546989689,-1.2542930204414864
120.9,22.8,290.6291,SSP2-4.5,2081-2100,-5.736199999999997,69.4141,-6.214400000000296,1.1045000000000016,11.279300000000006,2.3362,30.0596,85.8353375,0.9165375000000608,1.4271499999999997,8.8312625,2.4825375,41.4843625,-0.11385292546989689,-1.191097240071695
120.9,22.85,268.2432,SSP2-4.5,2081-2100,-1.8188000000000102,82.95859999999999,2.7409999999999854,1.4515999999999991,11.382799999999996,1.8896999999999995,39.4827,80.214675,20.69496250000003,1.5086750000000007,9.357750000000003,2.43405,37.090387500000006,-0.11385292546989689,-1.1279014597019037
120.9,22.9,250.9295,SSP2-4.5,2081-2100,-5.4976999999999805,74.8809,35.5947000000001,1.465600000000002,11.170700000000004,2.220700000000001,33.5385,79.2549375,55.28943750000002,1.7424499999999994,9.1101375,2.1372875000000002,35.9363,-0.11385292546989689,-1.0647056793321166
120.9,22.95,233.7078,SSP2-4.5,2081-2100,-4.980400000000003,88.27949999999998,100.33759999999984,1.8943999999999974,9.039699999999996,1.8810000000000002,42.3365,67.9264,88.42308750000004,1.8765875000000003,8.9668125,1.9659625,28.544725,-0.11385292546989689,-1.0015098989623252
120.9,23.0,235.3136,SSP2-4.5,2081-2100,-2.5948999999999955,69.43360000000001,122.94720000000007,2.1082,10.0897,1.5085999999999995,28.2423,60.7196,96.14873750000004,1.9014999999999995,8.619399999999999,1.7864375000000001,24.1786125,-0.11385292546989689,-0.9383141185925338
120.9,23.05,255.1994,SSP2-4.5,2081-2100,8.729299999999995,49.017799999999994,95.09710000000018,1.8694999999999986,9.6569,1.7068999999999992,18.1635,62.947725000000005,71.84860000000012,1.8021749999999996,8.181674999999998,1.6765124999999999,25.02115,-0.11385292546989689,-0.8751183382227424
120.9,23.1,298.448,SSP2-4.5,2081-2100,17.519100000000037,66.9005,69.60080000000016,1.8205999999999989,6.903399999999998,1.3516999999999992,27.634600000000002,73.0655125,35.67087500000014,1.5589,7.252799999999999,1.5724125,32.046400000000006,-0.11385292546989689,-0.811922557852951
120.9,23.15,343.7647,SSP2-4.5,2081-2100,16.86809999999997,92.33869999999999,40.513900000000376,1.4623999999999988,5.258600000000001,1.2431,45.892300000000006,88.31197499999999,10.177650000000057,1.3919625,5.895899999999998,1.5407125,41.5704375,-0.11385292546989689,-0.748726777483164
120.9,23.2,362.8426,SSP2-4.5,2081-2100,6.42410000000001,99.23949999999999,-23.041699999999764,1.0492999999999988,4.582799999999999,1.1602999999999994,50.6192,100.04820000000001,-1.5038500000001136,1.2143500000000005,5.627574999999998,1.704525,50.27045,-0.11385292546989689,-0.6855309971133726
120.9,23.25,397.2404,SSP2-4.5,2081-2100,3.1000999999999976,101.1173,-97.2158000000004,0.42239999999999966,5.343099999999996,2.4689999999999994,51.938500000000005,106.08235,-1.5563500000001227,1.2295625000000001,5.170899999999998,1.7823249999999997,54.1062625,-0.11385292546989689,-0.6223352167435812
120.9,23.3,385.0652,SSP2-4.5,2081-2100,13.80419999999998,110.0807,-26.52539999999999,0.8751999999999995,3.5930999999999997,2.2414000000000005,56.3558,106.8442375,-5.695837500000152,1.2044999999999995,5.606687499999999,1.8771624999999994,55.1110625,-0.11385292546989689,-0.5591394363737897
120.9,23.35,351.4799,SSP2-4.5,2081-2100,13.118200000000002,109.4836,12.610400000000027,1.184899999999999,5.3759000000000015,1.3861999999999988,56.3442,107.75252499999999,4.916662499999916,1.3103374999999988,4.9146624999999995,1.9861999999999997,56.064425,-0.11385292546989689,-0.4959436560039983
120.9,23.4,338.5996,SSP2-4.5,2081-2100,15.121199999999988,102.0137,31.478499999999713,1.5902999999999992,5.141400000000004,1.4672,52.6481,105.17928749999999,12.366112500000042,1.2622124999999986,4.700875,1.9096874999999998,55.496375,-0.11385292546989689,-0.43274787563421135
120.9,23.45,336.646,SSP2-4.5,2081-2100,12.434399999999982,109.23250000000002,2.846400000000358,1.426199999999998,4.229300000000002,1.6500000000000004,56.1923,105.22308749999999,12.842424999999992,1.1849624999999997,4.156250000000001,1.8661624999999997,56.0519125,-0.11385292546989689,-0.3695520952644199
120.9,23.5,305.2153,SSP2-4.5,2081-2100,7.5867999999999824,111.0154,-38.93509999999969,1.0505999999999993,5.265500000000003,1.075899999999999,56.96150000000001,109.90643750000001,0.7587750000001279,1.0584375000000001,4.232325,1.9816874999999998,59.151925000000006,-0.11385292546989689,-0.3063563148946285
120.9,23.55,255.8611,SSP2-4.5,2081-2100,4.562500000000028,121.8989,-25.884799999999814,0.910499999999999,6.051700000000004,1.7672000000000008,67.6058,114.00315,-9.441612499999906,1.0118500000000008,4.6866375,1.9588499999999995,60.83630000000001,-0.11385292546989689,-0.24316053452483705
120.9,23.6,253.6143,SSP2-4.5,2081-2100,-4.00109999999998,126.39590000000001,-5.880200000000059,0.9218000000000011,5.6240999999999985,2.1241000000000003,68.025,118.19865,-4.382524999999902,1.0790625,5.032112499999999,2.1849125,63.49495,-0.11385292546989689,-0.17996475415504562
120.9,23.65,254.9225,SSP2-4.5,2081-2100,-2.5430000000000064,130.2058,33.42879999999991,1.1784999999999997,6.077599999999997,2.9345,70.27690000000001,115.8890375,8.871612500000055,1.1944875000000001,4.2864125,2.1202375,61.875474999999994,-0.11385292546989689,-0.11676897378525869
120.9,23.7,251.597,SSP2-4.5,2081-2100,-6.868500000000012,123.1675,30.756800000000112,1.2083000000000013,4.549999999999997,2.4603,70.06920000000001,120.7377875,6.498562500000048,1.2023124999999997,3.7219750000000005,2.2586125,64.56993750000001,-0.11385292546989689,-0.053573193415467256
120.9,23.75,241.5842,SSP2-4.5,2081-2100,-3.9543000000000177,127.44890000000001,-32.94659999999999,1.0031999999999996,4.950000000000003,2.5724,70.8692,120.844675,4.859675000000067,1.1724000000000006,3.4624875,1.9700375,64.9612875,-0.11385292546989689,0.009622586954324176
120.9,23.8,228.4438,SSP2-4.5,2081-2100,6.232100000000003,121.6902,11.678600000000188,1.035700000000002,4.5672,1.5344999999999995,64.6788,124.5460125,-26.699862499999995,0.9597250000000002,4.003662500000001,1.8890125,68.2718625,-0.11385292546989689,0.0728183673241156
120.9,23.85,228.7538,SSP2-4.5,2081-2100,23.364499999999992,116.9825,-29.934499999999844,0.6607999999999983,3.991400000000006,2.0914,64.6692,122.13345000000001,-17.524725000000018,0.960175,3.6127124999999998,1.4928874999999997,66.94493750000001,-0.11385292546989689,0.13601414769390704
120.9,23.9,212.2855,SSP2-4.5,2081-2100,30.132599999999996,116.22309999999999,49.688399999999774,1.2372999999999976,0.5621000000000009,1.0448000000000004,64.7115,120.4544375,-23.664874999999995,0.8983499999999993,3.4823375000000008,1.3491374999999999,66.993025,-0.11385292546989689,0.19920992806369398
120.9,23.95,225.6764,SSP2-4.5,2081-2100,24.692700000000002,115.6635,40.18939999999998,1.1306999999999974,0.6689999999999969,0.7017000000000007,63.9019,118.66069999999999,1.2874874999999975,1.0466499999999992,3.0295250000000005,1.2066875,66.3427875,-0.11385292546989689,0.26240570843348543
120.9,24.0,219.0071,SSP2-4.5,2081-2100,18.225499999999982,118.22050000000002,10.304399999999987,1.0042000000000009,4.153399999999998,0.39830000000000076,65.7423,119.93619999999999,7.674837499999995,1.1369124999999989,3.2984875000000002,0.971125,67.5649125,-0.11385292546989689,0.32560148880327683
120.9,24.05,219.5285,SSP2-4.5,2081-2100,19.327699999999993,120.89340000000001,-12.969800000000077,0.7987000000000002,4.191400000000002,0.28969999999999985,68.175,119.7078625,15.297599999999989,1.3457874999999992,4.251925000000001,0.9618624999999998,67.99663749999999,-0.11385292546989689,0.3887972691730683
120.9,24.1,217.7921,SSP2-4.5,2081-2100,31.0068,120.8812,-1.620200000000068,1.4758999999999993,5.734500000000004,0.9620999999999995,69.0827,118.968625,11.356912499999936,1.4408499999999997,4.075637500000001,1.0327625,67.45841250000001,-0.11385292546989689,0.4519930495428597
120.9,24.15,240.1689,SSP2-4.5,2081-2100,30.69580000000002,119.6523,-8.916799999999967,1.5181000000000004,4.031000000000006,1.4638000000000009,67.5519,116.199325,25.43731249999999,1.5378250000000002,3.5097000000000005,1.1888125,65.0055375,-0.11385292546989689,0.5151888299126467
120.9,24.2,251.3502,SSP2-4.5,2081-2100,15.33669999999998,114.1478,75.95560000000023,1.4192999999999998,1.7327999999999975,0.746599999999999,64.1327,114.1457125,14.540650000000028,1.4990000000000006,2.177787500000001,1.4502125000000006,62.35795,-0.11385292546989689,0.578384610282438
120.9,24.25,255.4906,SSP2-4.5,2081-2100,15.763200000000012,116.2422,31.88530000000037,1.3470000000000013,0.15859999999999985,1.6603000000000012,64.6558,112.74335,21.632250000000028,1.4783,0.8730625000000005,1.0472125000000003,61.893775,-0.11385292546989689,0.6415803906522295
120.9,24.3,263.9308,SSP2-4.5,2081-2100,14.063500000000033,116.41639999999998,11.229299999999967,1.646799999999999,-0.7759,0.877600000000001,66.7827,111.90178750000001,23.42818749999995,1.4768374999999998,0.23146250000000101,0.9823250000000003,62.38895,-0.11385292546989689,0.704776171022021
120.9,24.35,270.9366,SSP2-4.5,2081-2100,13.168600000000026,112.71,24.353999999999814,1.6449999999999996,-0.12760000000000105,0.9672000000000001,64.3615,111.96596249999999,19.852124999999887,1.4851374999999991,1.2547375,0.8187625000000005,63.6781125,-0.11385292546989689,0.7679719513918124
120.9,24.4,263.7339,SSP2-4.5,2081-2100,13.868499999999983,112.91989999999998,-4.664800000000014,1.4107999999999983,4.1655000000000015,1.174100000000001,64.7788,110.599525,35.67817499999987,1.4785749999999993,2.3030124999999995,0.7401000000000002,62.94975000000001,-0.11385292546989689,0.8311677317615993
120.9,24.45,234.5316,SSP2-4.5,2081-2100,20.27340000000001,111.6697,49.046299999999974,1.5041999999999973,4.782800000000002,0.6844999999999999,65.0135,109.4450875,20.008037499999915,1.3749499999999997,3.535549999999999,0.6847000000000003,62.248549999999994,-0.11385292546989689,0.8943635121313908
120.9,24.5,247.5951,SSP2-4.5,2081-2100,12.1096,110.0376,12.759199999999964,1.4088999999999992,4.301699999999997,0.5533999999999999,64.78649999999999,108.5494625,17.216749999999962,1.2502375,3.5157249999999998,0.1836374999999999,62.50915,-0.11385292546989689,0.9575592925011822
120.9,24.55,236.4759,SSP2-4.5,2081-2100,-4.0242000000000075,108.45259999999999,-17.5784000000001,1.0210000000000008,4.7723999999999975,-0.6310000000000002,63.8019,106.928375,0.028187500000001364,1.1863999999999995,3.2439500000000017,-0.0028125000000002176,62.836549999999995,-0.11385292546989689,1.0207550728709736
120.9,24.6,207.7669,SSP2-4.5,2081-2100,-6.793999999999983,105.7406,-19.915899999999965,1.0322999999999993,2.9672000000000054,-0.24480000000000146,63.2885,106.0898125,6.054175000000043,1.1550374999999993,3.6974,-0.3017375000000001,63.3324625,-0.11385292546989689,1.0839508532407651
120.9,24.65,186.1524,SSP2-4.5,2081-2100,-4.80680000000001,104.98979999999999,7.812700000000177,1.151299999999999,2.580999999999996,0.17239999999999966,63.246199999999995,106.1862,26.65208750000002,1.125074999999999,3.947412500000002,-0.33061249999999986,63.5363,-0.11385292546989689,1.147146633610552
120.9,24.7,162.078,SSP2-4.5,2081-2100,0.7396999999999991,107.5632,39.68600000000015,1.0793,4.539700000000003,-0.9499999999999993,62.86919999999999,107.5144,39.450225000000046,1.0067624999999996,1.7219749999999996,-0.24289999999999978,64.7435125,-0.11385292546989689,1.2103424139803434
120.9,24.75,129.2189,SSP2-4.5,2081-2100,6.680800000000005,111.56900000000002,32.70839999999998,0.36150000000000126,1.7310000000000016,-0.36380000000000035,67.475,108.79595,46.15156249999998,0.9192749999999998,1.3411750000000007,-0.29417499999999974,65.66081249999999,-0.11385292546989689,1.273538194350135
120.9,24.8,125.7672,SSP2-4.5,2081-2100,9.068299999999994,109.36019999999999,44.06650000000013,0.7087000000000003,3.082799999999999,-0.30689999999999973,66.5731,109.061575,38.26139999999998,0.8125875000000005,1.2653000000000016,-0.346125,66.15913749999999,-0.11385292546989689,1.3367339747199263
120.9,24.85,123.3388,SSP2-4.5,2081-2100,10.52749999999999,109.15580000000001,51.54769999999985,0.8523999999999994,1.612099999999998,-0.7223999999999995,67.675,107.76952499999999,38.3366125,0.7785125000000008,3.382762500000002,-0.2299500000000001,65.95361249999999,-0.11385292546989689,1.3999297550897176
120.95,22.45,244.9499,SSP2-4.5,2081-2100,-1.6440000000000055,113.007,21.16820000000007,1.223700000000001,11.968999999999998,2.884499999999999,55.95,105.8202125,71.95853750000009,1.6767374999999998,13.305387499999998,3.0993500000000003,54.0730625,-0.008159085388675564,-1.6334677026602307
120.95,22.5,240.3232,SSP2-4.5,2081-2100,-0.2606000000000108,103.7936,26.428499999999985,1.4281000000000006,12.639700000000001,3.0275999999999996,52.4577,104.3780375,59.67051250000006,1.6417499999999996,13.048049999999998,2.8762875,52.311049999999994,-0.008159085388675564,-1.570271922290439
120.95,22.55,251.542,SSP2-4.5,2081-2100,-6.940899999999999,105.67309999999999,37.3451,1.2451000000000008,12.067199999999996,2.4862,53.9538,105.0471125,24.74043750000007,1.4345749999999997,11.56055,2.8094875000000004,52.226200000000006,-0.008159085388675564,-1.5070761419206478
120.95,22.6,286.5512,SSP2-4.5,2081-2100,-12.504000000000019,107.4427,-3.093699999999899,1.0612999999999992,10.274099999999997,3.3,54.4577,105.5396,18.424450000000093,1.3752,10.6864125,2.6077625000000006,52.304325000000006,-0.008159085388675564,-1.4438803615508562
120.95,22.65,375.6943,SSP2-4.5,2081-2100,-20.796699999999987,103.4444,-83.00559999999996,0.9073999999999991,7.131,3.3069000000000006,49.9442,103.9361,7.824437500000101,1.3391625,9.299562499999999,2.8045375000000003,51.91035,-0.008159085388675564,-1.3806845811810693
120.95,22.7,384.2909,SSP2-4.5,2081-2100,-20.58000000000004,102.69289999999998,-45.42599999999993,0.974499999999999,5.739699999999999,3.1982999999999997,49.6423,99.46925,0.8405375000000106,1.3645874999999998,8.909262499999999,2.8043125,49.723075,-0.008159085388675564,-1.317488800811278
120.95,22.75,337.9073,SSP2-4.5,2081-2100,-23.783900000000017,102.53970000000001,-17.08660000000009,1.3964999999999996,7.418999999999997,2.6361999999999988,51.97879999999999,92.2226,11.432362499999982,1.4829124999999999,8.951287500000001,2.72715,45.147125,-0.008159085388675564,-1.2542930204414864
120.95,22.8,285.5942,SSP2-4.5,2081-2100,-14.886199999999974,77.9931,10.204500000000053,1.9080000000000013,8.601700000000001,2.4154999999999998,35.423100000000005,95.09729999999999,21.012887499999948,1.7835124999999996,9.5933375,2.392225,46.6334125,-0.008159085388675564,-1.191097240071695
120.95,22.85,255.1593,SSP2-4.5,2081-2100,-5.538399999999996,106.18700000000001,27.225200000000086,2.2273999999999994,10.4345,2.115500000000001,51.9923,90.1333875,48.14762499999998,2.1792625000000005,9.611225000000001,2.2396499999999997,43.2750125,-0.008159085388675564,-1.1279014597019037
120.95,22.9,236.5576,SSP2-4.5,2081-2100,5.661100000000005,97.82649999999998,88.10770000000002,2.723600000000001,10.1552,2.0655,48.1846,86.3787625,110.41637499999996,2.6504,8.860375,2.0825500000000003,40.110825,-0.008159085388675564,-1.0647056793321166
120.95,22.95,234.3535,SSP2-4.5,2081-2100,27.163700000000006,62.8695,213.70720000000006,3.401,7.6828,1.7466000000000008,23.3404,76.8118625,169.20177499999997,2.9387250000000003,8.484937500000001,2.0782375,34.3096125,-0.008159085388675564,-1.0015098989623252
120.95,23.0,232.8915,SSP2-4.5,2081-2100,36.674800000000005,51.236999999999995,262.5774000000001,3.5043000000000006,9.729299999999999,2.0914,19.813500000000005,64.9224375,196.12345000000002,2.922175,7.800875,1.858625,26.1235625,-0.008159085388675564,-0.9383141185925338
120.95,23.05,232.9709,SSP2-4.5,2081-2100,28.22659999999999,54.4626,211.82970000000023,2.818900000000003,8.008599999999994,1.7844999999999995,20.3731,65.2880875,180.55083750000009,2.6593,7.4523625,1.8217624999999997,26.321400000000004,-0.008159085388675564,-0.8751183382227424
120.95,23.1,247.647,SSP2-4.5,2081-2100,23.076099999999997,75.5002,170.9856000000002,2.336199999999998,5.651699999999998,2.0085999999999995,30.5558,73.0770125,142.94385000000014,2.2187500000000004,6.531449999999998,1.7478374999999997,31.874050000000004,-0.008159085388675564,-0.811922557852951
120.95,23.15,269.5686,SSP2-4.5,2081-2100,19.091799999999978,89.27329999999999,133.13700000000017,1.9784000000000006,4.5276,1.4033999999999995,43.1212,87.394375,109.2737000000001,1.930262499999999,5.374562499999998,1.8892124999999997,40.4201875,-0.008159085388675564,-0.748726777483164
120.95,23.2,300.2097,SSP2-4.5,2081-2100,7.356899999999996,101.20190000000001,97.01659999999993,1.681799999999999,4.6861999999999995,2.213800000000001,49.0058,96.51862499999999,67.96097500000002,1.6621249999999992,5.103887499999999,1.8566749999999994,47.8875,-0.008159085388675564,-0.6855309971133726
120.95,23.25,344.9796,SSP2-4.5,2081-2100,1.1505999999999972,103.5778,75.79879999999957,1.6271999999999984,5.344799999999996,1.3516999999999992,53.9019,100.8324375,41.24423749999994,1.4733124999999991,4.5219875,2.0797499999999998,50.690625,-0.008159085388675564,-0.6223352167435812
120.95,23.3,332.6699,SSP2-4.5,2081-2100,2.6743999999999915,108.33010000000002,75.51609999999982,1.5427,2.4086,1.9896999999999991,54.659600000000005,99.12856250000002,23.073374999999885,1.2889874999999993,5.1657375,1.8851374999999997,50.901675,-0.008159085388675564,-0.5591394363737897
120.95,23.35,294.6614,SSP2-4.5,2081-2100,0.35829999999998563,100.8056,43.24240000000009,1.2204999999999977,4.634499999999996,2.0448000000000004,51.6846,98.0965625,32.7284374999999,1.2406625,5.071550000000001,1.7247875,50.137012500000004,-0.008159085388675564,-0.4959436560039983
120.95,23.4,277.6213,SSP2-4.5,2081-2100,4.313499999999976,100.6904,36.30690000000004,0.962299999999999,5.437899999999999,2.4154999999999998,51.6019,93.67055,37.76508750000002,1.2100249999999995,4.8015125,1.5678874999999999,48.3120125,-0.008159085388675564,-0.43274787563421135
120.95,23.45,284.7185,SSP2-4.5,2081-2100,9.250999999999976,76.8615,56.3447000000001,1.0594999999999999,2.872399999999999,2.0776000000000003,42.8942,98.73012500000002,37.647687500000046,1.1197249999999999,4.015075,1.6469874999999998,50.687025000000006,-0.008159085388675564,-0.3695520952644199
120.95,23.5,293.0801,SSP2-4.5,2081-2100,16.38689999999997,99.72569999999999,72.62969999999996,0.9904000000000011,1.2241,2.0344999999999995,53.4635,102.6982625,26.407825000000173,1.0146624999999996,3.821975,1.9200499999999998,53.525475,-0.008159085388675564,-0.3063563148946285
120.95,23.55,264.764,SSP2-4.5,2081-2100,9.137599999999964,118.6071,20.581100000000333,0.8743000000000016,4.079299999999996,2.7189999999999994,61.142300000000006,109.12507500000001,16.111225000000047,0.970275,4.263575000000001,1.8855499999999998,57.5673125,-0.008159085388675564,-0.24316053452483705
120.95,23.6,284.1808,SSP2-4.5,2081-2100,-0.04210000000000491,96.5308,-7.391599999999926,1.0282000000000018,5.1259000000000015,1.9361999999999995,49.634600000000006,119.129125,11.133350000000036,1.0194249999999996,4.7484874999999995,2.1471875000000002,63.4115375,-0.008159085388675564,-0.17996475415504562
120.95,23.65,282.0884,SSP2-4.5,2081-2100,-11.092899999999986,109.20069999999998,6.986300000000028,1.1880999999999986,3.753399999999999,1.7948000000000004,56.6692,118.24867499999999,11.860037499999976,1.15075,4.8541,1.9426625,63.90408750000001,-0.008159085388675564,-0.11676897378525869
120.95,23.7,267.0414,SSP2-4.5,2081-2100,-11.056600000000003,103.04490000000001,24.24850000000015,1.4375,3.5793000000000035,1.7103000000000002,54.2654,122.6659625,2.021637499999997,1.1388124999999998,4.914012499999999,1.9420250000000001,67.3418125,-0.008159085388675564,-0.053573193415467256
120.95,23.75,234.9577,SSP2-4.5,2081-2100,-5.340899999999976,123.41409999999999,-15.911299999999983,1.1351000000000013,4.825899999999997,1.522400000000001,68.6769,121.8120875,-14.645574999999923,1.0460500000000001,5.2987,1.8519375,67.156475,-0.008159085388675564,0.009622586954324176
120.95,23.8,217.9916,SSP2-4.5,2081-2100,8.702300000000008,128.8159,-51.090999999999894,0.7499000000000002,5.0017,2.0897000000000006,71.05000000000001,122.20292500000001,-55.368612499999955,0.8148875000000002,5.390300000000001,1.6909375,67.5533375,-0.008159085388675564,0.0728183673241156
120.95,23.85,229.2761,SSP2-4.5,2081-2100,20.101,128.2382,-93.59010000000035,0.5884,5.603400000000001,0.7103000000000002,71.625,118.9995625,-59.373337499999906,0.7741374999999997,4.772412500000001,1.534475,65.22185,-0.008159085388675564,0.13601414769390704
120.95,23.9,196.9245,SSP2-4.5,2081-2100,27.348900000000015,114.031,-49.94919999999979,0.8158999999999992,4.0844999999999985,1.1723999999999997,61.8423,118.02996249999998,-49.433250000000044,0.8410124999999988,4.287712500000001,1.140075,65.06248749999999,-0.008159085388675564,0.19920992806369398
120.95,23.95,185.3342,SSP2-4.5,2081-2100,28.633899999999983,118.28679999999999,2.1358000000000175,1.1145999999999994,4.631,0.8758999999999997,64.9885,116.9231875,-5.845525000000038,1.0275499999999984,4.043312500000001,1.0493500000000002,64.8697,-0.008159085388675564,0.26240570843348543
120.95,24.0,189.1248,SSP2-4.5,2081-2100,21.593700000000013,118.5094,41.539800000000014,0.9613999999999976,3.351700000000001,1.4827999999999992,67.88080000000001,118.3094375,18.58986249999998,1.151174999999999,3.9523625000000004,0.9390250000000002,65.829075,-0.008159085388675564,0.32560148880327683
120.95,24.05,208.9561,SSP2-4.5,2081-2100,33.882000000000005,118.5683,32.0951,1.0902999999999992,2.1948000000000008,1.0724,66.7346,118.502125,40.311687500000005,1.3698874999999995,4.125862500000001,0.9661875,66.3651375,-0.008159085388675564,0.3887972691730683
120.95,24.1,221.9666,SSP2-4.5,2081-2100,44.03020000000001,116.76909999999998,35.978000000000065,1.6548000000000016,3.4983000000000004,0.4947999999999997,64.9558,115.97266250000001,42.10149999999999,1.5177874999999998,4.117450000000001,1.0651125,63.6331625,-0.008159085388675564,0.4519930495428597
120.95,24.15,244.2324,SSP2-4.5,2081-2100,38.79279999999997,111.31009999999999,32.517599999999675,1.6402999999999999,3.1602999999999994,1.3965999999999994,60.4923,113.41923750000001,50.61517500000005,1.6247000000000003,3.922625,0.9985124999999999,60.62765,-0.008159085388675564,0.5151888299126467
120.95,24.2,259.8112,SSP2-4.5,2081-2100,34.428800000000024,108.14920000000001,25.14290000000028,1.5841999999999992,1.8378999999999976,0.7983000000000011,53.8231,108.0659875,42.214500000000044,1.5812624999999998,3.4101125000000003,1.1254375,56.074774999999995,-0.008159085388675564,0.578384610282438
120.95,24.25,269.7017,SSP2-4.5,2081-2100,33.849199999999996,101.0581,13.87480000000005,1.7384999999999984,1.3638000000000048,0.9793000000000003,47.8635,107.29951249999999,26.13132500000006,1.4754749999999994,2.3704624999999995,0.9588375000000005,56.1021875,-0.008159085388675564,0.6415803906522295
120.95,24.3,302.1375,SSP2-4.5,2081-2100,18.783600000000035,109.9085,-18.302500000000236,1.465399999999999,1.2190000000000012,0.8138000000000005,59.371199999999995,104.7935,16.196312499999976,1.4699624999999994,1.3902875000000003,0.8696000000000006,54.590875,-0.008159085388675564,0.704776171022021
120.95,24.35,321.8954,SSP2-4.5,2081-2100,3.6684999999999945,107.77650000000001,32.529299999999694,1.2836999999999996,-0.398299999999999,0.8828000000000014,59.184599999999996,106.1227875,-1.8883875000001353,1.3289874999999993,2.1874874999999996,0.8183125000000007,56.83245,-0.008159085388675564,0.7679719513918124
120.95,24.4,287.059,SSP2-4.5,2081-2100,11.969599999999957,104.77629999999999,-11.607400000000325,1.2659999999999982,4.549999999999997,0.7276000000000007,56.128800000000005,105.4798625,14.50293749999986,1.1962249999999996,2.2452499999999995,0.8172500000000005,57.0120125,-0.008159085388675564,0.8311677317615993
120.95,24.45,301.5276,SSP2-4.5,2081-2100,18.225799999999992,106.83590000000001,10.647399999999834,1.2073,4.165499999999994,0.7258999999999993,57.9596,103.703325,-3.5475375000000895,1.1420249999999994,3.836199999999999,0.6967750000000006,56.5526375,-0.008159085388675564,0.8943635121313908
120.95,24.5,291.8077,SSP2-4.5,2081-2100,15.928099999999972,103.4733,-25.538600000000315,1.1186000000000007,2.7775999999999996,0.5327999999999999,57.725,104.174,-16.573225000000008,1.1412499999999999,4.061849999999999,0.24635000000000007,57.6728375,-0.008159085388675564,0.9575592925011822
120.95,24.55,261.5396,SSP2-4.5,2081-2100,-6.0885000000000105,108.3639,-44.58649999999989,1.2195,1.4448000000000008,-0.4793000000000003,62.5385,104.03083749999999,-34.176799999999986,1.0734749999999997,4.3478375,0.03751249999999984,59.4103375,-0.008159085388675564,1.0207550728709736
120.95,24.6,233.6375,SSP2-4.5,2081-2100,-7.852399999999989,104.06039999999999,-40.8433,1.114799999999999,3.1776000000000053,-0.039699999999999847,62.7769,105.621425,-16.830999999999932,1.0710499999999996,3.9795125000000002,-0.22671250000000032,62.0702125,-0.008159085388675564,1.0839508532407651
120.95,24.65,207.5133,SSP2-4.5,2081-2100,-5.194699999999983,104.19310000000002,30.514200000000073,1.1453999999999986,4.379300000000001,-0.543099999999999,62.840399999999995,106.49981249999999,11.405600000000078,1.053749999999999,3.7831875000000004,-0.28728750000000003,63.660824999999996,-0.008159085388675564,1.147146633610552
120.95,24.7,171.6327,SSP2-4.5,2081-2100,2.4612999999999943,109.83590000000001,63.79790000000003,0.9876999999999967,3.0516999999999967,-0.4137999999999993,65.9846,107.54520000000001,30.82928750000005,0.99475,1.5224125000000006,-0.33858749999999993,64.75385,-0.008159085388675564,1.2103424139803434
120.95,24.75,131.9503,SSP2-4.5,2081-2100,10.827500000000015,110.33010000000002,27.430700000000115,0.8536000000000001,-11.706899999999997,-0.025900000000000034,66.54419999999999,109.1690375,42.96026250000003,0.8637875000000002,3.2263,-0.4168124999999998,65.86106249999999,-0.008159085388675564,1.273538194350135
120.95,24.8,131.9864,SSP2-4.5,2081-2100,11.781499999999994,109.5128,46.23939999999993,0.6656000000000013,3.970700000000001,-0.10339999999999971,66.27499999999999,108.9285875,35.813387499999976,0.7879625000000006,1.0599125000000011,-0.26466250000000013,66.53077499999999,-0.008159085388675564,1.3367339747199263
120.95,24.85,128.2105,SSP2-4.5,2081-2100,10.409500000000008,106.79119999999999,33.89779999999996,0.7056000000000004,4.774100000000004,-0.2052000000000005,66.0808,107.21901249999999,39.12531250000001,0.8754250000000003,3.1004500000000004,-0.3364124999999999,65.7875,-0.008159085388675564,1.3999297550897176
120.95,24.9,128.708,SSP2-4.5,2081-2100,11.793700000000001,105.7959,63.252300000000105,1.256499999999999,0.5224000000000046,-0.3379000000000003,65.3865,105.55326249999999,35.77419999999998,0.9204000000000003,4.6088499999999994,-0.28684999999999994,65.0052875,-0.008159085388675564,1.4631255354595045
121.0,22.55,233.2394,SSP2-4.5,2081-2100,-6.335799999999978,110.2679,48.49400000000014,1.4257999999999988,12.820699999999999,2.1431000000000004,54.082699999999996,104.8152,41.79813750000005,1.4743749999999998,11.868524999999998,2.7793125000000005,52.6353375,0.09753475469254576,-1.5070761419206478
121.0,22.6,228.2414,SSP2-4.5,2081-2100,-6.696400000000011,110.48759999999999,50.913099999999986,1.520199999999999,11.667199999999998,2.177600000000001,54.0846,107.01341249999999,24.560475000000054,1.3448249999999997,10.6118375,2.6782375000000003,53.634862500000004,0.09753475469254576,-1.4438803615508562
121.0,22.65,255.3947,SSP2-4.5,2081-2100,-3.40270000000001,106.18390000000001,64.60490000000004,1.4064999999999976,10.348299999999998,2.7224000000000004,53.346199999999996,106.8985375,4.831687500000015,1.339325,9.5295125,2.6554125,52.809375,0.09753475469254576,-1.3806845811810693
121.0,22.7,283.8308,SSP2-4.5,2081-2100,-9.165099999999995,108.10510000000001,84.60309999999981,1.5258000000000003,10.637900000000002,3.0828000000000007,55.038500000000006,106.7167625,18.30008749999999,1.3942124999999996,9.190087499999999,2.561,52.8021625,0.09753475469254576,-1.317488800811278
121.0,22.75,295.801,SSP2-4.5,2081-2100,-14.049800000000005,111.0258,86.17939999999999,1.7058,10.137899999999998,3.0155000000000003,56.3865,103.33585,34.246362500000004,1.6516250000000001,8.87415,2.5931124999999997,50.9937625,0.09753475469254576,-1.2542930204414864
121.0,22.8,290.8779,SSP2-4.5,2081-2100,-16.871399999999994,107.862,46.49760000000015,2.209699999999998,8.141399999999997,2.760299999999999,54.43849999999999,104.4968625,51.32911249999998,2.0653000000000006,9.381687499999998,2.4297375,51.851925,0.09753475469254576,-1.191097240071695
121.0,22.85,280.0154,SSP2-4.5,2081-2100,-7.220799999999997,108.04129999999999,50.979699999999866,2.917300000000001,8.6828,1.9741,53.671200000000006,103.116725,88.05145000000005,2.5957250000000003,9.15605,2.4155124999999997,51.2314875,0.09753475469254576,-1.1279014597019037
121.0,22.9,269.019,SSP2-4.5,2081-2100,20.243600000000015,102.0906,157.27019999999993,3.6538000000000004,7.475900000000003,2.2551999999999985,51.401900000000005,93.8851375,149.28667499999997,3.0756,8.37265,2.2400875000000005,44.3464,0.09753475469254576,-1.0647056793321166
121.0,22.95,260.8454,SSP2-4.5,2081-2100,50.64730000000003,65.7227,295.4753999999998,4.1921,5.0138,2.5776000000000003,25.1231,85.79665,205.8555875,3.382175,7.945062500000001,2.1226374999999997,39.805287500000006,0.09753475469254576,-1.0015098989623252
121.0,23.0,243.1891,SSP2-4.5,2081-2100,43.051499999999976,65.0241,291.30399999999986,3.9678000000000004,5.205200000000001,2.0259,25.8365,71.2113,233.60883750000002,3.2999875000000003,7.4392249999999995,1.9954750000000003,30.017325,0.09753475469254576,-0.9383141185925338
121.0,23.05,229.3887,SSP2-4.5,2081-2100,34.60389999999998,64.5697,238.28940000000011,3.1255000000000024,7.7103,1.6379000000000001,25.5731,75.5156125,214.45058750000004,2.9639875,6.790724999999998,2.0047375,32.606737499999994,0.09753475469254576,-0.8751183382227424
121.0,23.1,224.4784,SSP2-4.5,2081-2100,29.868300000000005,80.6218,193.60519999999997,2.542300000000001,4.672399999999996,2.2431,34.751900000000006,80.44472499999999,175.51646250000007,2.4517375,6.614424999999999,2.0260624999999997,35.6637125,0.09753475469254576,-0.811922557852951
121.0,23.15,227.905,SSP2-4.5,2081-2100,23.4101,87.43169999999999,161.4776999999999,2.1324000000000005,5.513799999999996,2.6121,39.4827,92.37315,146.05596250000005,2.1786249999999994,5.926924999999999,2.178,43.167075000000004,0.09753475469254576,-0.748726777483164
121.0,23.2,240.4428,SSP2-4.5,2081-2100,21.042,95.9207,164.03150000000005,2.417099999999998,5.727599999999999,2.280999999999999,45.4192,98.395475,109.61614999999998,1.9757624999999996,6.346549999999999,2.18125,48.4305375,0.09753475469254576,-0.6855309971133726
121.0,23.25,273.4078,SSP2-4.5,2081-2100,4.860799999999983,103.25000000000001,88.98640000000023,2.207799999999999,4.532800000000002,2.332799999999999,52.724999999999994,97.01012499999999,89.40262499999986,1.8700999999999994,6.3918,2.1599125,48.5451875,0.09753475469254576,-0.6223352167435812
121.0,23.3,255.5978,SSP2-4.5,2081-2100,-11.085800000000006,87.51930000000002,51.186199999999644,1.5901999999999994,5.301700000000004,1.950000000000001,44.8019,96.2677125,64.64268749999994,1.67325,6.4202625,1.9922499999999994,49.10335,0.09753475469254576,-0.5591394363737897
121.0,23.35,232.374,SSP2-4.5,2081-2100,-13.564899999999994,77.1942,36.503999999999905,1.1837000000000018,7.200000000000003,1.3051999999999992,39.4615,95.64171250000001,56.03634999999994,1.3836999999999997,5.9788749999999995,1.9224125,48.3697,0.09753475469254576,-0.4959436560039983
121.0,23.4,219.7043,SSP2-4.5,2081-2100,-7.924199999999985,89.46050000000001,44.75080000000003,0.9960000000000022,6.113799999999998,1.0431000000000008,45.2231,89.96301249999999,58.98942500000001,1.1705499999999995,5.127587499999999,1.7711249999999998,45.805275,0.09753475469254576,-0.43274787563421135
121.0,23.45,223.7154,SSP2-4.5,2081-2100,3.350900000000024,84.31280000000001,74.34349999999995,1.0190999999999981,2.8447999999999993,1.568999999999999,42.048100000000005,90.6768125,66.0793875,1.024375,3.831899999999999,1.8084125000000002,47.0485625,0.09753475469254576,-0.3695520952644199
121.0,23.5,235.9735,SSP2-4.5,2081-2100,10.440499999999986,93.39000000000001,77.76080000000002,0.922900000000002,1.8637999999999977,1.9207,47.3577,92.84188750000001,61.745175000000046,0.9714249999999995,2.9040999999999997,2.0959125,48.328362500000004,0.09753475469254576,-0.3063563148946285
121.0,23.55,239.3606,SSP2-4.5,2081-2100,9.683099999999996,106.26790000000001,44.20600000000013,0.8541999999999987,3.3689999999999998,2.5809999999999995,54.0019,99.64093749999999,44.83158750000001,0.9780500000000001,3.6181125000000014,2.008625,51.8363,0.09753475469254576,-0.24316053452483705
121.0,23.6,244.608,SSP2-4.5,2081-2100,2.022999999999996,117.77600000000001,12.384999999999764,1.083599999999997,5.584500000000006,1.6448,63.488499999999995,106.53049999999999,25.139300000000077,1.0202250000000004,4.100225,2.0303875,54.89205,0.09753475469254576,-0.17996475415504562
121.0,23.65,252.8218,SSP2-4.5,2081-2100,-9.227900000000005,122.68069999999999,3.2445999999999913,1.144400000000001,3.448299999999996,1.6120999999999999,66.0827,109.73252500000001,17.151999999999987,1.1414374999999994,4.685775000000002,1.60775,58.189899999999994,0.09753475469254576,-0.11676897378525869
121.0,23.7,255.6359,SSP2-4.5,2081-2100,-14.08159999999998,126.1878,4.088399999999865,1.2036999999999978,4.8431,1.1189999999999998,69.3904,115.9621375,9.465287500000017,1.12995,4.532325,1.5946125000000002,63.0545625,0.09753475469254576,-0.053573193415467256
121.0,23.75,236.0405,SSP2-4.5,2081-2100,-7.658500000000004,119.02220000000001,-13.473899999999958,1.049199999999999,6.863800000000005,1.5206999999999997,66.7,120.9249375,-15.560874999999982,1.01335,5.332112499999999,1.4726375000000003,66.91081249999999,0.09753475469254576,0.009622586954324176
121.0,23.8,228.8837,SSP2-4.5,2081-2100,3.0778999999999996,125.11930000000001,-90.42539999999985,0.6809000000000012,8.034499999999994,1.8086000000000002,70.2288,121.4862375,-56.470537500000006,0.8021125000000007,5.404525,1.3747875,67.385325,0.09753475469254576,0.0728183673241156
121.0,23.85,254.3969,SSP2-4.5,2081-2100,15.11390000000003,115.708,-178.34569999999985,0.3658000000000001,4.286200000000001,1.767199999999999,62.97879999999999,118.76701249999999,-71.92079999999999,0.7552375000000007,6.144399999999999,1.2571,65.41753750000001,0.09753475469254576,0.13601414769390704
121.0,23.9,211.885,SSP2-4.5,2081-2100,22.68810000000002,113.42649999999999,-136.60789999999997,0.6467999999999989,7.651700000000005,0.7672000000000008,61.615399999999994,114.9705125,-60.20304999999999,0.8616250000000001,5.4648625,1.2256374999999997,62.927875,0.09753475469254576,0.19920992806369398
121.0,23.95,184.7052,SSP2-4.5,2081-2100,30.658500000000004,119.71109999999999,-49.0014000000001,0.9836999999999989,6.9069,1.1620999999999988,66.00959999999999,112.4813375,-13.466424999999987,1.104699999999999,5.538775000000001,1.2836125,61.799525,0.09753475469254576,0.26240570843348543
121.0,24.0,216.031,SSP2-4.5,2081-2100,41.327499999999986,119.60040000000001,47.072299999999814,1.4403999999999968,4.967200000000005,1.6655000000000015,67.2538,113.06887499999999,25.03781250000003,1.291624999999999,5.091150000000001,1.2353624999999997,61.6865375,0.09753475469254576,0.32560148880327683
121.0,24.05,236.8337,SSP2-4.5,2081-2100,50.51610000000002,115.53150000000001,78.89310000000023,1.646799999999999,3.9052000000000007,1.3466000000000005,63.82690000000001,113.9389875,58.820974999999976,1.5200999999999993,4.629087500000001,1.1991374999999997,61.8947,0.09753475469254576,0.3887972691730683
121.0,24.1,256.4605,SSP2-4.5,2081-2100,47.94829999999996,117.6115,123.29590000000007,1.9769000000000005,3.205199999999998,1.0896999999999988,64.0038,108.3419375,66.94664999999998,1.6909999999999998,5.0676625,1.0060375,56.4002375,0.09753475469254576,0.4519930495428597
121.0,24.15,278.4557,SSP2-4.5,2081-2100,35.05220000000003,103.333,93.51710000000003,1.9953000000000003,6.517199999999995,0.9000000000000004,49.1981,107.02972500000001,72.03479999999996,1.7588625000000002,4.596537499999999,1.0444124999999997,54.6096125,0.09753475469254576,0.5151888299126467
121.0,24.2,281.4165,SSP2-4.5,2081-2100,32.32470000000001,106.8098,61.56889999999976,1.3731000000000009,4.824100000000001,1.5328,52.2731,99.9836375,64.97392500000007,1.8128249999999997,4.6055874999999995,0.9036625,48.0925625,0.09753475469254576,0.578384610282438
121.0,24.25,322.664,SSP2-4.5,2081-2100,33.37979999999999,91.9746,37.313500000000204,1.6184999999999974,5.493099999999998,0.3240999999999996,42.4308,100.107175,35.32038749999998,1.6267749999999999,3.521537500000001,1.0472000000000004,48.542325000000005,0.09753475469254576,0.6415803906522295
121.0,24.3,337.0487,SSP2-4.5,2081-2100,24.959400000000016,94.7476,-15.742400000000089,1.349499999999999,4.4741,0.9172000000000011,45.3481,97.64795000000001,15.753874999999937,1.5456249999999998,2.383625000000001,0.6879250000000001,47.390887500000005,0.09753475469254576,0.704776171022021
121.0,24.35,312.3891,SSP2-4.5,2081-2100,8.252800000000036,97.4226,-5.873300000000199,1.130700000000001,0.9344999999999999,0.34830000000000005,46.1,98.71360000000001,-5.178687500000194,1.3236999999999997,2.4915875000000005,0.7418125000000004,49.766600000000004,0.09753475469254576,0.7679719513918124
121.0,24.4,298.9119,SSP2-4.5,2081-2100,6.919499999999971,100.08100000000002,5.5,0.7177000000000007,3.060299999999998,0.7207000000000008,51.7885,98.84115,6.791737499999783,1.1792375000000002,2.2280249999999997,0.7506625000000002,49.705287500000004,0.09753475469254576,0.8311677317615993
121.0,24.45,317.0633,SSP2-4.5,2081-2100,11.721899999999948,94.4233,4.484599999999773,0.6704000000000008,1.3793000000000006,1.0345000000000013,46.9096,97.7327875,-5.7306250000001455,1.0913875000000002,3.561849999999998,0.6459250000000003,49.9411125,0.09753475469254576,0.8943635121313908
121.0,24.5,319.3667,SSP2-4.5,2081-2100,8.647400000000005,92.24550000000002,-58.35959999999977,1.0396,5.672399999999996,0.14660000000000117,45.290400000000005,98.67099999999999,-27.208612500000072,1.0640250000000004,3.7394374999999993,0.50885,51.7437625,0.09753475469254576,0.9575592925011822
121.0,24.55,305.1535,SSP2-4.5,2081-2100,3.687599999999975,101.36350000000002,-88.99879999999985,1.0591000000000008,5.975900000000003,-0.06380000000000052,55.082699999999996,100.01366250000001,-44.78606249999996,1.0673249999999999,3.9943874999999993,0.272,54.63775,0.09753475469254576,1.0207550728709736
121.0,24.6,252.4526,SSP2-4.5,2081-2100,4.519199999999984,106.8732,-34.93899999999985,0.7934999999999981,5.137899999999995,0.04659999999999975,62.53079999999999,103.32975,-26.301899999999904,1.0839249999999998,4.086425000000002,0.14612499999999984,59.3355875,0.09753475469254576,1.0839508532407651
121.0,24.65,214.3513,SSP2-4.5,2081-2100,0.97229999999999,104.99470000000001,33.043699999999944,1.1463,4.577600000000004,-0.07070000000000043,63.232699999999994,105.4750875,10.856050000000067,0.999274999999999,3.7762874999999996,-0.0398624999999998,62.61682499999999,0.09753475469254576,1.147146633610552
121.0,24.7,179.7886,SSP2-4.5,2081-2100,3.032800000000009,107.9407,42.60270000000014,1.1248000000000005,4.2327999999999975,-0.7982999999999993,65.3577,106.73196250000001,33.15417499999998,1.0204499999999994,1.3071000000000002,-0.18447499999999983,64.39062499999999,0.09753475469254576,1.2103424139803434
121.0,24.75,146.3956,SSP2-4.5,2081-2100,11.306299999999993,108.78099999999999,32.83589999999981,1.0958000000000006,1.8447999999999993,-0.12930000000000064,66.46539999999999,108.15066250000001,37.162987500000014,0.9489125,1.4140125000000001,-0.3480624999999997,65.5425375,0.09753475469254576,1.273538194350135
121.0,24.8,140.3764,SSP2-4.5,2081-2100,14.452500000000015,108.7895,41.74530000000004,0.8869000000000007,3.356900000000003,-0.26900000000000013,65.8885,107.50856250000001,27.60409999999999,0.9040875000000006,1.1659500000000005,-0.27327500000000005,65.7206625,0.09753475469254576,1.3367339747199263
121.0,24.85,133.1036,SSP2-4.5,2081-2100,13.464499999999987,106.6519,22.274799999999914,0.8392000000000017,3.7845000000000013,-0.09480000000000022,65.5442,105.9392,35.67672500000006,0.9710875000000003,3.876950000000001,-0.2228500000000001,65.14013750000001,0.09753475469254576,1.3999297550897176
121.0,24.9,136.3656,SSP2-4.5,2081-2100,10.773599999999988,103.6857,22.508399999999938,0.8041000000000018,5.839700000000001,-0.15859999999999985,64.4058,103.1609875,45.70217500000001,1.1518124999999997,4.639874999999999,-0.11508750000000012,63.771137499999995,0.09753475469254576,1.4631255354595045
121.0,24.95,138.7093,SSP2-4.5,2081-2100,6.166399999999982,102.99759999999999,45.955999999999904,1.046800000000001,7.243099999999998,-0.5430999999999999,62.955799999999996,101.4846125,44.50729999999996,1.2285125,4.992475000000001,-0.028874999999999984,63.03845,0.09753475469254576,1.526321315829296
121.0,25.0,142.3879,SSP2-4.5,2081-2100,3.1814999999999998,99.4564,23.993099999999913,1.0949000000000026,7.6861999999999995,-0.5759000000000007,61.1731,99.46402499999999,62.057099999999906,1.4699375000000003,5.302812500000001,-0.17498749999999963,62.0617875,0.09753475469254576,1.5895170961990874
121.05,22.65,227.0661,SSP2-4.5,2081-2100,-9.51230000000001,110.11880000000001,30.189799999999877,1.6811000000000007,12.217199999999998,1.6896999999999993,55.575,107.8810375,34.89014999999998,1.4626374999999996,10.207749999999999,2.5170375000000003,53.3882375,0.2032285947737671,-1.3806845811810693
121.05,22.7,229.6971,SSP2-4.5,2081-2100,-9.519400000000019,109.12950000000001,48.65840000000003,1.5046,10.041400000000003,1.825899999999999,52.8308,108.442975,51.896762499999966,1.5995499999999998,10.070474999999998,2.4319125,54.219725,0.2032285947737671,-1.317488800811278
121.05,22.75,241.0917,SSP2-4.5,2081-2100,-10.772300000000001,108.5991,62.28639999999996,1.577300000000001,10.486199999999997,2.0930999999999997,52.713499999999996,109.39971249999999,74.60423750000001,1.8621750000000001,9.6642375,2.422425,55.2673125,0.2032285947737671,-1.2542930204414864
121.05,22.8,266.0909,SSP2-4.5,2081-2100,-11.632299999999987,109.7654,84.23350000000005,2.116600000000002,9.925899999999999,2.7328,55.884600000000006,107.94092500000001,78.19702500000002,2.1235875,9.2875125,2.3446,54.60025,0.2032285947737671,-1.191097240071695
121.05,22.85,291.6802,SSP2-4.5,2081-2100,-9.729800000000012,111.82350000000001,106.61079999999993,2.6735000000000007,9.3655,2.4551999999999996,56.7654,105.477175,97.90370000000004,2.5951625000000003,9.420725000000001,2.3486874999999996,53.4738,0.2032285947737671,-1.1279014597019037
121.05,22.9,281.962,SSP2-4.5,2081-2100,7.383100000000013,111.38569999999999,184.26210000000015,3.2531999999999996,9.148299999999999,2.524099999999999,55.761500000000005,97.82972500000001,140.27138749999995,2.9448875,8.840325000000002,2.3023624999999996,47.740637500000005,0.2032285947737671,-1.0647056793321166
121.05,22.95,248.7601,SSP2-4.5,2081-2100,23.862600000000015,87.22489999999999,227.92529999999988,3.2166999999999994,6.4983,2.4621000000000004,39.9327,96.0997,189.97944999999999,3.181575,8.457125000000001,2.2872749999999997,46.125237500000004,0.2032285947737671,-1.0015098989623252
121.05,23.0,231.4066,SSP2-4.5,2081-2100,26.007199999999983,108.7149,221.69080000000008,3.3369999999999997,7.6655000000000015,1.8102999999999998,54.1712,82.47573750000001,210.47868749999995,3.0034,7.3278,2.203875,36.8343625,0.2032285947737671,-0.9383141185925338
121.05,23.05,226.0089,SSP2-4.5,2081-2100,22.781999999999982,74.8891,197.37549999999987,2.8043999999999976,7.205200000000001,1.8534000000000006,31.811499999999995,89.298025,190.524,2.705762500000001,6.9045125,2.1094749999999998,41.376925,0.2032285947737671,-0.8751183382227424
121.05,23.1,222.386,SSP2-4.5,2081-2100,20.958500000000015,93.67519999999999,166.23649999999998,2.401,6.187899999999999,2.220699999999999,43.5404,90.10058749999999,158.9630625,2.3292125000000006,6.8642125,2.2288625,41.8644125,0.2032285947737671,-0.811922557852951
121.05,23.15,228.6602,SSP2-4.5,2081-2100,12.725999999999999,103.756,124.8003000000001,2.0170999999999992,8.110300000000002,2.6879,50.8519,96.90157500000001,141.29434999999998,2.185725,6.478225,2.3232749999999998,45.9997625,0.2032285947737671,-0.748726777483164
121.05,23.2,215.6993,SSP2-4.5,2081-2100,6.786500000000018,99.0361,118.63499999999999,2.0550999999999995,7.8516999999999975,2.365500000000001,48.0904,99.897525,114.66633750000003,2.1764749999999995,7.654525000000001,2.3969999999999994,48.675475,0.2032285947737671,-0.6855309971133726
121.05,23.25,211.5235,SSP2-4.5,2081-2100,1.2882999999999925,99.63699999999999,77.0773999999999,2.106300000000001,10.205199999999998,2.4827999999999992,50.2654,94.6044625,97.38027499999995,2.118337499999999,7.861412500000002,2.3418125,46.5826875,0.2032285947737671,-0.6223352167435812
121.05,23.3,207.615,SSP2-4.5,2081-2100,-3.507000000000005,80.85810000000001,55.95939999999996,1.9404000000000003,9.608600000000003,2.6448,42.217299999999994,95.950275,80.99946249999994,1.9275125000000004,7.669612500000001,2.1678999999999995,48.183875,0.2032285947737671,-0.5591394363737897
121.05,23.35,199.6455,SSP2-4.5,2081-2100,-8.284199999999998,96.48889999999999,64.05700000000002,1.5574000000000012,7.427599999999998,1.7861999999999991,47.9115,93.8589375,78.1388874999999,1.6443875000000003,7.2993500000000004,2.0118500000000004,47.4418125,0.2032285947737671,-0.4959436560039983
121.05,23.4,191.6569,SSP2-4.5,2081-2100,-6.415700000000015,100.98079999999999,77.27199999999993,1.2600999999999978,6.898299999999999,1.5052000000000003,48.857699999999994,94.2693875,83.73828749999998,1.3745125000000007,5.67285,1.7183249999999999,47.490849999999995,0.2032285947737671,-0.43274787563421135
121.05,23.45,190.2957,SSP2-4.5,2081-2100,1.1858000000000004,82.3699,83.84490000000005,1.1018000000000008,3.705199999999998,1.4655000000000005,41.9827,93.63040000000001,87.44781249999997,1.1660374999999998,4.500662500000001,1.7232875,47.3865375,0.2032285947737671,-0.3695520952644199
121.05,23.5,195.1576,SSP2-4.5,2081-2100,3.6159000000000106,81.9357,79.72529999999983,0.9019999999999975,2.5397000000000034,2.0052000000000003,45.0077,91.52235,82.87440000000004,1.05225,3.299362500000001,1.8655125,45.75985,0.2032285947737671,-0.3063563148946285
121.05,23.55,201.5322,SSP2-4.5,2081-2100,4.70920000000001,92.6545,62.28620000000001,0.9700999999999986,2.598300000000002,2.3155,46.0865,93.19998749999999,67.345225,1.023475,3.852162500000002,1.8351250000000001,47.898325,0.2032285947737671,-0.24316053452483705
121.05,23.6,207.0804,SSP2-4.5,2081-2100,2.5622999999999934,96.5077,40.67620000000011,1.052900000000001,5.929300000000005,1.4931,48.5096,100.13127499999999,49.56208750000002,1.0716875,4.203025000000001,1.86035,51.75625,0.2032285947737671,-0.17996475415504562
121.05,23.65,216.5508,SSP2-4.5,2081-2100,-4.533299999999997,109.7946,30.52559999999994,1.0496000000000016,4.4983,1.7913999999999994,57.0096,106.1848875,37.95086249999997,1.1405374999999993,4.754312500000001,1.5116500000000002,56.5509625,0.2032285947737671,-0.11676897378525869
121.05,23.7,233.9575,SSP2-4.5,2081-2100,-12.498100000000022,118.8177,25.697599999999966,1.0878999999999976,4.172400000000003,1.3724000000000007,66.5519,112.1773375,30.90474999999998,1.1061124999999996,4.831474999999999,1.4808375,60.7451875,0.2032285947737671,-0.053573193415467256
121.05,23.75,243.289,SSP2-4.5,2081-2100,-12.744999999999976,121.72219999999999,14.404899999999998,0.9478000000000009,5.117199999999997,1.4328000000000003,68.48079999999999,116.24063749999999,7.960237499999977,1.002562499999999,5.617475,1.3338375,63.92306250000001,0.2032285947737671,0.009622586954324176
121.05,23.8,226.6518,SSP2-4.5,2081-2100,-4.991299999999995,120.27759999999999,-35.4987000000001,0.8640000000000008,7.082799999999999,0.7258999999999993,66.6423,112.612975,-27.813687499999958,0.8587375000000002,5.503237499999999,1.3293,61.5728125,0.2032285947737671,0.0728183673241156
121.05,23.85,227.46,SSP2-4.5,2081-2100,4.640299999999996,114.6917,-78.25849999999991,0.716700000000003,4.455199999999998,1.2293000000000003,62.928799999999995,110.2983625,-48.863399999999956,0.8708625000000003,6.5344875,1.1019249999999998,59.4300375,0.2032285947737671,0.13601414769390704
121.05,23.9,222.2441,SSP2-4.5,2081-2100,12.134199999999993,105.5359,-39.94560000000001,0.9793000000000021,7.241399999999999,1.5534,57.407700000000006,107.74371249999999,-40.906537499999956,1.021875,6.075425000000001,0.9450375,57.584599999999995,0.2032285947737671,0.19920992806369398
121.05,23.95,236.7169,SSP2-4.5,2081-2100,33.432500000000005,103.56139999999999,5.330300000000079,1.328599999999998,6.510300000000001,1.3345000000000002,55.64229999999999,109.124425,-1.8115374999999858,1.2805999999999997,6.481462500000002,1.1036500000000002,58.9326875,0.2032285947737671,0.26240570843348543
121.05,24.0,249.6501,SSP2-4.5,2081-2100,38.45330000000001,106.89930000000001,22.69309999999996,1.5505999999999993,5.872399999999999,1.4171999999999993,57.7654,107.89095,40.92375000000004,1.521174999999999,6.087500000000002,1.106475,57.35695,0.2032285947737671,0.32560148880327683
121.05,24.05,247.8418,SSP2-4.5,2081-2100,45.404300000000006,103.4832,66.61670000000004,1.657,7.356900000000003,1.1913999999999998,50.6442,108.83610000000002,71.56992500000001,1.7324999999999995,5.514875,1.098275,57.4309875,0.2032285947737671,0.3887972691730683
121.05,24.1,264.8585,SSP2-4.5,2081-2100,46.302700000000016,110.07070000000002,101.27689999999984,1.8293999999999997,6.586199999999998,1.1792999999999996,55.919200000000004,102.0764625,86.36687500000005,1.8836375000000003,6.073924999999999,0.7411749999999997,50.735325,0.2032285947737671,0.4519930495428597
121.05,24.15,276.5115,SSP2-4.5,2081-2100,35.016399999999976,87.66959999999999,94.67869999999994,2.014099999999999,7.322400000000002,0.46720000000000006,39.430800000000005,100.9212125,97.35122499999994,1.8945375000000007,5.835549999999998,0.9467874999999997,49.437237499999995,0.2032285947737671,0.5151888299126467
121.05,24.2,296.6736,SSP2-4.5,2081-2100,36.43179999999995,97.8478,101.81950000000006,1.9981000000000009,6.337899999999998,1.3965999999999994,45.9788,94.34155,99.08092499999998,1.8785875,5.9165874999999994,0.8206875,43.933175,0.2032285947737671,0.578384610282438
121.05,24.25,308.0691,SSP2-4.5,2081-2100,36.9787,98.5267,120.92730000000029,1.9136000000000024,4.812100000000001,0.9672000000000001,45.5231,92.3991,64.49444999999986,1.7292999999999994,4.8698125,0.9278000000000002,43.31201250000001,0.2032285947737671,0.6415803906522295
121.05,24.3,333.5907,SSP2-4.5,2081-2100,41.41129999999998,83.80969999999999,-6.725400000000263,1.5917999999999992,3.3034000000000034,0.9724000000000004,38.157700000000006,91.47233750000001,34.165074999999945,1.6424000000000003,3.4814749999999997,0.5198125,42.481012500000006,0.2032285947737671,0.704776171022021
121.05,24.35,308.0292,SSP2-4.5,2081-2100,35.31060000000002,90.70690000000002,-47.71270000000004,1.6228000000000016,2.3414,0.2154999999999987,40.4962,90.83075,3.2025624999998854,1.3710500000000003,2.4672375000000004,0.6094750000000004,43.3185125,0.2032285947737671,0.7679719513918124
121.05,24.4,289.6841,SSP2-4.5,2081-2100,20.110299999999995,97.9023,20.631599999999708,1.2927,1.3828000000000031,0.6844999999999999,47.6577,91.29762500000001,2.244162499999959,1.2020375000000008,1.9023749999999993,0.7107750000000002,43.483175,0.2032285947737671,0.8311677317615993
121.05,24.45,294.0646,SSP2-4.5,2081-2100,19.56080000000003,90.8854,51.23439999999982,0.9603000000000002,3.469000000000001,1.3862000000000005,43.2058,91.56705,-5.413749999999993,1.1775625000000005,3.0967624999999988,0.7133625000000006,44.253375000000005,0.2032285947737671,0.8943635121313908
121.05,24.5,317.0719,SSP2-4.5,2081-2100,15.314899999999966,85.6626,-38.352800000000116,1.1289000000000016,3.417199999999994,0.2431000000000001,39.7731,93.50115,-22.13945000000001,1.1413000000000002,4.721125000000001,0.7644375000000003,46.58535,0.2032285947737671,0.9575592925011822
121.05,24.55,334.6958,SSP2-4.5,2081-2100,20.383899999999983,98.36009999999999,-86.55859999999984,1.1480999999999995,7.286200000000001,0.6913999999999998,50.7558,95.8519375,-31.789324999999963,1.0945250000000004,5.261199999999999,0.640525,50.1468875,0.2032285947737671,1.0207550728709736
121.05,24.6,295.7651,SSP2-4.5,2081-2100,11.420699999999954,101.0703,-29.110099999999875,0.9756,3.041400000000003,1.0344999999999995,55.7115,101.66458750000001,-15.121074999999962,1.0092000000000003,5.2346875,0.6797499999999999,56.962512499999995,0.2032285947737671,1.0839508532407651
121.05,24.65,221.7964,SSP2-4.5,2081-2100,7.6892,104.23200000000001,16.1242000000002,0.8626000000000005,2.8085999999999984,0.6396999999999995,61.746199999999995,103.52292500000001,18.21686250000002,1.0151750000000002,4.146325,0.377375,60.760324999999995,0.2032285947737671,1.147146633610552
121.05,24.7,182.9404,SSP2-4.5,2081-2100,2.250699999999995,105.5951,38.70179999999982,0.9897999999999989,4.381,-0.24479999999999968,63.98649999999999,104.6185375,30.22342499999999,1.0620250000000007,3.2803749999999994,-0.033624999999999794,63.229575,0.2032285947737671,1.2103424139803434
121.05,24.75,161.2503,SSP2-4.5,2081-2100,7.799199999999985,105.8938,22.784999999999854,1.0823999999999998,1.1206999999999994,-0.6878999999999991,64.325,105.34992499999998,26.888149999999996,1.0319250000000006,3.7006375,-0.34807500000000013,64.3959125,0.2032285947737671,1.273538194350135
121.05,24.8,152.8326,SSP2-4.5,2081-2100,14.398399999999981,107.30739999999999,14.001100000000179,1.0005000000000024,2.9052000000000007,-0.2414000000000005,65.9788,104.633175,19.739612499999964,1.017125,3.369612499999999,-0.36358749999999995,64.10119999999999,0.2032285947737671,1.3367339747199263
121.05,24.85,141.2455,SSP2-4.5,2081-2100,11.857200000000006,104.8003,21.36810000000014,0.9899999999999984,2.6344999999999956,-0.6982999999999997,64.55189999999999,103.30475,26.513150000000024,1.1037875000000006,4.684287499999999,-0.07695000000000018,63.5605625,0.2032285947737671,1.3999297550897176
121.05,24.9,136.1488,SSP2-4.5,2081-2100,11.935200000000009,100.83080000000001,42.401400000000194,1.4594999999999985,7.012099999999997,0.23099999999999987,62.553799999999995,101.68025,37.94946249999995,1.1731374999999997,4.943124999999998,-0.042674999999999796,63.014174999999994,0.2032285947737671,1.4631255354595045
121.05,24.95,139.4281,SSP2-4.5,2081-2100,13.754699999999985,98.4348,68.95359999999982,1.2924999999999969,6.020699999999998,0.40000000000000036,61.9865,100.09008750000001,49.480099999999965,1.3441750000000008,5.607562499999999,-0.13556250000000003,62.121875,0.2032285947737671,1.526321315829296
121.05,25.0,144.7718,SSP2-4.5,2081-2100,10.3553,98.5998,67.3476999999998,1.5458999999999996,4.191400000000002,-0.0671999999999997,60.6096,99.2142375,59.12439999999995,1.4954875000000003,5.8862125,-0.1898749999999998,61.900724999999994,0.2032285947737671,1.5895170961990874
121.05,25.05,148.9552,SSP2-4.5,2081-2100,20.80800000000002,98.11149999999999,72.1851999999999,1.8908000000000023,7.087900000000005,-0.42409999999999926,60.42119999999999,98.885575,67.99369999999993,1.5151125000000003,5.065525,-0.17154999999999987,61.747837499999996,0.2032285947737671,1.652712876568879
121.1,22.7,209.7102,SSP2-4.5,2081-2100,-8.079699999999974,109.65599999999999,54.154599999999846,2.1980000000000004,11.075899999999997,1.6275999999999993,54.6904,109.86930000000001,73.55407499999998,1.668625,10.086425000000002,2.2603625,55.463,0.30892243485498844,-1.317488800811278
121.1,22.75,218.2794,SSP2-4.5,2081-2100,-7.455200000000019,111.16220000000001,78.58190000000013,1.7273999999999994,9.920700000000004,2.025900000000001,56.3654,110.569425,81.61542499999999,1.8884875000000005,9.454325,2.2234999999999996,56.05505,0.30892243485498844,-1.2542930204414864
121.1,22.8,239.6302,SSP2-4.5,2081-2100,-11.010999999999996,108.49169999999998,113.92540000000008,1.9095000000000013,7.4328,2.3085999999999993,56.5038,108.9035125,85.35023750000002,2.0897375000000005,9.599800000000002,2.1651,55.8512125,0.30892243485498844,-1.191097240071695
121.1,22.85,261.6494,SSP2-4.5,2081-2100,-14.801200000000023,96.52180000000001,80.5150000000001,2.2682,10.132800000000003,2.1240999999999994,49.957699999999996,107.73265,100.62356250000002,2.2862875000000007,9.9599375,2.226075,55.299512500000006,0.30892243485498844,-1.1279014597019037
121.1,22.9,261.195,SSP2-4.5,2081-2100,-10.529599999999988,99.65890000000002,65.54610000000002,2.433,14.425900000000002,2.1103000000000005,50.1712,103.8963875,130.7791,2.3831875,9.3329875,2.297625,52.0913375,0.30892243485498844,-1.0647056793321166
121.1,22.95,241.7306,SSP2-4.5,2081-2100,13.58189999999999,111.5541,137.84860000000003,2.2044999999999995,9.127600000000001,2.4603,54.901900000000005,102.6462,160.2386,2.4992249999999996,9.1646625,2.25085,50.6952,0.30892243485498844,-1.0015098989623252
121.1,23.0,222.7341,SSP2-4.5,2081-2100,17.3819,104.6466,166.4384,2.411200000000001,9.5948,2.5345000000000004,51.634600000000006,98.1951375,172.17733749999996,2.3937749999999993,7.4342625,2.1958875000000004,46.943025,0.30892243485498844,-0.9383141185925338
121.1,23.05,218.2652,SSP2-4.5,2081-2100,12.97120000000001,86.1747,129.17290000000003,2.1050000000000004,8.267199999999999,2.0793,39.86149999999999,102.2505125,160.46781249999995,2.3056,6.8812500000000005,2.2058,49.453612500000006,0.30892243485498844,-0.8751183382227424
121.1,23.1,223.2152,SSP2-4.5,2081-2100,13.726100000000002,110.9572,117.45479999999998,1.756300000000003,5.932800000000004,2.3240999999999996,55.6462,100.31711250000001,134.56251249999997,2.1408125,7.3777875,2.3284375,48.00335,0.30892243485498844,-0.811922557852951
121.1,23.15,245.1815,SSP2-4.5,2081-2100,6.013900000000007,112.4045,109.52870000000007,2.1507000000000005,7.5017,2.3931000000000004,56.9365,101.28943749999999,117.91607499999995,2.0289625,7.4170250000000015,2.319175,48.48775,0.30892243485498844,-0.748726777483164
121.1,23.2,221.9474,SSP2-4.5,2081-2100,-2.0313999999999908,95.1654,99.38539999999989,2.030899999999999,8.437900000000006,2.146600000000001,44.1308,100.6961,104.24587499999998,2.1440749999999995,9.196125,2.2911624999999995,48.8983125,0.30892243485498844,-0.6855309971133726
121.1,23.25,201.5175,SSP2-4.5,2081-2100,1.4333999999999776,101.61489999999999,92.04330000000004,2.349499999999999,11.206900000000005,2.239699999999999,49.5923,93.6867,99.25323749999993,2.1996624999999996,9.439,2.2915875000000003,45.3127375,0.30892243485498844,-0.6223352167435812
121.1,23.3,201.1787,SSP2-4.5,2081-2100,5.4077000000000055,93.47119999999998,108.81499999999983,2.3557000000000006,10.2241,2.7741000000000007,45.6846,98.92893749999999,105.54726249999996,2.2174750000000003,9.226725000000002,2.2564625,49.3285875,0.30892243485498844,-0.5591394363737897
121.1,23.35,193.4156,SSP2-4.5,2081-2100,4.939399999999978,108.4267,129.32639999999992,2.0695000000000014,5.258599999999998,2.4724000000000004,55.0288,101.60555,115.97229999999996,2.0299875,8.4991375,2.2859875,51.007675,0.30892243485498844,-0.4959436560039983
121.1,23.4,184.9147,SSP2-4.5,2081-2100,4.177699999999987,112.9607,121.29729999999995,1.7594999999999992,7.789700000000003,2.4000000000000004,58.2596,101.43991249999999,125.69420000000002,1.68975,5.876299999999999,1.9864249999999999,50.60838749999999,0.30892243485498844,-0.43274787563421135
121.1,23.45,184.3021,SSP2-4.5,2081-2100,6.012400000000014,102.94139999999999,115.78240000000005,1.3091000000000008,5.043100000000003,1.7051999999999996,50.0115,94.161925,121.18968750000002,1.4148249999999991,4.671362500000001,1.8989250000000002,47.67715,0.30892243485498844,-0.3695520952644199
121.1,23.5,183.5907,SSP2-4.5,2081-2100,8.666699999999992,83.06129999999999,108.65039999999999,1.159600000000001,2.9121000000000024,1.6379000000000001,42.326899999999995,88.38148749999999,112.92033750000004,1.2385499999999992,3.556050000000001,1.8101250000000002,43.782925000000006,0.30892243485498844,-0.3063563148946285
121.1,23.55,185.1699,SSP2-4.5,2081-2100,7.231899999999996,87.181,96.1210000000001,1.081199999999999,4.0586000000000055,1.7293000000000003,42.2635,84.7139875,99.70695,1.2111625,3.9461375000000007,1.7747750000000004,42.6346125,0.30892243485498844,-0.24316053452483705
121.1,23.6,187.5404,SSP2-4.5,2081-2100,4.525000000000006,79.4803,79.23710000000005,1.1314000000000028,4.560299999999998,1.6690000000000005,40.2308,91.02976249999999,86.34386250000006,1.23345,4.549787500000002,1.7547375000000003,45.510575,0.30892243485498844,-0.17996475415504562
121.1,23.65,193.9438,SSP2-4.5,2081-2100,-1.2419000000000153,85.21520000000001,68.49120000000016,1.2590000000000003,5.506900000000002,1.5396999999999998,44.8865,98.47449999999999,78.9991125,1.2443874999999998,4.422837500000001,1.7023750000000004,51.4661125,0.30892243485498844,-0.11676897378525869
121.1,23.7,206.6394,SSP2-4.5,2081-2100,-7.840900000000005,102.81369999999998,69.78679999999986,1.1613999999999969,3.989699999999999,1.6431000000000004,53.267300000000006,104.611175,72.94543750000003,1.2105875,4.0107625,1.6510875000000005,56.3865375,0.30892243485498844,-0.053573193415467256
121.1,23.75,220.3771,SSP2-4.5,2081-2100,-14.145200000000017,109.98230000000001,70.17039999999997,1.0337999999999994,4.384499999999996,1.1879000000000008,60.1442,107.2624125,53.576487499999985,1.1182124999999998,4.308625,1.5088500000000002,58.516825000000004,0.30892243485498844,0.009622586954324176
121.1,23.8,201.3441,SSP2-4.5,2081-2100,-10.394599999999997,107.7045,33.336700000000064,0.9395999999999987,5.569000000000003,1.293099999999999,58.45960000000001,99.667175,29.32419999999999,1.046075000000001,4.767674999999999,1.1493500000000005,52.8598375,0.30892243485498844,0.0728183673241156
121.1,23.85,203.6382,SSP2-4.5,2081-2100,-5.764100000000013,86.9536,20.08199999999988,1.136099999999999,5.3155,0.39480000000000004,42.6615,98.88352499999999,13.510175000000032,1.0703125000000009,6.00885,1.0461250000000002,51.6185,0.30892243485498844,0.13601414769390704
121.1,23.9,215.4339,SSP2-4.5,2081-2100,13.344099999999997,107.66149999999999,36.4974000000002,1.3544000000000018,7.094799999999999,0.5052000000000003,55.4462,94.4653875,20.689924999999988,1.2739875,6.105387500000001,0.8523625000000004,48.576425,0.30892243485498844,0.19920992806369398
121.1,23.95,231.9823,SSP2-4.5,2081-2100,31.096499999999992,100.23589999999999,53.05150000000003,1.642900000000001,6.382800000000003,0.40000000000000036,53.3942,100.1432375,40.59053750000004,1.4974124999999998,6.112712500000001,0.8579750000000002,52.148799999999994,0.30892243485498844,0.26240570843348543
121.1,24.0,228.2982,SSP2-4.5,2081-2100,35.25540000000001,99.9248,51.7483000000002,1.6466999999999992,5.734500000000004,1.358600000000001,52.569199999999995,100.9405625,60.831999999999994,1.6979124999999997,6.127800000000001,0.6657374999999996,51.8322125,0.30892243485498844,0.32560148880327683
121.1,24.05,224.8174,SSP2-4.5,2081-2100,38.4469,101.07930000000002,73.67920000000004,1.8232999999999997,6.9361999999999995,0.3930999999999987,49.5154,100.7772125,70.7985625,1.779875,5.9521625,0.7741374999999997,50.7749875,0.30892243485498844,0.3887972691730683
121.1,24.1,239.5316,SSP2-4.5,2081-2100,42.5257,99.9713,73.90059999999994,1.9459000000000017,6.912099999999995,0.33619999999999983,48.5942,96.426725,80.53753749999998,1.8688625000000005,6.581025000000001,0.5883624999999995,46.2978375,0.30892243485498844,0.4519930495428597
121.1,24.15,254.6405,SSP2-4.5,2081-2100,40.88919999999999,87.9323,86.35370000000012,2.009800000000002,6.4361999999999995,0.2051999999999996,40.6692,94.06971250000001,93.34609999999998,1.9202000000000004,6.239,0.6249999999999996,44.51345,0.30892243485498844,0.5151888299126467
121.1,24.2,271.6774,SSP2-4.5,2081-2100,43.21730000000002,83.7933,137.07719999999972,2.027799999999999,5.865499999999997,0.9344999999999999,38.8615,92.2347375,106.35477500000002,1.9286250000000007,5.8265125,0.6144374999999997,42.395187500000006,0.30892243485498844,0.578384610282438
121.1,24.25,272.0958,SSP2-4.5,2081-2100,45.39839999999998,94.69310000000002,161.21099999999979,2.0764999999999993,6.062100000000001,1.2345000000000006,43.0788,89.420275,83.56101249999995,1.8014999999999999,4.476299999999999,0.5861999999999998,41.199987500000006,0.30892243485498844,0.6415803906522295
121.1,24.3,259.7439,SSP2-4.5,2081-2100,39.99799999999999,85.51689999999999,39.43329999999969,1.7990999999999993,2.598300000000002,0.11030000000000051,40.3673,85.7418875,52.027574999999956,1.7153750000000008,3.6444124999999996,0.4017124999999999,38.799512500000006,0.30892243485498844,0.704776171022021
121.1,24.35,265.8524,SSP2-4.5,2081-2100,32.58160000000004,78.19030000000001,-16.23610000000008,1.6285000000000025,1.1361999999999952,0.04139999999999944,36.5038,85.38907499999999,16.671587499999987,1.5364250000000004,2.753250000000002,0.38985000000000025,39.044475,0.30892243485498844,0.7679719513918124
121.1,24.4,270.9881,SSP2-4.5,2081-2100,17.315600000000018,88.97559999999999,4.632800000000316,1.458400000000001,2.848300000000002,1.0810000000000013,40.625,85.2265625,18.70282499999996,1.418437500000001,2.2577750000000005,0.5846874999999998,39.3889375,0.30892243485498844,0.8311677317615993
121.1,24.45,294.4583,SSP2-4.5,2081-2100,16.554300000000012,89.6959,21.92360000000008,1.4274999999999984,0.04999999999999716,0.8585999999999991,42.2365,87.8234,24.436249999999973,1.3985625000000006,3.586862500000001,0.9043000000000003,41.270925000000005,0.30892243485498844,0.8943635121313908
121.1,24.5,335.8741,SSP2-4.5,2081-2100,17.917100000000005,83.55019999999999,-3.7701999999999316,1.6853000000000016,6.963799999999999,0.9379000000000008,39.7462,89.9027125,6.590849999999932,1.2726125000000001,4.3340499999999995,0.9956874999999998,43.5875125,0.30892243485498844,0.9575592925011822
121.1,24.55,340.5173,SSP2-4.5,2081-2100,12.968600000000038,97.4853,-17.071000000000367,1.1401000000000003,6.972400000000004,1.1241000000000003,49.455799999999996,91.89613750000001,-11.987149999999929,1.1812625000000003,5.289,1.0713499999999998,46.731500000000004,0.30892243485498844,1.0207550728709736
121.1,24.6,306.6514,SSP2-4.5,2081-2100,9.233899999999949,98.56490000000001,16.28690000000006,0.9341000000000008,4.9086,1.655199999999999,53.5846,98.209575,-13.452137499999964,0.9990125000000005,5.2047375,1.1513000000000002,53.273075,0.30892243485498844,1.0839508532407651
121.1,24.65,236.5661,SSP2-4.5,2081-2100,11.125,101.443,41.144000000000005,0.9898000000000025,4.210299999999997,1.4155000000000015,59.31150000000001,100.6666875,7.5026875000000075,0.9748125000000001,4.132100000000001,0.7965624999999998,57.81585,0.30892243485498844,1.147146633610552
121.1,24.7,177.9282,SSP2-4.5,2081-2100,11.779200000000003,101.70149999999998,38.00489999999991,1.1675000000000004,2.6810000000000045,-0.019000000000000128,62.36729999999999,101.8968375,17.269987499999957,1.0209875000000004,3.8950249999999986,0.2784500000000003,60.884612499999996,0.30892243485498844,1.2103424139803434
121.1,24.75,159.3,SSP2-4.5,2081-2100,13.058899999999994,101.96159999999999,15.247000000000071,1.027000000000001,4.767199999999995,-0.6189999999999998,63.0308,102.24709999999999,6.843474999999927,1.0086000000000004,4.0314499999999995,-0.10753750000000006,62.344224999999994,0.30892243485498844,1.273538194350135
121.1,24.8,160.3747,SSP2-4.5,2081-2100,14.721699999999998,100.72259999999999,-8.033500000000004,0.9631000000000007,5.4361999999999995,-0.4638000000000009,62.0923,101.3473625,-5.380150000000015,0.994275,4.331249999999997,-0.17564999999999975,62.1096125,0.30892243485498844,1.3367339747199263
121.1,24.85,141.9203,SSP2-4.5,2081-2100,18.297699999999992,99.4647,9.694299999999885,1.2525999999999975,4.012099999999997,0.05340000000000078,60.9115,100.0763125,2.3785000000000593,1.1015125000000001,5.324362499999998,-0.0465500000000002,61.6507125,0.30892243485498844,1.3999297550897176
121.1,24.9,133.3081,SSP2-4.5,2081-2100,17.711600000000004,98.98540000000001,67.51340000000005,1.6244000000000014,5.127599999999994,0.32759999999999945,61.10960000000001,98.75049999999999,17.956162500000033,1.244324999999999,5.339887499999999,-0.012512499999999815,61.312974999999994,0.30892243485498844,1.4631255354595045
121.1,24.95,141.1648,SSP2-4.5,2081-2100,15.05449999999999,98.42159999999998,45.32709999999997,1.535499999999999,4.882800000000003,0.37240000000000073,62.6481,98.20566250000002,53.440912499999996,1.4865874999999997,4.929312499999999,-0.05042500000000005,61.1274,0.30892243485498844,1.526321315829296
121.1,25.0,145.5255,SSP2-4.5,2081-2100,15.023200000000003,97.74340000000001,80.79369999999994,1.6423000000000023,2.877600000000001,-0.6707000000000001,61.519200000000005,98.18055,68.49979999999996,1.6700249999999999,4.747625000000001,-0.04308749999999961,61.449774999999995,0.30892243485498844,1.5895170961990874
121.1,25.05,141.6811,SSP2-4.5,2081-2100,18.05370000000002,97.71780000000001,93.38509999999997,2.0016,4.279299999999999,-0.3085999999999993,61.9481,98.19843750000001,73.97401249999999,1.6973124999999998,4.253450000000002,-0.10106249999999983,61.4478375,0.30892243485498844,1.652712876568879
121.15,22.75,204.2117,SSP2-4.5,2081-2100,-2.6585000000000036,117.16409999999999,105.58269999999993,2.0168,9.606900000000003,2.3344999999999994,61.330799999999996,110.2382375,75.63560000000001,2.0326500000000003,9.37135,1.9230625,56.811787499999994,0.41461627493623976,-1.2542930204414864
121.15,22.8,211.0309,SSP2-4.5,2081-2100,-4.0937000000000126,110.72380000000001,97.90300000000002,2.0793,6.927600000000005,1.8500000000000005,58.099999999999994,108.8946125,82.78218750000002,2.0322500000000003,9.7801875,2.0493499999999996,56.724525,0.41461627493623976,-1.191097240071695
121.15,22.85,229.0423,SSP2-4.5,2081-2100,-7.922800000000024,105.4682,67.08860000000004,2.258800000000001,10.4328,1.7052000000000005,55.692299999999996,107.2577625,84.04468750000001,2.0838875000000003,9.5267375,2.0570874999999997,55.288225,0.41461627493623976,-1.1279014597019037
121.15,22.9,228.9635,SSP2-4.5,2081-2100,-2.8000000000000114,104.54400000000001,85.41899999999987,1.5664000000000016,12.020699999999998,2.122399999999999,53.517300000000006,104.94078750000001,102.03668750000003,2.1324749999999995,9.434275,2.1243375,52.8634625,0.41461627493623976,-1.0647056793321166
121.15,22.95,213.8064,SSP2-4.5,2081-2100,19.44290000000001,102.64890000000001,156.5634,1.6241999999999983,7.937899999999999,2.5276000000000005,50.2019,105.11698750000001,129.588975,2.2322374999999997,8.563799999999999,2.1517,51.73822500000001,0.41461627493623976,-1.0015098989623252
121.15,23.0,216.1364,SSP2-4.5,2081-2100,14.858599999999996,102.3457,174.06369999999993,2.1520999999999972,6.0259,1.9154999999999998,50.1712,103.26230000000001,147.14205000000004,2.1754375,6.8982624999999995,2.2788625,49.951425,0.41461627493623976,-0.9383141185925338
121.15,23.05,219.7358,SSP2-4.5,2081-2100,5.26509999999999,112.00880000000001,132.7784999999999,1.7063000000000024,6.7464999999999975,2.4586000000000006,54.4923,102.64881249999999,138.31367500000002,2.1661625000000004,6.1498,2.25645,49.764174999999994,0.41461627493623976,-0.8751183382227424
121.15,23.1,237.045,SSP2-4.5,2081-2100,-1.356899999999996,110.76659999999998,107.70429999999988,1.8765,5.691400000000002,2.5293,54.161500000000004,104.50874999999999,122.37066250000001,1.9058000000000015,6.4377125,2.3780125,50.7901375,0.41461627493623976,-0.811922557852951
121.15,23.15,249.418,SSP2-4.5,2081-2100,-7.257300000000015,108.86200000000001,108.90339999999992,2.0655,9.312100000000001,2.4052000000000007,52.371199999999995,102.79905,108.95703749999996,1.8729625000000008,6.815525000000001,2.2685375,49.3944625,0.41461627493623976,-0.748726777483164
121.15,23.2,231.0542,SSP2-4.5,2081-2100,-6.036100000000005,88.09699999999998,100.20889999999986,2.029299999999999,7.812100000000001,1.8740999999999994,39.1096,101.63252500000002,104.39134999999999,2.0692625,8.306037500000002,2.2101500000000005,49.0271625,0.41461627493623976,-0.6855309971133726
121.15,23.25,215.7752,SSP2-4.5,2081-2100,0.3219999999999743,92.16130000000001,102.76999999999998,2.3790999999999976,11.569000000000003,1.8809999999999993,43.9692,97.7866625,111.38114999999993,2.2597375,8.844825,2.1954875000000005,46.833650000000006,0.41461627493623976,-0.6223352167435812
121.15,23.3,208.7432,SSP2-4.5,2081-2100,5.536599999999993,101.0675,131.1748,2.7005000000000017,9.8034,2.163800000000001,49.0346,102.755025,143.24643749999996,2.3657999999999992,8.34655,2.3545249999999998,51.2834,0.41461627493623976,-0.5591394363737897
121.15,23.35,210.3023,SSP2-4.5,2081-2100,12.446400000000011,111.17710000000001,191.96979999999985,2.6371,8.7345,2.3810000000000002,56.6096,107.7508,168.82382499999997,2.233925,7.013787499999999,2.3769375000000004,54.503587499999995,0.41461627493623976,-0.4959436560039983
121.15,23.4,202.4417,SSP2-4.5,2081-2100,12.272300000000001,115.84009999999999,177.23310000000015,2.0291999999999994,7.506899999999998,2.6328000000000005,59.4865,105.40147499999999,185.823,1.984675,5.2056125,2.1836124999999997,52.924499999999995,0.41461627493623976,-0.43274787563421135
121.15,23.45,199.0466,SSP2-4.5,2081-2100,14.19059999999999,93.2944,166.0680000000002,1.553799999999999,2.4361999999999995,1.9430999999999994,44.9788,100.5520875,175.68611250000004,1.7386625,5.0099375,2.0933125,50.156962500000006,0.41461627493623976,-0.3695520952644199
121.15,23.5,195.4459,SSP2-4.5,2081-2100,15.64870000000002,82.85249999999999,155.42650000000003,1.5525999999999982,3.582799999999999,1.601700000000001,40.5173,93.5223125,163.49625000000006,1.538125,4.271775000000002,1.8780124999999999,45.3896625,0.41461627493623976,-0.3063563148946285
121.15,23.55,189.8661,SSP2-4.5,2081-2100,18.318900000000014,83.82249999999999,144.10840000000007,1.4377999999999993,4.484499999999997,1.7155000000000005,39.415400000000005,87.348125,149.40372500000004,1.5047625000000002,4.403025000000001,1.7805875000000002,42.963475,0.41461627493623976,-0.24316053452483705
121.15,23.6,186.0783,SSP2-4.5,2081-2100,18.433299999999974,77.3974,127.54549999999995,1.4829000000000008,4.9620999999999995,1.7603000000000009,38.9827,89.639825,135.76581250000007,1.4949999999999999,4.584037500000001,1.6118500000000002,44.09063750000001,0.41461627493623976,-0.17996475415504562
121.15,23.65,185.8847,SSP2-4.5,2081-2100,15.297599999999989,95.6652,120.99680000000012,1.5340999999999987,4.360300000000002,1.6931000000000012,46.9308,90.766725,129.57398750000002,1.4936999999999998,3.9448250000000007,1.7909500000000003,47.19015,0.41461627493623976,-0.11676897378525869
121.15,23.7,194.7473,SSP2-4.5,2081-2100,11.607,107.3194,137.52729999999997,1.4548999999999985,2.9102999999999994,2.1966,60.2462,93.5158125,114.3813125,1.4179374999999999,3.1851250000000007,1.7521500000000005,48.812975,0.41461627493623976,-0.053573193415467256
121.15,23.75,198.8984,SSP2-4.5,2081-2100,0.5472000000000037,88.37279999999998,115.74970000000008,1.3176000000000023,1.1362000000000023,1.9948000000000015,46.8423,93.5684875,93.28361249999998,1.2828,3.240312499999999,1.7351375,49.80985,0.41461627493623976,0.009622586954324176
121.15,23.8,191.5716,SSP2-4.5,2081-2100,-1.4595999999999947,91.07140000000001,67.60760000000005,1.172500000000003,4.491399999999999,1.4121000000000006,47.6442,82.7147,69.38569999999999,1.2092625,3.948062499999999,1.3874875000000002,41.474025,0.41461627493623976,0.0728183673241156
121.15,23.85,194.29,SSP2-4.5,2081-2100,1.6350000000000193,64.26580000000001,60.33619999999996,1.1800999999999995,6.1586,0.8172000000000015,27.534599999999998,86.27543750000001,57.31393750000001,1.2466750000000002,5.3418125,1.0375125,42.7199375,0.41461627493623976,0.13601414769390704
121.15,23.9,210.7855,SSP2-4.5,2081-2100,7.540999999999997,79.8598,64.00630000000001,1.3558999999999983,5.9776000000000025,0.8328000000000007,36.8846,88.360625,65.97527499999998,1.4597124999999997,6.06055,0.6215500000000003,43.5812375,0.41461627493623976,0.19920992806369398
121.15,23.95,221.0313,SSP2-4.5,2081-2100,24.36670000000001,100.61900000000001,80.91719999999987,1.8522999999999996,6.8017,0.2568999999999999,52.1577,94.04575,83.36008750000008,1.6759125000000004,5.776087500000001,0.3957000000000004,47.175225,0.41461627493623976,0.26240570843348543
121.15,24.0,208.2416,SSP2-4.5,2081-2100,29.079700000000003,97.08419999999998,103.47730000000001,1.9115000000000002,3.668999999999997,-0.39480000000000004,49.3173,96.23570000000001,89.58715000000007,1.8718250000000003,5.9931125000000005,0.4450375,48.2937375,0.41461627493623976,0.32560148880327683
121.15,24.05,227.0086,SSP2-4.5,2081-2100,31.54480000000001,94.56220000000002,80.89069999999992,1.8171,5.493099999999998,0.7275999999999989,46.2212,94.8848125,84.79526250000009,1.9243750000000008,5.6713499999999994,0.2857750000000001,46.5228125,0.41461627493623976,0.3887972691730683
121.15,24.1,226.4273,SSP2-4.5,2081-2100,34.637699999999995,94.22200000000001,65.7849000000001,1.8808000000000007,5.993100000000005,0.37759999999999927,45.1692,93.4632125,76.87568750000003,1.9190625000000008,5.754087499999999,0.3659499999999998,44.627399999999994,0.41461627493623976,0.4519930495428597
121.15,24.15,233.0759,SSP2-4.5,2081-2100,37.63069999999999,92.39450000000001,75.01949999999988,1.919400000000003,6.524100000000004,0.16549999999999976,42.8135,90.3207125,81.64221250000003,1.8581625000000002,5.215087499999999,0.2937624999999997,42.357675,0.41461627493623976,0.5151888299126467
121.15,24.2,239.0644,SSP2-4.5,2081-2100,40.20939999999999,86.58850000000001,97.21150000000034,1.7460999999999984,4.370699999999999,0.14309999999999867,39.3404,90.0428375,94.05619999999988,1.7498125000000004,5.0722000000000005,0.33923749999999986,41.576425,0.41461627493623976,0.578384610282438
121.15,24.25,228.7634,SSP2-4.5,2081-2100,36.53649999999999,92.2254,113.61699999999973,1.7514000000000003,4.746599999999994,0.33619999999999983,42.3269,87.21436250000001,84.25953749999991,1.5587,4.1595,0.24978750000000005,40.1074375,0.41461627493623976,0.6415803906522295
121.15,24.3,218.3997,SSP2-4.5,2081-2100,29.72489999999999,87.0539,65.1277,1.5840999999999994,3.7759,-0.17070000000000007,39.044200000000004,80.66765,60.64927499999993,1.4785500000000007,3.583637499999999,0.1670250000000002,36.739887499999995,0.41461627493623976,0.704776171022021
121.15,24.35,226.7928,SSP2-4.5,2081-2100,20.29220000000001,60.729099999999995,26.01180000000022,1.5543000000000013,2.9776000000000025,-0.3827999999999996,25.2654,80.7143125,39.563375000000065,1.4299375000000007,3.0467875000000006,0.43382500000000035,36.896150000000006,0.41461627493623976,0.7679719513918124
121.15,24.4,243.9756,SSP2-4.5,2081-2100,9.792600000000022,88.41820000000001,31.97360000000026,1.3882000000000012,2.7983000000000047,0.6086000000000009,40.7423,77.68424999999999,38.3906750000001,1.4425000000000008,2.68945,0.7038625000000001,35.164649999999995,0.41461627493623976,0.8311677317615993
121.15,24.45,280.6583,SSP2-4.5,2081-2100,13.201900000000023,85.2844,61.79639999999972,1.473200000000002,3.9069000000000003,1.2654999999999994,39.0038,83.871475,43.958137500000134,1.5140624999999996,3.1719875000000015,1.0586000000000004,38.6485625,0.41461627493623976,0.8943635121313908
121.15,24.5,332.4719,SSP2-4.5,2081-2100,19.370799999999974,81.9085,67.3442,1.8014999999999972,3.9086000000000034,1.0275999999999996,39.4135,86.3543375,31.191575,1.3961125,4.171125,1.2086000000000001,40.975725,0.41461627493623976,0.9575592925011822
121.15,24.55,331.7236,SSP2-4.5,2081-2100,14.123100000000022,89.93950000000001,-7.589399999999841,1.101300000000002,5.662099999999995,1.3689999999999998,44.8558,87.1766375,19.190499999999986,1.2552499999999998,5.3937375,1.3426624999999999,43.298325,0.41461627493623976,1.0207550728709736
121.15,24.6,323.2732,SSP2-4.5,2081-2100,11.025500000000022,96.113,-14.147199999999884,0.6753,7.1240999999999985,1.6120999999999999,50.0115,91.720825,3.459612499999963,1.0446375000000008,5.135124999999999,1.4381375,48.541587500000006,0.41461627493623976,1.0839508532407651
121.15,24.65,257.0223,SSP2-4.5,2081-2100,15.432700000000011,97.0334,-10.409000000000106,1.0992999999999995,4.532800000000002,1.3241000000000014,54.336499999999994,96.0339,7.0105499999999665,0.9808500000000007,4.656225,1.1709124999999998,53.9867625,0.41461627493623976,1.147146633610552
121.15,24.7,207.5158,SSP2-4.5,2081-2100,11.137199999999979,101.0233,4.569999999999936,1.0943000000000005,3.5793000000000035,0.37069999999999936,60.78269999999999,98.91125,12.664049999999946,1.0719000000000003,4.160974999999999,0.8066750000000003,58.16995,0.41461627493623976,1.2103424139803434
121.15,24.75,181.2701,SSP2-4.5,2081-2100,15.684999999999974,97.99249999999999,9.996899999999869,1.0227000000000004,5.760299999999994,0.029299999999999216,59.557700000000004,99.89882499999999,1.2976999999999634,0.9994125,4.6351125,0.37802499999999983,60.724774999999994,0.41461627493623976,1.273538194350135
121.15,24.8,173.8362,SSP2-4.5,2081-2100,14.094600000000014,97.74060000000001,-65.27840000000015,0.7484999999999999,6.387899999999998,0.3966000000000012,59.6635,98.3974,-5.571837500000015,0.9419749999999998,5.499774999999998,0.2790874999999998,60.246649999999995,0.41461627493623976,1.3367339747199263
121.15,24.85,173.5678,SSP2-4.5,2081-2100,13.157099999999986,95.618,-70.85519999999997,0.8305000000000007,7.062100000000001,0.36209999999999987,58.8577,96.71635,0.15173749999996744,1.0103999999999993,5.849337499999999,0.18943749999999993,59.3610625,0.41461627493623976,1.3999297550897176
121.15,24.9,151.5627,SSP2-4.5,2081-2100,9.736599999999981,94.60539999999999,17.911100000000033,1.1955999999999989,6.029299999999999,-0.2862000000000009,58.39810000000001,95.927875,6.232362499999994,1.2098125,5.518537499999999,0.10408750000000011,59.00505,0.41461627493623976,1.4631255354595045
121.15,24.95,146.9294,SSP2-4.5,2081-2100,9.8108,97.8284,8.848900000000185,1.3984000000000023,5.0655,-0.5344999999999995,60.596199999999996,96.22141250000001,42.1711875,1.48785,4.585125000000001,-0.08555000000000013,59.7141875,0.41461627493623976,1.526321315829296
121.15,25.0,148.0878,SSP2-4.5,2081-2100,17.459700000000026,98.61730000000001,73.75749999999994,1.734099999999998,3.1103000000000023,0.1966000000000001,62.2462,97.407325,56.09472500000004,1.6674375000000006,4.244612500000001,-0.22563749999999982,60.751687499999996,0.41461627493623976,1.5895170961990874
121.15,25.05,138.5894,SSP2-4.5,2081-2100,25.1318,97.7132,118.19330000000014,1.9614000000000011,3.3430999999999997,0.02069999999999972,61.14229999999999,98.01757500000001,69.55316250000001,1.6872624999999997,4.0739125000000005,-0.14588749999999984,61.2567375,0.41461627493623976,1.652712876568879
121.15,25.1,133.6598,SSP2-4.5,2081-2100,17.431100000000015,97.19980000000001,72.20580000000018,1.609099999999998,3.848300000000002,-0.2414000000000005,61.14229999999999,98.0726625,73.7382375,1.7306249999999999,4.308175,-0.05041249999999964,61.00915,0.41461627493623976,1.7159086569386703
121.2,22.8,206.7171,SSP2-4.5,2081-2100,-3.6182000000000016,116.3432,76.8397,2.3835000000000015,9.9741,1.9602999999999993,61.0308,110.6363,84.09118749999999,2.02135,8.9957,2.02435,57.2387,0.520310115017461,-1.191097240071695
121.2,22.85,221.465,SSP2-4.5,2081-2100,-10.762400000000014,111.46169999999998,54.30520000000001,2.127399999999998,8.7207,1.8138000000000005,59.39809999999999,107.8417,89.099175,2.1260875,9.3036625,1.9885624999999998,55.0778875,0.520310115017461,-1.1279014597019037
121.2,22.9,210.415,SSP2-4.5,2081-2100,-1.0985000000000014,110.31700000000001,97.90409999999997,1.9038000000000004,6.579299999999996,2.1671999999999993,53.626900000000006,108.3768375,93.52743749999999,2.1293374999999997,9.9881375,2.0209,55.108174999999996,0.520310115017461,-1.0647056793321166
121.2,22.95,200.492,SSP2-4.5,2081-2100,19.406300000000016,101.8957,156.52250000000004,2.2398999999999987,8.117199999999997,2.0862,48.9577,106.88645,117.4206375,2.3141124999999994,8.2831875,2.0889875,52.696875000000006,0.520310115017461,-1.0015098989623252
121.2,23.0,206.371,SSP2-4.5,2081-2100,15.531599999999997,105.9739,152.96940000000018,2.946999999999999,2.6189999999999998,1.8171999999999997,50.925,105.1973,138.06610000000003,2.38385,6.9217625,2.2277875,51.167550000000006,0.520310115017461,-0.9383141185925338
121.2,23.05,215.9436,SSP2-4.5,2081-2100,7.2128999999999905,101.19569999999999,144.84270000000015,2.1654000000000018,2.7759,2.267199999999999,48.6365,106.53447499999999,127.94883750000002,2.3946875,6.0021625,2.3023625,51.8115375,0.520310115017461,-0.8751183382227424
121.2,23.1,235.1445,SSP2-4.5,2081-2100,-3.488900000000001,99.1301,113.8632,1.9158000000000008,8.291399999999996,2.5845000000000002,47.0769,106.9850125,117.80493750000002,2.026475000000001,5.5041,2.4282375,51.8038375,0.520310115017461,-0.811922557852951
121.2,23.15,236.1311,SSP2-4.5,2081-2100,-5.842900000000014,105.33700000000002,122.42110000000002,1.3814000000000028,2.674100000000003,2.5121,51.3,102.043475,104.43478749999997,1.9847875,7.6386,2.3017250000000002,48.2971,0.520310115017461,-0.748726777483164
121.2,23.2,238.2312,SSP2-4.5,2081-2100,-6.0822,100.53460000000001,101.08989999999994,1.8428000000000004,8.1828,1.7844999999999995,46.794200000000004,100.0471,105.4530125,2.1408125,7.655612500000001,2.27155,47.41515,0.520310115017461,-0.6855309971133726
121.2,23.25,247.1971,SSP2-4.5,2081-2100,-4.422600000000017,96.9805,98.98900000000003,2.3541999999999987,7.5638000000000005,2.319000000000001,47.1231,100.751925,124.01971249999997,2.3189625,8.503025000000001,2.1803875,48.1163375,0.520310115017461,-0.6223352167435812
121.2,23.3,235.7734,SSP2-4.5,2081-2100,10.927999999999997,105.3622,159.34289999999987,2.414999999999999,7.5276,2.2620999999999993,53.2,106.061925,171.0596,2.4801875,7.93275,2.39785,52.74375,0.520310115017461,-0.5591394363737897
121.2,23.35,238.803,SSP2-4.5,2081-2100,23.870600000000024,112.84630000000001,262.7151000000001,2.366299999999999,4.687899999999999,2.5069,59.0596,109.7314875,211.04734999999997,2.3880750000000006,6.946762499999999,2.3760875,55.3007125,0.520310115017461,-0.4959436560039983
121.2,23.4,231.2304,SSP2-4.5,2081-2100,25.030900000000003,112.0317,260.6859999999999,2.175700000000001,3.3120999999999974,1.8034,56.275000000000006,107.61538750000001,238.2566375,2.2193499999999995,5.4400875,2.4612125000000002,54.5045625,0.520310115017461,-0.43274787563421135
121.2,23.45,227.5312,SSP2-4.5,2081-2100,24.26599999999999,89.5335,238.73900000000003,2.0063999999999993,4.3828,2.2569,43.1731,105.790325,234.77447500000002,2.008,4.5907374999999995,2.421975,53.1975875,0.520310115017461,-0.3695520952644199
121.2,23.5,225.2992,SSP2-4.5,2081-2100,24.613499999999988,105.19550000000001,227.67420000000016,1.9172000000000011,5.550000000000001,2.7086000000000006,51.2058,98.7811625,229.3436625,1.8852374999999997,4.2401,2.372625,48.92235,0.520310115017461,-0.3063563148946285
121.2,23.55,220.2388,SSP2-4.5,2081-2100,24.888000000000005,103.1489,210.82659999999987,1.8399,5.306900000000002,1.3275999999999986,49.7423,92.932625,217.1477875,1.8573499999999998,4.787725,2.4058000000000006,46.037262500000004,0.520310115017461,-0.24316053452483705
121.2,23.6,206.7954,SSP2-4.5,2081-2100,29.106899999999996,80.4681,189.74850000000015,1.8732999999999986,4.291399999999999,1.8102999999999998,38.438500000000005,94.3579875,199.3404,1.8487624999999996,4.864862500000001,2.000212500000001,46.5603375,0.520310115017461,-0.17996475415504562
121.2,23.65,192.5687,SSP2-4.5,2081-2100,32.81639999999999,102.13739999999999,176.5969,1.8033000000000001,4.103400000000004,1.4103000000000012,50.8173,90.1962125,180.8070875,1.8111749999999995,3.6618500000000007,1.9663875000000004,46.69785,0.520310115017461,-0.11676897378525869
121.2,23.7,197.9342,SSP2-4.5,2081-2100,31.3262,91.30229999999999,187.65859999999998,1.7834000000000003,1.2345000000000041,2.2982999999999993,50.6519,90.4456625,144.55083750000003,1.6166625,2.3090375000000014,1.9133625000000005,47.049049999999994,0.520310115017461,-0.053573193415467256
121.2,23.75,198.2544,SSP2-4.5,2081-2100,4.066399999999987,72.63759999999999,105.60009999999988,1.4509000000000007,0.7654999999999959,2.25,36.9635,86.4277375,117.51388750000001,1.4435500000000008,1.8819000000000008,1.8230625,45.4800375,0.520310115017461,0.009622586954324176
121.2,23.8,189.9227,SSP2-4.5,2081-2100,1.0126000000000204,65.7167,74.58140000000003,1.265900000000002,2.577599999999997,1.5999999999999996,31.1019,77.6078375,85.4091875,1.3356000000000001,3.1877125,1.6333875000000002,37.70455,0.520310115017461,0.0728183673241156
121.2,23.85,191.8552,SSP2-4.5,2081-2100,4.447300000000013,66.0843,75.22910000000002,1.3500999999999976,5.677599999999998,1.5620999999999992,28.084600000000002,77.9390625,81.09897499999997,1.4105875000000005,4.8226249999999995,1.1890000000000003,37.0358,0.520310115017461,0.13601414769390704
121.2,23.9,205.9578,SSP2-4.5,2081-2100,7.54310000000001,85.1517,87.17099999999982,1.3989000000000011,6.030999999999999,0.7000000000000011,41.4769,81.1100375,98.4003875,1.647949999999999,5.669175000000001,0.8351249999999999,38.2588875,0.520310115017461,0.19920992806369398
121.2,23.95,219.311,SSP2-4.5,2081-2100,20.30109999999999,95.91320000000002,114.51780000000008,1.7628999999999984,5.022400000000001,0.33619999999999983,47.8942,87.3768,134.60845,2.0074000000000005,5.2497875,0.25001249999999997,42.417550000000006,0.520310115017461,0.26240570843348543
121.2,24.0,211.048,SSP2-4.5,2081-2100,37.324299999999994,86.5349,156.41110000000026,2.334100000000003,6.296599999999998,-0.5724,40.419200000000004,91.5352375,161.97048750000005,2.2898875,4.371337500000001,0.18059999999999987,44.7738,0.520310115017461,0.32560148880327683
121.2,24.05,239.5331,SSP2-4.5,2081-2100,32.372600000000034,91.0163,105.48140000000012,2.0953000000000017,5.2776,0.6603000000000012,44.1788,89.36015,171.62665000000004,2.4443000000000006,3.9784624999999996,-0.012062500000000087,42.7375,0.520310115017461,0.3887972691730683
121.2,24.1,223.0383,SSP2-4.5,2081-2100,29.3442,89.2457,47.87930000000006,1.7574000000000005,4.551699999999997,0.12760000000000105,42.4192,88.738425,159.9636125,2.3815250000000003,3.951937500000001,0.2745624999999998,41.8192375,0.520310115017461,0.4519930495428597
121.2,24.15,218.2223,SSP2-4.5,2081-2100,30.643400000000014,91.5041,71.80110000000013,1.9842999999999975,3.9017000000000017,0.31209999999999916,42.607699999999994,87.34048750000001,122.064325,2.0014500000000006,3.826937500000001,0.09159999999999968,40.523075,0.520310115017461,0.5151888299126467
121.2,24.2,229.8587,SSP2-4.5,2081-2100,27.049599999999998,89.30850000000001,73.1293999999998,1.5132000000000012,3.689700000000002,-0.08619999999999983,41.2,87.0506,95.5736,1.5626625000000005,3.6954625000000005,0.10453749999999928,39.88485,0.520310115017461,0.578384610282438
121.2,24.25,214.5532,SSP2-4.5,2081-2100,14.438699999999983,88.4915,34.24069999999983,0.7161000000000008,3.351700000000001,-0.38790000000000013,41.0538,86.7393125,74.39228750000001,1.2465125000000001,3.4599375,0.08147499999999952,39.4802875,0.520310115017461,0.6415803906522295
121.2,24.3,210.2561,SSP2-4.5,2081-2100,13.464100000000002,82.26920000000001,66.64550000000008,1.0067000000000021,3.562100000000001,0.22070000000000078,37.9135,80.8643625,59.250137499999994,1.1162500000000004,3.4599249999999997,0.1310374999999997,36.294225,0.520310115017461,0.704776171022021
121.2,24.35,213.7987,SSP2-4.5,2081-2100,11.662499999999994,63.2257,60.271000000000186,1.2957999999999998,4.234499999999997,0.16380000000000017,27.4096,76.7194,58.273937500000045,1.2172625000000008,3.275662500000002,0.5362000000000002,34.271649999999994,0.520310115017461,0.7679719513918124
121.2,24.4,230.6327,SSP2-4.5,2081-2100,5.7346,72.06469999999999,64.65920000000006,1.2787000000000006,3.4207000000000036,1.4154999999999998,32.563500000000005,72.5992875,60.64683750000006,1.349587500000001,3.4140125000000006,0.7803750000000003,32.200475,0.520310115017461,0.8311677317615993
121.2,24.45,269.3947,SSP2-4.5,2081-2100,7.996399999999994,83.3083,84.06670000000031,1.4236000000000004,2.9414000000000016,1.1879000000000008,37.7096,76.138125,65.70850000000002,1.4742875,3.215087500000001,1.1202500000000002,34.28245,0.520310115017461,0.8943635121313908
121.2,24.5,324.1016,SSP2-4.5,2081-2100,17.582499999999982,83.0504,80.83519999999999,1.6492999999999967,2.4448000000000008,1.351700000000001,36.1519,80.38617500000001,58.771887500000105,1.4217375000000003,3.6502249999999994,1.3260749999999997,37.7060125,0.520310115017461,0.9575592925011822
121.2,24.55,335.3871,SSP2-4.5,2081-2100,9.879000000000019,78.5207,29.341300000000047,1.2685999999999993,4.427599999999998,1.5740999999999996,38.6462,84.4762375,45.52847500000007,1.2774999999999999,4.3372874999999995,1.4896624999999997,40.8069625,0.520310115017461,1.0207550728709736
121.2,24.6,331.4024,SSP2-4.5,2081-2100,1.67349999999999,78.2201,-5.2952000000000226,0.8878000000000021,6.399999999999999,1.4585999999999988,39.376900000000006,88.288475,18.389500000000055,1.087625,4.779962499999999,1.6043125,45.0396625,0.520310115017461,1.0839508532407651
121.2,24.65,302.8522,SSP2-4.5,2081-2100,10.450400000000002,92.55969999999999,-18.73070000000007,0.9360999999999997,3.9671999999999983,1.5845000000000002,48.7654,91.899125,11.71214999999998,1.0878249999999996,5.0972,1.36725,49.782675,0.520310115017461,1.147146633610552
121.2,24.7,276.8722,SSP2-4.5,2081-2100,9.563199999999995,98.6457,-5.748300000000199,1.1618999999999993,4.379300000000001,1.2896999999999998,57.694199999999995,95.58935,19.916075000000035,1.1812374999999995,4.796124999999998,1.1379375000000003,54.3952,0.520310115017461,1.2103424139803434
121.2,24.75,236.2187,SSP2-4.5,2081-2100,21.700999999999965,99.95259999999999,31.807600000000093,1.1708999999999996,2.989699999999999,1.4482999999999997,60.29619999999999,97.4795,19.202662499999974,1.1211124999999993,5.401499999999999,0.8806250000000002,57.94665,0.520310115017461,1.273538194350135
121.2,24.8,178.2848,SSP2-4.5,2081-2100,14.452700000000021,97.4427,-0.1876999999999498,0.6620999999999988,6.860300000000002,0.6206999999999994,59.871199999999995,96.2896375,13.368787499999968,1.0255125,5.798712499999999,0.8584125000000005,58.253875,0.520310115017461,1.3367339747199263
121.2,24.85,172.0038,SSP2-4.5,2081-2100,9.648199999999974,94.02450000000002,-32.24410000000012,0.6068999999999996,7.110299999999999,0.8017000000000003,57.3558,94.1500125,10.09168749999995,1.0315499999999997,6.220900000000001,0.44978750000000045,57.464925,0.520310115017461,1.3999297550897176
121.2,24.9,157.3468,SSP2-4.5,2081-2100,8.270299999999992,90.7449,11.838799999999992,1.0299999999999976,5.831000000000003,0.06550000000000011,55.4865,93.03798750000001,7.512074999999982,1.175800000000001,6.344612500000001,0.05732500000000029,56.9238125,0.520310115017461,1.4631255354595045
121.2,24.95,144.8226,SSP2-4.5,2081-2100,10.284700000000015,92.33550000000001,9.735699999999952,1.4002000000000017,5.056899999999999,-0.6155000000000008,55.074999999999996,94.03405000000001,31.634950000000032,1.440175,5.603650000000002,-0.08209999999999984,58.1105875,0.520310115017461,1.526321315829296
121.2,25.0,141.6057,SSP2-4.5,2081-2100,13.06959999999998,98.3178,30.49220000000014,1.7407000000000004,3.765500000000003,-0.07409999999999961,61.2308,95.72985,51.83371250000002,1.5808375000000003,4.991587500000001,-0.11419999999999986,59.1036125,0.520310115017461,1.5895170961990874
121.2,25.05,139.4125,SSP2-4.5,2081-2100,19.9512,99.18090000000001,61.98180000000002,1.659399999999998,4.6861999999999995,0.0052000000000003155,61.8538,97.24055,70.39131250000003,1.6698749999999998,4.514212500000001,-0.013562499999999922,60.328625,0.520310115017461,1.652712876568879
121.2,25.1,131.6031,SSP2-4.5,2081-2100,19.732499999999987,97.97579999999999,66.39740000000006,1.5913000000000004,5.324099999999994,-0.12070000000000114,60.575,97.2390875,74.63136250000002,1.6788624999999997,4.462500000000001,0.05453750000000035,59.745437499999994,0.520310115017461,1.7159086569386703
121.25,22.9,216.8963,SSP2-4.5,2081-2100,-7.580099999999987,116.91990000000001,50.60149999999999,2.308799999999998,10.244799999999998,1.8931000000000004,59.74040000000001,107.6933,92.45145,2.30015,10.0480625,2.0290875,54.155525,0.6260039550986825,-1.0647056793321166
121.25,22.95,205.0974,SSP2-4.5,2081-2100,2.182600000000008,107.73309999999998,100.87959999999998,2.5257000000000005,12.456900000000005,2.0586,52.3269,108.53547499999999,110.22382500000003,2.4319124999999993,8.7318875,2.1368375000000004,53.4903875,0.6260039550986825,-1.0015098989623252
121.25,23.0,198.2906,SSP2-4.5,2081-2100,12.374599999999987,104.60909999999998,120.96440000000007,3.4848999999999997,8.381,2.2103,51.0654,107.1933375,114.55447500000005,2.6774375,7.825225,2.1756374999999997,52.274525,0.6260039550986825,-0.9383141185925338
121.25,23.05,204.9055,SSP2-4.5,2081-2100,10.432700000000011,109.14139999999999,117.91400000000021,3.1723,2.9328000000000003,2.2982999999999993,53.4885,105.3383,114.57802500000003,2.5964,7.474575,2.3458875,50.923075,0.6260039550986825,-0.8751183382227424
121.25,23.1,235.0819,SSP2-4.5,2081-2100,-4.567999999999984,108.30019999999999,103.33320000000003,1.9025999999999996,7.3293000000000035,2.605199999999999,53.1115,103.22268749999999,109.09295000000003,2.3025250000000006,6.227812499999998,2.4254375,49.1319625,0.6260039550986825,-0.811922557852951
121.25,23.15,250.155,SSP2-4.5,2081-2100,-6.593299999999999,100.26840000000001,104.54230000000007,1.9418000000000006,6.570699999999995,2.3500000000000005,46.8692,103.23706250000001,95.23723749999999,1.9691,7.455187499999999,2.3965625,48.9346,0.6260039550986825,-0.748726777483164
121.25,23.2,265.027,SSP2-4.5,2081-2100,-5.953499999999963,100.3889,95.83310000000006,2.3039999999999985,7.919000000000004,2.2810000000000006,46.8827,102.29955,98.24528749999999,2.1091625000000005,6.8303875,2.405625,48.251675,0.6260039550986825,-0.6855309971133726
121.25,23.25,255.8634,SSP2-4.5,2081-2100,1.3181000000000154,108.28169999999999,109.95630000000006,2.6712000000000025,7.824100000000001,2.549999999999999,51.6962,103.22096250000001,127.00869999999995,2.2584125,7.146775,2.399375,49.324025000000006,0.6260039550986825,-0.6223352167435812
121.25,23.3,241.7888,SSP2-4.5,2081-2100,17.58239999999998,110.1222,191.78179999999998,2.2098000000000013,7.386199999999999,2.646600000000001,54.2442,106.6207125,175.71861249999998,2.4758375,6.6829625,2.5178999999999996,52.236775,0.6260039550986825,-0.5591394363737897
121.25,23.35,238.2871,SSP2-4.5,2081-2100,32.95339999999999,115.8588,279.1199999999999,2.523299999999999,5.8931000000000004,2.734499999999999,60.2135,108.7379375,217.51691250000002,2.3286125,6.234912499999999,2.3803875000000003,53.5096,0.6260039550986825,-0.4959436560039983
121.25,23.4,249.908,SSP2-4.5,2081-2100,30.06559999999999,106.39229999999999,297.07040000000006,2.4140000000000015,5.410299999999999,2.384500000000001,53.342299999999994,110.03450000000001,238.65356250000002,2.2513749999999995,5.8172625,2.5109749999999997,54.8153875,0.6260039550986825,-0.43274787563421135
121.25,23.45,255.8864,SSP2-4.5,2081-2100,30.15549999999999,115.98060000000001,293.13769999999977,2.2247000000000003,4.469000000000001,2.8499999999999996,59.17309999999999,108.3504375,245.72626250000008,2.1098,5.274150000000001,2.6611875000000005,53.948075,0.6260039550986825,-0.3695520952644199
121.25,23.5,265.0738,SSP2-4.5,2081-2100,29.65010000000001,114.7355,300.8998999999999,2.1968000000000014,4.458600000000001,3.4517000000000007,60.6019,106.91297500000002,256.1106625000001,2.0498125,4.886862500000001,2.882325,53.546875,0.6260039550986825,-0.3063563148946285
121.25,23.55,268.8578,SSP2-4.5,2081-2100,32.449299999999994,106.88140000000001,325.54320000000007,2.2699,4.800000000000001,3.8345000000000002,53.776900000000005,102.49736250000001,256.5612625,2.0304625000000005,4.476075000000001,2.6241250000000003,52.1716375,0.6260039550986825,-0.24316053452483705
121.25,23.6,227.2408,SSP2-4.5,2081-2100,40.56789999999998,92.10809999999998,266.2360999999996,2.1282999999999994,6.1724,2.3638000000000012,45.3596,98.6914625,248.54626250000007,2.1035500000000003,4.341800000000001,2.3068875,50.6266875,0.6260039550986825,-0.17996475415504562
121.25,23.65,198.6305,SSP2-4.5,2081-2100,40.61279999999999,93.703,222.8697000000002,2.293899999999999,4.7292999999999985,1.8966000000000012,47.4577,91.8667875,223.64901249999994,2.0612250000000003,3.4590500000000013,1.9127000000000003,48.1771625,0.6260039550986825,-0.11676897378525869
121.25,23.7,192.2125,SSP2-4.5,2081-2100,29.4272,83.6062,193.87419999999997,1.938600000000001,0.6345000000000027,1.7120999999999995,45.5154,89.062,171.82697499999998,1.9144625,2.572187500000001,1.8827500000000001,46.781,0.6260039550986825,-0.053573193415467256
121.25,23.75,196.7212,SSP2-4.5,2081-2100,3.4949000000000012,80.1237,83.19200000000001,1.1399999999999988,-0.16719999999999402,2.1533999999999995,41.61919999999999,83.740775,138.24669999999998,1.7861875000000007,2.2933124999999994,1.7400874999999998,43.4355625,0.6260039550986825,0.009622586954324176
121.25,23.8,188.5517,SSP2-4.5,2081-2100,12.305499999999995,83.9094,79.9203,1.4755000000000003,2.2378999999999962,1.2172,40.2192,76.48547500000001,102.83875,1.6203624999999997,3.4875000000000007,1.7952499999999998,37.31945,0.6260039550986825,0.0728183673241156
121.25,23.85,197.332,SSP2-4.5,2081-2100,11.134100000000018,74.39769999999999,95.63850000000002,1.5980999999999987,5.201700000000002,1.6602999999999994,32.7288,78.2385625,107.88792499999997,1.7092250000000004,5.229087499999999,1.430375,37.5072,0.6260039550986825,0.13601414769390704
121.25,23.9,202.9011,SSP2-4.5,2081-2100,11.823499999999996,79.13999999999999,119.53049999999985,1.8378000000000014,5.905200000000001,1.2723999999999993,38.696200000000005,79.49395,134.4758125,1.8980874999999993,5.631237500000001,1.1053749999999998,37.399262500000006,0.6260039550986825,0.19920992806369398
121.25,23.95,198.7248,SSP2-4.5,2081-2100,22.47970000000001,88.60049999999998,177.02750000000015,2.2463999999999977,4.608600000000003,-0.05690000000000062,42.0904,83.46153749999999,180.14501250000004,2.272775000000001,4.9224125,0.6049499999999999,40.041825,0.6260039550986825,0.26240570843348543
121.25,24.0,184.3078,SSP2-4.5,2081-2100,55.266200000000026,82.0243,288.3267000000001,3.1223000000000027,2.708600000000004,-0.03790000000000049,38.2981,84.23125,217.77363750000018,2.5752875,3.6332000000000004,0.2698125,39.775225000000006,0.6260039550986825,0.32560148880327683
121.25,24.05,199.552,SSP2-4.5,2081-2100,65.27560000000003,82.4622,345.12530000000015,3.5112999999999985,1.3897000000000013,-0.04659999999999975,38.032700000000006,84.0312125,236.0238000000001,2.807387500000001,2.991812499999999,0.07477500000000048,39.415850000000006,0.6260039550986825,0.3887972691730683
121.25,24.1,183.641,SSP2-4.5,2081-2100,43.751000000000005,88.74570000000001,285.11789999999974,3.219899999999999,1.7258999999999958,-0.2775999999999996,42.0231,82.0456625,222.8086375000001,2.7098999999999998,2.546325,0.2443875000000002,38.0548,0.6260039550986825,0.4519930495428597
121.25,24.15,209.9447,SSP2-4.5,2081-2100,26.613499999999988,75.00040000000001,250.48810000000003,2.624100000000002,1.3103000000000016,0.2775999999999996,33.5077,84.13115,159.35622499999994,2.2013125,2.844825,0.06357499999999994,38.9307625,0.6260039550986825,0.5151888299126467
121.25,24.2,229.0998,SSP2-4.5,2081-2100,6.379200000000026,83.21860000000001,81.88400000000001,1.3506999999999998,2.450000000000003,0.005199999999998539,37.7115,83.28427500000001,113.41792499999997,1.5293375000000005,2.8325375000000013,0.0297499999999995,38.1125,0.6260039550986825,0.578384610282438
121.25,24.25,225.2069,SSP2-4.5,2081-2100,3.1665000000000134,86.98179999999999,40.32690000000002,0.409200000000002,2.9086,-0.01550000000000118,39.7173,84.115525,73.14913749999994,1.0167875000000004,2.8470000000000013,0.12177499999999974,38.400475,0.6260039550986825,0.6415803906522295
121.25,24.3,209.9772,SSP2-4.5,2081-2100,7.798099999999977,86.26859999999999,57.196300000000065,0.6106999999999978,2.175900000000002,0.21899999999999942,38.588499999999996,81.1036625,61.307699999999954,0.8409250000000008,3.2674625,0.36358749999999973,36.817062500000006,0.6260039550986825,0.704776171022021
121.25,24.35,223.0774,SSP2-4.5,2081-2100,7.505200000000002,81.9389,77.20969999999988,1.0084000000000017,3.5086000000000013,1.2861999999999991,36.9481,75.592625,58.84581249999994,0.9638000000000004,3.167900000000001,0.8107750000000002,33.8254875,0.6260039550986825,0.7679719513918124
121.25,24.4,225.9841,SSP2-4.5,2081-2100,10.579999999999984,55.0126,77.36769999999979,1.3070000000000022,3.9862,1.0931000000000015,23.1077,74.92302500000001,59.359537500000016,1.1387625000000003,3.246125,1.0879249999999998,33.606725,0.6260039550986825,0.8311677317615993
121.25,24.45,242.0057,SSP2-4.5,2081-2100,9.816100000000006,62.877100000000006,66.47780000000012,1.3461999999999996,2.958599999999997,1.0206999999999997,27.417299999999997,76.261775,68.3288,1.33025,2.678675000000001,1.3135625000000002,33.8158625,0.6260039550986825,0.8943635121313908
121.25,24.5,273.7845,SSP2-4.5,2081-2100,10.9495,80.48910000000001,75.2139000000002,1.5502000000000002,2.296599999999998,1.1792999999999996,35.8596,77.84502499999999,74.02363750000009,1.3914374999999994,2.9217750000000002,1.5590499999999996,35.426675,0.6260039550986825,0.9575592925011822
121.25,24.55,315.5168,SSP2-4.5,2081-2100,5.662399999999991,80.7618,93.52420000000029,1.4093000000000018,3.1000000000000014,1.9844999999999988,38.7423,81.6269125,66.88503750000004,1.3694874999999995,3.285575,1.7732749999999997,38.311049999999994,0.6260039550986825,1.0207550728709736
121.25,24.6,338.8761,SSP2-4.5,2081-2100,-1.865700000000004,85.3275,74.34209999999985,1.1452999999999989,3.7621,1.9344999999999999,42.044200000000004,83.8244875,47.25848750000006,1.2769750000000006,4.400862499999999,1.8823249999999998,41.747600000000006,0.6260039550986825,1.0839508532407651
121.25,24.65,318.885,SSP2-4.5,2081-2100,3.948000000000036,86.0522,0.7847000000001572,1.0657999999999994,5.663799999999998,1.4517000000000007,42.9154,87.98576249999999,38.59987499999994,1.3226624999999999,4.7439624999999985,1.7239375000000001,46.338699999999996,0.6260039550986825,1.147146633610552
121.25,24.7,287.2491,SSP2-4.5,2081-2100,19.718500000000006,92.77779999999998,49.60010000000011,1.572899999999997,5.336199999999998,1.4966000000000008,51.099999999999994,91.3792125,33.73059999999998,1.3278124999999998,5.2247875,1.5062625000000003,50.193525,0.6260039550986825,1.2103424139803434
121.25,24.75,249.5033,SSP2-4.5,2081-2100,28.519800000000004,97.32329999999999,91.70900000000029,1.4878999999999998,6.539699999999996,1.3983000000000008,57.407700000000006,93.7778,38.95087499999994,1.305324999999999,5.32155,1.4062750000000002,54.0144375,0.6260039550986825,1.273538194350135
121.25,24.8,195.4141,SSP2-4.5,2081-2100,16.824700000000007,96.8901,68.95969999999988,1.2185999999999986,4.369,1.4431000000000012,57.4962,94.605575,44.89912499999997,1.2006375,6.300425000000001,1.2073375000000004,56.270687499999994,0.6260039550986825,1.3367339747199263
121.25,24.85,154.826,SSP2-4.5,2081-2100,18.411900000000003,90.77550000000001,72.85479999999984,1.1181000000000019,6.170700000000004,0.9879000000000016,55.3962,93.50636250000001,35.041324999999915,1.1810624999999995,6.6058,0.7961250000000004,56.768025,0.6260039550986825,1.3999297550897176
121.25,24.9,142.2652,SSP2-4.5,2081-2100,12.660500000000013,89.3829,45.49039999999991,1.4490000000000016,7.056900000000002,0.008600000000001273,54.550000000000004,91.226675,26.42426249999994,1.2619375000000002,6.6407250000000015,0.28772500000000045,55.7173,0.6260039550986825,1.4631255354595045
121.25,24.95,139.2897,SSP2-4.5,2081-2100,9.975200000000001,89.7337,8.355000000000018,1.407700000000002,7.205200000000005,-0.2654999999999994,55.1615,91.41737499999999,37.83496249999999,1.4628499999999995,6.203662500000001,0.08816250000000014,56.2226,0.6260039550986825,1.526321315829296
121.25,25.0,141.6408,SSP2-4.5,2081-2100,12.727899999999977,93.042,56.38570000000004,1.5658999999999992,6.765499999999999,0.23279999999999923,57.2154,93.5117375,47.9161125,1.5532999999999997,5.6541000000000015,0.05777500000000024,57.53775,0.6260039550986825,1.5895170961990874
121.25,25.05,137.2724,SSP2-4.5,2081-2100,18.914999999999992,97.3878,77.41179999999986,1.5196000000000005,4.700000000000003,0.04660000000000153,59.538500000000006,95.5657375,70.22788750000001,1.6523874999999992,5.4286625,0.2631499999999999,58.7750125,0.6260039550986825,1.652712876568879
121.25,25.1,130.315,SSP2-4.5,2081-2100,19.3861,97.67069999999998,68.28679999999986,1.6369000000000007,5.256900000000002,-0.1689999999999987,59.53849999999999,96.0584,77.3064875,1.6397749999999993,5.2336125000000004,0.22004999999999986,58.723800000000004,0.6260039550986825,1.7159086569386703
121.3,22.95,212.7497,SSP2-4.5,2081-2100,1.6902000000000044,115.5176,56.52819999999997,2.2943,13.675900000000002,2.069,58.6596,107.94225,108.32761250000001,2.6856249999999995,8.552787499999999,2.13015,52.7305375,0.7316977951799037,-1.0015098989623252
121.3,23.0,206.4605,SSP2-4.5,2081-2100,8.453499999999991,110.4017,89.73710000000005,2.6524,12.3,2.3241000000000005,54.7462,108.48192499999999,104.81976250000002,2.7689999999999997,8.8582,2.26185,53.0290875,0.7316977951799037,-0.9383141185925338
121.3,23.05,210.6232,SSP2-4.5,2081-2100,7.544700000000006,105.6876,97.04229999999984,3.4224999999999994,7.7241,2.4844999999999997,50.455799999999996,107.59805,108.52118750000005,2.433875,8.5646625,2.4933124999999996,52.65985,0.7316977951799037,-0.8751183382227424
121.3,23.1,220.1791,SSP2-4.5,2081-2100,1.8070999999999913,107.40809999999999,93.87189999999987,2.2805999999999997,10.375899999999994,2.4741,51.3673,105.7731125,96.63745000000003,2.3240499999999997,8.4446125,2.5692,50.74205,0.7316977951799037,-0.811922557852951
121.3,23.15,238.9551,SSP2-4.5,2081-2100,-4.5364999999999895,97.61319999999999,78.24610000000007,2.1403999999999996,8.477599999999995,2.4328000000000003,43.86150000000001,104.2314375,84.45069999999998,2.0721874999999996,8.354099999999999,2.5241375,49.433875,0.7316977951799037,-0.748726777483164
121.3,23.2,262.8138,SSP2-4.5,2081-2100,-8.689700000000016,107.18440000000001,53.23939999999993,1.985199999999999,6.391399999999997,2.4983000000000004,51.0827,102.19200000000001,93.01207500000001,2.3024125,7.512500000000001,2.4508625,47.6742625,0.7316977951799037,-0.6855309971133726
121.3,23.25,259.1125,SSP2-4.5,2081-2100,-3.1291999999999973,102.19659999999999,117.47819999999979,2.5563000000000002,6.958600000000004,2.7982999999999993,47.286500000000004,104.5735125,123.36191249999999,2.3694,7.067450000000001,2.468975,49.5439875,0.7316977951799037,-0.6223352167435812
121.3,23.3,251.4089,SSP2-4.5,2081-2100,13.81540000000004,102.9983,198.31529999999998,2.400000000000002,5.244799999999998,2.605199999999999,47.9788,107.690925,165.95318749999998,2.5513375,7.3853375,2.5747875,51.914424999999994,0.7316977951799037,-0.5591394363737897
121.3,23.35,264.1773,SSP2-4.5,2081-2100,15.680799999999977,108.44129999999998,179.83210000000008,2.5203999999999986,7.7638,2.3672000000000004,51.336499999999994,107.624225,201.3575625,2.4432375,7.2183125,2.5185375000000003,51.954575000000006,0.7316977951799037,-0.4959436560039983
121.3,23.4,271.1424,SSP2-4.5,2081-2100,17.327200000000005,111.70920000000001,190.39170000000013,2.1276999999999973,8.546600000000002,2.4672,52.6404,109.21223750000001,206.27368750000002,2.4525999999999994,6.9543125,2.5680875,53.3954375,0.7316977951799037,-0.43274787563421135
121.3,23.45,263.8152,SSP2-4.5,2081-2100,26.350199999999973,113.87460000000002,204.60690000000022,2.0664999999999996,7.482800000000001,3.1016999999999992,56.651900000000005,109.40683750000001,210.56105,2.3283,6.4084,2.6609750000000005,53.949999999999996,0.7316977951799037,-0.3695520952644199
121.3,23.5,266.137,SSP2-4.5,2081-2100,38.226,113.33120000000001,245.7420000000002,1.9741,3.0500000000000007,3.115500000000001,57.6942,109.539275,231.55175000000003,2.325,6.1978375,3.1112,55.3233125,0.7316977951799037,-0.3063563148946285
121.3,23.55,253.8481,SSP2-4.5,2081-2100,50.29509999999999,107.35810000000001,302.6157000000003,2.0998,4.0534,3.8638000000000012,56.957699999999996,106.6840375,248.66766249999998,2.258400000000001,5.320475,2.820687500000001,54.3911,0.7316977951799037,-0.24316053452483705
121.3,23.6,231.6263,SSP2-4.5,2081-2100,47.66560000000001,103.6335,308.74710000000005,2.2143000000000015,2.925900000000002,2.351700000000001,57.373099999999994,100.2504125,252.36807500000003,2.2588625,5.41055,2.6472000000000007,51.637024999999994,0.7316977951799037,-0.17996475415504562
121.3,23.65,198.8598,SSP2-4.5,2081-2100,44.1422,92.20129999999999,251.42239999999993,2.434000000000001,4.524100000000001,1.9603000000000002,50.45,95.62848749999999,228.93757499999992,2.190075,4.5325500000000005,2.1364250000000005,49.793512500000006,0.7316977951799037,-0.11676897378525869
121.3,23.7,198.088,SSP2-4.5,2081-2100,30.64930000000001,89.47739999999999,214.90829999999983,2.3146000000000004,3.7861999999999973,1.3948,46.8115,91.95060000000001,195.48657500000002,2.0942749999999997,3.277800000000001,2.2211125,48.722350000000006,0.7316977951799037,-0.053573193415467256
121.3,23.75,206.5757,SSP2-4.5,2081-2100,23.128299999999996,90.91329999999999,132.3678,2.0955999999999992,1.601700000000001,1.6982999999999997,49.4769,90.2510375,167.6936625,2.0238875000000003,3.3924625000000006,2.064425,46.4228125,0.7316977951799037,0.009622586954324176
121.3,23.8,210.7696,SSP2-4.5,2081-2100,22.858000000000004,92.36330000000001,117.06290000000013,1.9650000000000016,5.508600000000001,1.75,46.7442,85.49448749999999,150.86882500000007,2.0389125,3.9997875000000014,1.98575,42.6184875,0.7316977951799037,0.0728183673241156
121.3,23.85,217.8147,SSP2-4.5,2081-2100,28.091300000000018,69.6472,139.03819999999996,2.097299999999999,6.734500000000004,1.6879000000000008,31.8365,85.7854125,150.02761250000003,2.1544250000000007,5.661637499999999,1.7721749999999998,42.057937499999994,0.7316977951799037,0.13601414769390704
121.3,23.9,216.9464,SSP2-4.5,2081-2100,30.828000000000003,83.89590000000001,170.56999999999994,2.2833000000000006,7.160299999999996,1.6533999999999995,41.8981,80.2435625,173.48066250000005,2.298,5.413375000000001,1.4637749999999998,37.97525,0.7316977951799037,0.19920992806369398
121.3,23.95,210.6926,SSP2-4.5,2081-2100,32.00479999999999,72.2611,216.61439999999993,2.447700000000001,4.613800000000001,1.299999999999999,33.1846,83.2240875,214.24403750000008,2.5383250000000004,4.237500000000001,0.9661499999999998,39.74065,0.7316977951799037,0.26240570843348543
121.3,24.0,204.0411,SSP2-4.5,2081-2100,48.540400000000005,82.7712,288.01860000000033,2.9952000000000005,1.6414000000000009,0.18790000000000084,38.467299999999994,80.56688749999999,254.0580875000001,2.7581625,2.7148750000000006,0.6346874999999998,37.506262500000005,0.7316977951799037,0.32560148880327683
121.3,24.05,201.9381,SSP2-4.5,2081-2100,58.366299999999995,74.29060000000001,338.9930000000004,3.2093999999999987,0.2154999999999987,0.34999999999999964,33.9346,81.13841250000002,284.4467375,3.0383250000000004,1.9823374999999999,0.2909250000000003,37.688225,0.7316977951799037,0.3887972691730683
121.3,24.1,183.4887,SSP2-4.5,2081-2100,46.3587,77.621,377.9623999999999,3.7255000000000003,1.517199999999999,0.16030000000000122,35.5865,78.81200000000001,265.7827125,2.8832375,1.7094999999999994,0.26636249999999984,36.2680375,0.7316977951799037,0.4519930495428597
121.3,24.15,195.9269,SSP2-4.5,2081-2100,24.366000000000014,75.22500000000001,244.73849999999993,2.7718999999999987,2.206900000000001,0.11379999999999946,34.1712,78.8400125,201.2195999999999,2.3527750000000007,2.1819,0.22671249999999987,36.190850000000005,0.7316977951799037,0.5151888299126467
121.3,24.2,225.1123,SSP2-4.5,2081-2100,5.154899999999998,78.1806,92.33719999999994,1.2876000000000012,2.7155000000000022,0.15339999999999954,35.7269,79.775125,129.9625625,1.6068375000000006,2.6125000000000007,0.28858749999999933,36.516825,0.7316977951799037,0.578384610282438
121.3,24.25,236.656,SSP2-4.5,2081-2100,5.104700000000008,81.5823,100.28150000000005,0.9283000000000001,2.5759000000000007,-0.12930000000000064,36.915400000000005,81.3495,70.32544999999993,1.0180000000000002,2.712075000000001,0.5079874999999996,37.088925,0.7316977951799037,0.6415803906522295
121.3,24.3,221.4116,SSP2-4.5,2081-2100,5.562900000000013,83.60489999999999,79.47849999999971,0.7210000000000001,2.2551999999999985,0.9793000000000003,38.0942,81.6486625,54.850112499999966,0.8378625,2.9844875,0.6202749999999995,36.9101,0.7316977951799037,0.704776171022021
121.3,24.35,219.0711,SSP2-4.5,2081-2100,6.552600000000012,80.73500000000001,32.00779999999986,0.6418999999999997,3.743100000000002,0.7913999999999994,36.4846,78.88405,39.588274999999896,0.9032125000000004,3.042675,1.0383625,35.2552875,0.7316977951799037,0.7679719513918124
121.3,24.4,223.1844,SSP2-4.5,2081-2100,10.136299999999977,81.56030000000001,33.14049999999975,0.8486000000000011,1.9655000000000022,1.6034000000000006,36.4423,74.8330875,29.688874999999967,0.9756500000000004,3.642662499999999,1.0846999999999996,33.4935,0.7316977951799037,0.8311677317615993
121.3,24.45,221.8939,SSP2-4.5,2081-2100,14.540600000000012,73.6742,57.04359999999997,1.2668999999999997,3.1965999999999966,1.2344999999999988,33.8788,75.4719125,39.4530125,1.169825,2.9368499999999997,1.2241249999999997,33.49975,0.7316977951799037,0.8943635121313908
121.3,24.5,233.9166,SSP2-4.5,2081-2100,12.4178,80.93459999999999,74.30359999999996,1.3176999999999985,1.1776000000000053,1.4430999999999994,34.813500000000005,77.2238875,73.58873750000006,1.385275,2.9840624999999985,1.5497874999999992,35.4644,0.7316977951799037,0.9575592925011822
121.3,24.55,262.7394,SSP2-4.5,2081-2100,5.1358000000000175,79.63310000000001,106.59670000000006,1.4498999999999995,3.127600000000001,2.6758999999999986,36.053799999999995,80.4810875,89.20446250000003,1.5063500000000003,2.3571374999999994,1.8624999999999998,37.9838875,0.7316977951799037,1.0207550728709736
121.3,24.6,277.6191,SSP2-4.5,2081-2100,9.042300000000012,86.8398,99.74270000000024,1.687100000000001,2.648299999999999,2.569000000000001,43.5423,81.7386,85.28861249999994,1.5025000000000008,3.856912499999999,2.0829750000000002,40.0326875,0.7316977951799037,1.0839508532407651
121.3,24.65,301.9903,SSP2-4.5,2081-2100,13.608900000000006,88.0085,72.10419999999976,1.5112000000000023,5.872399999999999,1.7603000000000009,45.938500000000005,84.59412499999999,70.93869999999998,1.5967124999999998,4.287299999999998,2.0032500000000004,43.2173125,0.7316977951799037,1.147146633610552
121.3,24.7,308.3239,SSP2-4.5,2081-2100,18.462500000000034,81.507,42.78409999999985,1.6789999999999985,5.586199999999998,1.6982999999999997,42.2481,89.6210875,66.06798749999996,1.6038249999999996,5.983412499999999,1.6832000000000005,48.218525,0.7316977951799037,1.2103424139803434
121.3,24.75,270.9052,SSP2-4.5,2081-2100,29.919399999999996,86.9847,55.134199999999964,1.6097000000000001,6.800000000000004,1.4190000000000005,46.2827,92.29475,66.86047499999995,1.539874999999999,5.761637499999998,1.6752250000000004,52.441125,0.7316977951799037,1.273538194350135
121.3,24.8,216.2419,SSP2-4.5,2081-2100,19.167700000000025,96.02180000000001,69.25729999999976,1.3674999999999997,6.251699999999996,1.8345000000000002,57.126900000000006,92.93031250000001,64.40068749999998,1.4252499999999997,6.209275000000001,1.4058125000000006,54.409875,0.7316977951799037,1.3367339747199263
121.3,24.85,177.3614,SSP2-4.5,2081-2100,17.831400000000002,94.3195,70.86189999999988,1.5820000000000007,7.681000000000001,1.1483000000000008,56.4288,92.10376250000002,52.530374999999964,1.3303874999999996,6.1485,1.0482625000000005,55.7500125,0.7316977951799037,1.3999297550897176
121.3,24.9,149.5874,SSP2-4.5,2081-2100,16.86330000000001,89.2245,46.35429999999997,1.532399999999999,7.6861999999999995,0.4466000000000001,55.82880000000001,90.41446250000001,38.06451249999998,1.3672875000000002,6.5629500000000025,0.45861250000000053,55.431012499999994,0.7316977951799037,1.4631255354595045
121.3,24.95,142.3323,SSP2-4.5,2081-2100,15.363699999999994,88.6553,23.637699999999995,1.4181999999999988,6.384499999999999,-0.267199999999999,55.0058,89.60635,40.230624999999975,1.4489249999999996,6.898287500000002,0.30582500000000024,55.452875000000006,0.7316977951799037,1.526321315829296
121.3,25.0,140.2247,SSP2-4.5,2081-2100,14.851199999999977,89.63609999999998,78.74489999999992,1.566399999999998,7.082800000000002,0.9085999999999999,55.3885,90.89767499999999,43.08691249999998,1.4818124999999998,6.490737500000002,0.12437500000000024,55.96755,0.7316977951799037,1.5895170961990874
121.3,25.05,133.8473,SSP2-4.5,2081-2100,15.266700000000014,92.8468,92.96980000000008,1.7141999999999982,6.351700000000001,0.7240999999999991,57.0481,93.0840375,65.91253749999993,1.5838124999999996,6.171987500000002,0.31015000000000026,56.714675,0.7316977951799037,1.652712876568879
121.3,25.1,127.6105,SSP2-4.5,2081-2100,21.203699999999998,95.85580000000002,106.56449999999995,1.744299999999999,4.1965999999999966,0.5983,57.349999999999994,94.61558749999999,70.43036249999994,1.605025,5.9532250000000015,0.2124999999999999,57.4601125,0.7316977951799037,1.7159086569386703
121.3,25.15,130.2116,SSP2-4.5,2081-2100,16.909599999999983,94.58669999999998,61.91470000000004,1.5594999999999999,5.903400000000005,0.25,56.167300000000004,95.2904,77.67101249999993,1.6293124999999997,5.779525,0.288575,58.0601125,0.7316977951799037,1.7791044373084572
121.35,23.05,216.5907,SSP2-4.5,2081-2100,5.169000000000011,111.7846,98.38830000000007,2.0246999999999993,12.700000000000003,2.6828000000000003,55.944199999999995,107.6096375,101.67805000000001,2.4278999999999997,8.8338375,2.5894375,51.919225,0.837391635261125,-0.8751183382227424
121.35,23.1,223.9805,SSP2-4.5,2081-2100,0.23349999999999227,107.9436,99.11789999999996,1.7881,11.722399999999997,3.0845000000000002,52.9192,105.83014999999999,101.21468750000003,2.2581499999999997,9.304525,2.6118625,50.2742625,0.837391635261125,-0.811922557852951
121.35,23.15,217.1935,SSP2-4.5,2081-2100,3.8093000000000075,105.4459,74.51549999999997,2.1999999999999993,10.100000000000001,2.615500000000001,49.2865,103.84615000000001,94.61170000000001,2.0806875000000002,8.977374999999997,2.6207000000000003,48.630512499999995,0.837391635261125,-0.748726777483164
121.35,23.2,235.3941,SSP2-4.5,2081-2100,-1.7088999999999999,96.912,51.15229999999997,2.1752000000000002,6.424100000000003,2.2844999999999995,43.951899999999995,103.72185,103.13806249999999,2.251925,8.4782375,2.587075,48.421375000000005,0.837391635261125,-0.6855309971133726
121.35,23.25,226.3064,SSP2-4.5,2081-2100,3.4969000000000108,106.42930000000001,112.3728000000001,2.430399999999999,5.825900000000004,2.2947999999999995,51.5596,103.54955000000001,129.83516249999994,2.4044000000000003,7.9273625,2.6401,48.2406125,0.837391635261125,-0.6223352167435812
121.35,23.3,217.9439,SSP2-4.5,2081-2100,18.934399999999982,104.27130000000001,174.24429999999984,2.779399999999999,9.524099999999997,2.5914,48.9558,105.1975875,165.73196250000004,2.526375,7.386637500000001,2.7099124999999997,49.6834,0.837391635261125,-0.5591394363737897
121.35,23.35,247.5784,SSP2-4.5,2081-2100,17.771600000000035,105.9262,162.84000000000015,2.719899999999999,7.906899999999997,2.615500000000001,50.0231,106.5555875,181.53398750000002,2.46385,7.82695,2.6997750000000003,50.6274125,0.837391635261125,-0.4959436560039983
121.35,23.4,262.7087,SSP2-4.5,2081-2100,15.686099999999954,103.71550000000002,117.09699999999998,2.3718000000000004,7.834500000000002,2.1034000000000006,48.2385,107.8510125,176.90335000000007,2.4733499999999995,8.0198375,2.7163625,51.867549999999994,0.837391635261125,-0.43274787563421135
121.35,23.45,243.0505,SSP2-4.5,2081-2100,24.171899999999994,103.5086,116.48540000000003,2.780199999999999,8.874099999999999,2.3879,48.184599999999996,108.37332500000001,172.48495000000003,2.3800125000000003,7.6217749999999995,2.647825,52.758425,0.837391635261125,-0.3695520952644199
121.35,23.5,239.3016,SSP2-4.5,2081-2100,25.45580000000001,105.8818,123.66429999999991,2.5371000000000006,8.624099999999999,2.5275999999999996,51.725,107.02835,188.0230375000001,2.46455,7.0193875,2.7745625,53.028125,0.837391635261125,-0.3063563148946285
121.35,23.55,232.5434,SSP2-4.5,2081-2100,40.24510000000001,108.09359999999998,185.46090000000004,2.4250000000000007,6.820699999999999,2.8724000000000007,55.51539999999999,105.41544999999999,206.32745000000006,2.4114250000000004,6.1362000000000005,2.5269375000000003,52.9728375,0.837391635261125,-0.24316053452483705
121.35,23.6,240.6029,SSP2-4.5,2081-2100,42.36549999999997,108.8072,233.04780000000005,2.3217000000000017,5.7120999999999995,2.048300000000001,53.0827,101.4384,221.90368750000007,2.3665375,5.9461125,2.479725,52.50529999999999,0.837391635261125,-0.17996475415504562
121.35,23.65,236.2236,SSP2-4.5,2081-2100,35.04839999999999,92.85060000000001,231.74880000000007,2.0983,6.4724,2.3378999999999994,50.4962,100.54593750000001,220.05848749999996,2.3614375,5.5502125,2.1256250000000003,51.156974999999996,0.837391635261125,-0.11676897378525869
121.35,23.7,250.289,SSP2-4.5,2081-2100,30.016700000000014,100.84190000000001,160.0685999999996,2.2108999999999988,5.827599999999999,2.9862,52.2519,97.1874375,221.77248750000007,2.344575,5.147825,2.1083875,50.136537499999996,0.837391635261125,-0.053573193415467256
121.35,23.75,267.4969,SSP2-4.5,2081-2100,37.51890000000003,101.3648,288.34910000000036,2.5429000000000013,2.6000000000000014,3.024099999999999,52.5115,95.3797125,186.24754999999996,2.2796,5.61615,2.1129249999999997,48.46465,0.837391635261125,0.009622586954324176
121.35,23.8,253.1649,SSP2-4.5,2081-2100,34.384000000000015,90.32159999999999,204.1739,2.6036,6.7120999999999995,2.2775999999999996,45.709599999999995,92.65344999999999,181.80651250000014,2.3233250000000005,5.626500000000002,2.190725,46.4812375,0.837391635261125,0.0728183673241156
121.35,23.85,261.0585,SSP2-4.5,2081-2100,45.424000000000035,93.2782,184.27080000000024,2.758300000000002,7.0776,2.167200000000001,46.846199999999996,87.3997,188.83601250000007,2.3868,6.269612500000001,2.1193875,42.406975,0.837391635261125,0.13601414769390704
121.35,23.9,256.0584,SSP2-4.5,2081-2100,47.54359999999997,88.97720000000001,229.0540000000001,2.713799999999999,5.489699999999999,2.1792999999999996,43.6212,81.88151250000001,196.03427500000006,2.5105625000000007,5.846337500000001,1.7939625000000001,38.5204375,0.837391635261125,0.19920992806369398
121.35,23.95,241.2656,SSP2-4.5,2081-2100,42.88209999999998,75.6466,226.67140000000018,2.6845999999999997,3.6758999999999986,1.5,34.798100000000005,82.8214875,216.45561250000006,2.5231375000000007,4.6823250000000005,1.417875,38.8937625,0.837391635261125,0.26240570843348543
121.35,24.0,253.4908,SSP2-4.5,2081-2100,40.56190000000001,84.737,214.7536,2.4232000000000014,2.7103,1.0310000000000006,40.055800000000005,80.514425,223.4147625000001,2.6096125,3.5217749999999994,0.9728375,37.437025000000006,0.837391635261125,0.32560148880327683
121.35,24.05,255.8123,SSP2-4.5,2081-2100,38.63170000000002,84.5128,224.95280000000002,2.4204000000000008,1.796599999999998,1.0379000000000005,39.6558,79.99475000000001,239.49802500000004,2.798825,2.9351249999999993,0.5127000000000002,37.0572125,0.837391635261125,0.3887972691730683
121.35,24.1,214.4599,SSP2-4.5,2081-2100,24.635999999999996,66.23310000000001,251.31659999999965,2.8888,2.3689999999999998,0.2723999999999993,29.386499999999998,80.9655625,222.0943125,2.7009125,2.873924999999999,0.4359875,37.543525,0.837391635261125,0.4519930495428597
121.35,24.15,215.3173,SSP2-4.5,2081-2100,10.614900000000006,84.02619999999999,185.5295000000001,2.4201000000000015,2.662099999999999,0.40339999999999954,39.4327,78.18586250000001,167.46834999999987,2.2301,3.2334125,0.4530249999999998,35.7697125,0.837391635261125,0.5151888299126467
121.35,24.2,255.9653,SSP2-4.5,2081-2100,0.4884999999999877,77.6945,85.12109999999984,1.305500000000002,2.7052000000000014,0.8190000000000008,36.151900000000005,80.45542499999999,102.25086249999998,1.6375875,3.47005,0.5237124999999994,37.001212499999994,0.837391635261125,0.578384610282438
121.35,24.25,256.3137,SSP2-4.5,2081-2100,2.7653000000000247,74.4722,51.33089999999993,1.0448999999999984,4.0809999999999995,0.8344999999999985,34.526900000000005,79.78301250000001,60.434312499999976,1.1894750000000007,2.9659625000000007,0.6941875,36.35215000000001,0.837391635261125,0.6415803906522295
121.35,24.3,226.5923,SSP2-4.5,2081-2100,13.071200000000005,80.37480000000001,74.92869999999994,1.4144000000000005,2.4052000000000007,1.0690000000000008,36.1942,78.81115,44.15129999999999,0.9753999999999996,3.0377125,0.6728499999999997,35.694950000000006,0.837391635261125,0.704776171022021
121.35,24.35,215.3445,SSP2-4.5,2081-2100,5.8825999999999965,80.8357,5.51909999999998,0.6450999999999993,2.4775999999999954,0.9069000000000003,35.9058,79.9923,25.01432499999993,0.9859750000000003,3.1976250000000013,0.9060249999999999,36.1605625,0.837391635261125,0.7679719513918124
121.35,24.4,218.0868,SSP2-4.5,2081-2100,12.43689999999998,81.47659999999999,-88.13429999999994,0.6705000000000005,5.5672,1.1499999999999986,36.7615,81.20025000000001,21.929074999999898,1.0004499999999998,3.4612,0.9820999999999998,37.206725,0.837391635261125,0.8311677317615993
121.35,24.45,218.0459,SSP2-4.5,2081-2100,17.09450000000001,82.1146,10.019600000000082,0.9192,3.7033999999999985,1.194799999999999,37.4442,82.15235,25.12686249999993,1.1809374999999998,3.2773750000000006,1.1710999999999996,37.807925,0.837391635261125,0.8943635121313908
121.35,24.5,238.1233,SSP2-4.5,2081-2100,27.559200000000004,79.3104,67.23530000000005,1.399199999999997,1.839699999999997,1.1085999999999991,36.1519,80.749675,64.99383749999993,1.4122,3.2978375,1.5474124999999996,37.603112499999995,0.837391635261125,0.9575592925011822
121.35,24.55,256.441,SSP2-4.5,2081-2100,21.597800000000007,78.9308,112.59879999999976,1.7413000000000025,3.6499999999999986,2.0,38.1673,78.70036250000001,96.56113750000003,1.6142374999999993,1.9849249999999996,1.9532375,36.987737499999994,0.837391635261125,1.0207550728709736
121.35,24.6,250.5095,SSP2-4.5,2081-2100,19.260400000000004,71.25470000000001,116.67509999999993,1.8007000000000026,0.38279999999999603,2.681000000000001,34.55,80.95178750000001,107.76711249999994,1.7232250000000002,3.340299999999999,2.1954875000000005,39.6576875,0.837391635261125,1.0839508532407651
121.35,24.65,265.6146,SSP2-4.5,2081-2100,21.238699999999994,83.9402,105.68309999999974,1.8964999999999996,5.296599999999998,2.1759000000000004,41.85,82.35322500000001,96.23342500000001,1.7694375000000009,3.539012499999999,2.2163875000000006,41.956025,0.837391635261125,1.147146633610552
121.35,24.7,295.0779,SSP2-4.5,2081-2100,21.968000000000018,89.0538,77.89769999999999,1.926400000000001,5.622399999999999,2.019,47.4885,86.01297500000001,87.59137499999986,1.7351750000000004,5.504312499999999,1.8903125000000003,45.0202125,0.837391635261125,1.2103424139803434
121.35,24.75,290.8384,SSP2-4.5,2081-2100,22.646299999999997,92.82820000000001,75.63089999999966,1.7601999999999975,6.7362,1.7447999999999997,52.7654,88.3867125,77.23631249999994,1.6370875000000003,5.860337499999999,1.6868750000000001,48.646175,0.837391635261125,1.273538194350135
121.35,24.8,259.6651,SSP2-4.5,2081-2100,19.449299999999994,91.95600000000002,59.04500000000007,1.3064999999999998,5.651699999999998,1.7672000000000008,53.89620000000001,91.29036250000001,66.12053749999995,1.5471,6.3469750000000005,1.3976375,52.5230875,0.837391635261125,1.3367339747199263
121.35,24.85,214.0627,SSP2-4.5,2081-2100,18.31909999999999,92.36520000000002,21.01000000000022,1.318999999999999,5.725900000000003,1.3378999999999994,55.605799999999995,92.33153750000001,52.402337500000016,1.3968874999999996,6.300637499999999,1.1375000000000002,55.436299999999996,0.837391635261125,1.3999297550897176
121.35,24.9,163.7108,SSP2-4.5,2081-2100,18.935000000000002,90.2141,37.27150000000006,1.3319999999999972,6.2759,0.5602999999999998,56.099999999999994,90.5890125,27.647362500000014,1.3802500000000002,6.5901000000000005,0.7961250000000002,55.4735625,0.837391635261125,1.4631255354595045
121.35,24.95,153.6637,SSP2-4.5,2081-2100,13.106200000000001,87.86949999999999,25.034799999999905,1.3123000000000005,6.0035000000000025,0.15859999999999985,55.199999999999996,89.4476875,33.33444999999995,1.434474999999999,6.6922500000000005,0.6635875000000002,55.342549999999996,0.837391635261125,1.526321315829296
121.35,25.0,151.0352,SSP2-4.5,2081-2100,8.703800000000001,87.748,24.208399999999983,1.425699999999999,7.110300000000002,0.3966000000000012,54.1788,89.6788,41.10037499999996,1.5364874999999993,6.865962500000001,0.4592624999999998,55.4562625,0.837391635261125,1.5895170961990874
121.35,25.05,144.0754,SSP2-4.5,2081-2100,14.305299999999988,89.89829999999999,36.69209999999998,1.4909,7.405200000000004,-0.031000000000000583,54.392300000000006,91.6940625,60.92006249999994,1.634237499999999,6.615300000000001,0.5331874999999997,56.120437499999994,0.837391635261125,1.652712876568879
121.35,25.1,135.6902,SSP2-4.5,2081-2100,18.6079,93.43359999999998,79.00609999999983,1.7208000000000006,6.858600000000003,0.4982999999999995,56.11540000000001,93.09221249999999,61.22146249999997,1.6099249999999992,6.678237500000001,0.3284374999999996,56.633175,0.837391635261125,1.7159086569386703
121.35,25.15,133.6245,SSP2-4.5,2081-2100,17.46689999999998,93.125,80.76419999999985,1.6069999999999993,5.825899999999997,0.5016999999999996,56.30579999999999,92.9868375,55.23879999999994,1.5127999999999995,6.100425000000001,0.18621249999999978,56.528125,0.837391635261125,1.7791044373084572
121.4,23.1,213.0608,SSP2-4.5,2081-2100,8.260099999999994,106.54860000000001,137.89250000000015,2.0046999999999997,8.186199999999996,2.8293,49.9788,104.2833375,92.33318750000001,2.1100375000000002,10.005174999999998,2.6170375000000003,49.1516625,0.9430854753423764,-0.811922557852951
121.4,23.15,207.1675,SSP2-4.5,2081-2100,12.555300000000017,103.85300000000001,126.42770000000019,2.0897000000000006,9.543100000000003,2.7707000000000006,48.188500000000005,104.1625375,100.26717500000001,2.1183125,9.76745,2.6519500000000003,49.005975,0.9430854753423764,-0.748726777483164
121.4,23.2,202.9342,SSP2-4.5,2081-2100,14.59360000000001,103.30630000000002,116.94579999999996,2.181600000000003,10.698299999999996,2.5914,47.6942,104.73758750000002,110.36327500000004,2.2553374999999996,8.0810375,2.6306,49.127875,0.9430854753423764,-0.6855309971133726
121.4,23.25,192.7873,SSP2-4.5,2081-2100,21.08250000000001,103.74609999999998,145.8789999999999,2.431799999999999,9.831000000000003,2.6948,48.411500000000004,103.83085000000001,143.37147500000003,2.3879875,8.1278,2.684275,48.737750000000005,0.9430854753423764,-0.6223352167435812
121.4,23.3,189.4785,SSP2-4.5,2081-2100,29.81479999999999,107.78140000000002,181.42700000000013,2.7257,8.346600000000002,3.0568999999999997,50.5635,105.6182,165.33453749999998,2.4698249999999993,7.8724125,2.7362,50.4125125,0.9430854753423764,-0.5591394363737897
121.4,23.35,214.6207,SSP2-4.5,2081-2100,34.90129999999999,104.0615,227.71130000000016,2.4265000000000008,7.215499999999999,3.2466,50.3077,106.1371625,161.88036249999996,2.4769999999999994,7.9653125,2.70495,50.4493125,0.9430854753423764,-0.4959436560039983
121.4,23.4,225.7963,SSP2-4.5,2081-2100,30.98799999999997,109.46619999999999,183.25319999999988,2.359300000000001,8.139700000000001,3.1603000000000003,54.998099999999994,105.3270875,153.6812625,2.5431374999999994,7.849562499999999,2.6118625,50.1502625,0.9430854753423764,-0.43274787563421135
121.4,23.45,214.7204,SSP2-4.5,2081-2100,31.4949,105.8205,150.10619999999994,2.7863000000000007,8.229299999999999,2.384499999999999,50.7981,105.25404999999999,142.67707499999995,2.5868375,7.9252,2.5532250000000003,50.7127625,0.9430854753423764,-0.3695520952644199
121.4,23.5,220.4992,SSP2-4.5,2081-2100,34.99189999999999,103.1876,165.01829999999995,2.8173000000000012,9.0672,2.322400000000001,49.3212,104.58064999999999,137.974475,2.6984874999999997,7.8601125,2.4719875,50.7512125,0.9430854753423764,-0.3063563148946285
121.4,23.55,226.6173,SSP2-4.5,2081-2100,33.6259,101.05260000000001,134.14890000000014,2.767199999999999,8.5776,2.148299999999999,49.1019,104.25014999999999,150.0215,2.5979625000000004,7.2543,2.3883625000000004,50.659875,0.9430854753423764,-0.24316053452483705
121.4,23.6,249.4343,SSP2-4.5,2081-2100,31.08620000000002,100.07159999999999,137.63549999999987,2.559899999999999,7.0793,1.8378999999999994,48.5269,102.8629125,175.84297500000005,2.4899875,7.174999999999999,2.3271625,50.78295,0.9430854753423764,-0.17996475415504562
121.4,23.65,262.2052,SSP2-4.5,2081-2100,19.835199999999986,106.2459,223.45020000000022,2.3338,7.115499999999997,2.4655000000000005,51.621199999999995,101.35012499999999,187.41497499999994,2.4773999999999994,6.58965,2.197625,49.9853375,0.9430854753423764,-0.11676897378525869
121.4,23.7,262.7116,SSP2-4.5,2081-2100,22.8827,103.0887,231.1880000000001,2.502299999999998,7.431000000000001,1.9603000000000002,49.13849999999999,101.44228749999999,209.323675,2.4186125,6.419599999999999,2.3008625,51.0992625,0.9430854753423764,-0.053573193415467256
121.4,23.75,249.325,SSP2-4.5,2081-2100,24.42380000000003,101.3575,200.74530000000004,2.4351000000000003,7.651700000000002,2.0259,50.5865,100.2591625,199.76738750000007,2.3513375000000005,6.3642125,2.3484749999999996,50.0680125,0.9430854753423764,0.009622586954324176
121.4,23.8,285.1217,SSP2-4.5,2081-2100,13.98860000000002,94.67399999999999,229.4656,2.1097,6.410299999999999,2.8103,46.9981,99.003275,180.93090000000018,2.4107250000000007,6.9381375,2.2422375,49.0862875,0.9430854753423764,0.0728183673241156
121.4,23.85,276.9052,SSP2-4.5,2081-2100,33.808899999999994,97.6293,163.1524000000004,2.582699999999999,7.427600000000002,2.3621,46.85,92.131325,193.45261250000013,2.46265,6.4058125,2.21895,44.0279,0.9430854753423764,0.13601414769390704
121.4,23.9,283.5294,SSP2-4.5,2081-2100,49.02199999999999,81.6891,258.1711,2.7390000000000008,4.713800000000003,2.2345000000000006,35.5981,88.80015,189.2881625000001,2.5895124999999997,6.045037499999999,1.9650875,41.472375,0.9430854753423764,0.19920992806369398
121.4,23.95,272.3215,SSP2-4.5,2081-2100,47.22339999999997,81.00470000000001,209.78589999999986,2.491600000000002,5.3672,1.4466,37.1519,86.09122500000001,196.9845625000001,2.5234999999999994,5.011425,1.6422375,39.675987500000005,0.9430854753423764,0.26240570843348543
121.4,24.0,285.9052,SSP2-4.5,2081-2100,33.81540000000001,87.23569999999998,144.6773000000003,2.0912999999999986,5.7621,1.3102999999999998,41.173100000000005,85.295525,181.79931249999998,2.5032375000000004,4.5467625,1.1890125000000002,39.9478625,0.9430854753423764,0.32560148880327683
121.4,24.05,298.1246,SSP2-4.5,2081-2100,18.069600000000037,86.3927,137.60469999999987,2.5366999999999997,5.1016999999999975,0.6500000000000004,41.1308,82.972475,177.59269999999998,2.4695375000000004,4.0375125,0.8217625,38.65338750000001,0.9430854753423764,0.3887972691730683
121.4,24.1,280.8568,SSP2-4.5,2081-2100,12.783399999999972,80.67670000000001,162.6579999999999,2.5204999999999984,4.163799999999998,0.1396999999999995,36.7231,82.3631,161.90098749999993,2.4221500000000007,3.6816999999999998,0.6508624999999999,38.494725,0.9430854753423764,0.4519930495428597
121.4,24.15,300.9809,SSP2-4.5,2081-2100,-5.047799999999995,84.9795,104.3155999999999,2.0028000000000006,5.3276,0.6327999999999996,39.7135,81.009525,131.2311499999999,2.0986625000000005,3.5758875,0.6814749999999998,37.405525,0.9430854753423764,0.5151888299126467
121.4,24.2,324.1519,SSP2-4.5,2081-2100,-16.79290000000003,84.8765,21.297399999999925,1.3382000000000005,4.862099999999998,1.3327999999999989,38.6981,82.6614875,79.00718749999996,1.642525,3.7073375,0.7959124999999998,38.6257125,0.9430854753423764,0.578384610282438
121.4,24.25,276.7358,SSP2-4.5,2081-2100,-2.4020999999999617,80.3011,18.176300000000083,1.3068999999999988,3.3293,0.8483,36.825,80.08905,30.60243749999998,1.2816375000000004,3.7614250000000005,0.943325,36.8086375,0.9430854753423764,0.6415803906522295
121.4,24.3,230.4741,SSP2-4.5,2081-2100,8.341200000000015,71.64940000000001,11.85380000000032,1.2139000000000024,2.879300000000004,0.48099999999999987,32.2115,76.5968125,19.09696249999999,1.162174999999999,3.1443874999999997,0.8812624999999998,34.580525,0.9430854753423764,0.704776171022021
121.4,24.35,225.9675,SSP2-4.5,2081-2100,7.940499999999986,77.30859999999998,54.5625,1.301199999999998,2.9603,0.6707000000000001,34.596199999999996,75.2787125,7.999687500000022,1.1219375,3.1579750000000004,0.8502124999999998,33.795175,0.9430854753423764,0.7679719513918124
121.4,24.4,220.9495,SSP2-4.5,2081-2100,11.871100000000013,83.2288,2.277099999999791,1.0762999999999998,3.805200000000003,0.5033999999999992,38.5,76.8449,20.086700000000008,1.1894374999999995,3.4437374999999997,0.9859874999999998,34.910087499999996,0.9430854753423764,0.8311677317615993
121.4,24.45,228.7963,SSP2-4.5,2081-2100,14.747700000000009,90.14479999999999,-19.137600000000248,1.3044000000000011,5.837900000000001,0.9517000000000007,44.401900000000005,81.4749875,39.1405125,1.3265749999999996,3.4366375,1.1036374999999996,37.7156125,0.9430854753423764,0.8943635121313908
121.4,24.5,258.4791,SSP2-4.5,2081-2100,30.987199999999973,86.88910000000001,74.28670000000011,1.5639000000000003,2.8293,1.3741000000000003,41.51349999999999,83.3328125,71.77247499999993,1.5245374999999997,3.9006374999999993,1.43555,39.835800000000006,0.9430854753423764,0.9575592925011822
121.4,24.55,271.0039,SSP2-4.5,2081-2100,30.786800000000028,73.67620000000001,104.23929999999973,1.7342999999999975,2.8602999999999987,1.5052000000000003,34.5519,81.46712500000001,110.8638875,1.7380625000000003,3.066387499999999,1.9394250000000002,39.589175,0.9430854753423764,1.0207550728709736
121.4,24.6,252.2096,SSP2-4.5,2081-2100,35.6335,71.065,129.40970000000016,1.9610999999999983,1.0137999999999998,2.269,34.725,80.19210000000001,132.39317499999993,1.8367875000000007,3.724137499999999,2.2394375,39.5899,0.9430854753423764,1.0839508532407651
121.4,24.65,243.4296,SSP2-4.5,2081-2100,39.350900000000024,85.5207,131.76240000000007,1.8044000000000011,2.253399999999999,2.608600000000001,42.4327,77.6991625,128.942725,1.8872750000000007,4.062087499999999,2.2642375,39.0875125,0.9430854753423764,1.147146633610552
121.4,24.7,262.8641,SSP2-4.5,2081-2100,34.080100000000016,85.5763,99.49150000000009,1.7856000000000023,4.9328,2.1258999999999997,44.7231,82.22366249999999,126.24996249999992,1.8271875000000004,5.1269374999999995,2.0735,42.676225,0.9430854753423764,1.2103424139803434
121.4,24.75,272.7705,SSP2-4.5,2081-2100,26.832899999999995,83.73819999999999,118.14059999999972,1.8348000000000013,6.556899999999999,1.5897000000000006,43.9212,85.73346250000002,106.91031250000003,1.6932750000000003,5.260987499999999,1.8010874999999997,47.0726125,0.9430854753423764,1.273538194350135
121.4,24.8,272.6348,SSP2-4.5,2081-2100,20.245000000000005,92.25590000000001,96.14010000000007,1.5871999999999993,5.480999999999998,1.0413999999999994,53.482699999999994,88.5612,79.42010000000005,1.5461,5.395262499999999,1.5204624999999998,50.5594,0.9430854753423764,1.3367339747199263
121.4,24.85,248.1649,SSP2-4.5,2081-2100,15.111100000000022,91.80940000000001,22.789300000000367,1.3164000000000016,5.543099999999999,1.0655000000000001,54.5712,90.25308749999999,50.55202500000004,1.3627749999999992,5.3034625,1.1698124999999997,53.7906375,0.9430854753423764,1.3999297550897176
121.4,24.9,199.7681,SSP2-4.5,2081-2100,23.29910000000001,92.8511,17.49929999999995,1.1510999999999996,5.834500000000002,1.2362000000000002,56.05579999999999,89.1408625,11.24985000000001,1.299375,5.920287500000001,0.9234749999999996,54.6363125,0.9430854753423764,1.4631255354595045
121.4,24.95,168.4861,SSP2-4.5,2081-2100,7.852000000000004,87.6176,-6.008400000000165,1.4106000000000023,7.862099999999998,1.2431,55.0923,88.5753625,4.233412499999929,1.2921624999999994,6.227387500000001,0.7599125,54.8752375,0.9430854753423764,1.526321315829296
121.4,25.0,155.8292,SSP2-4.5,2081-2100,4.648900000000026,89.6348,44.96789999999987,1.6393999999999984,5.3017,0.7844999999999995,55.0904,88.2163375,6.0462874999999485,1.4130500000000001,7.1526000000000005,0.5957000000000001,55.03268750000001,0.9430854753423764,1.5895170961990874
121.4,25.05,152.3147,SSP2-4.5,2081-2100,10.018799999999999,91.27199999999999,32.76420000000007,1.7398999999999987,8.536200000000001,0.15339999999999954,56.432700000000004,89.86153750000001,27.454024999999916,1.4966874999999993,6.706900000000001,0.49592499999999984,55.5887,0.9430854753423764,1.652712876568879
121.4,25.1,155.8915,SSP2-4.5,2081-2100,10.45999999999998,93.1254,28.13469999999984,1.5231999999999992,7.484500000000001,0.20169999999999888,57.3596,91.5885625,49.521237499999955,1.5445624999999992,6.7316875,0.31056249999999974,56.395925,0.9430854753423764,1.7159086569386703
121.4,25.15,151.4827,SSP2-4.5,2081-2100,12.756,94.02769999999998,49.96749999999997,1.500399999999999,7.7224,0.22930000000000028,58.009600000000006,92.1616125,47.24277499999994,1.3914999999999988,5.8357875,0.2573249999999997,56.6899125,0.9430854753423764,1.7791044373084572
121.4,25.2,142.1568,SSP2-4.5,2081-2100,12.319199999999995,91.24340000000001,24.467099999999846,1.2760999999999996,3.510300000000001,-0.3240999999999996,56.2404,92.52302499999999,24.77449999999999,1.2508624999999989,6.0150999999999994,0.05709999999999971,57.035574999999994,0.9430854753423764,1.8423002176782488
121.45,23.3,182.6812,SSP2-4.5,2081-2100,35.8999,104.03200000000001,156.6905999999999,2.295399999999997,7.444800000000001,2.6378999999999992,48.680800000000005,105.9697125,163.42101249999996,2.457575,8.2181125,2.8918125,50.6726125,1.0487793154235978,-0.5591394363737897
121.45,23.35,188.4775,SSP2-4.5,2081-2100,38.24210000000002,107.013,159.68509999999992,2.315899999999999,7.0914,2.648299999999999,50.3635,106.04565,160.3512125,2.4805874999999995,7.85755,2.8920250000000003,50.983675000000005,1.0487793154235978,-0.4959436560039983
121.45,23.4,205.0619,SSP2-4.5,2081-2100,36.88419999999999,106.89169999999999,159.8056999999999,2.2485999999999997,7.4345,2.825899999999999,51.7712,105.65237499999999,143.60177499999995,2.4606999999999997,7.7928875,2.7803875,50.925012499999994,1.0487793154235978,-0.43274787563421135
121.45,23.45,199.9067,SSP2-4.5,2081-2100,37.67070000000001,105.6797,135.71939999999995,2.695899999999998,8.2103,2.6828000000000003,51.5154,105.50005,125.92308749999995,2.5426625000000005,7.781462500000001,2.6530125,51.139675,1.0487793154235978,-0.3695520952644199
121.45,23.5,207.711,SSP2-4.5,2081-2100,30.97289999999998,103.7013,140.37329999999997,2.884500000000001,5.217200000000002,2.4154999999999998,49.9481,104.4650125,113.11843750000003,2.6192124999999997,8.323475,2.519625,50.5197125,1.0487793154235978,-0.3063563148946285
121.45,23.55,219.2241,SSP2-4.5,2081-2100,29.86930000000001,102.90709999999999,117.83740000000012,2.7117000000000004,8.3276,2.3568999999999996,49.221199999999996,103.006675,114.95648750000001,2.5371624999999995,7.423475,2.5364250000000004,49.794475,1.0487793154235978,-0.24316053452483705
121.45,23.6,240.6733,SSP2-4.5,2081-2100,25.044299999999993,101.351,97.13450000000012,2.5264999999999986,7.1861999999999995,2.725900000000001,47.938500000000005,102.8533375,143.9776875,2.462112499999999,7.3831875,2.364225,49.8454375,1.0487793154235978,-0.17996475415504562
121.45,23.65,240.973,SSP2-4.5,2081-2100,23.996800000000007,101.59530000000001,183.91529999999966,2.735699999999998,7.187899999999999,1.6620999999999988,49.286500000000004,102.35475,171.30095000000003,2.444612499999999,6.7758625,2.3127000000000004,49.2416,1.0487793154235978,-0.11676897378525869
121.45,23.7,232.4353,SSP2-4.5,2081-2100,26.748399999999975,102.1947,224.58130000000006,2.863900000000001,5.820699999999999,2.0223999999999993,49.161500000000004,103.194775,178.9780375,2.372,7.3579625,1.9829750000000004,50.3019125,1.0487793154235978,-0.053573193415467256
121.45,23.75,240.1365,SSP2-4.5,2081-2100,19.31279999999998,105.08759999999998,161.73080000000004,2.128300000000003,8.681000000000001,1.8828000000000014,52.878800000000005,102.5876625,157.92140000000006,2.2675625000000004,6.8534375,2.029075,50.3358,1.0487793154235978,0.009622586954324176
121.45,23.8,259.8564,SSP2-4.5,2081-2100,13.40440000000001,104.5,98.58180000000038,1.8491,7.430999999999997,1.8240999999999996,51.8942,102.62707499999999,133.60242500000004,2.1963125000000003,7.191587500000001,2.0786625,50.73003750000001,1.0487793154235978,0.0728183673241156
121.45,23.85,273.9441,SSP2-4.5,2081-2100,19.665999999999997,98.48719999999999,146.44309999999996,2.3857999999999997,7.924099999999999,2.3741000000000003,45.4135,98.487075,134.3136625000001,2.2404249999999997,6.3689625,2.02995,47.754325,1.0487793154235978,0.13601414769390704
121.45,23.9,282.4909,SSP2-4.5,2081-2100,40.101,85.1233,197.46060000000034,2.5418999999999983,5.4879,1.8844999999999992,36.1423,96.0749,131.70856249999994,2.4125375,6.569600000000001,1.8885750000000001,45.892799999999994,1.0487793154235978,0.19920992806369398
121.45,23.95,282.5981,SSP2-4.5,2081-2100,43.10149999999999,90.25470000000001,157.46709999999985,2.5573999999999995,5.910299999999999,1.8069000000000006,40.955799999999996,90.963975,133.08120000000002,2.3899375,6.1112,1.6196125,42.53702500000001,1.0487793154235978,0.26240570843348543
121.45,24.0,299.6006,SSP2-4.5,2081-2100,37.03219999999999,95.06620000000001,147.6214,2.4368,6.3414,1.1913999999999998,45.063500000000005,88.2004,116.77936249999999,2.4009625000000003,5.89955,1.3323250000000002,41.797125,1.0487793154235978,0.32560148880327683
121.45,24.05,329.8432,SSP2-4.5,2081-2100,15.816299999999956,84.7495,135.5376000000001,2.475200000000001,5.470700000000001,0.8483,40.7712,86.210725,121.05342499999995,2.4008375,5.034050000000001,0.9472,40.446650000000005,1.0487793154235978,0.3887972691730683
121.45,24.1,358.1538,SSP2-4.5,2081-2100,1.6480999999999995,80.5688,139.22429999999986,2.5001000000000033,3.686200000000003,0.7431000000000001,36.3981,85.4752,120.27551249999993,2.3372374999999996,4.285562499999999,0.7599375,40.5038625,1.0487793154235978,0.4519930495428597
121.45,24.15,381.7394,SSP2-4.5,2081-2100,-8.977300000000014,87.4422,116.72679999999991,2.133099999999999,3.0397,0.6189999999999998,41.4692,85.9635125,102.32157499999994,2.0371375,3.89355,0.923075,39.950500000000005,1.0487793154235978,0.5151888299126467
121.45,24.2,365.9708,SSP2-4.5,2081-2100,-15.401700000000005,86.5582,87.97550000000001,1.6829999999999998,5.119,1.1224000000000007,40.9846,86.32385,50.616912499999984,1.6531374999999997,3.5648749999999993,1.04635,40.4377375,1.0487793154235978,0.578384610282438
121.45,24.25,299.3308,SSP2-4.5,2081-2100,-8.618899999999996,85.81800000000001,-17.118200000000115,1.2439,3.3948,1.0878999999999994,39.9019,82.7873875,0.6783500000000231,1.3342125000000005,4.037287500000001,1.006675,38.3682625,1.0487793154235978,0.6415803906522295
121.45,24.3,235.0949,SSP2-4.5,2081-2100,5.072599999999994,79.2688,-70.56970000000001,1.0092999999999996,4.6448,0.8000000000000007,35.8,76.3960125,-5.8344874999999945,1.25285,3.3155000000000006,0.8359874999999994,34.899025,1.0487793154235978,0.704776171022021
121.45,24.35,234.2998,SSP2-4.5,2081-2100,11.0103,54.3953,35.946100000000115,1.3316999999999979,1.8621000000000016,0.8327999999999989,22.894199999999998,77.501875,6.59559999999999,1.2597750000000003,3.158175000000001,0.7984749999999996,35.2326875,1.0487793154235978,0.7679719513918124
121.45,24.4,252.4848,SSP2-4.5,2081-2100,15.035599999999988,71.0003,92.17669999999998,1.6143,1.622399999999999,1.0586000000000002,32.0942,76.69423749999999,41.45674999999997,1.4137624999999998,2.937712500000001,0.9683124999999997,35.1771625,1.0487793154235978,0.8311677317615993
121.45,24.45,279.4547,SSP2-4.5,2081-2100,16.800700000000006,77.48330000000001,69.74150000000009,1.729099999999999,3.519000000000002,1.1224000000000007,35.182700000000004,81.5198125,63.94901250000001,1.5596125000000005,3.018312500000001,1.2678625,38.5427875,1.0487793154235978,0.8943635121313908
121.45,24.5,305.3852,SSP2-4.5,2081-2100,27.359100000000012,90.29680000000002,85.52149999999983,1.6401000000000003,4.6068999999999996,1.3171999999999997,44.0769,83.3798125,93.73860000000005,1.720475,3.8247750000000003,1.6575375000000003,40.56635,1.0487793154235978,0.9575592925011822
121.45,24.55,288.5667,SSP2-4.5,2081-2100,37.912499999999966,94.7056,143.96140000000014,1.7287,5.187899999999999,2.2845000000000013,48.7096,83.00215,126.01663750000006,1.8641124999999996,3.9021500000000002,1.9015,41.16273749999999,1.0487793154235978,1.0207550728709736
121.45,24.6,263.3209,SSP2-4.5,2081-2100,37.851,79.2846,157.22260000000006,2.0695000000000014,5.0207000000000015,2.481,38.819199999999995,83.868075,156.96002500000003,1.8666999999999998,4.240287499999999,2.0472125000000005,42.5077,1.0487793154235978,1.0839508532407651
121.45,24.65,265.1685,SSP2-4.5,2081-2100,55.88470000000001,74.22399999999999,187.0027,1.9189000000000007,5.141400000000001,2.1792999999999996,37.6385,80.320275,148.85916250000008,1.8466250000000004,4.494825,1.9284625000000002,40.4218875,1.0487793154235978,1.147146633610552
121.45,24.7,259.908,SSP2-4.5,2081-2100,47.13650000000001,67.1947,158.1594,1.7394999999999996,5.086199999999998,2.1827999999999985,32.9058,82.672325,142.67583750000006,1.737912500000001,4.988575,1.7478500000000003,42.6106,1.0487793154235978,1.2103424139803434
121.45,24.75,277.3872,SSP2-4.5,2081-2100,30.34820000000002,81.2895,155.7229000000002,1.7368000000000023,4.322400000000002,2.0878999999999994,42.407700000000006,83.6963375,124.11565000000002,1.6665874999999999,5.1702625,1.4944125000000001,45.0673125,1.0487793154235978,1.273538194350135
121.45,24.8,281.618,SSP2-4.5,2081-2100,24.574600000000032,85.7133,133.19500000000016,1.7040000000000006,4.2551999999999985,1.4397000000000002,48.9115,88.0963,89.31822500000004,1.5400749999999999,5.0150749999999995,1.3098999999999998,49.613237500000004,1.0487793154235978,1.3367339747199263
121.45,24.85,269.4379,SSP2-4.5,2081-2100,17.607100000000003,88.78979999999999,49.82709999999997,1.391099999999998,4.370699999999999,1.1309999999999985,52.39620000000001,88.95535,44.904075000000034,1.3542999999999994,5.0418125,1.0489125000000001,52.1947125,1.0487793154235978,1.3999297550897176
121.45,24.9,229.719,SSP2-4.5,2081-2100,14.957099999999997,87.8793,-9.571800000000167,1.1113,4.832799999999999,0.8447999999999993,53.8769,87.9811,-7.10594999999995,1.2285374999999998,5.8396625,0.9254249999999999,53.18127500000001,1.0487793154235978,1.4631255354595045
121.45,24.95,184.5371,SSP2-4.5,2081-2100,2.23569999999998,86.582,-50.35370000000012,1.202300000000001,6.7483,1.0465999999999998,54.2481,86.73236250000001,-24.333249999999992,1.1687624999999997,6.2972125000000005,0.9331875000000001,53.53125,1.0487793154235978,1.526321315829296
121.45,25.0,167.6302,SSP2-4.5,2081-2100,0.01839999999998554,85.8241,-55.18910000000005,1.1631999999999998,7.7120999999999995,1.0517000000000003,54.251900000000006,86.816775,-8.92452499999996,1.3232499999999998,6.8030124999999995,0.8495874999999999,54.303137500000005,1.0487793154235978,1.5895170961990874
121.45,25.05,152.8315,SSP2-4.5,2081-2100,6.143200000000007,88.91920000000002,41.22199999999998,1.5594999999999999,5.843099999999996,0.7466000000000008,56.4654,87.98852500000001,5.722250000000031,1.3345374999999993,7.1198250000000005,0.6777999999999995,55.0997625,1.0487793154235978,1.652712876568879
121.45,25.1,152.66,SSP2-4.5,2081-2100,12.711199999999991,90.30890000000002,20.590099999999893,1.4507999999999974,5.939699999999998,0.31899999999999906,56.8558,90.57325,41.73975000000004,1.3742374999999991,6.9129249999999995,0.4726124999999999,56.6216375,1.0487793154235978,1.7159086569386703
121.45,25.15,161.2244,SSP2-4.5,2081-2100,15.139600000000002,91.7238,55.16370000000006,1.2871999999999986,5.7224,0.0671999999999997,56.590399999999995,91.7220375,21.810962499999988,1.238062499999999,6.103025000000001,0.0734874999999997,57.0923,1.0487793154235978,1.7791044373084572
121.45,25.2,155.7339,SSP2-4.5,2081-2100,12.706699999999984,90.4242,13.28950000000009,1.1807999999999979,5.805199999999999,0.1913999999999998,54.9846,91.43336250000002,-15.631124999999969,1.0232374999999991,5.285337500000001,-0.38793750000000027,56.7519125,1.0487793154235978,1.8423002176782488
121.45,25.25,147.3289,SSP2-4.5,2081-2100,11.94720000000001,89.9709,-28.417500000000018,1.0686999999999998,4.886199999999999,-0.26720000000000077,55.088499999999996,90.7226375,-71.03810000000001,0.7713374999999996,4.804312500000001,-0.7284500000000003,55.9487875,1.0487793154235978,1.9054959980480402
121.5,22.05,131.3531,SSP2-4.5,2081-2100,11.984499999999997,129.2457,28.294900000000098,0.8424999999999994,7.141400000000001,3.0241000000000007,70.3904,125.426825,-3.0831250000000523,1.3129750000000011,11.321762500000002,3.3829875,69.349775,1.154473155504819,-2.139033945618553
121.5,22.65,147.1573,SSP2-4.5,2081-2100,27.061499999999995,126.7166,19.273799999999937,2.3347000000000016,7.548300000000001,2.5259,65.01350000000001,113.27255,80.06799999999998,2.2049499999999997,9.773275000000002,2.0183125,58.026687499999994,1.154473155504819,-1.3806845811810693
121.5,23.4,176.4399,SSP2-4.5,2081-2100,46.339,104.5265,75.36249999999995,2.3734,8.162099999999999,2.9103000000000003,50.0096,106.16739999999999,143.71829999999997,2.46305,7.7903,2.7691999999999997,51.503137499999994,1.154473155504819,-0.43274787563421135
121.5,23.45,180.9229,SSP2-4.5,2081-2100,45.25049999999999,104.61959999999999,60.285899999999856,2.4329,7.850000000000001,2.5724,50.7269,105.2825375,121.02709999999999,2.56855,7.8308,2.6538875,50.854575,1.154473155504819,-0.3695520952644199
121.5,23.5,187.6755,SSP2-4.5,2081-2100,42.14019999999999,105.787,73.17960000000016,2.439,8.151700000000002,2.6327999999999996,51.5442,104.6626,107.12806249999997,2.5631874999999997,7.772612500000001,2.5745625000000003,50.517075,1.154473155504819,-0.3063563148946285
121.5,23.55,203.4472,SSP2-4.5,2081-2100,33.746700000000004,106.666,68.6518000000001,2.303399999999998,8.1741,3.0569000000000006,51.9288,103.82283749999999,108.16302500000003,2.4653624999999995,7.1342625,2.5588375,50.13295,1.154473155504819,-0.24316053452483705
121.5,23.6,219.3545,SSP2-4.5,2081-2100,25.9675,102.2363,103.50999999999976,1.9994999999999994,5.9345,3.1517,50.0462,104.1398875,120.72045000000003,2.354612499999999,7.0334,2.5198375,50.0911125,1.154473155504819,-0.17996475415504562
121.5,23.65,212.1956,SSP2-4.5,2081-2100,32.07769999999999,102.05189999999999,182.67240000000015,2.2856999999999985,6.6690000000000005,2.2345000000000006,49.0308,103.16805,138.07583749999995,2.2964249999999993,6.377375,2.5736999999999997,49.5076875,1.154473155504819,-0.11676897378525869
121.5,23.7,215.9641,SSP2-4.5,2081-2100,29.776700000000005,101.59790000000001,170.23569999999995,2.4852999999999987,6.970700000000001,2.1034000000000006,48.4692,103.73734999999999,139.53149999999997,2.1966375000000005,6.690300000000001,2.2013,50.478825,1.154473155504819,-0.053573193415467256
121.5,23.75,228.4385,SSP2-4.5,2081-2100,17.966700000000003,104.5334,77.88659999999982,2.0698000000000008,7.1569,1.529300000000001,51.403800000000004,104.6140125,109.19036250000008,2.073575000000001,6.872624999999999,2.099125,51.5610375,1.154473155504819,0.009622586954324176
121.5,23.8,243.236,SSP2-4.5,2081-2100,5.951600000000013,108.7551,30.68690000000015,1.8253000000000021,5.955199999999998,1.956900000000001,55.034600000000005,105.28336249999998,78.42115000000004,2.0223250000000004,7.290075,1.8349000000000002,52.485325,1.154473155504819,0.0728183673241156
121.5,23.85,239.7198,SSP2-4.5,2081-2100,12.003900000000016,110.49249999999998,58.70869999999991,2.0337999999999994,6.325900000000001,1.687899999999999,56.675000000000004,103.31518750000001,71.73291250000008,2.1026249999999997,7.087274999999999,1.7926624999999998,50.98605,1.154473155504819,0.13601414769390704
121.5,23.9,261.2974,SSP2-4.5,2081-2100,9.261700000000019,105.0333,38.28219999999965,2.2418999999999976,7.200000000000003,1.4793000000000003,52.8423,102.3519125,83.293925,2.2754125,7.17585,1.7428749999999997,50.2086625,1.154473155504819,0.19920992806369398
121.5,23.95,290.0911,SSP2-4.5,2081-2100,8.48320000000001,104.0084,21.6579999999999,2.2681000000000004,7.687899999999999,1.7172,51.6558,99.2772625,87.3504375,2.316775,6.922187500000001,1.5933249999999997,48.14135,1.154473155504819,0.26240570843348543
121.5,24.0,294.3171,SSP2-4.5,2081-2100,20.267600000000016,88.5511,46.99310000000014,2.3089000000000013,6.3293,1.6930999999999994,40.669200000000004,94.861175,82.46841249999997,2.3619000000000003,6.6971875,1.4510750000000001,45.91805,1.154473155504819,0.32560148880327683
121.5,24.05,317.0389,SSP2-4.5,2081-2100,9.384999999999991,83.4064,80.51119999999992,2.4785000000000004,5.5672,1.1862000000000013,40.869200000000006,90.43475000000001,90.86299999999997,2.3289750000000007,5.503237500000001,1.217025,42.688,1.154473155504819,0.3887972691730683
121.5,24.1,372.9615,SSP2-4.5,2081-2100,-6.9635000000000105,87.7882,109.13739999999962,2.3339,3.320700000000002,0.6638000000000002,41.5462,86.88527500000001,96.98973750000002,2.2786625000000003,4.540524999999999,1.1392250000000002,40.9855875,1.154473155504819,0.4519930495428597
121.5,24.15,449.7831,SSP2-4.5,2081-2100,-22.54449999999997,88.3664,115.71280000000024,2.2171999999999983,2.2930999999999955,1.3396999999999997,41.8077,88.40885,90.19951249999991,2.0260625,3.9271749999999996,1.0635750000000002,41.8077,1.154473155504819,0.5151888299126467
121.5,24.2,430.1145,SSP2-4.5,2081-2100,-27.909500000000037,93.8938,78.25160000000005,1.7013999999999996,2.3759000000000015,1.4103000000000012,43.732699999999994,85.63355,54.28604999999996,1.7445124999999995,4.064437499999999,1.1969874999999999,40.6944625,1.154473155504819,0.578384610282438
121.5,24.25,318.813,SSP2-4.5,2081-2100,-15.11669999999998,84.91329999999999,-32.427000000000135,1.281600000000001,3.8964999999999996,1.0999999999999996,41.35380000000001,82.80615,14.556012499999952,1.4847625,4.2713375,1.2252,38.6396625,1.154473155504819,0.6415803906522295
121.5,24.3,252.8969,SSP2-4.5,2081-2100,2.3703000000000145,80.838,-109.13110000000006,1.139400000000002,5.191400000000002,0.9585999999999988,37.3404,76.61677499999999,12.863237499999968,1.3626999999999998,3.281875,1.1402874999999997,35.2168125,1.154473155504819,0.704776171022021
121.5,24.35,255.5467,SSP2-4.5,2081-2100,17.6952,75.9444,-8.538300000000163,1.2042000000000002,3.0102999999999973,0.7085999999999988,34.069199999999995,76.55517499999999,42.56622500000006,1.4282750000000006,2.4599125,1.2521499999999997,35.13245,1.154473155504819,0.7679719513918124
121.5,24.4,300.0776,SSP2-4.5,2081-2100,21.773799999999994,80.77669999999999,80.13380000000006,1.5196000000000005,1.1517000000000017,1.2068999999999992,37.25,74.86295,96.6513250000001,1.5917000000000003,1.9428874999999999,1.3978374999999998,34.3425375,1.154473155504819,0.8311677317615993
121.5,24.45,350.4436,SSP2-4.5,2081-2100,28.036,74.27199999999999,116.66890000000012,1.8436000000000021,1.3552,1.75,34.5231,79.0601625,120.72056250000014,1.7176125,2.5262875000000005,1.6721875,37.0673,1.154473155504819,0.8943635121313908
121.5,24.5,385.5678,SSP2-4.5,2081-2100,36.29430000000002,75.55,79.66500000000042,1.9146999999999998,2.9379000000000026,1.9809999999999999,35.9827,83.255675,148.5071625000001,1.8115125,3.839875,1.81595,40.529075000000006,1.154473155504819,0.9575592925011822
121.5,24.55,323.3038,SSP2-4.5,2081-2100,36.0163,94.3175,180.48360000000002,1.9451,6.070699999999999,2.2913999999999994,49.6654,85.5651375,156.3999250000001,1.9057,4.7821125,1.9650874999999999,42.787000000000006,1.154473155504819,1.0207550728709736
121.5,24.6,281.8765,SSP2-4.5,2081-2100,42.53489999999999,92.938,197.30470000000014,2.084199999999999,5.877600000000001,1.9931,49.9673,87.574425,171.44745000000006,1.8613750000000007,5.58125,1.8381625,44.8694625,1.154473155504819,1.0839508532407651
121.5,24.65,268.169,SSP2-4.5,2081-2100,57.88990000000001,84.4976,181.51639999999998,1.7569000000000017,5.517199999999999,1.2466000000000008,42.3712,82.814525,149.69710000000003,1.7932375,5.7532375,1.5114249999999998,42.517062499999994,1.154473155504819,1.147146633610552
121.5,24.7,256.3934,SSP2-4.5,2081-2100,53.04930000000002,76.4853,136.00660000000016,1.5717999999999996,6.2569,0.5207000000000015,37.4308,83.0705875,129.19860000000006,1.6530750000000007,5.42155,1.1532374999999997,43.53125,1.154473155504819,1.2103424139803434
121.5,24.75,276.5896,SSP2-4.5,2081-2100,41.39589999999998,90.047,131.76360000000022,1.4940999999999995,4.927600000000002,1.6241000000000003,49.959599999999995,82.42259999999999,105.41972500000003,1.6134749999999998,5.2549624999999995,0.6877250000000001,44.0389375,1.154473155504819,1.273538194350135
121.5,24.8,293.3549,SSP2-4.5,2081-2100,37.419700000000034,88.55999999999999,120.02839999999969,1.6156999999999968,3.865500000000001,1.431000000000001,49.2038,86.455,71.2140500000001,1.4471625000000001,4.979312500000001,0.676725,48.819,1.154473155504819,1.3367339747199263
121.5,24.85,271.892,SSP2-4.5,2081-2100,22.79540000000003,88.28059999999999,20.133800000000065,1.3445,5.0534,0.5085999999999995,50.9635,85.58612500000001,24.147524999999973,1.2071999999999994,4.763375,0.7696000000000003,50.086775,1.154473155504819,1.3999297550897176
121.5,24.9,229.5603,SSP2-4.5,2081-2100,11.90779999999998,84.29320000000001,-40.98149999999987,1.0041999999999973,5.469000000000001,0.8241000000000014,50.4923,84.77246249999999,-36.852125,0.9767625000000004,5.31465,0.6236999999999997,51.3913625,1.154473155504819,1.4631255354595045
121.5,24.95,183.2088,SSP2-4.5,2081-2100,6.498500000000007,83.6251,-69.7534999999998,1.0080999999999989,5.836200000000002,0.34830000000000005,51.63080000000001,83.1497625,-66.43748750000003,0.8914750000000002,6.3651,0.7530125000000001,51.7877375,1.154473155504819,1.526321315829296
121.5,25.0,174.3547,SSP2-4.5,2081-2100,3.4805999999999813,82.1337,-75.6288999999997,0.8622000000000014,7.529299999999999,1.1327999999999996,51.7596,83.93646249999999,-45.36662499999997,1.0414499999999998,6.78965,0.6704875000000001,53.183675,1.154473155504819,1.5895170961990874
121.5,25.05,175.4995,SSP2-4.5,2081-2100,2.986499999999978,84.7498,11.394200000000183,1.163999999999998,6.767199999999999,1.3414000000000001,53.705799999999996,85.33556250000001,-12.46999999999997,1.1363875,6.94655,0.6991499999999997,54.4899125,1.154473155504819,1.652712876568879
121.5,25.1,162.8556,SSP2-4.5,2081-2100,15.79479999999998,86.8595,38.74490000000014,1.1336000000000013,7.687900000000003,0.43789999999999907,55.3423,88.1158375,40.89223750000008,1.2554624999999993,5.958187499999999,0.46940000000000004,56.0069875,1.154473155504819,1.7159086569386703
121.5,25.15,204.7554,SSP2-4.5,2081-2100,10.880499999999984,93.9086,76.5268000000001,1.0860999999999983,5.5397,0.6034000000000006,59.0673,89.06130000000002,9.409912500000075,1.1052499999999994,5.573275000000001,-0.22155000000000036,56.237975,1.154473155504819,1.7791044373084572
121.5,25.2,226.1129,SSP2-4.5,2081-2100,7.697300000000013,93.8786,-77.23289999999997,0.753499999999999,5.134499999999999,-1.0707000000000004,58.8788,90.0970375,-35.817849999999936,0.8735624999999994,5.21035,-0.5122875000000002,55.9990375,1.154473155504819,1.8423002176782488
121.5,25.25,168.2755,SSP2-4.5,2081-2100,11.622500000000002,90.29050000000001,-107.33719999999994,0.6541999999999994,5.637900000000002,-0.7121000000000013,54.9788,90.3504625,-123.11657499999998,0.45597499999999913,4.7610125000000005,-0.9402875000000002,55.4598625,1.154473155504819,1.9054959980480402
121.5,25.3,156.1099,SSP2-4.5,2081-2100,11.626800000000003,90.74030000000002,-79.54110000000037,0.7375000000000007,3.132800000000003,-0.7275999999999989,54.6327,90.0565125,-148.04316249999994,0.2946499999999994,4.975225,-1.0538750000000003,55.3442375,1.154473155504819,1.9686917784178315
121.55,22.05,157.5298,SSP2-4.5,2081-2100,13.665999999999997,127.98880000000001,70.14869999999974,0.5671999999999997,4.765499999999999,4.0914,68.46350000000001,125.58393749999999,-8.314850000000007,1.347387500000001,11.61875,3.249575,69.5906375,1.2601669955860404,-2.139033945618553
121.55,23.55,183.7436,SSP2-4.5,2081-2100,35.303000000000026,106.01299999999999,93.77589999999987,2.2864000000000004,7.1724,2.2793,51.465399999999995,104.3979375,102.80786250000006,2.3565124999999996,6.817662500000001,2.77285,50.3105875,1.2601669955860404,-0.24316053452483705
121.55,23.6,193.2841,SSP2-4.5,2081-2100,32.97740000000002,107.53439999999999,105.34460000000013,2.1080999999999985,6.506900000000002,2.7603,51.7981,103.5935375,118.69314999999995,2.223699999999999,6.717025,2.659275,49.882212499999994,1.2601669955860404,-0.17996475415504562
121.55,23.65,201.9305,SSP2-4.5,2081-2100,28.5128,105.00039999999998,116.43170000000009,1.8794000000000004,5.043099999999999,3.082799999999999,50.0596,103.8080375,126.06097499999993,2.1888749999999995,6.675650000000001,2.423475,50.263225000000006,1.2601669955860404,-0.11676897378525869
121.55,23.7,203.7558,SSP2-4.5,2081-2100,26.134500000000003,103.8344,103.45359999999982,1.7729999999999997,6.369,3.0809999999999995,49.3019,104.2318875,120.17563750000005,2.1694875,6.4900875000000005,2.2068875,50.7088875,1.2601669955860404,-0.053573193415467256
121.55,23.75,207.1175,SSP2-4.5,2081-2100,21.915599999999984,105.60109999999999,65.58030000000008,1.8373000000000008,6.594800000000003,2.115500000000001,52.7077,105.2967375,84.8579,2.0044500000000003,6.7978499999999995,2.1127125,52.0071875,1.2601669955860404,0.009622586954324176
121.55,23.8,221.5869,SSP2-4.5,2081-2100,16.35379999999998,105.3413,18.672500000000127,1.8263999999999996,7.1586,1.8068999999999988,53.04039999999999,107.61938749999999,53.95922500000006,1.9621750000000004,7.073274999999999,1.7271375,54.641575,1.2601669955860404,0.0728183673241156
121.55,23.85,225.5658,SSP2-4.5,2081-2100,13.3416,108.22380000000001,-0.23460000000000036,2.048099999999998,7.048299999999998,1.4586000000000006,55.8692,107.0164875,54.106775,2.0236875000000003,7.481887499999999,1.8036499999999998,54.070675,1.2601669955860404,0.13601414769390704
121.55,23.9,230.093,SSP2-4.5,2081-2100,8.175100000000015,111.0575,43.970800000000054,2.1025000000000027,8.493099999999998,1.5568999999999988,57.6519,108.46185,40.61856249999997,2.0736249999999994,7.7062375,1.6333875,55.4512,1.2601669955860404,0.19920992806369398
121.55,23.95,240.3488,SSP2-4.5,2081-2100,13.098799999999983,111.1679,40.877700000000004,2.265699999999999,8.529300000000003,1.4568999999999992,57.3058,105.8975375,48.342574999999954,2.0607625000000005,7.663774999999999,1.6784374999999998,53.510562500000006,1.2601669955860404,0.26240570843348543
121.55,24.0,270.0113,SSP2-4.5,2081-2100,21.252200000000016,107.9641,26.13059999999996,2.0791000000000004,7.086200000000002,1.6776,54.50000000000001,100.062675,57.67746249999999,2.1741375000000005,7.3872625,1.6433,49.630287499999994,1.2601669955860404,0.32560148880327683
121.55,24.05,304.0508,SSP2-4.5,2081-2100,1.9931000000000267,82.2722,49.943700000000035,2.3344000000000023,6.984500000000001,1.7241,36.2231,98.70213749999999,65.50554999999994,2.1469375000000004,6.290075,1.47305,48.80312500000001,1.2601669955860404,0.3887972691730683
121.55,24.1,363.4706,SSP2-4.5,2081-2100,-9.23539999999997,96.5179,72.31590000000006,2.1633999999999993,4.806899999999999,1.1948000000000008,46.3327,93.38386249999999,67.96246250000002,2.1692375,5.821549999999999,1.4689625,44.893037500000005,1.2601669955860404,0.4519930495428597
121.55,24.15,449.7768,SSP2-4.5,2081-2100,-26.71659999999997,91.75880000000001,65.94560000000001,1.9273999999999987,4.475899999999996,1.4585999999999997,44.01349999999999,92.9185375,72.43391249999999,2.0173249999999996,4.7948375,1.3752250000000001,44.31971250000001,1.2601669955860404,0.5151888299126467
121.55,24.2,421.1452,SSP2-4.5,2081-2100,-28.36529999999999,82.74289999999999,52.01899999999978,1.7662000000000013,4.593099999999996,1.2965999999999998,39.9846,88.04570000000001,68.05620000000005,1.8784624999999995,4.6381499999999996,1.5045250000000001,41.424512500000006,1.2601669955860404,0.578384610282438
121.55,24.25,339.8152,SSP2-4.5,2081-2100,-16.787800000000004,77.46860000000001,45.453899999999976,1.7036999999999978,5.703400000000002,1.5517000000000003,36.0404,83.7347125,67.97608749999992,1.7431750000000008,4.0054,1.5325374999999999,39.289412500000005,1.2601669955860404,0.6415803906522295
121.55,24.3,289.102,SSP2-4.5,2081-2100,4.5593000000000075,75.8609,49.56709999999998,1.6311999999999998,3.148299999999999,1.5740999999999996,35.3327,81.00151249999999,80.18311249999991,1.6444500000000009,3.2150749999999997,1.5154999999999996,37.57835,1.2601669955860404,0.704776171022021
121.55,24.35,289.7415,SSP2-4.5,2081-2100,23.46470000000005,79.2649,100.5920000000001,1.4960000000000022,0.5947999999999993,1.4672,36.3423,83.4866625,109.97837499999991,1.6469500000000008,1.9387999999999996,1.6176624999999996,38.837975,1.2601669955860404,0.7679719513918124
121.55,24.4,338.5587,SSP2-4.5,2081-2100,35.10770000000002,91.03649999999999,161.8149000000003,1.684700000000003,1.463799999999999,2.1189999999999998,44.0058,82.1556875,143.53227499999997,1.7087875000000001,1.1327499999999997,1.7202374999999999,38.262725,1.2601669955860404,0.8311677317615993
121.55,24.45,413.7522,SSP2-4.5,2081-2100,41.522400000000005,75.5069,204.80880000000025,1.8299999999999983,2.115500000000001,2.1241000000000003,35.6288,79.92575,160.2785500000001,1.8216125000000005,1.6364250000000005,2.1094749999999998,37.685825,1.2601669955860404,0.8943635121313908
121.55,24.5,429.3974,SSP2-4.5,2081-2100,39.91120000000001,70.8308,191.9023000000002,1.808399999999999,2.793099999999999,2.4482999999999997,32.3173,79.2721,178.66728750000016,1.9135875000000002,3.350000000000001,2.0704624999999997,38.408175,1.2601669955860404,0.9575592925011822
121.55,24.55,348.8081,SSP2-4.5,2081-2100,37.05789999999996,88.6325,194.9693000000002,1.967100000000002,5.070700000000002,1.1896999999999984,44.1288,81.6739125,184.60256250000015,1.9637124999999997,4.730612500000001,2.1133625,40.9591375,1.2601669955860404,1.0207550728709736
121.55,24.6,312.6147,SSP2-4.5,2081-2100,30.77819999999997,92.28280000000001,200.6525999999999,2.032899999999998,6.7621,2.0259,48.294200000000004,88.5209,178.8691750000001,1.8881500000000004,5.690300000000001,1.4392375000000002,45.735575,1.2601669955860404,1.0839508532407651
121.55,24.65,274.1065,SSP2-4.5,2081-2100,35.59030000000001,92.6508,125.77100000000019,1.4719000000000015,5.879299999999997,1.0069,49.3288,88.369025,128.0913375,1.7597125,6.170037499999999,0.7816875000000003,46.1204375,1.2601669955860404,1.147146633610552
121.55,24.7,255.6028,SSP2-4.5,2081-2100,37.24599999999998,87.45599999999999,35.45719999999983,1.4572000000000003,6.0017,-0.2983000000000011,45.751900000000006,87.53031250000001,89.21817500000009,1.5462750000000005,6.1222,0.3513000000000004,46.405525,1.2601669955860404,1.2103424139803434
121.55,24.75,270.7445,SSP2-4.5,2081-2100,40.19219999999996,87.20510000000002,58.19560000000001,1.6493000000000002,6.496600000000001,-0.8033999999999999,47.8865,86.3693875,53.253862500000025,1.43045,5.806900000000001,0.012062500000000531,46.526912499999995,1.2601669955860404,1.273538194350135
121.55,24.8,274.097,SSP2-4.5,2081-2100,35.2595,85.4769,46.59270000000015,1.4334999999999987,5.755200000000002,-1.0585999999999984,47.813500000000005,86.557075,32.84461249999998,1.3307375000000001,5.4515125,0.32758750000000036,48.8261875,1.2601669955860404,1.3367339747199263
121.55,24.85,277.8704,SSP2-4.5,2081-2100,20.149299999999982,84.8378,-25.7183,0.8240000000000016,4.653399999999998,0.4845000000000006,50.213499999999996,83.34965,-9.253025000000093,1.1111124999999995,5.2500125,0.3493375000000005,48.480275000000006,1.2601669955860404,1.3999297550897176
121.55,24.9,245.9151,SSP2-4.5,2081-2100,13.271200000000022,79.1387,-80.19140000000016,0.5738000000000021,4.905200000000001,1.0602999999999998,47.7865,81.1363375,-73.31087500000001,0.7655249999999998,5.364437499999999,0.24051250000000013,49.072125,1.2601669955860404,1.4631255354595045
121.55,24.95,202.4474,SSP2-4.5,2081-2100,13.333800000000025,79.04639999999999,-129.1891999999998,0.35900000000000176,6.1172,-0.4344999999999999,50.0154,79.3446625,-99.83171250000004,0.6661375,6.168762500000001,0.5495749999999999,49.121875,1.2601669955860404,1.526321315829296
121.55,25.0,190.5201,SSP2-4.5,2081-2100,3.6725999999999885,80.3007,-90.39430000000038,0.8557999999999986,7.6068999999999996,0.4983000000000004,51.8712,80.717625,-89.68061249999988,0.7110750000000006,6.748262500000001,0.4722124999999997,50.839200000000005,1.2601669955860404,1.5895170961990874
121.55,25.05,191.5299,SSP2-4.5,2081-2100,6.27879999999999,82.4444,-20.66939999999977,1.0197000000000003,7.686200000000003,0.7654999999999994,53.2808,83.347525,-42.49026249999994,0.9220000000000006,7.099550000000001,0.7452749999999997,53.127412500000005,1.2601669955860404,1.652712876568879
121.55,25.1,186.7833,SSP2-4.5,2081-2100,18.39529999999999,85.894,41.56470000000013,1.0463000000000022,5.5672,0.6413999999999991,56.0923,86.13793749999999,-9.373587499999928,1.0104874999999995,6.451287500000001,0.3204625000000001,54.941837500000005,1.2601669955860404,1.7159086569386703
121.55,25.15,265.0967,SSP2-4.5,2081-2100,15.636500000000012,86.97800000000001,101.34580000000005,1.4300999999999995,4.600000000000001,-0.7292999999999985,55.9981,88.28073750000001,-73.51329999999993,0.6687999999999996,5.670037500000001,-0.3972000000000002,56.0016625,1.2601669955860404,1.7791044373084572
121.55,25.2,258.9274,SSP2-4.5,2081-2100,12.360400000000027,86.42340000000002,-118.1864999999998,0.5596999999999994,4.129300000000001,-1.6293000000000006,55.161500000000004,89.8767375,-145.542125,0.33229999999999915,5.261000000000001,-0.9782375000000001,55.971387500000006,1.2601669955860404,1.8423002176782488
121.55,25.25,189.9007,SSP2-4.5,2081-2100,13.168200000000013,91.05689999999998,-278.92740000000003,-0.278299999999998,5.362100000000002,-1.6224000000000007,56.1231,89.78815,-164.51937499999997,0.19854999999999912,4.734275000000001,-1.1036625,55.012975,1.2601669955860404,1.9054959980480402
121.55,25.3,158.4971,SSP2-4.5,2081-2100,15.68640000000002,90.7209,-71.48679999999968,0.3595999999999968,4.469000000000001,-0.9378999999999991,55.121199999999995,89.3416875,-184.34752500000002,0.15821249999999987,4.814875000000001,-1.0887875000000002,54.664425,1.2601669955860404,1.9686917784178315
121.6,21.95,197.4578,SSP2-4.5,2081-2100,13.877700000000004,112.42099999999999,95.45050000000037,0.7062999999999988,4.258600000000001,4.582799999999999,58.123099999999994,127.5299125,-11.477575000000087,1.3300000000000012,11.682112500000002,3.1881500000000003,70.88318749999999,1.3658608356672617,-2.265425506358136
121.6,22.0,183.9167,SSP2-4.5,2081-2100,15.370500000000021,119.71769999999998,103.99299999999994,0.6850000000000023,4.7414000000000005,4.3621,62.3558,126.617825,-12.545387500000032,1.3326625000000007,11.6217625,3.2157375000000004,70.3541,1.3658608356672617,-2.2022297259883445
121.6,23.85,204.8463,SSP2-4.5,2081-2100,19.421599999999984,107.79169999999999,56.49330000000009,1.9314999999999998,7.5809999999999995,1.6879,55.89619999999999,108.73508749999999,37.40621250000001,1.9847375,7.432324999999999,1.690725,55.5598375,1.3658608356672617,0.13601414769390704
121.6,23.9,210.4865,SSP2-4.5,2081-2100,17.10409999999999,109.1733,39.596700000000055,1.8423000000000016,9.217199999999998,1.8792999999999997,56.0115,109.3949125,51.02591249999995,2.0333499999999995,7.5592625,1.59395,56.374275,1.3658608356672617,0.19920992806369398
121.6,23.95,217.6648,SSP2-4.5,2081-2100,20.89439999999999,111.80390000000001,69.56650000000013,1.9575999999999993,8.060299999999998,1.700000000000001,57.3538,108.4704125,50.69832499999998,2.0032625000000004,8.058175,1.7407249999999999,55.7891875,1.3658608356672617,0.26240570843348543
121.6,24.0,232.4058,SSP2-4.5,2081-2100,22.593400000000003,109.58869999999999,100.54269999999974,1.6857000000000006,7.2362,1.7241,57.4,103.1310875,55.539937500000036,2.0719875000000005,7.7663625000000005,1.7616375,51.7127375,1.3658608356672617,0.32560148880327683
121.6,24.05,270.6114,SSP2-4.5,2081-2100,4.410199999999975,109.7028,51.32680000000005,2.0942000000000007,8.703400000000002,1.944799999999999,55.5654,103.2104625,63.23373749999999,1.9862875000000004,7.30625,1.7217625,52.144949999999994,1.3658608356672617,0.3887972691730683
121.6,24.1,329.3079,SSP2-4.5,2081-2100,-7.047200000000032,106.09790000000001,37.086700000000064,2.0318000000000005,7.270699999999998,1.6999999999999993,53.542300000000004,100.70611249999999,58.965325000000064,2.0456125000000003,7.275,1.6870625,49.68895,1.3658608356672617,0.4519930495428597
121.6,24.15,347.4789,SSP2-4.5,2081-2100,-4.999000000000024,97.67819999999999,34.035500000000184,1.9364999999999988,7.956900000000001,1.7344999999999997,45.5769,98.16665,62.843050000000005,2.0420374999999997,6.549799999999999,1.603025,47.9209125,1.3658608356672617,0.5151888299126467
121.6,24.2,361.3219,SSP2-4.5,2081-2100,-6.934500000000014,90.263,80.91239999999993,1.988199999999999,5.741400000000002,1.6621000000000006,42.034600000000005,90.172325,79.70925000000003,2.015475,6.169625,1.6228499999999997,42.620675,1.3658608356672617,0.578384610282438
121.6,24.25,343.2496,SSP2-4.5,2081-2100,-2.6257999999999697,80.02350000000001,156.5648000000001,2.2717000000000027,4.662099999999999,1.7792999999999992,36.8365,83.5284375,118.51908749999993,1.9441625,4.426087500000001,1.7463375,38.6165875,1.3658608356672617,0.6415803906522295
121.6,24.3,326.3621,SSP2-4.5,2081-2100,19.455899999999986,81.34230000000001,268.0518999999997,2.165700000000001,2.4345,2.4793000000000003,37.699999999999996,82.801925,140.89977499999998,1.8768375000000002,2.8069,1.7314499999999997,38.1988,1.3658608356672617,0.704776171022021
121.6,24.35,329.0514,SSP2-4.5,2081-2100,19.815800000000024,88.21710000000002,220.89869999999974,1.8933,0.22759999999999891,2.0793,40.944199999999995,86.3331875,170.82513749999995,1.8436000000000008,1.468975,1.8575374999999998,40.2098625,1.3658608356672617,0.7679719513918124
121.6,24.4,358.1433,SSP2-4.5,2081-2100,28.494199999999978,93.87740000000001,217.02999999999975,1.9375,-1.1172000000000004,1.8155000000000001,44.061499999999995,87.3553625,178.33671250000003,1.8361,1.5818874999999997,1.9353375000000002,41.0704375,1.3658608356672617,0.8311677317615993
121.6,24.45,401.4136,SSP2-4.5,2081-2100,34.38840000000005,89.3861,216.6642999999999,1.9460999999999977,1.7241,2.6103000000000005,43.2827,80.10568749999999,190.5938250000001,1.8848000000000007,2.047425,2.0306125,37.4367875,1.3658608356672617,0.8943635121313908
121.6,24.5,433.8064,SSP2-4.5,2081-2100,41.156799999999976,63.676500000000004,218.3492000000001,1.9183000000000021,2.7828000000000017,2.944799999999999,30.063500000000005,79.42542499999999,205.54570000000012,1.9381,3.5918000000000005,1.8898750000000002,37.534375,1.3658608356672617,0.9575592925011822
121.6,24.55,376.8988,SSP2-4.5,2081-2100,36.01120000000003,72.83529999999999,217.72920000000022,1.9437999999999995,4.743100000000002,1.6724000000000014,33.990399999999994,80.93563750000001,206.54792500000008,1.9996000000000005,4.856050000000001,1.8213499999999998,39.970675,1.3658608356672617,1.0207550728709736
121.6,24.6,322.8684,SSP2-4.5,2081-2100,39.92779999999999,90.96039999999999,190.73390000000018,2.0623000000000005,5.877600000000001,1.5500000000000007,47.3923,88.1494375,187.77810000000005,1.9329125,5.775,1.1179000000000001,45.24878749999999,1.3658608356672617,1.0839508532407651
121.6,24.65,286.5627,SSP2-4.5,2081-2100,32.5376,91.3351,142.44529999999986,1.873899999999999,6.4862,0.5638000000000005,49.0404,91.4985875,105.28480000000002,1.7054125,6.0700375,0.34052499999999997,48.4526375,1.3658608356672617,1.147146633610552
121.6,24.7,260.2413,SSP2-4.5,2081-2100,14.13639999999998,90.99699999999999,-59.38599999999997,1.238500000000002,6.5809999999999995,-1.3483,48.7154,90.07703749999999,48.682387500000004,1.4783,6.117025,-0.0885625000000001,48.321862499999995,1.3658608356672617,1.2103424139803434
121.6,24.75,281.6095,SSP2-4.5,2081-2100,15.946199999999976,87.02459999999999,-2.567099999999755,1.3138000000000005,6.832800000000001,0.0,46.5115,87.6274,-0.7019999999999982,1.3104625000000003,6.0689625,-0.5786499999999997,47.625475,1.3658608356672617,1.273538194350135
121.6,24.8,281.1558,SSP2-4.5,2081-2100,14.783999999999992,84.9083,18.135499999999865,1.3190000000000026,6.234500000000001,-0.7740999999999989,46.8288,84.7696125,-0.004524999999944157,1.2144,5.698287499999999,-0.1842499999999998,47.6798,1.3658608356672617,1.3367339747199263
121.6,24.85,272.1187,SSP2-4.5,2081-2100,15.725799999999992,81.5932,-57.214600000000246,1.0854999999999997,5.548299999999998,0.15000000000000036,49.0423,80.968175,-8.926500000000033,1.0013125,5.408200000000001,-0.025212499999999638,46.883875,1.3658608356672617,1.3999297550897176
121.6,24.9,251.0524,SSP2-4.5,2081-2100,10.509600000000006,74.5463,-100.52710000000025,0.5126999999999988,5.1690000000000005,0.6533999999999995,45.7115,78.1734625,-63.39435000000003,0.6487875000000001,5.1969875,-0.019387500000000113,46.9375,1.3658608356672617,1.4631255354595045
121.6,24.95,228.8761,SSP2-4.5,2081-2100,18.080799999999982,72.8681,-183.23660000000018,-0.013799999999999812,5.068999999999999,-0.6103000000000005,44.5077,76.80825,-90.02868750000005,0.5902750000000001,5.8213375,0.37478749999999983,47.44015,1.3658608356672617,1.526321315829296
121.6,25.0,212.0405,SSP2-4.5,2081-2100,14.975799999999992,77.85149999999999,-157.94039999999995,0.5261000000000031,7.765500000000003,0.48969999999999914,49.2154,78.962475,-89.88149999999996,0.6085750000000001,6.208825,0.20173749999999968,49.4341625,1.3658608356672617,1.5895170961990874
121.6,25.05,211.386,SSP2-4.5,2081-2100,11.744900000000001,83.02199999999999,-92.42110000000002,0.763300000000001,7.215499999999999,0.7447999999999997,52.5981,82.14165,-58.39769999999996,0.8298250000000005,6.5555875000000015,0.3599374999999998,52.1026625,1.3658608356672617,1.652712876568879
121.6,25.1,195.5677,SSP2-4.5,2081-2100,16.864599999999996,85.96900000000001,-15.241199999999935,1.0246999999999993,6.6569,0.6759000000000004,54.4346,84.6832,-79.34846249999995,0.7098875000000002,5.993087500000001,-0.25473749999999984,53.697374999999994,1.3658608356672617,1.7159086569386703
121.6,25.15,243.72,SSP2-4.5,2081-2100,16.594000000000023,85.1722,-174.66870000000017,0.4623999999999988,5.456900000000001,-1.2759,55.107699999999994,86.3445375,-128.94754999999995,0.4267124999999994,5.299775,-0.6379124999999997,54.2286,1.3658608356672617,1.7791044373084572
121.6,25.2,221.5467,SSP2-4.5,2081-2100,7.1802000000000135,88.1406,-359.61349999999993,-0.7159000000000013,5.187900000000003,-1.5602999999999998,53.9288,87.3464625,-190.86008750000002,0.14133749999999923,5.046775,-1.1558125,54.3305375,1.3658608356672617,1.8423002176782488
121.6,25.25,184.373,SSP2-4.5,2081-2100,11.971600000000024,89.5885,-344.4299000000001,-0.7337000000000025,5.1690000000000005,-1.4586000000000006,53.6885,88.639175,-184.52253749999994,0.08069999999999933,5.040087500000001,-1.0581875,54.419225000000004,1.3658608356672617,1.9054959980480402
121.6,25.3,165.5419,SSP2-4.5,2081-2100,14.056399999999996,88.52239999999999,-158.32709999999997,-0.026499999999998636,5.0138,-0.7327999999999992,53.713499999999996,89.19967500000001,-186.60708749999998,0.10108749999999933,4.816600000000001,-1.17585,54.585575,1.3658608356672617,1.9686917784178315
121.65,24.0,214.1692,SSP2-4.5,2081-2100,20.287500000000023,107.0117,76.31680000000006,1.8511999999999986,8.6345,2.2259,55.89229999999999,108.82023749999999,58.4729375,1.9294250000000006,8.000625,1.769175,55.955275,1.4715546757485132,0.32560148880327683
121.65,24.05,230.0174,SSP2-4.5,2081-2100,19.413899999999984,106.57499999999999,83.16429999999991,1.6848000000000027,7.8034,1.670700000000001,56.192299999999996,104.1869375,58.03037500000005,2.01975,8.0319,1.8527999999999998,52.2259625,1.4715546757485132,0.3887972691730683
121.65,24.1,254.4267,SSP2-4.5,2081-2100,11.134199999999993,109.65619999999998,60.36920000000009,2.059899999999999,8.627600000000001,1.8568999999999996,57.076899999999995,103.985,61.04270000000005,2.0201625,7.757325,1.7657375,51.685575,1.4715546757485132,0.4519930495428597
121.65,24.15,260.1308,SSP2-4.5,2081-2100,13.5745,111.4878,54.62160000000017,2.164300000000001,8.8414,1.9120999999999997,56.530800000000006,100.52573749999999,70.74766250000002,2.0340875,7.336212500000002,1.711425,49.359849999999994,1.4715546757485132,0.5151888299126467
121.65,24.2,290.2077,SSP2-4.5,2081-2100,5.638300000000015,96.80870000000002,79.47399999999993,2.235099999999999,8.041400000000003,1.7431,43.8519,98.5967625,79.46105000000006,2.116225,6.947000000000001,1.7476374999999997,47.895675000000004,1.4715546757485132,0.578384610282438
121.65,24.25,300.6087,SSP2-4.5,2081-2100,4.894200000000012,83.4101,149.55960000000005,2.1189,5.082800000000002,1.5069,38.130799999999994,91.62065000000001,124.74929999999995,2.129425000000001,5.010787500000001,1.8887874999999998,42.940625,1.4715546757485132,0.6415803906522295
121.65,24.3,313.9771,SSP2-4.5,2081-2100,11.324799999999982,80.33099999999999,223.11480000000006,1.944300000000002,0.6638000000000019,2.1568999999999994,35.857699999999994,89.36872500000001,154.4157249999999,2.04285,3.5885875,1.819825,41.5065,1.4715546757485132,0.704776171022021
121.65,24.35,348.9838,SSP2-4.5,2081-2100,7.820300000000032,97.83929999999998,181.4472999999998,1.955599999999997,2.372399999999999,1.7362000000000002,46.1058,87.3014375,178.19636249999988,1.9360875000000006,1.8987125000000002,1.8465500000000001,40.33557499999999,1.4715546757485132,0.7679719513918124
121.65,24.4,363.9797,SSP2-4.5,2081-2100,12.50060000000002,91.1132,164.98309999999992,1.9338000000000015,2.1914000000000016,1.5121000000000002,42.2731,90.13865000000001,176.09042499999993,1.9172874999999991,1.8937374999999994,1.8058125000000003,42.340625,1.4715546757485132,0.8311677317615993
121.65,24.45,377.9533,SSP2-4.5,2081-2100,23.66640000000001,86.4789,175.48460000000023,1.949300000000001,1.9654999999999987,1.8345000000000002,39.9808,80.703025,182.0655625,1.9529874999999999,2.4928875,1.8088375,37.811062500000006,1.4715546757485132,0.8943635121313908
121.65,24.5,398.5396,SSP2-4.5,2081-2100,33.044100000000014,68.3253,190.3777,2.016400000000001,4.1845,1.4466,31.1635,79.980875,197.31186250000013,1.9506624999999995,3.6956750000000005,1.8403000000000003,38.0500125,1.4715546757485132,0.9575592925011822
121.65,24.55,427.1516,SSP2-4.5,2081-2100,31.06020000000001,83.4076,252.4294,2.043700000000001,6.137900000000002,1.7931000000000008,39.7827,79.0846,189.05787500000014,1.9339,4.6726375,1.4569,39.106025,1.4715546757485132,1.0207550728709736
121.65,24.6,341.5363,SSP2-4.5,2081-2100,53.33870000000002,89.3692,212.96900000000005,2.1477000000000004,5.239699999999999,1.1723999999999997,46.6231,88.67452499999999,160.12270000000007,1.8523999999999998,5.723262500000001,0.6866375000000002,45.6447125,1.4715546757485132,1.0839508532407651
121.65,24.65,255.9377,SSP2-4.5,2081-2100,35.82310000000001,94.6822,155.25900000000001,1.9822999999999986,5.881,-0.48099999999999987,50.8019,92.2585125,81.7249625,1.6716750000000005,5.979524999999999,0.028874999999999984,49.280775,1.4715546757485132,1.147146633610552
121.65,24.7,239.1876,SSP2-4.5,2081-2100,11.206999999999994,93.59029999999998,-19.178300000000036,1.2504999999999988,6.337899999999998,-0.9033999999999995,50.713499999999996,91.6878125,25.66277500000001,1.4695250000000004,6.072625,-0.19526250000000012,49.515137499999994,1.4715546757485132,1.2103424139803434
121.65,24.75,251.2344,SSP2-4.5,2081-2100,-0.5143999999999949,86.6722,-105.92360000000008,0.8275000000000006,5.020699999999998,0.2068999999999992,46.540400000000005,89.568175,10.398212500000056,1.3439375000000005,6.08965,-0.3036624999999995,48.885562500000006,1.4715546757485132,1.273538194350135
121.65,24.8,277.4363,SSP2-4.5,2081-2100,14.713300000000004,84.71340000000001,20.490900000000238,1.3081999999999994,6.1241,0.3500000000000014,46.7538,85.4804125,14.461362500000007,1.2298750000000003,5.54785,-0.09568749999999993,47.7834,1.4715546757485132,1.3367339747199263
121.65,24.85,311.7786,SSP2-4.5,2081-2100,14.42070000000001,80.6337,66.10820000000012,1.2733999999999988,5.155200000000001,-0.8034000000000017,46.6769,80.5027625,15.447649999999896,1.1107499999999995,5.534699999999999,-0.05862499999999926,46.4466125,1.4715546757485132,1.3999297550897176
121.65,24.9,257.8623,SSP2-4.5,2081-2100,15.445899999999995,73.4903,-16.302500000000236,0.7658999999999985,5.269,-0.11379999999999946,43.286500000000004,76.8612125,-16.920662500000105,0.8868124999999991,5.391812499999999,-0.12801249999999986,45.811062500000006,1.4715546757485132,1.4631255354595045
121.65,24.95,233.9441,SSP2-4.5,2081-2100,13.66210000000001,73.77950000000001,-81.41039999999975,0.322499999999998,4.858599999999999,0.11209999999999987,43.971199999999996,75.34043750000001,-57.5074125000001,0.7806374999999997,5.800225,0.009062499999999973,45.78125,1.4715546757485132,1.526321315829296
121.65,25.0,229.1821,SSP2-4.5,2081-2100,24.66040000000001,76.3126,-64.27419999999984,0.8064,4.879300000000001,0.7327999999999992,47.6635,77.9501125,-66.10376249999996,0.7504125000000004,6.1178875,-0.14308750000000026,47.73535,1.4715546757485132,1.5895170961990874
121.65,25.05,220.8446,SSP2-4.5,2081-2100,19.146199999999993,83.9261,-57.45679999999993,0.7557000000000009,6.2379,-0.19480000000000075,51.5654,80.983675,-45.75584999999995,0.8909250000000006,6.071125,0.07997499999999991,50.210825,1.4715546757485132,1.652712876568879
121.65,25.1,207.0185,SSP2-4.5,2081-2100,17.3305,84.4349,-102.76999999999998,0.6038999999999994,6.044800000000002,-0.7292999999999985,52.6981,84.11862500000001,-67.48682500000007,0.7372625000000004,5.614224999999999,-0.24827500000000002,52.1113125,1.4715546757485132,1.7159086569386703
121.65,25.15,218.6738,SSP2-4.5,2081-2100,17.935399999999987,85.594,-329.71219999999994,-0.4023000000000003,5.136199999999999,-1.260299999999999,52.2385,85.78456249999999,-107.94097500000015,0.5029749999999997,5.184262500000001,-0.3581874999999999,52.899037500000006,1.4715546757485132,1.7791044373084572
121.65,25.2,190.889,SSP2-4.5,2081-2100,11.592099999999988,87.32239999999999,-248.9675000000002,-0.13280000000000314,5.075900000000001,-0.5121000000000002,53.276900000000005,86.4026375,-180.5252250000001,0.1470874999999996,5.149125000000001,-0.8348999999999998,53.0418375,1.4715546757485132,1.8423002176782488
121.65,25.25,171.5283,SSP2-4.5,2081-2100,10.591999999999985,86.6363,-133.33429999999998,0.22560000000000002,5.444800000000001,-0.7585999999999995,53.05,87.734925,-214.9563500000001,-0.06910000000000016,4.9622875,-0.8478375,53.32405,1.4715546757485132,1.9054959980480402
121.7,24.2,275.0358,SSP2-4.5,2081-2100,9.067799999999977,113.7168,41.37959999999998,2.217500000000001,8.165500000000002,1.8171999999999997,58.473099999999995,98.958625,73.76676250000003,2.1494875,6.645487500000001,1.7064750000000002,47.9452,1.5772485158297345,0.578384610282438
121.7,24.25,277.3466,SSP2-4.5,2081-2100,7.63779999999997,102.5385,58.24569999999994,2.1727999999999987,6.4983,1.7121000000000004,48.5058,96.8071,95.97505000000001,2.1230625000000005,5.1937500000000005,1.7002125,46.682225,1.5772485158297345,0.6415803906522295
121.7,24.3,295.0345,SSP2-4.5,2081-2100,4.974000000000046,87.94140000000002,90.25119999999993,2.0401000000000025,3.8793000000000006,1.7603,40.2654,96.716125,112.83503750000003,2.0538874999999996,4.4818999999999996,1.6924625,46.4767,1.5772485158297345,0.704776171022021
121.7,24.35,335.7223,SSP2-4.5,2081-2100,2.568899999999985,93.63760000000002,110.30659999999989,1.7246999999999986,3.5517000000000003,1.5052000000000003,43.5635,92.24504999999999,135.6668125,1.9714,3.3340500000000004,1.706675,43.770675,1.5772485158297345,0.7679719513918124
121.7,24.4,358.8934,SSP2-4.5,2081-2100,5.971499999999992,81.9515,130.93460000000005,1.8492999999999995,3.358599999999999,1.4638000000000009,38.0192,93.5484375,147.32760000000002,1.9494624999999997,3.2422375000000003,1.598275,44.56275,1.5772485158297345,0.8311677317615993
121.7,24.45,364.1507,SSP2-4.5,2081-2100,13.436200000000042,89.7213,155.95730000000003,2.0824999999999996,3.0671999999999997,1.4017,42.767300000000006,84.59766250000001,155.5186250000001,1.9735125,3.4666,1.4319125,40.1461625,1.5772485158297345,0.8943635121313908
121.7,24.5,374.8033,SSP2-4.5,2081-2100,16.872500000000002,67.5729,162.22830000000022,1.9399999999999977,3.7516999999999996,1.2759,30.8577,86.129175,180.55671250000012,1.9696500000000001,4.4724125,1.3920375,41.719962499999994,1.5772485158297345,0.9575592925011822
121.7,24.55,416.0153,SSP2-4.5,2081-2100,23.26989999999995,86.7684,179.65260000000035,1.7815999999999974,5.3931000000000004,1.1897000000000002,43.675,83.645725,184.07096250000006,1.9136375000000005,5.081687499999999,1.087725,41.5711625,1.5772485158297345,1.0207550728709736
121.7,24.6,327.1352,SSP2-4.5,2081-2100,43.87779999999998,93.1688,140.42309999999998,1.6611000000000011,5.4086,0.40339999999999954,49.0827,90.495,143.736425,1.7110375000000002,5.576725,0.47091250000000007,47.0069625,1.5772485158297345,1.0839508532407651
121.7,24.65,278.3812,SSP2-4.5,2081-2100,13.975600000000043,96.23839999999998,2.309099999999944,1.4705000000000013,5.858599999999999,-1.1983000000000015,51.3923,93.04101250000001,90.57833749999998,1.5651750000000004,5.526512499999999,0.0711250000000001,50.1064875,1.5772485158297345,1.147146633610552
121.7,24.7,241.0741,SSP2-4.5,2081-2100,7.615600000000001,92.40890000000002,43.483600000000024,1.6689000000000007,6.046599999999998,-0.008599999999999497,51.286500000000004,93.22045,17.23752499999995,1.2644000000000002,5.5277875,-0.11099999999999999,50.8177875,1.5772485158297345,1.2103424139803434
121.7,24.75,229.8429,SSP2-4.5,2081-2100,-5.750399999999985,94.14410000000001,29.68190000000004,1.3808000000000007,5.874100000000002,0.7034000000000002,51.832699999999996,90.79603750000001,19.753025000000036,1.265225,5.400212499999999,0.10538750000000041,50.0935,1.5772485158297345,1.273538194350135
121.7,24.8,247.45,SSP2-4.5,2081-2100,4.7024000000000115,88.75880000000001,52.52520000000004,1.271799999999999,4.6861999999999995,-0.4482999999999997,48.442299999999996,87.01192499999999,46.87020000000007,1.2633874999999999,5.1265,0.3331875000000002,48.8437375,1.5772485158297345,1.3367339747199263
121.7,24.85,271.1531,SSP2-4.5,2081-2100,19.748899999999992,80.10839999999999,114.94540000000006,1.3672000000000004,5.030999999999999,0.20000000000000107,46.3923,81.9119375,62.535075000000006,1.266787499999999,4.971550000000001,-0.0665874999999998,46.896137499999995,1.5772485158297345,1.3999297550897176
121.7,24.9,277.5127,SSP2-4.5,2081-2100,17.469400000000007,75.9034,91.52839999999969,1.2556999999999974,6.2155000000000005,-0.4861999999999984,45.115399999999994,76.86755,41.42227500000001,1.1681249999999994,4.8898625,-0.16227499999999995,45.263225000000006,1.5772485158297345,1.4631255354595045
121.7,24.95,261.6735,SSP2-4.5,2081-2100,21.743899999999996,75.4571,14.441399999999703,1.2912999999999997,6.087899999999998,-0.23969999999999914,45.071200000000005,75.14771250000001,-8.551087499999937,1.031062499999999,5.295475,-0.38424999999999976,45.0747625,1.5772485158297345,1.526321315829296
121.7,25.0,245.8166,SSP2-4.5,2081-2100,28.274100000000033,76.2942,-43.748299999999745,1.1007999999999996,5.9466,-0.3534000000000006,45.6788,77.665225,-21.01492499999995,0.9959249999999997,5.502362499999999,-0.7111999999999998,46.9935375,1.5772485158297345,1.5895170961990874
121.7,25.05,221.6028,SSP2-4.5,2081-2100,35.33440000000002,80.4024,72.94210000000021,1.2574000000000005,5.7621,-1.0930999999999997,49.275,80.98036250000001,-35.57661250000001,0.9111750000000001,5.26035,-0.6670125,48.856025,1.5772485158297345,1.652712876568879
121.7,25.1,199.8942,SSP2-4.5,2081-2100,22.32129999999998,83.5828,37.406299999999646,1.0448000000000022,4.298299999999998,0.17239999999999966,50.1231,84.2345375,-39.50062500000007,0.7735000000000003,4.923500000000001,-0.7045249999999998,50.7257375,1.5772485158297345,1.7159086569386703
121.7,25.15,183.4885,SSP2-4.5,2081-2100,19.116500000000002,85.2805,19.256999999999607,0.9921000000000006,4.149999999999999,0.24479999999999968,51.5481,86.16395,-61.23836250000011,0.6538625000000002,4.50755,-0.2239249999999997,51.294475000000006,1.5772485158297345,1.7791044373084572
121.7,25.2,173.4387,SSP2-4.5,2081-2100,18.125099999999975,86.3741,-18.93020000000024,0.7446000000000019,4.603400000000001,0.11899999999999977,52.074999999999996,86.49652499999999,-106.0189625000001,0.44513749999999996,4.549575,-0.2943999999999998,51.7137,1.5772485158297345,1.8423002176782488
121.75,24.25,262.9529,SSP2-4.5,2081-2100,18.220000000000027,109.5633,16.700400000000172,2.4166000000000025,6.451699999999995,1.4983000000000004,57.1654,100.0409875,82.19076250000003,2.1236625,6.241175000000001,1.7077499999999999,48.787025,1.6829423559109558,0.6415803906522295
121.75,24.3,280.3745,SSP2-4.5,2081-2100,19.16749999999996,109.0479,57.01420000000007,2.2872999999999983,5.713799999999999,1.6137999999999995,56.150000000000006,98.474975,96.94056250000006,2.011825000000001,4.8222000000000005,1.7002125000000001,48.385099999999994,1.6829423559109558,0.704776171022021
121.75,24.35,323.1967,SSP2-4.5,2081-2100,16.55959999999999,97.3613,106.29170000000022,1.8109000000000002,5.5207000000000015,1.8102999999999998,46.334599999999995,98.18531250000001,106.02341249999998,1.9020875000000004,4.2486999999999995,1.58405,49.1007125,1.6829423559109558,0.7679719513918124
121.75,24.4,357.6013,SSP2-4.5,2081-2100,9.802400000000034,92.37480000000002,131.29759999999987,1.9498999999999995,2.9724000000000004,1.5999999999999996,45.1596,97.420125,127.64981250000005,1.8791375000000001,4.231675,1.5387875,48.5745125,1.6829423559109558,0.8311677317615993
121.75,24.45,339.8916,SSP2-4.5,2081-2100,13.17760000000004,99.86110000000001,152.85260000000017,2.189,4.2966000000000015,1.3861999999999988,50.3173,90.66447500000001,128.77991250000008,1.8695499999999994,4.073475,1.421775,44.896875,1.6829423559109558,0.8943635121313908
121.75,24.5,338.6862,SSP2-4.5,2081-2100,10.677400000000034,89.10360000000001,135.99050000000034,1.9604,5.0121,0.9361999999999995,43.3981,89.737325,139.46140000000014,1.8364374999999993,4.7051625,1.348075,45.0254875,1.6829423559109558,0.9575592925011822
121.75,24.55,384.9637,SSP2-4.5,2081-2100,35.85999999999996,85.3672,201.70899999999983,1.734300000000001,5.722399999999997,1.1483000000000008,42.675,88.4533875,139.12320000000017,1.7204624999999996,4.7911625,0.9760875,45.0113,1.6829423559109558,1.0207550728709736
121.75,24.6,318.566,SSP2-4.5,2081-2100,35.62480000000005,92.8512,176.4407000000001,1.805500000000002,5.1966,0.5259,48.98650000000001,91.86983749999999,114.34640000000002,1.5093999999999999,4.981887499999999,0.4939625000000001,48.3944625,1.6829423559109558,1.0839508532407651
121.75,24.65,279.9552,SSP2-4.5,2081-2100,-0.22939999999999827,95.27579999999999,-30.877400000000307,0.7226999999999997,5.1845,-0.3827999999999996,52.119200000000006,93.942275,99.33540000000005,1.6201125000000003,5.161637499999999,0.2437499999999999,50.7632125,1.6829423559109558,1.147146633610552
121.75,24.7,227.1843,SSP2-4.5,2081-2100,3.5379999999999825,92.98170000000002,46.10699999999997,1.282700000000002,4.917200000000001,0.2431000000000001,51.2385,94.1620625,45.41822500000001,1.368675,5.25475,0.19416250000000002,51.6660875,1.6829423559109558,1.2103424139803434
121.75,24.75,201.423,SSP2-4.5,2081-2100,2.4602999999999895,92.1789,60.522500000000036,1.1982,5.148299999999999,0.924100000000001,51.903800000000004,93.35780000000001,52.35202500000008,1.4047625000000004,5.0855625,0.33167500000000016,51.4865375,1.6829423559109558,1.273538194350135
121.75,24.8,217.8323,SSP2-4.5,2081-2100,3.3739999999999952,95.0641,59.996900000000096,1.314,4.9207,0.4793000000000003,53.8692,90.1435875,72.52661250000006,1.3752,4.677149999999999,0.41335000000000033,50.1447125,1.6829423559109558,1.3367339747199263
121.75,24.85,258.6382,SSP2-4.5,2081-2100,19.393400000000042,82.5806,129.13940000000002,1.4377999999999993,3.7379,0.6052,46.7808,84.7650125,76.63922500000001,1.3715874999999995,4.4590499999999995,0.0840500000000004,48.21105,1.6829423559109558,1.3999297550897176
121.75,24.9,295.6983,SSP2-4.5,2081-2100,16.947799999999972,74.15120000000002,96.79410000000007,1.5075000000000003,3.663800000000002,-0.11550000000000082,44.2442,78.778975,48.518149999999935,1.2680124999999998,4.58555,-0.10561249999999966,45.88655,1.6829423559109558,1.4631255354595045
121.75,24.95,291.636,SSP2-4.5,2081-2100,18.11959999999999,74.7396,7.662600000000111,1.3794000000000004,5.3155,-0.9430999999999994,45.6827,75.7914375,-7.696799999999996,1.0898874999999997,4.87155,-0.5493499999999998,44.8620125,1.6829423559109558,1.526321315829296
121.75,25.0,272.5216,SSP2-4.5,2081-2100,16.00210000000004,76.5109,-58.6583999999998,1.1102999999999987,6.215499999999999,-1.9068999999999985,44.955799999999996,77.93756250000001,-26.912499999999966,1.0257375,4.9952625,-0.899775,46.64375,1.6829423559109558,1.5895170961990874
121.75,25.05,229.8115,SSP2-4.5,2081-2100,16.31020000000001,80.1936,-1.3657000000002881,1.0443999999999996,4.662099999999999,-2.1569000000000003,47.7635,81.870375,-19.054687499999943,0.9568624999999997,4.7013,-0.8027875,48.384612499999996,1.6829423559109558,1.652712876568879
121.75,25.1,211.3809,SSP2-4.5,2081-2100,17.549300000000017,86.58780000000002,6.254199999999855,0.8231000000000002,3.798300000000001,-0.9000000000000004,50.4,84.51837499999999,30.35089999999991,1.0753625000000002,4.1569125,-0.3288875,49.6786125,1.6829423559109558,1.7159086569386703
121.75,25.15,200.9515,SSP2-4.5,2081-2100,16.5805,87.45700000000001,76.8463999999999,1.1137000000000015,3.5966000000000022,0.45340000000000025,50.3173,86.45695,11.648599999999874,0.9714875000000007,3.9926749999999998,0.013149999999999995,50.621399999999994,1.6829423559109558,1.7791044373084572
121.8,24.3,281.1604,SSP2-4.5,2081-2100,27.945400000000006,109.50319999999999,75.31010000000015,2.1067,7.0276,1.6982999999999997,58.5846,101.3895125,86.48535000000001,1.9638875000000007,4.887712499999999,1.6163750000000001,50.3810125,1.788636195992177,0.704776171022021
121.8,24.35,308.6296,SSP2-4.5,2081-2100,20.24290000000002,106.92349999999999,95.30400000000009,1.8785000000000025,4.984500000000001,1.4603000000000002,56.803799999999995,99.22262500000001,110.08831250000003,1.9033749999999996,4.6523625,1.621775,49.8252375,1.788636195992177,0.7679719513918124
121.8,24.4,346.0626,SSP2-4.5,2081-2100,17.582900000000052,104.1026,157.76899999999978,1.380200000000002,2.5016999999999996,1.5707000000000004,54.259600000000006,98.5580625,106.00657500000011,1.9472999999999998,5.010562500000001,1.5680999999999998,49.991575,1.788636195992177,0.8311677317615993
121.8,24.45,295.8852,SSP2-4.5,2081-2100,9.916899999999998,105.8021,111.7827000000002,2.1179999999999986,6.572399999999998,1.7120999999999995,56.5308,97.3097125,114.64916250000005,1.8035,4.1823250000000005,1.3467624999999999,49.4870125,1.788636195992177,0.8943635121313908
121.8,24.5,300.6507,SSP2-4.5,2081-2100,-2.6008999999999673,94.687,44.27930000000015,1.6760999999999981,5.351700000000001,1.4138000000000002,48.1827,91.65270000000001,117.03532500000011,1.6684499999999995,4.887499999999999,1.1851375,46.7343875,1.788636195992177,0.9575592925011822
121.8,24.55,308.9933,SSP2-4.5,2081-2100,17.334699999999998,88.11860000000001,107.22940000000017,1.1700000000000017,3.4862,1.2569,45.198100000000004,93.80245,112.73252500000007,1.5445624999999996,5.01315,1.0013000000000003,48.9302875,1.788636195992177,1.0207550728709736
121.8,24.6,258.7833,SSP2-4.5,2081-2100,11.699900000000014,95.35659999999999,166.74170000000004,1.7689999999999984,4.729300000000002,0.8069000000000006,50.709599999999995,92.77902499999999,109.58980000000003,1.3966000000000003,4.5321125,0.7196125000000004,49.53605,1.788636195992177,1.0839508532407651
121.8,24.65,237.7586,SSP2-4.5,2081-2100,9.29509999999999,94.66489999999999,147.58370000000014,1.7659999999999982,4.072399999999998,0.7276000000000007,52.303799999999995,94.44886249999999,99.20976250000001,1.4934625000000001,4.716812500000001,0.4840500000000001,51.3701875,1.788636195992177,1.147146633610552
121.8,24.7,213.9866,SSP2-4.5,2081-2100,5.594599999999986,93.86769999999999,71.5943000000002,1.5371999999999986,5.0638000000000005,0.4499999999999993,51.1058,93.95349999999999,69.66629999999998,1.4373625000000003,4.870912499999999,0.3321000000000003,51.80575,1.788636195992177,1.2103424139803434
121.8,24.75,181.712,SSP2-4.5,2081-2100,15.588999999999999,94.5178,39.04809999999998,1.2051000000000016,4.7897,0.3378999999999994,51.384600000000006,94.12705,75.20642500000008,1.4796624999999999,4.92715,0.6165875000000003,52.084125,1.788636195992177,1.273538194350135
121.8,24.8,184.8057,SSP2-4.5,2081-2100,14.050899999999984,95.11930000000001,76.37920000000031,1.5776000000000003,4.386199999999999,0.8966000000000012,52.7327,89.494575,66.30525,1.3291749999999998,4.2646625,0.3568750000000003,49.87235,1.788636195992177,1.3367339747199263
121.8,24.85,211.9242,SSP2-4.5,2081-2100,12.091799999999978,93.74079999999998,77.97119999999995,1.5630999999999986,3.7638,0.08789999999999942,51.688500000000005,85.5685,71.13105000000007,1.3796250000000003,4.016375,0.33255000000000057,48.7776375,1.788636195992177,1.3999297550897176
121.8,24.9,270.9585,SSP2-4.5,2081-2100,11.804699999999968,75.2741,42.973399999999856,1.1158000000000001,3.0051999999999985,0.05860000000000021,43.2038,82.0808625,25.238425000000063,1.2679625000000003,3.6915875,-0.01594999999999991,47.3269375,1.788636195992177,1.4631255354595045
121.8,24.95,286.0704,SSP2-4.5,2081-2100,12.720199999999977,72.4278,-90.51659999999993,0.7338000000000022,3.5275999999999996,-0.12760000000000105,43.1577,78.85570000000001,-26.98563749999994,1.0554375000000005,4.0584,-0.6234874999999998,46.056725,1.788636195992177,1.526321315829296
121.8,25.0,255.9441,SSP2-4.5,2081-2100,11.01139999999998,80.3128,-114.38839999999982,0.6038999999999994,4.310300000000002,-1.2241,47.4692,79.60771249999999,-51.045012499999984,0.9443625,4.2747874999999995,-0.94095,46.4355875,1.788636195992177,1.5895170961990874
121.8,25.05,234.9002,SSP2-4.5,2081-2100,11.863900000000001,83.673,-60.32709999999997,0.7948999999999984,4.350000000000001,-1.0602999999999998,49.0519,83.99776250000001,-23.37489999999997,0.9404124999999994,4.08535,-0.8691875,48.45505,1.788636195992177,1.652712876568879
121.8,25.1,217.2597,SSP2-4.5,2081-2100,14.708699999999993,87.59909999999999,8.082100000000082,0.9196999999999989,2.9293000000000013,-0.05690000000000062,50.123099999999994,86.329375,58.522024999999985,1.2144749999999997,3.7127375000000002,-0.2717749999999999,49.422825,1.788636195992177,1.7159086569386703
121.8,25.15,197.1041,SSP2-4.5,2081-2100,21.027900000000017,87.95859999999999,89.9661000000001,1.4359000000000002,3.506899999999998,0.8655000000000008,49.2269,87.28552499999999,129.60224999999997,1.5470875000000002,3.365312500000001,0.30451249999999974,50.023075000000006,1.788636195992177,1.7791044373084572
121.85,24.5,290.1548,SSP2-4.5,2081-2100,-0.4188000000000329,101.7038,43.74299999999994,1.311399999999999,5.272400000000001,1.0052000000000003,55.00769999999999,94.03790000000001,109.30250000000012,1.5580374999999997,4.982537499999999,1.2437500000000001,48.9500125,1.8943300360733983,0.9575592925011822
121.85,24.55,274.5239,SSP2-4.5,2081-2100,-0.6065000000000396,95.69229999999999,20.747100000000046,0.9244999999999983,4.9862,0.7603000000000009,49.8904,94.22833750000001,127.97051250000004,1.5842,4.736625,1.0944000000000003,50.085825,1.8943300360733983,1.0207550728709736
121.85,24.6,253.7975,SSP2-4.5,2081-2100,2.9192999999999643,95.65790000000001,112.20890000000009,1.1753,3.834500000000002,1.4138000000000002,52.592299999999994,94.27793750000001,138.5340500000001,1.6433750000000003,4.4676625,0.7618500000000004,50.7415875,1.8943300360733983,1.0839508532407651
121.85,24.65,236.8816,SSP2-4.5,2081-2100,12.977900000000005,94.6043,141.67700000000013,1.8745000000000012,3.7741000000000007,0.3069000000000006,52.52309999999999,95.07149999999999,100.6454875,1.4759124999999993,4.6883625,0.5857625000000002,51.6995125,1.8943300360733983,1.147146633610552
121.85,24.7,202.0537,SSP2-4.5,2081-2100,11.315400000000011,94.9957,109.78589999999986,1.7807999999999993,5.034500000000001,0.5085999999999995,51.686499999999995,94.218625,73.48301250000003,1.3452125000000001,4.5980625,0.5025750000000002,51.8963875,1.8943300360733983,1.2103424139803434
121.85,24.85,194.3985,SSP2-4.5,2081-2100,8.311399999999992,93.8415,68.26530000000002,1.5275999999999996,4.0655,0.8103000000000016,51.7058,86.6258875,63.05386250000004,1.4458624999999998,3.295037499999999,0.22047500000000042,48.7815,1.8943300360733983,1.3999297550897176
121.85,24.9,219.6486,SSP2-4.5,2081-2100,1.0574000000000012,88.40880000000001,-19.44529999999986,1.1895000000000024,3.3206999999999987,-0.2740999999999989,51.2923,83.12402499999999,10.41500000000002,1.1973125000000002,3.2543124999999997,-0.030612500000000153,47.221162500000005,1.8943300360733983,1.4631255354595045
121.85,24.95,244.5554,SSP2-4.5,2081-2100,14.06480000000002,76.7566,-67.96329999999989,0.8049999999999997,2.1378999999999984,-0.17070000000000007,44.0635,83.5182125,-54.21132499999999,0.9308625000000008,3.4788875,-0.3015000000000001,47.553599999999996,1.8943300360733983,1.526321315829296
121.85,25.0,223.7946,SSP2-4.5,2081-2100,22.77109999999999,84.6916,-102.85980000000018,0.7321000000000026,4.4983,-0.4121000000000006,47.5423,83.4831875,-53.29231249999992,0.8403124999999996,3.567025,-0.32196250000000015,47.4252375,1.8943300360733983,1.5895170961990874
121.85,25.05,209.6039,SSP2-4.5,2081-2100,18.387599999999992,87.8686,-34.33179999999993,0.9549999999999983,3.4913999999999987,-0.75,49.267300000000006,86.77860000000001,22.958837500000072,1.109612499999999,3.8163875000000007,-0.0042999999999999705,48.95985,1.8943300360733983,1.652712876568879
121.85,25.1,189.4712,SSP2-4.5,2081-2100,17.623999999999995,88.21770000000001,110.26860000000033,1.3347999999999978,2.7775999999999996,0.45340000000000025,50.119200000000006,88.509075,165.99640000000005,1.7811624999999995,3.4957000000000003,0.5263,49.4512,1.8943300360733983,1.7159086569386703
121.85,25.15,170.9226,SSP2-4.5,2081-2100,23.17150000000001,88.67869999999999,280.8654999999999,2.214000000000002,3.519000000000002,0.9207000000000001,49.2365,88.42840000000001,153.74871250000007,1.6795999999999995,3.2347125,0.4297249999999999,49.8153875,1.8943300360733983,1.7791044373084572
121.9,24.55,236.2946,SSP2-4.5,2081-2100,13.683999999999997,97.87450000000001,140.47310000000016,1.7057000000000002,4.8948,1.3086000000000002,53.1327,95.11019999999999,105.50076250000006,1.5040749999999998,4.504512500000001,0.9206875000000003,50.91155,2.00002387615465,1.0207550728709736
121.9,24.6,197.3731,SSP2-4.5,2081-2100,26.330700000000007,95.06110000000001,207.37969999999996,2.131800000000002,4.601700000000001,0.40169999999999995,53.188500000000005,96.31875,110.37005000000005,1.5383999999999993,4.574775000000001,0.8547375000000004,52.2307625,2.00002387615465,1.0839508532407651
121.9,24.9,208.899,SSP2-4.5,2081-2100,0.8181999999999903,90.7601,-19.83030000000008,1.3171,2.8414,-0.2706999999999997,51.005799999999994,86.20308750000001,23.954099999999983,1.2891124999999997,3.2355499999999995,0.19762500000000038,48.09495,2.00002387615465,1.4631255354595045
121.9,24.95,213.5584,SSP2-4.5,2081-2100,14.348099999999988,88.04010000000001,-24.373799999999846,1.0086000000000013,3.029299999999999,-0.5172000000000008,48.7,85.0672375,-40.354137500000036,0.9947625000000002,3.4844875,0.06336249999999999,47.875725,2.00002387615465,1.526321315829296
121.9,25.0,206.9323,SSP2-4.5,2081-2100,13.989499999999992,88.2304,-105.24980000000005,0.7460999999999984,3.298300000000001,0.35519999999999996,48.0577,87.713025,19.864525000000015,1.1825374999999998,3.85625,0.2609999999999999,48.609375,2.00002387615465,1.5895170961990874
121.9,25.05,177.6348,SSP2-4.5,2081-2100,17.2731,90.55619999999999,70.81230000000005,1.0751999999999988,4.391400000000001,0.9190000000000005,49.634600000000006,89.3038125,86.54752499999995,1.4813124999999987,3.946775,0.46616250000000004,49.198800000000006,2.00002387615465,1.652712876568879
121.9,25.1,136.3095,SSP2-4.5,2081-2100,33.135699999999986,90.94800000000001,377.33280000000013,2.6701999999999977,3.9758999999999993,0.9914000000000005,49.6808,89.3237625,135.67717500000003,1.6375249999999995,3.3467750000000005,0.7273749999999999,49.55745,2.00002387615465,1.7159086569386703
121.9,25.15,122.7288,SSP2-4.5,2081-2100,41.1935,90.79039999999999,595.5713000000001,4.184400000000002,1.8017000000000003,2.3809999999999985,49.38849999999999,89.30948749999999,132.79935000000006,1.5344749999999991,3.644625,0.6174625000000002,49.7401375,2.00002387615465,1.7791044373084572
121.95,24.85,139.3408,SSP2-4.5,2081-2100,49.70769999999999,90.36680000000001,285.2066,2.560999999999998,3.1671999999999976,0.8310000000000013,49.4846,89.08625,21.607150000000047,1.3280375,3.48685,0.13598750000000015,49.6863125,2.105717716235871,1.3999297550897176
121.95,25.0,171.8806,SSP2-4.5,2081-2100,19.11530000000002,88.7064,12.219699999999648,1.3592999999999975,3.8603000000000023,0.4878999999999998,48.251900000000006,90.0602375,49.939099999999996,1.348275,4.075875,0.45152499999999995,49.5492875,2.105717716235871,1.5895170961990874
121.95,25.05,156.8258,SSP2-4.5,2081-2100,20.792900000000003,92.649,159.39919999999984,1.6709999999999994,4.5655,1.5966000000000005,50.6327,90.3318125,167.24618750000002,1.903287499999999,3.8502250000000005,0.7907374999999999,49.38775,2.105717716235871,1.652712876568879
122.0,25.0,141.2376,SSP2-4.5,2081-2100,22.072900000000004,92.4357,146.01370000000043,1.8541000000000007,4.8759000000000015,0.9344999999999999,50.782700000000006,90.376125,93.23892499999994,1.5286874999999989,3.8836250000000003,0.5711375000000001,49.50025,2.2114115563170924,1.5895170961990874
122.0,25.05,132.0459,SSP2-4.5,2081-2100,30.57420000000002,93.11880000000001,275.6012999999998,2.381999999999998,5.1068999999999996,1.0069,50.0385,90.29452500000001,153.96567500000003,1.8211124999999995,3.7247875000000006,0.8935499999999998,49.391112500000006,2.2114115563170924,1.652712876568879
122.1,25.65,212.7383,SSP2-4.5,2081-2100,10.06989999999999,96.20299999999999,79.41719999999987,0.8951999999999991,6.4361999999999995,0.8913999999999991,52.753800000000005,89.09032499999999,197.1676375,1.8989375,3.842025,0.7474125,50.351925,2.422799236479535,2.4110622410063627
119.45,23.2,88.1242,SSP3-7.0,2021-2040,-5.325900000000004,39.527499999999996,3.5090999999999894,0.011199999999998766,3.6055999999999955,0.8518999999999997,18.658700000000003,39.26215,-14.767774999999986,-0.5788000000000006,1.1293999999999995,1.64955,18.9212,-3.1789742878254956,-0.6855309971133726
119.5,23.35,140.2317,SSP3-7.0,2021-2040,-4.788399999999996,39.4464,-11.264999999999986,-0.3805000000000014,0.1203999999999894,1.7740999999999998,18.945699999999995,39.2722875,-12.92101249999999,-0.5298375000000006,1.5650500000000003,1.534275,18.885325,-3.073280447744274,-0.4959436560039983
119.5,23.4,139.9822,SSP3-7.0,2021-2040,-6.664500000000004,38.812099999999994,-13.526299999999992,-0.43769999999999953,0.294399999999996,1.7685000000000004,19.447799999999997,39.3488125,-15.747950000000003,-0.5918750000000008,1.0497750000000003,1.4558,19.0600625,-3.073280447744274,-0.43274787563421135
119.5,23.5,143.6065,SSP3-7.0,2021-2040,-15.675900000000013,39.104,-23.982799999999997,-1.0036000000000023,0.1647999999999996,1.7259000000000002,20.1217,39.2373625,-15.454637500000018,-0.5178625000000006,0.741200000000001,1.5905125,19.303524999999997,-3.073280447744274,-0.3063563148946285
119.5,23.6,133.4372,SSP3-7.0,2021-2040,-15.036999999999992,39.016400000000004,-9.178099999999972,-0.6673000000000009,-0.1314999999999884,1.3407,19.584799999999998,39.2261125,-16.076012500000033,-0.5314375000000005,0.9710625000000022,1.5108875,19.4796125,-3.073280447744274,-0.17996475415504562
119.5,23.65,131.2561,SSP3-7.0,2021-2040,-14.036000000000001,39.3674,-4.188300000000027,-0.3917999999999999,-0.01670000000000016,1.4556000000000004,19.6717,39.1455,-13.917762500000038,-0.4978375000000006,1.1213000000000033,1.4196749999999998,19.571475,-3.073280447744274,-0.11676897378525869
119.55,23.35,139.2331,SSP3-7.0,2021-2040,-10.08110000000002,39.614399999999996,-19.954200000000014,-0.605599999999999,0.6037000000000035,1.3963,18.810899999999997,39.2512875,-11.834862499999986,-0.5017000000000009,1.5046374999999985,1.5815000000000001,18.902175,-2.967586607663053,-0.4959436560039983
119.55,23.55,151.4465,SSP3-7.0,2021-2040,-21.10409999999999,39.3288,-31.359800000000064,-0.8494000000000028,2.281499999999994,1.8129999999999997,18.991300000000003,39.21925,-14.474975,-0.5414000000000003,0.796750000000003,1.4821749999999998,19.386674999999997,-2.967586607663053,-0.24316053452483705
119.55,23.65,133.0819,SSP3-7.0,2021-2040,-15.856499999999997,39.148799999999994,-6.0873000000000275,-0.4832000000000001,0.25370000000000914,1.3962999999999992,18.939099999999996,39.2132625,-13.998900000000035,-0.4653875000000003,1.233800000000004,1.4296375000000001,19.515225,-2.967586607663053,-0.11676897378525869
119.6,23.25,136.6252,SSP3-7.0,2021-2040,-9.563700000000011,39.24589999999999,-6.510199999999941,-0.6927999999999983,0.5370000000000061,1.1129999999999995,18.4087,39.297349999999994,-13.515362499999995,-0.490800000000001,1.5129749999999982,1.6169125000000002,18.95245,-2.8618927675818315,-0.6223352167435812
119.6,23.55,143.8459,SSP3-7.0,2021-2040,-18.894400000000005,39.5071,-27.24260000000004,-0.5470000000000006,1.216700000000003,1.6315,18.9587,39.1913125,-15.952699999999993,-0.6063125000000009,1.196525000000003,1.4659624999999998,19.3437375,-2.8618927675818315,-0.24316053452483705
119.6,23.6,141.1564,SSP3-7.0,2021-2040,-18.275499999999994,39.2719,-20.78970000000004,-0.38599999999999923,1.9111000000000047,1.5443999999999996,19.889100000000003,39.20465,-14.1826875,-0.5229750000000006,1.3354250000000043,1.4280125,19.19185,-2.8618927675818315,-0.17996475415504562
119.6,23.65,136.5514,SSP3-7.0,2021-2040,-17.798100000000005,39.120400000000004,-11.334299999999985,-0.23089999999999833,2.200000000000003,1.3167,18.8283,39.1704375,-9.865112500000038,-0.42643750000000047,1.0863500000000048,1.3527749999999998,19.7464625,-2.8618927675818315,-0.11676897378525869
119.6,23.7,132.8465,SSP3-7.0,2021-2040,-17.846099999999993,38.9605,-3.6233000000000857,-0.35960000000000036,-0.24259999999999593,1.2037000000000004,20.437000000000005,39.1290875,-8.570925000000017,-0.42538750000000025,1.2231500000000057,1.33055,19.6236375,-2.8618927675818315,-0.053573193415467256
119.6,23.75,131.5149,SSP3-7.0,2021-2040,-17.340500000000006,38.8101,-1.7270000000000891,-0.4593000000000025,1.481499999999997,1.1111000000000004,20.943500000000004,39.147887499999996,-8.807962500000016,-0.412925,1.0076375000000066,1.3421249999999998,19.560325,-2.8618927675818315,0.009622586954324176
119.65,23.25,154.9015,SSP3-7.0,2021-2040,-7.479700000000008,39.0385,15.698700000000144,-0.11380000000000123,3.8167000000000044,1.9741000000000009,17.684800000000003,39.2844,-11.464837499999987,-0.5411000000000006,0.879624999999999,1.408575,19.044562499999998,-2.7561989275005803,-0.6223352167435812
119.65,23.55,137.1792,SSP3-7.0,2021-2040,-17.40950000000001,39.218,-12.996699999999919,-0.6214000000000013,0.7758999999999929,1.4463,19.099999999999998,39.2477,-14.883625000000023,-0.48493750000000047,1.6106625000000054,1.4217624999999998,19.2002625,-2.7561989275005803,-0.24316053452483705
119.65,23.6,135.7117,SSP3-7.0,2021-2040,-17.88560000000001,39.1641,-10.98759999999993,-0.49350000000000094,1.435200000000009,1.3480999999999996,19.371699999999997,39.2084,-11.667700000000025,-0.4397000000000002,1.2127375000000047,1.357875,19.347012499999998,-2.7561989275005803,-0.17996475415504562
119.65,23.65,133.1052,SSP3-7.0,2021-2040,-16.932199999999995,39.1336,-4.275100000000066,-0.29110000000000014,2.651900000000012,1.1315,19.7609,39.21221250000001,-12.506762500000008,-0.4650000000000003,1.0606500000000043,1.38495,19.298362500000003,-2.7561989275005803,-0.11676897378525869
119.7,23.55,133.6888,SSP3-7.0,2021-2040,-17.23359999999998,39.306900000000006,-6.992600000000039,-0.5984000000000016,0.9352000000000089,1.1925999999999997,18.863000000000003,39.2365875,-15.634137500000008,-0.4878125000000004,1.5907500000000034,1.4534749999999996,19.229887499999997,-2.6505050874193588,-0.24316053452483705
120.0,23.45,147.1014,SSP3-7.0,2021-2040,-7.717800000000011,38.3699,10.164299999999912,-0.6677999999999997,0.9147999999999996,1.7000000000000002,19.843500000000002,39.014624999999995,22.040474999999972,-0.0599624999999997,-0.5648,1.6548625000000001,19.892112500000003,-2.016342046932001,-0.3695520952644199
120.05,23.05,151.7014,SSP3-7.0,2021-2040,13.881200000000007,38.053599999999996,6.415399999999863,0.5278999999999989,-0.488900000000001,0.6536999999999997,16.645699999999998,38.6177625,23.468662499999965,0.9680000000000004,2.3194374999999985,1.1629625000000001,17.9269,-1.9106482068507795,-0.8751183382227424
120.05,23.1,160.5833,SSP3-7.0,2021-2040,10.714200000000005,38.33519999999999,-19.790800000000218,0.32150000000000034,3.1833000000000027,0.7166999999999994,16.713,38.9108875,17.16153749999995,0.6898,1.8650499999999974,1.1787000000000003,18.441325,-1.9106482068507795,-0.811922557852951
120.05,23.15,161.5848,SSP3-7.0,2021-2040,9.791599999999988,37.306099999999994,-11.047000000000025,0.08640000000000114,3.9258999999999986,0.8870000000000005,16.9913,38.906175,16.92574999999991,0.5131749999999999,2.0324124999999986,1.1958375,18.339412499999998,-1.9106482068507795,-0.748726777483164
120.05,23.5,152.7158,SSP3-7.0,2021-2040,-7.900800000000004,38.653099999999995,12.365800000000036,-0.690999999999999,0.20369999999999777,1.8647999999999998,21.3717,38.6604375,24.339887499999946,0.24948749999999986,-0.693975,1.6013875000000002,20.5516375,-1.9106482068507795,-0.3063563148946285
120.1,23.05,164.0755,SSP3-7.0,2021-2040,18.64609999999999,38.09819999999999,31.027399999999943,1.0992999999999995,0.7314999999999969,0.9500000000000002,18.3239,38.6937875,29.165862499999974,1.1008750000000003,1.9782374999999979,1.2136624999999999,17.8160375,-1.8049543667695582,-0.8751183382227424
120.1,23.1,164.0134,SSP3-7.0,2021-2040,15.343400000000003,39.0482,3.939000000000078,0.8751999999999995,4.0167,0.8704000000000001,18.400000000000002,38.83273749999999,19.868024999999903,0.8566125000000002,1.779849999999998,1.1699000000000002,18.1299,-1.8049543667695582,-0.811922557852951
120.1,23.15,162.4066,SSP3-7.0,2021-2040,13.859499999999997,40.1292,9.010499999999865,0.3068000000000026,3.8129999999999953,1.7148000000000003,19.2196,38.935225,15.081024999999954,0.7483374999999999,1.9657374999999986,1.1363500000000002,18.64675,-1.8049543667695582,-0.748726777483164
120.1,23.2,171.3221,SSP3-7.0,2021-2040,5.24369999999999,38.833600000000004,35.789800000000014,-0.10640000000000072,0.5500000000000043,1.3611000000000004,18.645699999999998,39.1209,18.783049999999946,0.5111125000000003,2.5770874999999975,1.33125,19.052175,-1.8049543667695582,-0.6855309971133726
120.1,23.25,167.5961,SSP3-7.0,2021-2040,1.277799999999985,38.126900000000006,44.5483999999999,-0.05529999999999902,2.742599999999996,1.6647999999999996,18.039099999999998,39.2875125,24.78167499999995,0.3243875000000007,1.3791750000000018,1.352325,19.291849999999997,-1.8049543667695582,-0.6223352167435812
120.1,23.3,161.8927,SSP3-7.0,2021-2040,-2.786299999999983,38.4464,45.353599999999915,-0.18270000000000053,-0.3295999999999992,1.6889000000000003,18.0304,38.9210625,28.21713749999998,0.21351250000000066,1.3969875000000016,1.40625,18.9413,-1.8049543667695582,-0.5591394363737897
120.1,23.35,160.5993,SSP3-7.0,2021-2040,-7.5212999999999965,39.3164,27.62189999999987,-0.5903999999999989,-3.1406999999999954,1.5056000000000003,18.5022,38.907062499999995,25.426199999999966,0.3205750000000007,1.4518624999999998,1.5340250000000002,19.2684625,-1.8049543667695582,-0.4959436560039983
120.1,23.55,158.8799,SSP3-7.0,2021-2040,-11.341399999999993,38.392799999999994,26.468999999999937,-0.3735999999999997,-2.0630000000000024,1.6296,21.282600000000002,38.4033125,33.07049999999998,0.37011249999999984,-1.6034625000000027,1.520375,20.86765,-1.8049543667695582,-0.24316053452483705
120.1,23.65,147.0171,SSP3-7.0,2021-2040,-7.997399999999999,37.7127,51.369699999999966,0.648299999999999,-5.172200000000004,1.1537000000000006,19.2391,37.479887500000004,41.712350000000015,0.6301000000000005,-1.1747875000000008,1.3997875,20.6834125,-1.8049543667695582,-0.11676897378525869
120.15,22.9,182.8242,SSP3-7.0,2021-2040,6.700400000000002,37.315400000000004,24.7340999999999,1.5686999999999998,2.8999999999999915,0.829600000000001,17.0717,39.144149999999996,38.588787500000024,1.7567125,2.9215375000000003,1.2016125000000002,18.5842375,-1.699260526688307,-1.0647056793321166
120.15,22.95,183.9828,SSP3-7.0,2021-2040,11.430700000000002,37.6104,33.74759999999992,1.7291999999999987,4.005600000000001,0.9370000000000003,17.7087,38.5240375,46.72989999999999,1.6823875000000004,2.4381874999999997,1.4537000000000004,18.03885,-1.699260526688307,-1.0015098989623252
120.15,23.0,179.0614,SSP3-7.0,2021-2040,16.97830000000002,37.91009999999999,55.7478000000001,1.6801999999999992,1.522199999999998,1.3630000000000004,17.349999999999998,38.083425,44.05412499999997,1.6285875000000005,2.373149999999999,1.4189750000000003,17.7364125,-1.699260526688307,-0.9383141185925338
120.15,23.05,168.845,SSP3-7.0,2021-2040,27.498700000000014,38.9214,81.17149999999992,1.7818000000000005,0.7018000000000058,1.4444,17.8413,38.799425,32.53146250000003,1.422975,2.0504624999999974,1.3882,18.227449999999997,-1.699260526688307,-0.8751183382227424
120.15,23.1,171.8789,SSP3-7.0,2021-2040,18.191100000000006,39.1937,37.690900000000056,1.5928000000000004,0.6610999999999905,1.3574000000000002,18.5761,39.3907625,29.447099999999978,1.1638500000000005,2.473612499999999,1.3282375000000002,18.8353375,-1.699260526688307,-0.811922557852951
120.15,23.15,172.6805,SSP3-7.0,2021-2040,11.742899999999992,40.624500000000005,24.46629999999982,1.1363999999999983,1.7110999999999947,1.635200000000001,20.7283,39.743674999999996,15.016587499999986,0.8495375000000007,2.5182874999999996,1.3280124999999998,19.329099999999997,-1.699260526688307,-0.748726777483164
120.15,23.2,173.6379,SSP3-7.0,2021-2040,6.483200000000011,40.0423,18.572599999999966,0.9815000000000005,0.9463000000000008,1.3129999999999988,20.7957,39.712125,16.075887499999936,0.6188750000000005,2.9171249999999986,1.4074000000000002,19.652724999999997,-1.699260526688307,-0.6855309971133726
120.15,23.25,176.7822,SSP3-7.0,2021-2040,3.0241000000000042,39.243599999999994,15.42100000000005,0.9405999999999999,3.790699999999994,0.8758999999999997,20.213,39.060412500000005,23.650174999999933,0.36493750000000036,2.122225000000002,1.4016250000000001,19.3019,-1.699260526688307,-0.6223352167435812
120.15,23.3,164.996,SSP3-7.0,2021-2040,-2.4353000000000122,38.679100000000005,38.784599999999955,0.24110000000000298,2.783300000000011,1.4055999999999997,18.8478,38.9470625,23.670912499999957,0.2780625000000003,1.4555624999999983,1.3537,19.169825,-1.699260526688307,-0.5591394363737897
120.15,23.35,166.8912,SSP3-7.0,2021-2040,-5.6991999999999905,39.694900000000004,33.76040000000012,0.2220000000000013,-0.10560000000000969,1.409299999999999,19.0391,38.8058125,16.254174999999947,0.3360500000000002,1.653025000000003,1.4604125000000003,19.2573375,-1.699260526688307,-0.4959436560039983
120.15,23.4,167.3857,SSP3-7.0,2021-2040,-9.290900000000022,39.0852,19.66840000000002,0.7757000000000005,0.6519000000000119,1.7870000000000008,18.8761,39.1440125,16.653549999999967,0.35177500000000084,1.368524999999999,1.4574125,19.8921125,-1.699260526688307,-0.43274787563421135
120.15,23.45,169.7463,SSP3-7.0,2021-2040,-13.436399999999992,39.327,7.759599999999864,0.18260000000000076,0.1092999999999904,1.487,20.856499999999997,39.22485,18.917549999999977,0.5864124999999998,0.8729125,1.5514000000000001,20.399175,-1.699260526688307,-0.3695520952644199
120.15,23.5,182.3152,SSP3-7.0,2021-2040,-22.263000000000005,39.20119999999999,3.3251000000000204,0.17769999999999797,0.15560000000000684,1.8667000000000007,21.178299999999997,38.902575,28.73668749999993,0.4746875000000004,-0.5808000000000044,1.5588,21.100537499999998,-1.699260526688307,-0.3063563148946285
120.15,23.55,169.2276,SSP3-7.0,2021-2040,-17.998699999999985,38.01049999999999,30.652399999999943,0.15060000000000073,-2.5630000000000024,1.6630000000000003,20.9739,38.54985,34.73898749999999,0.5310874999999995,-1.1298625000000015,1.49005,21.197274999999998,-1.699260526688307,-0.24316053452483705
120.15,23.6,154.9187,SSP3-7.0,2021-2040,-10.592900000000014,37.0882,60.079200000000014,0.7057000000000002,-2.3185000000000002,1.3815,20.060899999999997,38.007437499999995,39.20106249999999,0.5090375000000003,-1.6833500000000008,1.3581,20.9301375,-1.699260526688307,-0.17996475415504562
120.15,23.65,152.2337,SSP3-7.0,2021-2040,-9.430000000000007,37.725100000000005,62.519100000000094,1.309899999999999,-0.7907000000000011,1.1277999999999997,20.854300000000002,37.4222375,40.250437499999975,0.7588124999999999,-1.5199250000000006,1.2891375000000003,20.3317875,-1.699260526688307,-0.11676897378525869
120.15,23.7,159.0972,SSP3-7.0,2021-2040,-11.647099999999995,37.21880000000001,47.3438000000001,1.2055000000000007,-3.0519000000000034,1.5556,19.5152,37.3299625,41.80336249999999,0.8853249999999999,-0.7465250000000001,1.136125,20.7698375,-1.699260526688307,-0.053573193415467256
120.15,23.75,155.5938,SSP3-7.0,2021-2040,-13.76309999999998,37.0833,29.872299999999996,0.6303000000000019,0.6647999999999996,1.2056000000000004,21.8261,37.0948875,30.164587499999996,0.8899374999999989,-0.2946875000000002,1.1294125,21.5108625,-1.699260526688307,0.009622586954324176
120.15,23.8,149.9186,SSP3-7.0,2021-2040,-14.100899999999996,36.0486,16.46359999999993,0.5865999999999971,0.6480999999999995,0.9795999999999996,22.689100000000003,36.7252625,14.555275000000009,0.6873625000000003,-0.879875000000002,1.2363750000000002,21.975275,-1.699260526688307,0.0728183673241156
120.2,22.8,197.0965,SSP3-7.0,2021-2040,3.028500000000008,42.562,24.55250000000001,1.5050000000000026,2.9833,0.6722000000000001,19.6978,41.3565875,22.61725000000004,1.3899125000000003,2.7641250000000017,1.0900375,19.976925,-1.5935666866070857,-1.191097240071695
120.2,22.85,199.0056,SSP3-7.0,2021-2040,3.4984000000000037,41.10529999999999,22.647500000000036,1.7802000000000007,3.727800000000002,0.6185,19.4848,39.914075,28.633662500000014,1.5325875000000009,2.6233749999999985,1.07545,19.0394,-1.5935666866070857,-1.1279014597019037
120.2,22.9,190.9749,SSP3-7.0,2021-2040,9.485299999999995,39.5461,20.0317,1.5168999999999997,4.138900000000007,1.5462999999999996,18.9957,39.1845875,36.63012499999999,1.8809875000000003,2.9819499999999985,1.1421125000000003,18.642112500000003,-1.5935666866070857,-1.0647056793321166
120.2,22.95,197.0414,SSP3-7.0,2021-2040,9.457899999999995,37.3087,40.25019999999995,1.2808000000000028,2.9037000000000077,1.5667000000000009,17.0239,38.6377375,41.698375,1.804325,2.751624999999998,1.4266125000000003,18.2301625,-1.5935666866070857,-1.0015098989623252
120.2,23.0,195.1873,SSP3-7.0,2021-2040,7.622500000000002,37.92510000000001,34.93769999999995,1.539200000000001,3.218499999999999,2.1778000000000004,17.452199999999998,38.6805125,50.8947,1.7666000000000004,2.1456,1.5249875000000004,18.012499999999996,-1.5935666866070857,-0.9383141185925338
120.2,23.05,177.4156,SSP3-7.0,2021-2040,20.363699999999994,37.9589,59.14260000000013,1.7208000000000006,2.4166999999999916,1.5888999999999998,17.782600000000002,39.3394625,37.66987499999999,1.6449750000000005,1.6900249999999994,1.5180500000000001,18.430987499999997,-1.5935666866070857,-0.8751183382227424
120.2,23.1,182.2399,SSP3-7.0,2021-2040,15.250399999999985,39.5727,23.458200000000033,1.4221000000000004,2.0500000000000043,0.9536999999999995,18.7,39.8888875,29.102637499999986,1.3557375000000005,1.7381749999999982,1.4881875000000002,19.246199999999998,-1.5935666866070857,-0.811922557852951
120.2,23.15,197.3576,SSP3-7.0,2021-2040,1.946799999999996,40.773,3.3613000000000284,0.9684000000000026,4.348100000000002,1.4684999999999997,19.686999999999998,40.011449999999996,13.08273749999995,1.0514999999999999,1.7446624999999978,1.414825,19.927175,-1.5935666866070857,-0.748726777483164
120.2,23.2,193.4613,SSP3-7.0,2021-2040,-2.7562999999999818,40.356700000000004,-11.689600000000155,0.7559000000000005,3.761099999999999,1.5852000000000004,20.608700000000002,39.765362499999995,7.870974999999959,0.8159125,2.233087499999999,1.3951375,20.298637499999998,-1.5935666866070857,-0.6855309971133726
120.2,23.25,181.3037,SSP3-7.0,2021-2040,-0.4649000000000001,39.6095,7.699399999999969,1.0046,2.6204000000000036,0.9537000000000004,20.0804,39.0994625,2.4369374999999422,0.5259250000000004,2.7636375000000006,1.4585624999999998,20.191025,-1.5935666866070857,-0.6223352167435812
120.2,23.3,176.4082,SSP3-7.0,2021-2040,-12.564300000000003,38.3888,10.142599999999902,0.2807999999999993,3.9037000000000006,1.2407000000000004,19.367400000000004,38.918162499999994,3.0242874999999856,0.5589500000000007,2.4025375,1.3377249999999998,20.0062375,-1.5935666866070857,-0.5591394363737897
120.2,23.35,181.8558,SSP3-7.0,2021-2040,-14.761099999999999,38.75,4.819999999999936,0.6049000000000007,2.1629999999999967,1.4907000000000004,20.087,38.901174999999995,6.649712500000021,0.5104000000000002,2.4854125000000025,1.4493,19.8839625,-1.5935666866070857,-0.4959436560039983
120.2,23.4,177.111,SSP3-7.0,2021-2040,-11.657399999999996,39.147,8.714600000000019,0.7762999999999991,3.6000000000000014,1.3389000000000006,20.371699999999997,39.211425,8.234912499999979,0.5992375000000001,1.7835749999999981,1.4854,20.189675,-1.5935666866070857,-0.43274787563421135
120.2,23.45,179.4661,SSP3-7.0,2021-2040,-14.01830000000001,38.888299999999994,5.442499999999882,0.6957000000000022,3.3647999999999954,1.5888999999999998,20.163,39.5097375,15.245762499999984,0.6752499999999992,1.2856625000000008,1.5594875000000004,20.857887499999997,-1.5935666866070857,-0.3695520952644199
120.2,23.5,174.421,SSP3-7.0,2021-2040,-10.463399999999979,39.8087,36.60109999999986,1.0449999999999982,-0.43890000000000384,1.2962999999999996,21.341299999999997,39.3179875,17.125362499999966,0.48483750000000025,0.3854124999999966,1.6458375000000003,21.309775000000002,-1.5935666866070857,-0.3063563148946285
120.2,23.55,178.3221,SSP3-7.0,2021-2040,-17.156800000000004,39.5087,36.49309999999991,0.4771000000000001,-2.451900000000009,1.6185,22.406499999999998,38.671049999999994,29.852737500000003,0.5434874999999999,-0.7164374999999996,1.5062625,21.182337500000003,-1.5935666866070857,-0.24316053452483705
120.2,23.6,175.7264,SSP3-7.0,2021-2040,-18.985900000000015,37.2253,38.66759999999999,0.4745999999999988,-1.5666999999999973,1.3241000000000005,20.5239,38.1599875,35.504000000000005,0.6254625000000007,-0.6141250000000014,1.3840249999999998,21.25025,-1.5935666866070857,-0.17996475415504562
120.2,23.65,157.1646,SSP3-7.0,2021-2040,-11.186599999999999,37.0951,38.09540000000004,0.9378000000000029,2.290700000000001,1.3110999999999997,20.430400000000002,37.588750000000005,39.936925,0.8692124999999997,-0.6087999999999987,1.1426,20.769287499999997,-1.5935666866070857,-0.11676897378525869
120.2,23.7,156.8797,SSP3-7.0,2021-2040,-8.7894,37.0131,42.70249999999987,1.4052999999999969,-1.4129999999999967,0.6666999999999996,20.2957,37.379425000000005,32.2231,0.8326500000000006,0.4810124999999985,1.2342750000000002,21.234499999999997,-1.5935666866070857,-0.053573193415467256
120.2,23.75,158.5914,SSP3-7.0,2021-2040,-14.038600000000002,36.886199999999995,24.040599999999927,0.5828999999999986,-3.018500000000003,1.4519000000000002,21.8935,37.062825000000004,22.003162499999988,0.8238624999999997,-0.10117499999999957,1.10765,21.8125,-1.5935666866070857,0.009622586954324176
120.2,23.8,159.4839,SSP3-7.0,2021-2040,-17.31960000000001,36.8546,5.426400000000058,0.5771999999999977,-0.8499999999999943,1.2889,23.097800000000003,36.670787499999996,12.693674999999985,0.6219375,-0.10232500000000222,1.154425,22.22745,-1.5935666866070857,0.0728183673241156
120.2,23.85,150.5228,SSP3-7.0,2021-2040,-15.097099999999983,35.5288,2.755899999999997,0.5353999999999992,-0.01670000000000016,0.9592999999999998,22.3522,36.1349,6.301674999999975,0.7232249999999998,-1.2273250000000004,1.1854250000000002,21.866575,-1.5935666866070857,0.13601414769390704
120.25,22.6,206.2164,SSP3-7.0,2021-2040,-7.884899999999988,44.1452,-22.703100000000177,1.0534999999999997,5.3185,2.0389,20.3326,42.067325,-38.522137500000014,0.9440124999999995,4.7643499999999985,2.32315,19.625549999999997,-1.4878728465258642,-1.4438803615508562
120.25,22.65,214.8677,SSP3-7.0,2021-2040,-4.973900000000015,42.572700000000005,0.23050000000012005,1.4782999999999973,5.501899999999992,1.8815000000000008,21.104300000000002,42.592675,-26.092312500000048,1.0160999999999998,4.402312500000002,1.9634375,20.38805,-1.4878728465258642,-1.3806845811810693
120.25,22.7,222.8883,SSP3-7.0,2021-2040,-2.3999999999999773,41.4407,20.36279999999988,1.2029999999999994,1.9980999999999938,1.5648,20.7065,42.58125,-4.8256999999999834,1.1925999999999992,4.271537500000002,1.514825,20.779625000000003,-1.4878728465258642,-1.317488800811278
120.25,22.75,220.3806,SSP3-7.0,2021-2040,1.9088000000000136,42.4832,20.809999999999945,1.1416000000000004,2.964800000000011,1.2093000000000007,20.258699999999997,42.415662499999996,13.773387500000013,1.331575,3.0543999999999984,1.2502250000000001,20.7505375,-1.4878728465258642,-1.2542930204414864
120.25,22.8,217.3803,SSP3-7.0,2021-2040,0.7648000000000081,42.3209,26.980299999999943,1.2190000000000012,0.7963000000000022,0.9573999999999998,19.926099999999998,41.660925,22.503450000000043,1.4347750000000006,2.818287500000001,1.138875,20.1312625,-1.4878728465258642,-1.191097240071695
120.25,22.85,205.1626,SSP3-7.0,2021-2040,1.4414999999999907,40.4071,19.319300000000112,1.974899999999998,2.9536999999999978,0.8795999999999999,19.5348,41.0242625,26.409437500000024,1.5753125000000012,2.584249999999999,1.110175,19.8356125,-1.4878728465258642,-1.1279014597019037
120.25,22.9,205.1656,SSP3-7.0,2021-2040,3.165699999999987,39.7487,41.59830000000011,1.9146,2.3999999999999915,1.1037,20.104300000000002,39.7788125,36.661587500000024,1.8849000000000005,3.0208375,1.3421125,19.101637500000002,-1.4878728465258642,-1.0647056793321166
120.25,22.95,208.7716,SSP3-7.0,2021-2040,3.91549999999998,39.516799999999996,75.36789999999996,2.1769,1.720399999999998,1.5981000000000005,18.4717,39.4217,37.737637500000005,1.993500000000001,2.704625,1.7074125,19.28615,-1.4878728465258642,-1.0015098989623252
120.25,23.0,207.0415,SSP3-7.0,2021-2040,3.2812999999999874,39.5293,47.42190000000005,2.3089000000000013,2.1073999999999984,1.8574000000000002,18.686999999999998,39.4391,34.62042500000001,1.7179125000000006,2.237499999999999,1.864575,19.277987500000002,-1.4878728465258642,-0.9383141185925338
120.25,23.05,201.4759,SSP3-7.0,2021-2040,2.721599999999995,40.6885,14.308099999999968,1.4542000000000002,1.786999999999999,1.8444000000000003,19.2348,39.9961125,21.779112499999997,1.6052750000000011,2.0083249999999992,1.7175999999999998,19.788325,-1.4878728465258642,-0.8751183382227424
120.25,23.1,193.5872,SSP3-7.0,2021-2040,0.8384000000000071,40.974900000000005,6.622899999999845,1.3806000000000012,1.4722000000000008,1.1463,19.606499999999997,40.2608,11.517862500000035,1.239075000000001,2.2009125000000003,1.5928249999999997,19.9364125,-1.4878728465258642,-0.811922557852951
120.25,23.15,192.8901,SSP3-7.0,2021-2040,3.7293999999999983,39.976200000000006,6.057500000000118,0.8109000000000002,0.8074000000000012,1.4204000000000008,20.512999999999998,40.11025,5.161074999999926,1.035400000000001,2.5518375000000004,1.5152874999999995,20.0358625,-1.4878728465258642,-0.748726777483164
120.25,23.2,198.0553,SSP3-7.0,2021-2040,-5.697599999999994,39.3506,-0.5169000000000779,0.33179999999999765,2.548099999999991,1.907399999999999,19.8891,39.4615125,2.7395874999999705,0.7625750000000009,1.962500000000003,1.5620375,20.1899375,-1.4878728465258642,-0.6855309971133726
120.25,23.25,200.0552,SSP3-7.0,2021-2040,-8.011500000000012,38.50319999999999,-12.093400000000202,0.3531000000000013,1.0926000000000045,1.5869999999999997,20.482599999999998,38.696999999999996,-11.47641250000001,0.4179124999999999,2.669900000000001,1.68125,20.2874875,-1.4878728465258642,-0.6223352167435812
120.25,23.3,181.8647,SSP3-7.0,2021-2040,-13.507299999999987,38.231399999999994,-39.1253999999999,0.32260000000000133,3.283300000000004,1.7537000000000003,21.323900000000002,38.4651625,-15.768875000000008,0.4266375,2.3016250000000014,1.5062375000000001,20.168475,-1.4878728465258642,-0.5591394363737897
120.25,23.35,175.3702,SSP3-7.0,2021-2040,-8.097200000000015,38.633599999999994,-25.07230000000004,0.7826999999999984,3.5925999999999974,1.2258999999999993,19.976100000000002,38.590199999999996,-16.29216249999996,0.48550000000000004,2.936112500000002,1.5048625000000002,20.659775000000003,-1.4878728465258642,-0.4959436560039983
120.25,23.4,177.6964,SSP3-7.0,2021-2040,-8.274500000000018,39.349399999999996,6.324800000000096,0.6819999999999986,2.174100000000003,1.4333,21.269599999999997,39.1498375,-4.8083500000000186,0.6882874999999999,2.702775,1.4719875,20.679612499999998,-1.4878728465258642,-0.43274787563421135
120.25,23.45,174.0829,SSP3-7.0,2021-2040,-6.341499999999996,39.962999999999994,13.175899999999956,0.8482999999999983,2.3185000000000002,1.461100000000001,21.25,39.628175,11.794775000000016,0.7420749999999998,2.4076375000000008,1.568525,21.2070625,-1.4878728465258642,-0.3695520952644199
120.25,23.5,175.4561,SSP3-7.0,2021-2040,-9.9204,40.196400000000004,26.396600000000035,0.9144000000000005,1.7147999999999968,1.8056,21.7196,39.6097,17.98407499999996,0.6409500000000001,1.0872499999999983,1.6377249999999999,21.4646625,-1.4878728465258642,-0.3063563148946285
120.25,23.55,180.6196,SSP3-7.0,2021-2040,-18.625399999999985,39.44879999999999,13.757700000000114,0.43230000000000146,0.4351999999999947,1.6758999999999995,21.930400000000002,38.983125,30.567287499999964,0.667875,0.2298499999999999,1.5111124999999999,21.522275,-1.4878728465258642,-0.24316053452483705
120.25,23.6,176.2028,SSP3-7.0,2021-2040,-18.999300000000005,38.3893,29.342200000000048,0.44760000000000133,-1.1499999999999915,1.037,21.730400000000003,38.2301375,29.541062499999967,0.6407000000000007,0.5307749999999984,1.4722125,21.5133,-1.4878728465258642,-0.17996475415504562
120.25,23.65,168.6701,SSP3-7.0,2021-2040,-19.20859999999999,38.014199999999995,13.092899999999872,0.5427,1.6351999999999975,1.2574000000000005,21.615199999999998,37.691874999999996,35.91797499999997,0.8143500000000006,0.7254500000000021,1.1506875,21.513862500000002,-1.4878728465258642,-0.11676897378525869
120.25,23.7,176.4131,SSP3-7.0,2021-2040,-17.532099999999986,38.035999999999994,25.748100000000022,0.8624000000000009,3.7852000000000032,0.7907000000000002,21.558699999999998,37.504825,29.236549999999966,0.8046375000000001,0.6398000000000001,1.2143625,22.02365,-1.4878728465258642,-0.053573193415467256
120.25,23.75,176.3085,SSP3-7.0,2021-2040,-21.891500000000008,36.9767,17.072599999999966,0.5897000000000006,2.333299999999994,1.1741000000000001,22.1826,37.484362499999996,22.80278749999998,0.8096874999999994,-0.24513749999999757,1.123625,22.4290875,-1.4878728465258642,0.009622586954324176
120.25,23.8,169.3849,SSP3-7.0,2021-2040,-16.467299999999994,37.2715,-8.604000000000042,0.733900000000002,-2.9258999999999986,1.2000000000000002,23.3348,36.6845625,14.855287500000017,0.6918249999999997,-0.2129625000000006,1.1947,22.207875,-1.4878728465258642,0.0728183673241156
120.25,23.85,157.8286,SSP3-7.0,2021-2040,-15.029200000000003,35.9822,-1.4653999999999314,0.6440000000000019,-0.1741000000000099,1.0556,21.6,36.2607625,8.78516249999997,0.7385625,-0.9261624999999976,1.1423750000000001,21.748912500000003,-1.4878728465258642,0.13601414769390704
120.25,23.9,148.1982,SSP3-7.0,2021-2040,-12.87560000000002,35.474900000000005,-7.103400000000079,0.6322999999999972,-0.09820000000000562,1.1259000000000006,21.0087,35.666875,4.440012499999995,0.6865625000000013,-0.9173624999999994,1.0037125000000002,21.2682,-1.4878728465258642,0.19920992806369398
120.3,22.5,208.2381,SSP3-7.0,2021-2040,-11.170199999999994,41.830600000000004,-50.549999999999955,1.261099999999999,7.6129999999999995,2.1647999999999996,17.3043,41.519225,-57.197200000000066,1.0033125000000003,6.5363375,2.328475,18.015224999999997,-1.3821790064446429,-1.570271922290439
120.3,22.55,225.1234,SSP3-7.0,2021-2040,-14.134900000000016,41.38719999999999,-44.04169999999999,1.0519999999999996,5.257399999999997,2.6426,18.1348,41.9136375,-54.822175000000044,0.9938375000000002,6.346987500000001,2.2768625,18.4078875,-1.3821790064446429,-1.5070761419206478
120.3,22.6,230.9354,SSP3-7.0,2021-2040,-7.0198999999999785,43.3459,-24.04230000000007,1.3473000000000006,5.731499999999997,2.9704000000000006,19.6935,42.2712375,-43.61228750000001,0.9476499999999994,5.0467625,2.134725,19.7693,-1.3821790064446429,-1.4438803615508562
120.3,22.65,240.0305,SSP3-7.0,2021-2040,-12.739599999999996,43.0253,-14.089600000000019,1.0285999999999973,4.344400000000007,2.013,20.8848,42.3865375,-34.30307500000001,1.0110374999999996,4.979874999999998,2.0333375,20.587775,-1.3821790064446429,-1.3806845811810693
120.3,22.7,248.9375,SSP3-7.0,2021-2040,-13.131200000000007,42.27269999999999,-21.697599999999966,1.5259,4.670400000000001,0.9888999999999992,21.2174,42.339812499999994,-7.87051249999999,1.112299999999999,3.9877374999999997,1.6835625000000003,21.0054375,-1.3821790064446429,-1.317488800811278
120.3,22.75,241.4981,SSP3-7.0,2021-2040,1.0335000000000036,42.543299999999995,31.060100000000148,1.442499999999999,4.148200000000003,1.1296,20.8761,42.144612499999994,4.6883624999999824,1.2012,2.947450000000001,1.4562500000000003,20.8350625,-1.3821790064446429,-1.2542930204414864
120.3,22.8,228.2381,SSP3-7.0,2021-2040,-0.4438000000000102,42.34310000000001,8.486200000000053,0.7634000000000007,1.4722000000000008,1.3315000000000001,20.7783,41.342462499999996,23.07420000000002,1.509925,2.3930625,1.3349375000000003,20.0472875,-1.3821790064446429,-1.191097240071695
120.3,22.85,215.0137,SSP3-7.0,2021-2040,9.592000000000013,40.103699999999996,31.60290000000009,1.2808000000000028,1.9110999999999905,1.0480999999999998,19.9609,40.411100000000005,18.10465000000002,1.7407250000000003,2.178474999999999,1.433325,19.711687500000004,-1.3821790064446429,-1.1279014597019037
120.3,22.9,209.3031,SSP3-7.0,2021-2040,8.627800000000008,40.46430000000001,35.37609999999995,2.622600000000002,3.244399999999999,1.6037,19.737000000000002,39.53975,18.849975000000057,1.9464625,2.8817249999999968,1.4215,19.505412500000002,-1.3821790064446429,-1.0647056793321166
120.3,22.95,218.45,SSP3-7.0,2021-2040,-1.2894999999999754,39.778499999999994,48.69710000000009,2.4460999999999977,3.5666999999999973,1.8758999999999997,19.604300000000002,40.09345,10.658350000000013,2.1175375000000014,3.0448999999999984,1.6117875,20.1567875,-1.3821790064446429,-1.0015098989623252
120.3,23.0,219.9452,SSP3-7.0,2021-2040,-5.632200000000012,41.072900000000004,33.58809999999994,2.318900000000003,0.05740000000000123,1.9277999999999995,22.6848,40.41525,-3.8897624999999607,1.7408750000000004,3.604849999999999,1.8296000000000003,19.97445,-1.3821790064446429,-0.9383141185925338
120.3,23.05,227.2896,SSP3-7.0,2021-2040,-12.050300000000021,41.2634,-29.3282999999999,0.8064,2.229599999999998,2.3369999999999997,21.969600000000003,40.643612499999996,-4.5292125,1.6427500000000013,2.9370249999999993,1.7620375000000001,20.110062499999998,-1.3821790064446429,-0.8751183382227424
120.3,23.1,210.2699,SSP3-7.0,2021-2040,-2.808400000000006,41.6717,-1.6102000000000771,1.3453000000000017,2.514800000000001,1.7518999999999991,21.4239,40.1446625,-3.167562499999974,1.264637500000001,2.5935125,1.7469875000000004,19.857062499999998,-1.3821790064446429,-0.811922557852951
120.3,23.15,200.9192,SSP3-7.0,2021-2040,0.7635000000000218,40.182,16.75369999999998,1.3845000000000027,1.4537000000000049,1.3777999999999988,20.1804,39.551375,2.825324999999964,1.0520750000000008,2.417824999999999,1.814125,19.839937499999998,-1.3821790064446429,-0.748726777483164
120.3,23.2,201.7078,SSP3-7.0,2021-2040,-3.9359999999999786,38.00039999999999,4.909199999999828,0.6946000000000012,2.2667,1.9314999999999998,20.1913,38.944087499999995,2.1293124999999975,0.7085500000000007,1.5620375000000006,1.9462874999999997,19.860587499999998,-1.3821790064446429,-0.6855309971133726
120.3,23.25,203.524,SSP3-7.0,2021-2040,-10.636799999999994,38.2911,6.918600000000197,0.12859999999999872,-0.6499999999999915,2.1722,19.7761,38.180175,-18.695887500000026,0.3721500000000004,2.1842625,2.0955999999999992,20.276625000000003,-1.3821790064446429,-0.6223352167435812
120.3,23.3,183.7246,SSP3-7.0,2021-2040,-8.202799999999996,37.3475,-70.14919999999984,-0.1755999999999993,3.6259000000000015,1.9055999999999997,21.063,37.99691249999999,-18.366824999999977,0.4122374999999998,1.7277875000000016,2.0231375,20.302175000000002,-1.3821790064446429,-0.5591394363737897
120.3,23.35,177.6045,SSP3-7.0,2021-2040,-9.588999999999999,38.1976,-48.41669999999999,0.43400000000000105,2.064799999999998,1.4741,20.5152,38.111174999999996,-20.252149999999943,0.4643374999999996,2.353950000000002,1.8219875,20.934775,-1.3821790064446429,-0.4959436560039983
120.3,23.4,171.67,SSP3-7.0,2021-2040,-7.105399999999975,39.30989999999999,-2.647999999999911,0.9589999999999996,2.67410000000001,1.4019000000000004,21.2804,38.758824999999995,-11.764662499999986,0.5253499999999995,1.6979249999999997,1.7634125,21.080437500000002,-1.3821790064446429,-0.43274787563421135
120.3,23.45,181.7201,SSP3-7.0,2021-2040,-11.2945,40.30929999999999,5.5172000000000025,0.4054000000000002,1.8444000000000003,1.7943999999999996,21.793499999999998,39.152474999999995,1.7615375000000313,0.6126749999999999,2.1796500000000014,1.7764000000000002,21.27935,-1.3821790064446429,-0.3695520952644199
120.3,23.5,190.8068,SSP3-7.0,2021-2040,-19.5985,40.016400000000004,8.009400000000142,0.4588000000000001,4.327800000000003,1.8888999999999996,21.717399999999998,38.9503,11.550037499999974,0.6170499999999999,1.6481500000000002,1.91135,21.066575,-1.3821790064446429,-0.3063563148946285
120.3,23.55,178.1936,SSP3-7.0,2021-2040,-15.51939999999999,38.934400000000004,24.875699999999824,0.7650000000000006,-0.7018999999999949,1.7778,21.115199999999998,38.5035,25.490737499999994,0.6826875000000001,2.5877499999999998,1.7432874999999999,21.0317875,-1.3821790064446429,-0.24316053452483705
120.3,23.6,169.0598,SSP3-7.0,2021-2040,-14.305099999999982,37.7858,44.15259999999989,0.7605000000000004,2.1055999999999955,1.3407,21.6239,38.2014,26.703262499999965,0.6960000000000002,1.7150500000000006,1.5918875,21.26195,-1.3821790064446429,-0.17996475415504562
120.3,23.65,174.8116,SSP3-7.0,2021-2040,-19.86359999999999,37.8288,27.193500000000085,0.7356000000000016,2.5,1.4722,22.4609,38.1673375,35.16191249999994,0.7477125000000004,1.8013875000000006,1.342575,21.7472875,-1.3821790064446429,-0.11676897378525869
120.3,23.7,183.594,SSP3-7.0,2021-2040,-22.1558,38.1616,41.441899999999805,0.8910000000000018,-0.7481999999999971,1.2630000000000008,23.487000000000002,37.8483125,27.097962500000023,0.6216249999999999,1.9692125000000003,1.2715125,22.179074999999997,-1.3821790064446429,-0.053573193415467256
120.3,23.75,182.2375,SSP3-7.0,2021-2040,-22.88640000000001,38.06289999999999,30.253000000000156,0.7520999999999987,1.5389000000000053,1.1185,23.8239,37.5395875,26.729787499999986,0.6391625000000003,0.8125000000000009,1.2095,22.3603375,-1.3821790064446429,0.009622586954324176
120.3,23.8,182.4818,SSP3-7.0,2021-2040,-21.66669999999999,37.58899999999999,21.413800000000037,0.672699999999999,1.6704000000000008,1.2092999999999998,21.941300000000002,36.84745,19.4784375,0.6771875000000005,-0.4944374999999992,1.1490875000000003,22.099450000000004,-1.3821790064446429,0.0728183673241156
120.3,23.85,168.7682,SSP3-7.0,2021-2040,-15.973399999999998,35.59609999999999,19.345399999999927,1.1806000000000019,-3.1869999999999976,1.3000000000000007,20.771700000000003,36.29835,9.840549999999993,0.6401250000000003,-0.2534749999999999,1.0370500000000002,21.511962500000003,-1.3821790064446429,0.13601414769390704
120.3,23.9,154.9006,SSP3-7.0,2021-2040,-10.76060000000001,34.9651,2.310200000000009,0.8483000000000018,-0.21299999999999386,1.0815000000000001,20.537,35.677875,4.474950000000007,0.6560750000000004,-0.004162500000000513,0.9659750000000001,20.9282375,-1.3821790064446429,0.19920992806369398
120.3,23.95,146.4972,SSP3-7.0,2021-2040,-10.733699999999999,33.870599999999996,-16.766899999999964,0.48040000000000305,0.4314999999999998,1.037,19.9043,35.0565625,-7.555587499999973,0.6152249999999997,0.27940000000000076,0.7724500000000002,20.8252625,-1.3821790064446429,0.26240570843348543
120.3,24.0,144.2081,SSP3-7.0,2021-2040,-10.568700000000007,34.2158,-23.01979999999992,0.3376999999999981,0.22220000000000084,0.6852,21.0304,34.946025000000006,-14.39238749999997,0.5708000000000006,0.6937499999999996,0.6284625000000001,20.762500000000003,-1.3821790064446429,0.32560148880327683
120.35,22.35,196.0512,SSP3-7.0,2021-2040,-19.78279999999998,45.6152,-55.93629999999985,1.374299999999998,14.170400000000008,1.9222000000000001,20.102200000000003,41.9621875,-18.429512500000016,1.3577375000000007,6.498149999999999,1.9441875,17.9108625,-1.2764851663634216,-1.759859263399809
120.35,22.5,221.2971,SSP3-7.0,2021-2040,-21.09960000000001,40.21170000000001,-39.72860000000014,1.047500000000003,7.327800000000003,2.2074000000000007,16.1522,41.35232499999999,-56.9004625,1.1425125,6.947224999999999,2.2412,17.85625,-1.2764851663634216,-1.570271922290439
120.35,22.55,236.2247,SSP3-7.0,2021-2040,-21.039500000000004,40.73839999999999,-79.21810000000005,0.6140000000000008,5.090699999999998,2.5907,16.4696,41.131524999999996,-66.44102500000005,1.0708125000000002,6.9340375,2.2326375,17.9320625,-1.2764851663634216,-1.5070761419206478
120.35,22.6,228.3469,SSP3-7.0,2021-2040,-15.981799999999993,41.9317,-85.02469999999994,0.39140000000000086,6.538900000000005,2.6278000000000006,19.1326,41.37168749999999,-71.15622500000003,0.9193625000000001,5.638649999999998,2.2025499999999996,18.978825,-1.2764851663634216,-1.4438803615508562
120.35,22.65,238.678,SSP3-7.0,2021-2040,-11.631699999999995,42.0967,-82.35400000000004,0.4375,3.6518999999999977,2.2943999999999996,20.8783,41.7173375,-57.117437499999994,0.9010500000000001,5.4298625000000005,2.0789500000000003,20.2733875,-1.2764851663634216,-1.3806845811810693
120.35,22.7,246.6065,SSP3-7.0,2021-2040,-15.801200000000023,41.286699999999996,-59.19619999999986,0.6513999999999989,6.427799999999998,1.9000000000000004,21.637,42.105225,-34.848187499999995,1.02535,4.022687500000001,1.8240750000000001,20.7899625,-1.2764851663634216,-1.317488800811278
120.35,22.75,250.3008,SSP3-7.0,2021-2040,-3.4542000000000144,43.26989999999999,20.212299999999914,1.5154999999999994,2.8647999999999954,1.475900000000001,21.697799999999997,41.4674875,-22.85809999999995,1.1433500000000003,3.5430625000000013,1.90555,20.4486625,-1.2764851663634216,-1.2542930204414864
120.35,22.8,246.0041,SSP3-7.0,2021-2040,-3.6071000000000026,41.7397,21.549099999999953,1.5898000000000003,2.3852000000000046,2.222200000000001,20.4587,40.1250875,-3.8855624999999634,1.4075875000000004,2.4851874999999986,1.7886375000000003,19.267125,-1.2764851663634216,-1.191097240071695
120.35,22.85,228.9874,SSP3-7.0,2021-2040,2.248599999999982,37.871900000000004,13.059600000000046,1.9152999999999984,1.1203999999999965,1.7574000000000005,17.6652,38.982825,-6.8543374999999855,1.613712500000001,2.7518499999999992,1.9321625,18.776362499999998,-1.2764851663634216,-1.1279014597019037
120.35,22.9,228.3372,SSP3-7.0,2021-2040,-5.037700000000001,38.3931,-21.5317,1.9262000000000015,3.0555999999999983,1.6110999999999986,19.4891,38.398075000000006,-17.477424999999982,1.8192000000000004,3.5490749999999984,1.88725,18.466025000000002,-1.2764851663634216,-1.0647056793321166
120.35,22.95,240.1659,SSP3-7.0,2021-2040,-19.732100000000003,40.4982,-57.31359999999995,1.9369000000000014,6.325900000000004,1.4981000000000009,21.213,39.2556,-30.83261250000001,1.866975000000001,3.674999999999999,1.9666624999999995,19.3519,-1.2764851663634216,-1.0015098989623252
120.35,23.0,244.5636,SSP3-7.0,2021-2040,-26.47890000000001,41.5243,-69.24019999999996,1.7353000000000023,5.448099999999997,1.6944,20.867400000000004,40.042137499999995,-38.2718625,1.5064625000000005,3.6944375000000003,2.037025,20.027987500000002,-1.2764851663634216,-0.9383141185925338
120.35,23.05,239.9779,SSP3-7.0,2021-2040,-18.593999999999994,40.522999999999996,-61.03099999999995,1.0623000000000005,5.653700000000001,1.9315000000000015,19.747799999999998,40.3601625,-33.645962499999996,1.4043000000000005,3.2759124999999996,2.0666624999999996,20.386425,-1.2764851663634216,-0.8751183382227424
120.35,23.1,232.6515,SSP3-7.0,2021-2040,-14.525000000000006,39.1643,-6.293299999999817,1.5365000000000002,4.455599999999997,1.9426000000000005,18.628300000000003,39.8965,-24.944275000000033,1.2017125000000006,3.0013750000000012,2.1122625,20.0836875,-1.2764851663634216,-0.811922557852951
120.35,23.15,235.644,SSP3-7.0,2021-2040,-17.30600000000001,38.385,27.56989999999996,1.6817000000000029,2.8888999999999996,1.975900000000001,18.9761,39.1891375,-22.972850000000022,1.0726625000000003,2.7064875000000006,2.2361124999999995,19.8048875,-1.2764851663634216,-0.748726777483164
120.35,23.2,227.8857,SSP3-7.0,2021-2040,-12.493500000000012,38.8879,-14.13650000000007,0.6352000000000011,2.3888999999999996,2.4369999999999994,19.4913,38.5146625,-14.817587500000002,0.8100375000000004,1.656950000000002,2.4032375,19.712225,-1.2764851663634216,-0.6855309971133726
120.35,23.25,212.9953,SSP3-7.0,2021-2040,-14.713099999999997,37.97670000000001,-13.518399999999929,0.3426000000000009,1.966699999999996,2.6925999999999988,19.5761,38.031612499999994,-26.553312499999976,0.4617874999999998,1.4180625000000022,2.49375,20.130975,-1.2764851663634216,-0.6223352167435812
120.35,23.3,200.8874,SSP3-7.0,2021-2040,-11.99260000000001,37.14370000000001,-4.936500000000024,0.4728999999999992,0.3019000000000034,2.549999999999999,20.1957,37.70075,-21.83942499999995,0.42708749999999984,1.336800000000002,2.5356499999999995,20.277699999999996,-1.2764851663634216,-0.5591394363737897
120.35,23.35,194.7958,SSP3-7.0,2021-2040,-8.8536,36.998000000000005,-10.690499999999929,0.4613999999999976,2.1704000000000008,2.7296000000000005,20.5717,37.5429875,-16.748012499999987,0.5553250000000007,0.8132000000000019,2.1192249999999997,20.761675,-1.2764851663634216,-0.4959436560039983
120.35,23.4,185.5828,SSP3-7.0,2021-2040,-9.535200000000003,37.875899999999994,-15.720100000000002,0.20970000000000155,1.009299999999996,1.5759000000000007,21.797800000000002,37.9459375,-7.0596874999999955,0.6310250000000002,0.30393750000000175,2.2155125,20.9339625,-1.2764851663634216,-0.43274787563421135
120.35,23.45,185.7078,SSP3-7.0,2021-2040,-7.455299999999994,38.7438,-19.235599999999977,0.37930000000000064,-1.5906999999999982,2.4129999999999994,21.4696,38.26475,-1.91334999999998,0.5415750000000004,1.1900625000000007,1.9092625,21.00325,-1.2764851663634216,-0.3695520952644199
120.35,23.5,192.3627,SSP3-7.0,2021-2040,-12.801799999999986,37.76500000000001,-2.210700000000088,0.4498999999999995,4.8093,2.2315000000000005,19.730400000000003,38.042550000000006,6.834412500000013,0.5775999999999999,0.7430625000000006,2.049075,20.714937499999998,-1.2764851663634216,-0.3063563148946285
120.35,23.55,191.5476,SSP3-7.0,2021-2040,-14.29249999999999,36.2417,30.123499999999922,0.7417999999999978,4.355600000000003,2.1315,19.5239,37.703,20.42383749999999,0.7331750000000001,2.163899999999999,1.8303249999999998,20.36005,-1.2764851663634216,-0.24316053452483705
120.35,23.6,171.1946,SSP3-7.0,2021-2040,-8.24630000000002,38.184599999999996,54.35459999999989,1.2561999999999998,4.103699999999996,1.8351999999999995,20.278299999999998,37.0892375,23.54585,0.7572125000000001,2.0625124999999995,1.7324,20.73125,-1.2764851663634216,-0.17996475415504562
120.35,23.65,182.5119,SSP3-7.0,2021-2040,-18.19210000000001,38.569399999999995,20.885999999999967,0.6467999999999989,2.5426,1.5481000000000007,21.4413,37.4942875,34.98532499999999,0.8234250000000007,2.142599999999999,1.6120374999999998,21.4416,-1.2764851663634216,-0.11676897378525869
120.35,23.7,187.8699,SSP3-7.0,2021-2040,-21.167400000000015,38.1978,52.277000000000044,0.5745000000000005,2.1370000000000005,1.668499999999999,22.2435,37.56205,23.992387500000035,0.5999624999999997,1.3446875000000018,1.4453625,21.887775,-1.2764851663634216,-0.053573193415467256
120.35,23.75,178.4038,SSP3-7.0,2021-2040,-18.070599999999985,37.1007,30.260600000000068,0.2691999999999979,-0.7184999999999988,1.1425999999999998,22.1065,37.4943625,28.0907,0.5479749999999997,0.8926000000000025,1.3386624999999999,21.834512500000002,-1.2764851663634216,0.009622586954324176
120.35,23.8,179.6057,SSP3-7.0,2021-2040,-19.906000000000006,36.98340000000001,34.22829999999999,0.5198999999999998,0.966700000000003,1.2278000000000002,22.0283,36.731899999999996,21.588625000000008,0.5511124999999995,-0.5006749999999967,1.139125,21.2032375,-1.2764851663634216,0.0728183673241156
120.35,23.85,175.2072,SSP3-7.0,2021-2040,-12.226400000000012,36.806099999999994,34.73699999999985,0.7281000000000013,-1.788899999999991,0.9741,20.9478,35.893724999999996,14.820412499999989,0.5699875000000003,-0.5659624999999986,0.924775,20.8239125,-1.2764851663634216,0.13601414769390704
120.35,23.9,162.5015,SSP3-7.0,2021-2040,-12.42659999999998,35.3146,3.2079000000001088,0.3417999999999992,0.5351999999999961,0.42220000000000013,20.6978,35.145399999999995,6.158712499999993,0.6595875000000011,-0.32777499999999726,0.8335625,20.434224999999998,-1.2764851663634216,0.19920992806369398
120.35,23.95,156.0889,SSP3-7.0,2021-2040,-11.252199999999988,34.789500000000004,-17.568799999999896,0.5686999999999998,2.5778000000000034,0.6036999999999999,20.554299999999998,34.816925,-10.483187499999971,0.4887375000000005,0.5127249999999997,0.5743,20.76005,-1.2764851663634216,0.26240570843348543
120.35,24.0,149.0506,SSP3-7.0,2021-2040,-8.632000000000005,35.5056,-27.932000000000016,0.543800000000001,0.5519000000000034,0.4333,21.637,34.627700000000004,-18.920924999999926,0.4808625000000002,0.9185249999999989,0.46758750000000004,20.713575,-1.2764851663634216,0.32560148880327683
120.35,24.05,146.5864,SSP3-7.0,2021-2040,-8.613399999999984,34.4334,-31.408999999999992,0.590200000000003,0.5352000000000032,0.20000000000000018,20.445700000000002,34.5553875,-25.677799999999948,0.48478750000000037,0.4465374999999998,0.4638875000000001,20.76875,-1.2764851663634216,0.3887972691730683
120.4,22.5,207.384,SSP3-7.0,2021-2040,-18.514599999999973,40.313399999999994,-39.59810000000016,1.3134999999999977,8.214800000000004,1.9481000000000002,16.912999999999997,41.12815,-45.14233750000005,1.319150000000001,6.750224999999998,1.9073875,17.9747375,-1.1707913262821703,-1.570271922290439
120.4,22.55,229.0997,SSP3-7.0,2021-2040,-17.126300000000015,40.0803,-123.221,1.2073,8.811099999999996,1.6018999999999988,17.2935,40.6527125,-61.687662500000044,1.1482875000000003,6.7104124999999994,2.115025,17.941025,-1.1707913262821703,-1.5070761419206478
120.4,22.6,239.1591,SSP3-7.0,2021-2040,-12.067299999999989,39.9514,-125.32180000000017,0.9464000000000006,5.977799999999995,1.6981000000000002,18.8326,40.809775,-79.7126375,0.8756750000000002,5.4342500000000005,2.223375,18.80435,-1.1707913262821703,-1.4438803615508562
120.4,22.65,245.7498,SSP3-7.0,2021-2040,-12.523599999999988,40.348299999999995,-76.96129999999994,0.7218000000000018,6.244399999999999,1.8093000000000004,19.643500000000003,41.095,-78.91024999999999,0.6777500000000001,4.1034875,2.3743,20.046475,-1.1707913262821703,-1.3806845811810693
120.4,22.7,249.8626,SSP3-7.0,2021-2040,-13.111499999999978,41.5767,-50.605999999999995,0.595600000000001,3.503700000000002,2.6241000000000003,21.145699999999998,41.1115875,-71.81301249999999,0.7482375000000001,3.59955,2.201375,19.984524999999998,-1.1707913262821703,-1.317488800811278
120.4,22.75,262.3101,SSP3-7.0,2021-2040,-21.285199999999975,41.7089,-84.34940000000006,0.9354000000000013,2.753700000000002,2.2574000000000005,19.9761,40.415162499999994,-43.463562499999966,1.0520250000000004,3.1608874999999994,2.4023000000000003,19.6655,-1.1707913262821703,-1.2542930204414864
120.4,22.8,252.613,SSP3-7.0,2021-2040,-8.423100000000005,38.2688,-28.110999999999876,1.6428000000000011,2.9833,2.7906999999999993,17.5,39.030225,-26.32702500000002,1.4360500000000003,2.3106624999999994,2.2455875000000005,18.6201,-1.1707913262821703,-1.191097240071695
120.4,22.85,245.8822,SSP3-7.0,2021-2040,-8.99460000000002,34.8911,-23.045200000000023,1.7650000000000006,2.6278000000000006,2.5185000000000013,15.682599999999999,37.848125,-16.89987500000001,1.6227500000000004,2.310199999999999,2.2840249999999997,18.2684625,-1.1707913262821703,-1.1279014597019037
120.4,22.9,260.1326,SSP3-7.0,2021-2040,-23.460300000000018,35.65880000000001,-79.16110000000003,1.3190999999999988,4.3352,2.3315,16.6043,37.451775,-34.031300000000016,1.6017625000000004,3.390062499999999,2.1944375000000003,18.1024375,-1.1707913262821703,-1.0647056793321166
120.4,22.95,265.6406,SSP3-7.0,2021-2040,-33.595699999999994,37.9181,-109.03520000000003,1.2678000000000011,5.261099999999999,2.4647999999999985,17.2609,38.382075,-59.79463750000002,1.4321875000000008,4.8386625,2.22985,18.6201,-1.1707913262821703,-1.0015098989623252
120.4,23.0,259.5552,SSP3-7.0,2021-2040,-28.361800000000017,39.23480000000001,-85.35400000000004,1.2998000000000012,4.4315,2.2241,18.5674,39.325025,-71.99856250000002,1.1978500000000007,5.294900000000001,2.323125,18.865487499999997,-1.1707913262821703,-0.9383141185925338
120.4,23.05,257.5938,SSP3-7.0,2021-2040,-27.335099999999983,40.0482,-46.39800000000014,0.9134999999999991,2.029600000000002,2.037000000000001,19.176099999999998,39.3577875,-67.96589999999998,1.2095375000000002,5.2088,2.327075,19.108975,-1.1707913262821703,-0.8751183382227424
120.4,23.1,258.2545,SSP3-7.0,2021-2040,-25.331700000000012,38.9017,-64.53179999999998,1.278699999999997,5.040700000000001,2.618499999999999,19.773899999999998,38.976325,-48.04435000000001,1.1149625000000007,3.9574250000000006,2.3576250000000005,19.2369625,-1.1707913262821703,-0.811922557852951
120.4,23.15,265.9338,SSP3-7.0,2021-2040,-28.138600000000025,38.196999999999996,-40.97850000000017,1.141300000000001,2.200000000000003,2.868499999999999,19.4217,38.469899999999996,-45.712699999999955,1.0093750000000004,3.4930749999999993,2.563175,19.3027375,-1.1707913262821703,-0.748726777483164
120.4,23.2,247.6968,SSP3-7.0,2021-2040,-26.507299999999987,38.508100000000006,-77.89539999999988,0.5651999999999973,1.3314999999999984,2.9611,19.3283,38.114175,-33.429812500000025,0.7829750000000013,2.4247750000000003,2.8689625000000003,19.454625,-1.1707913262821703,-0.6855309971133726
120.4,23.25,241.2646,SSP3-7.0,2021-2040,-19.7937,38.577,-42.299800000000005,0.5417999999999985,1.7981000000000051,3.2463000000000006,20.2478,37.662225,-31.605362499999984,0.6227000000000005,1.1782624999999998,2.9708249999999996,19.622574999999998,-1.1707913262821703,-0.6223352167435812
120.4,23.3,229.3535,SSP3-7.0,2021-2040,-16.997899999999987,37.4972,-14.836900000000014,0.8316000000000017,0.2815000000000012,2.7462999999999997,20.7543,37.2467625,-14.619812499999995,0.6214624999999998,0.6942125000000017,3.2860999999999994,19.984525,-1.1707913262821703,-0.5591394363737897
120.4,23.35,217.5594,SSP3-7.0,2021-2040,-11.537599999999998,36.72090000000001,18.277499999999918,0.8522999999999996,-0.5629999999999953,3.3184999999999993,19.717399999999998,37.121125000000006,-7.066849999999988,0.6009875000000005,-0.4062374999999996,2.8888875,20.6712,-1.1707913262821703,-0.4959436560039983
120.4,23.4,194.6296,SSP3-7.0,2021-2040,-8.009000000000015,36.2512,4.445799999999963,0.8587000000000025,-2.8888999999999996,1.9815000000000005,20.769599999999997,37.3300375,-3.399537500000008,0.5121374999999997,-0.3358749999999997,2.91735,20.980975,-1.1707913262821703,-0.43274787563421135
120.4,23.45,191.9373,SSP3-7.0,2021-2040,-4.773300000000006,37.0368,-3.727200000000039,0.6981000000000002,-1.279600000000002,2.6111000000000004,21.354300000000002,37.2924875,-7.395299999999992,0.4122749999999997,0.13728749999999934,2.3210750000000004,20.5972875,-1.1707913262821703,-0.3695520952644199
120.4,23.5,197.1109,SSP3-7.0,2021-2040,-10.491399999999999,37.55350000000001,-8.973199999999906,0.29299999999999926,-0.9759000000000029,1.7889,19.5826,36.6072125,2.9061499999999967,0.6060249999999994,1.8666874999999994,2.447225,20.18695,-1.1707913262821703,-0.3063563148946285
120.4,23.55,194.6141,SSP3-7.0,2021-2040,-9.407700000000006,35.50450000000001,18.08550000000014,0.8794000000000004,-0.03520000000000323,1.987,19.163,36.5470375,13.337962499999975,0.7160999999999995,3.269924999999999,2.1546374999999998,19.7513625,-1.1707913262821703,-0.24316053452483705
120.4,23.6,169.4447,SSP3-7.0,2021-2040,-7.055599999999998,35.879799999999996,25.09680000000003,1.002600000000001,3.6777999999999977,1.7925999999999993,19.669600000000003,36.45133750000001,16.72319999999999,0.7694874999999994,2.903012499999998,1.9328625,20.1445625,-1.1707913262821703,-0.17996475415504562
120.4,23.65,188.9892,SSP3-7.0,2021-2040,-20.224800000000016,35.969500000000004,-2.0467999999998483,0.5259999999999998,2.0555999999999983,1.8092999999999995,20.8522,36.928462499999995,21.133412499999963,0.7464374999999999,2.5979124999999987,1.7152625,20.642937500000002,-1.1707913262821703,-0.11676897378525869
120.4,23.7,189.6133,SSP3-7.0,2021-2040,-21.6875,37.946400000000004,37.41300000000001,0.8410000000000011,1.3093000000000004,1.7148000000000003,20.9174,36.5868375,11.918037500000025,0.4229499999999988,1.6259250000000005,1.5229125,20.880975,-1.1707913262821703,-0.053573193415467256
120.4,23.75,184.6684,SSP3-7.0,2021-2040,-19.865399999999994,36.8571,6.537900000000036,0.13799999999999812,2.2778000000000063,1.4943999999999997,20.013,36.435975,20.782774999999987,0.39571249999999925,0.41250000000000053,1.4363499999999998,21.0231,-1.1707913262821703,0.009622586954324176
120.4,23.8,181.3336,SSP3-7.0,2021-2040,-18.794399999999996,36.1567,1.1606999999999061,-0.005400000000001626,-2.011099999999999,1.013,20.2217,36.34555,22.738200000000006,0.44286249999999905,0.008575000000003108,1.206025,20.645375,-1.1707913262821703,0.0728183673241156
120.4,23.85,177.2337,SSP3-7.0,2021-2040,-12.557099999999991,35.68659999999999,29.000600000000077,0.6736000000000004,-1.786999999999999,0.8610999999999995,19.8,35.837025,16.494849999999957,0.4128499999999997,-0.45138749999999916,0.9187500000000001,20.488037499999997,-1.1707913262821703,0.13601414769390704
120.4,23.9,165.6823,SSP3-7.0,2021-2040,-12.826899999999995,34.8583,7.896399999999858,0.328400000000002,-0.5018999999999991,0.28329999999999966,20.5935,35.190974999999995,10.87127500000004,0.5594249999999996,-0.27151250000000005,0.7020875000000001,19.8679125,-1.1707913262821703,0.19920992806369398
120.4,23.95,168.0032,SSP3-7.0,2021-2040,-11.90779999999998,34.5909,-9.684199999999919,0.4685999999999986,1.8462999999999994,0.5278,20.365199999999998,34.6350125,-5.500562499999958,0.4623875000000002,-0.20115000000000283,0.381475,20.074725,-1.1707913262821703,0.26240570843348543
120.4,24.0,160.5416,SSP3-7.0,2021-2040,-8.648499999999984,35.21450000000001,-19.877099999999928,0.5609000000000002,1.2295999999999907,0.12410000000000032,21.3152,34.2874125,-18.868724999999927,0.4731625000000004,-0.2661875000000009,0.29676250000000004,20.0206625,-1.1707913262821703,0.32560148880327683
120.4,24.05,156.3616,SSP3-7.0,2021-2040,-5.921900000000022,34.592299999999994,-36.2494999999999,0.4985999999999997,-0.02960000000000207,0.14069999999999983,21.3957,34.2831125,-26.973574999999997,0.39496250000000055,-0.3710500000000021,0.27617500000000017,20.320675,-1.1707913262821703,0.3887972691730683
120.4,24.1,153.5601,SSP3-7.0,2021-2040,-6.402600000000007,34.7694,-41.231899999999996,0.5213999999999999,1.0130000000000052,0.4167000000000005,21.0109,34.18396250000001,-32.204312499999986,0.3785875000000001,-0.1881875000000015,0.30810000000000004,20.5665875,-1.1707913262821703,0.4519930495428597
120.4,24.15,150.4574,SSP3-7.0,2021-2040,-5.420800000000014,33.67150000000001,-38.16459999999995,0.3855000000000004,-0.5610999999999962,0.42220000000000013,20.767400000000002,34.2452375,-37.01318749999997,0.29949999999999966,-0.34743749999999807,0.25878750000000006,20.301900000000003,-1.1707913262821703,0.5151888299126467
120.45,22.45,184.9807,SSP3-7.0,2021-2040,-7.070600000000013,43.6833,10.71309999999994,1.5953000000000017,6.942599999999999,1.9722000000000008,19.6239,42.3498375,4.451924999999989,1.5056250000000002,6.272674999999998,1.781,18.671187500000002,-1.0650974862009488,-1.6334677026602307
120.45,22.5,186.9582,SSP3-7.0,2021-2040,-10.865700000000004,41.1911,-9.507799999999861,1.9535000000000018,8.320399999999992,1.3833000000000002,17.9087,41.9282875,-13.308000000000021,1.36855,5.848137499999999,2.0319374999999997,18.886674999999997,-1.0650974862009488,-1.570271922290439
120.45,22.55,220.504,SSP3-7.0,2021-2040,-16.772400000000005,40.356899999999996,-44.06680000000006,1.660499999999999,7.833300000000001,1.894400000000001,18.356499999999997,40.894725,-52.40013750000003,1.2130375,5.5365749999999965,1.9833249999999996,18.761675,-1.0650974862009488,-1.5070761419206478
120.45,22.6,233.7048,SSP3-7.0,2021-2040,-12.375799999999998,40.527100000000004,-71.03539999999998,1.2594999999999992,4.379599999999996,2.5703999999999994,19.763,40.326975,-77.95143750000003,0.8577125000000003,4.456712499999999,2.1569374999999997,18.9769,-1.0650974862009488,-1.4438803615508562
120.45,22.65,252.1399,SSP3-7.0,2021-2040,-16.071500000000015,40.398799999999994,-75.81979999999999,0.7134,0.9241000000000099,2.3980999999999995,18.8978,40.373562500000006,-77.31967500000002,0.6441375000000007,2.6879624999999967,2.5477,19.615225000000002,-1.0650974862009488,-1.3806845811810693
120.45,22.7,261.5788,SSP3-7.0,2021-2040,-22.480999999999995,40.9909,-81.92409999999995,0.42680000000000007,1.4240999999999957,2.881499999999999,20.084799999999998,39.749962499999995,-84.4950375,0.6164500000000008,2.2629625000000013,2.6546250000000002,18.915775,-1.0650974862009488,-1.317488800811278
120.45,22.75,267.5862,SSP3-7.0,2021-2040,-24.585800000000006,38.792500000000004,-134.11159999999995,0.5840999999999994,4.505600000000001,2.5944000000000003,17.060899999999997,39.0696125,-68.59931249999997,0.8741500000000011,2.2851874999999993,2.8141125,18.872012499999997,-1.0650974862009488,-1.2542930204414864
120.45,22.8,246.563,SSP3-7.0,2021-2040,-12.344699999999989,37.3961,-35.52099999999996,1.4102000000000032,1.1925999999999988,2.7295999999999996,17.7391,37.4557,-63.12236250000001,1.0613250000000005,2.9895875,2.71295,17.9277125,-1.0650974862009488,-1.191097240071695
120.45,22.85,241.4185,SSP3-7.0,2021-2040,-9.105799999999988,36.57170000000001,11.589999999999918,1.7730999999999995,1.0351999999999961,2.4093,18.680400000000002,36.590975,-43.6639625,1.2514625000000006,3.1687624999999997,2.7182875,17.524987499999998,-1.0650974862009488,-1.1279014597019037
120.45,22.9,252.5991,SSP3-7.0,2021-2040,-20.034099999999995,36.8849,-17.072900000000118,1.4055,2.3740999999999985,2.4204000000000008,18.0109,36.2746125,-49.0423375,1.2281875000000002,3.485662499999999,2.6655125,17.224725,-1.0650974862009488,-1.0647056793321166
120.45,22.95,275.3526,SSP3-7.0,2021-2040,-32.56639999999999,36.58519999999999,-68.90139999999997,0.8243000000000009,5.320399999999999,2.8758999999999997,16.8174,37.045225,-59.17626249999998,1.1948875,4.7240874999999996,2.6145875,17.217124999999996,-1.0650974862009488,-1.0015098989623252
120.45,23.0,285.0495,SSP3-7.0,2021-2040,-29.38470000000001,38.2773,-79.7822000000001,1.0104000000000006,7.418500000000002,3.183299999999999,17.391299999999998,37.819100000000006,-65.39326250000002,0.9955625000000001,4.840525,2.6606375,17.477462499999998,-1.0650974862009488,-0.9383141185925338
120.45,23.05,283.224,SSP3-7.0,2021-2040,-28.13119999999998,39.225899999999996,-84.28690000000006,0.8323,4.901900000000005,2.9000000000000004,18.45,38.2630875,-67.59933750000002,1.0084749999999993,5.460887500000001,2.6777624999999996,18.158974999999998,-1.0650974862009488,-0.8751183382227424
120.45,23.1,284.2293,SSP3-7.0,2021-2040,-28.19530000000003,38.011,-93.2077999999999,0.9209999999999994,4.320399999999999,2.1221999999999994,19.445700000000002,38.2952875,-59.607937500000105,0.9750749999999999,4.721075000000003,2.85855,18.717662499999996,-1.0650974862009488,-0.811922557852951
120.45,23.15,288.1429,SSP3-7.0,2021-2040,-33.23949999999999,38.2562,-79.72919999999999,0.8311000000000028,5.209299999999999,3.0833000000000013,20.05,37.849962500000004,-63.22919999999999,0.8977624999999998,3.8520875000000014,2.8168874999999995,18.77365,-1.0650974862009488,-0.748726777483164
120.45,23.2,282.192,SSP3-7.0,2021-2040,-33.5959,37.645,-57.477499999999964,0.6256000000000022,2.3093000000000004,3.364799999999999,18.7283,37.33095,-59.296200000000056,0.6679000000000004,2.7599375000000013,3.0356375000000004,18.981524999999998,-1.0650974862009488,-0.6855309971133726
120.45,23.25,276.5424,SSP3-7.0,2021-2040,-27.922799999999995,36.9886,-46.86850000000004,0.464500000000001,0.6370000000000005,3.2833000000000006,19.1457,36.7700125,-64.12305,0.5998749999999999,2.0981500000000004,3.1578625,18.986687500000002,-1.0650974862009488,-0.6223352167435812
120.45,23.3,256.2755,SSP3-7.0,2021-2040,-16.210300000000018,36.6506,-23.17319999999995,1.0440000000000005,0.20929999999999893,3.7314999999999987,19.7609,36.246812500000004,-56.91215000000008,0.48495,1.5698875000000019,3.5080875000000002,19.4443,-1.0650974862009488,-0.5591394363737897
120.45,23.35,241.0817,SSP3-7.0,2021-2040,-14.27770000000001,36.918600000000005,6.2509000000000015,0.7922000000000011,-0.9666999999999959,4.737,20.660899999999998,36.30466249999999,-48.55291250000005,0.4534125000000002,0.1997750000000007,3.2203749999999998,20.062237500000002,-1.0650974862009488,-0.4959436560039983
120.45,23.4,221.4944,SSP3-7.0,2021-2040,-16.38840000000002,37.6338,2.1257000000000517,0.13739999999999952,-3.3667000000000016,3.0593000000000004,20.858700000000002,36.41646250000001,-32.54407500000005,0.5373000000000001,0.19051250000000142,3.2879500000000004,20.713324999999998,-1.0650974862009488,-0.43274787563421135
120.45,23.45,203.6636,SSP3-7.0,2021-2040,-3.482599999999991,36.712500000000006,-4.477000000000089,0.5666999999999973,1.8999999999999986,2.894399999999999,21.4174,36.5861125,-25.138537499999984,0.4563374999999996,-0.3960499999999998,2.6736125,20.510062500000004,-1.0650974862009488,-0.3695520952644199
120.45,23.5,216.1281,SSP3-7.0,2021-2040,-6.697599999999994,35.804199999999994,-15.117299999999886,0.4034999999999975,2.201900000000002,2.6241000000000003,19.1522,36.070125000000004,-11.667774999999978,0.6711999999999998,1.006712499999999,2.5330874999999997,20.2375,-1.0650974862009488,-0.3063563148946285
120.45,23.55,203.0046,SSP3-7.0,2021-2040,-11.745100000000008,35.049200000000006,19.807999999999993,0.7295000000000016,4.572199999999995,2.685199999999999,19.6848,35.9751375,-7.085912499999949,0.6543874999999999,1.4712999999999994,2.2740625000000003,19.837500000000002,-1.0650974862009488,-0.24316053452483705
120.45,23.6,193.698,SSP3-7.0,2021-2040,-15.176400000000001,35.898300000000006,3.6219999999998436,0.8522999999999996,3.4147999999999996,2.1481000000000003,20.3891,35.772312500000005,-1.1618624999999554,0.6764250000000005,2.079399999999998,2.1759250000000003,19.907062500000002,-1.0650974862009488,-0.17996475415504562
120.45,23.65,187.914,SSP3-7.0,2021-2040,-15.125799999999998,36.19350000000001,-11.047199999999975,0.5238999999999976,2.2147999999999968,1.3185000000000002,19.823900000000002,36.0723,0.42874999999997954,0.6304125000000007,2.320849999999999,2.07315,20.232325,-1.0650974862009488,-0.11676897378525869
120.45,23.7,196.2103,SSP3-7.0,2021-2040,-23.154899999999998,34.5579,-13.534900000000107,0.27420000000000044,1.3832999999999984,1.6963,20.3804,36.086375000000004,0.1875,0.4950374999999996,2.253025000000001,1.7333374999999998,20.0798875,-1.0650974862009488,-0.053573193415467256
120.45,23.75,176.8161,SSP3-7.0,2021-2040,-16.411599999999993,35.2488,12.011700000000019,0.4309999999999974,1.1148000000000025,1.5055999999999994,20.187,35.785137500000005,5.379849999999948,0.35062499999999996,1.5868125000000006,1.5944375,20.104875,-1.0650974862009488,0.009622586954324176
120.45,23.8,172.7138,SSP3-7.0,2021-2040,-11.806799999999981,35.296099999999996,12.445799999999963,0.26129999999999853,-0.8815000000000026,1.5221999999999998,20.1,35.6648625,13.502537499999988,0.3851249999999995,0.9761625000000018,1.2648125000000001,19.906512499999998,-1.0650974862009488,0.0728183673241156
120.45,23.85,172.6274,SSP3-7.0,2021-2040,-10.6524,36.78560000000001,22.683700000000044,0.5217999999999989,0.8852000000000046,0.9204000000000008,19.9804,34.9525875,12.837524999999943,0.4415,0.06087499999999846,1.081925,19.8288,-1.0650974862009488,0.13601414769390704
120.45,23.9,166.1502,SSP3-7.0,2021-2040,-6.940899999999999,34.4954,15.598999999999933,0.6068999999999996,-0.8148000000000053,0.9870000000000001,19.3348,34.292175,10.11363750000001,0.6106875,-0.031475000000000364,0.7245375000000002,19.280425,-1.0650974862009488,0.19920992806369398
120.45,23.95,174.7063,SSP3-7.0,2021-2040,-10.834499999999991,33.059099999999994,8.995000000000118,0.5658999999999992,-3.6259000000000086,0.32040000000000024,17.263,33.80255,-4.3186000000000035,0.52705,0.23309999999999853,0.4724499999999999,19.5562625,-1.0650974862009488,0.26240570843348543
120.45,24.0,172.2528,SSP3-7.0,2021-2040,-6.942800000000005,33.8431,-14.324899999999843,0.18270000000000053,-1.5611000000000033,-0.12220000000000031,19.202199999999998,33.5445875,-14.904362499999962,0.4860875,-0.7520750000000023,0.3375125000000001,19.400287499999997,-1.0650974862009488,0.32560148880327683
120.45,24.05,163.1144,SSP3-7.0,2021-2040,-5.199899999999985,33.485400000000006,-22.776399999999967,0.36680000000000135,-2.424100000000003,0.2704000000000004,19.3022,34.050875,-27.269499999999994,0.31374999999999975,-0.4606375000000025,0.2604249999999999,20.252737499999995,-1.0650974862009488,0.3887972691730683
120.45,24.1,157.3901,SSP3-7.0,2021-2040,-5.409599999999983,33.751,-40.83710000000019,0.18549999999999756,-0.6407000000000096,0.3593000000000002,20.5065,34.03305,-32.90533749999996,0.3106875000000002,-0.6418874999999984,0.40022500000000005,20.2954,-1.0650974862009488,0.4519930495428597
120.45,24.15,154.1392,SSP3-7.0,2021-2040,-5.12439999999998,34.236399999999996,-47.472099999999955,0.19439999999999813,1.3667000000000087,0.4333,20.25,34.074875000000006,-35.715562499999976,0.2807749999999998,-0.5455874999999981,0.3419000000000001,20.407600000000002,-1.0650974862009488,0.5151888299126467
120.45,24.2,153.3517,SSP3-7.0,2021-2040,-3.466899999999981,34.3596,-35.75469999999984,0.36029999999999873,-0.1758999999999986,-0.10929999999999929,18.980400000000003,33.904775,-37.01063749999996,0.30249999999999977,-0.4052999999999969,0.3520875000000001,20.245375000000003,-1.0650974862009488,0.578384610282438
120.5,22.4,199.1072,SSP3-7.0,2021-2040,-12.102599999999995,43.97389999999999,15.505800000000136,1.4359000000000002,4.3980999999999995,1.3407,19.5652,42.692887500000005,25.74633749999998,1.38035,5.071987499999998,2.0055625,19.1861375,-0.9594036461197276,-1.696663483030022
120.5,22.45,202.3235,SSP3-7.0,2021-2040,-8.53479999999999,43.7551,44.947599999999966,1.6411000000000016,4.077799999999996,1.946299999999999,19.349999999999998,42.723862499999996,19.163437500000015,1.4072750000000007,5.319199999999998,1.84745,19.2315125,-0.9594036461197276,-1.6334677026602307
120.5,22.5,214.1717,SSP3-7.0,2021-2040,-11.072199999999981,42.81210000000001,49.212299999999914,1.5287000000000006,3.6980999999999966,1.9110999999999994,19.1609,42.1944375,-3.533099999999962,1.3498625000000004,5.257649999999999,2.143975,19.3149375,-0.9594036461197276,-1.570271922290439
120.5,22.55,231.1404,SSP3-7.0,2021-2040,-20.705099999999987,42.11900000000001,-33.93859999999995,0.9928999999999988,4.259300000000003,2.6258999999999997,20.1326,41.0330375,-20.066837499999963,1.0842375,3.3921249999999965,2.3175999999999997,19.520375,-0.9594036461197276,-1.5070761419206478
120.5,22.6,229.9008,SSP3-7.0,2021-2040,-18.728399999999993,40.163399999999996,-65.79070000000002,0.5025000000000013,0.6314999999999884,2.127799999999999,20.0891,40.13634999999999,-57.043150000000026,0.7639124999999996,2.3060250000000018,2.8004625,19.391849999999998,-0.9594036461197276,-1.4438803615508562
120.5,22.65,250.338,SSP3-7.0,2021-2040,-17.53219999999999,39.1977,-78.49150000000009,0.11690000000000111,0.9722000000000008,3.1000000000000014,18.5696,39.603125000000006,-65.79718750000006,0.6274500000000001,0.6439999999999984,2.9976999999999996,19.4682125,-0.9594036461197276,-1.3806845811810693
120.5,22.7,257.1677,SSP3-7.0,2021-2040,-17.026900000000012,40.233000000000004,-68.42660000000001,0.5836000000000006,-1.6296000000000035,3.5703999999999994,18.7935,38.18325,-82.47502500000004,0.6575250000000006,1.4634375000000013,3.1597125000000004,18.297562499999998,-0.9594036461197276,-1.317488800811278
120.5,22.75,253.0183,SSP3-7.0,2021-2040,-20.322300000000013,35.7438,-107.19409999999993,0.6808000000000014,0.8295999999999992,2.8833,17.2391,37.916525,-70.83503750000003,0.8755000000000006,2.354424999999999,3.2798499999999997,18.316312500000002,-0.9594036461197276,-1.2542930204414864
120.5,22.8,254.5648,SSP3-7.0,2021-2040,-21.325500000000005,36.6387,-92.66229999999996,0.718,7.2241,2.7759,18.4978,36.7075875,-60.35898750000004,1.0250375000000003,2.2178375,3.2284625,17.8608625,-0.9594036461197276,-1.191097240071695
120.5,22.85,255.6571,SSP3-7.0,2021-2040,-22.31400000000002,37.030100000000004,-47.09530000000018,0.39140000000000086,1.9573999999999998,3.4741,18.7848,36.453824999999995,-39.73752500000006,1.2732875,3.5528000000000004,2.9060249999999996,17.9809625,-0.9594036461197276,-1.1279014597019037
120.5,22.9,262.6279,SSP3-7.0,2021-2040,-22.767600000000016,35.9593,-26.642899999999827,1.3597000000000001,2.6555999999999997,2.7056000000000004,17.380399999999998,36.1836,-37.19797500000007,1.1686499999999995,4.042137500000001,2.858575,17.432612499999998,-0.9594036461197276,-1.0647056793321166
120.5,22.95,278.503,SSP3-7.0,2021-2040,-32.39529999999999,35.58259999999999,-50.047599999999875,1.1250999999999998,4.692599999999999,2.5443999999999996,16.586999999999996,36.349675,-32.97872499999997,1.192625,5.443300000000001,2.816675,16.792387499999997,-0.9594036461197276,-1.0015098989623252
120.5,23.0,297.2332,SSP3-7.0,2021-2040,-30.788299999999992,36.846000000000004,-26.3141999999998,0.7716999999999992,6.6240999999999985,3.0426,15.9348,36.603674999999996,-53.572262499999994,1.0917625000000002,5.948387500000001,2.866425,16.754087499999997,-0.9594036461197276,-0.9383141185925338
120.5,23.05,299.1761,SSP3-7.0,2021-2040,-26.248400000000004,37.11200000000001,-52.80880000000025,0.9299999999999997,5.463000000000001,3.196299999999999,17.0261,37.0996875,-61.72921249999993,0.99945,6.4095,2.8451249999999995,17.3135875,-0.9594036461197276,-0.8751183382227424
120.5,23.1,303.6556,SSP3-7.0,2021-2040,-26.401399999999967,37.673700000000004,-92.39789999999994,0.9426999999999985,8.359300000000005,2.998099999999999,17.9565,37.2174375,-62.26010000000008,0.9546250000000005,5.5236125000000005,2.9641125,18.003812500000002,-0.9594036461197276,-0.811922557852951
120.5,23.15,302.0877,SSP3-7.0,2021-2040,-17.022400000000005,36.9476,-15.732400000000325,0.9310000000000009,4.564800000000005,3.1667000000000005,17.887,37.173199999999994,-74.15764999999993,0.8366750000000005,5.190275,2.90785,18.2380375,-0.9594036461197276,-0.748726777483164
120.5,23.2,316.0196,SSP3-7.0,2021-2040,-26.996800000000007,36.915600000000005,-63.61229999999978,0.776600000000002,2.6906999999999996,2.4352,17.647799999999997,36.465500000000006,-73.29503750000006,0.6046875000000007,4.0752125,3.1328500000000004,18.265775,-0.9594036461197276,-0.6855309971133726
120.5,23.25,308.7537,SSP3-7.0,2021-2040,-20.819799999999987,34.2575,-107.25350000000026,0.09169999999999945,3.6480999999999995,3.2407000000000004,18.1239,35.927775000000004,-89.17064999999994,0.5235125000000003,3.1604124999999996,3.1152625,18.128275,-0.9594036461197276,-0.6223352167435812
120.5,23.3,307.9355,SSP3-7.0,2021-2040,-17.623800000000017,34.10909999999999,-126.4358000000002,0.322499999999998,4.5167,3.537000000000001,17.3022,35.264925000000005,-96.68338750000001,0.4036875000000002,2.620825,3.3865625,18.8896875,-0.9594036461197276,-0.5591394363737897
120.5,23.35,284.4778,SSP3-7.0,2021-2040,-24.267299999999977,34.9056,-142.13110000000006,-0.01699999999999946,3.2074,3.9556000000000004,19.602199999999996,35.4946625,-94.21247500000001,0.3240499999999997,1.6245500000000002,3.3034625,19.710325,-0.9594036461197276,-0.4959436560039983
120.5,23.4,236.4689,SSP3-7.0,2021-2040,-21.013599999999997,36.6689,-106.69530000000009,-0.40220000000000056,0.20190000000000197,3.433300000000001,21.7326,35.637925,-81.00346250000001,0.40549999999999997,1.4925875,3.1453625,20.3706625,-0.9594036461197276,-0.43274787563421135
120.5,23.45,227.6155,SSP3-7.0,2021-2040,-8.499899999999997,36.117200000000004,-32.2962,0.9496000000000002,1.9130000000000038,3.3721999999999994,20.4522,35.730799999999995,-74.4314125,0.28447499999999915,0.9948999999999995,2.78425,20.60245,-0.9594036461197276,-0.3695520952644199
120.5,23.5,227.3932,SSP3-7.0,2021-2040,-3.5892000000000053,35.62329999999999,-40.87059999999997,0.7125999999999983,1.0259,2.5184999999999995,20.1783,35.2404375,-47.71208749999997,0.5579624999999999,1.9736000000000002,2.8386499999999995,19.9353375,-0.9594036461197276,-0.3063563148946285
120.5,23.55,216.9757,SSP3-7.0,2021-2040,-3.326899999999995,34.964000000000006,-40.89149999999995,0.5407000000000011,0.9333000000000027,2.407400000000001,20.0674,35.4452375,-29.93452499999998,0.5930499999999999,2.0465124999999995,2.7539374999999997,19.708425,-0.9594036461197276,-0.24316053452483705
120.5,23.6,221.8191,SSP3-7.0,2021-2040,-14.756900000000002,36.5735,2.3610000000001037,0.5510000000000019,1.5277999999999992,2.9259000000000004,20.4978,35.4160125,-16.649650000000037,0.6489875,2.2386374999999994,2.4914375000000004,19.2614125,-0.9594036461197276,-0.17996475415504562
120.5,23.65,203.9974,SSP3-7.0,2021-2040,-11.752700000000004,36.0445,-20.660700000000134,0.6583000000000006,1.6888999999999967,2.4815000000000005,19.497799999999998,35.541775,-5.6429250000000195,0.581725,2.3442124999999994,2.244675,19.2994375,-0.9594036461197276,-0.11676897378525869
120.5,23.7,192.0714,SSP3-7.0,2021-2040,-19.806400000000025,35.7085,-28.820400000000063,0.3379000000000012,3.509300000000003,2.0167,19.6543,35.03285,2.6946874999999864,0.5761999999999996,2.4972249999999994,2.014125,18.9356,-0.9594036461197276,-0.053573193415467256
120.5,23.75,173.0611,SSP3-7.0,2021-2040,-10.03570000000002,34.722699999999996,8.112499999999955,0.5042000000000009,3.8537000000000035,1.5258999999999991,19.6935,35.093824999999995,6.8157375000000116,0.4588749999999999,2.468287499999999,1.8861125,19.1076125,-0.9594036461197276,0.009622586954324176
120.5,23.8,165.0206,SSP3-7.0,2021-2040,-4.362600000000015,35.035700000000006,19.724199999999882,0.4538000000000011,3.253699999999995,1.7722000000000007,19.8587,35.24306249999999,14.209862500000014,0.47479999999999967,2.598600000000001,1.4798625000000003,19.1043625,-0.9594036461197276,0.0728183673241156
120.5,23.85,168.0732,SSP3-7.0,2021-2040,-8.970300000000009,34.8257,8.788999999999987,0.36400000000000077,0.22220000000000084,1.025900000000001,19.497799999999998,34.9389,16.776249999999976,0.5510624999999996,2.5256874999999983,1.3435125,19.23805,-0.9594036461197276,0.13601414769390704
120.5,23.9,169.8942,SSP3-7.0,2021-2040,-6.627200000000016,33.2662,8.084499999999935,0.8493999999999993,3.007399999999997,1.1906999999999996,19.2239,34.2606875,15.772449999999992,0.6704374999999998,0.6125124999999993,0.8926125000000005,18.96875,-0.9594036461197276,0.19920992806369398
120.5,23.95,184.0378,SSP3-7.0,2021-2040,-11.953900000000004,31.265000000000008,5.14409999999998,1.1138000000000012,-0.29809999999999803,0.6667000000000005,17.519599999999997,33.9653625,2.982050000000015,0.5570999999999993,-0.2819375000000015,0.6407499999999998,19.331262499999998,-0.9594036461197276,0.26240570843348543
120.5,24.0,179.1759,SSP3-7.0,2021-2040,-11.648900000000026,32.887,-27.386600000000044,0.1056999999999988,-1.042599999999993,0.12219999999999942,18.895699999999998,33.6750375,-6.731587499999961,0.5483625000000005,-1.5557750000000015,0.4199375000000002,19.3380625,-0.9594036461197276,0.32560148880327683
120.5,24.05,168.6595,SSP3-7.0,2021-2040,-6.551500000000004,33.262499999999996,-17.40020000000004,0.20840000000000103,-1.6722000000000037,0.5278,19.145699999999998,33.9722875,-24.589650000000006,0.27598749999999983,-0.9775500000000017,0.31922499999999987,20.172575,-0.9594036461197276,0.3887972691730683
120.5,24.1,158.9785,SSP3-7.0,2021-2040,-4.829999999999984,34.0872,-20.848700000000008,0.24680000000000035,-0.981500000000004,0.5147999999999993,20.549999999999997,33.930125000000004,-32.3403625,0.22337499999999988,-0.7388750000000002,0.4657500000000002,20.4228375,-0.9594036461197276,0.4519930495428597
120.5,24.15,158.5858,SSP3-7.0,2021-2040,-7.357500000000016,34.15970000000001,-39.09929999999986,0.06360000000000099,-1.8462999999999923,0.4759000000000002,19.941300000000002,34.115075000000004,-34.60414999999999,0.29219999999999935,-0.06664999999999921,0.324075,20.299174999999998,-0.9594036461197276,0.5151888299126467
120.5,24.2,160.4429,SSP3-7.0,2021-2040,-6.921099999999996,34.006299999999996,-34.61220000000003,0.3254000000000019,-1.4851999999999919,-0.16110000000000024,19.7804,34.2883375,-30.861087499999897,0.3529124999999995,-0.5733499999999969,0.3745250000000002,20.2986375,-0.9594036461197276,0.578384610282438
120.5,24.25,164.6783,SSP3-7.0,2021-2040,-4.937000000000012,33.238200000000006,-24.130099999999857,0.44819999999999993,-1.0906999999999982,0.15370000000000061,19.587,34.176325,-24.679049999999947,0.37801250000000053,-0.7085624999999967,0.1145750000000002,20.097,-0.9594036461197276,0.6415803906522295
120.5,24.3,159.7178,SSP3-7.0,2021-2040,-5.748500000000007,32.91799999999999,-18.443399999999883,0.4740000000000002,0.3944000000000045,-0.1888999999999994,19.508699999999997,33.8264875,-7.023712499999988,0.44462500000000027,-0.5388749999999982,-0.010887499999999939,20.6432,-0.9594036461197276,0.704776171022021
120.55,22.4,227.6629,SSP3-7.0,2021-2040,-20.033800000000014,43.3462,-0.25099999999997635,1.4038000000000004,8.429599999999994,1.6278000000000006,19.0152,41.780825,21.558137500000072,1.2734124999999996,4.265037499999999,2.1178375,19.316025,-0.8537098060385062,-1.696663483030022
120.55,22.45,239.3253,SSP3-7.0,2021-2040,-17.9161,43.05,19.373399999999947,1.1080000000000005,5.209299999999999,2.196299999999999,19.1,42.38235,27.36552499999999,1.3042375000000002,3.8409499999999985,1.9615749999999998,19.3978125,-0.8537098060385062,-1.6334677026602307
120.55,22.5,259.2096,SSP3-7.0,2021-2040,-24.936000000000035,42.3062,29.487500000000182,1.0091,2.9480999999999966,2.355600000000001,20.262999999999998,41.592375000000004,3.5010999999999513,1.1958375000000006,3.2470000000000008,2.289812499999999,19.53315,-0.8537098060385062,-1.570271922290439
120.55,22.55,253.096,SSP3-7.0,2021-2040,-25.4195,41.0939,-45.27319999999986,0.8384999999999998,2.470400000000005,2.777799999999999,19.7848,40.328787500000004,-16.4443,0.9493,1.5305499999999972,2.5384249999999997,19.868474999999997,-0.8537098060385062,-1.5070761419206478
120.55,22.6,244.0175,SSP3-7.0,2021-2040,-24.158600000000007,39.81360000000001,-3.560600000000022,-0.07840000000000202,-3.1444000000000045,3.5204000000000004,20.837,39.0352375,-68.05765000000005,0.80905,2.0037125,2.852775,19.325000000000003,-0.8537098060385062,-1.4438803615508562
120.55,22.65,251.6719,SSP3-7.0,2021-2040,-21.552599999999984,37.5838,-104.15930000000026,0.6080000000000005,0.753700000000002,3.5167,18.7935,38.17025,-64.13903750000006,0.6391,0.38403749999999803,3.07245,19.0538125,-0.8537098060385062,-1.3806845811810693
120.55,22.7,265.5977,SSP3-7.0,2021-2040,-17.719799999999964,37.1144,-55.661000000000286,1.0042000000000009,1.8130000000000024,3.3963,18.487000000000002,36.9021625,-75.46785000000006,0.7047250000000007,0.7782375000000004,3.3254625000000004,18.0019,-0.8537098060385062,-1.317488800811278
120.55,22.75,253.8176,SSP3-7.0,2021-2040,-12.736899999999991,35.6441,-22.4387999999999,1.1260000000000012,0.48519999999999897,4.5074000000000005,17.2478,36.650975,-73.9664875,0.8894125000000006,1.8974625000000005,3.21805,17.9366875,-0.8537098060385062,-1.2542930204414864
120.55,22.8,251.6414,SSP3-7.0,2021-2040,-21.548599999999993,36.5225,-75.9349000000002,1.1510999999999996,3.8203999999999994,3.7832999999999988,18.6196,36.0250875,-65.86542499999996,0.9610875000000001,3.0511625,3.2831,17.547275000000003,-0.8537098060385062,-1.191097240071695
120.55,22.85,255.2334,SSP3-7.0,2021-2040,-20.761799999999994,35.9599,-72.16620000000012,1.083599999999997,3.916700000000006,3.446299999999999,17.5152,36.2430375,-59.27777499999999,1.1018124999999999,4.6238625,3.1104125,17.5959125,-0.8537098060385062,-1.1279014597019037
120.55,22.9,262.1451,SSP3-7.0,2021-2040,-19.0976,35.697500000000005,-9.490000000000236,1.2851,6.203700000000005,2.9778000000000002,17.4043,35.8811125,-59.96642499999999,1.1637499999999994,5.2261625,2.9756875000000003,16.798375,-0.8537098060385062,-1.0647056793321166
120.55,22.95,287.6154,SSP3-7.0,2021-2040,-24.683500000000038,35.15689999999999,-44.40039999999999,1.4610999999999983,6.837000000000003,2.7204000000000015,15.660899999999998,35.7711125,-46.46274999999997,1.1456500000000003,6.129875,2.8085500000000003,16.208412499999998,-0.8537098060385062,-1.0015098989623252
120.55,23.0,310.5027,SSP3-7.0,2021-2040,-25.918200000000013,35.390299999999996,8.774200000000292,1.4232000000000014,6.1129999999999995,2.6074,15.739099999999999,35.9621625,-64.92623750000001,1.0521500000000001,6.9488375,2.8242875,16.165237499999996,-0.8537098060385062,-0.9383141185925338
120.55,23.05,330.9167,SSP3-7.0,2021-2040,-24.35899999999998,35.499199999999995,-57.125,1.1277000000000008,6.840699999999998,2.9037000000000006,16.3609,36.4491375,-63.466774999999984,0.9172500000000001,6.8551,2.8226624999999994,16.662225,-0.8537098060385062,-0.8751183382227424
120.55,23.1,343.1903,SSP3-7.0,2021-2040,-22.419899999999984,35.8741,-69.49389999999994,0.9665999999999997,6.698099999999997,3.0036999999999985,17.2304,36.80975,-61.783100000000104,0.9103000000000003,6.325925000000002,2.9705874999999997,17.2372375,-0.8537098060385062,-0.811922557852951
120.55,23.15,328.4217,SSP3-7.0,2021-2040,-19.175399999999968,36.8135,-45.69680000000017,1.0973000000000006,6.1907,3.3370000000000015,17.5804,36.8167125,-67.61473749999999,0.7649875000000002,5.674525000000001,2.9104124999999996,17.563575,-0.8537098060385062,-0.748726777483164
120.55,23.2,306.4682,SSP3-7.0,2021-2040,-24.024,36.1965,-91.64579999999978,0.5324999999999989,5.744399999999999,2.9185,17.2652,36.3525125,-78.84331250000008,0.6348125000000007,4.778225000000001,2.86805,17.8557,-0.8537098060385062,-0.6855309971133726
120.55,23.25,309.7694,SSP3-7.0,2021-2040,-23.450500000000034,34.61910000000001,-141.95659999999998,0.2637999999999998,4.298099999999998,2.6685,17.3457,35.656975,-109.14297499999998,0.48778750000000004,4.6648125,2.863175,17.85325,-0.8537098060385062,-0.6223352167435812
120.55,23.3,305.6043,SSP3-7.0,2021-2040,-20.99200000000002,34.297700000000006,-162.1954999999998,0.15859999999999985,4.877800000000001,2.9833,17.830399999999997,34.916725,-121.37103750000006,0.4743499999999998,4.0655125,2.786325,18.413325,-0.8537098060385062,-0.5591394363737897
120.55,23.35,287.5638,SSP3-7.0,2021-2040,-17.06450000000001,33.4817,-156.13959999999997,0.4316999999999993,5.055599999999998,2.4925999999999995,18.6478,35.0885625,-134.1078625,0.38578749999999973,2.9893625000000004,2.8305375,19.51195,-0.8537098060385062,-0.4959436560039983
120.55,23.4,269.8697,SSP3-7.0,2021-2040,-18.631500000000017,34.1969,-187.43700000000013,0.10820000000000007,2.468499999999999,2.4536999999999995,20.8891,35.1569,-119.30837499999998,0.44638750000000016,2.124087500000001,2.82545,20.3201125,-0.8537098060385062,-0.43274787563421135
120.55,23.45,262.998,SSP3-7.0,2021-2040,-16.114899999999977,35.137100000000004,-133.9233999999999,0.27520000000000167,1.7295999999999978,2.1981,20.436999999999998,35.0203,-118.417325,0.36286249999999987,1.321062500000001,2.976375,20.7605875,-0.8537098060385062,-0.3695520952644199
120.55,23.5,257.6796,SSP3-7.0,2021-2040,-11.564799999999991,34.0697,-109.05639999999994,0.47439999999999927,1.798099999999998,3.092599999999999,20.1543,35.0800625,-94.82866249999998,0.43007500000000043,0.7351750000000017,3.107625,20.1809875,-0.8537098060385062,-0.3063563148946285
120.55,23.55,237.0578,SSP3-7.0,2021-2040,-8.199299999999994,34.069599999999994,-65.74289999999996,0.5241000000000007,0.7407000000000039,3.4352,18.1174,35.2505,-80.13976249999999,0.43595000000000006,0.8249750000000002,3.1349500000000003,20.004887499999995,-0.8537098060385062,-0.24316053452483705
120.55,23.6,218.2215,SSP3-7.0,2021-2040,-8.830699999999979,36.47409999999999,-34.48000000000002,0.4969999999999999,1.0906999999999982,2.6019000000000005,19.493499999999997,35.220675,-53.47433750000005,0.5763375000000006,1.2259125000000006,3.2615750000000006,19.063587499999997,-0.8537098060385062,-0.17996475415504562
120.55,23.65,208.916,SSP3-7.0,2021-2040,-16.645899999999983,34.6349,16.19509999999991,0.8660999999999994,3.253700000000002,2.8537,17.017400000000002,35.2642625,-25.68843750000002,0.6395250000000008,1.9277749999999996,3.052325,18.8173875,-0.8537098060385062,-0.11676897378525869
120.55,23.7,192.3829,SSP3-7.0,2021-2040,-13.80940000000001,34.2935,20.56100000000015,0.7514000000000003,2.3592999999999975,2.3963,17.1391,35.0528125,0.8463874999999632,0.7189625000000008,2.8345000000000002,2.7615749999999997,18.3731,-0.8537098060385062,-0.053573193415467256
120.55,23.75,181.1643,SSP3-7.0,2021-2040,-12.0582,34.567,9.920000000000073,0.6005000000000003,4.1092999999999975,2.3352000000000004,17.7457,35.0547875,15.681900000000041,0.6245375000000006,3.0296375000000006,2.307625,18.347012499999998,-0.8537098060385062,0.009622586954324176
120.55,23.8,162.2805,SSP3-7.0,2021-2040,-1.223099999999988,36.043099999999995,22.218500000000176,0.5609000000000002,4.8980999999999995,1.8444000000000003,17.7957,34.813175,14.876049999999992,0.5300750000000005,3.2472250000000003,1.8442000000000003,18.552999999999997,-0.8537098060385062,0.0728183673241156
120.55,23.85,169.5102,SSP3-7.0,2021-2040,-9.684699999999992,34.4555,17.497699999999895,0.5547000000000004,6.587000000000003,1.1593000000000009,17.8348,34.7165375,12.677400000000006,0.5390125000000001,2.764574999999999,1.605775,18.837775,-0.8537098060385062,0.13601414769390704
120.55,23.9,177.276,SSP3-7.0,2021-2040,-6.034700000000015,34.133599999999994,15.95659999999998,0.5996999999999986,3.270399999999995,1.3518999999999997,19.7761,34.1296375,11.016337499999963,0.7276250000000002,2.161337500000001,1.1812625000000003,18.862225000000002,-0.8537098060385062,0.19920992806369398
120.55,23.95,179.6715,SSP3-7.0,2021-2040,-10.555200000000013,35.065599999999996,31.514499999999998,1.0366999999999997,-1.3258999999999972,0.7093000000000007,20.5435,33.9158125,-2.2379125000000215,0.61035,0.9689875000000008,0.9009499999999997,19.1073375,-0.8537098060385062,0.26240570843348543
120.55,24.0,185.4935,SSP3-7.0,2021-2040,-15.841200000000015,34.97290000000001,-14.581699999999955,0.5097999999999985,-0.1629999999999967,0.5666999999999991,20.410899999999998,34.1694875,-9.599362500000012,0.5147750000000006,-0.3534499999999996,0.5835875000000003,19.6959375,-0.8537098060385062,0.32560148880327683
120.55,24.05,167.6183,SSP3-7.0,2021-2040,-9.7808,34.44669999999999,-30.423099999999977,0.4028000000000027,-1.3759000000000015,0.4204000000000008,21.3174,34.634725,-21.61465000000001,0.2447874999999997,-0.26157500000000145,0.5108874999999998,20.4242,-0.8537098060385062,0.3887972691730683
120.55,24.1,160.576,SSP3-7.0,2021-2040,-5.312600000000003,34.30500000000001,-25.538700000000063,0.20779999999999887,0.3684999999999974,0.42220000000000013,21.1957,34.740637500000005,-25.01064999999997,0.23288749999999991,-0.01735000000000131,0.6481500000000002,21.155162500000003,-0.8537098060385062,0.4519930495428597
120.55,24.15,170.3301,SSP3-7.0,2021-2040,-4.213899999999995,33.7943,-35.17599999999993,0.1576999999999984,0.3130000000000024,0.8167,21.7239,34.8181125,-25.463062499999978,0.3301249999999998,-0.04652499999999904,0.4935125,21.107325,-0.8537098060385062,0.5151888299126467
120.55,24.2,170.34,SSP3-7.0,2021-2040,-1.4979000000000156,34.3808,-36.5936999999999,0.6597000000000008,0.701900000000002,0.3167,19.4065,34.5309875,-24.303174999999953,0.3081875000000003,-0.7330874999999972,0.41920000000000024,21.0432,-0.8537098060385062,0.578384610282438
120.55,24.25,176.9566,SSP3-7.0,2021-2040,0.7068999999999903,34.50020000000001,-16.093999999999824,0.4253999999999998,-2.475900000000003,0.4443999999999999,19.893500000000003,34.176375,-14.939799999999991,0.45403750000000054,-0.39929999999999666,0.06342500000000018,20.772550000000003,-0.8537098060385062,0.6415803906522295
120.55,24.3,164.6762,SSP3-7.0,2021-2040,0.5811999999999955,34.0611,0.9449999999999363,0.5080999999999989,-0.7999999999999972,0.027800000000000047,21.299999999999997,33.5095375,-6.302762499999972,0.44317500000000054,0.11251250000000113,-0.03588749999999985,20.5883125,-0.8537098060385062,0.704776171022021
120.55,24.35,156.3234,SSP3-7.0,2021-2040,-1.395399999999995,33.184400000000004,-10.536200000000008,0.4178999999999995,1.3241000000000014,-0.09260000000000002,20.363,33.217925,4.0611625000000515,0.51335,0.1965375000000007,-0.0812624999999999,20.5989125,-0.8537098060385062,0.7679719513918124
120.55,24.4,152.6448,SSP3-7.0,2021-2040,-1.3419000000000096,32.613800000000005,-9.45620000000008,0.34790000000000276,2.531500000000001,-0.14440000000000008,21.1326,33.076625,6.87608750000004,0.5635374999999994,0.23472500000000096,-0.1289499999999999,20.562224999999998,-0.8537098060385062,0.8311677317615993
120.6,22.35,235.3471,SSP3-7.0,2021-2040,-23.404000000000025,41.396699999999996,9.016600000000153,1.4917999999999978,6.861099999999993,2.062999999999999,19.034799999999997,39.5166875,0.8048499999999876,1.1202624999999995,6.734937500000001,2.1356625000000005,17.9885875,-0.7480159659572849,-1.759859263399809
120.6,22.4,257.9927,SSP3-7.0,2021-2040,-21.941900000000004,42.071600000000004,34.18450000000007,1.0501999999999967,2.75,2.3352000000000004,18.9891,40.3653,5.549925000000002,1.1942874999999993,5.5106375,2.1372875000000002,18.753525,-0.7480159659572849,-1.696663483030022
120.6,22.45,287.9199,SSP3-7.0,2021-2040,-27.258800000000008,41.4281,38.77419999999984,1.2239000000000004,2.6074000000000055,1.9925999999999995,19.215200000000003,39.41590000000001,10.694312500000024,1.1110624999999992,4.219899999999999,2.3569625,18.6999875,-0.7480159659572849,-1.6334677026602307
120.6,22.5,316.9811,SSP3-7.0,2021-2040,-35.233900000000006,39.36560000000001,7.063299999999799,1.1412000000000013,1.8185000000000002,2.183299999999999,19.6239,39.02865,-1.3578000000000259,1.066512499999999,3.1220000000000008,2.5067375,18.7739,-0.7480159659572849,-1.570271922290439
120.6,22.55,316.2605,SSP3-7.0,2021-2040,-37.5856,39.1152,-52.15020000000004,1.0924000000000014,1.8352000000000004,2.6852,19.8978,38.1227375,-21.57811250000003,0.9992124999999992,1.8423624999999992,2.8257,19.014674999999997,-0.7480159659572849,-1.5070761419206478
120.6,22.6,287.5262,SSP3-7.0,2021-2040,-26.838799999999992,36.935199999999995,-61.87739999999985,1.4059999999999988,0.1980999999999966,2.8980999999999995,18.9435,37.601775,-66.30352500000015,0.8599874999999995,2.0692375000000007,3.0180625,18.972275,-0.7480159659572849,-1.4438803615508562
120.6,22.65,297.1287,SSP3-7.0,2021-2040,-28.024299999999982,36.0737,-102.78030000000035,0.9151999999999987,4.909300000000002,3.0907,18.3891,36.9443375,-74.42860000000007,0.83005,1.4682875000000006,3.1712875,18.719562500000002,-0.7480159659572849,-1.3806845811810693
120.6,22.7,285.9173,SSP3-7.0,2021-2040,-16.172500000000014,35.830999999999996,-76.52419999999984,0.6628000000000007,-0.6777999999999977,2.8759000000000015,18.3217,36.5761875,-78.38170000000011,0.9052875000000005,3.0250125000000017,3.3611125,18.116837500000003,-0.7480159659572849,-1.317488800811278
120.6,22.75,274.4394,SSP3-7.0,2021-2040,-13.79019999999997,34.910199999999996,-43.728000000000065,0.9445000000000014,0.5833000000000013,3.0593000000000004,16.6609,36.74612499999999,-78.96863749999997,1.0397625000000001,3.2317250000000017,3.5210625,18.046187500000002,-0.7480159659572849,-1.2542930204414864
120.6,22.8,270.2769,SSP3-7.0,2021-2040,-21.82820000000001,36.21419999999999,-71.60079999999971,1.3703000000000003,3.216700000000003,3.4000000000000004,16.8739,36.544462499999995,-82.64842500000003,1.1638749999999995,3.9727000000000006,3.3842624999999997,17.876625,-0.7480159659572849,-1.191097240071695
120.6,22.85,272.7929,SSP3-7.0,2021-2040,-15.53729999999996,36.05969999999999,-70.03789999999981,1.3740999999999985,6.196299999999994,2.718499999999999,17.5587,36.778099999999995,-92.28935000000007,1.244874999999999,4.951412500000003,3.2256875,17.7187375,-0.7480159659572849,-1.1279014597019037
120.6,22.9,290.1625,SSP3-7.0,2021-2040,-20.642100000000028,35.82229999999999,-80.75810000000001,1.1647999999999996,5.716700000000003,3.0481,15.6478,36.614125,-93.08741250000003,1.166949999999999,6.628475000000001,2.9113375,17.6146625,-0.7480159659572849,-1.0647056793321166
120.6,22.95,313.2142,SSP3-7.0,2021-2040,-21.90070000000003,35.4781,-88.58300000000008,1.350200000000001,9.836999999999996,3.1481000000000012,15.2522,36.323125,-79.82481250000001,0.9739749999999998,6.102550000000002,2.7990625,17.066287499999998,-0.7480159659572849,-1.0015098989623252
120.6,23.0,334.2407,SSP3-7.0,2021-2040,-17.016200000000026,35.3928,-98.64040000000023,0.6854000000000013,7.196300000000001,2.394399999999999,15.721699999999998,36.1361875,-91.45687499999997,0.8634250000000003,6.99675,2.7395750000000003,16.7750125,-0.7480159659572849,-0.9383141185925338
120.6,23.05,362.2545,SSP3-7.0,2021-2040,-11.372099999999989,36.62970000000001,-101.49049999999988,0.9660000000000011,8.100000000000001,2.644399999999999,16.778299999999998,36.127425,-88.64128750000003,0.6962250000000001,6.417812499999999,2.6930375,16.83995,-0.7480159659572849,-0.8751183382227424
120.6,23.1,383.8683,SSP3-7.0,2021-2040,-16.52019999999999,36.674499999999995,-75.36270000000013,0.6524000000000001,6.286999999999999,2.6944,16.910899999999998,36.719925,-87.65930000000003,0.7307375,6.6888875,2.8678124999999994,17.467662500000003,-0.7480159659572849,-0.811922557852951
120.6,23.15,369.5087,SSP3-7.0,2021-2040,-7.995399999999961,37.12779999999999,-53.65070000000014,0.6353000000000009,4.801900000000003,2.8240999999999996,17.3978,37.0931,-72.95013749999998,0.7629124999999997,5.943275,2.9488249999999994,18.055149999999998,-0.7480159659572849,-0.748726777483164
120.6,23.2,315.9903,SSP3-7.0,2021-2040,-14.456099999999992,37.12389999999999,-79.02219999999988,0.6828000000000003,6.25,3.2425999999999995,18.213,36.98695,-81.29573750000003,0.7337500000000006,5.0946750000000005,2.7289250000000003,18.264937500000002,-0.7480159659572849,-0.6855309971133726
120.6,23.25,305.9738,SSP3-7.0,2021-2040,-8.897999999999968,37.015100000000004,-123.82200000000012,0.6000000000000014,5.781500000000001,2.0296000000000003,18.65,36.0153875,-102.53453749999994,0.6898750000000002,4.802549999999999,2.6590249999999997,18.1269,-0.7480159659572849,-0.6223352167435812
120.6,23.3,334.1415,SSP3-7.0,2021-2040,-15.107000000000028,35.3404,-119.1567,0.7376000000000005,3.8093000000000004,2.5184999999999995,17.7935,35.3462625,-110.30345,0.7601625000000003,4.411349999999999,2.2532250000000005,18.6779875,-0.7480159659572849,-0.5591394363737897
120.6,23.35,322.9772,SSP3-7.0,2021-2040,-7.2368999999999915,35.6053,-54.072999999999865,1.3644999999999996,2.2074,1.8481000000000005,19.8413,35.030375,-136.20615,0.65395,3.6495499999999987,2.2578625,19.26955,-0.7480159659572849,-0.4959436560039983
120.6,23.4,338.4893,SSP3-7.0,2021-2040,-11.479399999999998,35.5846,-174.73849999999993,0.8140999999999998,2.6259000000000015,1.9148000000000014,21.104300000000002,35.115375,-134.26723750000002,0.5787250000000004,2.524774999999999,2.2634125000000003,20.048637499999998,-0.7480159659572849,-0.43274787563421135
120.6,23.45,332.1796,SSP3-7.0,2021-2040,-16.09469999999999,33.7548,-154.46990000000005,0.15520000000000067,0.05190000000000339,3.3888999999999996,20.7435,35.12465,-163.84019999999998,0.4029250000000002,1.9034499999999985,2.4303125000000003,20.249987499999996,-0.7480159659572849,-0.3695520952644199
120.6,23.5,343.8021,SSP3-7.0,2021-2040,-19.514599999999973,34.14699999999999,-141.77469999999994,0.09100000000000108,0.48329999999999984,3.6370000000000005,20.830399999999997,35.187075,-145.2940625,0.3857000000000004,0.7534624999999995,2.8738375,20.0203875,-0.7480159659572849,-0.3063563148946285
120.6,23.55,327.9692,SSP3-7.0,2021-2040,-21.833199999999977,36.8275,-148.66010000000006,0.1921999999999997,-0.996299999999998,3.9037000000000006,20.621699999999997,34.905175,-124.498075,0.42328750000000026,0.5469624999999994,3.1370375000000004,19.5625125,-0.7480159659572849,-0.24316053452483705
120.6,23.6,256.096,SSP3-7.0,2021-2040,-2.1876000000000033,33.32490000000001,-127.74580000000014,0.4286999999999992,0.7370000000000019,3.9926000000000013,18.1957,35.424287500000005,-80.18280000000001,0.5751000000000004,0.5286875000000002,3.4928250000000003,19.157075,-0.7480159659572849,-0.17996475415504562
120.6,23.65,200.8481,SSP3-7.0,2021-2040,-1.5591000000000008,35.3265,-42.64980000000014,0.8496000000000024,1.9221999999999966,4.092599999999999,18.4935,34.7122625,-42.524712499999964,0.7230124999999998,1.1057750000000004,3.5166625000000002,18.304625,-0.7480159659572849,-0.11676897378525869
120.6,23.7,198.1259,SSP3-7.0,2021-2040,-9.837099999999992,34.36860000000001,25.927200000000084,1.042300000000001,2.5870000000000033,3.9110999999999994,17.5674,34.7796125,-2.851762499999978,0.84545,1.8768624999999988,3.365725,17.8866875,-0.7480159659572849,-0.053573193415467256
120.6,23.75,189.4702,SSP3-7.0,2021-2040,-12.939700000000016,35.049800000000005,38.74720000000002,0.8928000000000011,1.7518999999999991,2.8758999999999997,17.3152,35.0708125,15.939450000000079,0.764875,2.4400500000000003,2.882625,17.9247375,-0.7480159659572849,0.009622586954324176
120.6,23.8,177.3559,SSP3-7.0,2021-2040,-9.802999999999997,35.21640000000001,18.985000000000127,0.4529999999999994,2.0241000000000042,2.118499999999999,17.752200000000002,35.1101125,13.541962500000011,0.6494750000000002,3.6120375000000005,2.3743000000000007,18.0600625,-0.7480159659572849,0.0728183673241156
120.6,23.85,177.3776,SSP3-7.0,2021-2040,-10.363100000000003,34.632600000000004,-2.7672000000000025,0.4176000000000002,4.175899999999999,1.9407000000000005,18.7261,35.1071,7.397612500000008,0.5536500000000002,3.1291625000000014,1.9002500000000002,18.235325,-0.7480159659572849,0.13601414769390704
120.6,23.9,169.1613,SSP3-7.0,2021-2040,-4.678100000000001,34.57900000000001,10.42859999999996,0.6137000000000015,1.264800000000001,1.6018999999999997,18.0717,35.1092125,1.3925374999999462,0.6274124999999997,2.9101875,1.4817375000000004,19.0399375,-0.7480159659572849,0.19920992806369398
120.6,23.95,169.1359,SSP3-7.0,2021-2040,-4.665099999999995,34.9475,9.439499999999953,0.8710999999999984,3.6574000000000026,1.1555999999999997,19.4804,35.220575,-5.14152500000003,0.5590125000000001,0.5662124999999989,1.1683249999999998,19.436675,-0.7480159659572849,0.26240570843348543
120.6,24.0,185.8405,SSP3-7.0,2021-2040,-16.36759999999998,35.2753,-24.98829999999998,0.21960000000000335,-1.9444000000000017,0.5518999999999998,19.480400000000003,35.5321625,-11.916112500000025,0.5105874999999997,0.5338124999999989,0.9090500000000002,20.3220125,-0.7480159659572849,0.32560148880327683
120.6,24.05,185.0339,SSP3-7.0,2021-2040,-16.335699999999974,36.2063,-22.694799999999987,0.1600999999999999,1.1740999999999957,0.514800000000001,21.184800000000003,35.4452625,-25.58341250000001,0.31418750000000006,0.4944499999999987,0.7164499999999999,20.7869625,-0.7480159659572849,0.3887972691730683
120.6,24.1,179.1346,SSP3-7.0,2021-2040,-14.748099999999994,36.08160000000001,-19.478200000000015,0.3000999999999969,2.1684999999999945,0.8666999999999998,22.5304,35.576899999999995,-30.54446249999998,0.20521249999999958,0.9898249999999997,0.6731375000000002,21.548924999999997,-0.7480159659572849,0.4519930495428597
120.6,24.15,188.8,SSP3-7.0,2021-2040,-10.690800000000024,35.88680000000001,-14.964899999999943,0.323599999999999,2.0814999999999984,1.0481000000000007,22.8478,35.50595,-33.491262499999976,0.26968749999999897,0.462037500000001,0.5548624999999999,21.7152125,-0.7480159659572849,0.5151888299126467
120.6,24.2,189.5597,SSP3-7.0,2021-2040,-4.875,35.637499999999996,-12.56880000000001,0.5139999999999993,-1.3795999999999964,0.4648000000000003,22.606500000000004,35.3070875,-30.534337499999964,0.23834999999999962,-0.6904999999999992,0.5201375,21.5834125,-0.7480159659572849,0.578384610282438
120.6,24.25,180.3961,SSP3-7.0,2021-2040,0.2547000000000139,35.024899999999995,-17.780100000000175,0.2076000000000029,0.01850000000000307,0.11110000000000042,21.9652,34.873400000000004,-9.171474999999987,0.37448749999999986,-1.6416499999999994,0.22429999999999994,21.5524375,-0.7480159659572849,0.6415803906522295
120.6,24.3,169.6259,SSP3-7.0,2021-2040,1.060699999999997,34.1442,23.66489999999999,0.4953000000000003,0.4463000000000008,-0.21670000000000034,22.0261,33.984837500000005,3.727125000000001,0.4433499999999997,-1.1997499999999999,0.021750000000000047,21.0608625,-0.7480159659572849,0.704776171022021
120.6,24.35,166.0059,SSP3-7.0,2021-2040,6.0882000000000005,32.4526,22.353000000000065,0.729099999999999,-0.24810000000000088,-0.3536999999999999,20.2304,33.274125,10.434325000000001,0.4881875,0.18010000000000037,-0.0794125,21.045650000000002,-0.7480159659572849,0.7679719513918124
120.6,24.4,157.7691,SSP3-7.0,2021-2040,0.5446000000000026,32.240700000000004,-6.309299999999894,0.21420000000000172,2.7926,-0.005599999999999383,20.7043,32.8866125,12.328437500000007,0.6877624999999998,0.8000125000000002,-0.10046250000000012,20.6260875,-0.7480159659572849,0.8311677317615993
120.65,22.25,217.9816,SSP3-7.0,2021-2040,-23.4289,41.4273,-43.719299999999976,1.1249000000000002,13.451900000000002,1.8129999999999988,18.4696,36.884024999999994,-21.164312500000023,1.0314,11.981725,2.272,16.74185,-0.6423221258760335,-1.8862508241393918
120.65,22.3,240.0325,SSP3-7.0,2021-2040,-25.257800000000003,40.4385,-8.237499999999955,1.0214999999999996,12.996300000000005,2.0778,17.5783,36.5869,-22.52461249999999,1.076425,10.089125000000001,2.2895999999999996,16.7606,-0.6423221258760335,-1.8230550437696005
120.65,22.35,297.1076,SSP3-7.0,2021-2040,-29.269999999999982,39.03320000000001,-17.132600000000366,0.7608999999999995,7.700000000000003,2.463000000000001,18.4326,35.1336625,-11.818049999999943,0.976237499999999,8.336099999999998,2.49585,15.507337499999998,-0.6423221258760335,-1.759859263399809
120.65,22.4,339.4786,SSP3-7.0,2021-2040,-37.497799999999984,36.265,-18.824499999999716,1.2272999999999996,5.268500000000003,2.713000000000001,19.0109,36.2115375,1.820449999999937,0.9558749999999989,5.534249999999999,2.566,16.42635,-0.6423221258760335,-1.696663483030022
120.65,22.45,364.378,SSP3-7.0,2021-2040,-38.539999999999964,34.429300000000005,-2.0625,0.9026999999999958,3.6111000000000004,2.7019,16.6543,35.33036250000001,14.134862499999969,1.0223,3.9868000000000006,2.796075,16.439125,-0.6423221258760335,-1.6334677026602307
120.65,22.5,376.5089,SSP3-7.0,2021-2040,-40.1388,34.493300000000005,16.583799999999883,1.046199999999999,3.7241,2.7425999999999995,16.9435,35.1082125,11.128124999999955,1.1413249999999993,2.910187500000001,2.9414499999999997,16.6407375,-0.6423221258760335,-1.570271922290439
120.65,22.55,414.5796,SSP3-7.0,2021-2040,-36.76710000000003,36.3132,-15.595400000000154,1.3112999999999957,2.5703999999999994,2.6019000000000005,18.3326,34.269949999999994,-11.691700000000026,1.2258375,2.7078625,3.193275,16.392375,-0.6423221258760335,-1.5070761419206478
120.65,22.6,455.9923,SSP3-7.0,2021-2040,-36.46550000000002,34.6609,-99.45290000000023,1.3198000000000008,4.153700000000001,3.5259,17.3891,34.3133375,-39.487887500000056,1.2031999999999985,2.4000125,2.9254625,16.7594875,-0.6423221258760335,-1.4438803615508562
120.65,22.65,403.1326,SSP3-7.0,2021-2040,-30.196500000000015,36.15990000000001,-107.45630000000028,0.8731000000000009,3.005600000000001,2.4259000000000004,18.3543,34.335375,-57.946050000000014,1.2078874999999991,2.6215125000000006,2.9539125,16.718725,-0.6423221258760335,-1.3806845811810693
120.65,22.7,389.3107,SSP3-7.0,2021-2040,-29.26690000000002,37.4559,-86.73709999999983,0.8448999999999991,5.6444000000000045,3.2111,18.6304,34.8853,-67.16840000000002,1.1222374999999998,2.808575000000001,2.8094875000000004,16.8353,-0.6423221258760335,-1.317488800811278
120.65,22.75,360.4782,SSP3-7.0,2021-2040,-32.83430000000004,37.6675,-104.0927999999999,0.926400000000001,7.005600000000001,3.6814999999999998,18.371699999999997,35.8203,-76.3734874999999,1.1683999999999997,2.9710500000000017,2.9997750000000005,16.801074999999997,-0.6423221258760335,-1.2542930204414864
120.65,22.8,369.6386,SSP3-7.0,2021-2040,-27.868499999999983,37.5194,-138.75950000000012,1.2323999999999984,4.546300000000002,3.3130000000000006,17.8174,35.209424999999996,-102.75774999999993,1.1370624999999999,4.69885,2.9764,16.3377625,-0.6423221258760335,-1.191097240071695
120.65,22.85,361.9481,SSP3-7.0,2021-2040,-14.00490000000002,38.072399999999995,-134.02930000000015,1.4728999999999992,5.227800000000002,2.5648,19.2217,35.558875,-124.07636249999996,1.010562499999999,5.575237500000001,3.0476875000000003,16.547825,-0.6423221258760335,-1.1279014597019037
120.65,22.9,342.0699,SSP3-7.0,2021-2040,-19.559600000000046,38.4166,-155.57600000000002,1.1987999999999985,6.963000000000001,3.2721999999999998,18.65,35.77287499999999,-140.1181125,0.6623749999999999,6.9111125,3.009475,17.0747125,-0.6423221258760335,-1.0647056793321166
120.65,22.95,353.0599,SSP3-7.0,2021-2040,-22.702800000000025,38.0719,-170.41649999999981,0.1097999999999999,7.846299999999999,2.4425999999999988,19.6543,36.104012499999996,-145.13395000000008,0.42325000000000035,6.545825000000001,3.0173375,16.969562500000002,-0.6423221258760335,-1.0015098989623252
120.65,23.0,336.8459,SSP3-7.0,2021-2040,-17.104499999999973,36.6367,-88.09130000000005,0.46359999999999957,1.9444000000000017,2.9296000000000006,18.0522,35.8459625,-179.49710000000005,0.13976250000000112,7.8999999999999995,2.7127125,16.8755375,-0.6423221258760335,-0.9383141185925338
120.65,23.05,374.8571,SSP3-7.0,2021-2040,-8.812099999999987,36.2267,-190.32250000000022,0.0058000000000006935,8.455599999999997,2.5204000000000004,16.7022,36.1693,-152.49313750000005,0.2894000000000001,6.7657250000000015,2.4451124999999996,17.154625,-0.6423221258760335,-0.8751183382227424
120.65,23.1,387.8653,SSP3-7.0,2021-2040,-6.4524000000000115,37.3251,-138.8687,0.2450999999999972,7.807400000000001,2.4906999999999986,18.002200000000002,36.3966375,-119.00236250000006,0.5282125,6.715525000000001,2.6479124999999994,17.5442875,-0.6423221258760335,-0.811922557852951
120.65,23.15,368.115,SSP3-7.0,2021-2040,3.7305999999999813,38.2633,-44.6262999999999,0.8020999999999994,4.616700000000002,3.218499999999999,19.689099999999996,36.739225000000005,-74.61733750000008,0.7671624999999995,6.074550000000001,2.7238499999999997,17.83695,-0.6423221258760335,-0.748726777483164
120.65,23.2,339.2139,SSP3-7.0,2021-2040,5.26419999999996,38.47390000000001,-38.884700000000066,1.1245000000000012,3.951900000000002,2.6852,19.55,36.706562500000004,-67.80781250000007,0.9176000000000002,5.407887500000001,2.69445,18.305149999999998,-0.6423221258760335,-0.6855309971133726
120.65,23.25,301.5406,SSP3-7.0,2021-2040,1.5833000000000084,37.3864,-110.08300000000008,0.8145000000000024,5.372199999999999,2.1500000000000004,18.641299999999998,36.800912499999995,-81.38843750000001,0.986075,4.973175,2.6173625,18.696462500000003,-0.6423221258760335,-0.6223352167435812
120.65,23.3,315.2784,SSP3-7.0,2021-2040,1.1362000000000307,34.685199999999995,-77.33179999999993,1.204699999999999,4.1166999999999945,2.105600000000001,18.3761,36.971824999999995,-92.74698750000005,1.0053875000000003,4.3516375,2.2157125000000004,19.123637499999997,-0.6423221258760335,-0.5591394363737897
120.65,23.35,338.7004,SSP3-7.0,2021-2040,-2.3204999999999814,35.6796,-56.826100000000224,1.243500000000001,3.5814999999999984,1.7481000000000009,20.091299999999997,36.55896250000001,-116.47854999999998,0.8807499999999999,3.6138999999999992,2.205775,19.2518875,-0.6423221258760335,-0.4959436560039983
120.65,23.4,378.3673,SSP3-7.0,2021-2040,-14.703899999999976,36.97690000000001,-155.82400000000007,0.5332000000000008,2.6610999999999976,1.8462999999999994,19.4239,35.863862499999996,-123.75982499999998,0.7671375000000005,2.8419000000000008,2.2224375000000003,19.9258,-0.6423221258760335,-0.43274787563421135
120.65,23.45,414.5657,SSP3-7.0,2021-2040,-22.590300000000013,36.0907,-175.44489999999996,0.5183,2.4425999999999988,2.131500000000001,20.315199999999997,35.0944875,-173.30126249999995,0.4131875000000007,1.967575000000001,2.4587874999999997,19.8350375,-0.6423221258760335,-0.3695520952644199
120.65,23.5,438.6241,SSP3-7.0,2021-2040,-35.3913,34.7943,-232.5227,0.4089999999999989,1.018499999999996,2.1685,18.8457,35.437,-157.64201249999996,0.35630000000000095,0.538425000000001,2.860875,20.222274999999996,-0.6423221258760335,-0.3063563148946285
120.65,23.55,361.7503,SSP3-7.0,2021-2040,-23.589699999999993,36.7529,-142.5322000000001,0.5372000000000021,-0.7574000000000041,2.6722,20.9283,35.410475000000005,-154.20698749999997,0.3394625000000002,-0.14468749999999897,3.1571750000000005,19.625825,-0.6423221258760335,-0.24316053452483705
120.65,23.6,293.7536,SSP3-7.0,2021-2040,-2.117400000000032,35.608900000000006,-142.1298999999999,0.42490000000000094,-0.735199999999999,3.4963000000000015,19.934800000000003,36.0392375,-98.42236250000002,0.5638000000000005,-0.33124999999999893,3.7050875000000003,19.704099999999997,-0.6423221258760335,-0.17996475415504562
120.65,23.65,246.2337,SSP3-7.0,2021-2040,4.009600000000006,33.69990000000001,-81.46259999999984,0.709699999999998,-0.28889999999999816,4.8870000000000005,18.65,35.8768625,-58.413137499999976,0.7503750000000005,0.14651250000000093,3.763425,19.302187500000002,-0.6423221258760335,-0.11676897378525869
120.65,23.7,209.2149,SSP3-7.0,2021-2040,-1.9987999999999886,35.2933,-17.06269999999995,1.064,-0.15740000000000265,3.994399999999999,18.4391,35.745575,-15.483074999999957,0.9035875000000004,1.0710625,3.7615625,18.973100000000002,-0.6423221258760335,-0.053573193415467256
120.65,23.75,199.5551,SSP3-7.0,2021-2040,-12.163499999999999,35.372,32.93769999999995,1.0294999999999987,2.064799999999998,3.4907000000000004,18.2935,35.5585875,3.3262500000000728,0.8482000000000003,1.3312625000000002,3.2087874999999997,18.4997125,-0.6423221258760335,0.009622586954324176
120.65,23.8,200.0373,SSP3-7.0,2021-2040,-16.143299999999982,35.412600000000005,14.028900000000021,0.6174,1.6352000000000046,2.9704000000000015,18.6652,35.239900000000006,4.534337500000021,0.7215375000000006,2.700475,2.7319250000000004,18.262225,-0.6423221258760335,0.0728183673241156
120.65,23.85,194.0294,SSP3-7.0,2021-2040,-11.968800000000016,35.3483,-24.247100000000046,0.5224000000000011,3.674100000000003,2.3778000000000006,18.104300000000002,35.1314875,1.6213125000000161,0.6160500000000004,2.298137500000001,2.2451375,18.1736375,-0.6423221258760335,0.13601414769390704
120.65,23.9,181.6138,SSP3-7.0,2021-2040,-5.008800000000008,35.668299999999995,-15.68730000000005,0.5074000000000005,1.6796000000000006,1.7777999999999992,17.8826,35.3343,-7.2301375000000405,0.6294500000000003,2.0252250000000007,1.7576500000000002,18.5877625,-0.6423221258760335,0.19920992806369398
120.65,23.95,181.2748,SSP3-7.0,2021-2040,-8.838899999999995,36.622299999999996,-20.566400000000158,0.5096999999999987,1.5629999999999953,1.3815000000000008,19.971700000000002,35.5574625,-7.730862500000029,0.6283625000000006,-0.16551250000000017,1.2991,18.83695,-0.6423221258760335,0.26240570843348543
120.65,24.0,179.1852,SSP3-7.0,2021-2040,-12.28400000000002,35.447599999999994,-23.208200000000033,0.47550000000000026,0.1851999999999947,1.4056000000000006,19.3565,36.17075,-14.58917500000004,0.5172249999999998,-0.2796125000000007,1.004875,19.816312500000002,-0.6423221258760335,0.32560148880327683
120.65,24.05,190.7765,SSP3-7.0,2021-2040,-16.555000000000007,36.548399999999994,-24.808700000000044,0.11899999999999977,0.5555999999999983,1.1184999999999992,20.3109,36.2923125,-24.774337499999973,0.42321249999999955,0.2738499999999986,0.8724625,20.6087,-0.6423221258760335,0.3887972691730683
120.65,24.1,194.7942,SSP3-7.0,2021-2040,-22.113999999999976,36.4846,-41.6404,0.27890000000000015,4.161100000000005,0.37959999999999994,21.6935,36.4714625,-34.24828749999995,0.2502249999999986,1.2854249999999992,0.8458249999999999,21.3116875,-0.6423221258760335,0.4519930495428597
120.65,24.15,204.3697,SSP3-7.0,2021-2040,-21.6901,36.94310000000001,-49.1090999999999,-0.008200000000002206,0.6407000000000025,0.6647999999999996,22.1174,36.236962500000004,-38.13972499999997,0.23461249999999945,0.18333750000000038,0.6303125,22.0059625,-0.6423221258760335,0.5151888299126467
120.65,24.2,200.7228,SSP3-7.0,2021-2040,-16.997600000000006,36.4207,-47.825199999999995,0.04749999999999943,-3.277799999999999,0.5073999999999996,22.4478,35.835337499999994,-35.049537500000014,0.14238750000000033,-1.0594874999999986,0.49097500000000016,22.0499875,-0.6423221258760335,0.578384610282438
120.65,24.25,198.4469,SSP3-7.0,2021-2040,-5.5216000000000065,35.505900000000004,-26.731700000000046,0.0934999999999988,-3.5259,0.2519,22.2652,35.0469875,-7.567775000000012,0.22005000000000097,-2.281012499999999,0.25902499999999995,22.0288,-0.6423221258760335,0.6415803906522295
120.65,24.3,177.468,SSP3-7.0,2021-2040,2.0191000000000088,34.3368,41.831699999999955,0.2524000000000015,-2.8222000000000023,-0.0019000000000000128,22.473900000000004,33.9364375,12.985025000000007,0.4456500000000001,-1.7372499999999995,-0.014575000000000116,21.1581625,-0.6423221258760335,0.704776171022021
120.65,24.35,175.6112,SSP3-7.0,2021-2040,7.871200000000016,32.812799999999996,35.8293000000001,0.9127999999999972,-1.0685000000000002,-0.21300000000000008,19.9957,33.104925,26.732987500000036,0.5906500000000001,-0.37637500000000035,-0.10208750000000011,20.8926625,-0.6423221258760335,0.7679719513918124
120.65,24.4,177.823,SSP3-7.0,2021-2040,0.3012999999999977,32.799200000000006,7.505400000000009,0.7568999999999981,-0.963000000000001,0.011099999999999888,20.369600000000002,32.659375,17.328050000000047,0.8204625000000001,1.6118124999999992,-0.028237500000000026,20.3902125,-0.6423221258760335,0.8311677317615993
120.65,24.45,163.5848,SSP3-7.0,2021-2040,3.344300000000004,32.475100000000005,-1.6684999999999945,0.6728000000000023,1.0852000000000004,0.20369999999999955,20.9696,32.64645,9.167650000000037,0.7942749999999998,2.7867999999999995,-0.024074999999999847,20.355425,-0.6423221258760335,0.8943635121313908
120.65,24.5,160.682,SSP3-7.0,2021-2040,1.6069999999999993,32.8051,0.09200000000009823,0.4338000000000015,3.0648000000000053,-0.014800000000000146,20.9978,32.486262499999995,0.9339249999999879,0.8255625000000002,3.242587499999998,-0.012724999999999875,20.0024375,-0.6423221258760335,0.9575592925011822
120.7,21.95,230.9297,SSP3-7.0,2021-2040,-32.22829999999999,39.92960000000001,-100.02130000000011,-0.04860000000000042,14.064799999999998,2.501899999999999,16.2283,39.7562375,-92.9466625,-0.19441249999999943,13.187025000000002,2.7030250000000007,16.5312625,-0.5366282857948123,-2.265425506358136
120.7,22.0,237.8747,SSP3-7.0,2021-2040,-34.41199999999998,39.3389,-53.29390000000012,-0.3816999999999986,6.579599999999999,2.200000000000001,16.1413,39.6336625,-82.28258750000003,-0.0744625000000001,12.5104,2.4912125000000005,16.579362500000002,-0.5366282857948123,-2.2022297259883445
120.7,22.05,245.2909,SSP3-7.0,2021-2040,-33.92669999999998,39.9878,-52.768100000000004,-0.34440000000000026,10.5685,1.6074000000000002,15.045700000000002,39.39145,-57.34487500000003,0.1222249999999998,10.15345,2.2199250000000004,16.4261,-0.5366282857948123,-2.139033945618553
120.7,22.1,238.3069,SSP3-7.0,2021-2040,-26.971000000000004,39.1833,-1.121499999999969,-0.009100000000000108,6.236999999999995,1.5296000000000003,14.789100000000001,38.7832,-51.78042500000001,0.4844875000000002,10.0247625,2.0090500000000002,16.6255625,-0.5366282857948123,-2.0758381652487614
120.7,22.15,223.9088,SSP3-7.0,2021-2040,-24.809300000000007,39.1958,-21.20789999999988,0.3981999999999992,5.690700000000007,1.4556000000000004,16.7087,38.0852625,-33.85262500000002,0.8006625000000005,9.808799999999998,1.9324124999999996,16.7747375,-0.5366282857948123,-2.0126423848789745
120.7,22.2,211.7954,SSP3-7.0,2021-2040,-17.8442,40.2966,-50.67399999999998,1.0716,11.370399999999997,1.9000000000000004,18.769599999999997,37.054387500000004,-21.302349999999933,0.9205375,10.6314875,1.9854249999999996,16.277175,-0.5366282857948123,-1.9494466045091832
120.7,22.25,217.0396,SSP3-7.0,2021-2040,-16.864400000000018,37.936800000000005,-34.26519999999982,1.1728000000000023,11.185200000000009,1.8869999999999987,18.0565,36.420725,-23.462625000000003,1.1144249999999998,12.9571875,2.375475,16.1785375,-0.5366282857948123,-1.8862508241393918
120.7,22.3,259.9265,SSP3-7.0,2021-2040,-26.13039999999998,33.90489999999999,-28.10069999999996,0.8841999999999999,13.842599999999997,2.3574,14.3717,35.229350000000004,-22.106787500000053,1.0189249999999999,11.609262500000003,2.3706124999999996,15.501087499999999,-0.5366282857948123,-1.8230550437696005
120.7,22.35,330.0179,SSP3-7.0,2021-2040,-31.533500000000004,29.577000000000005,-37.58010000000013,0.8385999999999996,9.729599999999998,2.5351999999999997,12.102199999999998,32.9787,-20.435200000000037,0.8927750000000003,9.228012500000002,2.619,14.3394,-0.5366282857948123,-1.759859263399809
120.7,22.4,431.5457,SSP3-7.0,2021-2040,-49.17660000000001,30.4983,-25.192399999999907,0.4007000000000005,6.572199999999995,3.0055999999999994,12.7087,30.9024125,-9.509250000000122,0.9830749999999999,6.444212500000001,2.8558125000000003,13.54375,-0.5366282857948123,-1.696663483030022
120.7,22.45,438.457,SSP3-7.0,2021-2040,-42.414199999999994,31.2581,14.555899999999838,0.9782000000000011,4.442599999999999,3.4314999999999998,14.273900000000001,29.558187500000003,10.42859999999996,1.0597250000000003,5.0902875000000005,3.0979375,12.814412500000001,-0.5366282857948123,-1.6334677026602307
120.7,22.5,444.0645,SSP3-7.0,2021-2040,-40.02890000000002,27.262899999999995,45.934099999999944,1.1107000000000014,4.711100000000002,3.9648000000000003,10.747800000000002,30.535537500000004,27.786149999999964,1.2358624999999988,3.7120500000000005,3.1942375,13.888862500000002,-0.5366282857948123,-1.570271922290439
120.7,22.55,488.9889,SSP3-7.0,2021-2040,-37.33460000000002,31.693299999999994,52.50560000000041,1.370199999999997,1.6852000000000018,3.9703999999999997,14.380400000000002,29.88255,9.850812499999904,1.290987499999999,3.9414375,3.2050875,13.7964625,-0.5366282857948123,-1.5070761419206478
120.7,22.6,562.3419,SSP3-7.0,2021-2040,-25.765899999999988,30.633199999999995,-2.139900000000125,1.3201999999999998,3.536999999999999,3.575899999999999,13.213000000000001,30.5206375,-16.267550000000085,1.2829249999999979,3.2384375,2.7990875,14.796724999999999,-0.5366282857948123,-1.4438803615508562
120.7,22.65,544.4473,SSP3-7.0,2021-2040,-14.497299999999996,27.583,-26.409200000000055,1.3371999999999957,1.459299999999999,2.1555999999999997,12.5652,32.248862499999994,-34.52512500000006,1.3313499999999991,3.893975,2.65855,15.5828625,-0.5366282857948123,-1.3806845811810693
120.7,22.7,490.1472,SSP3-7.0,2021-2040,-17.643899999999974,35.5101,-7.647399999999834,1.8569999999999993,1.7481000000000009,2.2981,16.2978,33.2386125,-44.1816,1.263737499999999,3.8301125000000003,2.5794125,15.769275,-0.5366282857948123,-1.317488800811278
120.7,22.75,464.0424,SSP3-7.0,2021-2040,-29.61099999999999,35.347,-68.70899999999983,1.4617000000000004,4.435200000000002,2.8888999999999996,15.721699999999998,34.5197875,-55.74087499999996,1.2002874999999995,3.713425,2.7590375000000003,15.883962499999999,-0.5366282857948123,-1.2542930204414864
120.7,22.8,459.2751,SSP3-7.0,2021-2040,-21.561000000000035,33.7746,-117.28189999999995,0.9735999999999976,4.272199999999998,2.9519,14.084799999999998,33.6193375,-101.13411250000007,0.9229999999999996,4.2896,2.8877375,15.2497125,-0.5366282857948123,-1.191097240071695
120.7,22.85,452.4225,SSP3-7.0,2021-2040,-24.266200000000026,29.629799999999996,-212.58230000000003,0.5730000000000004,6.653700000000001,2.5463000000000005,12.2087,34.1222875,-138.8520375000001,0.5313249999999989,5.127087500000001,3.1240750000000004,15.966575,-0.5366282857948123,-1.1279014597019037
120.7,22.9,392.5271,SSP3-7.0,2021-2040,-20.689099999999996,37.0344,-146.01440000000002,0.197499999999998,7.037000000000006,3.131500000000001,19.5413,34.247125,-196.79921250000007,0.006287500000000001,6.561825,3.2981375,16.2969875,-0.5366282857948123,-1.0647056793321166
120.7,22.95,420.996,SSP3-7.0,2021-2040,-35.09119999999996,36.014399999999995,-218.52340000000004,-0.9432999999999971,6.774099999999997,4.475899999999999,17.512999999999998,35.228125000000006,-220.23166250000008,-0.18561249999999996,6.584487500000001,2.9567125,17.124175,-0.5366282857948123,-1.0015098989623252
120.7,23.0,394.6266,SSP3-7.0,2021-2040,-29.86189999999999,34.03680000000001,-284.8850000000002,-0.7309999999999981,6.8980999999999995,1.738900000000001,15.3783,35.03115,-241.76951250000008,-0.36357499999999954,6.6840375,2.9006875,17.0008,-0.5366282857948123,-0.9383141185925338
120.7,23.05,410.8476,SSP3-7.0,2021-2040,-18.986699999999985,34.9173,-283.1154999999999,-0.32479999999999976,8.092600000000004,2.3369999999999997,18.0043,35.1569375,-224.29913750000014,-0.11475000000000035,6.6409625000000005,2.4196750000000002,16.575825000000002,-0.5366282857948123,-0.8751183382227424
120.7,23.1,402.7462,SSP3-7.0,2021-2040,-5.7099999999999795,37.7415,-149.49099999999999,0.3584999999999994,7.800000000000004,2.3315,18.3891,35.5767,-177.66966250000007,0.24402499999999927,7.067362500000001,2.5567124999999997,17.4089625,-0.5366282857948123,-0.811922557852951
120.7,23.15,376.2442,SSP3-7.0,2021-2040,1.1534000000000333,33.59230000000001,-53.95970000000034,1.130399999999998,5.570399999999999,2.6129999999999995,16.482599999999998,36.67295,-106.85127499999999,0.6556499999999996,6.476625000000001,2.5733875,18.121725,-0.5366282857948123,-0.748726777483164
120.7,23.2,364.7975,SSP3-7.0,2021-2040,2.3707999999999743,35.8548,-7.699000000000069,1.3082999999999991,6.127800000000001,2.9093,17.75,36.064462500000005,-79.78356250000002,0.9629124999999998,5.5796375000000005,2.4624999999999995,17.9059625,-0.5366282857948123,-0.6855309971133726
120.7,23.25,319.5886,SSP3-7.0,2021-2040,12.661900000000003,37.2889,-69.59960000000001,1.3674,4.742600000000003,2.5685000000000002,19.617400000000004,35.9883125,-85.7863375,0.9814374999999997,5.392612499999999,2.31875,17.6831375,-0.5366282857948123,-0.6223352167435812
120.7,23.3,324.5851,SSP3-7.0,2021-2040,1.661200000000008,38.625099999999996,-135.5915,0.8632999999999988,5.005600000000001,2.8796,19.6217,36.117062499999996,-90.92075000000006,1.0153999999999996,4.820387499999999,2.0127125,18.1687375,-0.5366282857948123,-0.5591394363737897
120.7,23.35,357.7791,SSP3-7.0,2021-2040,-6.70070000000004,38.8338,-72.82400000000007,1.052299999999999,4.312999999999995,1.9832999999999998,18.732599999999998,36.4640875,-111.36298750000003,0.8024000000000004,3.9652874999999996,2.1868,18.8804125,-0.5366282857948123,-0.4959436560039983
120.7,23.4,387.3973,SSP3-7.0,2021-2040,-27.177099999999996,36.82040000000001,-142.2889,0.47630000000000194,4.172200000000004,2.549999999999999,19.1217,36.152625,-118.61576250000002,0.7232750000000006,3.109725,2.0749875,19.310587499999997,-0.5366282857948123,-0.43274787563421135
120.7,23.45,410.6323,SSP3-7.0,2021-2040,-35.153999999999996,34.541700000000006,-159.4132999999997,0.5129000000000019,3.3407000000000053,2.2148000000000003,19.4565,35.7275375,-163.51322499999998,0.4537875000000007,1.9553124999999998,2.2076374999999997,19.244562499999997,-0.5366282857948123,-0.3695520952644199
120.7,23.5,447.641,SSP3-7.0,2021-2040,-38.97750000000002,34.136199999999995,-225.3780999999999,0.3138000000000005,1.3870000000000005,1.9499999999999993,19.1543,35.99525,-158.37301249999996,0.40731250000000063,0.4532499999999997,2.3946625,19.805187500000002,-0.5366282857948123,-0.3063563148946285
120.7,23.55,377.4282,SSP3-7.0,2021-2040,-21.283500000000004,37.245200000000004,-113.46289999999999,0.5298000000000016,-1.6443999999999974,2.9888999999999992,19.728299999999997,36.1829125,-159.54946249999995,0.2579500000000001,-0.5625,2.7437375,19.653012500000003,-0.5366282857948123,-0.24316053452483705
120.7,23.6,340.1265,SSP3-7.0,2021-2040,-14.113800000000026,37.199799999999996,-101.98169999999982,0.3262999999999998,-1.4073999999999955,3.1204,19.6957,36.637187499999996,-102.70331249999998,0.46056250000000043,-0.8729124999999991,3.5198875000000003,19.926650000000002,-0.5366282857948123,-0.17996475415504562
120.7,23.65,260.59,SSP3-7.0,2021-2040,8.524400000000014,37.937200000000004,-28.883800000000065,0.9369000000000014,-0.21479999999999677,3.9833,21.3196,36.407700000000006,-65.91333749999993,0.6447499999999993,-0.911812499999999,3.6962875000000004,19.391025,-0.5366282857948123,-0.11676897378525869
120.7,23.7,217.806,SSP3-7.0,2021-2040,9.445599999999985,37.9557,-32.77859999999987,0.930299999999999,-1.5593000000000004,3.5167,20.7717,35.80245,-20.99812499999996,0.9080499999999998,0.23078749999999904,3.862475,18.8320625,-0.5366282857948123,-0.053573193415467256
120.7,23.75,202.2517,SSP3-7.0,2021-2040,-2.8920999999999992,36.2549,-35.701899999999796,0.8376000000000019,2.3055999999999983,3.3352000000000004,19.3739,35.64265,6.628937500000006,0.9781624999999994,0.10833749999999842,3.5423500000000003,18.322537500000003,-0.5366282857948123,0.009622586954324176
120.7,23.8,190.7907,SSP3-7.0,2021-2040,-7.8553,34.917399999999994,14.464899999999943,0.9481999999999999,2.0629999999999953,2.9481,18.113,35.068412499999994,2.479312499999992,0.8219750000000006,1.2548625000000007,3.2729125000000003,17.9470125,-0.5366282857948123,0.0728183673241156
120.7,23.85,192.2506,SSP3-7.0,2021-2040,-10.47539999999998,35.1278,-6.143900000000031,0.6712000000000025,3.544400000000003,2.7684999999999995,18.4196,35.146274999999996,-7.82721250000003,0.7496125,1.047225000000001,2.6282500000000004,17.980150000000002,-0.5366282857948123,0.13601414769390704
120.7,23.9,185.3979,SSP3-7.0,2021-2040,-10.09899999999999,35.4978,-20.33849999999984,0.6998999999999995,1.9981000000000009,1.8352000000000004,17.7587,35.530849999999994,-23.885875000000084,0.6526500000000004,0.20023750000000096,2.0377375000000004,18.5673875,-0.5366282857948123,0.19920992806369398
120.7,23.95,181.8069,SSP3-7.0,2021-2040,-12.255500000000012,35.91909999999999,-3.6461000000001604,0.7300000000000004,-3.6758999999999986,1.0,18.1696,36.09728749999999,-27.22667500000003,0.6749375,-1.0289375000000014,1.6558000000000002,19.13315,-0.5366282857948123,0.26240570843348543
120.7,24.0,180.7551,SSP3-7.0,2021-2040,-9.457699999999988,37.1251,6.15339999999992,0.9097000000000008,-4.488900000000001,1.0648,20.4957,36.434037499999995,-30.48301250000003,0.6224999999999996,-1.4344750000000008,1.421075,19.588324999999998,-0.5366282857948123,0.32560148880327683
120.7,24.05,191.374,SSP3-7.0,2021-2040,-9.811099999999982,36.72200000000001,-35.60199999999986,0.6185999999999972,0.9222000000000037,1.2518999999999991,19.437,36.641275,-36.26295000000002,0.5679624999999997,-0.9509125000000012,1.1738374999999999,20.314687499999998,-0.5366282857948123,0.3887972691730683
120.7,24.1,200.5656,SSP3-7.0,2021-2040,-14.627600000000001,36.996,-36.736199999999826,0.4231999999999978,0.012999999999998124,0.9443999999999999,20.6913,36.4966,-55.73691250000002,0.36263749999999906,0.8738500000000009,0.8701374999999998,20.7473,-0.5366282857948123,0.4519930495428597
120.7,24.15,211.7542,SSP3-7.0,2021-2040,-21.715900000000005,36.387499999999996,-70.5924,0.06540000000000035,2.727800000000002,0.35740000000000016,21.3739,36.2951125,-56.04253750000001,0.23404999999999943,-0.3759249999999996,0.6164250000000001,21.570925000000003,-0.5366282857948123,0.5151888299126467
120.7,24.2,215.4407,SSP3-7.0,2021-2040,-18.6601,36.001000000000005,-61.31169999999997,-0.07579999999999742,-5.027799999999999,0.47409999999999997,21.856499999999997,35.76876250000001,-46.90107500000005,0.10342499999999966,-1.197449999999999,0.43866249999999996,21.947825,-0.5366282857948123,0.578384610282438
120.7,24.25,214.8046,SSP3-7.0,2021-2040,-7.984899999999982,35.296,-27.337600000000066,0.019000000000001904,-4.011099999999999,0.5556000000000001,21.3674,35.0323875,-15.67036250000001,0.1554500000000001,-2.6824000000000003,0.2555624999999998,22.220925,-0.5366282857948123,0.6415803906522295
120.7,24.3,200.8877,SSP3-7.0,2021-2040,-7.651199999999989,33.5148,40.78460000000018,0.3003999999999998,-2.1944000000000017,0.17779999999999951,21.487000000000002,34.177675,10.699962499999998,0.42118750000000027,-2.3032250000000003,0.08773749999999969,21.351637500000002,-0.5366282857948123,0.704776171022021
120.7,24.35,177.1856,SSP3-7.0,2021-2040,3.84020000000001,32.740300000000005,53.09780000000001,0.807500000000001,-3.314799999999998,-0.42960000000000065,19.9283,33.4910125,22.838950000000068,0.7149624999999995,0.20602499999999857,0.08309999999999995,20.984250000000003,-0.5366282857948123,0.7679719513918124
120.7,24.4,173.267,SSP3-7.0,2021-2040,4.488799999999998,32.610800000000005,30.935799999999972,1.1693999999999996,3.2926,0.0019000000000000128,19.9217,32.923325000000006,15.470612500000072,0.8834374999999999,1.744674999999999,0.05369999999999997,20.3682125,-0.5366282857948123,0.8311677317615993
120.7,24.45,170.5324,SSP3-7.0,2021-2040,12.243799999999993,32.4135,-4.158500000000004,0.9536000000000016,5.125899999999994,0.19259999999999966,20.0478,32.6902125,7.149700000000024,0.8691625000000003,3.1340249999999994,0.05256250000000018,20.508962500000003,-0.5366282857948123,0.8943635121313908
120.7,24.5,157.9655,SSP3-7.0,2021-2040,9.793200000000013,32.5354,-5.831000000000131,0.964100000000002,4.507399999999997,-0.1758999999999995,20.9022,32.319587500000004,7.539200000000022,0.8347500000000003,3.389812499999999,0.008337499999999998,19.878237499999997,-0.5366282857948123,0.9575592925011822
120.7,24.55,154.1484,SSP3-7.0,2021-2040,3.8827,32.2951,-4.892000000000053,0.8097999999999992,3.222200000000001,-0.2610999999999999,19.3391,32.3671,4.362437499999942,0.7071625000000012,3.493974999999999,0.021075000000000177,19.86005,-0.5366282857948123,1.0207550728709736
120.7,24.6,152.1908,SSP3-7.0,2021-2040,2.595100000000002,33.3326,4.110699999999952,0.7316000000000003,5.246300000000005,0.1889000000000003,19.9022,31.913325,4.57277499999995,0.6329750000000001,2.610174999999999,-0.1534749999999998,19.3032625,-0.5366282857948123,1.0839508532407651
120.75,21.9,240.7403,SSP3-7.0,2021-2040,-34.68079999999998,39.300599999999996,-122.7627,-0.13250000000000028,14.166700000000006,2.7056000000000004,16.6348,40.071600000000004,-120.17368750000003,-0.12248749999999964,14.5055375,3.075475,16.6801625,-0.4309344457135909,-2.3286212867279272
120.75,21.95,248.0101,SSP3-7.0,2021-2040,-40.85239999999999,39.7285,-107.36249999999995,-0.3628999999999998,14.290700000000001,2.911100000000001,16.762999999999998,39.8691,-109.82086250000003,-0.09819999999999984,13.947212500000001,2.8805750000000003,16.701375,-0.4309344457135909,-2.265425506358136
120.75,22.0,264.8936,SSP3-7.0,2021-2040,-44.0625,39.597699999999996,-69.49299999999994,-0.08060000000000045,12.2481,3.196300000000001,15.837000000000002,39.74795,-98.06172500000005,-0.14402499999999963,13.3178125,2.6271000000000004,16.928,-0.4309344457135909,-2.2022297259883445
120.75,22.05,259.2501,SSP3-7.0,2021-2040,-34.76329999999999,39.776199999999996,-57.307399999999916,-0.028999999999999915,12.2778,2.070400000000001,15.995700000000001,39.235275,-76.32323750000006,0.1636375000000001,11.408774999999999,2.4666750000000004,16.8603375,-0.4309344457135909,-2.139033945618553
120.75,22.1,243.7158,SSP3-7.0,2021-2040,-28.20240000000001,39.207699999999996,-23.15910000000008,0.8900000000000006,10.7333,2.013,16.2913,38.2323125,-62.52013750000003,0.47894999999999976,10.179625,2.1088125,16.7981125,-0.4309344457135909,-2.0758381652487614
120.75,22.15,227.9635,SSP3-7.0,2021-2040,-13.96090000000001,34.762,-15.269600000000082,1.3152000000000008,8.470399999999998,1.7518999999999991,15.249999999999998,37.8142375,-45.47641249999998,0.8436124999999999,10.296987499999998,2.147925,17.0225625,-0.4309344457135909,-2.0126423848789745
120.75,22.2,222.212,SSP3-7.0,2021-2040,-12.233899999999977,36.957499999999996,-14.795200000000023,1.0030999999999999,9.616699999999994,2.1814999999999998,17.6196,35.9187875,-33.286262499999964,1.1370125,11.330325000000002,2.2766249999999997,16.249724999999998,-0.4309344457135909,-1.9494466045091832
120.75,22.25,227.0294,SSP3-7.0,2021-2040,-10.922800000000024,33.3504,-6.518199999999979,1.2261999999999986,16.4685,2.8240999999999996,14.499999999999998,34.957449999999994,-25.98541249999994,1.1454625000000003,12.4058,2.45925,15.7755375,-0.4309344457135909,-1.8862508241393918
120.75,22.3,268.0443,SSP3-7.0,2021-2040,-18.863700000000023,33.1543,-9.591100000000097,1.1109000000000009,12.674100000000003,2.485199999999999,14.6065,32.1634875,-21.031924999999944,1.1134999999999997,11.9990625,2.7201375,13.951075,-0.4309344457135909,-1.8230550437696005
120.75,22.35,330.0234,SSP3-7.0,2021-2040,-24.721000000000004,26.917299999999997,-19.810300000000097,0.8955999999999982,8.668500000000002,2.8796,10.263,30.135075,-16.624724999999955,0.9451625000000008,9.692362499999998,2.7940000000000005,12.6731,-0.4309344457135909,-1.759859263399809
120.75,22.4,426.5289,SSP3-7.0,2021-2040,-41.91180000000003,23.6181,-36.5925000000002,0.8411000000000044,6.1019000000000005,2.9704000000000015,7.743500000000001,28.6819125,8.293149999999969,1.020375,7.282624999999999,3.0453875,11.9239125,-0.4309344457135909,-1.696663483030022
120.75,22.45,402.7515,SSP3-7.0,2021-2040,-33.500500000000045,26.121300000000005,41.37259999999969,1.4202000000000012,6.031500000000001,3.1518999999999995,9.8696,26.589624999999998,29.810924999999997,1.117512500000001,6.030324999999999,3.3233875,10.603537500000002,-0.4309344457135909,-1.6334677026602307
120.75,22.5,383.3252,SSP3-7.0,2021-2040,-25.850300000000004,23.777299999999997,62.210199999999986,1.5289000000000001,4.701900000000002,3.5332999999999988,8.837000000000002,27.263925,52.2371,1.2911125,5.5201375,3.4928375000000003,11.4904875,-0.4309344457135909,-1.570271922290439
120.75,22.55,401.9101,SSP3-7.0,2021-2040,-20.891700000000014,26.198500000000003,52.71900000000005,1.3292000000000002,2.9296000000000006,3.4204000000000008,11.819600000000001,27.025187499999994,43.17350000000005,1.332187499999999,5.654862499999999,3.362025,11.617650000000001,-0.4309344457135909,-1.5070761419206478
120.75,22.6,437.8793,SSP3-7.0,2021-2040,-0.3516999999999939,25.721099999999993,18.547599999999875,1.3615999999999957,5.203699999999998,2.2759,13.0891,27.725437499999998,21.500887499999976,1.3024999999999984,4.784724999999999,3.0574125,12.5671125,-0.4309344457135909,-1.4438803615508562
120.75,22.65,487.3667,SSP3-7.0,2021-2040,-2.3461999999999534,25.835199999999993,-4.998800000000301,1.360999999999997,4.899999999999999,2.0167,12.443499999999998,29.217512499999998,2.202062500000011,1.4362499999999985,4.4152749999999985,2.6266125000000002,13.5057,-0.4309344457135909,-1.3806845811810693
120.75,22.7,485.5615,SSP3-7.0,2021-2040,2.877899999999954,32.014599999999994,13.683800000000247,1.7132000000000005,2.959299999999999,1.9389000000000003,15.2457,30.2918875,-18.534387500000037,1.3846749999999988,3.7164374999999996,2.5196875,13.824987499999999,-0.4309344457135909,-1.317488800811278
120.75,22.75,433.8144,SSP3-7.0,2021-2040,6.880400000000009,33.845800000000004,31.266599999999926,1.5923999999999978,1.231499999999997,2.316700000000001,14.8217,31.6052875,-48.28484999999995,1.1145125,3.6942125,2.5838,14.1032625,-0.4309344457135909,-1.2542930204414864
120.75,22.8,441.5667,SSP3-7.0,2021-2040,-10.89240000000001,28.370400000000004,-36.358700000000226,0.46240000000000236,2.299999999999997,2.3611000000000004,11.8022,30.801374999999997,-95.79116249999998,0.6480499999999991,3.429175,2.8199125,13.209225,-0.4309344457135909,-1.191097240071695
120.75,22.85,461.3478,SSP3-7.0,2021-2040,-29.828900000000033,28.502399999999994,-145.80790000000025,-0.33720000000000283,2.9166999999999987,3.4296000000000006,12.032600000000002,30.485725000000002,-139.016575,0.057087499999999736,4.359025000000001,2.9780125,13.4679375,-0.4309344457135909,-1.1279014597019037
120.75,22.9,460.7495,SSP3-7.0,2021-2040,-41.22550000000001,31.2881,-236.98860000000013,-0.9497999999999998,7.753700000000002,3.9685000000000006,14.5826,30.8850125,-191.88372500000003,-0.4676125,5.0518625,3.3324,14.008949999999999,-0.4309344457135909,-1.0647056793321166
120.75,22.95,447.1037,SSP3-7.0,2021-2040,-44.4769,33.981399999999994,-300.4697000000001,-1.0738999999999983,8.359299999999998,3.6852,16.512999999999998,31.7470875,-241.54455000000013,-0.7102124999999995,6.3169,3.0458250000000007,14.4951,-0.4309344457135909,-1.0015098989623252
120.75,23.0,452.9206,SSP3-7.0,2021-2040,-33.792899999999975,32.3591,-379.4118000000003,-0.6998999999999995,5.8740999999999985,2.4852000000000007,14.6217,32.1514,-277.73950000000013,-0.709462499999999,6.9405125,2.6967375000000002,14.857875,-0.4309344457135909,-0.9383141185925338
120.75,23.05,440.0337,SSP3-7.0,2021-2040,-32.256399999999985,32.0417,-303.8054000000002,-0.44590000000000174,6.1259000000000015,2.3295999999999992,14.9457,32.6921125,-291.5869500000001,-0.3535874999999997,6.9916625,2.0111125000000003,14.9173875,-0.4309344457135909,-0.8751183382227424
120.75,23.1,430.4859,SSP3-7.0,2021-2040,-28.17360000000002,34.887899999999995,-259.5174000000002,-0.1142000000000003,8.2222,2.531500000000001,16.5152,33.7869625,-244.33020000000005,0.0809624999999996,6.850225000000001,1.9900499999999994,16.076625,-0.4309344457135909,-0.811922557852951
120.75,23.15,392.1154,SSP3-7.0,2021-2040,-9.994100000000003,37.3593,-147.14179999999988,0.6537000000000006,7.6480999999999995,2.4129999999999985,18.9304,34.228224999999995,-172.55701250000004,0.48466249999999933,6.827787500000001,2.063675,16.182325,-0.4309344457135909,-0.748726777483164
120.75,23.2,370.2086,SSP3-7.0,2021-2040,-3.5616999999999734,33.4778,-68.58129999999983,0.8672000000000004,5.6389,2.0074000000000005,16.1478,35.1075625,-121.69700000000006,0.8272624999999989,6.535425000000001,2.2550999999999997,16.8459125,-0.4309344457135909,-0.6855309971133726
120.75,23.25,348.2569,SSP3-7.0,2021-2040,0.08330000000000837,32.6738,-105.39210000000003,0.9434999999999967,7.096299999999999,2.0443999999999996,14.1891,35.7972125,-109.39502499999998,0.8670999999999993,5.876875000000001,2.2460625,17.2358625,-0.4309344457135909,-0.6223352167435812
120.75,23.3,342.7216,SSP3-7.0,2021-2040,-5.072900000000004,36.7295,-142.7273,0.7255000000000003,5.831499999999998,1.7684999999999995,17.1891,36.037612499999994,-112.61211250000002,0.8409624999999985,4.8632124999999995,2.1448874999999994,17.5214625,-0.4309344457135909,-0.5591394363737897
120.75,23.35,367.3666,SSP3-7.0,2021-2040,-16.828700000000026,35.659299999999995,-92.58210000000008,0.7717999999999989,3.509300000000003,1.7332999999999998,18.512999999999998,36.6975875,-124.90783749999997,0.6577250000000001,4.075924999999999,2.1986,18.1643875,-0.4309344457135909,-0.4959436560039983
120.75,23.4,402.595,SSP3-7.0,2021-2040,-27.33970000000005,36.536699999999996,-87.73219999999992,0.6009000000000029,2.8444000000000003,2.8629999999999995,18.7065,36.10575,-123.36891249999996,0.5858625000000002,2.9189749999999997,1.9726625,18.78695,-0.4309344457135909,-0.43274787563421135
120.75,23.45,407.0928,SSP3-7.0,2021-2040,-34.816599999999994,34.9023,-148.2795000000001,0.5533000000000001,2.185200000000002,2.079600000000001,19.2457,35.3976875,-136.56048749999985,0.384087500000001,2.080075000000001,2.2120249999999997,18.5576,-0.4309344457135909,-0.3695520952644199
120.75,23.5,408.9241,SSP3-7.0,2021-2040,-33.533000000000015,35.5628,-140.63549999999987,0.22550000000000026,-1.0685000000000002,2.0721999999999987,19.143500000000003,35.2389875,-145.1119624999999,0.30445000000000055,1.3747750000000005,2.3314624999999998,18.810075,-0.4309344457135909,-0.3063563148946285
120.75,23.55,389.5544,SSP3-7.0,2021-2040,-23.069999999999993,38.072100000000006,-154.69309999999996,-0.027499999999999858,-1.8907000000000025,2.8295999999999992,20.7783,35.140924999999996,-128.9115999999999,0.22485,0.525237500000002,2.7261499999999996,18.454637499999997,-0.4309344457135909,-0.24316053452483705
120.75,23.6,347.3933,SSP3-7.0,2021-2040,-17.14330000000001,37.3363,-136.52250000000004,-0.14560000000000173,-1.0462999999999951,3.6407000000000007,18.743499999999997,36.1711375,-81.19523749999996,0.42005000000000026,-0.021749999999999048,3.1986124999999994,19.295675,-0.4309344457135909,-0.17996475415504562
120.75,23.65,258.0759,SSP3-7.0,2021-2040,5.382600000000025,36.44500000000001,-21.939499999999953,0.719100000000001,-0.40559999999999974,3.6610999999999994,19.3304,36.71765,-57.25378749999999,0.5603249999999989,-0.5229124999999986,3.431725,19.590487500000002,-0.4309344457135909,-0.11676897378525869
120.75,23.7,222.1197,SSP3-7.0,2021-2040,5.871300000000019,37.7227,6.570799999999963,1.129299999999997,-1.6944000000000017,3.2537000000000003,19.563,36.455462499999996,-33.15307499999997,0.7418125,0.15277499999999922,3.5793999999999997,19.2817875,-0.4309344457135909,-0.053573193415467256
120.75,23.75,210.2625,SSP3-7.0,2021-2040,-1.296699999999987,33.694599999999994,-22.442999999999984,0.8383000000000003,0.23699999999999477,4.294400000000001,15.687000000000001,36.090075,-11.789299999999969,0.8951749999999996,0.1622874999999988,3.378475,18.8872,-0.4309344457135909,0.009622586954324176
120.75,23.8,191.8796,SSP3-7.0,2021-2040,-4.986700000000013,34.77289999999999,57.313499999999976,1.2683,-1.7222000000000008,3.8704,17.047800000000002,35.1537,-17.859387499999997,0.7830500000000007,1.168524999999999,3.3076125000000003,17.893487500000003,-0.4309344457135909,0.0728183673241156
120.75,23.85,195.4845,SSP3-7.0,2021-2040,-13.380300000000005,34.5642,4.090299999999843,0.7911000000000001,-1.6999999999999957,3.0759000000000007,17.9848,35.1494625,-32.458624999999984,0.749625,1.3793999999999995,2.9030000000000005,17.619300000000003,-0.4309344457135909,0.13601414769390704
120.75,23.9,188.8619,SSP3-7.0,2021-2040,-4.514199999999988,34.988699999999994,-92.24240000000009,0.642199999999999,0.75,2.1704000000000008,18.2848,35.631724999999996,-51.88051250000001,0.6058374999999998,-0.16227499999999928,2.3335500000000002,17.9386,-0.4309344457135909,0.19920992806369398
120.75,23.95,183.7087,SSP3-7.0,2021-2040,-3.9274000000000058,36.0081,-32.64409999999998,0.8472000000000008,-4.2333,1.75,19.7217,36.362125,-61.40606249999999,0.6063999999999994,-1.1210750000000003,1.8592500000000003,18.480449999999998,-0.4309344457135909,0.26240570843348543
120.75,24.0,188.7842,SSP3-7.0,2021-2040,-7.013499999999993,37.42040000000001,-19.279899999999998,0.8079000000000001,-5.685200000000002,1.8611000000000004,19.5935,36.6131625,-59.227824999999996,0.6811374999999993,-1.2064874999999997,1.61365,19.307624999999998,-0.4309344457135909,0.32560148880327683
120.75,24.05,206.2086,SSP3-7.0,2021-2040,-11.391699999999986,36.784400000000005,-84.1087,0.8720999999999997,-1.1073999999999984,1.5999999999999996,20.145699999999998,36.856475,-45.76554999999999,0.6775249999999993,-1.0428250000000006,1.4585625,19.939687499999998,-0.4309344457135909,0.3887972691730683
120.75,24.1,208.7482,SSP3-7.0,2021-2040,-5.104199999999992,36.323699999999995,-66.47490000000016,0.6573999999999991,-1.240700000000004,1.0167000000000002,20.2304,36.4635625,-58.85342499999999,0.5279374999999993,0.2814875000000008,1.2574,20.2723,-0.4309344457135909,0.4519930495428597
120.75,24.15,208.3345,SSP3-7.0,2021-2040,-9.227900000000005,35.77910000000001,-73.55910000000017,0.2978999999999985,0.33149999999999835,0.5722000000000005,20.6696,36.121362500000004,-56.405225,0.32172500000000026,-0.3159624999999995,0.9886500000000003,20.950274999999998,-0.4309344457135909,0.5151888299126467
120.75,24.2,219.7389,SSP3-7.0,2021-2040,-11.271999999999991,35.41270000000001,-71.68370000000004,0.25150000000000006,1.3926000000000016,0.3722000000000012,22.8609,35.4652125,-47.96905000000001,0.1508000000000007,-1.3717499999999996,0.7944374999999999,21.2301625,-0.4309344457135909,0.578384610282438
120.75,24.25,239.7277,SSP3-7.0,2021-2040,-17.41640000000001,34.4051,-8.369800000000168,0.06080000000000041,-3.8573999999999984,0.22779999999999845,22.480400000000003,34.74731250000001,-30.56522499999997,0.18623750000000028,-1.2006875,0.6027749999999998,21.6750125,-0.4309344457135909,0.6415803906522295
120.75,24.3,219.9145,SSP3-7.0,2021-2040,-12.65270000000001,34.662099999999995,7.942900000000009,0.31329999999999814,-2.1463000000000036,0.035199999999999676,21.8957,33.924612499999995,1.7133875000000387,0.4483000000000006,-1.5217374999999995,0.40763749999999943,21.373912500000003,-0.4309344457135909,0.704776171022021
120.75,24.35,201.6784,SSP3-7.0,2021-2040,-0.672600000000017,33.6624,9.337100000000191,0.9102000000000032,2.3203999999999994,0.27590000000000003,20.4065,33.554362499999996,13.495587500000028,0.7303249999999992,0.40371250000000014,0.20764999999999956,21.189950000000003,-0.4309344457135909,0.7679719513918124
120.75,24.4,212.2149,SSP3-7.0,2021-2040,4.2438999999999965,33.529199999999996,8.544800000000123,1.1042999999999985,5.229599999999998,0.3778000000000006,21.3239,33.034324999999995,13.166937500000046,0.9388874999999999,2.177549999999999,0.16713749999999972,20.3557,-0.4309344457135909,0.8311677317615993
120.75,24.45,202.2433,SSP3-7.0,2021-2040,-1.6620000000000061,32.9541,15.277500000000146,0.9493999999999971,5.5426,0.011100000000000776,19.9043,32.501675000000006,11.461987499999992,1.0449625000000002,3.488649999999997,0.1657624999999998,20.277437499999998,-0.4309344457135909,0.8943635121313908
120.75,24.5,168.5485,SSP3-7.0,2021-2040,2.173400000000015,31.812800000000003,2.3415999999999713,0.9026000000000032,3.3129999999999953,0.005600000000000271,19.6826,32.1541625,11.894462499999975,0.8921249999999998,3.508549999999997,0.04190000000000005,19.711125,-0.4309344457135909,0.9575592925011822
120.75,24.55,153.7346,SSP3-7.0,2021-2040,-0.44069999999999254,32.6049,-1.1031000000000404,0.5952999999999982,4.107399999999998,-0.08889999999999976,18.8043,32.0488125,10.063337499999932,0.784750000000001,3.1238374999999987,-0.13541249999999994,19.5807125,-0.4309344457135909,1.0207550728709736
120.75,24.6,158.1567,SSP3-7.0,2021-2040,-0.8899000000000115,32.4113,6.507799999999861,0.5089000000000006,2.1259000000000015,-0.007399999999999629,19.0196,31.919475000000002,1.1636999999999773,0.6004624999999995,2.9699,-0.16898749999999985,19.263312499999998,-0.4309344457135909,1.0839508532407651
120.75,24.65,147.2359,SSP3-7.0,2021-2040,-2.1557999999999993,31.550200000000004,2.4306000000001404,0.5823999999999998,1.5056000000000012,0.3333000000000004,18.728299999999997,31.724337499999997,-2.4293250000000057,0.5521749999999992,3.8365625000000003,-0.21527499999999988,19.170650000000002,-0.4309344457135909,1.147146633610552
120.8,21.95,265.6306,SSP3-7.0,2021-2040,-47.14130000000003,40.356399999999994,-143.55369999999994,-0.2644999999999982,18.364800000000002,3.6129999999999995,17.273899999999998,40.1133125,-136.18737500000003,-0.028125000000000178,15.149987500000002,3.1419125,16.970925,-0.32524060563236956,-2.265425506358136
120.8,22.0,268.3165,SSP3-7.0,2021-2040,-45.28970000000001,39.963800000000006,-137.03200000000015,0.040300000000002,17.0,3.320400000000001,18.558699999999998,39.9349,-142.92231250000006,0.0497999999999994,14.387025000000001,3.0715375000000007,17.598374999999997,-0.32524060563236956,-2.2022297259883445
120.8,22.05,256.5459,SSP3-7.0,2021-2040,-34.57080000000002,38.90239999999999,-133.15490000000023,0.23859999999999815,13.396300000000004,2.7926,19.4174,39.48925,-138.1811500000001,0.44075,13.360412499999999,2.8986375000000004,17.98915,-0.32524060563236956,-2.139033945618553
120.8,22.1,269.4312,SSP3-7.0,2021-2040,-28.08099999999999,37.70060000000001,-140.5634,0.9559999999999995,14.507399999999997,3.0740999999999996,18.8022,38.0798625,-116.7940750000001,0.8168624999999996,11.5625125,2.5252625,17.868225,-0.32524060563236956,-2.0758381652487614
120.8,22.15,254.6277,SSP3-7.0,2021-2040,-6.981700000000018,36.3504,-78.76830000000018,1.3061000000000007,10.288899999999998,2.588899999999999,18.3761,36.4789375,-93.47208750000001,1.0976749999999997,11.746299999999998,2.6148375,17.2155,-0.32524060563236956,-2.0126423848789745
120.8,22.2,256.7233,SSP3-7.0,2021-2040,-5.938699999999983,33.622,-33.52189999999973,1.1329999999999991,13.9315,2.4406999999999996,14.823900000000002,34.6322,-64.3039875,1.3168374999999997,12.009949999999998,2.8458499999999995,16.379350000000002,-0.32524060563236956,-1.9494466045091832
120.8,22.25,258.5786,SSP3-7.0,2021-2040,-7.532999999999987,31.8363,-26.065000000000055,1.472999999999999,13.237000000000002,3.3648000000000007,13.513000000000002,33.878575,-44.30071249999992,1.2403125000000004,12.933337499999999,2.9016249999999997,15.9426625,-0.32524060563236956,-1.8862508241393918
120.8,22.3,280.0734,SSP3-7.0,2021-2040,-16.01709999999997,31.9512,-10.87019999999984,1.315100000000001,13.3889,3.0574000000000012,14.4435,32.4916125,-27.854849999999942,1.2212625,12.232625,3.0699125,14.959225,-0.32524060563236956,-1.8230550437696005
120.8,22.35,315.6494,SSP3-7.0,2021-2040,-24.834000000000003,31.833999999999996,-5.04569999999967,1.1024999999999991,9.4722,2.855600000000001,14.358699999999999,30.39815,-11.425112500000012,1.1002500000000013,10.0129625,3.0699125,13.5567875,-0.32524060563236956,-1.759859263399809
120.8,22.4,345.9948,SSP3-7.0,2021-2040,-29.642899999999997,26.5428,19.97490000000016,1.068200000000001,5.757399999999997,3.0852000000000004,11.049999999999999,29.0463125,19.02436249999994,1.2341625000000005,8.612025,3.1900500000000003,12.5133125,-0.32524060563236956,-1.696663483030022
120.8,22.45,333.4543,SSP3-7.0,2021-2040,-24.987899999999968,26.70649999999999,78.07029999999986,1.4589999999999996,7.586999999999996,3.4185,10.7652,26.9345875,41.53253749999996,1.392475000000001,7.7555625,3.2370375,11.1774625,-0.32524060563236956,-1.6334677026602307
120.8,22.5,323.4253,SSP3-7.0,2021-2040,-19.526599999999974,23.053000000000004,79.5269000000003,1.5533000000000001,8.368499999999997,3.1778000000000013,8.702200000000001,27.3532375,56.41677499999989,1.4567750000000004,7.762275,3.2886499999999996,11.794037500000002,-0.32524060563236956,-1.570271922290439
120.8,22.55,332.3605,SSP3-7.0,2021-2040,-20.118600000000015,25.8178,53.21239999999989,1.1081000000000003,8.4056,3.407400000000001,11.3652,27.021637499999997,43.37934999999996,1.4063624999999993,7.762499999999999,3.0222125,11.926375,-0.32524060563236956,-1.5070761419206478
120.8,22.6,358.4882,SSP3-7.0,2021-2040,-10.590900000000033,28.2429,35.5911000000001,1.3044999999999973,8.625899999999994,2.9907000000000004,12.6065,26.837299999999995,15.745049999999878,1.2185874999999995,7.101862499999999,2.8257000000000003,12.1459375,-0.32524060563236956,-1.4438803615508562
120.8,22.65,398.7711,SSP3-7.0,2021-2040,-8.335300000000018,25.799600000000005,11.526899999999841,1.2896,6.735199999999999,2.9222,12.1435,27.9276375,-9.822012500000028,1.1778999999999988,6.387737499999998,2.5932874999999997,12.7478375,-0.32524060563236956,-1.3806845811810693
120.8,22.7,419.3707,SSP3-7.0,2021-2040,-6.061399999999992,28.235599999999998,-25.536399999999958,1.3066999999999993,5.053699999999999,2.855600000000001,12.8848,28.7543125,-29.27140000000003,1.0287624999999996,4.993299999999999,2.5673624999999998,12.999737499999998,-0.32524060563236956,-1.317488800811278
120.8,22.75,393.7862,SSP3-7.0,2021-2040,-4.685900000000004,30.178799999999995,-57.76780000000008,0.8718000000000004,4.168500000000002,2.7036999999999995,13.7217,29.736075,-50.72811249999995,0.7461250000000001,4.227787499999999,2.5909750000000003,13.2163125,-0.32524060563236956,-1.2542930204414864
120.8,22.8,391.1317,SSP3-7.0,2021-2040,-4.873800000000017,29.411199999999994,-86.66139999999996,0.2697000000000003,4.616700000000002,2.6722,13.067400000000001,28.765475000000002,-81.17514999999997,0.3131999999999997,3.3275499999999996,2.803475,12.199449999999999,-0.32524060563236956,-1.191097240071695
120.8,22.85,437.2961,SSP3-7.0,2021-2040,-22.51490000000001,25.721399999999996,-108.7855999999997,-0.22060000000000102,-0.8611000000000004,3.049999999999999,10.0152,28.1056625,-124.501375,-0.21812499999999968,4.7388875000000015,2.995825,11.8144,-0.32524060563236956,-1.1279014597019037
120.8,22.9,451.4754,SSP3-7.0,2021-2040,-34.32209999999998,28.655900000000003,-167.45969999999988,-0.8491,3.1000000000000014,3.1426,12.4413,27.663774999999998,-165.6913,-0.5300000000000002,5.390050000000001,3.1090125,11.503525,-0.32524060563236956,-1.0647056793321166
120.8,22.95,394.1903,SSP3-7.0,2021-2040,-41.309799999999996,27.540399999999998,-235.42680000000018,-1.087299999999999,6.435200000000002,3.1981,11.8065,28.28245,-205.13060000000007,-0.6254875000000002,6.2020875,2.7597125,11.6614,-0.32524060563236956,-1.0015098989623252
120.8,23.0,377.9689,SSP3-7.0,2021-2040,-35.23320000000001,27.047600000000003,-263.64670000000024,-0.6188000000000002,6.662999999999997,2.225900000000001,10.0761,28.6684625,-241.77415000000013,-0.5696375000000002,6.5898125,2.3742875000000003,12.1461875,-0.32524060563236956,-0.9383141185925338
120.8,23.05,422.9678,SSP3-7.0,2021-2040,-36.88810000000001,31.631600000000006,-332.0435000000002,-0.45069999999999766,6.175899999999999,1.5832999999999995,14.626100000000001,28.505787499999997,-269.8449500000001,-0.40241250000000095,6.61435,1.9446750000000004,11.7394,-0.32524060563236956,-0.8751183382227424
120.8,23.1,456.3283,SSP3-7.0,2021-2040,-39.59559999999999,28.915099999999995,-380.5846999999999,-0.24780000000000157,6.2074,0.855599999999999,11.7283,31.3207875,-258.39132500000005,-0.2170375,6.842575000000001,1.8620375,13.889125,-0.32524060563236956,-0.811922557852951
120.8,23.15,421.4172,SSP3-7.0,2021-2040,-26.156299999999987,34.096900000000005,-304.5,-0.0257000000000005,7.1815,1.4573999999999998,15.5065,32.465450000000004,-218.98598749999996,0.04223750000000015,6.319675000000001,1.7569625,14.453524999999999,-0.32524060563236956,-0.748726777483164
120.8,23.2,386.4121,SSP3-7.0,2021-2040,-15.7423,35.259499999999996,-156.12300000000005,0.6006,7.874100000000006,1.8036999999999992,16.939100000000003,33.861337500000005,-172.7743375,0.24851249999999947,5.93195,1.9388874999999999,15.0114,-0.32524060563236956,-0.6855309971133726
120.8,23.25,363.5412,SSP3-7.0,2021-2040,-11.36220000000003,34.73499999999999,-129.1608000000001,0.6398999999999972,6.0426,2.2314999999999987,15.352199999999998,34.2850375,-149.87523749999997,0.39977499999999955,5.861825,1.9367874999999997,15.4293375,-0.32524060563236956,-0.6223352167435812
120.8,23.3,350.1428,SSP3-7.0,2021-2040,-10.79060000000004,34.40710000000001,-165.67769999999973,0.5645999999999987,5.751899999999999,1.799999999999999,15.269599999999999,34.908474999999996,-136.85162500000007,0.4677499999999988,5.1007,2.0309999999999997,16.0913,-0.32524060563236956,-0.5591394363737897
120.8,23.35,359.2459,SSP3-7.0,2021-2040,-13.99720000000002,36.0779,-130.06910000000016,0.5248999999999988,2.4443999999999946,1.9184999999999999,18.8761,35.6861875,-132.47472499999998,0.49728749999999966,4.075,2.0805499999999997,17.0918375,-0.32524060563236956,-0.4959436560039983
120.8,23.4,378.8655,SSP3-7.0,2021-2040,-26.118600000000015,35.550200000000004,-122.35199999999986,0.4540000000000006,2.244399999999999,1.8259000000000007,17.797800000000002,35.7797,-118.59552500000007,0.4806249999999994,2.794674999999999,2.0775375,18.0231,-0.32524060563236956,-0.43274787563421135
120.8,23.45,349.367,SSP3-7.0,2021-2040,-20.789300000000026,36.4604,-119.14239999999972,0.34140000000000015,1.1425999999999945,1.4758999999999993,18.5522,35.535525,-119.32325000000003,0.3577124999999999,2.2685125,2.2935,18.1578875,-0.32524060563236956,-0.3695520952644199
120.8,23.5,415.8918,SSP3-7.0,2021-2040,-20.072400000000016,33.573100000000004,-95.54149999999981,0.14789999999999992,2.5778000000000034,2.7444000000000006,16.5283,35.7137625,-138.9436875,0.2066374999999998,1.9613499999999986,2.1659499999999996,18.6551875,-0.32524060563236956,-0.3063563148946285
120.8,23.55,403.9372,SSP3-7.0,2021-2040,-15.956000000000017,32.9809,-144.98489999999993,0.06400000000000006,3.8999999999999986,2.368500000000001,17.037,35.9932625,-121.48788749999997,0.14634999999999954,1.3775500000000012,2.6157249999999994,18.6712125,-0.32524060563236956,-0.24316053452483705
120.8,23.6,307.6143,SSP3-7.0,2021-2040,-11.840100000000007,33.0931,-72.7856999999999,0.3370999999999995,1.503700000000002,2.9240999999999993,17.6065,36.7476125,-95.09604999999999,0.25619999999999976,1.1738375000000003,2.93865,19.1315375,-0.32524060563236956,-0.17996475415504562
120.8,23.65,246.432,SSP3-7.0,2021-2040,-8.624899999999997,36.395799999999994,-10.83030000000008,0.47469999999999857,-0.014800000000001035,3.712999999999999,18.869600000000002,36.373999999999995,-61.88623749999999,0.48677499999999885,0.42777500000000135,3.0953749999999998,18.639387499999998,-0.32524060563236956,-0.11676897378525869
120.8,23.7,246.221,SSP3-7.0,2021-2040,-8.402500000000003,36.10059999999999,-80.81850000000009,0.49359999999999715,0.25,3.3019,20.1543,36.37734999999999,-31.224249999999984,0.6517874999999993,-0.1671250000000004,3.2986,18.023362499999998,-0.32524060563236956,-0.053573193415467256
120.8,23.75,219.1426,SSP3-7.0,2021-2040,-2.1858999999999753,36.859899999999996,-31.82899999999995,0.7040000000000006,0.6240999999999985,2.8295999999999992,18.7478,35.38185,-24.726625000000013,0.7642624999999987,-0.30137500000000017,3.288425,17.29455,-0.32524060563236956,0.009622586954324176
120.8,23.8,200.978,SSP3-7.0,2021-2040,-8.126400000000018,34.1365,8.464400000000069,0.8501000000000012,1.0315000000000012,3.972200000000001,17.326100000000004,35.433187499999995,-33.018925000000024,0.6977749999999996,0.24514999999999887,3.0775249999999996,17.242125,-0.32524060563236956,0.0728183673241156
120.8,23.85,204.2281,SSP3-7.0,2021-2040,-10.155200000000008,35.674299999999995,-73.77690000000007,0.623899999999999,1.242599999999996,3.237,17.4957,35.017824999999995,-47.71691250000001,0.6252249999999995,0.7729250000000008,2.7557875,17.07365,-0.32524060563236956,0.13601414769390704
120.8,23.9,212.8352,SSP3-7.0,2021-2040,-4.5976,36.080299999999994,-147.41009999999983,0.2931999999999988,2.1278000000000006,2.4222,16.5087,35.3982625,-74.61097500000005,0.4772874999999992,0.17198750000000018,2.4317125,17.682074999999998,-0.32524060563236956,0.19920992806369398
120.8,23.95,221.66,SSP3-7.0,2021-2040,-6.121399999999994,36.1822,-135.1748,0.19019999999999726,-0.6019000000000005,2.579600000000001,17.45,35.7759875,-78.70944999999998,0.5041374999999992,-0.2502374999999999,2.0349625,17.960875,-0.32524060563236956,0.26240570843348543
120.8,24.0,207.341,SSP3-7.0,2021-2040,-1.9595000000000198,37.6834,-79.31009999999992,0.5780999999999992,0.6073999999999984,1.9406999999999996,19.5826,36.099425000000004,-81.0583375,0.6029624999999994,-0.09006250000000016,1.8071750000000002,18.737775,-0.32524060563236956,0.32560148880327683
120.8,24.05,221.4278,SSP3-7.0,2021-2040,-0.27669999999997685,36.481,-109.49019999999996,0.7031999999999989,2.9258999999999986,1.7222000000000008,19.4587,36.159087500000005,-62.5497,0.6905999999999999,0.3590249999999999,1.6199124999999999,19.357612500000002,-0.32524060563236956,0.3887972691730683
120.8,24.1,221.0414,SSP3-7.0,2021-2040,4.730699999999985,36.1002,-25.384500000000116,0.7221000000000011,-1.3962999999999965,1.8666999999999998,20.0283,35.891912500000004,-74.06758750000003,0.6432374999999997,1.4259374999999999,1.4689750000000001,19.70815,-0.32524060563236956,0.4519930495428597
120.8,24.15,223.0379,SSP3-7.0,2021-2040,3.7564999999999884,36.45830000000001,-35.35429999999997,0.5210000000000008,-2.1647999999999996,1.7444000000000006,20.3739,35.2906375,-64.48047500000004,0.4798,1.5164500000000007,1.4696750000000003,20.1078875,-0.32524060563236956,0.5151888299126467
120.8,24.2,239.039,SSP3-7.0,2021-2040,-11.234799999999979,35.29149999999999,-83.70409999999993,0.009000000000000341,3.1685000000000016,1.1333000000000002,20.186999999999998,35.023062499999995,-52.190687500000024,0.3777750000000002,-0.20091249999999938,1.4043875,20.7894,-0.32524060563236956,0.578384610282438
120.8,24.25,249.2116,SSP3-7.0,2021-2040,-18.59880000000001,34.1032,-23.52339999999981,0.3091000000000008,-2.1407000000000025,1.2906999999999993,21.5326,34.5013625,-41.94286250000002,0.3139750000000001,-0.07778749999999857,1.0289249999999996,21.34565,-0.32524060563236956,0.6415803906522295
120.8,24.3,229.2985,SSP3-7.0,2021-2040,-14.897599999999983,33.6972,-25.68880000000013,0.3633999999999986,1.3537000000000035,0.7832999999999988,22.213,34.0323375,-17.494474999999966,0.5270875000000004,-1.0511499999999998,0.7273124999999994,21.388312499999998,-0.32524060563236956,0.704776171022021
120.8,24.35,222.7878,SSP3-7.0,2021-2040,-5.538399999999996,33.9779,-4.592799999999897,0.815999999999999,-0.3295999999999992,0.37959999999999994,21.5761,33.740337499999995,-9.651249999999976,0.7480374999999997,0.9803249999999997,0.5708374999999994,21.392924999999998,-0.32524060563236956,0.7679719513918124
120.8,24.4,232.9193,SSP3-7.0,2021-2040,-0.016899999999992588,33.7026,-3.059600000000046,0.9682999999999993,1.3389000000000024,0.3351999999999986,21.1739,33.3017375,0.24142500000007772,0.9079749999999995,2.5874999999999995,0.49583749999999993,20.7538,-0.32524060563236956,0.8311677317615993
120.8,24.45,204.9742,SSP3-7.0,2021-2040,-2.8637999999999977,32.21300000000001,8.498199999999997,0.9366999999999983,3.4443999999999946,0.5703999999999994,19.887,32.837199999999996,6.53712500000006,0.9576624999999999,3.111112499999999,0.35950000000000004,20.324437500000002,-0.32524060563236956,0.8943635121313908
120.8,24.5,151.3938,SSP3-7.0,2021-2040,2.8850999999999942,31.19610000000001,54.424600000000055,1.3606999999999996,1.6573999999999955,0.018499999999999517,19.2804,32.2170375,4.163400000000024,0.7279250000000004,3.3354124999999986,0.18032500000000007,19.701075,-0.32524060563236956,0.9575592925011822
120.8,24.55,150.1773,SSP3-7.0,2021-2040,1.0431999999999846,31.0212,32.93999999999983,0.5674000000000028,0.46109999999999474,0.06850000000000023,19.523899999999998,31.951325,-1.6942750000000046,0.6650875,3.388424999999999,-0.15578750000000008,19.399725,-0.32524060563236956,1.0207550728709736
120.8,24.6,168.016,SSP3-7.0,2021-2040,-9.298699999999997,31.786,-9.095000000000027,0.43290000000000006,4.4574,-0.9204000000000008,18.9957,31.495737499999997,-1.2579250000000002,0.5431499999999998,2.7935124999999994,-0.10926249999999982,19.264937500000002,-0.32524060563236956,1.0839508532407651
120.8,24.65,152.9264,SSP3-7.0,2021-2040,-3.6602000000000032,31.1025,15.624900000000025,0.602999999999998,0.49439999999999884,-0.1758999999999995,19.113,31.204375,-7.274362499999995,0.5043375000000001,3.202774999999999,-0.14792499999999997,19.0915875,-0.32524060563236956,1.147146633610552
120.85,21.9,269.1639,SSP3-7.0,2021-2040,-47.7645,40.9683,-155.53019999999992,0.0071000000000012164,16.620400000000004,3.4240999999999993,15.6978,40.14795,-142.50223750000004,-0.0022250000000001435,15.8189625,3.2393625000000004,17.455437499999995,-0.21954676555114824,-2.3286212867279272
120.85,21.95,276.0158,SSP3-7.0,2021-2040,-48.56490000000002,40.689600000000006,-195.1029000000001,0.1109999999999971,16.8759,3.4369999999999994,16.9413,40.2327125,-151.61152500000006,0.06942500000000029,15.479849999999999,3.2636750000000005,17.652175,-0.21954676555114824,-2.265425506358136
120.85,22.0,274.2275,SSP3-7.0,2021-2040,-46.68610000000001,40.72839999999999,-202.1944000000001,0.2411999999999992,15.933299999999996,3.6389000000000014,19.1065,40.17479999999999,-154.5047500000001,0.19461249999999986,15.274525,3.1423750000000004,18.3155,-0.21954676555114824,-2.2022297259883445
120.85,22.05,274.0325,SSP3-7.0,2021-2040,-41.06050000000002,39.699999999999996,-235.20970000000034,0.5445999999999991,11.709299999999999,2.9130000000000003,19.452199999999998,39.8462,-167.3883250000001,0.5292375000000002,15.259025,3.0738625000000006,19.3410375,-0.21954676555114824,-2.139033945618553
120.85,22.1,267.8106,SSP3-7.0,2021-2040,-21.685100000000034,39.239599999999996,-240.4902000000002,0.9634999999999998,12.4741,2.963000000000001,19.8696,38.900925,-154.93037500000008,0.8426,13.682649999999999,2.84215,19.3907625,-0.21954676555114824,-2.0758381652487614
120.85,22.15,245.2124,SSP3-7.0,2021-2040,-6.993099999999998,36.7006,-150.99339999999984,1.3058999999999976,13.149999999999999,3.109300000000001,18.2935,37.49355,-139.23823750000003,1.0918500000000004,13.4233875,2.8553375,18.456525,-0.21954676555114824,-2.0126423848789745
120.85,22.2,286.3185,SSP3-7.0,2021-2040,-13.418299999999988,33.6415,-128.98390000000018,1.2147000000000006,11.087,3.3851999999999993,16.773899999999998,36.055387499999995,-100.18452499999995,1.3294875,13.379625,2.9118125,17.4212,-0.21954676555114824,-1.9494466045091832
120.85,22.25,275.7984,SSP3-7.0,2021-2040,-6.362700000000018,33.4589,-93.03829999999971,1.6905000000000001,13.761099999999999,3.5610999999999997,16.7087,34.9201125,-74.22144999999995,1.2634625000000006,13.2891125,2.9886625,16.75815,-0.21954676555114824,-1.8862508241393918
120.85,22.3,270.1267,SSP3-7.0,2021-2040,-10.846700000000055,34.89280000000001,-57.08689999999979,1.2290000000000028,12.538899999999998,3.277799999999999,18.0652,34.442625,-44.55952499999995,1.14825,12.5981375,3.1805625000000006,16.6505375,-0.21954676555114824,-1.8230550437696005
120.85,22.35,289.6063,SSP3-7.0,2021-2040,-16.228899999999953,34.4889,-5.683300000000145,1.0424000000000007,11.040700000000001,3.3110999999999997,17.6587,33.2328125,-20.520612499999913,0.9708625000000004,11.207637499999999,3.217375,15.921187500000002,-0.21954676555114824,-1.759859263399809
120.85,22.4,297.7591,SSP3-7.0,2021-2040,-21.102100000000007,31.619799999999998,28.258499999999913,1.2997000000000014,9.933300000000003,3.4925999999999995,14.6239,31.813125,10.506537500000036,1.0301999999999998,10.1604,3.3245375,15.076350000000001,-0.21954676555114824,-1.696663483030022
120.85,22.45,293.1296,SSP3-7.0,2021-2040,-21.44659999999999,31.0646,71.62530000000015,1.8127999999999993,10.061099999999996,3.4406999999999996,14.823899999999998,29.439175,27.166537499999976,1.2340375000000003,10.316424999999999,3.257175,13.392125,-0.21954676555114824,-1.6334677026602307
120.85,22.5,279.1767,SSP3-7.0,2021-2040,-17.801199999999994,29.679800000000007,65.88439999999969,1.6156000000000006,11.088900000000002,3.0443999999999996,13.769599999999999,28.826375,29.341162499999996,1.2763,10.642587499999998,3.1826375,13.118749999999999,-0.21954676555114824,-1.570271922290439
120.85,22.55,288.674,SSP3-7.0,2021-2040,-22.14779999999996,29.46009999999999,26.23999999999978,1.3804000000000016,11.2926,2.8926,13.1022,28.9265875,14.530875000000009,1.1548874999999996,9.960887499999998,3.0148124999999997,13.1532625,-0.21954676555114824,-1.5070761419206478
120.85,22.6,319.2749,SSP3-7.0,2021-2040,-24.41840000000002,30.040399999999998,6.315599999999904,1.1773999999999987,9.8889,2.842599999999999,13.4848,28.710637499999997,-22.772325000000023,0.9475625000000005,8.635425,2.8930499999999997,12.94565,-0.21954676555114824,-1.4438803615508562
120.85,22.65,354.9169,SSP3-7.0,2021-2040,-27.911,25.825699999999998,-37.602300000000014,0.7414000000000023,7.459299999999999,2.8278,9.719600000000002,28.906824999999998,-58.26578749999999,0.8521999999999998,7.282174999999999,2.8122624999999997,13.491575000000001,-0.21954676555114824,-1.3806845811810693
120.85,22.7,364.6054,SSP3-7.0,2021-2040,-26.42779999999999,27.50560000000001,-84.57670000000007,0.4573999999999998,7.011099999999999,2.998099999999999,12.5087,28.049049999999998,-83.48578749999996,0.6791,6.160187499999999,2.6990749999999997,12.9687625,-0.21954676555114824,-1.317488800811278
120.85,22.75,340.672,SSP3-7.0,2021-2040,-20.338400000000036,29.029199999999996,-105.70289999999977,0.2032999999999987,5.481499999999997,2.8148,13.3935,28.0156875,-95.34782499999997,0.4609874999999999,6.0192125,2.6414374999999994,12.68615,-0.21954676555114824,-1.2542930204414864
120.85,22.8,329.8324,SSP3-7.0,2021-2040,-16.877400000000023,29.476200000000006,-111.9391999999998,-0.03609999999999758,5.168500000000002,2.7704000000000004,12.0065,27.447349999999997,-98.13056249999991,0.3037124999999996,5.555562500000001,2.5840249999999996,11.7521875,-0.21954676555114824,-1.191097240071695
120.85,22.85,336.1172,SSP3-7.0,2021-2040,-20.18580000000003,24.9996,-114.30569999999989,-0.030400000000000205,6.214800000000004,2.9815000000000005,9.8022,27.2644625,-100.56554999999992,0.06367500000000037,5.529862500000002,2.5914374999999996,10.980699999999999,-0.21954676555114824,-1.1279014597019037
120.85,22.9,320.1834,SSP3-7.0,2021-2040,-22.27800000000002,24.1415,-96.48979999999983,-0.27449999999999974,5.840700000000005,2.640699999999999,8.7804,27.05715,-103.21918749999998,-0.013025000000000286,5.6870375000000015,2.5594875,10.757337499999998,-0.21954676555114824,-1.0647056793321166
120.85,22.95,269.1855,SSP3-7.0,2021-2040,-28.174499999999995,25.135400000000004,-87.25630000000001,-0.2663000000000011,6.461100000000002,1.9184999999999999,8.4957,26.561037500000005,-107.09602500000005,-0.013662500000000577,6.310412500000001,2.4023000000000003,10.241837499999999,-0.21954676555114824,-1.0015098989623252
120.85,23.0,259.6237,SSP3-7.0,2021-2040,-27.31479999999999,23.650599999999997,-109.32220000000007,-0.27160000000000295,5.564799999999998,2.0111000000000008,7.7804,26.4462125,-129.5791750000001,0.07906249999999959,6.9138875,2.0370125000000003,10.269025000000001,-0.21954676555114824,-0.9383141185925338
120.85,23.05,309.4019,SSP3-7.0,2021-2040,-26.705700000000036,23.0075,-186.45749999999998,-0.2615000000000016,7.722200000000001,1.7833000000000006,8.3804,26.3297625,-167.98235000000005,0.11259999999999959,6.421525,1.6261500000000002,10.044575,-0.21954676555114824,-0.8751183382227424
120.85,23.1,386.2774,SSP3-7.0,2021-2040,-27.161400000000015,26.1368,-276.0138999999999,-0.5595999999999997,6.535200000000003,1.3352000000000004,9.867399999999998,28.3480125,-194.3182375,0.08313749999999986,6.0569375,1.4738375,11.5671125,-0.21954676555114824,-0.811922557852951
120.85,23.15,410.2421,SSP3-7.0,2021-2040,-27.623800000000017,31.404600000000002,-257.65110000000004,-0.5323999999999991,5.1296000000000035,1.463000000000001,12.3413,30.368337500000003,-194.72416249999992,0.07514999999999983,5.3277875,1.4016249999999997,12.7133125,-0.21954676555114824,-0.748726777483164
120.85,23.2,392.642,SSP3-7.0,2021-2040,-21.197000000000003,32.2826,-206.27469999999994,-0.3295999999999992,3.3018999999999963,1.6463,13.1587,32.8757875,-178.98548750000003,0.017199999999999438,5.308575000000001,1.8064874999999998,14.1649375,-0.21954676555114824,-0.6855309971133726
120.85,23.25,389.0688,SSP3-7.0,2021-2040,-20.588700000000017,34.8607,-163.4929000000002,-0.22850000000000037,5.416699999999999,2.248100000000001,14.4652,33.5802625,-167.73508749999996,0.0714624999999991,4.858575,1.9856499999999995,14.717125,-0.21954676555114824,-0.6223352167435812
120.85,23.3,367.6713,SSP3-7.0,2021-2040,-18.75109999999995,34.58930000000001,-190.73289999999997,0.05489999999999995,5.9833,2.1758999999999986,16.076100000000004,34.332012500000005,-148.22340000000003,0.1215999999999986,4.393762499999999,2.0773124999999997,15.0608875,-0.21954676555114824,-0.5591394363737897
120.85,23.35,360.5144,SSP3-7.0,2021-2040,-19.293900000000008,33.9423,-140.6558,0.3099999999999987,4.481500000000004,2.127799999999999,14.0696,34.8625,-130.42489999999998,0.3088749999999991,3.6060124999999985,1.9400374999999996,16.275275,-0.21954676555114824,-0.4959436560039983
120.85,23.4,364.9905,SSP3-7.0,2021-2040,-19.824299999999994,38.0751,-117.33780000000024,0.49659999999999727,1.9536999999999978,2.3499999999999996,19.113,34.416975,-112.10177499999998,0.36967499999999953,3.137037499999999,1.8043874999999998,16.282625,-0.21954676555114824,-0.43274787563421135
120.85,23.45,354.3272,SSP3-7.0,2021-2040,-21.541600000000017,34.583600000000004,-112.9653000000003,0.24609999999999843,3.796299999999995,2.0722000000000005,17.1087,34.6112,-110.62001249999997,0.34672499999999973,2.788425,1.9634125,16.9035375,-0.21954676555114824,-0.3695520952644199
120.85,23.5,342.8322,SSP3-7.0,2021-2040,-14.728400000000022,35.500400000000006,-129.74220000000014,0.13739999999999952,3.6148000000000025,2.3407,17.6196,34.8399,-119.23028749999995,0.20972499999999972,3.312499999999999,2.0324,17.5347875,-0.21954676555114824,-0.3063563148946285
120.85,23.55,318.4764,SSP3-7.0,2021-2040,-18.451300000000003,37.6476,-161.10660000000007,0.11289999999999978,4.011099999999999,2.088899999999999,19.7565,35.1305375,-102.57719999999998,0.19198749999999976,3.3226875000000007,2.3400499999999997,17.863325,-0.21954676555114824,-0.24316053452483705
120.85,23.6,262.9637,SSP3-7.0,2021-2040,-17.036400000000015,37.1607,-80.87599999999998,0.3830999999999989,3.3185000000000002,2.2851999999999997,19.1935,36.583275,-80.66137499999999,0.2701874999999996,2.9169,2.7347374999999996,18.866575,-0.21954676555114824,-0.17996475415504562
120.85,23.65,233.8112,SSP3-7.0,2021-2040,-18.170000000000016,37.942499999999995,-49.81549999999993,0.4689000000000014,1.518500000000003,2.9222,19.3435,36.5625,-56.491225000000014,0.4187249999999989,2.0756999999999994,2.9092875,18.8288,-0.21954676555114824,-0.11676897378525869
120.85,23.7,232.6723,SSP3-7.0,2021-2040,-18.192800000000005,35.19109999999999,-58.90300000000002,0.5086999999999975,-0.022199999999998,2.7741000000000007,15.180399999999999,37.3043,-51.07599999999999,0.4671374999999993,1.4384249999999996,3.0518625,19.41195,-0.21954676555114824,-0.053573193415467256
120.85,23.75,216.9823,SSP3-7.0,2021-2040,-18.003299999999996,36.7672,-60.604499999999916,0.37129999999999797,-1.5795999999999992,2.9406999999999996,17.4652,35.910025000000005,-51.267075000000006,0.5340874999999996,1.5585625000000007,2.7676,17.947000000000003,-0.21954676555114824,0.009622586954324176
120.85,23.8,214.1326,SSP3-7.0,2021-2040,-10.578399999999988,34.669200000000004,-47.392700000000104,0.6544999999999987,1.0889000000000024,1.8999999999999986,15.9326,35.792137499999995,-64.15582499999996,0.4143499999999998,1.7872750000000002,2.8101624999999997,17.3201125,-0.21954676555114824,0.0728183673241156
120.85,23.85,223.7883,SSP3-7.0,2021-2040,0.8777000000000044,36.4632,-89.50909999999999,0.3308,3.770399999999995,2.472199999999999,17.5761,34.476124999999996,-64.85897499999996,0.4192624999999994,1.5076375000000013,2.3992875,15.853,-0.21954676555114824,0.13601414769390704
120.85,23.9,218.0876,SSP3-7.0,2021-2040,7.323499999999996,34.467600000000004,-75.04919999999993,0.17159999999999798,0.8370000000000033,2.1629999999999985,15.9283,34.7461,-87.40110000000001,0.31743749999999915,1.2955999999999994,2.1960500000000005,16.1597875,-0.21954676555114824,0.19920992806369398
120.85,23.95,241.0315,SSP3-7.0,2021-2040,-1.8992000000000075,34.8378,-102.58160000000021,0.22129999999999939,1.3111000000000033,2.005600000000001,17.0152,34.8371125,-78.40876249999997,0.35171249999999876,1.057624999999999,1.8206,16.36115,-0.21954676555114824,0.26240570843348543
120.85,24.0,223.3904,SSP3-7.0,2021-2040,-0.43610000000001037,34.721599999999995,-81.15819999999985,0.4715999999999987,2.283299999999997,1.9666999999999994,17.0522,35.527625,-85.49607500000002,0.35824999999999907,1.9506749999999995,1.52245,17.6861375,-0.21954676555114824,0.32560148880327683
120.85,24.05,219.5046,SSP3-7.0,2021-2040,7.645899999999983,36.359899999999996,-84.02919999999995,0.7102000000000004,4.3870000000000005,0.9721999999999991,19.4652,35.521074999999996,-72.234625,0.4789374999999998,2.6441999999999997,1.5345,18.3614125,-0.21954676555114824,0.3887972691730683
120.85,24.1,219.5583,SSP3-7.0,2021-2040,11.467299999999994,33.87910000000001,-60.65210000000002,0.7054000000000009,5.024100000000004,1.7352000000000007,18.763,35.799125000000004,-72.2120875,0.5566249999999999,2.324062500000001,1.5942125,19.003525,-0.21954676555114824,0.4519930495428597
120.85,24.15,242.29,SSP3-7.0,2021-2040,10.517799999999994,35.0698,-78.87220000000002,0.6786999999999992,3.251899999999999,2.3888999999999996,18.5587,34.85,-52.39722499999996,0.5308250000000005,1.9907375000000016,1.7328750000000004,19.0399375,-0.21954676555114824,0.5151888299126467
120.85,24.2,229.9375,SSP3-7.0,2021-2040,2.762900000000002,34.468999999999994,-55.51319999999987,0.5164000000000009,1.6000000000000014,2.6722,19.5652,34.510225,-51.80049999999994,0.45453750000000026,0.8798625000000007,1.7675875,19.294562499999998,-0.21954676555114824,0.578384610282438
120.85,24.25,226.4111,SSP3-7.0,2021-2040,-4.6684999999999945,34.4873,-70.64980000000014,0.3868000000000009,-0.02039999999999509,1.9666999999999994,20.273899999999998,33.932199999999995,-39.41664999999992,0.47065000000000046,0.32267500000000027,1.4865499999999998,19.9923875,-0.21954676555114824,0.6415803906522295
120.85,24.3,224.8746,SSP3-7.0,2021-2040,-11.637299999999982,33.586,-27.876399999999876,0.6106000000000016,-2.1129999999999995,1.0406999999999993,21.289099999999998,33.7306125,-37.74021250000001,0.6027499999999999,-0.2694499999999991,1.2310124999999996,20.5785375,-0.21954676555114824,0.704776171022021
120.85,24.35,234.397,SSP3-7.0,2021-2040,-4.406199999999984,33.3747,-22.223600000000033,0.809899999999999,-0.12219999999999942,0.6018999999999988,21.6522,33.500775,-35.274850000000015,0.7316124999999998,0.6546250000000011,0.9587874999999997,20.795650000000002,-0.21954676555114824,0.7679719513918124
120.85,24.4,232.7173,SSP3-7.0,2021-2040,2.0038000000000125,33.7085,-24.18640000000005,0.9042999999999992,1.981499999999997,1.1166999999999998,21.189100000000003,32.9583375,-20.83918749999998,0.8125874999999998,1.909250000000001,0.7493124999999996,20.444312500000002,-0.21954676555114824,0.8311677317615993
120.85,24.45,199.7521,SSP3-7.0,2021-2040,14.859799999999979,32.994099999999996,11.276600000000144,0.833000000000002,2.6333000000000055,0.6333000000000002,20.0913,32.583237499999996,-17.619099999999975,0.8543374999999995,3.0321749999999987,0.6625124999999996,20.279625,-0.21954676555114824,0.8943635121313908
120.85,24.5,193.6135,SSP3-7.0,2021-2040,-2.5079999999999814,32.800200000000004,-12.322099999999864,0.6387,3.1925999999999988,0.3778000000000006,19.95,31.952375,-10.892562499999997,0.7290750000000006,3.167349999999998,0.2685124999999995,20.045925,-0.21954676555114824,0.9575592925011822
120.85,24.55,175.2682,SSP3-7.0,2021-2040,-4.884200000000021,31.336,-23.601499999999987,0.40030000000000143,3.988900000000001,-0.1352000000000011,19.7652,31.820850000000004,-25.149575000000027,0.5880750000000001,3.157874999999998,-0.11505000000000032,19.824462500000003,-0.21954676555114824,1.0207550728709736
120.85,24.6,177.8317,SSP3-7.0,2021-2040,-13.171900000000022,31.6633,-30.706500000000005,0.4812999999999974,4.264800000000001,-0.49629999999999974,19.700000000000003,31.229924999999998,-28.347775000000013,0.44613750000000074,3.0902749999999983,-0.26505000000000034,19.4801625,-0.21954676555114824,1.0839508532407651
120.85,24.65,172.7335,SSP3-7.0,2021-2040,-12.890999999999991,30.27649999999999,-12.155599999999822,0.6066000000000003,5.399999999999999,-0.3721999999999994,19.465200000000003,31.212525,-21.849924999999956,0.45529999999999937,3.2182874999999997,-0.28333750000000013,18.857625,-0.21954676555114824,1.147146633610552
120.85,24.7,147.7511,SSP3-7.0,2021-2040,-5.073900000000009,30.617599999999996,7.382200000000012,0.4577999999999989,4.596299999999999,0.14999999999999947,18.3652,31.4085625,-13.64056249999993,0.40412499999999896,3.0282374999999995,-0.32546249999999977,19.115225,-0.21954676555114824,1.2103424139803434
120.9,22.0,253.4294,SSP3-7.0,2021-2040,-40.5163,40.8186,-162.51670000000013,0.43019999999999925,17.6722,3.092600000000001,18.528299999999998,40.3382375,-186.0893000000001,0.4089750000000003,15.2127375,3.1757125000000004,18.7589625,-0.11385292546989689,-2.2022297259883445
120.9,22.05,241.9081,SSP3-7.0,2021-2040,-29.59899999999999,41.369899999999994,-159.97509999999988,0.5373000000000019,14.9296,2.7741000000000007,20.5152,39.571637499999994,-183.16718750000013,0.6970374999999995,14.4768625,2.9993250000000007,19.367125,-0.11385292546989689,-2.139033945618553
120.9,22.1,234.1006,SSP3-7.0,2021-2040,-14.067099999999982,40.046299999999995,-163.1799000000001,0.8268000000000022,16.1593,2.9352,19.9304,39.3596625,-177.26835000000003,0.8840249999999998,14.172687499999999,2.9227125000000003,19.3171375,-0.11385292546989689,-2.0758381652487614
120.9,22.15,234.4953,SSP3-7.0,2021-2040,-9.828899999999976,40.437200000000004,-177.5983000000001,1.025500000000001,15.3204,2.5500000000000007,20.339100000000002,37.923249999999996,-145.48522500000004,1.1070250000000006,13.179625,2.929425,18.88425,-0.11385292546989689,-2.0126423848789745
120.9,22.2,248.2464,SSP3-7.0,2021-2040,-14.1558,38.910799999999995,-150.79999999999973,1.3092000000000006,13.618500000000001,2.9055999999999997,18.737000000000002,36.5516,-116.71992499999999,1.2037625000000003,13.99005,2.9324125,18.072275,-0.11385292546989689,-1.9494466045091832
120.9,22.25,245.4047,SSP3-7.0,2021-2040,-8.48569999999998,37.1269,-90.69100000000026,1.3927000000000014,13.729599999999998,2.7741000000000007,18.5783,36.002787500000004,-94.83188749999994,1.1389625000000003,13.2148125,3.1956125,17.760037500000003,-0.11385292546989689,-1.8862508241393918
120.9,22.3,252.972,SSP3-7.0,2021-2040,-13.400800000000004,37.379400000000004,-95.7527,1.0410000000000004,14.781500000000001,2.7036999999999995,19.1304,35.309,-56.47656249999994,1.0862875000000005,12.733325,3.269225,17.48615,-0.11385292546989689,-1.8230550437696005
120.9,22.35,261.906,SSP3-7.0,2021-2040,-4.8197999999999865,37.465399999999995,-29.329999999999927,0.12879999999999825,11.374100000000002,3.816700000000001,18.813000000000002,34.218075,-33.94503750000001,1.0919000000000008,12.185862499999999,3.1354249999999997,16.9445625,-0.11385292546989689,-1.759859263399809
120.9,22.4,260.687,SSP3-7.0,2021-2040,-14.696800000000025,34.177099999999996,-14.312800000000152,0.5825999999999993,12.414799999999996,3.4499999999999993,16.8848,34.0184625,-16.705225000000013,1.0048750000000002,11.937725,3.264125,16.776075,-0.11385292546989689,-1.696663483030022
120.9,22.45,272.293,SSP3-7.0,2021-2040,-18.10560000000001,32.225699999999996,-31.246399999999994,1.045300000000001,13.5759,3.2184999999999997,16.2565,33.1152125,-0.7378625000000625,0.9667749999999997,11.416899999999998,3.30325,16.013312499999998,-0.11385292546989689,-1.6334677026602307
120.9,22.5,250.163,SSP3-7.0,2021-2040,-12.735100000000017,31.508699999999997,-8.823499999999967,1.2485999999999997,13.805599999999998,3.170399999999999,15.084799999999998,32.00465,-8.085825000000057,0.9926250000000003,11.4560125,2.9858749999999996,15.5135875,-0.11385292546989689,-1.570271922290439
120.9,22.55,262.9983,SSP3-7.0,2021-2040,-20.68149999999997,30.7746,-33.87570000000005,0.6028999999999982,12.044400000000003,2.735199999999999,14.85,31.634037499999998,-22.93553749999998,0.9205000000000005,10.7870625,2.9594875,15.172562499999998,-0.11385292546989689,-1.5070761419206478
120.9,22.6,319.0565,SSP3-7.0,2021-2040,-36.59790000000004,32.2955,-81.58419999999978,0.628700000000002,7.459299999999999,2.75,15.363000000000001,30.7537125,-65.22439999999995,0.6424750000000006,9.533800000000001,2.8817125,14.246475,-0.11385292546989689,-1.4438803615508562
120.9,22.65,370.8145,SSP3-7.0,2021-2040,-46.96890000000002,31.468899999999998,-155.68679999999995,0.5249000000000024,7.061100000000003,2.618499999999999,14.4152,29.918149999999997,-101.0820124999999,0.4337875000000002,7.744225,2.9548625,13.8051625,-0.11385292546989689,-1.3806845811810693
120.9,22.7,378.5575,SSP3-7.0,2021-2040,-46.154499999999985,27.666099999999993,-172.17579999999998,0.12839999999999918,6.4222,2.5203999999999986,14.526100000000001,29.17425,-120.84601249999992,0.3626499999999999,6.76065,2.8231374999999996,13.223637499999999,-0.11385292546989689,-1.317488800811278
120.9,22.75,333.0307,SSP3-7.0,2021-2040,-36.489900000000034,26.188499999999998,-124.94119999999975,0.366699999999998,6.899999999999999,2.3295999999999992,12.945699999999999,28.5817625,-114.20734999999996,0.3495750000000002,6.6092625,2.6963,12.7394,-0.11385292546989689,-1.2542930204414864
120.9,22.8,290.6291,SSP3-7.0,2021-2040,-24.982500000000016,25.463499999999996,-99.18410000000017,0.3232999999999997,8.813000000000002,2.2814999999999994,9.828299999999999,28.62105,-97.58354999999989,0.534675,6.9300875,2.4787125,12.407074999999999,-0.11385292546989689,-1.191097240071695
120.9,22.85,268.2432,SSP3-7.0,2021-2040,-23.7783,28.586599999999997,-87.69579999999996,0.645900000000001,9.1111,1.8388999999999989,11.243500000000001,27.737425,-73.14619999999994,0.6481750000000006,7.338425000000002,2.4282500000000002,11.098375,-0.11385292546989689,-1.1279014597019037
120.9,22.9,250.9295,SSP3-7.0,2021-2040,-23.93689999999998,26.659400000000005,-46.30880000000002,0.6508000000000003,8.450000000000003,2.3352000000000004,10.463000000000001,27.54635,-34.559287499999954,0.8839874999999999,7.168750000000002,2.1372625000000003,10.556,-0.11385292546989689,-1.0647056793321166
120.9,22.95,233.7078,SSP3-7.0,2021-2040,-23.691000000000003,29.158500000000004,21.48519999999985,1.0527999999999977,6.5852,2.0111000000000008,11.7913,25.555087500000003,2.585012500000005,1.028625,7.112725000000001,2.0534625,9.125824999999999,-0.11385292546989689,-1.0015098989623252
120.9,23.0,235.3136,SSP3-7.0,2021-2040,-20.26230000000001,25.634400000000007,40.40059999999994,1.2883999999999993,7.8444,1.6537000000000006,8.795699999999998,24.256375,10.408799999999957,1.0394999999999994,6.8342624999999995,1.9282375000000003,8.467937500000001,-0.11385292546989689,-0.9383141185925338
120.9,23.05,255.1994,SSP3-7.0,2021-2040,-8.984499999999997,22.414299999999997,6.3115999999999985,0.9758999999999993,7.424100000000003,1.9222000000000001,8.180400000000002,24.606625,-20.75777500000001,0.8661374999999998,6.406699999999999,1.8120375000000002,8.585337499999998,-0.11385292546989689,-0.8751183382227424
120.9,23.1,298.448,SSP3-7.0,2021-2040,-5.202099999999973,25.207699999999996,-28.960000000000036,0.7850000000000001,4.9574,1.4222000000000001,9.3022,26.5559,-65.46643749999996,0.5520749999999999,5.5125,1.6870375000000002,9.942925,-0.11385292546989689,-0.811922557852951
120.9,23.15,343.7647,SSP3-7.0,2021-2040,-6.147600000000011,30.1064,-70.6606999999999,0.4222999999999999,3.6573999999999955,1.3036999999999992,12.471699999999998,29.406525000000002,-96.00393749999992,0.3203874999999998,4.196075,1.6821750000000002,11.272287500000001,-0.11385292546989689,-0.748726777483164
120.9,23.2,362.8426,SSP3-7.0,2021-2040,-18.63100000000003,30.941700000000004,-134.67629999999963,-0.04400000000000048,2.9074000000000026,1.3888999999999996,12.732600000000001,31.749762500000003,-111.82967500000007,0.13777499999999954,4.163912499999999,1.8435125000000003,12.9548875,-0.11385292546989689,-0.6855309971133726
120.9,23.25,397.2404,SSP3-7.0,2021-2040,-26.844100000000026,31.60150000000001,-215.61910000000034,-0.6946000000000012,4.2593,2.5556,13.5109,33.223150000000004,-111.90008749999998,0.15116249999999942,3.7446874999999986,1.9858625,13.8163,-0.11385292546989689,-0.6223352167435812
120.9,23.3,385.0652,SSP3-7.0,2021-2040,-17.704200000000014,34.8254,-143.61619999999994,-0.22010000000000218,2.7480999999999938,2.2833000000000006,14.6978,33.2126875,-114.42105000000004,0.12277499999999941,4.1900625,2.0807874999999996,14.295125,-0.11385292546989689,-0.5591394363737897
120.9,23.35,351.4799,SSP3-7.0,2021-2040,-13.655100000000004,34.2062,-97.49559999999974,0.07659999999999911,4.005600000000001,1.4536999999999995,14.2457,33.487925000000004,-100.12703750000003,0.25886249999999933,3.4377249999999995,2.2270874999999997,15.1326125,-0.11385292546989689,-0.4959436560039983
120.9,23.4,338.5996,SSP3-7.0,2021-2040,-10.618899999999996,31.168800000000005,-76.11790000000019,0.5195000000000007,3.716700000000003,1.7129999999999992,14.126100000000001,32.570037500000005,-88.36462499999999,0.27086249999999934,3.1879624999999994,2.1277749999999997,15.4193125,-0.11385292546989689,-0.43274787563421135
120.9,23.45,336.646,SSP3-7.0,2021-2040,-7.708300000000008,33.346399999999996,-98.01609999999982,0.48489999999999966,3.264800000000001,1.8481000000000005,15.4848,32.3181375,-84.42787500000009,0.25148749999999964,2.680324999999999,2.11505,16.1766375,-0.11385292546989689,-0.3695520952644199
120.9,23.5,305.2153,SSP3-7.0,2021-2040,-14.128700000000038,33.2152,-126.71019999999999,0.19209999999999994,3.7926,1.4093,16.006500000000003,33.667775000000006,-88.93945,0.18989999999999974,2.7907374999999988,2.237725,17.232612500000002,-0.11385292546989689,-0.3063563148946285
120.9,23.55,255.8611,SSP3-7.0,2021-2040,-14.252899999999983,36.912,-95.37529999999992,0.0884999999999998,4.014800000000001,2.251899999999999,19.8043,34.742025,-91.90153750000002,0.19412499999999966,3.2145874999999995,2.2263874999999995,17.6353375,-0.11385292546989689,-0.24316053452483705
120.9,23.6,253.6143,SSP3-7.0,2021-2040,-21.674599999999998,38.6089,-74.60180000000014,0.1858000000000004,3.8592999999999975,2.3963,19.1109,35.806174999999996,-78.87402499999999,0.28902499999999964,3.4120375000000003,2.4909749999999997,18.3654875,-0.11385292546989689,-0.17996475415504562
120.9,23.65,254.9225,SSP3-7.0,2021-2040,-22.135400000000004,39.08540000000001,-35.790899999999965,0.4295999999999971,4.5426,3.213000000000001,19.4043,34.813175,-61.73965000000001,0.4505625000000002,2.6345,2.4120375000000003,17.8502875,-0.11385292546989689,-0.11676897378525869
120.9,23.7,251.597,SSP3-7.0,2021-2040,-22.53370000000001,36.8644,-37.32359999999994,0.5372000000000021,3.1684999999999945,2.6667000000000005,21.1109,36.021874999999994,-61.57362499999999,0.45974999999999966,1.9738500000000005,2.5794000000000006,18.2342375,-0.11385292546989689,-0.053573193415467256
120.9,23.75,241.5842,SSP3-7.0,2021-2040,-20.122100000000017,38.4186,-101.59570000000008,0.2577999999999996,2.998100000000001,2.8278,20.2,35.6017125,-62.855774999999966,0.44403749999999986,1.9724625000000007,2.3074125000000003,17.481524999999998,-0.11385292546989689,0.009622586954324176
120.9,23.8,228.4438,SSP3-7.0,2021-2040,-12.025000000000006,35.039899999999996,-60.73849999999993,0.2667999999999999,3.3296000000000063,1.868500000000001,14.9239,36.6187125,-95.5932,0.22894999999999976,2.6632,2.2375,17.9638625,-0.11385292546989689,0.0728183673241156
120.9,23.85,228.7538,SSP3-7.0,2021-2040,4.461299999999994,32.977500000000006,-103.65729999999985,-0.08990000000000009,2.8815000000000026,2.3332999999999995,14.8261,35.243275,-86.65634999999997,0.24564999999999948,2.622675000000001,1.8516249999999999,16.05435,-0.11385292546989689,0.13601414769390704
120.9,23.9,212.2855,SSP3-7.0,2021-2040,10.118499999999983,32.7637,-19.311500000000024,0.5838999999999999,-0.477800000000002,1.2981000000000016,13.882600000000002,34.578387500000005,-92.90180000000001,0.16482499999999956,2.668512500000001,1.8016374999999998,15.9171125,-0.11385292546989689,0.19920992806369398
120.9,23.95,225.6764,SSP3-7.0,2021-2040,4.502999999999986,32.98980000000001,-27.787500000000136,0.386099999999999,0.11110000000000042,1.2203999999999997,14.523900000000001,33.9629,-67.7822625,0.2751249999999992,2.2618,1.697475,15.8051625,-0.11385292546989689,0.26240570843348543
120.9,24.0,219.0071,SSP3-7.0,2021-2040,-2.070999999999998,33.808299999999996,-62.068700000000035,0.13899999999999935,3.5740999999999943,0.9741,15.960899999999999,34.8376375,-62.96088750000004,0.30977499999999925,2.550225,1.5208499999999998,16.9437375,-0.11385292546989689,0.32560148880327683
120.9,24.05,219.5285,SSP3-7.0,2021-2040,2.379599999999982,35.8786,-83.52649999999994,-0.06210000000000093,3.290700000000001,0.7647999999999993,18.032600000000002,34.655475,-58.242699999999985,0.4634999999999998,3.5523124999999984,1.4604374999999998,17.4374875,-0.11385292546989689,0.3887972691730683
120.9,24.1,217.7921,SSP3-7.0,2021-2040,13.8382,35.616400000000006,-76.28670000000011,0.5742000000000012,4.8444,1.3056,18.012999999999998,34.442625,-63.618237499999964,0.5367124999999997,3.432175000000001,1.5506999999999997,17.635849999999998,-0.11385292546989689,0.4519930495428597
120.9,24.15,240.1689,SSP3-7.0,2021-2040,11.150800000000004,34.428799999999995,-84.7530999999999,0.6056999999999988,3.453700000000005,1.988900000000001,18.0978,33.4221625,-48.519062499999905,0.6608125000000005,2.9555625,1.7203875,17.3075875,-0.11385292546989689,0.5151888299126467
120.9,24.2,251.3502,SSP3-7.0,2021-2040,-0.828000000000003,32.55669999999999,2.4702000000002045,0.5928000000000004,1.3962999999999965,1.4167000000000005,17.2913,32.8133625,-58.029399999999924,0.6492999999999998,1.738662500000002,1.9787124999999999,17.104875,-0.11385292546989689,0.578384610282438
120.9,24.25,255.4906,SSP3-7.0,2021-2040,0.8304000000000258,33.6862,-40.01729999999998,0.5332000000000008,0.09440000000000026,2.2111,18.0413,32.402975,-50.10879999999989,0.6625125000000001,0.4553250000000011,1.5564875,17.584225,-0.11385292546989689,0.6415803906522295
120.9,24.3,263.9308,SSP3-7.0,2021-2040,0.3320000000000505,34.0678,-61.48019999999997,0.8307000000000002,-0.7777999999999992,1.3444000000000003,19.8196,32.12595,-51.003900000000044,0.6368624999999999,-0.10208749999999878,1.3914499999999999,18.3154875,-0.11385292546989689,0.704776171022021
120.9,24.35,270.9366,SSP3-7.0,2021-2040,-7.677199999999971,32.450599999999994,-53.745800000000145,0.7728999999999999,-0.21300000000000097,1.2704000000000004,19.5196,32.29335,-55.60287500000004,0.6415624999999996,0.950237500000001,1.1467625,19.195925000000003,-0.11385292546989689,0.7679719513918124
120.9,24.4,263.7339,SSP3-7.0,2021-2040,-7.841000000000008,32.815599999999996,-81.56880000000001,0.5867000000000004,3.996300000000005,1.4000000000000004,19.5848,31.8498125,-39.13015000000007,0.6494749999999998,2.1708375,0.9814874999999998,19.1521875,-0.11385292546989689,0.8311677317615993
120.9,24.45,234.5316,SSP3-7.0,2021-2040,2.511400000000009,32.138200000000005,-21.29769999999985,0.7772000000000006,4.5259,0.8036999999999992,20.0696,31.70645,-53.07197500000004,0.5868624999999996,3.5150499999999996,0.8588000000000002,19.236687500000002,-0.11385292546989689,0.8943635121313908
120.9,24.5,247.5951,SSP3-7.0,2021-2040,-7.383299999999991,32.091699999999996,-61.44100000000003,0.6620999999999988,4.1203999999999965,0.6777999999999995,21.102199999999996,31.7123,-52.114375000000024,0.5116000000000009,3.4576374999999997,0.30647499999999983,19.5369625,-0.11385292546989689,0.9575592925011822
120.9,24.55,236.4759,SSP3-7.0,2021-2040,-19.5908,32.628699999999995,-87.93970000000013,0.29520000000000124,4.507399999999997,-0.488900000000001,20.6478,31.3702625,-67.5480125,0.45394999999999985,3.1247749999999996,0.08009999999999984,19.8127875,-0.11385292546989689,1.0207550728709736
120.9,24.6,207.7669,SSP3-7.0,2021-2040,-20.350799999999992,31.379600000000003,-87.05690000000004,0.2663000000000011,2.6019000000000005,-0.15740000000000087,19.395699999999998,31.0745875,-59.22646249999997,0.41772500000000035,3.5580999999999996,-0.2500000000000002,19.693475,-0.11385292546989689,1.0839508532407651
120.9,24.65,186.1524,SSP3-7.0,2021-2040,-16.778400000000005,30.308899999999994,-55.49839999999995,0.3974000000000011,2.811099999999996,0.06109999999999971,18.934800000000003,31.053874999999998,-35.69561249999995,0.4069124999999989,3.88565,-0.3161999999999999,19.164137500000002,-0.11385292546989689,1.147146633610552
120.9,24.7,162.078,SSP3-7.0,2021-2040,-9.775200000000012,31.292099999999998,-17.880299999999806,0.4212999999999987,5.014800000000001,-1.0610999999999997,17.6283,31.229924999999998,-18.57417499999994,0.32679999999999976,1.7029999999999994,-0.29166249999999994,19.2760875,-0.11385292546989689,1.2103424139803434
120.9,24.75,129.2189,SSP3-7.0,2021-2040,1.2927999999999997,32.3791,-15.138899999999921,-0.17440000000000033,1.9573999999999998,-0.5074000000000005,19.7761,31.555712500000002,-7.174599999999998,0.30439999999999934,1.7199,-0.40045,18.948099999999997,-0.11385292546989689,1.273538194350135
120.9,24.8,125.7672,SSP3-7.0,2021-2040,2.0482999999999976,31.5824,-6.260199999999941,0.14320000000000022,3.979599999999998,-0.42220000000000013,18.726100000000002,31.510325,-13.49185,0.2172999999999996,1.720600000000001,-0.45601250000000015,19.0731,-0.11385292546989689,1.3367339747199263
120.9,24.85,123.3388,SSP3-7.0,2021-2040,2.5938999999999908,30.919600000000003,-1.9136000000000877,0.253899999999998,2.9074000000000026,-0.8980999999999995,19.6391,31.06395,-14.625949999999989,0.17766250000000006,4.1784750000000015,-0.3020750000000001,18.728825,-0.11385292546989689,1.3999297550897176
120.95,22.45,244.9499,SSP3-7.0,2021-2040,-15.360400000000027,36.3952,-62.68970000000013,0.4204000000000008,10.929599999999997,2.9593000000000007,17.8174,33.5263875,-17.547174999999953,0.8072749999999997,11.880099999999999,3.1205999999999996,16.5271625,-0.008159085388675564,-1.6334677026602307
120.95,22.5,240.3232,SSP3-7.0,2021-2040,-13.23520000000002,33.0111,-56.515100000000075,0.6256999999999984,11.727799999999998,3.0519,16.2891,32.8741375,-29.17723749999996,0.7746125000000004,11.7039375,2.9154999999999998,16.1163125,-0.008159085388675564,-1.570271922290439
120.95,22.55,251.542,SSP3-7.0,2021-2040,-20.554400000000015,33.42609999999999,-44.10939999999982,0.4379000000000026,10.927800000000001,2.5443999999999996,17.2,32.974999999999994,-64.4962124999999,0.5758999999999999,10.5027875,2.8507000000000002,15.914937499999999,-0.008159085388675564,-1.5070761419206478
120.95,22.6,286.5512,SSP3-7.0,2021-2040,-31.041300000000007,33.650600000000004,-90.89209999999957,0.2497000000000007,10.105600000000003,3.379600000000001,17.086999999999996,32.9617125,-71.89852499999992,0.5059625000000008,9.448612500000001,2.6497624999999996,15.935850000000002,-0.008159085388675564,-1.4438803615508562
120.95,22.65,375.6943,SSP3-7.0,2021-2040,-45.48349999999999,31.3833,-192.18449999999984,0.025199999999998113,7.4907,3.213000000000001,14.113000000000001,32.29644999999999,-87.0596249999999,0.4453125000000009,8.3308,2.8245375,15.890212499999999,-0.008159085388675564,-1.3806845811810693
120.95,22.7,384.2909,SSP3-7.0,2021-2040,-45.6182,30.978,-155.95609999999988,0.06210000000000093,6.116700000000002,3.1074,13.6391,31.0448625,-95.94538749999992,0.47371249999999954,7.859475000000001,2.7912124999999994,15.2709125,-0.008159085388675564,-1.317488800811278
120.95,22.75,337.9073,SSP3-7.0,2021-2040,-44.31569999999999,31.014799999999994,-110.11760000000004,0.5201999999999991,6.564799999999998,2.6759000000000004,15.054299999999998,29.794125,-82.30221249999997,0.6379499999999996,7.7867999999999995,2.6810374999999995,13.9576125,-0.008159085388675564,-1.2542930204414864
120.95,22.8,285.5942,SSP3-7.0,2021-2040,-32.3921,27.520700000000005,-74.00639999999999,1.1380000000000017,7.296299999999995,2.4018999999999995,10.9587,30.495525,-67.14112499999999,0.9830124999999996,8.163887500000001,2.3419,13.7616875,-0.008159085388675564,-1.191097240071695
120.95,22.85,255.1593,SSP3-7.0,2021-2040,-21.878199999999993,32.152800000000006,-51.95959999999991,1.4697999999999993,8.703700000000005,2.0167,13.8522,29.8320875,-36.65735000000001,1.3958625000000007,8.1618125,2.2150499999999997,12.633425,-0.008159085388675564,-1.1279014597019037
120.95,22.9,236.5576,SSP3-7.0,2021-2040,-11.018699999999995,31.4857,9.024000000000115,1.9445000000000014,8.220399999999998,1.9981000000000009,13.0957,29.096062500000002,26.949174999999997,1.8470000000000004,7.507412500000001,2.1007,11.5443,-0.008159085388675564,-1.0647056793321166
120.95,22.95,234.3535,SSP3-7.0,2021-2040,7.172200000000004,24.710700000000003,130.7237,2.530100000000001,6.213000000000001,1.6926000000000005,7.3870000000000005,27.433862500000004,86.75911249999996,2.1200875000000003,7.046749999999999,2.1513875000000002,10.4616875,-0.008159085388675564,-1.0015098989623252
120.95,23.0,232.8915,SSP3-7.0,2021-2040,18.061999999999983,23.023000000000003,179.9088999999999,2.627600000000001,8.307399999999998,2.1777999999999995,8.208699999999999,25.116625,113.22503749999993,2.0794875000000004,6.3451375,1.9678250000000004,8.6432125,-0.008159085388675564,-0.9383141185925338
120.95,23.05,232.9709,SSP3-7.0,2021-2040,9.2534,22.951,127.87699999999995,1.929000000000002,6.3962999999999965,1.9093,7.519599999999999,25.229475,96.36758749999998,1.7747000000000002,5.889337499999998,1.9594875,8.7894,-0.008159085388675564,-0.8751183382227424
120.95,23.1,247.647,SSP3-7.0,2021-2040,4.6884000000000015,27.241999999999997,86.50490000000013,1.3918,3.9258999999999986,2.2036999999999995,8.828300000000002,26.583075,55.52256250000002,1.3088375,5.025699999999999,1.9018500000000003,9.7931875,-0.008159085388675564,-0.811922557852951
120.95,23.15,269.5686,SSP3-7.0,2021-2040,0.9194999999999709,29.184600000000003,46.358200000000124,1.0510999999999981,3.3093000000000004,1.5759000000000007,11.954299999999998,29.4512,17.764087500000073,0.9982874999999996,4.000699999999998,2.0773125,10.955975,-0.008159085388675564,-0.748726777483164
120.95,23.2,300.2097,SSP3-7.0,2021-2040,-10.664800000000014,32.852199999999996,2.6813999999999396,0.8007999999999988,3.501899999999999,2.4222,11.993500000000001,30.770050000000005,-28.634687499999984,0.7171624999999993,4.1183,2.0560125000000005,12.585862500000001,-0.008159085388675564,-0.6855309971133726
120.95,23.25,344.9796,SSP3-7.0,2021-2040,-23.10160000000002,31.705500000000008,-29.978500000000167,0.6130999999999993,4.735199999999999,1.5333000000000006,13.743500000000001,31.701187500000003,-56.77805000000001,0.5357999999999992,3.6087999999999996,2.2891125,13.220925000000001,-0.008159085388675564,-0.6223352167435812
120.95,23.3,332.6699,SSP3-7.0,2021-2040,-23.3331,33.727799999999995,-29.110599999999977,0.5626999999999995,1.3629999999999995,2.1889000000000003,13.663000000000002,30.8791875,-73.57776250000003,0.3438124999999994,4.164574999999999,2.081475,13.965775,-0.008159085388675564,-0.5591394363737897
120.95,23.35,294.6614,SSP3-7.0,2021-2040,-19.972500000000025,31.068199999999997,-48.2829999999999,0.28800000000000026,3.2759,2.3629999999999995,14.587,30.613612500000002,-60.695700000000016,0.30952499999999983,3.6872625,1.9224499999999998,14.14185,-0.008159085388675564,-0.4959436560039983
120.95,23.4,277.6213,SSP3-7.0,2021-2040,-16.068600000000004,30.506500000000003,-55.16210000000001,0.05930000000000035,3.979599999999998,2.614799999999999,14.7283,29.465725000000003,-51.92047499999998,0.3198875000000001,3.219450000000001,1.810425,14.306537500000001,-0.008159085388675564,-0.43274787563421135
120.95,23.45,284.7185,SSP3-7.0,2021-2040,-8.825699999999983,24.832000000000008,-37.0012999999999,0.20540000000000092,0.746299999999998,2.1926000000000005,14.0174,30.441537500000003,-49.59101250000003,0.2734375,2.5407375000000005,1.9243124999999999,14.873925,-0.008159085388675564,-0.3695520952644199
120.95,23.5,293.0801,SSP3-7.0,2021-2040,-5.358699999999999,30.663499999999992,-20.386199999999917,0.15549999999999997,-0.15740000000000265,2.2278000000000002,16.6935,31.684812500000003,-55.01929999999996,0.2169749999999997,2.3981499999999993,2.1937499999999996,15.7298875,-0.008159085388675564,-0.3063563148946285
120.95,23.55,264.764,SSP3-7.0,2021-2040,-10.348600000000005,35.8567,-56.922599999999875,0.0884999999999998,3.035199999999996,2.8796,17.3761,33.195812499999995,-60.581875000000025,0.2000999999999995,2.9108875000000003,2.1719999999999997,16.935325,-0.008159085388675564,-0.24316053452483705
120.95,23.6,284.1808,SSP3-7.0,2021-2040,-19.35239999999999,29.2832,-84.86670000000004,0.29769999999999897,4.242600000000003,2.183299999999999,15.3261,35.9385,-59.203775000000036,0.26224999999999943,3.4310374999999995,2.4388999999999994,18.272287499999997,-0.008159085388675564,-0.17996475415504562
120.95,23.65,282.0884,SSP3-7.0,2021-2040,-27.87069999999997,32.561299999999996,-66.23860000000013,0.4430000000000014,2.6129999999999995,2.1037,16.7196,35.6139125,-55.53810000000007,0.4306249999999996,3.563675,2.22895,18.820124999999997,-0.008159085388675564,-0.11676897378525869
120.95,23.7,267.0414,SSP3-7.0,2021-2040,-26.734700000000004,30.893299999999996,-41.291999999999916,0.7801000000000009,2.3778000000000006,1.9648000000000003,16.8174,36.8727875,-63.02972500000004,0.4149750000000001,3.484724999999999,2.238675,19.869037499999997,-0.008159085388675564,-0.053573193415467256
120.95,23.75,234.9577,SSP3-7.0,2021-2040,-19.663999999999987,37.3156,-78.34879999999998,0.4186000000000014,3.3425999999999974,1.8889000000000014,20.7435,36.172725,-79.57237499999997,0.3342500000000004,3.9976875000000005,2.1479250000000003,18.784525000000002,-0.008159085388675564,0.009622586954324176
120.95,23.8,217.9916,SSP3-7.0,2021-2040,-8.034600000000012,38.073,-118.24309999999991,0.015100000000000335,4.074100000000001,2.4556000000000004,17.6783,36.0525125,-122.73231249999995,0.07910000000000039,4.227075000000001,2.0055500000000004,18.439950000000003,-0.008159085388675564,0.0728183673241156
120.95,23.85,229.2761,SSP3-7.0,2021-2040,0.4730999999999881,38.2654,-165.39440000000013,-0.12659999999999982,4.729599999999998,1.0815000000000001,19.2891,34.2195125,-128.0113999999999,0.04294999999999982,3.9708250000000023,1.8780000000000003,15.937237500000002,-0.008159085388675564,0.13601414769390704
120.95,23.9,196.9245,SSP3-7.0,2021-2040,10.211700000000008,32.20420000000001,-117.61229999999978,0.06909999999999883,3.6296000000000035,1.5740999999999996,13.223899999999999,34.098475,-117.94720000000001,0.11301249999999996,3.672437500000001,1.5627250000000001,16.0236375,-0.008159085388675564,0.19920992806369398
120.95,23.95,185.3342,SSP3-7.0,2021-2040,10.47199999999998,34.4216,-61.62300000000005,0.3562000000000012,4.077800000000003,1.5630000000000006,14.9543,33.471975,-73.48935,0.2801874999999989,3.5643374999999997,1.527775,15.672825,-0.008159085388675564,0.26240570843348543
120.95,24.0,189.1248,SSP3-7.0,2021-2040,7.5061000000000035,34.47839999999999,-22.853600000000142,0.18829999999999814,2.8592999999999975,2.0351999999999997,18.4239,34.3954625,-51.199412499999994,0.33821249999999914,3.5620249999999993,1.4974625,16.175262500000002,-0.008159085388675564,0.32560148880327683
120.95,24.05,208.9561,SSP3-7.0,2021-2040,14.58110000000002,35.013400000000004,-40.127500000000055,0.20659999999999812,2.0814999999999984,1.6388999999999996,16.0826,34.473575,-32.32341249999996,0.4997374999999997,3.6432749999999983,1.4909875,17.1402,-0.008159085388675564,0.3887972691730683
120.95,24.1,221.9666,SSP3-7.0,2021-2040,25.271800000000013,33.3667,-38.76559999999972,0.7127000000000017,3.3647999999999954,1.0556,15.7391,33.6192375,-31.990774999999985,0.6149374999999999,3.6041500000000006,1.5722249999999998,16.6741625,-0.008159085388675564,0.4519930495428597
120.95,24.15,244.2324,SSP3-7.0,2021-2040,18.903099999999966,31.544700000000006,-38.2197000000001,0.7364999999999995,2.6037000000000035,1.8610999999999986,16.3478,32.4977,-22.561549999999897,0.7431875000000008,3.4884249999999994,1.529875,15.7728,-0.008159085388675564,0.5151888299126467
120.95,24.2,259.8112,SSP3-7.0,2021-2040,18.45490000000001,30.874900000000004,-42.3131999999996,0.7698,1.5593000000000004,1.3277999999999999,14.1826,30.50735,-30.184937499999933,0.7211374999999998,3.1412000000000004,1.6625,14.678237500000002,-0.008159085388675564,0.578384610282438
120.95,24.25,269.7017,SSP3-7.0,2021-2040,18.150800000000004,27.946200000000005,-53.89669999999978,0.967299999999998,1.3667000000000016,1.4130000000000003,11.7717,30.4366,-46.85341249999993,0.6266124999999998,2.26945,1.4884250000000003,15.062762500000002,-0.008159085388675564,0.6415803906522295
120.95,24.3,302.1375,SSP3-7.0,2021-2040,0.8905000000000314,31.2359,-91.61110000000008,0.6256999999999984,0.6315000000000026,1.2704000000000004,16.480400000000003,29.546924999999998,-59.294437500000015,0.6033499999999998,1.4495375,1.3164250000000004,14.998925,-0.008159085388675564,0.704776171022021
120.95,24.35,321.8954,SSP3-7.0,2021-2040,-16.194999999999993,30.240700000000004,-48.01050000000032,0.3885000000000005,-0.44069999999999965,1.3574000000000002,17.4957,30.100474999999996,-78.06721250000004,0.4603999999999995,2.1479125000000012,1.1664250000000005,16.2100625,-0.008159085388675564,0.7679719513918124
120.95,24.4,287.059,SSP3-7.0,2021-2040,-9.88330000000002,29.3176,-87.86599999999999,0.37609999999999744,4.446300000000001,1.0426000000000002,16.0565,29.8994,-62.125600000000105,0.34058750000000027,2.2580999999999998,1.1023000000000003,16.684262500000003,-0.008159085388675564,0.8311677317615993
120.95,24.45,301.5276,SSP3-7.0,2021-2040,-5.95659999999998,30.57410000000001,-66.98780000000033,0.33389999999999986,4.555599999999998,1.0259,17.143500000000003,29.365025,-78.91250000000002,0.3263374999999997,3.9201249999999987,0.8858750000000004,16.9622375,-0.008159085388675564,0.8943635121313908
120.95,24.5,291.8077,SSP3-7.0,2021-2040,-5.785500000000013,29.349799999999995,-101.48030000000017,0.3600999999999992,3.1943999999999946,0.5963000000000012,18.7761,29.96865,-90.17416250000005,0.36362500000000075,4.174999999999999,0.3999999999999999,17.682074999999998,-0.008159085388675564,0.9575592925011822
120.95,24.55,261.5396,SSP3-7.0,2021-2040,-24.71520000000001,31.877299999999998,-114.5625,0.45440000000000325,1.0630000000000024,-0.3611000000000004,19.8522,30.209487499999998,-106.33342500000003,0.3277249999999996,4.492124999999999,0.14237499999999992,18.6837,-0.008159085388675564,1.0207550728709736
120.95,24.6,233.6375,SSP3-7.0,2021-2040,-21.91489999999999,30.46419999999999,-109.21329999999989,0.3683999999999976,2.5722000000000023,0.13889999999999958,19.9609,30.974349999999998,-85.82500000000002,0.32818750000000074,3.932175,-0.15022500000000027,19.3529875,-0.008159085388675564,1.0839508532407651
120.95,24.65,207.5133,SSP3-7.0,2021-2040,-18.540399999999977,30.041800000000002,-40.134199999999964,0.3382000000000005,3.8573999999999984,-0.3462999999999994,19.2217,31.288112499999997,-52.90913749999996,0.3320874999999992,3.704625,-0.2574000000000001,19.2967625,-0.008159085388675564,1.147146633610552
120.95,24.7,171.6327,SSP3-7.0,2021-2040,-6.768200000000007,32.695899999999995,4.199699999999893,0.3153999999999968,2.777799999999999,-0.3851999999999993,19.576099999999997,31.322812499999998,-27.395024999999947,0.319275,1.46155,-0.37916250000000007,19.1747375,-0.008159085388675564,1.2103424139803434
120.95,24.75,131.9503,SSP3-7.0,2021-2040,3.4823000000000093,31.717600000000004,-18.917999999999893,0.27990000000000137,-11.762999999999998,-0.16110000000000024,19.2239,31.909312499999995,-11.327312499999977,0.2414874999999992,3.485875,-0.4881875,19.092950000000002,-0.008159085388675564,1.273538194350135
120.95,24.8,131.9864,SSP3-7.0,2021-2040,4.9909999999999854,31.616999999999997,-1.9646999999999935,0.0964000000000027,4.3629999999999995,-0.22219999999999995,18.737000000000002,31.457525,-15.911350000000027,0.19818749999999974,1.6655000000000006,-0.3550875000000002,19.1902125,-0.008159085388675564,1.3367339747199263
120.95,24.85,128.2105,SSP3-7.0,2021-2040,4.101799999999997,30.251199999999997,-16.875400000000127,0.12480000000000047,5.477800000000002,-0.2630000000000008,18.9261,30.917749999999998,-15.48891249999997,0.2609999999999997,4.113662500000001,-0.4106249999999999,18.6473,-0.008159085388675564,1.3999297550897176
120.95,24.9,128.708,SSP3-7.0,2021-2040,3.5311000000000092,29.737099999999998,5.492300000000114,0.6034999999999968,1.7778000000000063,-0.4443999999999999,18.137,30.2470625,-19.61782500000001,0.30201250000000046,5.6958375,-0.3449,18.373112499999998,-0.008159085388675564,1.4631255354595045
121.0,22.55,233.2394,SSP3-7.0,2021-2040,-20.27369999999999,35.3324,-27.665499999999838,0.5764999999999993,11.153700000000004,2.2721999999999998,16.8652,32.959937499999995,-44.48526249999992,0.6306375000000006,10.6903,2.8370375,16.3192875,0.09753475469254576,-1.5070761419206478
121.0,22.6,228.2414,SSP3-7.0,2021-2040,-21.195300000000003,35.843799999999995,-24.429100000000062,0.6499000000000024,10.235200000000003,2.2333000000000007,17.6674,33.462625,-61.84691249999986,0.5102000000000002,9.5645875,2.747225,16.532874999999997,0.09753475469254576,-1.4438803615508562
121.0,22.65,255.3947,SSP3-7.0,2021-2040,-23.141999999999996,33.1691,-15.65300000000002,0.601700000000001,9.2167,2.8315,17.013,33.293875,-85.4237249999999,0.46897500000000036,8.606012500000002,2.67755,15.9600625,0.09753475469254576,-1.3806845811810693
121.0,22.7,283.8308,SSP3-7.0,2021-2040,-28.916200000000003,33.2996,-0.09989999999993415,0.7170999999999985,10.029600000000002,3.1555999999999997,17.410899999999998,33.153225,-68.28847499999995,0.5502750000000001,8.085637499999999,2.5803374999999997,15.857325,0.09753475469254576,-1.317488800811278
121.0,22.75,295.801,SSP3-7.0,2021-2040,-32.01679999999999,34.1686,3.2957000000001244,0.9055,9.190700000000003,2.9852,16.6891,32.4542625,-50.29336249999997,0.8455250000000003,7.758562499999999,2.5858999999999996,15.495375,0.09753475469254576,-1.2542930204414864
121.0,22.8,290.8779,SSP3-7.0,2021-2040,-33.307500000000005,33.068000000000005,-35.34990000000016,1.4624999999999986,7.5259,2.6667000000000005,15.663,32.744575,-30.200812499999984,1.2812250000000005,8.1745375,2.4102,15.3752625,0.09753475469254576,-1.191097240071695
121.0,22.85,280.0154,SSP3-7.0,2021-2040,-24.365100000000012,33.3214,-31.176500000000033,2.1702000000000012,8.5019,1.9406999999999996,14.817400000000001,32.520775,7.126500000000021,1.8213125000000003,8.001850000000001,2.3678375000000003,14.886675,0.09753475469254576,-1.1279014597019037
121.0,22.9,269.019,SSP3-7.0,2021-2040,-0.40149999999999864,32.551399999999994,71.43870000000015,2.8317000000000014,7.3759000000000015,2.2573999999999987,14.9978,30.6559625,68.23367499999998,2.2846,7.340050000000001,2.2356500000000006,12.533975,0.09753475469254576,-1.0647056793321166
121.0,22.95,260.8454,SSP3-7.0,2021-2040,32.406000000000006,25.627699999999997,209.0864999999999,3.4247000000000014,5.118500000000001,2.713000000000001,7.802199999999999,29.23515,124.98498749999999,2.5568750000000002,6.859725,2.14305,11.6606,0.09753475469254576,-1.0015098989623252
121.0,23.0,243.1891,SSP3-7.0,2021-2040,24.366199999999992,25.330799999999996,209.03779999999983,3.1402,4.472199999999997,2.0648,8.5391,26.2481875,154.04739999999993,2.4769625000000004,6.395599999999999,2.1048750000000003,9.338325,0.09753475469254576,-0.9383141185925338
121.0,23.05,229.3887,SSP3-7.0,2021-2040,14.394800000000004,25.105599999999995,160.87789999999995,2.294800000000002,6.707399999999996,1.7759,9.130400000000002,27.134887499999998,136.59918749999997,2.1239875,5.572212499999999,2.1479375,9.6948375,0.09753475469254576,-0.8751183382227424
121.0,23.1,224.4784,SSP3-7.0,2021-2040,10.702100000000002,27.878,116.85900000000015,1.6938999999999993,3.4758999999999958,2.4556000000000004,9.330400000000001,28.0746125,98.8272375,1.6242,5.393287499999999,2.2074125,10.162225,0.09753475469254576,-0.811922557852951
121.0,23.15,227.905,SSP3-7.0,2021-2040,5.129300000000001,29.816999999999993,85.51749999999993,1.3186999999999998,4.277799999999999,2.8500000000000014,10.456499999999998,30.655199999999997,68.30798750000002,1.3557749999999995,4.817137499999999,2.3997625000000005,11.3796125,0.09753475469254576,-0.748726777483164
121.0,23.2,240.4428,SSP3-7.0,2021-2040,3.298100000000005,31.5646,84.8469,1.617799999999999,5.3019,2.5722000000000005,12.532599999999999,31.368524999999998,29.89421249999998,1.1715749999999994,5.416437499999999,2.4259000000000004,12.4964625,0.09753475469254576,-0.6855309971133726
121.0,23.25,273.4078,SSP3-7.0,2021-2040,-11.271400000000028,31.239100000000008,5.134500000000116,1.4528999999999996,4.498100000000001,2.6685,13.2848,30.7594,9.210299999999933,1.0708874999999995,5.4388875,2.421275,13.187225,0.09753475469254576,-0.6223352167435812
121.0,23.3,255.5978,SSP3-7.0,2021-2040,-25.969899999999996,26.8572,-23.865000000000236,0.8109000000000002,4.290700000000001,2.2333,13.3522,30.0319125,-14.2693625,0.8859249999999999,5.3127125,2.2659624999999997,13.9385875,0.09753475469254576,-0.5591394363737897
121.0,23.35,232.374,SSP3-7.0,2021-2040,-26.667,25.5304,-34.899200000000064,0.4237000000000002,5.503700000000002,1.5610999999999997,14.304300000000001,29.727125,-19.289712500000007,0.6104499999999997,4.4576125,2.18935,14.0443125,0.09753475469254576,-0.4959436560039983
121.0,23.4,219.7043,SSP3-7.0,2021-2040,-20.9572,28.086600000000004,-25.298999999999978,0.2436000000000007,3.8907000000000025,1.3315000000000001,14.017400000000002,28.403975000000003,-14.84982500000001,0.42151249999999996,3.421287499999999,2.047225,14.20545,0.09753475469254576,-0.43274787563421135
121.0,23.45,223.7154,SSP3-7.0,2021-2040,-12.059899999999999,27.4872,1.7482999999997446,0.31739999999999924,1.3519000000000005,2.0204000000000004,13.669599999999999,28.396425,-8.506212499999975,0.28893749999999985,2.1557749999999993,2.06135,14.5396875,0.09753475469254576,-0.3695520952644199
121.0,23.5,235.9735,SSP3-7.0,2021-2040,-6.724400000000003,29.058100000000003,3.215099999999893,0.2151999999999994,0.4870000000000019,2.2295999999999996,14.265199999999998,29.139125,-12.209162499999962,0.25287499999999996,1.5213124999999987,2.3474625,15.04865,0.09753475469254576,-0.3063563148946285
121.0,23.55,239.3606,SSP3-7.0,2021-2040,-9.019200000000012,32.7709,-31.092299999999796,0.14379999999999882,2.492599999999996,2.718499999999999,15.215200000000001,30.5582875,-26.531425000000013,0.26078749999999973,2.4287125000000014,2.279625,15.8369625,0.09753475469254576,-0.24316053452483705
121.0,23.6,244.608,SSP3-7.0,2021-2040,-13.082799999999992,35.05469999999999,-54.83760000000029,0.3221999999999987,4.555600000000005,1.959299999999999,19.060899999999997,32.323375,-42.52498749999998,0.3082250000000002,2.9979250000000004,2.2833124999999996,16.312775000000002,0.09753475469254576,-0.17996475415504562
121.0,23.65,252.8218,SSP3-7.0,2021-2040,-24.251000000000005,36.658100000000005,-58.77110000000016,0.3965999999999994,2.3352000000000004,1.9888999999999992,19.487000000000002,33.129124999999995,-46.91352500000005,0.4411749999999999,3.5421375000000017,1.8860999999999999,17.6016375,0.09753475469254576,-0.11676897378525869
121.0,23.7,255.6359,SSP3-7.0,2021-2040,-28.949799999999982,38.463300000000004,-56.821100000000115,0.49579999999999913,3.4277999999999977,1.4593000000000007,20.243499999999997,34.70785,-50.89221250000003,0.43270000000000053,3.3203750000000003,1.8888749999999999,18.85355,0.09753475469254576,-0.053573193415467256
121.0,23.75,236.0405,SSP3-7.0,2021-2040,-22.098600000000005,35.6156,-69.34799999999996,0.3412000000000006,5.450000000000003,1.761099999999999,21.0435,35.86895,-75.79829999999998,0.3206000000000002,4.212974999999999,1.8004625000000005,18.904362499999998,0.09753475469254576,0.009622586954324176
121.0,23.8,228.8837,SSP3-7.0,2021-2040,-13.619,36.01369999999999,-151.21699999999987,-0.019999999999999574,7.1556,2.1796000000000006,18.2587,35.8821875,-118.99498749999995,0.08648750000000094,4.430549999999999,1.6988500000000002,18.92855,0.09753475469254576,0.0728183673241156
121.0,23.85,254.3969,SSP3-7.0,2021-2040,-5.148699999999991,34.773799999999994,-251.5587999999998,-0.4150999999999989,3.9296000000000006,2.1037,18.2348,34.205712500000004,-135.32302499999994,0.045475000000000154,5.5037,1.6275500000000003,17.0497375,0.09753475469254576,0.13601414769390704
121.0,23.9,211.885,SSP3-7.0,2021-2040,3.8576000000000192,31.910300000000007,-201.7527,-0.0663000000000018,7.244400000000006,1.2111,16.4696,33.2818375,-126.23458749999995,0.1254875000000002,5.133324999999999,1.6546375000000002,16.340487500000002,0.09753475469254576,0.19920992806369398
121.0,23.95,184.7052,SSP3-7.0,2021-2040,15.12530000000001,34.685700000000004,-112.49240000000009,0.27580000000000027,6.883299999999998,1.6906999999999996,16.0087,32.1697,-80.42957499999997,0.34482499999999927,5.315275000000001,1.7951500000000002,15.845912499999999,0.09753475469254576,0.26240570843348543
121.0,24.0,216.031,SSP3-7.0,2021-2040,24.653699999999986,34.9354,-24.036099999999806,0.6655999999999977,4.6907,2.2185000000000006,16.8891,32.588,-44.74032500000001,0.473949999999999,5.006712499999999,1.794925,15.770637500000001,0.09753475469254576,0.32560148880327683
121.0,24.05,236.8337,SSP3-7.0,2021-2040,30.31680000000003,33.430899999999994,2.066400000000158,0.7384999999999984,3.786999999999999,1.9093,16.95,32.840025000000004,-13.785949999999985,0.6541874999999995,4.512499999999998,1.7627374999999998,15.795087500000001,0.09753475469254576,0.3887972691730683
121.0,24.1,256.4605,SSP3-7.0,2021-2040,28.508899999999983,34.273900000000005,46.88349999999991,1.0417000000000023,2.735199999999999,1.6647999999999996,17.113,30.810075,-6.8920499999999265,0.7879124999999996,4.950224999999999,1.5328749999999995,14.2807,0.09753475469254576,0.4519930495428597
121.0,24.15,278.4557,SSP3-7.0,2021-2040,18.1053,28.767199999999995,18.03740000000016,1.078400000000002,6.036999999999999,1.4444,12.7565,30.34955,0.49178750000004356,0.8785125000000003,4.390524999999999,1.5368124999999995,14.016025,0.09753475469254576,0.5151888299126467
121.0,24.2,281.4165,SSP3-7.0,2021-2040,15.605000000000018,30.097,-5.764900000000125,0.5701999999999998,4.5167,2.0351999999999997,12.9891,27.8061375,-6.689224999999908,0.9407125000000001,4.5398249999999996,1.3701374999999998,12.220375,0.09753475469254576,0.578384610282438
121.0,24.25,322.664,SSP3-7.0,2021-2040,16.028099999999995,25.031999999999996,-39.335399999999936,0.6849999999999987,5.661099999999998,0.9296000000000006,10.130400000000002,27.893212499999997,-37.63263749999999,0.7675124999999996,3.5778000000000008,1.4856625000000003,12.3418375,0.09753475469254576,0.6415803906522295
121.0,24.3,337.0487,SSP3-7.0,2021-2040,6.015199999999993,25.942299999999996,-96.77539999999999,0.40549999999999997,5.074100000000001,1.3722000000000012,11.5674,27.041775,-60.01425000000006,0.6651875,2.5865875000000003,1.1224625000000004,12.0320625,0.09753475469254576,0.704776171022021
121.0,24.35,312.3891,SSP3-7.0,2021-2040,-9.280899999999974,27.009599999999992,-81.0942,0.24370000000000047,0.8314999999999984,0.6333000000000002,11.6457,27.581637500000003,-82.1997750000001,0.4416124999999993,2.7046375000000022,1.1305625000000006,13.4374875,0.09753475469254576,0.7679719513918124
121.0,24.4,298.9119,SSP3-7.0,2021-2040,-11.669399999999996,27.964400000000005,-70.39620000000014,-0.15810000000000102,3.1944000000000017,0.9981000000000009,15.006499999999999,27.628125,-69.23876250000012,0.31264999999999965,2.4578875,1.0870375000000003,13.586425,0.09753475469254576,0.8311677317615993
121.0,24.45,317.0633,SSP3-7.0,2021-2040,-12.713600000000042,26.001999999999995,-73.90380000000005,-0.22009999999999863,1.6147999999999954,1.329600000000001,13.008700000000001,27.303937500000004,-81.16788750000012,0.2583874999999991,3.8958249999999994,0.8634250000000006,14.1182125,0.09753475469254576,0.8943635121313908
121.0,24.5,319.3667,SSP3-7.0,2021-2040,-14.625200000000007,25.240900000000003,-133.34619999999995,0.226700000000001,6.268499999999996,0.238900000000001,12.093500000000002,27.842125,-102.35137500000013,0.27523750000000025,4.141424999999999,0.6750000000000003,15.255175000000001,0.09753475469254576,0.9575592925011822
121.0,24.55,305.1535,SSP3-7.0,2021-2040,-19.378300000000024,29.1963,-161.91460000000006,0.37959999999999994,6.744400000000006,-0.025900000000000034,17.5391,28.5150375,-117.68077500000004,0.32120000000000015,4.487724999999998,0.3879750000000002,16.610875,0.09753475469254576,1.0207550728709736
121.0,24.6,252.4526,SSP3-7.0,2021-2040,-12.701999999999998,31.324700000000007,-108.27539999999999,0.0633999999999979,5.927799999999998,0.1593,19.954300000000003,29.951274999999995,-95.16029999999998,0.36456250000000034,4.277075000000001,0.2534749999999999,18.56195,0.09753475469254576,1.0839508532407651
121.0,24.65,214.3513,SSP3-7.0,2021-2040,-15.954200000000014,31.037499999999994,-31.2183,0.43100000000000094,3.9444000000000017,-0.04260000000000019,19.2783,30.814199999999996,-55.14216249999998,0.27974999999999905,3.879625,0.059262499999999996,19.4290625,0.09753475469254576,1.147146633610552
121.0,24.7,179.7886,SSP3-7.0,2021-2040,-8.319199999999995,31.801999999999992,-18.330199999999877,0.3934999999999995,3.987000000000002,-0.7721999999999998,19.645699999999998,31.183799999999998,-27.344225000000023,0.33163749999999936,1.0719750000000001,-0.15047500000000014,19.4418375,0.09753475469254576,1.2103424139803434
121.0,24.75,146.3956,SSP3-7.0,2021-2040,1.5509999999999877,32.0035,-22.04190000000017,0.46729999999999805,1.8832999999999984,-0.20370000000000044,19.689099999999996,31.620774999999995,-19.84009999999998,0.2943749999999996,1.3451375000000008,-0.3629625000000001,19.385875000000002,0.09753475469254576,1.273538194350135
121.0,24.8,140.3764,SSP3-7.0,2021-2040,6.4375,31.902499999999996,-13.201999999999998,0.2691999999999979,3.924100000000003,-0.33150000000000013,18.9652,31.146324999999997,-26.841874999999987,0.28487500000000043,1.5574124999999999,-0.31272500000000025,19.124737500000002,0.09753475469254576,1.3367339747199263
121.0,24.85,133.1036,SSP3-7.0,2021-2040,7.2076000000000136,30.904300000000006,-32.94080000000008,0.22160000000000224,4.9574,-0.05370000000000008,18.5761,30.500012499999997,-20.270362499999948,0.3435999999999999,4.700012500000001,-0.28193750000000006,18.59675,0.09753475469254576,1.3999297550897176
121.0,24.9,136.3656,SSP3-7.0,2021-2040,2.266999999999996,30.138000000000005,-36.11789999999996,0.13700000000000045,6.990700000000004,-0.17219999999999924,17.987,29.3369875,-11.229937500000005,0.5202874999999998,5.896999999999999,-0.14837500000000003,17.945662499999997,0.09753475469254576,1.4631255354595045
121.0,24.95,138.7093,SSP3-7.0,2021-2040,-2.7105000000000246,29.240099999999998,-13.430100000000039,0.4054000000000002,8.8037,-0.6036999999999999,17.2457,28.65625,-14.316450000000032,0.5749374999999999,6.405550000000001,-0.07801249999999982,17.622300000000003,0.09753475469254576,1.526321315829296
121.0,25.0,142.3879,SSP3-7.0,2021-2040,-5.409600000000012,27.458500000000008,-36.05709999999999,0.4217000000000013,9.538900000000005,-0.6704000000000008,17.1196,28.009924999999996,1.445362499999959,0.8068624999999998,6.899075000000001,-0.25184999999999946,17.4600875,0.09753475469254576,1.5895170961990874
121.05,22.65,227.0661,SSP3-7.0,2021-2040,-24.431600000000003,35.14439999999999,-42.586700000000064,0.8447999999999993,10.133299999999998,1.8314999999999992,17.2109,33.98949999999999,-45.83531249999993,0.6338625000000002,9.0287,2.5560250000000004,16.6225625,0.2032285947737671,-1.3806845811810693
121.05,22.7,229.6971,SSP3-7.0,2021-2040,-24.500400000000013,34.5824,-21.554599999999937,0.6781000000000006,7.675899999999999,1.881499999999999,16.137,34.0101875,-27.773587499999962,0.7801374999999999,8.760175,2.473625,16.5951125,0.2032285947737671,-1.317488800811278
121.05,22.75,241.0917,SSP3-7.0,2021-2040,-26.118300000000005,34.7852,-11.55099999999993,0.7646000000000015,8.296299999999995,2.1167,17.0022,34.249125,-0.19231249999998568,1.0915749999999997,8.19095,2.4335750000000003,16.9472875,0.2032285947737671,-1.2542930204414864
121.05,22.8,266.0909,SSP3-7.0,2021-2040,-27.026699999999977,34.385400000000004,6.288600000000088,1.4216000000000015,8.563000000000002,2.6815000000000007,18.0978,33.720275,2.4839125000000024,1.3443875000000003,7.8891124999999995,2.357875,16.477987499999998,0.2032285947737671,-1.191097240071695
121.05,22.85,291.6802,SSP3-7.0,2021-2040,-27.82159999999999,34.607699999999994,27.620299999999816,1.8598999999999997,8.279599999999999,2.463000000000001,16.5304,32.94935,21.44535000000002,1.8258250000000005,8.2736125,2.3444375,16.067375,0.2032285947737671,-1.1279014597019037
121.05,22.9,281.962,SSP3-7.0,2021-2040,-14.151999999999987,34.3945,103.95630000000006,2.442499999999999,8.050000000000004,2.4574,15.897799999999998,31.45465,62.77083749999997,2.1569500000000006,7.970825000000001,2.3541625,14.069824999999998,0.2032285947737671,-1.0647056793321166
121.05,22.95,248.7601,SSP3-7.0,2021-2040,1.2342000000000155,28.947200000000002,148.59469999999988,2.4350999999999985,5.633299999999998,2.603700000000001,10.8891,31.376675,113.22243749999998,2.3827875000000005,7.496050000000002,2.337725,13.361674999999998,0.2032285947737671,-1.0015098989623252
121.05,23.0,231.4066,SSP3-7.0,2021-2040,3.52109999999999,33.4379,147.19579999999996,2.5032999999999994,6.605600000000003,1.8925999999999998,14.2696,28.49595,135.98364999999993,2.2340000000000004,6.393725,2.3275375,10.9209125,0.2032285947737671,-0.9383141185925338
121.05,23.05,226.0089,SSP3-7.0,2021-2040,2.2624999999999886,26.1824,128.11469999999986,2.0710999999999977,6.183299999999999,2.0740999999999996,9.500000000000002,30.024050000000003,119.05216250000001,1.925487500000001,5.832162499999999,2.2511625000000004,11.524175,0.2032285947737671,-0.8751183382227424
121.05,23.1,222.386,SSP3-7.0,2021-2040,2.05510000000001,31.034,97.29539999999997,1.6350000000000016,5.211100000000002,2.4055999999999997,11.363,30.1736,89.65266250000002,1.5702000000000003,5.787487499999998,2.4159750000000004,11.4510875,0.2032285947737671,-0.811922557852951
121.05,23.15,228.6602,SSP3-7.0,2021-2040,-4.81989999999999,33.080299999999994,58.07230000000004,1.3020999999999994,7.1351999999999975,2.8648,12.5457,31.855087499999996,72.71175,1.4186125,5.356475,2.545375,12.0546125,0.2032285947737671,-0.748726777483164
121.05,23.2,215.6993,SSP3-7.0,2021-2040,-9.475999999999999,32.405899999999995,53.84579999999983,1.3537,6.675900000000002,2.6981,12.489099999999999,31.787675,47.12235000000001,1.4360249999999994,6.5754625,2.6252125,12.685599999999999,0.2032285947737671,-0.6855309971133726
121.05,23.25,211.5235,SSP3-7.0,2021-2040,-10.812300000000022,30.663600000000002,17.522500000000036,1.4802,9.198099999999997,2.7943999999999996,13.504299999999999,29.9562625,31.884649999999937,1.4113374999999995,6.885175000000001,2.5877125000000003,12.925825,0.2032285947737671,-0.6223352167435812
121.05,23.3,207.615,SSP3-7.0,2021-2040,-15.060699999999997,26.298399999999994,-2.260099999999966,1.3278999999999996,8.444400000000002,2.9277999999999995,14.2196,29.57055,18.54823749999997,1.2624625,6.5678,2.4006625,13.8532625,0.2032285947737671,-0.5591394363737897
121.05,23.35,199.6455,SSP3-7.0,2021-2040,-18.11160000000001,30.0223,7.719499999999925,0.9389000000000003,5.4833,2.0907,14.2022,29.219637499999997,18.350237499999963,0.9994875000000001,5.874512500000002,2.2428125000000003,14.4103375,0.2032285947737671,-0.4959436560039983
121.05,23.4,191.6569,SSP3-7.0,2021-2040,-16.267300000000006,31.250000000000007,21.942600000000084,0.6522999999999968,4.933299999999996,1.764800000000001,13.584800000000001,29.4454125,24.022149999999954,0.7388500000000007,4.078000000000001,1.9995375000000002,14.6307125,0.2032285947737671,-0.43274787563421135
121.05,23.45,190.2957,SSP3-7.0,2021-2040,-10.031000000000006,26.535199999999996,25.136600000000044,0.48710000000000164,2.0962999999999994,1.7704000000000004,14.549999999999999,29.324887500000003,26.495274999999936,0.5347999999999997,2.9537000000000013,2.0298625,14.4122375,0.2032285947737671,-0.3695520952644199
121.05,23.5,195.1576,SSP3-7.0,2021-2040,-8.62870000000001,26.2395,19.504599999999982,0.29309999999999903,1.2704000000000022,2.3592999999999993,14.460900000000002,28.777012499999998,20.08167499999999,0.41449999999999987,2.0652750000000006,2.1706000000000003,14.230162499999999,0.2032285947737671,-0.3063563148946285
121.05,23.55,201.5322,SSP3-7.0,2021-2040,-8.5488,28.727999999999994,1.3396000000000186,0.3322000000000003,1.3352000000000004,2.6111000000000004,14.406500000000001,29.116525,4.72535000000002,0.3711749999999996,2.740050000000002,2.1254625,15.0385875,0.2032285947737671,-0.24316053452483705
121.05,23.6,207.0804,SSP3-7.0,2021-2040,-9.842199999999991,29.582599999999992,-19.297599999999875,0.3819000000000017,4.661100000000005,1.7870000000000008,15.1065,30.7899625,-10.783812499999982,0.40312499999999973,3.1699125000000015,2.1613499999999997,15.929075000000001,0.2032285947737671,-0.17996475415504562
121.05,23.65,216.5508,SSP3-7.0,2021-2040,-16.729000000000013,33.1462,-24.350599999999986,0.3821000000000012,3.268500000000003,1.9943999999999988,16.8652,32.407062499999995,-19.60661250000004,0.4707749999999993,3.724075000000001,1.8412125,17.5464625,0.2032285947737671,-0.11676897378525869
121.05,23.7,233.9575,SSP3-7.0,2021-2040,-24.87100000000001,36.0484,-27.604000000000042,0.426599999999997,3.1906999999999996,1.6370000000000005,20.6739,33.727025,-24.00826250000003,0.4468375,3.7928249999999997,1.8041624999999997,18.2163125,0.2032285947737671,-0.053573193415467256
121.05,23.75,243.289,SSP3-7.0,2021-2040,-25.72369999999998,35.4243,-41.184600000000046,0.2734000000000023,3.985199999999999,1.7721999999999998,18.478299999999997,34.5542375,-45.98323749999997,0.3547999999999991,4.682412499999999,1.6439750000000002,18.8625,0.2032285947737671,0.009622586954324176
121.05,23.8,226.6518,SSP3-7.0,2021-2040,-20.04080000000002,34.72,-91.67579999999998,0.17520000000000024,6.149999999999999,1.0463000000000005,18.3413,33.1878875,-83.6518749999999,0.19740000000000046,4.7662125,1.6425875,17.967950000000002,0.2032285947737671,0.0728183673241156
121.05,23.85,227.46,SSP3-7.0,2021-2040,-12.815500000000014,32.8698,-136.2063999999998,0.01010000000000133,3.783299999999997,1.4815000000000005,17.619600000000002,32.02915,-107.10788749999992,0.1958000000000002,6.105787500000001,1.4474500000000003,16.731250000000003,0.2032285947737671,0.13601414769390704
121.05,23.9,222.2441,SSP3-7.0,2021-2040,-3.596499999999992,29.5893,-100.48250000000007,0.3072000000000017,7.262999999999998,1.9907000000000004,15.517399999999999,31.281724999999998,-103.08944999999991,0.30181250000000004,5.8777625,1.2879625000000003,16.14675,0.2032285947737671,0.19920992806369398
121.05,23.95,236.7169,SSP3-7.0,2021-2040,13.460399999999993,29.444899999999997,-64.50689999999986,0.527199999999997,6.770399999999995,1.751900000000001,15.876100000000001,31.269962500000002,-66.37956249999996,0.5346250000000001,6.402525000000001,1.5171125000000003,15.68885,0.2032285947737671,0.26240570843348543
121.05,24.0,249.6501,SSP3-7.0,2021-2040,17.68459999999999,30.3735,-50.56950000000006,0.7113000000000014,5.987000000000002,2.0167,15.413,30.9452625,-27.387512499999957,0.7173249999999989,6.150912499999999,1.5379625000000001,15.1108625,0.2032285947737671,0.32560148880327683
121.05,24.05,247.8418,SSP3-7.0,2021-2040,23.75320000000002,28.85560000000001,-7.816100000000006,0.7876999999999974,7.607399999999998,1.7537000000000003,12.456499999999998,31.2067875,0.9796124999999734,0.8804625000000001,5.533787499999999,1.5807874999999998,15.064925,0.2032285947737671,0.3887972691730683
121.05,24.1,264.8585,SSP3-7.0,2021-2040,27.905399999999986,31.423300000000005,26.997299999999996,0.9195999999999991,6.774099999999997,1.7184999999999988,14.243500000000001,28.72135,14.988887499999976,1.0034625000000004,6.100924999999999,1.2036999999999998,13.0630375,0.2032285947737671,0.4519930495428597
121.05,24.15,276.5115,SSP3-7.0,2021-2040,20.137099999999975,24.0788,22.691400000000158,1.1233000000000004,7.346299999999999,0.8814999999999991,9.669599999999999,28.3820125,26.870812499999886,1.0271750000000006,5.7896,1.3935,12.679612500000001,0.2032285947737671,0.5151888299126467
121.05,24.2,296.6736,SSP3-7.0,2021-2040,18.703299999999956,27.137099999999997,32.42549999999983,1.1542999999999992,6.2241,1.75,11.8435,26.074075,28.392012499999964,1.015025,6.0356499999999995,1.24235,10.818750000000001,0.2032285947737671,0.578384610282438
121.05,24.25,308.0691,SSP3-7.0,2021-2040,21.030500000000018,27.068199999999997,47.096900000000005,1.0111000000000026,5.520399999999995,1.3537,11.0609,25.5914625,-7.66381250000012,0.8746749999999994,5.153700000000001,1.3213000000000004,10.655962500000001,0.2032285947737671,0.6415803906522295
121.05,24.3,333.5907,SSP3-7.0,2021-2040,20.740899999999954,22.844099999999997,-90.22220000000016,0.6361999999999988,3.729600000000005,1.3630000000000013,8.839100000000002,25.222387499999996,-37.69508750000006,0.7908625000000007,4.043749999999998,0.8939750000000002,10.3350625,0.2032285947737671,0.704776171022021
121.05,24.35,308.0292,SSP3-7.0,2021-2040,16.10419999999999,24.957500000000003,-123.04080000000022,0.7640000000000029,3.3926000000000016,0.6593,8.8326,25.205262499999996,-69.11863750000003,0.5383999999999998,2.974075000000001,0.9157375000000005,11.0877625,0.2032285947737671,0.7679719513918124
121.05,24.4,289.6841,SSP3-7.0,2021-2040,3.147800000000018,28.150600000000004,-49.67599999999993,0.49499999999999744,1.6093000000000046,0.9815000000000005,13.221699999999998,25.162749999999996,-69.98136250000005,0.38759999999999994,2.4458374999999988,0.9791625000000004,11.0549,0.2032285947737671,0.8311677317615993
121.05,24.45,294.0646,SSP3-7.0,2021-2040,-0.6082999999999856,24.7729,-23.33100000000013,0.12009999999999721,3.6537000000000006,1.6667000000000005,11.286999999999999,25.163775,-79.01372500000002,0.38338749999999955,3.6784749999999997,0.9062500000000004,11.454075,0.2032285947737671,0.8943635121313908
121.05,24.5,317.0719,SSP3-7.0,2021-2040,-10.324400000000026,23.0612,-116.25960000000032,0.3133000000000017,4.244399999999999,0.35740000000000016,9.360899999999999,25.913412500000003,-95.6912125,0.3877874999999995,5.325462499999999,0.9150500000000004,12.907887500000001,0.2032285947737671,0.9575592925011822
121.05,24.55,334.6958,SSP3-7.0,2021-2040,-3.30540000000002,27.903400000000005,-160.3714,0.46059999999999945,8.061099999999996,0.8110999999999997,15.073899999999998,26.888687500000003,-103.59012500000006,0.37985000000000024,6.169449999999999,0.7622750000000003,14.714125,0.2032285947737671,1.0207550728709736
121.05,24.6,295.7651,SSP3-7.0,2021-2040,-10.774200000000008,28.898799999999994,-97.9375,0.3227000000000011,4.570399999999999,1.1630000000000003,17.815199999999997,29.2774875,-82.38447500000001,0.32997500000000013,5.889575000000001,0.7599500000000001,17.7953625,0.2032285947737671,1.0839508532407651
121.05,24.65,221.7964,SSP3-7.0,2021-2040,-9.682900000000018,30.1909,-45.93059999999991,0.16159999999999997,3.4037000000000006,0.6906999999999996,19.7543,30.06065,-46.11295000000001,0.3323125,4.541200000000001,0.4546375,19.041024999999998,0.2032285947737671,1.147146633610552
121.05,24.7,182.9404,SSP3-7.0,2021-2040,-10.58110000000002,31.0953,-25.515800000000127,0.27479999999999905,3.9406999999999996,-0.17410000000000103,19.5043,30.515549999999998,-30.51014999999998,0.3835499999999996,3.254850000000001,0.0009249999999999536,19.494837499999996,0.2032285947737671,1.2103424139803434
121.05,24.75,161.2503,SSP3-7.0,2021-2040,-2.6479000000000212,30.687899999999992,-39.19470000000001,0.38489999999999824,0.5315000000000012,-0.5815000000000001,19.287,30.793487499999998,-32.97936249999998,0.3690749999999996,3.755787500000001,-0.3430500000000004,19.445099999999996,0.2032285947737671,1.273538194350135
121.05,24.8,152.8326,SSP3-7.0,2021-2040,5.825199999999995,31.447999999999993,-45.79509999999982,0.3409000000000013,3.0,-0.27590000000000003,20.1478,30.484125,-38.739637500000015,0.3750874999999998,3.889824999999999,-0.3629625000000003,18.8616875,0.2032285947737671,1.3367339747199263
121.05,24.85,141.2455,SSP3-7.0,2021-2040,1.7437000000000182,30.541099999999993,-37.004399999999805,0.3631999999999991,4.009299999999996,-0.7407000000000004,18.410899999999998,29.8800125,-31.220799999999997,0.4658875000000009,5.5594874999999995,-0.09606250000000005,18.4067875,0.2032285947737671,1.3999297550897176
121.05,24.9,136.1488,SSP3-7.0,2021-2040,2.240700000000004,28.365199999999994,-16.695699999999988,0.8138000000000005,8.057399999999994,0.1943999999999999,17.463,29.1728375,-19.898412500000035,0.5305375000000003,6.238649999999999,-0.06457499999999972,17.8399625,0.2032285947737671,1.4631255354595045
121.05,24.95,139.4281,SSP3-7.0,2021-2040,3.2560000000000002,27.249199999999995,8.793099999999868,0.6245999999999974,7.6240999999999985,0.4074000000000009,17.3022,28.267875,-9.718575000000016,0.6910375000000006,7.052537500000001,-0.1995374999999998,17.400012500000003,0.2032285947737671,1.526321315829296
121.05,25.0,144.7718,SSP3-7.0,2021-2040,-0.8027000000000157,27.455799999999996,6.457999999999856,0.8918999999999997,6.299999999999997,-0.18149999999999977,16.8152,27.788662499999997,-1.441250000000025,0.8326875,7.4372750000000005,-0.2671374999999997,17.4326375,0.2032285947737671,1.5895170961990874
121.05,25.05,148.9552,SSP3-7.0,2021-2040,8.994100000000003,27.484799999999993,7.860400000000027,1.222999999999999,9.063000000000002,-0.551899999999999,17.2196,27.6766375,7.611924999999957,0.8487875000000003,6.707412500000001,-0.2546249999999999,17.3609,0.2032285947737671,1.652712876568879
121.1,22.7,209.7102,SSP3-7.0,2021-2040,-22.410299999999978,35.202,-10.318300000000136,1.384599999999999,9.1796,1.6370000000000005,16.55,34.664137499999995,0.8760625000000175,0.8802625000000002,8.3071625,2.3305749999999996,17.206,0.30892243485498844,-1.317488800811278
121.1,22.75,218.2794,SSP3-7.0,2021-2040,-21.470500000000015,35.33460000000001,10.68060000000014,0.9606999999999992,7.918500000000002,2.1240999999999994,17.2457,34.853812500000004,11.122500000000002,1.1196250000000005,7.583325,2.241675,17.2250125,0.30892243485498844,-1.2542930204414864
121.1,22.8,239.6302,SSP3-7.0,2021-2040,-24.67150000000001,33.952400000000004,45.51929999999993,1.2025000000000006,5.444399999999995,2.3370000000000006,17.7848,34.303537500000004,15.543337500000007,1.312650000000001,7.666675000000001,2.2028000000000003,17.245937499999997,0.30892243485498844,-1.191097240071695
121.1,22.85,261.6494,SSP3-7.0,2021-2040,-29.788200000000018,30.524300000000004,10.832800000000134,1.4292000000000016,7.955600000000004,2.2296000000000005,16.091299999999997,33.609125,30.691949999999963,1.5246375000000008,8.1587875,2.2389,16.862499999999997,0.30892243485498844,-1.1279014597019037
121.1,22.9,261.195,SSP3-7.0,2021-2040,-28.4572,31.397399999999998,0.05349999999998545,1.6463999999999999,12.772200000000002,2.1852,15.189099999999998,32.466112499999994,59.21139999999997,1.5958250000000005,7.716187500000002,2.3294,15.4334125,0.30892243485498844,-1.0647056793321166
121.1,22.95,241.7306,SSP3-7.0,2021-2040,-7.050600000000003,34.6601,65.71669999999995,1.458400000000001,8.129600000000003,2.4406999999999996,16.241300000000003,32.0179375,90.31997499999997,1.7070374999999998,7.455075000000001,2.331475,14.3796125,0.30892243485498844,-1.0015098989623252
121.1,23.0,222.7341,SSP3-7.0,2021-2040,-1.3585000000000207,33.6136,99.29420000000005,1.6151000000000018,7.444400000000002,2.6907000000000005,13.956499999999998,31.113112500000003,103.77934999999994,1.6316999999999995,6.1224375,2.3238375,13.2769,0.30892243485498844,-0.9383141185925338
121.1,23.05,218.2652,SSP3-7.0,2021-2040,-6.519999999999982,28.500200000000007,67.14670000000001,1.4326000000000008,7.461099999999998,2.2574000000000005,11.308699999999998,32.58488750000001,94.49242499999997,1.5301375000000004,5.489575,2.3689875000000002,13.4410375,0.30892243485498844,-0.8751183382227424
121.1,23.1,223.2152,SSP3-7.0,2021-2040,-4.733600000000024,35.2923,54.71050000000014,1.0890000000000022,5.2795999999999985,2.4666999999999994,14.295700000000002,32.363200000000006,70.52078749999998,1.3707250000000002,6.1604125,2.4963,12.8307,0.30892243485498844,-0.811922557852951
121.1,23.15,245.1815,SSP3-7.0,2021-2040,-12.241700000000009,35.533,45.92270000000008,1.3594000000000008,5.779600000000002,2.5832999999999995,15.041299999999998,32.7353875,55.529087499999974,1.2573875,6.209025,2.4798625000000003,12.3432125,0.30892243485498844,-0.748726777483164
121.1,23.2,221.9474,SSP3-7.0,2021-2040,-16.219899999999996,31.3159,42.69619999999986,1.2813999999999979,6.850000000000001,2.3315,10.928299999999998,31.988662499999997,44.4081875,1.3960374999999994,7.8537,2.4546,12.657324999999998,0.30892243485498844,-0.6855309971133726
121.1,23.25,201.5175,SSP3-7.0,2021-2040,-12.390500000000003,31.087900000000005,37.266200000000026,1.675699999999999,9.563000000000002,2.3369999999999997,13.191299999999998,29.961599999999997,43.41131249999995,1.5209374999999994,8.2564625,2.47545,12.4116875,0.30892243485498844,-0.6223352167435812
121.1,23.3,201.1787,SSP3-7.0,2021-2040,-6.324299999999994,28.881099999999996,57.41269999999986,1.7704000000000004,9.4574,2.933300000000001,13.4087,30.6659375,52.8180375,1.6041999999999996,8.01295,2.42985,13.9728375,0.30892243485498844,-0.5591394363737897
121.1,23.35,193.4156,SSP3-7.0,2021-2040,-3.6654000000000053,32.282799999999995,82.0947000000001,1.5470000000000006,4.548100000000002,2.5869999999999997,15.5783,31.597375,64.30243749999997,1.4564875,7.2300875,2.4854125000000002,14.891324999999998,0.30892243485498844,-0.4959436560039983
121.1,23.4,184.9147,SSP3-7.0,2021-2040,-5.599100000000021,34.5706,71.6751999999999,1.2201000000000022,5.927800000000005,2.6037,16.8174,31.2890625,73.84355000000002,1.1237249999999999,4.781712499999999,2.2224500000000003,14.798924999999999,0.30892243485498844,-0.43274787563421135
121.1,23.45,184.3021,SSP3-7.0,2021-2040,-4.174700000000001,31.0482,64.00109999999995,0.7330000000000005,3.8222000000000023,2.031500000000001,13.9065,29.683025,67.69447500000001,0.8471624999999996,3.6389,2.1601875000000006,14.704625,0.30892243485498844,-0.3695520952644199
121.1,23.5,183.5907,SSP3-7.0,2021-2040,-1.33359999999999,26.8589,55.1742999999999,0.6036999999999999,1.9463000000000008,1.8981000000000012,14.5761,27.9306125,57.977062500000045,0.6578624999999998,2.700462500000001,2.1097375000000005,13.725275,0.30892243485498844,-0.3063563148946285
121.1,23.55,185.1699,SSP3-7.0,2021-2040,-2.8226000000000226,27.729600000000005,41.13070000000016,0.48359999999999914,2.990700000000004,2.0852000000000004,13.2522,27.072112499999996,44.31948750000004,0.6261375,3.1004625000000012,2.0622625,14.171737499999999,0.30892243485498844,-0.24316053452483705
121.1,23.6,187.5404,SSP3-7.0,2021-2040,-5.1464,25.637900000000002,24.005600000000186,0.5259,3.5167,1.9666999999999994,14.3717,28.479174999999998,32.023262500000044,0.6334375000000003,3.717112500000002,2.0555375,14.6508125,0.30892243485498844,-0.17996475415504562
121.1,23.65,193.9438,SSP3-7.0,2021-2040,-10.699100000000016,26.594299999999997,16.305200000000013,0.6386000000000003,4.8648000000000025,1.9666999999999994,14.773900000000001,30.37545,26.59578750000003,0.6438874999999995,3.5942000000000016,1.9900250000000002,16.4739,0.30892243485498844,-0.11676897378525869
121.1,23.7,206.6394,SSP3-7.0,2021-2040,-16.777799999999985,31.2172,20.167699999999968,0.578599999999998,3.240699999999997,1.9648000000000003,16.6543,31.5825625,22.36262500000001,0.6061999999999999,3.310875000000001,1.9722125000000001,17.26495,0.30892243485498844,-0.053573193415467256
121.1,23.75,220.3771,SSP3-7.0,2021-2040,-23.054100000000005,32.6972,21.93640000000005,0.46839999999999904,3.770399999999995,1.5259,18.1848,31.981550000000002,3.749525000000034,0.5158499999999999,3.640275,1.8257000000000005,17.5481,0.30892243485498844,0.009622586954324176
121.1,23.8,201.3441,SSP3-7.0,2021-2040,-19.232799999999997,31.658500000000004,-13.304099999999835,0.3725999999999985,5.074100000000001,1.5777999999999999,17.5,29.642000000000003,-21.50004999999996,0.4367750000000008,4.210887499999999,1.4773250000000007,16.158437499999998,0.30892243485498844,0.0728183673241156
121.1,23.85,203.6382,SSP3-7.0,2021-2040,-15.561500000000024,26.450199999999995,-28.332499999999982,0.5486000000000004,4.981500000000004,0.738900000000001,14.423900000000001,29.001125000000002,-39.51122499999997,0.44086250000000016,5.676624999999999,1.3553375000000005,15.1448375,0.30892243485498844,0.13601414769390704
121.1,23.9,215.4339,SSP3-7.0,2021-2040,-1.7598999999999876,31.117399999999996,-18.53969999999981,0.664200000000001,7.048099999999998,0.7315000000000005,15.1043,27.522737499999998,-36.893625000000014,0.6007374999999997,6.0027875,1.1625000000000005,14.47855,0.30892243485498844,0.19920992806369398
121.1,23.95,231.9823,SSP3-7.0,2021-2040,11.35729999999998,29.0017,-11.326199999999972,0.870000000000001,6.381500000000003,0.5944000000000003,15.437,28.4981875,-20.356049999999982,0.778375,6.1599375,1.1939875000000004,14.387487499999999,0.30892243485498844,0.26240570843348543
121.1,24.0,228.2982,SSP3-7.0,2021-2040,14.530900000000003,28.5464,-11.837399999999889,0.8491999999999997,5.722200000000001,1.683300000000001,14.6717,28.549687499999997,-3.8782000000000494,0.9319875,6.2587875,1.0037125,14.020925,0.30892243485498844,0.32560148880327683
121.1,24.05,224.8174,SSP3-7.0,2021-2040,20.708500000000015,28.661499999999997,10.848599999999806,1.0245999999999995,7.364799999999995,0.7018999999999984,12.597800000000001,28.397625,4.358199999999954,0.9845875000000004,6.081012500000001,1.1782375,13.30705,0.30892243485498844,0.3887972691730683
121.1,24.1,239.5316,SSP3-7.0,2021-2040,23.763000000000005,28.0094,7.484099999999671,1.093200000000003,7.209299999999999,0.7332999999999998,12.641300000000001,26.946875,13.204399999999964,1.0502875,6.8189875,0.9777749999999996,11.696200000000001,0.30892243485498844,0.4519930495428597
121.1,24.15,254.6405,SSP3-7.0,2021-2040,23.376499999999993,23.6935,19.715799999999945,1.1402999999999999,6.720400000000005,0.5407000000000011,10.3196,26.271812499999996,25.936199999999985,1.0996750000000004,6.407875,1.0108749999999997,11.201900000000002,0.30892243485498844,0.5151888299126467
121.1,24.2,271.6774,SSP3-7.0,2021-2040,25.686000000000035,23.6547,69.1877999999997,1.2196999999999996,6.100000000000001,1.2611000000000008,9.5304,25.4042,39.88642500000003,1.11295,6.092362499999999,0.9418999999999997,10.3149625,0.30892243485498844,0.578384610282438
121.1,24.25,272.0958,SSP3-7.0,2021-2040,31.378300000000024,26.201200000000007,95.50709999999981,1.2921999999999976,6.383299999999998,1.4925999999999995,10.0935,24.6821125,16.164049999999975,1.0009625,4.8699,0.8870500000000001,9.823362500000002,0.30892243485498844,0.6415803906522295
121.1,24.3,259.7439,SSP3-7.0,2021-2040,25.386300000000006,23.823299999999996,-26.333000000000084,1.0343000000000018,3.540700000000001,0.3666999999999998,10.2543,23.728412499999997,-14.64775000000003,0.9352250000000004,4.2412,0.6898250000000001,9.178,0.30892243485498844,0.704776171022021
121.1,24.35,265.8524,SSP3-7.0,2021-2040,17.236500000000035,21.744999999999997,-77.58590000000004,0.8911000000000016,1.9462999999999937,0.34440000000000026,9.0957,23.7642375,-49.89689999999996,0.7896500000000004,3.4534750000000027,0.6453875000000004,9.477975,0.30892243485498844,0.7679719513918124
121.1,24.4,270.9881,SSP3-7.0,2021-2040,3.164700000000039,24.16279999999999,-60.866199999999935,0.7594999999999992,3.8667000000000016,1.2667000000000002,9.0717,23.7236125,-47.838712499999986,0.6882874999999999,2.9766250000000003,0.8039375000000004,9.8285375,0.30892243485498844,0.8311677317615993
121.1,24.45,294.4583,SSP3-7.0,2021-2040,-3.0878000000000156,24.687800000000003,-49.63279999999986,0.7005999999999979,1.0666999999999973,0.9352,10.4913,23.9804125,-44.77517500000005,0.6687624999999993,4.228700000000002,1.0847250000000004,9.8978375,0.30892243485498844,0.8943635121313908
121.1,24.5,335.8741,SSP3-7.0,2021-2040,-4.459699999999998,22.0405,-78.029,0.9501999999999988,7.563000000000002,1.1425999999999998,9.378300000000001,24.690387500000003,-64.03601250000008,0.5545499999999994,5.027074999999999,1.1268500000000004,11.3850625,0.30892243485498844,0.9575592925011822
121.1,24.55,340.5173,SSP3-7.0,2021-2040,-9.045500000000004,27.463500000000003,-85.0009,0.48460000000000036,7.631499999999999,1.2222000000000008,14.391300000000001,25.47565,-82.26591250000007,0.48580000000000023,6.141674999999999,1.2268500000000002,13.3013625,0.30892243485498844,1.0207550728709736
121.1,24.6,306.6514,SSP3-7.0,2021-2040,-11.228499999999997,27.8836,-47.957800000000134,0.2983000000000011,6.4056,1.8407,17.1804,27.853812500000004,-79.54522500000002,0.3360500000000002,6.0303249999999995,1.2696750000000006,16.582325,0.30892243485498844,1.0839508532407651
121.1,24.65,236.5661,SSP3-7.0,2021-2040,-4.432199999999995,29.22,-18.406799999999976,0.36070000000000135,4.998100000000001,1.424100000000001,19.1913,28.893625,-56.273512500000066,0.3100125,4.800012500000001,0.9027750000000001,18.385575,0.30892243485498844,1.147146633610552
121.1,24.7,177.9282,SSP3-7.0,2021-2040,-0.31100000000000705,29.223300000000002,-21.261799999999994,0.5140999999999991,2.5556000000000054,0.038899999999999935,19.758699999999997,29.492675,-44.714012500000024,0.3506,4.2567,0.34791250000000007,19.146449999999998,0.30892243485498844,1.2103424139803434
121.1,24.75,159.3,SSP3-7.0,2021-2040,2.4307000000000016,29.9593,-47.696899999999914,0.3552999999999997,4.735199999999999,-0.5463000000000005,19.3543,29.6743875,-55.663375,0.33982500000000027,4.255562500000002,-0.06481250000000016,19.137500000000003,0.30892243485498844,1.273538194350135
121.1,24.8,160.3747,SSP3-7.0,2021-2040,3.8951000000000136,28.914,-69.99119999999994,0.33750000000000213,6.020400000000002,-0.47960000000000136,18.4957,29.3845875,-67.35837499999997,0.33401250000000005,4.84005,-0.12801249999999986,18.6467375,0.30892243485498844,1.3367339747199263
121.1,24.85,141.9203,SSP3-7.0,2021-2040,9.063600000000008,28.9604,-47.845200000000204,0.601700000000001,5.057399999999994,0.03330000000000055,18.1152,28.7043125,-58.09858749999995,0.4674750000000003,6.1282499999999995,-0.03911250000000022,18.126350000000002,0.30892243485498844,1.3999297550897176
121.1,24.9,133.3081,SSP3-7.0,2021-2040,9.374099999999999,28.407700000000006,12.821500000000015,1.0054000000000016,6.468499999999999,0.3167,17.5043,28.140762499999997,-41.133375,0.6092124999999999,6.402774999999997,-0.0266249999999999,17.745649999999998,0.30892243485498844,1.4631255354595045
121.1,24.95,141.1648,SSP3-7.0,2021-2040,6.77709999999999,27.941899999999997,-13.463500000000067,0.8854000000000006,5.998100000000001,0.29630000000000045,17.578300000000002,27.734375,-5.843600000000009,0.8449374999999999,6.190274999999999,-0.09421249999999981,17.460862499999998,0.30892243485498844,1.526321315829296
121.1,25.0,145.5255,SSP3-7.0,2021-2040,4.642899999999997,27.135799999999996,18.736200000000053,0.9677000000000007,4.263000000000005,-0.7758999999999991,17.487000000000002,27.6798,7.732987499999979,1.006325,6.2810125,-0.11874999999999969,17.483175000000003,0.30892243485498844,1.5895170961990874
121.1,25.05,141.6811,SSP3-7.0,2021-2040,5.800900000000013,27.433799999999998,32.72669999999994,1.3199000000000005,6.149999999999999,-0.4333,18.0457,27.62995,12.835000000000008,1.0250124999999994,5.7356500000000015,-0.19143749999999982,17.4815375,0.30892243485498844,1.652712876568879
121.15,22.75,204.2117,SSP3-7.0,2021-2040,-16.350099999999998,37.0454,42.253799999999956,1.2726000000000006,7.742600000000003,2.3667000000000007,17.8435,34.649625,10.062649999999962,1.2578375000000004,7.2502249999999995,1.9766250000000003,17.2886125,0.41461627493623976,-1.2542930204414864
121.15,22.8,211.0309,SSP3-7.0,2021-2040,-17.467299999999994,34.7091,35.046499999999924,1.3275000000000006,4.574100000000001,1.9278000000000004,17.6957,34.057537499999995,18.03582499999999,1.2649250000000007,7.654162500000001,2.1092625000000003,17.154912500000002,0.41461627493623976,-1.191097240071695
121.15,22.85,229.0423,SSP3-7.0,2021-2040,-23.16130000000001,33.0366,3.1750999999999294,1.4651000000000032,8.003700000000002,1.713,17.460900000000002,33.4804625,20.19538749999998,1.3190875000000002,7.4488375,2.1275375000000003,16.678537499999997,0.41461627493623976,-1.1279014597019037
121.15,22.9,228.9635,SSP3-7.0,2021-2040,-18.450400000000002,32.3899,23.875999999999976,0.8316000000000017,9.583300000000001,2.1463,16.2435,32.719325,36.99177499999999,1.351575,7.5451250000000005,2.178,15.8076,0.41461627493623976,-1.0647056793321166
121.15,22.95,213.8064,SSP3-7.0,2021-2040,1.7912000000000035,31.168599999999998,89.91930000000002,0.8447999999999993,6.0944,2.5814999999999992,14.113,32.740075000000004,65.68939999999998,1.449675,6.603675000000001,2.2263625,15.1054375,0.41461627493623976,-1.0015098989623252
121.15,23.0,216.1364,SSP3-7.0,2021-2040,-2.8241000000000156,30.794400000000003,109.66999999999985,1.3374999999999986,3.4574,2.0944000000000003,14.4783,32.2227625,84.03651250000001,1.4019750000000002,5.3154875,2.3698875,14.207337500000001,0.41461627493623976,-0.9383141185925338
121.15,23.05,219.7358,SSP3-7.0,2021-2040,-11.220300000000009,35.2141,73.87689999999998,0.9708000000000006,5.4148,2.6463,15.415199999999999,32.0088,76.38828750000002,1.3689375000000008,4.529849999999999,2.3793875,13.800562500000002,0.41461627493623976,-0.8751183382227424
121.15,23.1,237.045,SSP3-7.0,2021-2040,-19.004199999999997,35.110400000000006,45.78189999999995,1.0193000000000012,4.320399999999999,2.6815000000000007,14.25,32.548137499999996,61.99685000000005,1.127662500000001,5.089812499999999,2.5016125,13.925,0.41461627493623976,-0.811922557852951
121.15,23.15,249.418,SSP3-7.0,2021-2040,-23.669299999999993,34.2512,47.95569999999998,1.1754999999999995,7.777799999999999,2.4574,13.2217,32.44815,49.715100000000035,1.0820000000000007,5.40925,2.3935125,13.011149999999999,0.41461627493623976,-0.748726777483164
121.15,23.2,231.0542,SSP3-7.0,2021-2040,-20.388599999999997,29.393099999999997,43.874900000000025,1.2030999999999992,6.422199999999997,1.9333,9.6522,31.7802875,47.140712500000035,1.3097499999999993,6.839587500000001,2.3323875,12.79265,0.41461627493623976,-0.6855309971133726
121.15,23.25,215.7752,SSP3-7.0,2021-2040,-13.757000000000005,29.494299999999996,50.80539999999996,1.6185999999999972,10.2778,1.9684999999999997,11.613,30.709725,57.340925,1.5796624999999993,7.521750000000001,2.3296125,12.352725,0.41461627493623976,-0.6223352167435812
121.15,23.3,208.7432,SSP3-7.0,2021-2040,-4.637599999999992,31.24049999999999,83.3931,2.132200000000001,8.7259,2.2167000000000003,13.4783,31.521787500000002,92.1448125,1.7613374999999991,7.376162500000001,2.5259125000000004,14.121199999999998,0.41461627493623976,-0.5591394363737897
121.15,23.35,210.3023,SSP3-7.0,2021-2040,2.7892999999999972,34.237700000000004,146.00299999999993,2.1130999999999993,7.863000000000003,2.5167,15.9957,33.08857499999999,119.20469999999997,1.6876000000000002,6.3395875,2.5921250000000002,15.549737499999999,0.41461627493623976,-0.4959436560039983
121.15,23.4,202.4417,SSP3-7.0,2021-2040,1.1965000000000146,36.27839999999999,128.5335,1.4969999999999999,7.005599999999998,2.8296,17.423899999999996,32.1710375,135.9427875,1.4486125,4.800937500000002,2.4384375,15.14485,0.41461627493623976,-0.43274787563421135
121.15,23.45,199.0466,SSP3-7.0,2021-2040,3.409099999999995,28.657900000000005,115.31740000000013,1.0213999999999999,2.501899999999999,2.1889000000000003,13.15,31.246424999999995,123.22714999999997,1.1939874999999998,4.597687500000001,2.3701375000000002,15.052449999999999,0.41461627493623976,-0.3695520952644199
121.15,23.5,195.4459,SSP3-7.0,2021-2040,5.337800000000016,27.073699999999995,104.27160000000003,1.0025999999999975,3.4296000000000006,1.8667000000000016,13.0739,29.03925,109.63915,0.9932999999999996,3.964350000000001,2.1599500000000003,13.8627875,0.41461627493623976,-0.3063563148946285
121.15,23.55,189.8661,SSP3-7.0,2021-2040,8.61330000000001,27.432799999999993,93.11490000000003,0.9099000000000004,4.157399999999999,1.9648000000000003,13.002199999999998,27.543125000000003,95.44448750000001,0.9657624999999996,4.074300000000001,2.06875,14.1100625,0.41461627493623976,-0.24316053452483705
121.15,23.6,186.0783,SSP3-7.0,2021-2040,8.817499999999995,25.023500000000006,76.44290000000001,0.9598000000000013,4.487000000000002,2.0443999999999996,14.3761,28.081450000000004,83.72442500000002,0.9512374999999997,4.221300000000001,1.9256999999999997,14.209787500000001,0.41461627493623976,-0.17996475415504562
121.15,23.65,185.8847,SSP3-7.0,2021-2040,5.3740999999999985,29.596400000000003,71.50099999999998,0.9793999999999983,3.972200000000001,1.9907000000000004,15.4239,28.22305,80.107575,0.9546749999999997,3.507412500000001,2.1173624999999996,15.551625000000001,0.41461627493623976,-0.11676897378525869
121.15,23.7,194.7473,SSP3-7.0,2021-2040,2.410500000000013,32.7514,91.90129999999999,0.9167999999999985,2.416700000000006,2.5352000000000015,18.3196,28.530075,67.23026249999998,0.8712874999999993,2.7462874999999998,2.0956,15.859499999999999,0.41461627493623976,-0.053573193415467256
121.15,23.75,198.8984,SSP3-7.0,2021-2040,-9.8322,26.402300000000004,70.39630000000011,0.7643000000000022,1.018500000000003,2.355600000000001,15.399999999999999,28.423550000000002,47.82061250000001,0.7465124999999992,2.736349999999999,2.0502375000000006,16.249725,0.41461627493623976,0.009622586954324176
121.15,23.8,191.5716,SSP3-7.0,2021-2040,-12.231599999999986,27.630300000000005,21.299400000000105,0.6193000000000026,4.046299999999995,1.7167000000000012,15.017399999999999,25.418025,23.841625000000022,0.6667999999999994,3.5699250000000005,1.7201500000000005,14.365762499999999,0.41461627493623976,0.0728183673241156
121.15,23.85,194.29,SSP3-7.0,2021-2040,-9.237599999999986,20.941900000000004,11.766799999999876,0.6348999999999982,5.951900000000002,1.1815000000000015,11.802200000000001,25.8434125,9.482912500000026,0.6768375,5.1250124999999995,1.3338125000000003,13.4288,0.41461627493623976,0.13601414769390704
121.15,23.9,210.7855,SSP3-7.0,2021-2040,-4.768000000000001,23.4818,11.052499999999782,0.7433999999999976,6.096299999999999,1.1166999999999998,10.2565,25.985425,13.587612500000006,0.8412875,6.051400000000001,0.8865625000000004,13.2331625,0.41461627493623976,0.19920992806369398
121.15,23.95,221.0313,SSP3-7.0,2021-2040,7.295000000000016,28.402299999999997,22.886199999999917,1.1645000000000003,6.7943999999999996,0.4443999999999999,14.8957,26.6678125,27.545075000000054,1.0058000000000002,5.919675,0.6479125000000001,12.7508125,0.41461627493623976,0.26240570843348543
121.15,24.0,208.2416,SSP3-7.0,2021-2040,13.460399999999993,27.029900000000005,49.14890000000014,1.2600000000000016,3.5981000000000023,-0.18329999999999913,13.365199999999998,27.1060375,29.981924999999933,1.1543500000000004,6.2261625,0.6939624999999998,12.947025,0.41461627493623976,0.32560148880327683
121.15,24.05,227.0086,SSP3-7.0,2021-2040,16.544099999999986,26.628099999999996,20.30939999999964,1.1106000000000016,5.566700000000004,0.9499999999999993,12.126100000000001,26.558625,24.01102499999996,1.1828750000000006,5.9483749999999995,0.6192125000000002,12.1942875,0.41461627493623976,0.3887972691730683
121.15,24.1,226.4273,SSP3-7.0,2021-2040,18.349500000000006,26.314799999999998,1.1489000000001397,1.1450999999999993,6.183300000000003,0.7537000000000003,11.5391,25.989512499999996,14.512174999999843,1.1550000000000007,6.1196874999999995,0.7125000000000001,11.3809875,0.41461627493623976,0.4519930495428597
121.15,24.15,233.0759,SSP3-7.0,2021-2040,22.602100000000007,25.919399999999996,11.739900000000034,1.1511000000000031,6.988900000000001,0.5221999999999998,10.617400000000002,24.937212499999998,18.489299999999957,1.0883999999999996,5.505325000000001,0.6745375000000005,10.4902125,0.41461627493623976,0.5151888299126467
121.15,24.2,239.0644,SSP3-7.0,2021-2040,24.97720000000001,23.636999999999993,35.81470000000036,0.9910999999999994,4.436999999999998,0.46669999999999945,9.5304,24.849875,32.41267499999992,1.0034874999999994,5.398150000000001,0.6761500000000003,9.828812500000002,0.41461627493623976,0.578384610282438
121.15,24.25,228.7634,SSP3-7.0,2021-2040,22.804900000000004,25.498400000000004,54.10010000000011,1.0401999999999987,5.118499999999997,0.5277999999999992,9.3848,24.0828125,24.14863749999995,0.8492999999999999,4.537725000000001,0.5472250000000003,9.376625,0.41461627493623976,0.6415803906522295
121.15,24.3,218.3997,SSP3-7.0,2021-2040,16.081700000000012,23.794099999999993,7.242600000000039,0.9207999999999998,4.288900000000005,0.007400000000000517,8.143500000000001,22.559125,2.435587499999997,0.8000375000000006,4.074762499999999,0.4125000000000001,9.166037499999998,0.41461627493623976,0.704776171022021
121.15,24.35,226.7928,SSP3-7.0,2021-2040,6.461299999999994,17.7188,-30.279799999999796,0.9262000000000015,3.5500000000000043,-0.22959999999999958,7.9739,22.435724999999998,-18.506537499999922,0.7775250000000007,3.6805624999999997,0.6342500000000004,9.021475,0.41461627493623976,0.7679719513918124
121.15,24.4,243.9756,SSP3-7.0,2021-2040,-2.0430999999999813,24.6627,-25.999799999999595,0.7812000000000019,3.6499999999999986,0.7481000000000009,9.486999999999998,21.60125,-21.385899999999936,0.7967124999999999,3.3958375,0.8523125000000003,8.8576,0.41461627493623976,0.8311677317615993
121.15,24.45,280.6583,SSP3-7.0,2021-2040,-3.68119999999999,23.093600000000002,-3.163600000000315,0.8280999999999992,4.944400000000002,1.3259000000000007,8.2391,22.9671875,-19.320462499999906,0.8563499999999991,3.84005,1.2048625000000002,9.0494625,0.41461627493623976,0.8943635121313908
121.15,24.5,332.4719,SSP3-7.0,2021-2040,-3.4770000000000323,21.899,-0.8762000000001535,1.1026999999999987,4.298100000000002,1.1889000000000003,9.137,23.574825000000004,-34.140375000000006,0.7344874999999993,4.891674999999999,1.336575,10.00135,0.41461627493623976,0.9575592925011822
121.15,24.55,331.7236,SSP3-7.0,2021-2040,-8.903999999999996,24.641700000000007,-73.6525999999999,0.426400000000001,6.316699999999997,1.5074000000000005,13.1,23.9720375,-47.017287500000066,0.5932624999999994,6.071775000000001,1.5166625,11.381525,0.41461627493623976,1.0207550728709736
121.15,24.6,323.2732,SSP3-7.0,2021-2040,-11.47059999999999,27.476999999999997,-83.04320000000007,0.012199999999999989,7.674100000000003,1.803700000000001,15.3652,25.4581875,-60.51376250000007,0.4001625,5.9775624999999994,1.5844875000000005,14.445375,0.41461627493623976,1.0839508532407651
121.15,24.65,257.0223,SSP3-7.0,2021-2040,-1.2007999999999868,27.035200000000003,-72.01880000000028,0.45959999999999823,5.587000000000003,1.5352000000000015,17.9674,27.22855,-57.24538750000008,0.32478750000000023,5.3525625,1.2882000000000002,16.8932,0.41461627493623976,1.147146633610552
121.15,24.7,207.5158,SSP3-7.0,2021-2040,-0.5665000000000191,29.344899999999996,-56.52260000000001,0.43680000000000163,4.262999999999998,0.3240999999999996,19.7391,28.298099999999998,-51.37263750000008,0.4042874999999997,4.810175000000001,0.9254750000000005,18.492112499999998,0.41461627493623976,1.2103424139803434
121.15,24.75,181.2701,SSP3-7.0,2021-2040,3.6674999999999898,28.407899999999998,-52.425899999999956,0.371100000000002,6.5944,0.11110000000000042,18.3739,28.849175000000002,-63.32826250000005,0.32528749999999995,5.100012500000002,0.44747499999999985,18.95245,0.41461627493623976,1.273538194350135
121.15,24.8,173.8362,SSP3-7.0,2021-2040,1.7843000000000018,28.27380000000001,-134.59990000000016,0.058499999999998664,7.138900000000003,0.5185000000000013,17.7935,28.335124999999998,-68.65090000000001,0.2859875000000005,5.9914375,0.34862499999999996,18.400274999999997,0.41461627493623976,1.3367339747199263
121.15,24.85,173.5678,SSP3-7.0,2021-2040,1.4814000000000078,26.798299999999998,-134.30489999999986,0.19650000000000034,7.653700000000001,0.4573999999999998,17.6913,27.6840625,-60.67481250000006,0.3728250000000002,6.368525,0.23634999999999995,17.6875,0.41461627493623976,1.3999297550897176
121.15,24.9,151.5627,SSP3-7.0,2021-2040,1.340599999999995,26.886399999999995,-39.21900000000005,0.6239999999999988,6.677799999999998,-0.30370000000000097,17.5043,27.35365,-52.57773750000001,0.5733000000000006,6.180312499999999,0.13981250000000023,17.2054375,0.41461627493623976,1.4631255354595045
121.15,24.95,146.9294,SSP3-7.0,2021-2040,0.8801000000000272,28.3836,-49.3273999999999,0.7645000000000017,6.144399999999997,-0.5573999999999995,17.9,27.34845,-16.647312499999998,0.8451875000000002,5.427075,-0.10462499999999997,17.299999999999997,0.41461627493623976,1.526321315829296
121.15,25.0,148.0878,SSP3-7.0,2021-2040,7.52970000000002,27.99130000000001,11.684500000000071,1.0675999999999988,3.987000000000002,0.1463000000000001,17.7109,27.720174999999998,-3.5691124999999886,0.9995375000000006,5.452775000000001,-0.2805374999999999,17.616325000000003,0.41461627493623976,1.5895170961990874
121.15,25.05,138.5894,SSP3-7.0,2021-2040,12.709899999999976,27.497999999999998,57.13210000000004,1.2737000000000016,4.981500000000004,-0.07590000000000074,17.2935,27.8214375,9.328250000000025,1.0127999999999995,5.329175000000001,-0.22730000000000006,18.03235,0.41461627493623976,1.652712876568879
121.15,25.1,133.6598,SSP3-7.0,2021-2040,7.033100000000019,27.2008,11.361900000000105,0.9231999999999978,5.511099999999999,-0.40190000000000037,17.5717,27.941724999999998,14.335774999999984,1.0586374999999997,5.489362500000001,-0.11317500000000003,18.0405,0.41461627493623976,1.7159086569386703
121.2,22.8,206.7171,SSP3-7.0,2021-2040,-18.602899999999977,35.4605,16.064499999999953,1.6046000000000014,7.981499999999997,2.0574000000000003,16.9435,34.495975,21.56462499999995,1.2741000000000002,6.910875000000001,2.0729250000000006,17.1671375,0.520310115017461,-1.191097240071695
121.2,22.85,221.465,SSP3-7.0,2021-2040,-26.84110000000001,34.71659999999999,-8.115500000000111,1.3530999999999977,6.6037000000000035,1.9000000000000004,17.6261,33.4744625,26.977874999999983,1.3570250000000006,7.1949125,2.0504625,16.3752875,0.520310115017461,-1.1279014597019037
121.2,22.9,210.415,SSP3-7.0,2021-2040,-16.215000000000003,34.6935,38.28600000000006,1.1577999999999982,4.675899999999999,2.237,15.854299999999999,33.424212499999996,32.447149999999965,1.3690875,7.985412500000001,2.0817250000000005,16.0068,0.520310115017461,-1.0647056793321166
121.2,22.95,200.492,SSP3-7.0,2021-2040,4.178800000000024,31.557499999999997,96.06629999999996,1.4577999999999989,6.125899999999994,2.1370000000000005,13.884800000000002,32.7784625,57.3819125,1.5475624999999997,6.284250000000001,2.1620375000000003,15.157612499999999,0.520310115017461,-1.0015098989623252
121.2,23.0,206.371,SSP3-7.0,2021-2040,-0.2242999999999995,32.8142,92.55250000000001,2.0928000000000004,0.6407000000000025,1.8796,14.9957,32.233025,79.24962500000004,1.6126999999999994,5.0768499999999985,2.3099499999999997,14.3945625,0.520310115017461,-0.9383141185925338
121.2,23.05,215.9436,SSP3-7.0,2021-2040,-9.046500000000009,30.2538,87.71950000000015,1.3434999999999988,1.2129999999999939,2.325899999999999,13.743500000000001,32.743900000000004,69.42036250000001,1.5833500000000003,4.179625,2.390975,14.50355,0.520310115017461,-0.8751183382227424
121.2,23.1,235.1445,SSP3-7.0,2021-2040,-20.359199999999987,29.69149999999999,54.230999999999995,1.0217000000000027,6.422199999999997,2.6388999999999996,13.3761,32.9721125,60.019862500000045,1.228125,3.992374999999999,2.5101875,14.3274375,0.520310115017461,-0.811922557852951
121.2,23.15,236.1311,SSP3-7.0,2021-2040,-21.873800000000017,31.648999999999994,64.41180000000008,0.6288000000000018,1.3704000000000036,2.6370000000000005,14.997800000000002,31.667825,46.21081250000003,1.1701875000000004,6.161337499999999,2.387275,12.906525,0.520310115017461,-0.748726777483164
121.2,23.2,238.2312,SSP3-7.0,2021-2040,-20.20179999999999,31.6,46.09180000000015,1.0533000000000001,6.829599999999999,1.8758999999999997,11.547799999999999,30.8785,48.09901250000004,1.3881875,6.307175,2.3768374999999997,12.586675,0.520310115017461,-0.6855309971133726
121.2,23.25,247.1971,SSP3-7.0,2021-2040,-19.675900000000013,29.311000000000007,41.97590000000014,1.685299999999998,6.268500000000003,2.4685000000000006,11.799999999999999,31.211225,69.60151250000001,1.6286125,7.2011375,2.3252249999999997,12.758700000000001,0.520310115017461,-0.6223352167435812
121.2,23.3,235.7734,SSP3-7.0,2021-2040,-2.7190999999999974,32.8483,106.01659999999993,1.8358999999999988,6.057400000000001,2.5407,14.815199999999999,32.2612,118.841575,1.8652374999999997,7.121525000000001,2.57755,14.253274999999999,0.520310115017461,-0.5591394363737897
121.2,23.35,238.803,SSP3-7.0,2021-2040,11.005400000000009,34.031200000000005,215.58400000000006,1.8446999999999996,4.9741,2.855600000000001,16.5674,33.618125000000006,159.38428749999997,1.82765,6.510887500000001,2.607875,15.5853375,0.520310115017461,-0.4959436560039983
121.2,23.4,231.2304,SSP3-7.0,2021-2040,11.015899999999988,34.57569999999999,208.92779999999993,1.6534999999999993,4.020399999999999,2.1704000000000008,16.308699999999998,32.923024999999996,185.95701250000002,1.680775,5.5595125,2.7266250000000003,15.4728375,0.520310115017461,-0.43274787563421135
121.2,23.45,227.5312,SSP3-7.0,2021-2040,10.884699999999981,27.96419999999999,183.93910000000005,1.4560999999999993,4.75,2.553699999999999,12.8348,32.5433125,179.74665,1.4779499999999997,4.8277874999999995,2.7034750000000005,15.393474999999999,0.520310115017461,-0.3695520952644199
121.2,23.5,225.2992,SSP3-7.0,2021-2040,10.957299999999975,31.6017,169.29459999999995,1.3858999999999995,5.8796,3.0074000000000005,15.4783,30.501025000000002,172.0327,1.3640249999999994,4.3995375,2.63125,14.397012499999999,0.520310115017461,-0.3063563148946285
121.2,23.55,220.2388,SSP3-7.0,2021-2040,13.370200000000011,31.020700000000005,155.14109999999982,1.3527999999999984,5.666700000000002,1.549999999999999,14.7022,29.0117125,160.40958750000001,1.3525,4.853225,2.6699,14.4097875,0.520310115017461,-0.24316053452483705
121.2,23.6,206.7954,SSP3-7.0,2021-2040,17.99969999999999,25.399,138.0951,1.4118000000000013,4.677800000000001,2.131499999999999,13.05,29.263825000000004,146.39552500000002,1.3490499999999999,4.825687500000001,2.2680375,14.607612499999998,0.520310115017461,-0.17996475415504562
121.2,23.65,192.5687,SSP3-7.0,2021-2040,23.575999999999993,31.240900000000003,130.5018,1.3079,3.9240999999999993,1.75,15.102199999999998,27.988474999999998,133.30845,1.322225,3.5229125000000012,2.2536875,15.3307125,0.520310115017461,-0.11676897378525869
121.2,23.7,197.9342,SSP3-7.0,2021-2040,20.842899999999986,27.920199999999994,143.4409999999998,1.2979999999999983,0.9314999999999998,2.5795999999999992,17.7652,27.733600000000003,101.06173750000002,1.117225,2.021287500000002,2.2379625,15.2070625,0.520310115017461,-0.053573193415467256
121.2,23.75,198.2544,SSP3-7.0,2021-2040,-4.920400000000001,22.5721,63.59269999999992,0.9350999999999985,0.24810000000000088,2.631500000000001,13.5717,26.5059375,75.8180625,0.9548250000000007,1.5419000000000005,2.1289500000000006,15.2951125,0.520310115017461,0.009622586954324176
121.2,23.8,189.9227,SSP3-7.0,2021-2040,-6.723899999999986,20.941500000000005,33.530500000000075,0.7833000000000006,2.1629999999999967,1.8704,12.9848,24.040625,43.325624999999974,0.8388125000000002,2.9277750000000005,1.9488625000000006,13.0692875,0.520310115017461,0.0728183673241156
121.2,23.85,191.8552,SSP3-7.0,2021-2040,-6.5560999999999865,21.680499999999995,31.14689999999996,0.8271999999999977,5.3519000000000005,1.8796,11.0587,23.4948,36.93078749999992,0.9045500000000004,4.8143625,1.4585875000000004,11.986687499999999,0.520310115017461,0.13601414769390704
121.2,23.9,205.9578,SSP3-7.0,2021-2040,-3.8674999999999784,23.787100000000002,39.010299999999916,0.8561000000000014,6.238900000000001,1.0389,11.084800000000001,23.918237499999996,50.84972499999992,1.0941124999999992,5.864825000000001,1.0703624999999999,11.5674,0.520310115017461,0.19920992806369398
121.2,23.95,219.311,SSP3-7.0,2021-2040,7.1299999999999955,26.502299999999998,62.089100000000144,1.1647999999999996,5.663,0.48329999999999984,12.0587,24.772975000000002,83.72312499999995,1.3986,5.548837500000001,0.5106374999999996,11.6261,0.520310115017461,0.26240570843348543
121.2,24.0,211.048,SSP3-7.0,2021-2040,24.3673,23.875899999999994,100.76310000000012,1.6387,6.6092999999999975,-0.2815000000000012,10.0283,25.6791375,106.59613749999994,1.6341,4.681475000000001,0.42937500000000006,12.0361625,0.520310115017461,0.32560148880327683
121.2,24.05,239.5331,SSP3-7.0,2021-2040,18.953599999999994,25.2301,46.12259999999969,1.4124000000000017,5.7074,0.9759000000000011,11.7609,25.066937499999998,113.57628749999998,1.7533124999999998,4.2530125000000005,0.2995375,11.2165875,0.520310115017461,0.3887972691730683
121.2,24.1,223.0383,SSP3-7.0,2021-2040,17.891099999999994,24.800999999999995,-11.590599999999995,1.0397999999999996,5.192599999999999,0.5704000000000011,10.95,24.886974999999996,98.39351249999993,1.669025,4.217600000000001,0.5925875,10.82365,0.520310115017461,0.4519930495428597
121.2,24.15,218.2223,SSP3-7.0,2021-2040,19.405400000000014,24.973099999999995,11.467599999999948,1.2679999999999971,4.207399999999996,0.7056000000000004,10.0348,24.44845,61.48546250000004,1.2851749999999997,4.1298625,0.4738499999999999,10.2836875,0.520310115017461,0.5151888299126467
121.2,24.2,229.8587,SSP3-7.0,2021-2040,14.337099999999992,24.414200000000008,14.686099999999897,0.8099999999999987,3.992600000000003,0.3648000000000007,9.376100000000001,24.245537499999998,37.32346250000006,0.8739624999999998,4.007399999999999,0.4643499999999998,9.65815,0.520310115017461,0.578384610282438
121.2,24.25,214.5532,SSP3-7.0,2021-2040,2.865399999999994,24.444499999999998,-17.103000000000065,0.10640000000000072,3.674100000000003,-0.005599999999999383,9.2739,23.8907375,19.21508750000004,0.5965749999999996,3.7937374999999993,0.41389999999999993,9.0122375,0.520310115017461,0.6415803906522295
121.2,24.3,210.2561,SSP3-7.0,2021-2040,2.2801000000000045,22.6935,14.186799999999948,0.41990000000000194,3.8851999999999975,0.42410000000000103,8.810899999999998,22.497124999999997,6.510662500000024,0.5106125000000001,3.8361000000000005,0.4011499999999999,8.569299999999998,0.520310115017461,0.704776171022021
121.2,24.35,213.7987,SSP3-7.0,2021-2040,-0.42830000000000723,18.348300000000002,6.992400000000089,0.6900000000000013,4.5,0.37959999999999994,8.441299999999998,21.3869875,5.8484375000000455,0.6366250000000004,3.6796250000000006,0.7317125000000004,8.46605,0.520310115017461,0.7679719513918124
121.2,24.4,230.6327,SSP3-7.0,2021-2040,-6.192700000000002,20.256100000000004,14.3108000000002,0.723399999999998,3.7667,1.5370000000000008,8.867399999999998,20.283425,6.090687500000001,0.7707625000000009,3.8986000000000005,0.9240750000000002,8.360325,0.520310115017461,0.8311677317615993
121.2,24.45,269.3947,SSP3-7.0,2021-2040,-6.755100000000027,22.797600000000003,29.137900000000172,0.8548000000000009,3.5259,1.2592999999999996,8.680399999999999,21.059025000000002,7.881262499999991,0.8735999999999997,3.705775,1.2393500000000004,8.378,0.520310115017461,0.8943635121313908
121.2,24.5,324.1016,SSP3-7.0,2021-2040,-4.192300000000046,23.231,17.391599999999926,0.978399999999997,2.9833,1.5610999999999997,7.282599999999999,21.778775000000003,-0.7514375000000086,0.8125125000000004,4.2236125,1.4294125,9.047825,0.520310115017461,0.9575592925011822
121.2,24.55,335.3871,SSP3-7.0,2021-2040,-10.222299999999962,20.642899999999997,-30.17360000000008,0.6527999999999992,5.1019000000000005,1.7388999999999992,8.447799999999999,23.193475,-16.233912499999974,0.6418124999999999,4.7817125,1.630325,10.4146875,0.520310115017461,1.0207550728709736
121.2,24.6,331.4024,SSP3-7.0,2021-2040,-15.856299999999976,21.138799999999996,-68.44920000000002,0.2668999999999997,6.916699999999999,1.6351999999999993,9.869600000000002,24.3243375,-44.061337500000036,0.4402250000000003,5.406725000000001,1.7636500000000004,12.910599999999999,0.520310115017461,1.0839508532407651
121.2,24.65,302.8522,SSP3-7.0,2021-2040,-7.323800000000006,25.639799999999994,-88.45040000000017,0.2519999999999989,4.8629999999999995,1.7722000000000016,15.415199999999999,25.744,-52.29075000000003,0.4172500000000001,5.7368,1.4986125000000001,15.286425000000001,0.520310115017461,1.147146633610552
121.2,24.7,276.8722,SSP3-7.0,2021-2040,-6.902900000000045,27.901000000000003,-73.87130000000025,0.45730000000000004,5.144399999999997,1.4666999999999994,18.6261,26.97565,-46.125737500000014,0.48954999999999993,5.6442,1.2539375000000006,17.258962500000003,0.520310115017461,1.2103424139803434
121.2,24.75,236.2187,SSP3-7.0,2021-2040,7.281099999999981,28.998299999999993,-36.84920000000011,0.46419999999999817,4.003700000000002,1.6019000000000005,19.25,27.7561125,-47.72624999999999,0.42371250000000016,5.952300000000001,0.9643625000000002,18.1807125,0.520310115017461,1.273538194350135
121.2,24.8,178.2848,SSP3-7.0,2021-2040,1.9054000000000144,28.178799999999995,-65.83320000000003,-0.021399999999999864,6.938900000000004,0.6555999999999997,18.602199999999996,27.3135875,-52.7266875,0.3566625000000001,6.224987500000002,0.9537125000000004,17.8095125,0.520310115017461,1.3367339747199263
121.2,24.85,172.0038,SSP3-7.0,2021-2040,-0.6359000000000208,26.46399999999999,-94.26070000000004,-0.01699999999999946,6.927800000000001,0.9556000000000004,17.3196,26.691475,-52.902937500000036,0.3868999999999998,6.388187500000002,0.52685,17.185325,0.520310115017461,1.3999297550897176
121.2,24.9,157.3468,SSP3-7.0,2021-2040,-1.1559000000000026,25.387400000000007,-46.470800000000054,0.3938999999999986,5.718499999999999,0.1943999999999999,16.1652,26.361337499999998,-51.76740000000001,0.5554875000000004,6.6981375000000005,0.11296250000000008,16.8233625,0.520310115017461,1.4631255354595045
121.2,24.95,144.8226,SSP3-7.0,2021-2040,1.438600000000008,26.4859,-47.77089999999998,0.7560000000000002,5.4741,-0.5777999999999999,15.3696,26.786099999999998,-26.79377500000001,0.8052874999999999,6.143725,-0.051850000000000174,17.2888375,0.520310115017461,1.526321315829296
121.2,25.0,141.6057,SSP3-7.0,2021-2040,3.6033999999999935,28.551199999999994,-29.49649999999997,1.0615000000000023,4.829599999999999,-0.1333000000000002,19.0804,27.354,-7.008274999999998,0.9247249999999996,5.852312500000002,-0.12637500000000013,17.3951125,0.520310115017461,1.5895170961990874
121.2,25.05,139.4125,SSP3-7.0,2021-2040,9.009199999999993,28.331199999999995,2.9103999999999814,0.9675999999999974,5.781500000000001,0.0129999999999999,18.176099999999998,27.6992125,10.879175000000004,1.0022874999999996,5.600700000000002,-0.0766125000000002,17.8983625,0.520310115017461,1.652712876568879
121.2,25.1,131.6031,SSP3-7.0,2021-2040,10.00109999999998,27.88810000000001,7.378100000000131,0.9267000000000003,6.709299999999999,-0.24630000000000063,17.3935,27.720775,16.012699999999967,1.001524999999999,5.481025000000002,-0.006237499999999785,17.81765,0.520310115017461,1.7159086569386703
121.25,22.9,216.8963,SSP3-7.0,2021-2040,-23.501800000000003,35.4243,-7.524200000000064,1.5825999999999993,8.659300000000002,1.9556000000000004,16.8283,33.3320375,33.7787625,1.546875,8.136800000000001,2.0946750000000005,15.7856,0.6260039550986825,-1.0647056793321166
121.25,22.95,205.0974,SSP3-7.0,2021-2040,-10.585999999999984,33.6397,46.11570000000006,1.8130999999999986,10.831500000000005,2.1630000000000003,14.954299999999998,33.215337500000004,52.46192500000001,1.6729999999999996,7.1231375,2.2143500000000005,15.0804375,0.6260039550986825,-1.0015098989623252
121.25,23.0,198.2906,SSP3-7.0,2021-2040,-0.822400000000016,31.303100000000008,66.16000000000008,2.7203000000000017,6.331499999999998,2.238900000000001,13.7935,32.917100000000005,59.731787500000024,1.919974999999999,6.315737499999999,2.24375,14.678262499999999,0.6260039550986825,-0.9383141185925338
121.25,23.05,204.9055,SSP3-7.0,2021-2040,-4.0878999999999905,33.93300000000001,64.4693000000002,2.4137999999999984,1.1462999999999965,2.2925999999999993,14.773900000000001,32.0648125,60.113887500000004,1.8134875,5.846749999999998,2.39515,14.172025,0.6260039550986825,-0.8751183382227424
121.25,23.1,235.0819,SSP3-7.0,2021-2040,-20.255899999999997,33.0905,48.62130000000002,1.0905999999999985,5.703700000000005,2.6556000000000006,14.9457,31.6045625,54.481100000000055,1.5383,4.713887499999998,2.4724499999999994,13.701625,0.6260039550986825,-0.811922557852951
121.25,23.15,250.155,SSP3-7.0,2021-2040,-21.2157,30.274900000000002,47.32249999999999,1.1827000000000005,4.992599999999996,2.3852,13.271700000000001,31.647525,40.13405000000006,1.2238750000000005,6.1055375,2.4844874999999997,13.430174999999998,0.6260039550986825,-0.748726777483164
121.25,23.2,265.027,SSP3-7.0,2021-2040,-23.319699999999983,29.931000000000004,35.80740000000014,1.6153000000000013,6.822200000000002,2.4703999999999997,12.987,31.2161,43.06931250000005,1.407575,5.550225,2.510625,12.902175,0.6260039550986825,-0.6855309971133726
121.25,23.25,255.8634,SSP3-7.0,2021-2040,-12.809800000000024,32.7235,52.63850000000002,1.9962000000000018,6.5259,2.6944,13.15,31.315750000000005,72.61066250000002,1.6012499999999998,5.842575,2.5525374999999997,13.3203875,0.6260039550986825,-0.6223352167435812
121.25,23.3,241.7888,SSP3-7.0,2021-2040,4.571399999999983,32.45910000000001,138.18439999999987,1.574300000000001,5.9481,2.9018999999999995,14.826100000000002,32.22280000000001,122.19605000000001,1.8670124999999995,5.763200000000001,2.7127125000000003,14.2057125,0.6260039550986825,-0.5591394363737897
121.25,23.35,238.2871,SSP3-7.0,2021-2040,16.89149999999998,34.59230000000001,222.14830000000006,1.9574999999999996,6.388900000000003,2.998099999999999,16.5957,32.971475,165.11004999999997,1.7540124999999998,5.8057875,2.6342625,15.032062499999999,0.6260039550986825,-0.4959436560039983
121.25,23.4,249.908,SSP3-7.0,2021-2040,14.320999999999998,32.71300000000001,241.86760000000004,1.8577000000000012,6.0778,2.6889000000000003,15.2391,33.231475,184.705475,1.6982499999999996,6.044225000000001,2.8104125,15.25165,0.6260039550986825,-0.43274787563421135
121.25,23.45,255.8864,SSP3-7.0,2021-2040,15.266999999999967,34.9095,234.26319999999987,1.6987000000000005,4.9148,3.1814999999999998,15.976100000000002,32.79203749999999,188.93860000000004,1.5704874999999998,5.715512500000001,2.9536875,15.144025,0.6260039550986825,-0.3695520952644199
121.25,23.5,265.0738,SSP3-7.0,2021-2040,15.620400000000018,34.53660000000001,235.49749999999995,1.7067999999999994,4.7926,3.6944,16.4978,32.1389625,196.69626250000007,1.530225,5.2025500000000005,3.1497625,15.069299999999998,0.6260039550986825,-0.3063563148946285
121.25,23.55,268.8578,SSP3-7.0,2021-2040,19.56400000000002,32.412800000000004,254.71680000000015,1.7638999999999996,4.9833,4.050000000000001,15.939099999999998,30.842125000000003,198.93221250000002,1.555125,4.7757000000000005,2.8662,15.02555,0.6260039550986825,-0.24316053452483705
121.25,23.6,227.2408,SSP3-7.0,2021-2040,28.816000000000003,28.613599999999998,211.8433,1.6793000000000013,6.418499999999998,2.5999999999999996,13.8609,29.7235875,195.18397500000003,1.6366124999999998,4.559962500000001,2.5629625000000003,15.1089625,0.6260039550986825,-0.17996475415504562
121.25,23.65,198.6305,SSP3-7.0,2021-2040,29.639899999999983,28.7699,177.90240000000017,1.8393999999999995,4.9963000000000015,2.1944,14.454299999999998,27.7588625,177.50387499999994,1.6086875000000003,3.4953625,2.1935124999999998,15.019575,0.6260039550986825,-0.11676897378525869
121.25,23.7,192.2125,SSP3-7.0,2021-2040,22.043599999999998,25.833799999999997,155.3406,1.4933000000000014,0.28330000000000055,1.9536999999999995,15.3957,26.7340625,130.21966249999997,1.4542749999999995,2.4129500000000004,2.20855,14.7999875,0.6260039550986825,-0.053573193415467256
121.25,23.75,196.7212,SSP3-7.0,2021-2040,-3.579800000000006,24.701999999999998,47.3578,0.7016000000000009,-0.6888999999999967,2.4925999999999995,13.9891,24.981175,98.62214999999998,1.3355875000000001,2.0520749999999994,2.04305,14.110599999999998,0.6260039550986825,0.009622586954324176
121.25,23.8,188.5517,SSP3-7.0,2021-2040,4.469599999999986,25.866,43.27759999999989,1.0620000000000012,2.1647999999999996,1.527800000000001,13.4891,22.882837499999997,63.343387500000006,1.1600625,3.2583375000000006,2.082175,12.2820625,0.6260039550986825,0.0728183673241156
121.25,23.85,197.332,SSP3-7.0,2021-2040,2.5763000000000034,22.529899999999998,57.76749999999993,1.1661000000000001,5.329599999999999,1.8056,10.2261,22.980400000000003,67.02276249999997,1.2389250000000005,5.252800000000001,1.6761499999999998,11.764937499999998,0.6260039550986825,0.13601414769390704
121.25,23.9,202.9011,SSP3-7.0,2021-2040,2.0183999999999855,22.779899999999998,77.74169999999981,1.3713000000000015,6.524100000000004,1.4110999999999994,11.032599999999999,23.248137500000002,90.56823749999998,1.3902499999999998,5.878712500000001,1.3261499999999995,11.163037500000002,0.6260039550986825,0.19920992806369398
121.25,23.95,198.7248,SSP3-7.0,2021-2040,11.932600000000008,25.027300000000004,132.34709999999995,1.680699999999998,5.2074,0.24069999999999858,11.2087,23.792775000000002,132.54317500000002,1.7125125000000003,5.353250000000001,0.8418874999999997,11.1529875,0.6260039550986825,0.26240570843348543
121.25,24.0,184.3078,SSP3-7.0,2021-2040,42.84100000000001,23.799600000000005,236.8352,2.4741,3.3222000000000023,0.2980999999999998,11.137,23.91765,165.65363750000006,1.9640499999999999,4.039824999999999,0.5460499999999999,10.890225000000001,0.6260039550986825,0.32560148880327683
121.25,24.05,199.552,SSP3-7.0,2021-2040,53.11070000000001,22.813499999999998,283.03060000000005,2.805699999999998,1.592600000000001,0.2259000000000011,9.737000000000002,23.9149625,181.62225,2.1535124999999997,3.3506999999999993,0.4101750000000002,10.73995,0.6260039550986825,0.3887972691730683
121.25,24.1,183.641,SSP3-7.0,2021-2040,31.990499999999997,25.2727,228.96479999999974,2.5524999999999984,1.959299999999999,0.06299999999999883,10.85,23.4716625,164.39905000000005,2.030337499999999,2.8164374999999993,0.5793875000000004,10.5451125,0.6260039550986825,0.4519930495428597
121.25,24.15,209.9447,SSP3-7.0,2021-2040,14.620599999999996,21.9441,184.36430000000018,1.9068000000000005,1.5351999999999997,0.5443999999999996,9.923899999999998,23.8546,103.54208749999998,1.5333624999999986,3.114125,0.4618125000000002,10.1336875,0.6260039550986825,0.5151888299126467
121.25,24.2,229.0998,SSP3-7.0,2021-2040,-3.3485000000000014,23.284400000000005,26.75559999999996,0.6849999999999987,2.75,0.5055999999999994,9.4826,23.471249999999998,59.02552500000007,0.8933374999999995,3.0849625,0.43100000000000005,9.527437500000001,0.6260039550986825,0.578384610282438
121.25,24.25,225.2069,SSP3-7.0,2021-2040,-7.68859999999998,24.263399999999997,-8.551500000000033,-0.15690000000000026,3.348099999999995,0.44810000000000016,9.0174,23.310125000000003,21.796224999999993,0.4123625000000004,3.1349625000000003,0.5155125,8.9451125,0.6260039550986825,0.6415803906522295
121.25,24.3,209.9772,SSP3-7.0,2021-2040,-1.6398000000000081,23.5409,9.486300000000028,0.0625,2.5295999999999985,0.5666999999999991,8.3522,22.4959,11.36451249999999,0.2684250000000006,3.5192124999999996,0.6923499999999998,8.5266375,0.6260039550986825,0.704776171022021
121.25,24.35,223.0774,SSP3-7.0,2021-2040,-6.222500000000025,22.3686,30.198199999999815,0.49569999999999936,3.6796000000000006,1.5147999999999993,7.967399999999998,21.01275,9.377574999999979,0.40133750000000035,3.3779999999999997,1.0608875000000002,8.316324999999999,0.6260039550986825,0.7679719513918124
121.25,24.4,225.9841,SSP3-7.0,2021-2040,-4.155600000000021,16.0612,27.642399999999725,0.763300000000001,4.087,1.2852000000000015,8.1261,20.7559875,9.55336250000002,0.5985125,3.469675,1.2481499999999996,8.3222875,0.6260039550986825,0.8311677317615993
121.25,24.45,242.0057,SSP3-7.0,2021-2040,-2.582899999999995,17.2166,14.197799999999916,0.8268000000000022,3.251899999999999,1.1092999999999993,7.9674,21.222125,16.118337499999996,0.7688249999999992,2.9421125,1.4220000000000002,8.0467375,0.6260039550986825,0.8943635121313908
121.25,24.5,273.7845,SSP3-7.0,2021-2040,-5.391999999999996,22.052,19.547100000000228,0.9848999999999997,2.6647999999999996,1.1593,7.917400000000001,21.35705,19.32424999999995,0.8103124999999998,3.2840375,1.6794124999999995,8.0021625,0.6260039550986825,0.9575592925011822
121.25,24.55,315.5168,SSP3-7.0,2021-2040,-13.630200000000002,21.886799999999994,38.971700000000055,0.8236000000000026,3.685200000000002,2.1463,8.893500000000001,22.3102625,9.7592875,0.7584999999999993,3.5388999999999995,1.8972374999999997,8.9527125,0.6260039550986825,1.0207550728709736
121.25,24.6,338.8761,SSP3-7.0,2021-2040,-18.504999999999995,23.2215,20.239500000000135,0.5394000000000005,3.7148000000000003,2.0406999999999993,11.752199999999998,22.949087499999997,-13.274662500000034,0.6370000000000005,4.8710875,2.0308,11.1692875,0.6260039550986825,1.0839508532407651
121.25,24.65,318.885,SSP3-7.0,2021-2040,-15.562700000000007,24.049800000000005,-64.36329999999998,0.3558000000000021,6.3111,1.5648,12.3435,24.331112499999996,-26.089537500000006,0.6464625000000002,5.236337499999998,1.8518625000000002,14.133424999999999,0.6260039550986825,1.147146633610552
121.25,24.7,287.2491,SSP3-7.0,2021-2040,2.1755999999999744,25.7838,-20.297099999999773,0.8099999999999987,6.283299999999997,1.618500000000001,16.6283,25.5759375,-35.24055000000004,0.6166875000000003,5.8796125,1.6210750000000003,15.9133,0.6260039550986825,1.2103424139803434
121.25,24.75,249.5033,SSP3-7.0,2021-2040,12.169099999999986,26.545500000000004,21.921400000000176,0.7668999999999997,7.248100000000001,1.5037000000000003,18.3543,26.528675,-30.58695000000006,0.5822374999999997,5.678925000000001,1.4984,17.0684875,0.6260039550986825,1.273538194350135
121.25,24.8,195.4141,SSP3-7.0,2021-2040,6.66840000000002,27.613200000000006,-0.1813999999999396,0.5105000000000004,4.007400000000004,1.5167000000000002,17.3283,26.72975,-22.041025000000047,0.5152000000000001,6.508100000000002,1.2909875000000002,17.4111375,0.6260039550986825,1.3367339747199263
121.25,24.85,154.826,SSP3-7.0,2021-2040,6.114599999999996,25.407700000000006,8.887099999999919,0.502600000000001,6.225900000000003,0.9648000000000003,16.3652,26.490450000000003,-27.789900000000074,0.5242749999999998,6.440050000000001,0.91205,17.0812625,0.6260039550986825,1.3999297550897176
121.25,24.9,142.2652,SSP3-7.0,2021-2040,3.266999999999996,24.986200000000004,-11.501400000000103,0.8306000000000004,6.744400000000002,0.21110000000000007,16.032600000000002,25.8749,-33.20397500000004,0.6323124999999998,6.7242999999999995,0.37407500000000016,16.4722875,0.6260039550986825,1.4631255354595045
121.25,24.95,139.2897,SSP3-7.0,2021-2040,1.9350999999999772,25.478599999999993,-46.64200000000005,0.7866999999999997,7.737000000000002,-0.24629999999999974,16.4043,26.034325,-20.56913750000004,0.8243999999999998,6.394899999999999,0.16736249999999986,16.779075,0.6260039550986825,1.526321315829296
121.25,25.0,141.6408,SSP3-7.0,2021-2040,2.6263999999999896,26.6241,-3.3776000000000295,0.9134999999999991,7.3111,0.2740999999999989,17.512999999999998,26.731912499999996,-9.917237500000027,0.9014874999999996,6.2273125,0.07848749999999993,17.2866875,0.6260039550986825,1.5895170961990874
121.25,25.05,137.2724,SSP3-7.0,2021-2040,9.149599999999992,28.039299999999997,19.324699999999893,0.8681999999999981,5.401900000000005,0.0129999999999999,18.7935,27.32535,12.177674999999965,0.9908374999999996,6.184724999999999,0.2472375,17.646724999999996,0.6260039550986825,1.652712876568879
121.25,25.1,130.315,SSP3-7.0,2021-2040,10.160599999999988,27.800900000000006,13.02619999999979,0.9838999999999984,6.074100000000001,-0.1888999999999985,17.830399999999997,27.325449999999996,18.779562499999997,0.9671374999999989,6.136575000000001,0.1699124999999999,17.465762499999997,0.6260039550986825,1.7159086569386703
121.3,22.95,212.7497,SSP3-7.0,2021-2040,-12.560299999999984,35.3194,4.666500000000042,1.5762,12.9389,2.2222,16.467399999999998,33.1564375,52.240099999999984,1.9358749999999993,6.8618,2.1926000000000005,14.864674999999998,0.7316977951799037,-1.0015098989623252
121.3,23.0,206.4605,SSP3-7.0,2021-2040,-6.242699999999985,33.4421,39.56899999999996,1.9516999999999989,11.5185,2.463,14.706499999999998,33.4122375,52.57938750000005,2.0336499999999997,7.3113375000000005,2.3196875,14.8125,0.7316977951799037,-0.9383141185925338
121.3,23.05,210.6232,SSP3-7.0,2021-2040,-6.080600000000004,32.37709999999999,46.69549999999981,2.7108999999999988,6.1111,2.4667000000000003,13.900000000000002,32.834075,57.72080000000008,1.7037249999999995,7.116199999999997,2.573625,14.5141375,0.7316977951799037,-0.8751183382227424
121.3,23.1,220.1791,SSP3-7.0,2021-2040,-11.882900000000006,33.546200000000006,45.362300000000005,1.5763999999999996,8.833299999999994,2.4925999999999995,13.9152,32.527074999999996,46.64526250000006,1.6154374999999996,7.1016125,2.6460749999999997,13.8622375,0.7316977951799037,-0.811922557852951
121.3,23.15,238.9551,SSP3-7.0,2021-2040,-18.93039999999999,31.111000000000004,25.636900000000196,1.4285999999999994,7.622199999999999,2.5406999999999993,11.634800000000002,31.818224999999998,33.71905000000001,1.3869625,7.068737499999999,2.6176,13.309262499999999,0.7316977951799037,-0.748726777483164
121.3,23.2,262.8138,SSP3-7.0,2021-2040,-22.885700000000014,32.56100000000001,0.9098999999998796,1.3763000000000005,5.240699999999997,2.5648,14.036999999999999,31.0950375,40.72735000000006,1.6277000000000004,6.341900000000001,2.5550875,12.613600000000002,0.7316977951799037,-0.6855309971133726
121.3,23.25,259.1125,SSP3-7.0,2021-2040,-16.529500000000013,30.498400000000004,65.56719999999996,1.909399999999998,5.551900000000003,2.9185,12.7783,31.4854375,70.90391250000002,1.7256750000000007,5.853462500000001,2.5914374999999996,13.40055,0.7316977951799037,-0.6223352167435812
121.3,23.3,251.4089,SSP3-7.0,2021-2040,-0.6929999999999836,31.317200000000007,146.33210000000008,1.760200000000001,4.022199999999998,2.6795999999999998,13.771700000000001,32.110325,113.22321249999999,1.9266625,6.442600000000001,2.74375,14.1679375,0.7316977951799037,-0.5591394363737897
121.3,23.35,264.1773,SSP3-7.0,2021-2040,2.1875,32.4605,127.30579999999986,1.9468999999999994,6.316700000000001,2.5463000000000005,14.167399999999999,32.3023875,148.8261375,1.8403125,6.947912499999999,2.7164374999999996,14.5179375,0.7316977951799037,-0.4959436560039983
121.3,23.4,271.1424,SSP3-7.0,2021-2040,2.423999999999978,33.36679999999999,136.6621,1.5588999999999977,9.029600000000002,2.6906999999999996,14.5609,32.880812500000005,153.1327375,1.8782375000000002,7.114125,2.825925,14.734250000000001,0.7316977951799037,-0.43274787563421135
121.3,23.45,263.8152,SSP3-7.0,2021-2040,8.777800000000013,33.951600000000006,148.8135000000002,1.4697000000000013,7.9593000000000025,3.487,15.0022,33.009125,156.3512375,1.7908499999999998,6.772212499999999,2.9041625,14.839675000000002,0.7316977951799037,-0.3695520952644199
121.3,23.5,266.137,SSP3-7.0,2021-2040,21.798999999999978,33.6267,186.50660000000016,1.4753000000000007,3.2148000000000003,3.3369999999999997,15.230400000000001,32.760850000000005,174.7365750000001,1.807175,6.525924999999999,3.361575,15.1220125,0.7316977951799037,-0.3063563148946285
121.3,23.55,253.8481,SSP3-7.0,2021-2040,36.92169999999999,31.624499999999998,240.8952000000004,1.6394000000000002,4.251899999999999,4.031500000000001,15.3913,31.72125,192.97931250000005,1.778825,5.5944375,3.0615750000000004,14.8470125,0.7316977951799037,-0.24316053452483705
121.3,23.6,231.6263,SSP3-7.0,2021-2040,36.218199999999996,30.314200000000007,254.1842999999999,1.7896999999999998,3.3037000000000027,2.5778,15.993500000000001,29.767599999999998,200.9968750000001,1.80495,5.664125,2.8995375,14.5942875,0.7316977951799037,-0.17996475415504562
121.3,23.65,198.8598,SSP3-7.0,2021-2040,36.42400000000001,27.006699999999995,210.03509999999983,1.9879999999999995,4.675900000000002,2.2185000000000006,16.2391,28.296225,182.943825,1.7601875000000002,4.70115,2.4201375,13.925550000000001,0.7316977951799037,-0.11676897378525869
121.3,23.7,198.088,SSP3-7.0,2021-2040,23.6661,25.742500000000007,176.58979999999997,1.9015000000000004,3.7480999999999973,1.737,12.75,27.217612499999998,152.70090000000002,1.6572249999999997,3.3238375000000007,2.507875,14.2793375,0.7316977951799037,-0.053573193415467256
121.3,23.75,206.5757,SSP3-7.0,2021-2040,16.609899999999982,25.91819999999999,92.33670000000006,1.6626999999999992,1.4684999999999988,2.0648,14.528299999999998,26.2676125,125.97608749999998,1.5901000000000007,3.393975,2.3217624999999997,13.070375,0.7316977951799037,0.009622586954324176
121.3,23.8,210.7696,SSP3-7.0,2021-2040,14.774699999999996,25.055099999999996,80.86830000000009,1.5488000000000017,5.409300000000002,1.9795999999999996,12.4,24.77465,108.90257500000001,1.5977875000000004,4.079862500000001,2.2097249999999997,12.053525,0.7316977951799037,0.0728183673241156
121.3,23.85,217.8147,SSP3-7.0,2021-2040,18.935300000000012,19.663400000000003,100.14670000000001,1.6557000000000013,6.785200000000003,1.9332999999999991,9.497800000000002,24.330237500000003,108.96086249999999,1.7172750000000006,5.8856625000000005,1.9226749999999997,11.4769,0.7316977951799037,0.13601414769390704
121.3,23.9,216.9464,SSP3-7.0,2021-2040,20.88719999999998,24.069700000000005,130.4601,1.8069999999999986,7.385200000000001,1.7684999999999995,12.5717,22.9151375,131.3565375,1.8407250000000002,5.73565,1.6238374999999994,10.3856,0.7316977951799037,0.19920992806369398
121.3,23.95,210.6926,SSP3-7.0,2021-2040,20.952300000000008,22.724899999999998,171.57819999999992,1.9644000000000013,5.068499999999997,1.459299999999999,11.5978,23.239387500000003,170.96312500000005,2.0375374999999996,4.609725000000001,1.1807749999999997,10.344025,0.7316977951799037,0.26240570843348543
121.3,24.0,204.0411,SSP3-7.0,2021-2040,38.90180000000001,22.802800000000005,241.86770000000024,2.4237,2.014800000000001,0.5574000000000012,9.713000000000001,22.928887500000002,205.8423875000001,2.2060749999999993,3.0756999999999994,0.8969874999999998,10.087787500000001,0.7316977951799037,0.32560148880327683
121.3,24.05,201.9381,SSP3-7.0,2021-2040,45.62780000000001,22.364400000000003,287.43070000000034,2.622,0.4555999999999969,0.7073999999999998,11.0174,23.053275000000003,233.32361250000002,2.4265499999999993,2.2356500000000006,0.6094875000000002,9.996475,0.7316977951799037,0.3887972691730683
121.3,24.1,183.4887,SSP3-7.0,2021-2040,33.43039999999999,23.1732,322.58449999999993,3.064899999999998,1.5443999999999996,0.3907000000000007,10.463000000000001,22.966500000000003,211.75223750000004,2.249325,1.8807999999999998,0.6226749999999999,10.328275,0.7316977951799037,0.4519930495428597
121.3,24.15,195.9269,SSP3-7.0,2021-2040,13.573200000000014,22.4739,191.7827000000002,2.1230999999999973,2.2963000000000022,0.5147999999999993,10.4739,22.9645625,148.20198749999992,1.7242000000000002,2.32755,0.603925,10.175262499999999,0.7316977951799037,0.5151888299126467
121.3,24.2,225.1123,SSP3-7.0,2021-2040,-6.776399999999995,22.444300000000005,43.68600000000015,0.7236000000000011,2.9704000000000015,0.579600000000001,9.439099999999998,22.886937500000002,78.12015000000002,1.0002999999999997,2.8243124999999996,0.6791499999999997,9.7853125,0.7316977951799037,0.578384610282438
121.3,24.25,236.656,SSP3-7.0,2021-2040,-5.592100000000016,22.8125,51.8720000000003,0.36570000000000036,2.6555999999999997,0.2962999999999987,8.680400000000002,22.813362500000004,21.37633749999992,0.4418875,3.006487499999999,0.8831,9.0885875,0.7316977951799037,0.6415803906522295
121.3,24.3,221.4116,SSP3-7.0,2021-2040,-5.884999999999991,22.8467,30.799999999999727,0.1258000000000017,2.6221999999999994,1.3925999999999998,8.145700000000001,22.6998,7.178262499999988,0.2903749999999996,3.2074124999999993,0.9405124999999994,8.49375,0.7316977951799037,0.704776171022021
121.3,24.35,219.0711,SSP3-7.0,2021-2040,-8.315699999999993,22.189700000000002,-17.478799999999865,0.10079999999999956,3.7889000000000017,1.0888999999999989,7.876099999999999,21.7656875,-6.943625000000139,0.3742749999999999,3.1904999999999997,1.284275,8.062249999999999,0.7316977951799037,0.7679719513918124
121.3,24.4,223.1844,SSP3-7.0,2021-2040,-4.561500000000024,22.165599999999998,-10.919300000000021,0.3249999999999993,1.8444000000000003,1.8130000000000006,7.910900000000002,20.778724999999998,-17.832537500000058,0.46918749999999987,3.7840374999999997,1.2368124999999996,8.077187499999997,0.7316977951799037,0.8311677317615993
121.3,24.45,221.8939,SSP3-7.0,2021-2040,0.6978000000000009,20.705399999999997,9.987899999999854,0.7715999999999994,3.3999999999999986,1.2832999999999988,8.8674,20.814025,-10.11054999999999,0.6525624999999997,3.0106499999999996,1.2937750000000001,7.828275,0.7316977951799037,0.8943635121313908
121.3,24.5,233.9166,SSP3-7.0,2021-2040,-2.02079999999998,22.5081,21.84829999999988,0.7491999999999983,1.264800000000001,1.4778000000000002,6.7217,21.209575,20.96610000000004,0.8319000000000005,3.0247874999999995,1.6106624999999997,8.291587499999999,0.7316977951799037,0.9575592925011822
121.3,24.55,262.7394,SSP3-7.0,2021-2040,-11.001299999999986,21.868000000000002,53.23239999999987,0.8252999999999986,3.0593000000000004,2.8592999999999993,7.156499999999998,21.963575,33.32318750000002,0.9078875000000006,2.2722249999999993,1.9224625,9.1231,0.7316977951799037,1.0207550728709736
121.3,24.6,277.6191,SSP3-7.0,2021-2040,-8.684000000000026,23.8198,44.43820000000005,1.0711000000000013,2.6055999999999955,2.7056000000000004,12.473899999999999,22.4874375,25.706362499999955,0.8488625000000014,3.873375,2.17685,10.52065,0.7316977951799037,1.0839508532407651
121.3,24.65,301.9903,SSP3-7.0,2021-2040,-4.759500000000003,24.54679999999999,8.596900000000005,0.8485000000000014,6.425899999999999,1.8241000000000014,14.754299999999999,23.3506,6.806512499999997,0.8973250000000008,4.469199999999999,2.0875,12.754625,0.7316977951799037,1.147146633610552
121.3,24.7,308.3239,SSP3-7.0,2021-2040,0.13400000000001455,22.5974,-30.922900000000027,0.9265000000000008,5.936999999999998,1.7518999999999991,13.5478,24.79495,-2.489387499999964,0.8721500000000004,6.4108625,1.7601750000000003,15.116299999999999,0.7316977951799037,1.2103424139803434
121.3,24.75,270.9052,SSP3-7.0,2021-2040,11.337199999999996,24.328899999999997,-17.985599999999977,0.8623000000000012,7.1037000000000035,1.4832999999999998,15.015199999999998,25.436412500000003,-4.170999999999992,0.7972624999999995,5.8979125,1.7601875000000002,16.354625,0.7316977951799037,1.273538194350135
121.3,24.8,216.2419,SSP3-7.0,2021-2040,6.822000000000003,26.828000000000003,1.2450999999996384,0.6484999999999985,6.013000000000002,1.8925999999999998,17.55,25.7188,-5.0922624999999755,0.7125500000000002,6.138187500000001,1.4828625000000002,16.5111375,0.7316977951799037,1.3367339747199263
121.3,24.85,177.3614,SSP3-7.0,2021-2040,4.584000000000003,27.086800000000004,6.546900000000051,0.9155000000000015,7.6037,1.2704000000000004,16.8326,25.718500000000002,-12.111775000000051,0.6569874999999996,5.8148125,1.1537000000000002,16.5122375,0.7316977951799037,1.3999297550897176
121.3,24.9,149.5874,SSP3-7.0,2021-2040,8.22999999999999,25.379199999999997,-11.863700000000108,0.9335999999999984,7.566699999999997,0.5999999999999996,16.8196,25.508750000000003,-22.22372500000003,0.7192499999999997,6.421037500000001,0.549075,16.429887500000003,0.7316977951799037,1.4631255354595045
121.3,24.95,142.3323,SSP3-7.0,2021-2040,5.667100000000005,25.309600000000003,-34.05770000000007,0.7871999999999986,6.5406999999999975,-0.16849999999999987,16.502200000000002,25.3534375,-17.770762500000046,0.8164874999999996,6.8590125,0.4046375,16.616837500000003,0.7316977951799037,1.526321315829296
121.3,25.0,140.2247,SSP3-7.0,2021-2040,4.785599999999988,25.551000000000002,19.985500000000002,0.9189000000000007,6.974099999999996,0.9389000000000003,16.75,25.7412875,-14.719850000000037,0.8452124999999993,6.773587500000001,0.18358749999999968,16.9298875,0.7316977951799037,1.5895170961990874
121.3,25.05,133.8473,SSP3-7.0,2021-2040,6.4827000000000226,26.108499999999992,36.40859999999998,1.0657999999999994,7.079599999999999,0.788899999999999,17.217399999999998,26.502225,7.721112499999947,0.9361499999999996,6.558325,0.3213125000000002,17.134775,0.7316977951799037,1.652712876568879
121.3,25.1,127.6105,SSP3-7.0,2021-2040,10.484399999999994,27.747800000000005,50.58669999999984,1.088799999999999,4.718499999999999,0.5315000000000012,17.213,26.8070625,12.026999999999987,0.9424749999999991,6.619675000000001,0.18172500000000003,17.20545,0.7316977951799037,1.7159086569386703
121.3,25.15,130.2116,SSP3-7.0,2021-2040,6.031999999999982,26.597,3.2561000000000604,0.8452999999999982,6.550000000000004,0.19260000000000055,16.5826,27.030237500000002,19.104112499999957,0.9644374999999994,6.4368125,0.23820000000000008,17.577725,0.7316977951799037,1.7791044373084572
121.35,23.05,216.5907,SSP3-7.0,2021-2040,-7.664899999999989,34.3652,54.61330000000021,1.3657000000000004,11.657400000000003,2.8019,15.7,32.99057499999999,53.224912500000016,1.7358124999999993,7.581012499999998,2.6882125,13.917125,0.837391635261125,-0.8751183382227424
121.35,23.1,223.9805,SSP3-7.0,2021-2040,-11.230500000000006,32.738699999999994,55.25170000000003,1.1677999999999997,10.525899999999996,3.3185000000000002,14.534799999999999,32.577225,53.80517500000005,1.5734249999999994,8.207862500000001,2.7203875,13.2790875,0.837391635261125,-0.811922557852951
121.35,23.15,217.1935,SSP3-7.0,2021-2040,-8.515999999999991,32.32619999999999,30.551600000000008,1.5634000000000015,9.0537,2.7074,12.137,31.826925000000003,48.22372500000003,1.4384999999999994,8.031699999999997,2.7620375,12.540775,0.837391635261125,-0.748726777483164
121.35,23.2,235.3941,SSP3-7.0,2021-2040,-14.439999999999998,30.077299999999994,5.925700000000006,1.5231999999999992,5.377800000000001,2.3462999999999994,10.645699999999998,31.377312500000002,55.71047500000003,1.6198374999999996,7.5488375,2.70555,12.522025,0.837391635261125,-0.6855309971133726
121.35,23.25,226.3064,SSP3-7.0,2021-2040,-9.195999999999998,31.817999999999998,62.36900000000014,1.8028000000000013,4.788900000000005,2.3777999999999997,14.304300000000001,31.15045,82.244475,1.7862124999999995,6.9726875,2.7469875,12.7684875,0.837391635261125,-0.6223352167435812
121.35,23.3,217.9439,SSP3-7.0,2021-2040,6.222499999999997,30.996399999999994,125.0643,2.1571,8.1019,2.696299999999999,13.482600000000001,31.3,116.82208750000001,1.9135624999999998,6.736812500000001,2.8743125000000003,13.3190125,0.837391635261125,-0.5591394363737897
121.35,23.35,247.5784,SSP3-7.0,2021-2040,4.7050000000000125,31.334400000000002,112.50819999999999,2.069099999999999,7.918499999999998,2.816700000000001,14.0391,31.747712500000002,132.04243749999998,1.8759250000000005,7.522925000000001,2.88565,13.6497375,0.837391635261125,-0.4959436560039983
121.35,23.4,262.7087,SSP3-7.0,2021-2040,2.516499999999951,31.639900000000004,67.84209999999985,1.787700000000001,8.096299999999996,2.2592999999999996,13.628300000000001,32.037575000000004,127.096125,1.8969625000000003,8.2009375,2.9631875,13.916587499999999,0.837391635261125,-0.43274787563421135
121.35,23.45,243.0505,SSP3-7.0,2021-2040,12.42779999999999,31.445299999999996,70.31320000000005,2.2386,9.240699999999997,2.6296,13.2261,32.455925,122.05553750000001,1.8276375000000005,8.0018625,2.8581000000000003,14.4081625,0.837391635261125,-0.3695520952644199
121.35,23.5,239.3016,SSP3-7.0,2021-2040,12.960099999999983,31.835199999999993,77.85760000000005,2.003099999999998,8.8111,2.751900000000001,14.3587,31.965162499999998,136.45797500000012,1.9336000000000007,7.4027875,2.9817125000000004,14.40625,0.837391635261125,-0.3063563148946285
121.35,23.55,232.5434,SSP3-7.0,2021-2040,29.3219,31.371299999999998,135.53560000000016,1.9372000000000007,7.2536999999999985,3.066700000000001,14.5848,31.229975000000003,154.86230000000006,1.9152375000000004,6.3914375,2.7481625000000003,14.1953875,0.837391635261125,-0.24316053452483705
121.35,23.6,240.6029,SSP3-7.0,2021-2040,34.02799999999999,31.059599999999996,187.69280000000003,1.875300000000001,5.9777999999999984,2.4147999999999996,12.3109,29.7944,172.33108750000005,1.8979875000000004,6.179400000000001,2.7099750000000005,14.492675,0.837391635261125,-0.17996475415504562
121.35,23.65,236.2236,SSP3-7.0,2021-2040,27.441600000000022,27.282400000000003,189.3538000000001,1.7170999999999985,6.755600000000001,2.6204,13.973899999999999,29.167975000000002,172.74902499999993,1.9061250000000005,5.71225,2.411575,13.5796375,0.837391635261125,-0.11676897378525869
121.35,23.7,250.289,SSP3-7.0,2021-2040,20.57170000000002,28.7538,110.64359999999988,1.7858999999999998,6.1259,3.263,12.6652,28.1075125,176.45752499999998,1.8977249999999999,5.270362499999999,2.3787000000000003,13.3951125,0.837391635261125,-0.053573193415467256
121.35,23.75,267.4969,SSP3-7.0,2021-2040,28.659500000000037,29.474099999999993,238.63720000000012,2.069799999999999,2.9741,3.2555999999999994,12.9891,26.9435875,140.37624999999994,1.8384000000000003,5.723599999999999,2.3638749999999993,12.178262499999999,0.837391635261125,0.009622586954324176
121.35,23.8,253.1649,SSP3-7.0,2021-2040,24.315200000000004,24.713600000000007,155.09379999999987,2.1579000000000015,7.1351999999999975,2.364799999999999,10.884800000000002,26.0642,136.08666250000005,1.877925,5.736587500000001,2.41735,11.3614,0.837391635261125,0.0728183673241156
121.35,23.85,261.0585,SSP3-7.0,2021-2040,34.0,25.330000000000005,136.60330000000022,2.3064999999999998,7.4704000000000015,2.2333,10.8239,24.2994,145.33067500000007,1.9485625000000004,6.396775,2.3272999999999993,10.217925,0.837391635261125,0.13601414769390704
121.35,23.9,256.0584,SSP3-7.0,2021-2040,35.80340000000001,24.2977,189.8746000000001,2.3186,5.666699999999999,2.2906999999999993,10.386999999999999,22.951837500000003,152.73486250000008,2.0694125000000003,6.0715375,1.9766249999999996,9.4171125,0.837391635261125,0.19920992806369398
121.35,23.95,241.2656,SSP3-7.0,2021-2040,32.26099999999997,20.968000000000004,184.79320000000007,2.2624999999999993,3.8332999999999977,1.6166999999999998,8.3109,22.965537500000003,175.0217375000001,2.0784624999999997,4.950475000000001,1.6344999999999996,9.536675,0.837391635261125,0.26240570843348543
121.35,24.0,253.4908,SSP3-7.0,2021-2040,30.472799999999978,22.170100000000005,173.7854000000002,1.9623999999999988,2.924100000000003,1.263,8.391300000000001,22.811775000000004,179.2754250000001,2.1399124999999994,3.872699999999999,1.224775,9.725550000000002,0.837391635261125,0.32560148880327683
121.35,24.05,255.8123,SSP3-7.0,2021-2040,27.603700000000003,23.563300000000005,176.93870000000015,1.8767999999999994,2.2018999999999984,1.3648000000000007,9.302200000000001,23.087550000000004,193.57613750000007,2.2765999999999993,3.150925,0.8148125000000002,10.134775000000001,0.837391635261125,0.3887972691730683
121.35,24.1,214.4599,SSP3-7.0,2021-2040,11.218199999999996,20.831000000000003,202.58199999999988,2.2523000000000017,2.3259000000000007,0.7129999999999992,10.378300000000001,23.5193,173.67753750000003,2.152787499999999,3.0726874999999993,0.7546125000000001,10.28125,0.837391635261125,0.4519930495428597
121.35,24.15,215.3173,SSP3-7.0,2021-2040,-1.5009000000000015,24.469100000000005,138.92409999999973,1.855400000000003,2.6796000000000006,0.8481000000000005,10.943500000000002,22.834300000000002,119.18342499999994,1.6672874999999996,3.39745,0.7789250000000001,9.8869375,0.837391635261125,0.5151888299126467
121.35,24.2,255.9653,SSP3-7.0,2021-2040,-13.213700000000017,22.2977,37.754599999999755,0.7530999999999999,2.855599999999999,1.1870000000000012,9.9217,22.941900000000004,54.996612500000026,1.08845,3.6833500000000003,0.8571624999999996,9.5078625,0.837391635261125,0.578384610282438
121.35,24.25,256.3137,SSP3-7.0,2021-2040,-11.688799999999986,21.550400000000003,2.059400000000096,0.4701999999999984,4.4741,1.0888999999999989,9.8391,22.433412500000003,14.549274999999938,0.6448875000000007,3.193775,1.0155,8.9239,0.837391635261125,0.6415803906522295
121.35,24.3,226.5923,SSP3-7.0,2021-2040,-0.012000000000000455,22.2791,29.02029999999968,0.8718000000000004,2.501899999999999,1.2963000000000005,8.510900000000001,22.07045,-2.0783874999999625,0.42185000000000006,3.2303375000000005,0.9726874999999995,8.494287499999999,0.837391635261125,0.704776171022021
121.35,24.35,215.3445,SSP3-7.0,2021-2040,-5.6621000000000095,22.593799999999995,-39.179800000000114,0.11319999999999908,2.6814999999999998,1.2241,7.706499999999998,22.0858625,-20.681137500000062,0.4534625000000001,3.2601875000000007,1.1176,8.228275,0.837391635261125,0.7679719513918124
121.35,24.4,218.0868,SSP3-7.0,2021-2040,-1.6777000000000157,22.269600000000004,-132.59709999999995,0.23689999999999856,5.5778,1.1814999999999998,7.7783,22.612412499999998,-24.23965000000007,0.49491249999999964,3.5407375000000005,1.12685,8.730175,0.837391635261125,0.8311677317615993
121.35,24.45,218.0459,SSP3-7.0,2021-2040,2.977800000000002,22.8249,-35.43089999999984,0.4451999999999998,3.8055999999999983,1.2073999999999998,8.328299999999999,22.788975,-23.328025000000082,0.6904874999999995,3.2594875000000005,1.1939875,8.9549,0.837391635261125,0.8943635121313908
121.35,24.5,238.1233,SSP3-7.0,2021-2040,9.168700000000001,21.4142,14.82730000000015,0.8891999999999989,1.5888999999999989,1.1166999999999998,7.876100000000001,22.4906375,12.535037499999902,0.8776749999999998,3.1877375000000003,1.5516249999999998,9.032887500000001,0.837391635261125,0.9575592925011822
121.35,24.55,256.441,SSP3-7.0,2021-2040,1.3205000000000382,21.7087,52.395500000000084,1.0886000000000031,2.7425999999999995,2.0037000000000003,9.3261,21.5726125,40.5062999999999,1.0290249999999994,1.7722374999999992,1.9655249999999997,8.9133125,0.837391635261125,1.0207550728709736
121.35,24.6,250.5095,SSP3-7.0,2021-2040,2.184200000000004,19.097500000000004,54.317899999999554,1.1171000000000006,-0.08890000000000242,2.7295999999999996,8.0239,22.3743375,48.072724999999934,1.0805375000000006,3.087512499999999,2.2347375,10.863574999999999,0.837391635261125,1.0839508532407651
121.35,24.65,265.6146,SSP3-7.0,2021-2040,2.832300000000032,23.520399999999995,42.260299999999916,1.1926000000000023,5.1370000000000005,2.2462999999999997,11.915199999999999,22.756674999999998,32.47463749999997,1.0895750000000004,3.3773249999999986,2.2393625000000004,12.7255375,0.837391635261125,1.147146633610552
121.35,24.7,295.0779,SSP3-7.0,2021-2040,2.082499999999982,24.714599999999997,8.779500000000098,1.1661000000000001,5.8537000000000035,2.0426,15.3522,23.932337499999996,19.293587499999944,1.0170375000000007,5.3740749999999995,1.9194375000000001,14.261675,0.837391635261125,1.2103424139803434
121.35,24.75,290.8384,SSP3-7.0,2021-2040,3.034500000000037,24.869800000000005,1.1727999999998246,0.9749999999999979,6.924099999999999,1.7980999999999998,16.5674,24.458462499999996,6.4062000000000126,0.9028375000000004,5.5365874999999996,1.7342625,15.26495,0.837391635261125,1.273538194350135
121.35,24.8,259.6651,SSP3-7.0,2021-2040,2.395399999999995,24.538999999999994,-15.085399999999936,0.5746000000000002,4.916699999999999,1.9574000000000016,15.508700000000001,25.259062500000002,-4.244787500000001,0.8179875000000001,6.0814875,1.4402624999999998,16.043750000000003,0.837391635261125,1.3367339747199263
121.35,24.85,214.0627,SSP3-7.0,2021-2040,3.0930999999999926,25.359500000000004,-46.01389999999992,0.593,5.075900000000001,1.3684999999999992,16.117400000000004,25.646075,-14.883049999999969,0.7071874999999994,5.993762499999999,1.2263875000000002,16.348375000000004,0.837391635261125,1.3999297550897176
121.35,24.9,163.7108,SSP3-7.0,2021-2040,6.814099999999996,25.635200000000005,-22.38059999999996,0.6624999999999979,5.968499999999999,0.7185000000000006,16.3761,25.348875,-35.39546250000001,0.7161249999999995,6.3666625,0.877775,16.463325,0.837391635261125,1.4631255354595045
121.35,24.95,153.6637,SSP3-7.0,2021-2040,3.8120999999999867,24.806400000000004,-32.628200000000106,0.6758999999999986,5.472200000000001,0.2740999999999989,16.8087,25.188387499999997,-26.020550000000043,0.7934499999999995,6.531712499999999,0.7571750000000004,16.550275,0.837391635261125,1.526321315829296
121.35,25.0,151.0352,SSP3-7.0,2021-2040,-0.724899999999991,24.366799999999998,-33.75810000000001,0.8102000000000018,7.098100000000002,0.4667000000000012,16.230400000000003,25.220775,-16.554825000000022,0.8992999999999993,6.7937375,0.5511624999999997,16.820925,0.837391635261125,1.5895170961990874
121.35,25.05,144.0754,SSP3-7.0,2021-2040,3.990099999999984,25.197000000000003,-23.028499999999894,0.8541999999999987,7.548100000000002,0.0666999999999991,15.9696,25.849275,2.8064249999999618,0.9886249999999999,6.750674999999999,0.5689875,16.991025,0.837391635261125,1.652712876568879
121.35,25.1,135.6902,SSP3-7.0,2021-2040,8.723700000000008,26.690899999999992,19.00999999999999,1.0515000000000008,7.340699999999998,0.4684999999999997,16.778299999999998,26.0933375,1.9364999999999952,0.9418999999999991,6.994200000000001,0.32547499999999985,17.179625,0.837391635261125,1.7159086569386703
121.35,25.15,133.6245,SSP3-7.0,2021-2040,6.578800000000001,26.134800000000006,20.840799999999945,0.9441999999999986,6.253700000000002,0.35930000000000106,17.078300000000002,25.9536625,-6.2618875,0.8208249999999992,6.408312500000001,0.16737499999999994,17.1679375,0.837391635261125,1.7791044373084572
121.4,23.1,213.0608,SSP3-7.0,2021-2040,-5.010700000000014,32.4708,95.2786000000001,1.4118999999999993,7.755599999999998,3.109300000000001,12.423899999999998,32.034375,46.84577500000006,1.4561124999999997,8.996049999999999,2.7414375,12.712787500000001,0.9430854753423764,-0.811922557852951
121.4,23.15,207.1675,SSP3-7.0,2021-2040,-1.5745000000000005,31.330799999999996,83.68190000000004,1.439899999999998,8.925899999999999,2.9889,11.576099999999999,31.8077875,55.52813750000007,1.4873624999999997,8.899999999999999,2.7963000000000005,12.5981125,0.9430854753423764,-0.748726777483164
121.4,23.2,202.9342,SSP3-7.0,2021-2040,1.879099999999994,30.77960000000001,73.74279999999999,1.5838999999999999,9.9722,2.7352000000000007,11.5587,31.694725,64.89131250000003,1.6371374999999997,7.332174999999999,2.7662125000000004,12.6247375,0.9430854753423764,-0.6855309971133726
121.4,23.25,192.7873,SSP3-7.0,2021-2040,9.340900000000005,30.5935,103.22450000000003,1.8543999999999983,9.235199999999999,2.8111000000000006,12.150000000000002,30.953975,97.70223750000002,1.7798499999999997,7.690975000000002,2.8541749999999997,12.36495,0.9430854753423764,-0.6223352167435812
121.4,23.3,189.4785,SSP3-7.0,2021-2040,17.494799999999998,32.380199999999995,137.1893,2.1251999999999995,8.279600000000002,3.224100000000001,13.723899999999999,31.037087500000002,118.58226250000001,1.8861000000000003,7.811825000000002,2.9361124999999997,13.05,0.9430854753423764,-0.5591394363737897
121.4,23.35,214.6207,SSP3-7.0,2021-2040,23.592000000000013,29.997800000000005,180.0806,1.8405000000000022,7.781500000000001,3.620399999999999,11.6174,31.431675,115.29917499999999,1.9063375000000002,8.09585,2.9081124999999997,13.4559875,0.9430854753423764,-0.4959436560039983
121.4,23.4,225.7963,SSP3-7.0,2021-2040,20.928799999999995,31.822900000000004,135.8632,1.8309000000000033,8.555600000000002,3.3685,14.2457,31.212900000000005,107.00393749999998,1.9748625000000002,8.236124999999998,2.8393625,13.2570625,0.9430854753423764,-0.43274787563421135
121.4,23.45,214.7204,SSP3-7.0,2021-2040,22.13299999999998,31.921300000000002,105.22239999999988,2.2211,8.805599999999998,2.5463000000000005,14.473899999999999,31.39895,96.14126250000001,2.0435125000000003,8.297225000000001,2.743525,13.66875,0.9430854753423764,-0.3695520952644199
121.4,23.5,220.4992,SSP3-7.0,2021-2040,25.560100000000006,31.483000000000004,117.67679999999996,2.2744000000000018,9.5426,2.4241,13.7652,31.056675,91.46656250000004,2.1549625,8.3006875,2.6553250000000004,13.676625000000001,0.9430854753423764,-0.3063563148946285
121.4,23.55,226.6173,SSP3-7.0,2021-2040,24.600300000000004,30.297600000000003,86.70050000000015,2.2131000000000007,8.953700000000001,2.3315,13.5761,30.650675,102.58255000000005,2.0803125000000002,7.620125,2.601175,13.3299,0.9430854753423764,-0.24316053452483705
121.4,23.6,249.4343,SSP3-7.0,2021-2040,22.153099999999995,29.599000000000004,87.38459999999986,2.0516000000000005,7.075900000000001,2.1167,12.937000000000001,29.952475,128.38583750000006,1.9982500000000003,7.524537499999999,2.5479375,13.229912500000001,0.9430854753423764,-0.17996475415504562
121.4,23.65,262.2052,SSP3-7.0,2021-2040,11.476699999999994,30.859500000000004,174.55960000000005,1.847800000000003,7.1648,2.7167000000000012,13.245700000000001,29.470837500000002,139.611775,2.0041499999999997,6.878,2.4377499999999994,12.791599999999999,0.9430854753423764,-0.11676897378525869
121.4,23.7,262.7116,SSP3-7.0,2021-2040,10.979700000000037,30.008499999999998,180.90239999999994,2.0092,7.625899999999998,2.248099999999999,12.4957,29.539662500000002,161.1653375,1.9559125,6.7129625,2.478725,13.0535375,0.9430854753423764,-0.053573193415467256
121.4,23.75,249.325,SSP3-7.0,2021-2040,13.55970000000002,28.568200000000004,149.24559999999974,1.9856999999999996,7.75,2.1685,10.9391,28.942549999999997,150.55232500000002,1.8807125,6.6562375,2.5118124999999996,12.707337500000001,0.9430854753423764,0.009622586954324176
121.4,23.8,285.1217,SSP3-7.0,2021-2040,2.133700000000033,26.788799999999995,177.32979999999998,1.6555,6.5259,3.0851999999999986,10.763000000000002,28.165725000000002,131.92128750000006,1.9491,7.2083375,2.348375,11.547,0.9430854753423764,0.0728183673241156
121.4,23.85,276.9052,SSP3-7.0,2021-2040,20.614300000000014,27.7158,113.52570000000014,2.1387,7.5093,2.618500000000001,8.95,25.55225,146.5962250000001,2.0202875000000002,6.645824999999999,2.3675874999999995,9.7062375,0.9430854753423764,0.13601414769390704
121.4,23.9,283.5294,SSP3-7.0,2021-2040,35.21749999999997,22.091100000000004,215.34640000000036,2.3063000000000002,4.7574000000000005,2.5778,6.289099999999998,24.431649999999998,144.50733750000006,2.16645,6.32385,2.1032374999999996,8.577449999999999,0.9430854753423764,0.19920992806369398
121.4,23.95,272.3215,SSP3-7.0,2021-2040,35.02719999999999,21.0518,169.42529999999988,2.1142000000000003,5.763000000000002,1.605599999999999,7.295700000000002,23.66815,155.2906875000001,2.1095749999999995,5.245374999999999,1.8458374999999998,8.417925,0.9430854753423764,0.26240570843348543
121.4,24.0,285.9052,SSP3-7.0,2021-2040,21.429400000000044,24.516200000000005,107.83620000000019,1.7310999999999996,6.024100000000001,1.5536999999999992,10.047799999999999,23.487837499999998,139.45626250000004,2.0704249999999993,4.905799999999999,1.3912125000000002,9.051100000000002,0.9430854753423764,0.32560148880327683
121.4,24.05,298.1246,SSP3-7.0,2021-2040,3.831099999999992,24.502799999999993,94.33339999999998,2.1245999999999974,5.6204,0.9333000000000009,10.5196,23.670412500000005,135.22207500000002,1.9940750000000005,4.297225,1.0747749999999998,9.7087,0.9430854753423764,0.3887972691730683
121.4,24.1,280.8568,SSP3-7.0,2021-2040,-4.027000000000044,24.339900000000007,118.1891999999998,2.0318000000000005,4.298099999999998,0.40000000000000036,10.5478,23.423500000000004,117.43707499999994,1.9143875000000006,3.9527875,0.9217499999999998,9.9736625,0.9430854753423764,0.4519930495428597
121.4,24.15,300.9809,SSP3-7.0,2021-2040,-19.38220000000001,23.2678,59.23700000000008,1.523699999999998,5.485199999999999,0.8777999999999988,8.9826,23.416787500000005,86.91349999999983,1.5733875000000013,3.8083375,0.9601750000000002,9.96495,0.9430854753423764,0.5151888299126467
121.4,24.2,324.1519,SSP3-7.0,2021-2040,-31.963599999999985,23.846600000000002,-22.34860000000026,0.8658000000000001,5.403700000000001,1.5685000000000002,8.889100000000001,23.236425000000004,34.58033749999993,1.1222750000000001,3.9493249999999995,1.0476750000000001,9.751625,0.9430854753423764,0.578384610282438
121.4,24.25,276.7358,SSP3-7.0,2021-2040,-17.371699999999976,22.6706,-25.239700000000084,0.7801000000000009,3.501899999999999,1.0832999999999995,8.8152,22.517737500000003,-12.836125000000038,0.7650125000000001,4.0104375,1.1699125000000004,9.1845,0.9430854753423764,0.6415803906522295
121.4,24.3,230.4741,SSP3-7.0,2021-2040,-5.103499999999997,20.269800000000004,-29.150399999999763,0.6732000000000014,3.0389000000000017,0.7203999999999997,8.989099999999999,21.6274,-24.96118750000005,0.6281749999999997,3.3025625000000005,1.0946749999999998,8.566575,0.9430854753423764,0.704776171022021
121.4,24.35,225.9675,SSP3-7.0,2021-2040,-5.549200000000013,21.6301,9.690200000000004,0.7457999999999991,3.079600000000003,0.8870000000000005,7.902200000000001,21.168712499999998,-36.44116250000005,0.5885375000000002,3.1493250000000006,1.009275,8.2907625,0.9430854753423764,0.7679719513918124
121.4,24.4,220.9495,SSP3-7.0,2021-2040,-3.3966000000000065,23.036299999999997,-44.814000000000306,0.5484000000000009,3.6278000000000006,0.5610999999999997,8.713000000000001,21.5731125,-26.124300000000005,0.6722999999999992,3.492362500000001,1.0972250000000001,8.558175,0.9430854753423764,0.8311677317615993
121.4,24.45,228.7963,SSP3-7.0,2021-2040,0.0072000000000116415,25.753500000000003,-65.77250000000026,0.9093,6.098100000000002,0.9500000000000011,12.537,22.722725,-10.999150000000014,0.8199999999999994,3.3372875000000004,1.102325,9.1203875,0.9430854753423764,0.8943635121313908
121.4,24.5,258.4791,SSP3-7.0,2021-2040,10.377299999999991,24.4591,20.815200000000004,1.0943000000000005,2.674100000000003,1.1684999999999999,11.2348,23.338475,16.534862499999917,1.0005124999999995,3.7189875000000003,1.412975,10.2519125,0.9430854753423764,0.9575592925011822
121.4,24.55,271.0039,SSP3-7.0,2021-2040,8.44010000000003,20.0974,43.20439999999962,1.1378999999999984,2.4574,1.4629999999999992,8.0913,22.7208125,51.923049999999904,1.1738875000000002,2.71575,1.8555624999999998,10.600275,0.9430854753423764,1.0207550728709736
121.4,24.6,252.2096,SSP3-7.0,2021-2040,19.791000000000025,19.3168,71.36670000000004,1.3480999999999987,0.616699999999998,2.2036999999999995,9.728299999999999,22.255699999999997,69.40702499999986,1.2183875000000008,3.3131875,2.1907375,11.051625000000001,0.9430854753423764,1.0839508532407651
121.4,24.65,243.4296,SSP3-7.0,2021-2040,22.022899999999993,24.116799999999998,69.08739999999989,1.132200000000001,1.6555999999999997,2.5722000000000005,13.463000000000001,21.450587499999997,64.26787499999995,1.2478875000000005,3.756475,2.1993,11.6049,0.9430854753423764,1.147146633610552
121.4,24.7,262.8641,SSP3-7.0,2021-2040,17.083799999999997,23.8437,34.133400000000165,1.1069999999999993,4.012999999999998,2.0852000000000004,14.460900000000002,22.839,57.08197499999994,1.1504250000000007,4.9331000000000005,2.0397875,13.346475,0.9430854753423764,1.2103424139803434
121.4,24.75,272.7705,SSP3-7.0,2021-2040,7.22199999999998,23.634899999999995,48.00639999999976,1.0922000000000018,5.796299999999999,1.5944000000000003,14.369600000000002,23.550075,34.289675000000045,0.9906125000000001,4.9428374999999996,1.7858749999999999,14.5665875,0.9430854753423764,1.273538194350135
121.4,24.8,272.6348,SSP3-7.0,2021-2040,0.8702000000000112,25.181200000000004,23.07910000000038,0.8455000000000013,4.659299999999998,1.066699999999999,16.3152,24.178112499999997,6.0823875000000385,0.8352124999999999,5.057637499999999,1.543725,15.060875000000001,0.9430854753423764,1.3367339747199263
121.4,24.85,248.1649,SSP3-7.0,2021-2040,-2.7749000000000024,24.7834,-50.00909999999976,0.6118999999999986,5.475899999999999,1.0480999999999998,15.582600000000001,24.696487500000003,-19.83051249999994,0.6745000000000001,4.894674999999999,1.2333375,15.6217375,0.9430854753423764,1.3999297550897176
121.4,24.9,199.7681,SSP3-7.0,2021-2040,6.186399999999992,25.735799999999998,-50.596700000000055,0.4653999999999989,5.7463000000000015,1.2574000000000005,15.8022,24.449462500000003,-53.23222499999994,0.6418999999999997,5.6187375,0.9937374999999999,15.960050000000003,0.9430854753423764,1.4631255354595045
121.4,24.95,168.4861,SSP3-7.0,2021-2040,-4.008899999999983,24.330299999999994,-64.54130000000009,0.746500000000001,7.451900000000002,1.3722000000000012,17.241300000000003,24.350612500000004,-56.043987500000014,0.6631874999999998,6.0316875,0.8375000000000001,16.0817875,0.9430854753423764,1.526321315829296
121.4,25.0,155.8292,SSP3-7.0,2021-2040,-3.9250999999999863,25.199200000000005,-10.951800000000048,1.023299999999999,4.907399999999999,0.8721999999999994,16.6804,24.102112499999997,-52.22171249999997,0.7891374999999998,6.963862500000001,0.6794,16.598100000000002,0.9430854753423764,1.5895170961990874
121.4,25.05,152.3147,SSP3-7.0,2021-2040,0.4783000000000186,25.264199999999995,-23.62519999999995,1.1225999999999985,8.375900000000001,0.26479999999999926,17.397800000000004,24.6375125,-32.08677500000002,0.85195,6.6219625,0.5453749999999998,16.825825000000002,0.9430854753423764,1.652712876568879
121.4,25.1,155.8915,SSP3-7.0,2021-2040,-1.1397000000000048,25.865799999999993,-35.2043000000001,0.8278999999999996,7.5111000000000026,0.2203999999999997,17.660899999999998,25.142525,-11.53461249999998,0.8766374999999993,6.750675000000001,0.3122749999999995,17.247025,0.9430854753423764,1.7159086569386703
121.4,25.15,151.4827,SSP3-7.0,2021-2040,-0.02049999999999841,25.8316,-13.742199999999912,0.7864000000000004,7.916699999999999,0.17959999999999887,18.3174,25.26735,-16.68541250000004,0.7044374999999992,6.089787500000001,0.20648750000000005,17.431525,0.9430854753423764,1.7791044373084572
121.4,25.2,142.1568,SSP3-7.0,2021-2040,0.7125000000000057,25.074900000000007,-39.2188000000001,0.5475999999999992,4.1407000000000025,-0.32589999999999897,17.450000000000003,25.3608125,-42.90897500000003,0.562737499999999,6.3590125,-0.01943750000000022,17.657062500000002,0.9430854753423764,1.8423002176782488
121.45,23.3,182.6812,SSP3-7.0,2021-2040,24.64270000000002,30.251700000000007,113.5643,1.7661999999999978,8.300000000000004,2.8443999999999994,12.010900000000001,31.149275000000003,118.023,1.8955875000000009,8.2433125,3.1074124999999997,13.0614125,1.0487793154235978,-0.5591394363737897
121.45,23.35,188.4775,SSP3-7.0,2021-2040,28.617199999999997,31.482000000000006,115.98399999999992,1.7678000000000011,7.813000000000002,2.9536999999999995,12.55,31.005625000000002,114.4608375,1.9185125000000003,8.1933,3.1057875,13.114125000000001,1.0487793154235978,-0.4959436560039983
121.45,23.4,205.0619,SSP3-7.0,2021-2040,28.739800000000002,31.545899999999996,114.37800000000016,1.7467000000000006,7.701899999999998,3.1018999999999988,13.967400000000001,30.937950000000004,99.14839999999995,1.9191875000000005,8.346787500000001,3.0034625,12.9573375,1.0487793154235978,-0.43274787563421135
121.45,23.45,199.9067,SSP3-7.0,2021-2040,28.441599999999994,30.336600000000004,89.70299999999997,2.127399999999998,8.531500000000001,2.786999999999999,12.5543,31.298987500000003,81.44338749999997,2.0241375000000006,8.275025000000001,2.8432874999999997,13.7573375,1.0487793154235978,-0.3695520952644199
121.45,23.5,207.711,SSP3-7.0,2021-2040,22.135699999999986,31.0828,95.49620000000004,2.3392999999999997,5.898100000000003,2.6258999999999997,13.604299999999999,30.911025,68.1785625,2.0951625,8.830575,2.6807875,13.5100625,1.0487793154235978,-0.3063563148946285
121.45,23.55,219.2241,SSP3-7.0,2021-2040,21.076899999999995,30.163299999999992,70.904,2.1599000000000004,8.911099999999998,2.5037000000000003,13.0348,30.390675,68.6440375,2.0309,7.855775000000001,2.7377374999999997,13.30925,1.0487793154235978,-0.24316053452483705
121.45,23.6,240.6733,SSP3-7.0,2021-2040,15.52509999999998,28.611200000000004,48.112800000000334,2.0016999999999996,7.4907,2.9055999999999997,12.043499999999998,30.205525000000005,96.88911249999995,1.9628750000000004,7.75925,2.5708375,13.1576375,1.0487793154235978,-0.17996475415504562
121.45,23.65,240.973,SSP3-7.0,2021-2040,13.887799999999999,29.974900000000005,134.2275999999997,2.2338999999999984,7.6889,1.8240999999999996,13.0696,29.83395,124.45293750000002,1.9562875000000004,7.0879375,2.5171374999999996,12.627475,1.0487793154235978,-0.11676897378525869
121.45,23.7,232.4353,SSP3-7.0,2021-2040,16.256999999999977,30.4773,178.5766000000001,2.3584999999999994,6.283299999999997,2.1092999999999993,12.836999999999998,29.962175000000006,132.45386249999999,1.8936375000000008,7.6398125,2.1305500000000004,12.7562625,1.0487793154235978,-0.053573193415467256
121.45,23.75,240.1365,SSP3-7.0,2021-2040,9.113999999999976,30.927100000000003,114.07870000000025,1.6486000000000018,8.961100000000002,1.8722000000000012,14.708699999999999,29.844775,111.77317499999998,1.7922500000000003,7.116662499999999,2.179175,12.7057,1.0487793154235978,0.009622586954324176
121.45,23.8,259.8564,SSP3-7.0,2021-2040,1.797399999999982,30.39719999999999,49.15650000000005,1.3602999999999987,7.618499999999997,1.8963,14.3152,29.797425,87.66866250000001,1.7367375000000005,7.4294,2.1956,12.369,1.0487793154235978,0.0728183673241156
121.45,23.85,273.9441,SSP3-7.0,2021-2040,8.266700000000014,28.199799999999996,99.0295000000001,1.9253,8.2481,2.3778000000000006,8.7652,28.168212500000003,89.20023750000004,1.797825,6.6050875,2.2032374999999997,11.2527,1.0487793154235978,0.13601414769390704
121.45,23.9,282.4909,SSP3-7.0,2021-2040,25.59899999999999,22.599800000000002,150.33590000000004,2.1319000000000017,5.744399999999999,2.114799999999999,5.4216999999999995,27.117987499999998,88.91905,1.9881874999999998,6.8895875,2.027775,10.1375,1.0487793154235978,0.19920992806369398
121.45,23.95,282.5981,SSP3-7.0,2021-2040,27.10329999999999,25.290299999999995,112.47119999999995,2.133899999999999,6.355599999999999,1.9685000000000006,8.665199999999999,25.260637500000005,93.24386249999998,1.9912375000000004,6.4594875,1.7967624999999994,9.03315,1.0487793154235978,0.26240570843348543
121.45,24.0,299.6006,SSP3-7.0,2021-2040,20.660000000000025,27.412000000000006,107.88259999999991,2.0298999999999996,6.657399999999999,1.3815000000000008,9.8304,24.435699999999997,77.65731249999999,1.9925750000000004,6.3152875,1.4967624999999998,9.6125125,1.0487793154235978,0.32560148880327683
121.45,24.05,329.8432,SSP3-7.0,2021-2040,-0.5529000000000224,22.944399999999995,96.02030000000013,2.059100000000001,5.890699999999999,0.9962999999999997,10.093499999999999,24.5426875,82.17701249999993,1.9606625000000006,5.389587499999999,1.1192125,9.78995,1.0487793154235978,0.3887972691730683
121.45,24.1,358.1538,SSP3-7.0,2021-2040,-17.00369999999998,23.586400000000005,98.54219999999987,2.0092000000000034,4.055600000000002,0.9258999999999986,9.078299999999999,23.896575,79.20158749999996,1.8492375,4.566662499999999,0.9018499999999999,10.186425,1.0487793154235978,0.4519930495428597
121.45,24.15,381.7394,SSP3-7.0,2021-2040,-27.806100000000015,24.223200000000006,72.91889999999967,1.6140000000000008,3.3629999999999995,0.7148000000000003,10.491299999999999,24.2528,60.76213749999994,1.5127250000000005,4.139587499999999,1.0650374999999999,9.8502875,1.0487793154235978,0.5151888299126467
121.45,24.2,365.9708,SSP3-7.0,2021-2040,-32.036099999999976,23.740400000000008,48.745600000000195,1.2055000000000007,5.485199999999999,1.3241000000000014,9.4696,23.9585,8.497137499999923,1.1154625,3.7562624999999996,1.1803124999999999,9.8443,1.0487793154235978,0.578384610282438
121.45,24.25,299.3308,SSP3-7.0,2021-2040,-25.693300000000022,23.672199999999997,-57.75720000000001,0.7761999999999993,3.75,1.2574000000000005,9.55,23.083037500000003,-40.29118750000001,0.8070125000000008,4.156500000000001,1.1625,9.274725,1.0487793154235978,0.6415803906522295
121.45,24.3,235.0949,SSP3-7.0,2021-2040,-9.515799999999984,22.4857,-111.0127,0.5043000000000006,4.574100000000001,0.9167000000000005,8.3065,21.3753375,-47.776725,0.7230000000000003,3.3840375000000007,1.0071749999999997,8.734237499999999,1.0487793154235978,0.704776171022021
121.45,24.35,234.2998,SSP3-7.0,2021-2040,-3.0001000000000033,16.137300000000003,-7.269999999999982,0.7637999999999998,1.857400000000002,1.0036999999999985,7.902199999999999,21.746775,-38.11114999999995,0.7110250000000007,3.064600000000001,0.94075,8.464125,1.0487793154235978,0.7679719513918124
121.45,24.4,252.4848,SSP3-7.0,2021-2040,-2.414600000000007,20.278100000000002,43.47440000000006,0.9967000000000006,1.3352000000000004,1.1704000000000008,8.419599999999999,21.477562499999998,-7.156837500000023,0.8665,2.8789375000000006,1.0849499999999999,8.7915875,1.0487793154235978,0.8311677317615993
121.45,24.45,279.4547,SSP3-7.0,2021-2040,-3.849300000000028,21.0976,18.091300000000047,1.1674999999999969,3.503700000000002,1.1537000000000006,7.891299999999999,22.949437500000002,9.367824999999954,1.0196875000000005,2.8780125000000005,1.3289375,10.0521875,1.0487793154235978,0.8943635121313908
121.45,24.5,305.3852,SSP3-7.0,2021-2040,4.2094000000000165,26.401999999999994,27.640599999999722,1.181799999999999,4.5852,1.2592999999999996,12.7217,23.3110625,34.264562499999926,1.1836499999999999,3.6965250000000007,1.668975,11.053,1.0487793154235978,0.9575592925011822
121.45,24.55,288.5667,SSP3-7.0,2021-2040,10.403699999999958,27.409499999999994,77.32319999999982,1.1845999999999997,4.9704000000000015,2.1500000000000004,15.2435,23.2270125,65.29481249999998,1.3272749999999998,3.689125,1.8296374999999996,11.616299999999999,1.0487793154235978,1.0207550728709736
121.45,24.6,263.3209,SSP3-7.0,2021-2040,17.412599999999998,21.9587,96.69799999999987,1.487400000000001,4.6370000000000005,2.212999999999999,10.647800000000002,23.4806125,93.7801,1.3213125,3.9958500000000003,1.9710625,12.786137499999999,1.0487793154235978,1.0839508532407651
121.45,24.65,265.1685,SSP3-7.0,2021-2040,35.3963,20.1366,119.96950000000015,1.4067000000000007,4.994400000000002,2.1481000000000012,11.702200000000001,22.510375,84.5710125,1.274925,4.157887499999999,1.7912124999999999,12.3885875,1.0487793154235978,1.147146633610552
121.45,24.7,259.908,SSP3-7.0,2021-2040,25.742099999999994,19.016399999999997,86.61769999999979,1.158100000000001,4.8889,1.9258999999999986,11.0087,23.1693,73.38491250000004,1.1330500000000003,4.6583375,1.6754500000000005,13.260337500000002,1.0487793154235978,1.2103424139803434
121.45,24.75,277.3872,SSP3-7.0,2021-2040,7.687900000000013,22.702499999999993,80.76220000000012,1.0805000000000007,4.2148,1.9907000000000004,12.3935,23.315875,50.51293750000002,1.0190375,4.806724999999999,1.403475,14.05545,1.0487793154235978,1.273538194350135
121.45,24.8,281.618,SSP3-7.0,2021-2040,3.3958000000000084,23.5334,54.85809999999992,1.0181000000000004,4.072199999999999,1.420399999999999,14.9261,24.272875,13.761837500000127,0.8726124999999998,4.750937499999999,1.2770625000000002,14.816575,1.0487793154235978,1.3367339747199263
121.45,24.85,269.4379,SSP3-7.0,2021-2040,-2.2725000000000364,24.0024,-25.031999999999698,0.7363999999999997,3.985199999999999,1.1722000000000001,15.0217,24.2835,-28.844837499999983,0.6956249999999997,4.8567125,1.0595,15.1380375,1.0487793154235978,1.3999297550897176
121.45,24.9,229.719,SSP3-7.0,2021-2040,-3.3049000000000035,23.5854,-77.47270000000026,0.5005000000000024,4.7333,0.9055999999999997,14.9065,23.8905375,-74.4555374999999,0.5894749999999993,5.6780125,0.9916500000000004,15.318200000000001,1.0487793154235978,1.4631255354595045
121.45,24.95,184.5371,SSP3-7.0,2021-2040,-10.705900000000014,23.0931,-107.77999999999975,0.6084999999999994,6.786999999999999,1.0907,15.6261,23.391512499999997,-86.47521250000003,0.5478125,6.0680499999999995,1.0192125000000003,15.5807,1.0487793154235978,1.526321315829296
121.45,25.0,167.6302,SSP3-7.0,2021-2040,-10.975300000000004,22.383000000000003,-112.78379999999993,0.5592000000000006,7.5406999999999975,1.1148000000000007,16.2239,23.31515,-67.59837499999995,0.7078874999999996,6.5087875,0.9347124999999998,16.209512500000002,1.0487793154235978,1.5895170961990874
121.45,25.05,152.8315,SSP3-7.0,2021-2040,-5.136700000000019,23.3761,-19.628600000000006,0.9359999999999999,5.437000000000001,0.7851999999999997,17.287,23.5729875,-54.185749999999985,0.6967874999999997,6.792349999999999,0.7344874999999997,16.7635875,1.0487793154235978,1.652712876568879
121.45,25.1,152.66,SSP3-7.0,2021-2040,0.48629999999999995,24.021300000000004,-40.349100000000135,0.7532999999999994,5.592600000000001,0.36849999999999916,17.7761,24.403100000000002,-21.547962499999954,0.7167624999999993,6.7224375,0.4613499999999997,17.3991875,1.0487793154235978,1.7159086569386703
121.45,25.15,161.2244,SSP3-7.0,2021-2040,0.2892999999999972,24.624300000000005,-11.75409999999988,0.564899999999998,5.540700000000001,0.005599999999999383,17.371699999999997,24.957375000000003,-45.661550000000034,0.5503749999999994,6.270825,0.03749999999999987,17.740225,1.0487793154235978,1.7791044373084572
121.45,25.2,155.7339,SSP3-7.0,2021-2040,-0.2857999999999947,24.220600000000005,-53.296299999999974,0.4532999999999987,6.498100000000001,0.14069999999999894,17.089100000000002,25.043150000000004,-89.02417500000001,0.33018749999999875,5.680075,-0.46851250000000033,17.4923875,1.0487793154235978,1.8423002176782488
121.45,25.25,147.3289,SSP3-7.0,2021-2040,-0.17889999999999873,24.153,-93.36180000000013,0.3390999999999984,5.607400000000002,-0.33890000000000065,17.1391,24.853162500000003,-146.91167500000003,0.06577499999999903,5.239800000000001,-0.7854125000000003,17.1279875,1.0487793154235978,1.9054959980480402
121.5,22.05,131.3531,SSP3-7.0,2021-2040,3.321499999999986,40.16180000000001,-15.299299999999903,0.27309999999999945,7.925899999999999,3.2148000000000003,16.262999999999998,39.536649999999995,-74.42933750000006,0.6308750000000005,10.9810125,3.378475,16.995375,1.154473155504819,-2.139033945618553
121.5,22.65,147.1573,SSP3-7.0,2021-2040,17.906000000000006,38.8996,-18.81100000000015,1.7520999999999987,7.4222,2.575899999999999,16.0935,35.1260625,20.849162499999977,1.4609374999999996,8.000937500000003,2.1037125000000003,16.7766375,1.154473155504819,-1.3806845811810693
121.5,23.4,176.4399,SSP3-7.0,2021-2040,35.92590000000001,30.37550000000001,32.40009999999984,1.842100000000002,8.477799999999998,3.0833000000000004,12.754299999999999,31.158375,98.96769999999998,1.9341250000000003,8.3009625,2.9967625,13.332075,1.154473155504819,-0.43274787563421135
121.5,23.45,180.9229,SSP3-7.0,2021-2040,35.226200000000006,31.315799999999996,20.36959999999999,1.9574999999999996,8.5093,2.8241000000000014,13.4522,31.0644625,76.21608749999999,2.0448625,8.293537500000001,2.8247625,13.542925,1.154473155504819,-0.3695520952644199
121.5,23.5,187.6755,SSP3-7.0,2021-2040,33.163399999999996,30.844699999999996,30.1407999999999,1.9810999999999979,8.709300000000002,2.7721999999999998,13.795700000000002,30.930675,63.46043749999998,2.0420750000000005,8.2530125,2.7453625000000006,13.292112500000002,1.154473155504819,-0.3063563148946285
121.5,23.55,203.4472,SSP3-7.0,2021-2040,25.672200000000004,30.925900000000006,24.71140000000014,1.8268000000000004,8.6815,3.2574000000000005,13.428300000000002,30.6796125,64.212525,1.96355,7.579387500000001,2.7423624999999996,13.3638625,1.154473155504819,-0.24316053452483705
121.5,23.6,219.3545,SSP3-7.0,2021-2040,17.962400000000002,30.281200000000005,58.92919999999958,1.5591999999999988,6.494400000000002,3.468499999999999,13.3239,30.590325000000004,76.91313750000006,1.8636250000000003,7.4300875,2.6738500000000003,13.057625,1.154473155504819,-0.17996475415504562
121.5,23.65,212.1956,SSP3-7.0,2021-2040,22.129999999999995,29.542800000000007,137.69600000000014,1.8107000000000006,7.1037,2.3481000000000005,12.6457,30.326162500000002,94.49300000000002,1.8169625000000003,6.7729,2.7266374999999994,12.6345125,1.154473155504819,-0.11676897378525869
121.5,23.7,215.9641,SSP3-7.0,2021-2040,19.896199999999993,29.292100000000005,129.46230000000014,2.0116000000000014,7.4648,2.2241,11.491299999999999,30.545150000000003,96.46370000000005,1.7224250000000005,7.042350000000001,2.305325,13.144837500000001,1.154473155504819,-0.053573193415467256
121.5,23.75,228.4385,SSP3-7.0,2021-2040,8.767499999999984,30.524300000000004,39.45869999999991,1.6016000000000012,7.359300000000001,1.6425999999999998,13.4543,30.746825,66.68317500000009,1.6006500000000006,7.208325,2.1845,13.485050000000001,1.154473155504819,0.009622586954324176
121.5,23.8,243.236,SSP3-7.0,2021-2040,-3.705600000000004,32.7018,-9.946500000000015,1.3556000000000026,6.305599999999998,2.0593000000000004,15.35,30.809625,36.449625000000054,1.5534999999999999,7.559012500000001,1.8907375000000002,13.739112500000001,1.154473155504819,0.0728183673241156
121.5,23.85,239.7198,SSP3-7.0,2021-2040,1.02770000000001,32.9536,18.62779999999998,1.5828999999999986,6.7759,1.7407000000000004,16.021700000000003,29.835774999999998,30.178487500000017,1.6429875000000003,7.328225,1.8689874999999998,12.71195,1.154473155504819,0.13601414769390704
121.5,23.9,261.2974,SSP3-7.0,2021-2040,-2.1065999999999576,30.097600000000007,-0.7737000000001899,1.8513999999999982,7.6037,1.5332999999999988,12.9109,29.532787499999998,43.12146249999998,1.8259,7.4307625,1.8219874999999999,12.319825,1.154473155504819,0.19920992806369398
121.5,23.95,290.0911,SSP3-7.0,2021-2040,-3.3870000000000005,29.5439,-16.299800000000232,1.852800000000002,8.1037,1.799999999999999,12.2022,28.489262500000002,49.160399999999925,1.8945625000000001,7.231925,1.6969874999999996,11.342649999999999,1.154473155504819,0.26240570843348543
121.5,24.0,294.3171,SSP3-7.0,2021-2040,6.328700000000026,24.7727,12.197999999999865,1.9123000000000019,7.022199999999998,1.8073999999999995,8.267399999999999,27.10195,45.36047499999998,1.9302875000000004,6.9872625,1.5530125,10.9885875,1.154473155504819,0.32560148880327683
121.5,24.05,317.0389,SSP3-7.0,2021-2040,-4.660000000000025,22.863499999999995,45.27390000000014,2.0126000000000026,5.7425999999999995,1.3093000000000004,9.808700000000002,25.671062499999998,53.901749999999936,1.873525000000001,5.857175,1.3078624999999997,10.037512499999998,1.154473155504819,0.3887972691730683
121.5,24.1,372.9615,SSP3-7.0,2021-2040,-23.011500000000012,24.348,73.1605999999997,1.8338,3.6962999999999973,0.6425999999999998,10.219600000000002,24.370675,57.34556250000003,1.753362500000001,4.7425999999999995,1.2219749999999996,10.121762499999999,1.154473155504819,0.4519930495428597
121.5,24.15,449.7831,SSP3-7.0,2021-2040,-46.29399999999998,24.683,74.47940000000017,1.5943000000000005,2.4369999999999976,1.3406999999999991,10.828299999999999,24.684,49.74996249999995,1.4589250000000007,4.0146,1.1367875,10.377475,1.154473155504819,0.5151888299126467
121.5,24.2,430.1145,SSP3-7.0,2021-2040,-51.280200000000036,26.210299999999997,36.091699999999946,1.037700000000001,2.255600000000001,1.4406999999999996,10.786999999999999,23.5916375,13.758537500000017,1.1719624999999998,4.0548625,1.2763875000000002,10.0568125,1.154473155504819,0.578384610282438
121.5,24.25,318.813,SSP3-7.0,2021-2040,-32.42230000000001,23.094300000000004,-69.40440000000012,0.7318999999999996,3.8537,1.1593,10.410900000000002,22.820899999999998,-25.30661249999997,0.9446875000000001,4.1754750000000005,1.3328750000000005,9.1345125,1.154473155504819,0.6415803906522295
121.5,24.3,252.8969,SSP3-7.0,2021-2040,-14.236899999999991,22.346599999999995,-150.01099999999997,0.6576000000000022,5.138900000000003,1.0869999999999997,8.5304,21.3328375,-28.473862500000024,0.8385874999999996,3.220375,1.25535,8.619025,1.154473155504819,0.704776171022021
121.5,24.35,255.5467,SSP3-7.0,2021-2040,-0.26679999999998927,21.181799999999996,-53.071300000000065,0.6554000000000002,2.851899999999997,0.8592999999999993,7.773899999999999,21.5734375,-3.2689249999999106,0.8910500000000003,2.3525500000000013,1.3683,8.8266375,1.154473155504819,0.7679719513918124
121.5,24.4,300.0776,SSP3-7.0,2021-2040,1.475499999999954,22.745799999999996,30.005600000000413,0.9068000000000005,0.8704000000000001,1.3240999999999996,9.078299999999999,20.9337125,43.14498750000007,1.012925,1.8301000000000003,1.5196875,8.715775,1.154473155504819,0.8311677317615993
121.5,24.45,350.4436,SSP3-7.0,2021-2040,3.0283000000000015,20.238100000000003,55.88599999999997,1.235000000000003,1.142599999999998,1.9406999999999996,8.5348,22.118287499999997,59.565662500000144,1.1248874999999998,2.3833375000000006,1.7190000000000003,9.423925,1.154473155504819,0.8943635121313908
121.5,24.5,385.5678,SSP3-7.0,2021-2040,6.43300000000005,20.6826,7.707300000000032,1.2851999999999997,2.6906999999999996,2.2574000000000005,9.178299999999998,23.379862499999998,83.51046250000007,1.2431375000000005,3.7338000000000005,1.807175,11.1260875,1.154473155504819,0.9575592925011822
121.5,24.55,323.3038,SSP3-7.0,2021-2040,9.776899999999955,26.750700000000002,116.86160000000018,1.455400000000001,6.0352,2.2684999999999995,15.713,24.202575,91.38573750000006,1.3604250000000002,4.650687500000001,1.8872749999999998,12.181525,1.154473155504819,1.0207550728709736
121.5,24.6,281.8765,SSP3-7.0,2021-2040,20.22709999999995,26.14880000000001,138.06470000000036,1.6280999999999999,5.816700000000001,1.8036999999999992,15.615200000000002,24.792725,107.71445000000006,1.3471125000000006,5.444675000000001,1.7618,13.3839625,1.154473155504819,1.0839508532407651
121.5,24.65,268.169,SSP3-7.0,2021-2040,34.57170000000002,23.868299999999998,114.36329999999998,1.2774999999999999,5.420400000000001,1.1593,12.732600000000001,23.349425,85.6178625,1.2854125000000005,5.599762500000001,1.3766125,12.850275,1.154473155504819,1.147146633610552
121.5,24.7,256.3934,SSP3-7.0,2021-2040,31.003199999999993,21.813499999999998,66.23689999999988,1.061,6.2147999999999985,0.3667000000000016,11.4522,23.32195,59.35252500000007,1.1161875000000006,5.2743,1.049975,13.282887500000001,1.154473155504819,1.2103424139803434
121.5,24.75,276.5896,SSP3-7.0,2021-2040,17.65379999999999,25.238100000000003,54.520200000000386,0.9072999999999993,4.9574,1.487,15.508700000000001,22.974999999999998,30.450012499999957,1.0223,5.087037499999999,0.5761500000000004,13.483175,1.154473155504819,1.273538194350135
121.5,24.8,293.3549,SSP3-7.0,2021-2040,12.21410000000003,24.2658,36.65169999999989,0.9630999999999972,3.8519000000000005,1.2815000000000012,14.402199999999999,23.8878125,-6.577724999999873,0.8283749999999999,4.795837499999999,0.6032250000000003,14.6266375,1.154473155504819,1.3367339747199263
121.5,24.85,271.892,SSP3-7.0,2021-2040,1.9288999999999987,24.374699999999997,-57.883800000000065,0.7439999999999998,5.066700000000001,0.5759000000000007,14.9391,23.261225000000003,-52.847725000000025,0.5736249999999998,4.5645875,0.7275625000000003,14.458699999999999,1.154473155504819,1.3999297550897176
121.5,24.9,229.5603,SSP3-7.0,2021-2040,-5.085700000000003,22.808300000000003,-109.38529999999992,0.4164999999999992,5.248100000000001,0.9204000000000008,14.230400000000001,22.8368375,-108.32740000000001,0.3597874999999999,5.1620375,0.6599500000000003,14.519025,1.154473155504819,1.4631255354595045
121.5,24.95,183.2088,SSP3-7.0,2021-2040,-8.872199999999992,21.996299999999998,-130.41609999999991,0.38659999999999783,5.663,0.49629999999999974,14.1022,22.059787500000002,-132.03407500000006,0.29047500000000026,6.2113249999999995,0.8319500000000004,14.9231,1.154473155504819,1.526321315829296
121.5,25.0,174.3547,SSP3-7.0,2021-2040,-10.412300000000016,21.0938,-135.654,0.2845000000000013,7.2536999999999985,1.2148000000000003,15.4587,22.1210375,-107.03383749999995,0.43224999999999936,6.519425,0.7636499999999999,15.720125,1.154473155504819,1.5895170961990874
121.5,25.05,175.4995,SSP3-7.0,2021-2040,-7.551600000000008,22.1682,-48.18999999999983,0.5550999999999995,6.194399999999998,1.381499999999999,15.8826,22.3580625,-75.36971249999999,0.5051625,6.559024999999999,0.7698999999999998,16.701375,1.154473155504819,1.652712876568879
121.5,25.1,162.8556,SSP3-7.0,2021-2040,2.832099999999997,22.5884,-26.72779999999989,0.44839999999999947,6.962999999999997,0.4389000000000003,17.0283,23.435887500000003,-26.82824999999997,0.6140374999999993,5.708075,0.46041249999999967,17.174999999999997,1.154473155504819,1.7159086569386703
121.5,25.15,204.7554,SSP3-7.0,2021-2040,-4.362500000000011,25.506200000000007,6.488499999999931,0.492799999999999,5.840699999999998,0.4148000000000014,18.2478,24.032450000000004,-66.21153749999996,0.4254999999999991,5.6009125,-0.27106250000000043,17.240225,1.154473155504819,1.7791044373084572
121.5,25.2,226.1129,SSP3-7.0,2021-2040,-12.692900000000009,26.550200000000004,-163.2424000000001,0.09329999999999927,5.703699999999998,-1.1370000000000005,18.3522,24.424675,-112.31450000000004,0.1902999999999988,5.585162500000001,-0.6037125000000003,17.0309625,1.154473155504819,1.8423002176782488
121.5,25.25,168.2755,SSP3-7.0,2021-2040,-1.4972999999999956,24.602900000000005,-180.79060000000027,-0.049200000000002575,6.064800000000002,-0.7204000000000015,17.3826,24.74205,-200.56742500000001,-0.23736250000000103,5.2305625000000004,-1.0354250000000003,16.9214625,1.154473155504819,1.9054959980480402
121.5,25.3,156.1099,SSP3-7.0,2021-2040,0.20419999999998595,25.010200000000005,-150.2781,-0.001100000000000989,3.6315000000000026,-0.7999999999999989,17.0196,24.653725,-227.01747500000005,-0.39175000000000093,5.3803375,-1.1294000000000004,16.894825,1.154473155504819,1.9686917784178315
121.55,22.05,157.5298,SSP3-7.0,2021-2040,6.671600000000012,41.2804,16.89619999999968,0.09809999999999874,5.7906999999999975,4.2943999999999996,16.8217,39.396825,-78.45377500000001,0.6527500000000006,11.247912500000002,3.243525,16.925537499999997,1.2601669955860404,-2.139033945618553
121.55,23.55,183.7436,SSP3-7.0,2021-2040,27.78630000000001,31.762500000000003,56.422399999999925,1.8092000000000006,7.472200000000001,2.4574000000000007,13.7435,30.7063875,58.94066250000003,1.86685,7.284712500000001,2.953475,13.2157625,1.2601669955860404,-0.24316053452483705
121.55,23.6,193.2841,SSP3-7.0,2021-2040,25.1019,32.393600000000006,66.99430000000007,1.6449000000000016,6.7056000000000004,2.8740999999999994,13.7891,30.334687500000005,74.96757500000001,1.7459250000000002,7.123362500000001,2.8335624999999998,12.847025,1.2601669955860404,-0.17996475415504562
121.55,23.65,201.9305,SSP3-7.0,2021-2040,19.923699999999997,31.348400000000005,76.23660000000018,1.4219000000000008,5.3870000000000005,3.2203999999999997,12.7065,30.601687500000004,84.39589999999995,1.7217125000000004,7.0606375,2.5777749999999995,12.974999999999998,1.2601669955860404,-0.11676897378525869
121.55,23.7,203.7558,SSP3-7.0,2021-2040,16.56190000000001,30.230599999999995,63.40460000000007,1.304000000000002,6.668500000000002,3.1869999999999994,11.8152,30.690875000000005,79.64471250000008,1.7019750000000005,6.8335625,2.3183,13.0358625,1.2601669955860404,-0.053573193415467256
121.55,23.75,207.1175,SSP3-7.0,2021-2040,11.980400000000003,31.335800000000006,28.0308,1.4002,6.8870000000000005,2.2388999999999992,13.921700000000001,30.895437500000003,44.488675000000086,1.531550000000001,7.0960625,2.1953750000000003,13.5315125,1.2601669955860404,0.009622586954324176
121.55,23.8,221.5869,SSP3-7.0,2021-2040,6.015899999999988,30.612700000000004,-19.297599999999875,1.3663999999999987,7.477800000000002,1.8888999999999996,13.441300000000002,31.645862499999996,15.45112499999999,1.4887125000000008,7.3111,1.796075,14.9510625,1.2601669955860404,0.0728183673241156
121.55,23.85,225.5658,SSP3-7.0,2021-2040,2.4868000000000166,31.5265,-37.48739999999998,1.5427,7.144400000000001,1.4685000000000006,15.284799999999999,31.215975,16.24561250000002,1.5624125000000006,7.7749875,1.8639,14.008950000000002,1.2601669955860404,0.13601414769390704
121.55,23.9,230.093,SSP3-7.0,2021-2040,-0.8517999999999972,32.550799999999995,10.411200000000008,1.6103000000000023,8.4833,1.6129999999999995,16.206500000000002,31.676662500000003,5.290687499999962,1.6233875000000002,7.9557625000000005,1.6736124999999997,14.6758125,1.2601669955860404,0.19920992806369398
121.55,23.95,240.3488,SSP3-7.0,2021-2040,2.0509999999999877,33.59760000000001,7.883299999999963,1.8273999999999972,8.590700000000002,1.4925999999999995,15.9913,30.626462500000002,14.543212499999925,1.628912500000001,7.919425,1.7226874999999997,13.4828875,1.2601669955860404,0.26240570843348543
121.55,24.0,270.0113,SSP3-7.0,2021-2040,8.136199999999974,31.5933,-7.125300000000152,1.6594000000000015,7.398100000000003,1.6647999999999996,13.447799999999999,28.913237499999997,24.90047499999997,1.7399000000000004,7.55625,1.7011624999999997,12.2687625,1.2601669955860404,0.32560148880327683
121.55,24.05,304.0508,SSP3-7.0,2021-2040,-11.767299999999977,23.570599999999992,16.77760000000012,1.8672000000000004,7.159300000000002,1.8110999999999997,7.8696,28.160787499999998,31.88542499999994,1.6844875000000004,6.4574125,1.5090249999999998,11.952175,1.2601669955860404,0.3887972691730683
121.55,24.1,363.4706,SSP3-7.0,2021-2040,-26.84789999999998,27.1411,33.75800000000004,1.6173000000000002,4.977800000000002,1.2332999999999998,11.493500000000001,26.468125,31.490987500000045,1.630875,5.8011625,1.5023124999999995,11.1263625,1.2601669955860404,0.4519930495428597
121.55,24.15,449.7768,SSP3-7.0,2021-2040,-51.140799999999956,25.953200000000002,20.99420000000009,1.2531999999999996,4.314799999999998,1.444399999999999,11.3109,26.0559,34.61491250000003,1.4207,4.6051,1.4074,11.201912499999999,1.2601669955860404,0.5151888299126467
121.55,24.2,421.1452,SSP3-7.0,2021-2040,-50.874300000000005,22.269399999999997,13.788500000000113,1.1006999999999998,3.9685000000000024,1.368500000000001,10.169599999999999,24.52285,28.49282500000004,1.2554750000000001,4.340512499999999,1.5479124999999998,10.2793625,1.2601669955860404,0.578384610282438
121.55,24.25,339.8152,SSP3-7.0,2021-2040,-35.60489999999999,21.0974,6.303300000000036,1.099899999999998,5.2667,1.6019000000000005,8.223899999999999,23.03695,29.052600000000012,1.1700125000000003,3.7270875000000006,1.6236000000000004,9.5141375,1.2601669955860404,0.6415803906522295
121.55,24.3,289.102,SSP3-7.0,2021-2040,-13.112699999999961,20.745200000000004,11.398899999999912,1.1755999999999993,2.9648000000000003,1.6667000000000005,8.039100000000001,22.319112500000003,38.50902499999998,1.096775,3.07685,1.6210625,8.922562500000002,1.2601669955860404,0.704776171022021
121.55,24.35,289.7415,SSP3-7.0,2021-2040,3.219100000000026,22.248799999999996,53.022500000000036,1.0015999999999998,0.644400000000001,1.5777999999999999,8.745700000000001,23.1896375,63.43217500000003,1.1075250000000003,1.8229250000000006,1.7451375000000002,9.45325,1.2601669955860404,0.7679719513918124
121.55,24.4,338.5587,SSP3-7.0,2021-2040,9.67009999999999,25.599999999999994,104.24090000000024,1.1219999999999999,1.4352000000000018,2.200000000000001,11.591299999999999,22.963,87.48417500000005,1.1192250000000006,0.9467624999999997,1.872,9.5011,1.2601669955860404,0.8311677317615993
121.55,24.45,413.7522,SSP3-7.0,2021-2040,8.754099999999994,20.688000000000002,130.78610000000026,1.1614000000000004,1.8704,2.251900000000001,8.8674,22.316475,95.3180875000001,1.209775000000001,1.4342625000000004,2.2111125,9.620125,1.2601669955860404,0.8943635121313908
121.55,24.5,429.3974,SSP3-7.0,2021-2040,6.016500000000008,19.452199999999998,114.57910000000038,1.1777000000000015,2.7759,2.1351999999999993,7.643500000000001,22.119925000000002,109.26282500000013,1.311087500000001,3.1736125000000004,2.1965250000000003,10.4421375,1.2601669955860404,0.9575592925011822
121.55,24.55,348.8081,SSP3-7.0,2021-2040,5.764899999999955,25.000800000000005,126.91580000000022,1.3817000000000021,4.987000000000002,1.2980999999999998,12.3935,22.8224375,117.74458750000014,1.4213250000000004,4.6419000000000015,2.0643624999999997,11.691849999999999,1.2601669955860404,1.0207550728709736
121.55,24.6,312.6147,SSP3-7.0,2021-2040,5.621399999999994,26.565999999999995,142.1572000000001,1.5568999999999988,6.742600000000003,1.9815000000000005,14.008700000000001,25.0346125,115.61456250000015,1.3970375000000006,5.631950000000001,1.3780124999999999,13.5046125,1.2601669955860404,1.0839508532407651
121.55,24.65,274.1065,SSP3-7.0,2021-2040,16.36529999999999,26.651200000000003,67.42700000000013,1.0267000000000017,5.770399999999999,0.8758999999999997,14.6304,25.060950000000002,65.2582375,1.2842875,6.082862500000001,0.7004750000000002,13.657887500000001,1.2601669955860404,1.147146633610552
121.55,24.7,255.6028,SSP3-7.0,2021-2040,14.5274,24.504200000000004,-32.22810000000027,0.958400000000001,5.7333,-0.30189999999999984,13.737000000000002,24.8863125,21.287787500000093,1.0456500000000002,5.993974999999999,0.2838000000000003,13.7978375,1.2601669955860404,1.2103424139803434
121.55,24.75,270.7445,SSP3-7.0,2021-2040,16.190200000000004,24.4583,-16.611599999999726,1.1143,6.2148,-0.8851999999999993,14.549999999999999,24.245675,-20.488162499999987,0.8796749999999998,5.619675,-0.05092499999999922,14.126925,1.2601669955860404,1.273538194350135
121.55,24.8,274.097,SSP3-7.0,2021-2040,10.563300000000027,23.505899999999997,-32.68679999999995,0.8248999999999995,5.505600000000001,-1.1888999999999985,15.3957,24.10775,-46.13229999999993,0.7458749999999994,5.2095,0.23448750000000063,14.5712,1.2601669955860404,1.3367339747199263
121.55,24.85,277.8704,SSP3-7.0,2021-2040,-5.676199999999994,23.287200000000006,-110.54809999999998,0.20149999999999935,4.349999999999998,0.25370000000000026,14.278299999999998,22.8081125,-86.75201250000003,0.5064874999999995,5.005112500000001,0.29468750000000066,14.1986375,1.2601669955860404,1.3999297550897176
121.55,24.9,245.9151,SSP3-7.0,2021-2040,-6.533699999999982,21.101400000000005,-159.16670000000022,-0.07199999999999918,4.770400000000002,1.0556,12.508700000000001,21.966637499999997,-147.01411250000007,0.16592499999999966,5.1432875,0.25833750000000033,14.1032625,1.2601669955860404,1.4631255354595045
121.55,24.95,202.4474,SSP3-7.0,2021-2040,-4.597199999999987,21.254199999999997,-198.3198000000002,-0.22719999999999985,5.9407,-0.27039999999999864,14.769599999999999,21.125999999999998,-168.21232500000008,0.06381250000000005,5.96875,0.6403000000000001,14.03125,1.2601669955860404,1.526321315829296
121.55,25.0,190.5201,SSP3-7.0,2021-2040,-12.84820000000002,21.159100000000002,-155.7103000000002,0.25379999999999825,7.416699999999999,0.6241000000000003,15.6609,21.477575,-154.44165,0.11486250000000009,6.4955875,0.5847249999999999,14.975,1.2601669955860404,1.5895170961990874
121.55,25.05,191.5299,SSP3-7.0,2021-2040,-6.543900000000008,21.5383,-83.44209999999975,0.38599999999999923,7.175900000000002,0.8869999999999987,16.2087,22.1740125,-107.89782500000004,0.32428750000000006,6.788887499999999,0.8009375000000001,16.1369625,1.2601669955860404,1.652712876568879
121.55,25.1,186.7833,SSP3-7.0,2021-2040,1.4557000000000073,22.704499999999996,-28.662000000000035,0.4201000000000015,5.092599999999997,0.7258999999999993,17.967399999999998,23.172925,-80.89077500000002,0.4078499999999994,6.3055375,0.2696750000000001,16.5972875,1.2601669955860404,1.7159086569386703
121.55,25.15,265.0967,SSP3-7.0,2021-2040,-4.424800000000005,23.5482,10.911399999999958,0.8040999999999983,4.790700000000001,-0.8851999999999993,16.658700000000003,24.133187500000002,-153.38223750000003,0.04074999999999962,5.762949999999998,-0.49582499999999996,16.955725,1.2601669955860404,1.7791044373084572
121.55,25.2,258.9274,SSP3-7.0,2021-2040,-8.698999999999984,24.002100000000006,-216.57199999999966,-0.13340000000000174,4.625899999999998,-1.8259000000000007,15.6783,24.713950000000004,-228.17668750000013,-0.31051250000000064,5.5847125,-1.108575,16.882337500000002,1.2601669955860404,1.8423002176782488
121.55,25.25,189.9007,SSP3-7.0,2021-2040,0.3200999999999965,24.740099999999998,-360.1411000000003,-0.9491999999999976,5.713000000000001,-1.6204,16.6804,24.732125000000003,-245.286,-0.4855750000000012,5.110425000000001,-1.2055500000000001,16.7481,1.2601669955860404,1.9054959980480402
121.55,25.3,158.4971,SSP3-7.0,2021-2040,4.537800000000004,24.670399999999994,-142.48829999999998,-0.3113000000000028,4.659300000000002,-1.0314999999999994,17.2543,24.4411875,-263.75752500000004,-0.5345875000000007,5.230100000000001,-1.1794000000000002,16.524725,1.2601669955860404,1.9686917784178315
121.6,21.95,197.4578,SSP3-7.0,2021-2040,5.295400000000001,35.7732,28.19320000000016,0.18420000000000059,5.0685,4.501899999999999,11.1674,40.085224999999994,-79.86590000000007,0.6419875000000004,11.3381875,3.2175875000000005,17.632324999999998,1.3658608356672617,-2.265425506358136
121.6,22.0,183.9167,SSP3-7.0,2021-2040,7.961900000000014,37.668,41.55690000000004,0.19280000000000186,5.485200000000001,4.303700000000001,12.5674,39.848375000000004,-81.53636250000005,0.6409125000000002,11.286100000000001,3.2423625,17.457324999999997,1.3658608356672617,-2.2022297259883445
121.6,23.85,204.8463,SSP3-7.0,2021-2040,10.325499999999977,31.176899999999996,25.357899999999972,1.4561000000000028,7.9148,1.7092999999999998,15.054300000000001,31.870025,0.8189000000000135,1.5228875000000004,7.66295,1.743525,14.8945625,1.3658608356672617,0.13601414769390704
121.6,23.9,210.4865,SSP3-7.0,2021-2040,7.330399999999997,31.434600000000003,6.556300000000192,1.351300000000002,9.390699999999999,1.9889000000000001,14.3217,32.115224999999995,16.924762499999957,1.583075,7.7333125,1.6164375,15.2470125,1.3658608356672617,0.19920992806369398
121.6,23.95,217.6648,SSP3-7.0,2021-2040,9.752399999999994,33.0826,38.46109999999999,1.5225000000000009,8.1222,1.6555999999999997,15.6196,31.501262500000003,18.383024999999947,1.5441000000000007,8.252525,1.7796374999999998,14.5192875,1.3658608356672617,0.26240570843348543
121.6,24.0,232.4058,SSP3-7.0,2021-2040,11.247600000000006,31.936199999999992,72.91789999999992,1.2713,7.2315000000000005,1.7185000000000006,14.886999999999999,29.787750000000003,24.228162499999968,1.6231624999999998,7.947212500000001,1.7951374999999996,12.820924999999999,1.3658608356672617,0.32560148880327683
121.6,24.05,270.6114,SSP3-7.0,2021-2040,-6.597399999999993,31.9388,21.991800000000012,1.6530999999999985,8.477800000000002,2.0147999999999993,13.5043,29.493612499999998,31.70026249999998,1.4983624999999998,7.3990875,1.737025,13.036425,1.3658608356672617,0.3887972691730683
121.6,24.1,329.3079,SSP3-7.0,2021-2040,-20.52879999999999,30.692700000000002,2.9085000000000036,1.516099999999998,7.1129999999999995,1.6814999999999998,13.989099999999999,28.711100000000002,25.336550000000045,1.5074875000000003,7.158112500000001,1.715725,12.3263625,1.3658608356672617,0.4519930495428597
121.6,24.15,347.4789,SSP3-7.0,2021-2040,-23.89330000000001,27.6952,-3.6580999999998767,1.3167000000000009,7.468500000000002,1.7740999999999998,11.480400000000001,27.8524125,27.270800000000037,1.4433000000000002,6.206262500000001,1.6326250000000002,12.166037499999998,1.3658608356672617,0.5151888299126467
121.6,24.2,361.3219,SSP3-7.0,2021-2040,-27.265100000000018,25.4075,46.39070000000015,1.3490000000000002,4.924099999999999,1.777800000000001,10.647799999999998,25.282000000000004,42.095612500000016,1.3878375000000003,5.668050000000001,1.658325,10.443212499999998,1.3658608356672617,0.578384610282438
121.6,24.25,343.2496,SSP3-7.0,2021-2040,-24.85609999999997,22.041900000000005,116.74579999999992,1.6611000000000011,4.203699999999998,1.8444000000000003,8.545700000000002,23.071550000000002,80.7604,1.3505874999999996,3.9537000000000004,1.8203750000000007,9.2214625,1.3658608356672617,0.6415803906522295
121.6,24.3,326.3621,SSP3-7.0,2021-2040,-2.3197000000000116,22.180400000000006,227.42060000000015,1.6464999999999996,2.5074000000000005,2.644400000000001,8.9826,23.035175000000002,99.6317249999999,1.3067374999999992,2.4830874999999994,1.8000000000000003,9.082625,1.3658608356672617,0.704776171022021
121.6,24.35,329.0514,SSP3-7.0,2021-2040,-1.903099999999995,24.361700000000006,177.06669999999986,1.3201999999999998,0.14809999999999945,2.1944,10.1674,24.2193125,124.21093749999991,1.2945624999999996,1.271287500000001,1.9548625000000004,9.953262500000001,1.3658608356672617,0.7679719513918124
121.6,24.4,358.1433,SSP3-7.0,2021-2040,1.5808000000000106,26.35560000000001,160.4069999999997,1.376100000000001,-1.3332999999999977,1.9852000000000007,11.463000000000001,24.7983625,122.85168750000003,1.2411999999999996,1.3530000000000006,2.0483750000000005,10.479087499999999,1.3658608356672617,0.8311677317615993
121.6,24.45,401.4136,SSP3-7.0,2021-2040,0.2229000000000383,25.8842,145.77080000000024,1.2973,1.3796,2.842600000000001,11.3783,22.377474999999997,126.41047500000002,1.2778375000000004,1.8333375000000012,2.09445,9.620650000000001,1.3658608356672617,0.8943635121313908
121.6,24.5,433.8064,SSP3-7.0,2021-2040,5.546800000000019,17.573299999999996,143.94799999999987,1.278100000000002,2.5130000000000017,3.0036999999999985,8.0935,22.3213875,134.6386375000002,1.3358125000000003,3.433325000000001,1.9458375000000003,9.8725625,1.3658608356672617,0.9575592925011822
121.6,24.55,376.8988,SSP3-7.0,2021-2040,5.5382999999999925,20.1417,146.22700000000032,1.3946000000000005,4.770400000000002,1.7093000000000007,9.3783,22.662125,138.0698125,1.4429125000000003,4.709012500000001,1.79005,10.9864125,1.3658608356672617,1.0207550728709736
121.6,24.6,322.8684,SSP3-7.0,2021-2040,14.018100000000004,25.264200000000002,132.41179999999986,1.5945999999999998,5.790700000000001,1.3556000000000008,13.9043,25.1668875,123.71852500000006,1.4250250000000002,5.6435125,1.100225,12.8222875,1.3658608356672617,1.0839508532407651
121.6,24.65,286.5627,SSP3-7.0,2021-2040,11.739800000000002,26.4512,82.64530000000013,1.4177,6.4648,0.5536999999999992,13.6696,26.0357,45.86562499999991,1.228825,5.896974999999999,0.28541250000000007,14.0135875,1.3658608356672617,1.147146633610552
121.6,24.7,260.2413,SSP3-7.0,2021-2040,-3.826999999999998,25.8714,-121.58519999999999,0.7801000000000009,6.479599999999998,-1.3148,14.1435,25.672600000000003,-14.344562500000052,0.9862000000000002,5.872437499999999,-0.12895000000000012,13.9350625,1.3658608356672617,1.2103424139803434
121.6,24.75,281.6095,SSP3-7.0,2021-2040,-9.331900000000019,24.738499999999995,-76.69360000000006,0.7805999999999997,6.429599999999999,0.027800000000000935,13.6957,24.690775000000002,-70.05713750000001,0.7882500000000001,5.7613375,-0.6087999999999996,14.1244625,1.3658608356672617,1.273538194350135
121.6,24.8,281.1558,SSP3-7.0,2021-2040,-8.382000000000005,24.028,-58.12039999999979,0.7620000000000005,5.7852,-0.7647999999999993,14.6804,23.696875,-78.54270000000002,0.6515249999999995,5.291437499999999,-0.2715249999999996,14.073374999999999,1.3658608356672617,1.3367339747199263
121.6,24.85,272.1187,SSP3-7.0,2021-2040,-5.775800000000004,22.471400000000003,-140.3728000000001,0.4941999999999993,5.020399999999999,-0.09999999999999964,14.5152,22.337287500000002,-88.9405625,0.4075999999999995,5.037050000000001,-0.06618749999999962,13.6549,1.3658608356672617,1.3999297550897176
121.6,24.9,251.0524,SSP3-7.0,2021-2040,-7.865499999999997,19.909399999999998,-173.05200000000013,-0.08079999999999998,4.7926,0.5777999999999999,12.917399999999999,21.36145,-141.7098625000001,0.05121249999999966,4.9213,-0.009712500000000013,13.369575000000001,1.3658608356672617,1.4631255354595045
121.6,24.95,228.8761,SSP3-7.0,2021-2040,-0.4539000000000044,19.6316,-256.1350000000002,-0.6073999999999984,5.064800000000002,-0.38700000000000045,13.073900000000002,20.755675,-162.10637500000007,-0.007025000000000503,5.6314875,0.4444625000000002,13.5312625,1.3658608356672617,1.526321315829296
121.6,25.0,212.0405,SSP3-7.0,2021-2040,-5.219200000000001,21.308099999999996,-226.17920000000004,-0.07069999999999865,7.540700000000001,0.6204000000000001,14.297799999999999,21.36765,-158.66921250000007,0.024162499999999643,6.078250000000001,0.2976874999999999,14.66305,1.3658608356672617,1.5895170961990874
121.6,25.05,211.386,SSP3-7.0,2021-2040,-6.142300000000006,22.8301,-157.19700000000012,0.21199999999999974,7.131499999999999,0.7352000000000007,16.006500000000003,22.1767625,-128.06418750000003,0.24637499999999957,6.3851875,0.40208749999999993,15.8535375,1.3658608356672617,1.652712876568879
121.6,25.1,195.5677,SSP3-7.0,2021-2040,-0.20609999999999218,23.539900000000003,-84.86230000000023,0.4910999999999994,6.718499999999999,0.6667000000000005,16.7935,22.95615,-155.21990000000008,0.12316249999999984,5.927075,-0.32014999999999993,16.238862500000003,1.3658608356672617,1.7159086569386703
121.6,25.15,243.72,SSP3-7.0,2021-2040,-1.7798999999999978,23.664099999999998,-264.1069000000002,-0.1266999999999996,5.6296,-1.4815000000000005,15.952200000000001,23.5323375,-211.39793750000004,-0.17958750000000068,5.4354,-0.7777749999999997,16.3815375,1.3658608356672617,1.7791044373084572
121.6,25.2,221.5467,SSP3-7.0,2021-2040,-10.432099999999991,24.5101,-449.37300000000005,-1.3596000000000004,5.529600000000002,-1.7684999999999995,15.626100000000001,23.8878625,-275.9311625,-0.4963875000000004,5.3275375,-1.3196875000000001,16.174737500000003,1.3658608356672617,1.8423002176782488
121.6,25.25,184.373,SSP3-7.0,2021-2040,-2.06219999999999,24.589800000000004,-425.1594,-1.3896000000000015,5.4056,-1.6704000000000008,16.158700000000003,24.2218625,-265.3227,-0.5915500000000007,5.366437500000001,-1.1578750000000002,16.542387499999997,1.3658608356672617,1.9054959980480402
121.6,25.3,165.5419,SSP3-7.0,2021-2040,0.026299999999991996,23.921300000000002,-234.38419999999996,-0.7336999999999989,5.263000000000002,-0.6906999999999996,16.512999999999998,24.438275,-266.5059,-0.579787500000001,5.1713000000000005,-1.2845000000000002,16.549187500000002,1.3658608356672617,1.9686917784178315
121.65,24.0,214.1692,SSP3-7.0,2021-2040,9.3733,30.1768,47.362699999999904,1.3241999999999976,8.907399999999999,2.249999999999999,14.043500000000002,31.43955,27.839124999999996,1.4631375000000002,8.0173625,1.7826375,14.2913,1.4715546757485132,0.32560148880327683
121.65,24.05,230.0174,SSP3-7.0,2021-2040,9.249099999999999,29.5696,56.27610000000004,1.2192000000000007,7.899999999999999,1.6648000000000005,13.8239,29.978825,26.856650000000002,1.5102249999999997,7.915525000000001,1.8791625,13.112775000000001,1.4715546757485132,0.3887972691730683
121.65,24.1,254.4267,SSP3-7.0,2021-2040,-0.432200000000023,31.2686,30.726599999999962,1.5122,8.505600000000001,1.8722000000000012,14.736999999999998,29.662625000000002,28.529862500000007,1.4805625,7.586350000000001,1.7877249999999998,12.9143875,1.4715546757485132,0.4519930495428597
121.65,24.15,260.1308,SSP3-7.0,2021-2040,2.2262999999999806,32.551700000000004,25.82619999999997,1.6210000000000022,8.461100000000002,1.9111000000000002,14.3913,28.64555,37.52838750000001,1.451,6.9259375,1.7425875000000004,12.436675,1.4715546757485132,0.5151888299126467
121.65,24.2,290.2077,SSP3-7.0,2021-2040,-11.238599999999963,27.535100000000007,43.77369999999996,1.576900000000002,7.385200000000005,1.7721999999999998,10.589099999999998,28.1440625,45.32943749999998,1.5214625000000006,6.4530125,1.7865625000000005,12.016849999999998,1.4715546757485132,0.578384610282438
121.65,24.25,300.6087,SSP3-7.0,2021-2040,-13.600199999999973,23.112099999999998,112.99129999999991,1.4731999999999985,4.2758999999999965,1.5500000000000007,8.834799999999998,25.90445,88.14907499999995,1.5347000000000008,4.5986125,1.9425750000000004,10.511949999999999,1.4715546757485132,0.6415803906522295
121.65,24.3,313.9771,SSP3-7.0,2021-2040,-8.539800000000014,22.225299999999997,184.0161999999998,1.3828999999999994,0.33699999999999974,2.1815000000000007,8.2848,25.112125000000002,114.47693749999993,1.4472625,3.2796249999999993,1.8754375000000003,10.035875,1.4715546757485132,0.704776171022021
121.65,24.35,348.9838,SSP3-7.0,2021-2040,-19.16569999999996,28.449000000000005,135.50909999999976,1.3393999999999977,2.0241000000000007,1.7833000000000006,11.819599999999998,24.438237500000003,134.48818749999992,1.3601125,1.7069375,1.9263750000000004,9.95815,1.4715546757485132,0.7679719513918124
121.65,24.4,363.9797,SSP3-7.0,2021-2040,-15.041899999999998,25.950200000000002,117.67229999999972,1.3124000000000002,1.5907000000000018,1.5999999999999996,10.7,25.699125000000002,124.95308749999998,1.3333874999999997,1.7298625000000003,1.9085500000000006,10.8576125,1.4715546757485132,0.8311677317615993
121.65,24.45,377.9533,SSP3-7.0,2021-2040,-8.631000000000029,25.205,118.7451000000001,1.3752999999999993,1.7315000000000005,1.9370000000000012,10.563,22.6188125,123.67692499999993,1.3641375000000004,2.2571750000000006,1.9460625,9.8456625,1.4715546757485132,0.8943635121313908
121.65,24.5,398.5396,SSP3-7.0,2021-2040,-2.308300000000031,18.195499999999996,120.9052999999999,1.4196999999999989,4.083300000000001,1.6425999999999998,8.0435,22.708112500000002,132.07145000000003,1.3799625000000004,3.4724625000000007,1.9185125,10.138862499999998,1.4715546757485132,0.9575592925011822
121.65,24.55,427.1516,SSP3-7.0,2021-2040,-3.2398999999999774,24.003700000000002,173.1799000000001,1.4787999999999997,5.868500000000001,1.75,10.713000000000001,22.065125,124.25549999999993,1.3978000000000002,4.4162125,1.4733749999999999,10.725275,1.4715546757485132,1.0207550728709736
121.65,24.6,341.5363,SSP3-7.0,2021-2040,26.348700000000008,25.241300000000003,150.46139999999968,1.6557999999999993,4.911099999999998,1.1537000000000006,13.091299999999999,25.3407625,97.11837500000001,1.3489125,5.49375,0.6428249999999998,12.769837500000001,1.4715546757485132,1.0839508532407651
121.65,24.65,255.9377,SSP3-7.0,2021-2040,15.452699999999993,27.279199999999996,100.73459999999977,1.4879999999999995,5.633299999999998,-0.5204000000000004,14.6935,26.3392875,24.232437499999946,1.1887500000000002,5.7456,0.017599999999999838,13.895375000000001,1.4715546757485132,1.147146633610552
121.65,24.7,239.1876,SSP3-7.0,2021-2040,-4.913600000000002,26.908099999999997,-72.45370000000003,0.7700999999999993,6.114799999999999,-0.9463000000000008,13.899999999999999,26.249762500000003,-32.2183500000001,0.9757875,5.808562499999999,-0.1574000000000002,14.0323375,1.4715546757485132,1.2103424139803434
121.65,24.75,251.2344,SSP3-7.0,2021-2040,-19.375200000000007,24.390100000000004,-167.57640000000038,0.3338000000000001,4.618499999999997,0.1647999999999996,12.604299999999999,25.504012499999998,-53.26998750000001,0.8301375000000002,5.7754625,-0.23724999999999974,14.101625,1.4715546757485132,1.273538194350135
121.65,24.8,277.4363,SSP3-7.0,2021-2040,-8.837199999999996,23.860200000000006,-59.19489999999996,0.7623999999999995,5.638900000000001,0.3667000000000016,13.984799999999998,24.1528125,-57.769062500000075,0.6810375,5.137262499999999,-0.061337500000000045,13.771450000000002,1.4715546757485132,1.3367339747199263
121.65,24.85,311.7786,SSP3-7.0,2021-2040,-9.887099999999975,22.8634,-24.657400000000052,0.7004999999999981,4.553699999999999,-0.8111000000000015,13.563,22.3572,-61.23591249999998,0.5256875000000001,5.159949999999999,-0.017587499999999645,13.4345125,1.4715546757485132,1.3999297550897176
121.65,24.9,257.8623,SSP3-7.0,2021-2040,-6.322200000000009,20.1428,-94.0981999999999,0.16229999999999833,4.9,-0.018499999999999517,11.9109,21.1483125,-95.51341250000013,0.2840125000000002,5.090512499999999,-0.08588750000000012,13.1508125,1.4715546757485132,1.4631255354595045
121.65,24.95,233.9441,SSP3-7.0,2021-2040,-4.4891999999999825,20.1396,-150.3809000000001,-0.24220000000000041,4.770399999999999,0.1999999999999993,12.337,20.603524999999998,-134.24381250000005,0.1643374999999998,5.6023125,0.07825000000000015,13.076625,1.4715546757485132,1.526321315829296
121.65,25.0,229.1821,SSP3-7.0,2021-2040,2.4946999999999946,21.0308,-139.94389999999976,0.22059999999999746,4.920400000000001,0.7667000000000002,13.8478,21.45855,-139.52308750000014,0.15630000000000033,6.010425000000001,-0.11041250000000002,13.932875,1.4715546757485132,1.5895170961990874
121.65,25.05,220.8446,SSP3-7.0,2021-2040,2.461599999999976,23.3575,-128.2247000000002,0.1977000000000011,6.2056000000000004,-0.17410000000000103,15.399999999999999,22.095087499999998,-119.03033750000009,0.3213374999999994,6.050000000000001,0.02593750000000039,15.0114125,1.4715546757485132,1.652712876568879
121.65,25.1,207.0185,SSP3-7.0,2021-2040,1.84020000000001,22.7759,-177.48900000000003,0.07239999999999824,6.011099999999999,-0.8999999999999986,16.6522,22.94625,-142.7145500000002,0.18610000000000015,5.6972249999999995,-0.37592499999999984,15.53315,1.4715546757485132,1.7159086569386703
121.65,25.15,218.6738,SSP3-7.0,2021-2040,2.156800000000004,23.230599999999995,-413.54890000000023,-0.9802999999999997,5.3796,-1.4684999999999988,15.065199999999999,23.26815,-186.18045000000018,-0.06168750000000012,5.335175,-0.5381999999999998,16.0000125,1.4715546757485132,1.7791044373084572
121.65,25.2,190.889,SSP3-7.0,2021-2040,-4.502900000000011,23.947400000000002,-331.58770000000004,-0.751100000000001,5.3352,-0.7667000000000002,16.6109,23.496950000000002,-260.4301250000001,-0.4480875000000002,5.321975,-1.0217625,15.946200000000001,1.4715546757485132,1.8423002176782488
121.65,25.25,171.5283,SSP3-7.0,2021-2040,-2.897500000000008,23.3806,-207.24469999999974,-0.4449000000000005,5.7407,-0.8389000000000006,16.593500000000002,23.845475,-295.0891750000001,-0.6899374999999996,5.1882,-1.0039375,16.022,1.4715546757485132,1.9054959980480402
121.7,24.2,275.0358,SSP3-7.0,2021-2040,-3.3238000000000056,33.8836,10.818299999999908,1.6447000000000003,7.8352,1.8481000000000005,15.3913,28.243562500000003,40.209687499999944,1.548762500000001,6.22755,1.7344875000000002,12.0404875,1.5772485158297345,0.578384610282438
121.7,24.25,277.3466,SSP3-7.0,2021-2040,-8.178600000000017,29.191899999999997,22.79469999999992,1.5938000000000017,5.950000000000003,1.7147999999999994,12.1065,27.831375,60.627787499999926,1.5252,4.9323999999999995,1.7212875000000003,11.706787499999999,1.5772485158297345,0.6415803906522295
121.7,24.3,295.0345,SSP3-7.0,2021-2040,-12.767399999999952,24.7699,53.23259999999982,1.4227000000000025,3.6462999999999965,1.7573999999999996,9.5478,27.727062500000002,75.96117499999997,1.476437499999999,4.2488375,1.7145750000000002,11.644837500000001,1.5772485158297345,0.704776171022021
121.7,24.35,335.7223,SSP3-7.0,2021-2040,-19.424900000000036,26.790100000000002,70.05470000000014,1.1211999999999982,3.4815000000000005,1.514800000000001,10.282599999999999,26.3274375,95.45979999999994,1.4069874999999996,3.1449,1.7409625,11.105974999999999,1.5772485158297345,0.7679719513918124
121.7,24.4,358.8934,SSP3-7.0,2021-2040,-18.020699999999977,22.872699999999995,86.03540000000021,1.2988999999999997,3.277799999999999,1.5333000000000006,10.236999999999998,26.9632125,102.0958875,1.3900499999999996,3.1018500000000007,1.6506875,11.362762499999999,1.5772485158297345,0.8311677317615993
121.7,24.45,364.1507,SSP3-7.0,2021-2040,-14.496399999999994,25.6747,106.03589999999986,1.5387000000000022,3.1296,1.4778000000000002,10.95,24.0057125,104.2426375,1.4195499999999996,3.300225,1.5594875,10.5413,1.5772485158297345,0.8943635121313908
121.7,24.5,374.8033,SSP3-7.0,2021-2040,-12.875599999999963,18.444300000000005,108.64069999999992,1.3918999999999997,3.4166999999999987,1.4832999999999998,7.9,24.6122125,120.89522500000004,1.434625,4.2722125,1.4611124999999998,11.147,1.5772485158297345,0.9575592925011822
121.7,24.55,416.0153,SSP3-7.0,2021-2040,-9.813600000000008,24.738,114.02419999999984,1.2850000000000001,4.9704000000000015,1.1443999999999992,12.134799999999998,23.598637500000002,122.12631250000004,1.3942125,4.7618,1.1326375,11.174712500000002,1.5772485158297345,1.0207550728709736
121.7,24.6,327.1352,SSP3-7.0,2021-2040,16.39390000000003,26.9227,77.42560000000003,1.162700000000001,4.874100000000002,0.29439999999999955,13.2565,25.8672,83.29685,1.2157000000000004,5.241425,0.44513749999999996,13.0589625,1.5772485158297345,1.0839508532407651
121.7,24.65,278.3812,SSP3-7.0,2021-2040,-2.323599999999999,27.925400000000003,-49.70139999999992,0.9698999999999991,5.5778,-1.144400000000001,14.408700000000001,26.5751625,35.80284999999992,1.0779875000000008,5.231249999999999,0.0865625000000001,13.9682,1.5772485158297345,1.147146633610552
121.7,24.7,241.0741,SSP3-7.0,2021-2040,-9.25739999999999,26.130000000000003,-5.344300000000203,1.1591000000000022,5.751899999999999,0.1889000000000003,14.789100000000001,26.64555,-34.50970000000012,0.7744499999999999,5.246287499999999,-0.07037500000000008,14.2432,1.5772485158297345,1.2103424139803434
121.7,24.75,229.8429,SSP3-7.0,2021-2040,-22.28709999999998,27.212300000000006,-20.225800000000163,0.8770999999999987,5.513000000000002,0.7851999999999997,14.254299999999999,25.7356375,-36.47376250000008,0.7610625000000004,5.092587499999999,0.1902750000000002,14.31955,1.5772485158297345,1.273538194350135
121.7,24.8,247.45,SSP3-7.0,2021-2040,-14.860099999999989,25.283599999999993,-12.541999999999916,0.7497000000000007,4.4907,-0.24070000000000036,13.3652,24.611687500000002,-18.8853625000001,0.727725,4.7189749999999995,0.4055500000000001,14.039925,1.5772485158297345,1.3367339747199263
121.7,24.85,271.1531,SSP3-7.0,2021-2040,-2.271000000000015,22.2352,38.035899999999856,0.7504000000000026,4.686999999999998,0.44810000000000016,13.493500000000001,22.97685,-13.105437499999937,0.6934125,4.5824,0.01782499999999998,13.3277125,1.5772485158297345,1.3999297550897176
121.7,24.9,277.5127,SSP3-7.0,2021-2040,-5.942099999999982,20.927,9.457100000000082,0.6052999999999997,5.9647999999999985,-0.4093,12.608699999999999,21.339212500000002,-39.61853750000006,0.5623500000000003,4.522925,-0.08194999999999997,12.725549999999998,1.5772485158297345,1.4631255354595045
121.7,24.95,261.6735,SSP3-7.0,2021-2040,-2.436399999999992,21.008899999999997,-67.00220000000036,0.6521000000000008,5.8704,-0.20559999999999867,12.697799999999999,20.6336625,-90.83646249999993,0.4139374999999994,5.030799999999999,-0.36897499999999983,12.621474999999998,1.5772485158297345,1.526321315829296
121.7,25.0,245.8166,SSP3-7.0,2021-2040,6.162400000000019,20.869600000000005,-126.99710000000005,0.43329999999999913,5.764800000000001,-0.3185000000000002,13.2587,21.4573,-100.38530000000009,0.4097999999999997,5.37665,-0.7953624999999998,13.345099999999999,1.5772485158297345,1.5895170961990874
121.7,25.05,221.6028,SSP3-7.0,2021-2040,21.115700000000004,22.522999999999996,-4.06860000000006,0.6755999999999993,5.7352000000000025,-1.3537,14.3913,21.945537500000004,-113.05241250000012,0.3519999999999994,5.2731625,-0.7918874999999996,14.161412499999997,1.5772485158297345,1.652712876568879
121.7,25.1,199.8942,SSP3-7.0,2021-2040,8.372399999999999,21.8833,-35.50560000000041,0.5364000000000004,4.5778,-0.009299999999999642,14.8435,22.758025,-115.67833750000011,0.23004999999999987,5.011575000000001,-0.8705874999999996,14.8326,1.5772485158297345,1.7159086569386703
121.7,25.15,183.4885,SSP3-7.0,2021-2040,4.3115999999999985,22.5415,-54.202400000000125,0.48300000000000054,4.199999999999999,0.07779999999999987,15.813,23.0257375,-137.82585000000017,0.09985,4.6819375,-0.38333749999999944,15.054625,1.5772485158297345,1.7791044373084572
121.7,25.2,173.4387,SSP3-7.0,2021-2040,4.616599999999977,23.283,-92.31670000000031,0.16100000000000136,4.679600000000001,-0.12410000000000032,15.708700000000002,23.2322375,-184.32771250000008,-0.1314375000000001,4.77985,-0.4361124999999997,15.252712500000001,1.5772485158297345,1.8423002176782488
121.75,24.25,262.9529,SSP3-7.0,2021-2040,2.937999999999988,32.111700000000006,-14.058300000000145,1.8413000000000004,6.672199999999997,1.5204000000000004,15.469600000000002,28.867425,48.221874999999955,1.5385375,5.935650000000001,1.7300749999999998,12.3929125,1.6829423559109558,0.6415803906522295
121.75,24.3,280.3745,SSP3-7.0,2021-2040,3.027499999999975,32.22319999999999,24.19380000000001,1.738699999999998,5.825899999999997,1.6258999999999997,15.2543,28.3369625,61.85406249999997,1.457475,4.737500000000001,1.7217625,12.2380375,1.6829423559109558,0.704776171022021
121.75,24.35,323.1967,SSP3-7.0,2021-2040,-4.546700000000044,27.7132,72.18790000000035,1.320999999999998,5.424100000000003,1.825899999999999,11.1065,28.417475,68.53157499999998,1.3601625000000004,4.2661999999999995,1.6298625000000002,12.8855875,1.6829423559109558,0.7679719513918124
121.75,24.4,357.6013,SSP3-7.0,2021-2040,-14.565399999999954,26.416000000000004,90.83109999999988,1.4399000000000015,3.0333000000000006,1.6204,11.8978,28.2246875,86.06100000000009,1.3636875000000002,4.2493125,1.5969875,12.6347875,1.6829423559109558,0.8311677317615993
121.75,24.45,339.8916,SSP3-7.0,2021-2040,-12.370199999999954,29.507499999999993,105.73100000000022,1.6724999999999994,4.399999999999999,1.446299999999999,13.5826,26.040212500000003,83.0234375,1.3515875000000004,4.0530124999999995,1.540275,11.919562500000001,1.6829423559109558,0.8943635121313908
121.75,24.5,338.6862,SSP3-7.0,2021-2040,-13.677599999999984,25.45450000000001,85.38020000000006,1.4457999999999984,4.868500000000001,1.2129999999999992,11.406500000000001,25.838475000000003,88.66033750000003,1.3382875000000003,4.583575,1.4242875,12.068475,1.6829423559109558,0.9575592925011822
121.75,24.55,384.9637,SSP3-7.0,2021-2040,9.370299999999986,24.1188,143.16020000000026,1.2612000000000023,5.125899999999998,1.0777999999999999,11.782599999999999,25.184062500000003,86.40063750000007,1.2402374999999997,4.617137500000001,1.0661875,11.890475000000002,1.6829423559109558,1.0207550728709736
121.75,24.6,318.566,SSP3-7.0,2021-2040,10.925100000000043,26.408300000000004,117.85720000000038,1.3378000000000014,4.946300000000001,0.4463000000000008,13.2043,26.283925,61.89662500000003,1.0460500000000001,4.70185,0.5476749999999999,13.1744625,1.6829423559109558,1.0839508532407651
121.75,24.65,279.9552,SSP3-7.0,2021-2040,-15.207799999999963,27.222899999999996,-83.34130000000005,0.2491000000000021,4.8980999999999995,-0.3462999999999994,14.4435,26.83555,50.510875000000055,1.1496374999999999,4.975712500000001,0.34328749999999997,13.91385,1.6829423559109558,1.147146633610552
121.75,24.7,227.1843,SSP3-7.0,2021-2040,-10.026399999999995,26.488800000000005,1.083299999999781,0.8013000000000012,4.7204000000000015,0.42220000000000013,14.3674,26.889737500000003,-1.4168374999999855,0.8846749999999997,5.037050000000001,0.32616250000000013,14.552712499999998,1.6829423559109558,1.2103424139803434
121.75,24.75,201.423,SSP3-7.0,2021-2040,-11.752600000000001,25.737599999999993,15.403099999999995,0.7062999999999988,4.894399999999997,1.0222000000000016,15.273900000000001,26.585250000000002,3.7990500000000225,0.9083125000000001,4.869225,0.47917500000000013,14.631775,1.6829423559109558,1.273538194350135
121.75,24.8,217.8323,SSP3-7.0,2021-2040,-13.7543,27.086699999999993,8.834800000000087,0.8058000000000014,4.511099999999999,0.5443999999999996,16.271700000000003,25.5088,16.321412500000008,0.85345,4.3972125,0.5456125000000003,14.286137499999999,1.6829423559109558,1.3367339747199263
121.75,24.85,258.6382,SSP3-7.0,2021-2040,-2.141999999999996,23.508000000000003,58.297799999999825,0.8855000000000004,3.3352000000000004,0.7241,12.8739,23.722149999999996,8.901475000000062,0.805950000000001,4.1404875,0.17476249999999993,13.7510875,1.6829423559109558,1.3999297550897176
121.75,24.9,295.6983,SSP3-7.0,2021-2040,-6.80540000000002,20.143100000000004,9.059300000000349,0.8758000000000017,3.264800000000001,-0.0129999999999999,12.0435,21.8744125,-30.46318750000006,0.665337500000001,4.190737499999999,-0.07477500000000004,12.862224999999999,1.6829423559109558,1.4631255354595045
121.75,24.95,291.636,SSP3-7.0,2021-2040,-7.340400000000045,20.6727,-86.20260000000007,0.7144000000000013,4.8019,-0.9795999999999996,12.884799999999998,20.8242625,-92.27011249999998,0.48171250000000043,4.540274999999999,-0.6118124999999999,12.3358625,1.6829423559109558,1.526321315829296
121.75,25.0,272.5216,SSP3-7.0,2021-2040,-3.3553999999999746,21.143700000000003,-147.58539999999994,0.541999999999998,5.8592999999999975,-2.179599999999999,12.0804,21.406062499999997,-109.88428750000008,0.4339875000000002,4.826625,-1.0240749999999998,13.016299999999998,1.6829423559109558,1.5895170961990874
121.75,25.05,229.8115,SSP3-7.0,2021-2040,0.07789999999999964,21.782200000000003,-79.67410000000018,0.5182000000000002,4.849999999999998,-2.4369999999999994,13.121699999999999,22.213262500000003,-97.7928500000001,0.40121249999999975,4.723625,-0.9611124999999998,13.552999999999999,1.6829423559109558,1.652712876568879
121.75,25.1,211.3809,SSP3-7.0,2021-2040,2.9687000000000126,22.721300000000006,-68.99950000000035,0.2954000000000008,3.9963000000000015,-1.0832999999999995,14.086999999999998,22.6979125,-45.11240000000009,0.5402,4.3127375,-0.47037499999999977,14.1018875,1.6829423559109558,1.7159086569386703
121.75,25.15,200.9515,SSP3-7.0,2021-2040,0.9738999999999862,23.132200000000005,0.780500000000302,0.5783999999999985,3.7148000000000003,0.3741000000000003,14.130399999999998,23.05655,-62.6422125000002,0.426212500000001,4.1951375,-0.13542499999999968,14.512225,1.6829423559109558,1.7791044373084572
121.8,24.3,281.1604,SSP3-7.0,2021-2040,8.678899999999999,32.5104,45.78269999999975,1.5372999999999983,7.142600000000002,1.7462999999999997,16.313000000000002,29.3196875,50.81596250000001,1.4201625000000004,4.840275,1.65,12.9149375,1.788636195992177,0.704776171022021
121.8,24.35,308.6296,SSP3-7.0,2021-2040,-1.49939999999998,31.38320000000001,60.822000000000116,1.4396000000000022,5.2463000000000015,1.513,14.793500000000002,28.7977125,72.08833750000002,1.3718249999999994,4.65255,1.666425,13.152162500000001,1.788636195992177,0.7679719513918124
121.8,24.4,346.0626,SSP3-7.0,2021-2040,-7.2905999999999835,30.374300000000005,117.30029999999988,0.8830000000000027,2.4758999999999993,1.7278000000000002,14.758700000000001,28.686025,66.41925000000009,1.4404624999999998,5.093300000000001,1.6189749999999998,13.2671125,1.788636195992177,0.8311677317615993
121.8,24.45,295.8852,SSP3-7.0,2021-2040,-9.904899999999998,31.4818,70.32079999999996,1.634599999999999,6.5593,1.737,15.3674,28.256237500000005,71.23608750000005,1.3064375000000008,4.250225,1.4849749999999997,13.0826,1.788636195992177,0.8943635121313908
121.8,24.5,300.6507,SSP3-7.0,2021-2040,-20.816799999999944,27.603400000000008,-0.3568999999997686,1.1799,5.663,1.5296000000000003,12.8391,26.340475,70.03120000000007,1.1872624999999997,4.747,1.3499999999999996,12.2861375,1.788636195992177,0.9575592925011822
121.8,24.55,308.9933,SSP3-7.0,2021-2040,-2.1875,25.1393,61.72679999999991,0.7424999999999997,3.4037000000000006,1.4981000000000009,11.9913,26.817100000000003,66.1319250000002,1.0955,4.918050000000001,1.12455,12.802162500000001,1.788636195992177,1.0207550728709736
121.8,24.6,258.7833,SSP3-7.0,2021-2040,0.5350999999999999,26.761999999999993,126.50730000000021,1.376299999999997,4.794400000000003,0.9204000000000008,12.391300000000001,26.480900000000002,62.29911250000009,0.9602000000000008,4.343512500000001,0.8074000000000001,13.397287500000001,1.788636195992177,1.0839508532407651
121.8,24.65,237.7586,SSP3-7.0,2021-2040,0.02949999999998454,27.442300000000003,105.37159999999994,1.3216999999999999,3.9704000000000015,0.9369999999999994,14.986999999999998,26.92225,54.45303750000011,1.05335,4.6321625000000015,0.5928250000000002,13.9163,1.788636195992177,1.147146633610552
121.8,24.7,213.9866,SSP3-7.0,2021-2040,-4.930000000000007,26.604900000000008,30.887700000000223,1.0682999999999971,5.170400000000001,0.6814999999999998,13.906499999999998,26.767875,25.025087499999984,0.9680000000000004,4.6923625,0.4828625000000002,14.587775,1.788636195992177,1.2103424139803434
121.8,24.75,181.712,SSP3-7.0,2021-2040,1.5242000000000075,26.8425,-4.384299999999712,0.7258999999999993,4.520400000000002,0.48520000000000074,14.358699999999999,26.865325,30.449275,0.9977499999999995,4.7745375,0.7655000000000001,14.8595,1.788636195992177,1.273538194350135
121.8,24.8,184.8057,SSP3-7.0,2021-2040,-0.9247000000000014,27.033199999999994,32.083000000000084,1.0793,4.2759,0.9667000000000012,15.7413,25.192874999999997,8.906587500000057,0.8050125000000006,3.9453625,0.4331125,14.1399375,1.788636195992177,1.3367339747199263
121.8,24.85,211.9242,SSP3-7.0,2021-2040,-5.759200000000021,26.217999999999996,23.903600000000097,1.0534,3.461100000000002,0.17409999999999926,14.9283,23.956512500000002,6.242975000000058,0.8213500000000016,3.6962874999999995,0.4062500000000002,13.889125,1.788636195992177,1.3999297550897176
121.8,24.9,270.9585,SSP3-7.0,2021-2040,-10.192700000000002,20.850399999999993,-37.61990000000014,0.5279000000000025,2.468499999999999,-0.07220000000000049,11.556500000000002,22.7731625,-48.004912499999875,0.7008375000000009,3.3273124999999997,-0.0016125000000000167,13.180975,1.788636195992177,1.4631255354595045
121.8,24.95,286.0704,SSP3-7.0,2021-2040,-10.66640000000001,19.5751,-182.57519999999977,0.13370000000000104,2.9369999999999976,-0.27780000000000094,11.854299999999999,21.7737625,-107.82689999999997,0.49445000000000094,3.7388874999999997,-0.7344749999999998,12.452175,1.788636195992177,1.526321315829296
121.8,25.0,255.9441,SSP3-7.0,2021-2040,-9.8048,22.076300000000003,-194.89750000000004,0.08360000000000056,4.192600000000002,-1.4184999999999999,12.587,21.738325,-133.00231250000002,0.39868749999999986,4.088649999999999,-1.106475,12.511949999999999,1.788636195992177,1.5895170961990874
121.8,25.05,234.9002,SSP3-7.0,2021-2040,-7.946300000000008,22.740699999999997,-137.65700000000015,0.26099999999999923,4.461099999999998,-1.2019000000000002,13.334799999999998,22.852475000000005,-99.56690000000003,0.41998749999999996,4.146075,-1.0391,12.9722875,1.788636195992177,1.652712876568879
121.8,25.1,217.2597,SSP3-7.0,2021-2040,-1.2124000000000024,23.748200000000004,-66.63209999999981,0.3824000000000005,3.201900000000002,-0.12410000000000032,13.8413,23.189662500000004,-14.342737500000055,0.6836875,3.9036999999999997,-0.3782374999999998,13.42255,1.788636195992177,1.7159086569386703
121.8,25.15,197.1041,SSP3-7.0,2021-2040,5.572100000000006,23.2322,16.060099999999693,0.8866000000000014,3.761099999999999,0.9111000000000011,13.3391,23.4901625,59.45422500000001,1.0192625000000002,3.5277875,0.217125,13.831512499999999,1.788636195992177,1.7791044373084572
121.85,24.5,290.1548,SSP3-7.0,2021-2040,-19.859000000000037,29.6363,4.145100000000184,0.8521000000000001,5.185199999999998,1.3518999999999988,14.432599999999999,27.085875,64.53183750000011,1.1031624999999998,4.887275000000001,1.3738375,13.002175,1.8943300360733983,0.9575592925011822
121.85,24.55,274.5239,SSP3-7.0,2021-2040,-18.970500000000015,26.9413,-18.855199999999968,0.4974999999999987,5.0167,0.9925999999999995,11.8261,27.0549625,85.54715000000016,1.152775,4.67175,1.2375,13.398100000000001,1.8943300360733983,1.0207550728709736
121.85,24.6,253.7975,SSP3-7.0,2021-2040,-5.137700000000024,27.6122,71.2175000000002,0.8134000000000015,3.7444000000000024,1.4648000000000003,14.5348,26.902875,96.4801250000001,1.2163749999999998,4.403937500000001,0.9050875,13.502725000000002,1.8943300360733983,1.0839508532407651
121.85,24.65,236.8816,SSP3-7.0,2021-2040,6.810100000000006,26.962100000000007,101.25610000000006,1.458400000000001,3.6426000000000016,0.3888999999999996,14.408700000000001,27.141799999999996,59.532500000000084,1.0493624999999995,4.684475000000001,0.7492999999999999,13.888325,1.8943300360733983,1.147146633610552
121.85,24.7,202.0537,SSP3-7.0,2021-2040,1.7130999999999972,27.316799999999994,70.15650000000005,1.3221999999999987,5.140699999999999,0.7647999999999993,14.073900000000002,26.864162500000003,29.686712500000056,0.8930500000000001,4.445137500000001,0.6319375000000003,14.5350625,1.8943300360733983,1.2103424139803434
121.85,24.85,194.3985,SSP3-7.0,2021-2040,-5.982300000000009,26.016200000000005,19.359600000000228,0.9856000000000016,3.881499999999999,0.8277999999999999,14.4913,24.20745,1.547762500000033,0.9268375000000002,2.9740624999999996,0.2433000000000003,13.626900000000001,1.8943300360733983,1.3999297550897176
121.85,24.9,219.6486,SSP3-7.0,2021-2040,-14.883699999999976,24.779300000000006,-78.10669999999982,0.6605000000000025,3.1463,-0.1758999999999986,14.6413,22.9715875,-60.89854999999989,0.6452500000000003,2.8779999999999997,-0.0703750000000003,13.01005,1.8943300360733983,1.4631255354595045
121.85,24.95,244.5554,SSP3-7.0,2021-2040,-6.09559999999999,21.2729,-147.77509999999984,0.29779999999999873,1.7906999999999975,-0.2926000000000002,11.7304,23.0128875,-126.78735,0.3974125000000006,3.2081,-0.39490000000000003,12.7619625,1.8943300360733983,1.526321315829296
121.85,25.0,223.7946,SSP3-7.0,2021-2040,4.927899999999994,23.2517,-179.48730000000023,0.25360000000000227,4.3870000000000005,-0.7444000000000006,12.0935,22.8174,-127.51601249999999,0.3230874999999993,3.4455999999999998,-0.3997750000000002,12.532074999999999,1.8943300360733983,1.5895170961990874
121.85,25.05,209.6039,SSP3-7.0,2021-2040,4.06219999999999,23.467600000000004,-103.06179999999995,0.4687999999999981,3.6221999999999994,-0.738900000000001,12.9957,23.7521,-46.25749999999999,0.6001249999999998,3.8946875000000007,-0.0805499999999999,12.8043625,1.8943300360733983,1.652712876568879
121.85,25.1,189.4712,SSP3-7.0,2021-2040,3.5138999999999783,24.6288,43.80250000000024,0.8158999999999992,3.0593000000000004,0.41300000000000026,12.971700000000002,23.9118875,100.26673749999998,1.2636375,3.647225,0.5150250000000001,13.213049999999999,1.8943300360733983,1.7159086569386703
121.85,25.15,170.9226,SSP3-7.0,2021-2040,8.995100000000008,23.8123,214.00739999999996,1.6452000000000027,3.764800000000001,0.7370000000000001,13.4,23.800262500000002,86.48990000000003,1.1609124999999996,3.4046375,0.4210625000000001,13.39565,1.8943300360733983,1.7791044373084572
121.9,24.55,236.2946,SSP3-7.0,2021-2040,-6.402900000000017,28.335700000000003,103.66130000000021,1.250399999999999,4.7166999999999994,1.4778000000000002,14.2696,27.236075,64.99457500000011,1.0833125,4.523837500000001,1.0907375,13.420925,2.00002387615465,1.0207550728709736
121.9,24.6,197.3731,SSP3-7.0,2021-2040,12.743600000000015,27.231999999999992,174.31590000000006,1.7464000000000013,4.7407,0.5795999999999992,14.9435,27.6260875,70.43252500000011,1.1114999999999995,4.5263875,1.0372749999999997,13.8655,2.00002387615465,1.0839508532407651
121.9,24.9,208.899,SSP3-7.0,2021-2040,-14.6995,24.985999999999997,-78.00289999999995,0.785499999999999,2.4574,-0.2814999999999994,14.6022,23.847562500000002,-39.29283749999996,0.7778875000000001,2.9918999999999993,0.1713,12.766575,2.00002387615465,1.4631255354595045
121.9,24.95,213.5584,SSP3-7.0,2021-2040,-0.9475000000000193,24.711,-93.53780000000006,0.5022999999999982,2.7630000000000017,-0.6278000000000006,12.873899999999999,23.353275000000004,-109.09556249999997,0.4825750000000002,3.2789249999999996,-0.005549999999999944,12.726637499999999,2.00002387615465,1.526321315829296
121.9,25.0,206.9323,SSP3-7.0,2021-2040,-1.8523999999999887,23.8733,-170.07150000000001,0.23219999999999885,3.312999999999999,0.4389000000000003,11.886999999999999,24.217637500000002,-44.38218750000004,0.7050624999999993,3.805775,0.1604249999999996,12.7943,2.00002387615465,1.5895170961990874
121.9,25.05,177.6348,SSP3-7.0,2021-2040,3.802199999999999,24.8223,9.447799999999916,0.6052999999999997,4.4852000000000025,0.9204000000000008,12.993500000000001,24.571475,25.445712499999956,0.987837499999999,4.0280125,0.42431249999999987,12.7454,2.00002387615465,1.652712876568879
121.9,25.1,136.3095,SSP3-7.0,2021-2040,24.159699999999987,24.875499999999995,325.43510000000015,2.166999999999998,4.057400000000001,1.0722000000000005,12.7261,24.3680125,72.14030000000002,1.1282624999999997,3.4847375,0.7148124999999999,13.12555,2.00002387615465,1.7159086569386703
121.9,25.15,122.7288,SSP3-7.0,2021-2040,31.44059999999999,24.5963,544.5344,3.6928,1.8240999999999978,2.5443999999999996,13.073899999999998,24.322775,68.0193375,1.0193374999999998,3.8199125000000005,0.5898125000000001,13.2635875,2.00002387615465,1.7791044373084572
121.95,24.85,139.3408,SSP3-7.0,2021-2040,36.4709,25.0118,239.6023,2.1247999999999987,2.8573999999999984,0.9037000000000006,12.941299999999998,24.775462500000003,-37.48728749999992,0.8267874999999998,3.2863375,0.10787499999999994,13.6366875,2.105717716235871,1.3999297550897176
121.95,25.0,171.8806,SSP3-7.0,2021-2040,5.722500000000025,24.265600000000006,-46.19360000000006,0.8919999999999995,3.7148000000000003,0.36849999999999916,12.0109,24.976037499999997,-9.7568500000001,0.8611624999999992,4.0689875,0.3951500000000001,13.19295,2.105717716235871,1.5895170961990874
121.95,25.05,156.8258,SSP3-7.0,2021-2040,7.7897000000000105,25.995299999999993,105.09569999999985,1.1834999999999987,4.607399999999998,1.5277999999999992,13.8413,24.7586625,111.07394999999997,1.4231249999999989,3.9444500000000002,0.8166625000000001,12.8674125,2.105717716235871,1.652712876568879
122.0,25.0,141.2376,SSP3-7.0,2021-2040,9.220000000000027,25.954700000000003,100.45460000000003,1.437199999999999,5.075900000000001,0.8704000000000001,13.8152,24.967875,35.02742499999994,1.0321874999999987,3.8576500000000005,0.5594875000000001,13.0464875,2.2114115563170924,1.5895170961990874
122.0,25.05,132.0459,SSP3-7.0,2021-2040,17.834300000000013,26.214,228.04659999999967,1.8896999999999977,5.463000000000001,1.0574000000000012,13.437000000000001,24.88675,96.89558749999998,1.339037499999999,3.7301,0.8893499999999999,12.902725,2.2114115563170924,1.652712876568879
122.1,25.65,212.7383,SSP3-7.0,2021-2040,-2.033900000000017,27.5047,8.267200000000003,0.1664999999999992,6.866699999999998,1.0907,13.810900000000002,24.2528375,134.04058749999996,1.3516625,4.04375,0.7215125000000002,13.906250000000002,2.422799236479535,2.4110622410063627
119.45,23.2,88.1242,SSP3-7.0,2041-2060,-7.287599999999998,89.5275,-17.308099999999968,-0.21080000000000076,7.520399999999995,0.8426,46.637,88.7665125,-46.597025000000016,-0.7623500000000005,4.087975,1.6111125,46.4861375,-3.1789742878254956,-0.6855309971133726
119.5,23.35,140.2317,SSP3-7.0,2041-2060,-8.121699999999976,88.6551,-47.14319999999998,-0.6809000000000012,3.072199999999995,1.7204000000000006,46.521699999999996,88.8755625,-42.867637500000015,-0.7035875000000005,4.644,1.5013874999999999,46.50055,-3.073280447744274,-0.4959436560039983
119.5,23.4,139.9822,SSP3-7.0,2041-2060,-11.2457,88.686,-49.89880000000005,-0.7631000000000014,2.8740999999999985,1.7443999999999997,46.849999999999994,88.958875,-45.26808750000001,-0.7609000000000006,4.059262500000001,1.43565,46.8057125,-3.073280447744274,-0.43274787563421135
119.5,23.5,143.6065,SSP3-7.0,2041-2060,-19.455700000000007,89.33010000000002,-56.10270000000003,-1.1911000000000023,2.283299999999997,1.7537000000000003,48.3391,88.86182500000001,-45.965750000000014,-0.7042250000000005,3.3331000000000017,1.562725,46.9733625,-3.073280447744274,-0.3063563148946285
119.5,23.6,133.4372,SSP3-7.0,2041-2060,-18.45219999999999,88.5642,-37.42059999999992,-0.8229000000000006,2.6296000000000106,1.3037,47.1413,88.984,-44.32720000000003,-0.6695250000000006,3.4277750000000005,1.4946624999999998,47.3233625,-3.073280447744274,-0.17996475415504562
119.5,23.65,131.2561,SSP3-7.0,2041-2060,-16.625200000000007,88.94130000000001,-31.8048,-0.5707000000000022,3.0648000000000053,1.4463,47.4391,88.7667,-41.18330000000003,-0.6137125000000001,3.6331000000000007,1.4027624999999997,47.362225,-3.073280447744274,-0.11676897378525869
119.55,23.35,139.2331,SSP3-7.0,2041-2060,-11.368500000000012,88.7927,-51.742200000000025,-0.7552999999999983,4.001900000000006,1.3500000000000005,46.4261,88.85836250000001,-42.29276250000001,-0.6942875000000008,4.527787499999999,1.5476874999999999,46.512499999999996,-2.967586607663053,-0.4959436560039983
119.55,23.55,151.4465,SSP3-7.0,2041-2060,-23.330399999999997,89.36359999999999,-62.131500000000074,-0.9964000000000013,4.259299999999996,1.8037,46.8196,88.8861,-42.97783750000001,-0.6856000000000004,3.293962500000003,1.4627249999999998,47.1133125,-2.967586607663053,-0.24316053452483705
119.55,23.65,133.0819,SSP3-7.0,2041-2060,-18.533599999999993,88.8423,-33.8125,-0.6237999999999992,3.1500000000000057,1.3295999999999992,46.913,88.86488750000001,-41.52932500000003,-0.5922500000000004,3.839587500000002,1.4147999999999998,47.2453875,-2.967586607663053,-0.11676897378525869
119.6,23.25,136.6252,SSP3-7.0,2041-2060,-9.484100000000012,88.3372,-33.90110000000004,-0.7484999999999999,4.803700000000006,1.0629999999999997,45.9413,88.9153,-44.52290000000001,-0.6951375000000006,4.427562499999999,1.5835625000000002,46.5731,-2.8618927675818315,-0.6223352167435812
119.6,23.55,143.8459,SSP3-7.0,2041-2060,-21.1246,89.10060000000001,-56.39530000000002,-0.6813000000000002,3.9037000000000006,1.6480999999999995,46.6196,88.8837,-44.325,-0.725562500000001,3.5224375000000023,1.4425999999999999,46.9513625,-2.8618927675818315,-0.24316053452483705
119.6,23.6,141.1564,SSP3-7.0,2041-2060,-20.938999999999993,88.74149999999999,-49.11930000000007,-0.49469999999999814,3.711100000000002,1.5055999999999994,47.482600000000005,88.870675,-42.046462500000004,-0.6455750000000005,3.964350000000003,1.4062374999999998,46.81985,-2.8618927675818315,-0.17996475415504562
119.6,23.65,136.5514,SSP3-7.0,2041-2060,-20.3262,88.8878,-37.865600000000086,-0.37209999999999965,4.190700000000007,1.2832999999999997,46.6261,88.72315,-36.41222500000002,-0.5286125000000004,3.901625000000001,1.3409624999999998,47.480425,-2.8618927675818315,-0.11676897378525869
119.6,23.7,132.8465,SSP3-7.0,2041-2060,-18.284499999999994,88.66479999999999,-27.385899999999992,-0.4261000000000017,2.8592999999999904,1.1870000000000003,48.3478,88.683975,-35.35035000000002,-0.5395625000000002,3.9087875000000043,1.3099499999999997,47.330425000000005,-2.8618927675818315,-0.053573193415467256
119.6,23.75,131.5149,SSP3-7.0,2041-2060,-17.948600000000013,87.96879999999999,-25.335700000000088,-0.49239999999999995,4.361099999999993,1.1611000000000002,48.9478,88.77097499999999,-35.60662500000001,-0.5312750000000004,3.721062500000004,1.3131874999999997,47.255425,-2.8618927675818315,0.009622586954324176
119.65,23.25,154.9015,SSP3-7.0,2041-2060,-5.539600000000007,87.8668,-15.461399999999912,-0.28219999999999956,7.505600000000001,1.8056,44.3717,88.83005,-41.3404625,-0.713862500000001,3.9495375,1.38195,46.66386249999999,-2.7561989275005803,-0.6223352167435812
119.65,23.55,137.1792,SSP3-7.0,2041-2060,-19.63000000000001,88.68100000000001,-41.30189999999993,-0.7282000000000011,3.4184999999999945,1.4314999999999998,46.345699999999994,88.8865625,-42.51177500000003,-0.5926500000000003,4.1250000000000036,1.3962874999999997,46.85055,-2.7561989275005803,-0.24316053452483705
119.65,23.6,135.7117,SSP3-7.0,2041-2060,-19.623100000000008,88.8706,-37.33269999999993,-0.5661000000000023,4.064800000000005,1.3093000000000004,46.6065,88.7755125,-38.66472500000002,-0.5416250000000002,3.8692125000000015,1.3344749999999996,47.00897499999999,-2.7561989275005803,-0.17996475415504562
119.65,23.65,133.1052,SSP3-7.0,2041-2060,-18.304199999999994,88.65530000000001,-30.111600000000067,-0.37379999999999924,6.098200000000006,1.1406999999999998,47.487,88.802425,-39.5673625,-0.5656625000000006,3.6150375000000015,1.3555499999999996,46.898912499999994,-2.7561989275005803,-0.11676897378525869
119.7,23.55,133.6888,SSP3-7.0,2041-2060,-18.37849999999999,88.6308,-33.32569999999998,-0.6330000000000027,3.6222000000000065,1.1499999999999995,46.25,88.8928375,-43.50880000000002,-0.6045500000000001,4.099537500000002,1.4314749999999998,46.862512499999994,-2.6505050874193588,-0.24316053452483705
120.0,23.45,147.1014,SSP3-7.0,2041-2060,-9.572700000000026,88.42649999999999,-20.00780000000009,-0.7895000000000003,4.3740999999999985,1.5519000000000007,48.508700000000005,89.1211375,-10.388349999999988,-0.04532500000000006,2.3750124999999986,1.5532374999999998,49.0223,-2.016342046932001,-0.3695520952644199
120.05,23.05,151.7014,SSP3-7.0,2041-2060,3.8430999999999926,87.0557,-36.602300000000014,0.1512999999999991,3.0666999999999973,0.4037000000000006,44.76519999999999,88.30907499999999,-20.306662499999987,0.7270250000000007,5.755087499999999,0.9967500000000002,47.012212500000004,-1.9106482068507795,-0.8751183382227424
120.05,23.1,160.5833,SSP3-7.0,2041-2060,2.4473999999999876,88.17869999999999,-60.72260000000006,0.08440000000000225,6.946300000000008,0.5480999999999998,44.8783,88.8239375,-26.616574999999983,0.44352500000000017,5.177087499999997,1.0007000000000001,47.61085,-1.9106482068507795,-0.811922557852951
120.05,23.15,161.5848,SSP3-7.0,2041-2060,2.8947000000000003,86.3561,-51.62739999999985,-0.15630000000000166,7.5685,0.7667000000000002,44.3717,88.8127125,-25.636612500000012,0.29345000000000043,5.287974999999999,1.0057875000000003,47.347825,-1.9106482068507795,-0.748726777483164
120.05,23.5,152.7158,SSP3-7.0,2041-2060,-7.552999999999997,89.40310000000001,-16.132600000000025,-0.686399999999999,3.481499999999997,1.7092999999999998,50.6609,88.672125,-7.904462500000008,0.2629999999999999,2.0407625000000014,1.5023125,49.935075,-1.9106482068507795,-0.3063563148946285
120.1,23.05,164.0755,SSP3-7.0,2041-2060,10.080600000000004,87.6265,-13.853500000000167,0.7822999999999993,3.7963000000000022,0.7648000000000001,47.9543,88.33318750000001,-14.730174999999974,0.865237500000001,5.415974999999999,1.0333250000000003,46.94565,-1.8049543667695582,-0.8751183382227424
120.1,23.1,164.0134,SSP3-7.0,2041-2060,4.090900000000005,89.36779999999999,-42.11079999999993,0.547900000000002,7.692599999999999,0.7185000000000006,48.1087,88.700125,-24.09268750000001,0.6082750000000003,5.1027749999999985,0.9949000000000002,47.223625,-1.8049543667695582,-0.811922557852951
120.1,23.15,162.4066,SSP3-7.0,2041-2060,5.976200000000006,90.6075,-34.534000000000106,0.12260000000000204,6.942599999999992,1.5204000000000004,48.6326,89.001,-28.29238749999996,0.5317875000000005,5.2662,0.9662000000000001,47.8747125,-1.8049543667695582,-0.748726777483164
120.1,23.2,171.3221,SSP3-7.0,2041-2060,1.0057999999999936,88.23580000000001,-3.4670999999998457,-0.17849999999999966,3.713000000000001,1.1740999999999993,47.05,89.084775,-22.53756249999995,0.3611,5.746524999999998,1.1669125,48.0627625,-1.8049543667695582,-0.6855309971133726
120.1,23.25,167.5961,SSP3-7.0,2041-2060,-1.9735000000000014,87.5617,7.4827000000000226,-0.08190000000000097,5.620400000000004,1.4314999999999998,45.9957,89.07582500000001,-13.608199999999954,0.2497875000000005,4.3923625,1.1888874999999997,48.285875,-1.8049543667695582,-0.6223352167435812
120.1,23.3,161.8927,SSP3-7.0,2041-2060,-4.029699999999991,87.39200000000001,11.46530000000007,-0.24190000000000111,2.6758999999999986,1.6129999999999995,46.1652,88.6074625,-7.289599999999979,0.19946249999999965,4.4324125,1.2624999999999995,47.7271875,-1.8049543667695582,-0.5591394363737897
120.1,23.35,160.5993,SSP3-7.0,2041-2060,-7.7938000000000045,89.3468,-4.029899999999998,-0.5940000000000012,0.02589999999999293,1.3647999999999998,47.3283,88.5945375,-8.807412499999998,0.3086375000000001,4.265525000000001,1.4286999999999996,47.938050000000004,-1.8049543667695582,-0.4959436560039983
120.1,23.55,158.8799,SSP3-7.0,2041-2060,-12.04419999999999,88.08630000000001,-3.9105999999999312,-0.31099999999999994,0.762999999999991,1.5148000000000001,50.187,88.1753125,1.875150000000005,0.40621249999999964,0.7220000000000013,1.4331125,50.1106125,-1.8049543667695582,-0.24316053452483705
120.1,23.65,147.0171,SSP3-7.0,2041-2060,-11.3887,86.6518,20.224199999999996,0.7045999999999992,-3.2889000000000124,1.0741000000000005,46.7957,86.3537875,11.656775000000025,0.6912249999999998,0.9217624999999998,1.3150625000000002,49.577462499999996,-1.8049543667695582,-0.11676897378525869
120.15,22.9,182.8242,SSP3-7.0,2041-2060,5.016400000000004,85.6697,-10.179699999999912,1.3910000000000018,6.211099999999988,0.7036999999999995,45.093500000000006,89.1588375,-1.5585124999999493,1.5382499999999992,6.723375,1.0808000000000004,47.4103125,-1.699260526688307,-1.0647056793321166
120.15,22.95,183.9828,SSP3-7.0,2041-2060,7.267699999999991,84.93220000000001,-4.6732999999999265,1.4421,7.370399999999989,0.8463000000000003,45.4304,87.80691250000001,5.096187500000042,1.5023500000000003,6.1284624999999995,1.3118125000000003,46.6519,-1.699260526688307,-1.0015098989623252
120.15,23.0,179.0614,SSP3-7.0,2041-2060,12.571400000000011,86.42750000000001,14.511400000000094,1.4728999999999992,5.118499999999997,1.185200000000001,46.363,87.0184875,2.1397499999999923,1.4297625000000007,5.804174999999999,1.277775,46.485325,-1.699260526688307,-0.9383141185925338
120.15,23.05,168.845,SSP3-7.0,2041-2060,19.766099999999994,88.43439999999998,35.33580000000006,1.6030000000000015,3.8648000000000025,1.2980999999999998,47.182599999999994,88.55188749999999,-11.655912500000028,1.2285500000000007,5.534487499999999,1.2076500000000001,47.743187500000005,-1.699260526688307,-0.8751183382227424
120.15,23.1,171.8789,SSP3-7.0,2041-2060,8.313400000000001,89.47409999999999,-9.452199999999948,1.3594000000000008,4.111099999999993,1.1722000000000001,48.6065,89.6454,-15.444687500000015,0.962800000000001,5.665275,1.1567125000000003,48.6768875,-1.699260526688307,-0.811922557852951
120.15,23.15,172.6805,SSP3-7.0,2041-2060,1.7916999999999916,91.868,-21.285300000000007,0.9194999999999993,4.525899999999993,1.4852000000000007,51.397800000000004,90.2483125,-29.082674999999995,0.6893625000000014,5.7004625,1.1363500000000002,49.1646625,-1.699260526688307,-0.748726777483164
120.15,23.2,173.6379,SSP3-7.0,2041-2060,1.0457000000000107,90.90100000000001,-23.820199999999886,0.8956000000000017,3.775900000000007,1.0999999999999996,50.630399999999995,89.95726250000001,-26.29136249999999,0.5026375000000005,5.848849999999999,1.2099625,49.182075,-1.699260526688307,-0.6855309971133726
120.15,23.25,176.7822,SSP3-7.0,2041-2060,-2.62439999999998,88.6241,-25.870799999999917,0.8832999999999984,7.170399999999994,0.6999999999999993,49.2,88.80905000000001,-14.687724999999972,0.30620000000000047,4.995137500000003,1.2282499999999996,48.3559875,-1.699260526688307,-0.6223352167435812
120.15,23.3,164.996,SSP3-7.0,2041-2060,-2.4932000000000016,87.83990000000001,6.167799999999943,0.22620000000000218,5.607400000000013,1.2943999999999996,47.5848,88.60765,-12.564474999999959,0.25096249999999953,4.414349999999998,1.2080999999999995,47.96115,-1.699260526688307,-0.5591394363737897
120.15,23.35,166.8912,SSP3-7.0,2041-2060,-6.9698999999999955,90.2253,-0.8897999999999229,0.21640000000000015,2.7258999999999958,1.3221999999999996,48.26520000000001,88.317725,-17.553187500000007,0.32753750000000004,4.487275,1.3465374999999997,47.7885875,-1.699260526688307,-0.4959436560039983
120.15,23.4,167.3857,SSP3-7.0,2041-2060,-8.745600000000024,89.4047,-13.590200000000095,0.8003,3.709299999999999,1.7036999999999995,47.845699999999994,88.8638375,-17.373175000000003,0.34421250000000025,4.093987500000001,1.3469749999999998,48.6013625,-1.699260526688307,-0.43274787563421135
120.15,23.45,169.7463,SSP3-7.0,2041-2060,-13.311199999999985,89.5314,-25.52780000000007,0.20899999999999963,2.955600000000004,1.4332999999999991,50.6522,89.2403375,-15.250312500000007,0.5886499999999999,3.534975,1.4453749999999999,49.5323375,-1.699260526688307,-0.3695520952644199
120.15,23.5,182.3152,SSP3-7.0,2041-2060,-22.793599999999998,89.5795,-30.491199999999935,0.245000000000001,2.663000000000011,1.7648000000000001,51.073899999999995,88.90775,-4.458037500000032,0.48260000000000014,1.9724624999999998,1.46365,50.673387500000004,-1.699260526688307,-0.3063563148946285
120.15,23.55,169.2276,SSP3-7.0,2041-2060,-19.8005,87.7931,-1.1576000000000022,0.2215999999999987,-0.14260000000000161,1.6277999999999997,50.2174,88.3425,2.547399999999996,0.5404374999999999,1.2192249999999998,1.4115875,50.813599999999994,-1.699260526688307,-0.24316053452483705
120.15,23.6,154.9187,SSP3-7.0,2041-2060,-11.682299999999998,86.0164,29.44370000000015,0.7457999999999991,-0.42779999999999063,1.2444000000000006,49.537,87.52455,8.247874999999993,0.5465,0.45857499999999796,1.2984125,49.950562500000004,-1.699260526688307,-0.17996475415504562
120.15,23.65,152.2337,SSP3-7.0,2041-2060,-11.711299999999994,85.95330000000001,33.94839999999999,1.3690999999999995,0.5519000000000034,1.0055999999999994,48.965199999999996,86.50483750000001,9.7695875,0.8233624999999996,0.48726249999999993,1.2046500000000002,49.2905,-1.699260526688307,-0.11676897378525869
120.15,23.7,159.0972,SSP3-7.0,2041-2060,-14.972399999999993,85.9101,18.1545000000001,1.2993999999999986,-1.0852000000000004,1.4278000000000004,48.230399999999996,86.06555,11.846874999999997,0.935775,1.0243000000000002,1.0349750000000002,49.470125,-1.699260526688307,-0.053573193415467256
120.15,23.75,155.5938,SSP3-7.0,2041-2060,-17.686399999999992,84.78550000000001,1.4296000000000504,0.6918000000000006,2.833299999999994,1.1926000000000005,50.337,85.51472500000001,-0.04225000000000989,0.9380874999999995,1.6411999999999995,1.026175,50.42255,-1.699260526688307,0.009622586954324176
120.15,23.8,149.9186,SSP3-7.0,2041-2060,-17.195699999999988,83.01820000000001,-12.294200000000046,0.6457999999999977,2.6129999999999995,0.9814999999999996,51.576100000000004,84.410325,-15.09443749999997,0.7311999999999999,1.2652625000000004,1.1451500000000001,51.062237499999995,-1.699260526688307,0.0728183673241156
120.2,22.8,197.0965,SSP3-7.0,2041-2060,2.3274000000000115,96.41199999999999,-10.392399999999952,1.1953999999999994,6.155599999999993,0.5556000000000001,49.699999999999996,94.4261625,-18.83303749999996,1.0760499999999995,6.891425000000002,0.9733875000000003,49.887212500000004,-1.5935666866070857,-1.191097240071695
120.2,22.85,199.0056,SSP3-7.0,2041-2060,3.6650000000000205,93.6531,-14.562900000000127,1.5371999999999986,7.3759000000000015,0.5019,49.521699999999996,91.2947875,-10.177824999999928,1.2828749999999998,6.440974999999999,0.96135,48.2415875,-1.5935666866070857,-1.1279014597019037
120.2,22.9,190.9749,SSP3-7.0,2041-2060,8.054200000000009,89.7048,-19.377399999999852,1.2692999999999977,7.803700000000006,1.463,47.3152,89.262575,-2.8248124999999504,1.6597,6.843512499999998,1.0252375000000002,47.4152125,-1.5935666866070857,-1.0647056793321166
120.2,22.95,197.0414,SSP3-7.0,2041-2060,5.530499999999989,85.8305,-1.4248000000000047,1.0634000000000015,6.692600000000006,1.4426000000000005,45.3522,87.8915375,0.6439750000000402,1.6161249999999998,6.481712499999998,1.2912125000000003,46.7576,-1.5935666866070857,-1.0015098989623252
120.2,23.0,195.1873,SSP3-7.0,2041-2060,4.324700000000007,86.52510000000001,-6.786400000000185,1.4414000000000016,6.899999999999999,2.016700000000001,45.8913,87.96503750000001,7.771712500000035,1.5823500000000004,5.7532375,1.3761625,46.945100000000004,-1.5935666866070857,-0.9383141185925338
120.2,23.05,177.4156,SSP3-7.0,2041-2060,13.61869999999999,87.1198,15.7333000000001,1.580400000000001,5.5852,1.4203999999999999,47.0283,89.404675,-5.891687500000046,1.5030000000000006,5.263887499999999,1.3365749999999998,48.02525,-1.5935666866070857,-0.8751183382227424
120.2,23.1,182.2399,SSP3-7.0,2041-2060,7.7438999999999965,90.2988,-21.39740000000006,1.296800000000001,5.777800000000006,0.7814999999999994,48.8043,90.5671625,-14.927287500000006,1.2251250000000007,4.977074999999998,1.2930499999999998,49.4752625,-1.5935666866070857,-0.811922557852951
120.2,23.15,197.3576,SSP3-7.0,2041-2060,-4.67179999999999,91.84040000000002,-41.44560000000001,0.8499000000000017,7.137000000000008,1.2648000000000001,50.3065,90.93618750000002,-30.265400000000028,0.9337500000000007,4.926624999999999,1.2129625,50.3206375,-1.5935666866070857,-0.748726777483164
120.2,23.2,193.4613,SSP3-7.0,2041-2060,-9.076999999999998,91.2611,-56.43410000000017,0.6212000000000018,6.453699999999998,1.359300000000001,51.17829999999999,90.20748750000001,-34.897449999999964,0.7120000000000006,5.164350000000001,1.1863249999999999,50.331787500000004,-1.5935666866070857,-0.6855309971133726
120.2,23.25,181.3037,SSP3-7.0,2041-2060,-7.153599999999983,89.6595,-34.77669999999989,0.8850000000000016,5.227800000000002,0.7443999999999997,49.6957,88.7951,-36.3559875,0.47490000000000077,5.645600000000002,1.2655124999999998,49.6342375,-1.5935666866070857,-0.6223352167435812
120.2,23.3,176.4082,SSP3-7.0,2041-2060,-13.644199999999984,87.6214,-24.119500000000016,0.3238999999999983,6.8870000000000005,1.1092999999999993,48.547799999999995,88.44585000000001,-33.918499999999966,0.5257000000000009,5.209500000000001,1.1691999999999998,48.8943,-1.5935666866070857,-0.5591394363737897
120.2,23.35,181.8558,SSP3-7.0,2041-2060,-15.371699999999976,88.4304,-29.77710000000002,0.6169000000000011,4.981499999999997,1.3796,48.491299999999995,88.47505000000001,-27.43701249999998,0.5124125000000004,5.204175000000002,1.3210749999999998,48.5788,-1.5935666866070857,-0.4959436560039983
120.2,23.4,177.111,SSP3-7.0,2041-2060,-11.919699999999978,88.37089999999998,-25.790199999999913,0.7241,5.8481999999999985,1.2518999999999991,48.5043,89.10761250000002,-26.54566250000002,0.6013625,4.5266375000000005,1.360175,48.955712500000004,-1.5935666866070857,-0.43274787563421135
120.2,23.45,179.4661,SSP3-7.0,2041-2060,-14.792600000000022,88.0427,-29.399000000000115,0.6706000000000003,5.9741,1.4574000000000007,48.3283,89.661925,-19.704525000000018,0.6743875000000004,3.9442375000000016,1.4386499999999998,50.22255,-1.5935666866070857,-0.3695520952644199
120.2,23.5,174.421,SSP3-7.0,2041-2060,-14.755300000000005,90.53909999999999,2.0057999999999083,0.982800000000001,2.4314999999999998,1.1778000000000004,51.4587,89.51557500000001,-17.065612500000043,0.48896249999999997,2.942375,1.5590249999999997,51.0285375,-1.5935666866070857,-0.3063563148946285
120.2,23.55,178.3221,SSP3-7.0,2041-2060,-19.800600000000003,90.47390000000001,4.694099999999935,0.44099999999999895,-0.01670000000000016,1.6056,52.982600000000005,88.7188875,-3.810612500000005,0.5475750000000006,1.6844999999999999,1.4368125,50.990775,-1.5935666866070857,-0.24316053452483705
120.2,23.6,175.7264,SSP3-7.0,2041-2060,-22.2654,86.13399999999999,4.829199999999901,0.4756999999999998,0.9962999999999909,1.3019000000000007,49.9196,87.854,4.655762500000009,0.6587749999999999,1.4113500000000023,1.3240999999999998,50.7834375,-1.5935666866070857,-0.17996475415504562
120.2,23.65,157.1646,SSP3-7.0,2041-2060,-12.401900000000012,86.1516,10.516999999999939,1.0374000000000017,3.8852000000000118,1.2055999999999996,49.2261,86.8088625,8.737812500000018,0.9123749999999999,1.2990750000000002,1.0553500000000002,49.97555,-1.5935666866070857,-0.11676897378525869
120.2,23.7,156.8797,SSP3-7.0,2041-2060,-12.176800000000014,85.84790000000001,13.043299999999931,1.4558,0.23329999999999984,0.5815000000000001,48.7543,86.14166250000001,2.0408999999999935,0.8988125,2.4057875000000006,1.1280375,50.2578875,-1.5935666866070857,-0.053573193415467256
120.2,23.75,158.5914,SSP3-7.0,2041-2060,-17.628299999999996,84.9949,-4.373900000000049,0.6086999999999989,-1.0685000000000002,1.3204000000000002,50.702200000000005,85.32045000000001,-8.709274999999991,0.8687499999999999,1.9828499999999991,1.0183000000000002,50.903262500000004,-1.5935666866070857,0.009622586954324176
120.2,23.8,159.4839,SSP3-7.0,2041-2060,-19.499200000000002,84.58930000000001,-22.365299999999934,0.5884,1.4832999999999998,1.1944,52.1935,84.08357500000001,-17.7450125,0.6667249999999996,2.0233749999999997,1.0731625,51.365775,-1.5935666866070857,0.0728183673241156
120.2,23.85,150.5228,SSP3-7.0,2041-2060,-17.115399999999994,82.05709999999999,-24.49599999999998,0.5627999999999993,1.6574000000000098,0.9352,51.3674,82.6096125,-23.03143750000001,0.7810374999999996,0.9194499999999994,1.1034625,50.5617,-1.5935666866070857,0.13601414769390704
120.25,22.6,206.2164,SSP3-7.0,2041-2060,-7.3962999999999965,102.51039999999999,-59.19060000000013,0.8056000000000019,9.001899999999992,1.8796,53.232600000000005,98.10887500000001,-77.94975000000002,0.6355,8.445599999999999,2.2981375,50.9312375,-1.4878728465258642,-1.4438803615508562
120.25,22.65,214.8677,SSP3-7.0,2041-2060,-4.498800000000017,98.5205,-38.78909999999996,1.175699999999999,9.049999999999997,1.7833000000000006,52.7348,98.6902125,-67.75725000000006,0.6842750000000004,8.225000000000001,1.8930500000000003,51.793737500000006,-1.4878728465258642,-1.3806845811810693
120.25,22.7,222.8883,SSP3-7.0,2041-2060,-4.106299999999976,95.4102,-20.23980000000006,0.8688000000000002,5.5,1.359300000000001,50.6587,97.7712,-48.4816625,0.8239000000000001,8.2300875,1.4032250000000002,51.71167500000001,-1.4878728465258642,-1.317488800811278
120.25,22.75,220.3806,SSP3-7.0,2041-2060,-3.5771999999999764,97.05279999999999,-23.406200000000126,0.7370000000000019,7.042600000000007,1.027800000000001,50.554300000000005,96.90180000000001,-29.23799999999997,0.9880125,7.0004624999999985,1.1486125000000003,51.326074999999996,-1.4878728465258642,-1.2542930204414864
120.25,22.8,217.3803,SSP3-7.0,2041-2060,-3.7605000000000075,97.047,-13.048299999999927,0.838000000000001,4.757400000000004,0.8684999999999992,50.6087,94.9968,-18.996399999999994,1.1442374999999996,6.942587499999999,1.0405250000000006,50.25325,-1.4878728465258642,-1.191097240071695
120.25,22.85,205.1626,SSP3-7.0,2041-2060,2.5585000000000093,92.85929999999999,-15.63169999999991,1.7432999999999979,6.988900000000001,0.8222000000000005,49.2826,93.4715375,-13.475437499999941,1.2992999999999997,6.602074999999999,0.9884375000000001,49.4861375,-1.4878728465258642,-1.1279014597019037
120.25,22.9,205.1656,SSP3-7.0,2041-2060,0.9271999999999991,90.47259999999999,-0.9257999999999811,1.762599999999999,6.349999999999994,0.9000000000000004,48.952200000000005,90.6679375,-4.075862499999943,1.6483249999999994,7.152537500000002,1.2370500000000002,48.150262500000004,-1.4878728465258642,-1.0647056793321166
120.25,22.95,208.7716,SSP3-7.0,2041-2060,-0.011799999999993815,89.39070000000001,29.616400000000112,2.0152,6.087000000000003,1.4852000000000007,47.0652,89.6654375,-4.786037499999992,1.7999,6.709725000000001,1.5717625000000002,48.23315,-1.4878728465258642,-1.0015098989623252
120.25,23.0,207.0415,SSP3-7.0,2041-2060,-3.7893000000000256,90.00970000000001,2.9665999999999713,2.134499999999999,6.013000000000005,1.7295999999999996,47.95,89.62905,-9.661137500000024,1.5715375000000007,6.0701374999999995,1.6967750000000001,48.58777500000001,-1.4878728465258642,-0.9383141185925338
120.25,23.05,201.4759,SSP3-7.0,2041-2060,-0.913899999999984,91.5755,-29.891700000000128,1.3473000000000006,5.294399999999996,1.6018999999999988,49.189099999999996,90.8230125,-22.357337500000057,1.5036500000000008,5.658575,1.5240749999999998,49.7220125,-1.4878728465258642,-0.8751183382227424
120.25,23.1,193.5872,SSP3-7.0,2041-2060,-0.15350000000000819,92.49230000000001,-32.41960000000017,1.3687000000000005,5.031499999999994,0.9073999999999991,50.215199999999996,91.3274,-33.38046250000002,1.1515000000000009,5.547687500000001,1.3759249999999996,50.3092375,-1.4878728465258642,-0.811922557852951
120.25,23.15,192.8901,SSP3-7.0,2041-2060,-1.0906999999999982,91.7328,-35.99299999999994,0.7728000000000002,4.2667,1.1944,51.8761,90.9512875,-38.331600000000066,0.9719875000000009,5.688887500000001,1.2932874999999995,50.309775,-1.4878728465258642,-0.748726777483164
120.25,23.2,198.0553,SSP3-7.0,2041-2060,-9.810899999999975,89.46140000000001,-41.32140000000004,0.23600000000000065,5.470399999999998,1.7036999999999995,49.8565,89.665875,-40.363512499999985,0.6988125000000007,4.759950000000003,1.3235999999999999,50.15545,-1.4878728465258642,-0.6855309971133726
120.25,23.25,200.0552,SSP3-7.0,2041-2060,-13.596700000000027,87.5727,-54.66660000000002,0.25390000000000157,3.740700000000004,1.2980999999999998,49.6913,88.171175,-50.574799999999954,0.39017500000000016,5.4296375,1.4472375,49.695387499999995,-1.4878728465258642,-0.6223352167435812
120.25,23.3,181.8647,SSP3-7.0,2041-2060,-11.967700000000008,87.0792,-70.78309999999988,0.35910000000000153,6.0593,1.5593000000000004,50.3848,87.64585,-53.52847499999996,0.3974375000000001,5.031712500000001,1.2796249999999998,48.96875,-1.4878728465258642,-0.5591394363737897
120.25,23.35,175.3702,SSP3-7.0,2041-2060,-9.295800000000014,88.13570000000001,-60.75170000000003,0.764800000000001,6.163000000000004,1.0556,47.841300000000004,87.803225,-50.67841249999995,0.4847874999999999,5.661812500000001,1.3192249999999999,49.340475,-1.4878728465258642,-0.4959436560039983
120.25,23.4,177.6964,SSP3-7.0,2041-2060,-9.696300000000008,89.1233,-29.739399999999932,0.6844999999999999,4.6333000000000055,1.2722000000000007,49.6565,88.6354375,-39.50243750000001,0.6670124999999998,5.3007125,1.30395,49.2144,-1.4878728465258642,-0.43274787563421135
120.25,23.45,174.0829,SSP3-7.0,2041-2060,-7.2216999999999985,89.9674,-22.69029999999998,0.848399999999998,5.070399999999999,1.2573999999999996,50.565200000000004,89.51894999999999,-23.62223750000001,0.7233750000000003,4.917375000000001,1.4095,50.24782499999999,-1.4878728465258642,-0.3695520952644199
120.25,23.5,175.4561,SSP3-7.0,2041-2060,-13.71169999999998,90.7791,-11.812900000000127,0.9010000000000034,4.242599999999996,1.6480999999999995,52.0239,89.814875,-16.989137500000055,0.6098249999999998,3.6669124999999996,1.5078874999999998,51.077725,-1.4878728465258642,-0.3063563148946285
120.25,23.55,180.6196,SSP3-7.0,2041-2060,-22.1806,89.95750000000001,-20.14020000000005,0.37509999999999977,2.792599999999993,1.6777999999999995,52.3848,89.176075,-3.9851250000000675,0.6488500000000008,2.6831125,1.42015,51.370112500000005,-1.4878728465258642,-0.24316053452483705
120.25,23.6,176.2028,SSP3-7.0,2041-2060,-22.820899999999995,88.95239999999998,-3.1616999999998825,0.433600000000002,0.9204000000000008,1.0518999999999998,51.3109,88.08775,-2.6593625000000856,0.65035,2.712975,1.41715,51.3331625,-1.4878728465258642,-0.17996475415504562
120.25,23.65,168.6701,SSP3-7.0,2041-2060,-20.550600000000003,87.53380000000001,-16.89760000000001,0.6465999999999994,3.727800000000002,1.1741000000000001,51.6435,87.3090125,3.489912499999946,0.8368125000000006,2.5851875,1.0822000000000003,50.908699999999996,-1.4878728465258642,-0.11676897378525869
120.25,23.7,176.4131,SSP3-7.0,2041-2060,-22.7277,88.12300000000002,-9.457300000000032,0.8730000000000011,5.475899999999996,0.6556000000000006,51.4435,86.57277500000001,-2.2390000000000327,0.8651125,2.5185250000000012,1.1076625000000002,51.343475,-1.4878728465258642,-0.053573193415467256
120.25,23.75,176.3085,SSP3-7.0,2041-2060,-25.701700000000017,85.68110000000001,-16.99350000000004,0.6645000000000003,4.925899999999999,1.0426000000000002,51.5152,85.9444125,-9.37875000000001,0.8389500000000001,1.6928124999999996,0.9963125000000003,51.7945625,-1.4878728465258642,0.009622586954324176
120.25,23.8,169.3849,SSP3-7.0,2041-2060,-20.405099999999976,84.6085,-41.191299999999956,0.731300000000001,-0.6166999999999945,1.0704000000000002,53.1761,84.0815625,-15.747462499999997,0.7513874999999994,1.9548625,1.0879625000000002,51.3176625,-1.4878728465258642,0.0728183673241156
120.25,23.85,157.8286,SSP3-7.0,2041-2060,-17.318099999999987,82.65610000000001,-30.919599999999946,0.7027000000000001,1.992599999999996,0.9778000000000002,50.9761,82.43655,-21.730037500000023,0.8026374999999999,1.2858750000000008,1.0520625000000001,50.3127875,-1.4878728465258642,0.13601414769390704
120.25,23.9,148.1982,SSP3-7.0,2041-2060,-14.453100000000006,80.6814,-34.81920000000002,0.6905999999999999,1.6555999999999926,1.0981000000000005,49.137,81.42637500000001,-25.809287499999996,0.7779375000000002,1.3645875000000007,0.9067,49.35272500000001,-1.4878728465258642,0.19920992806369398
120.3,22.5,208.2381,SSP3-7.0,2041-2060,-12.3228,96.0241,-89.8402000000001,0.9222000000000001,10.938900000000004,2.013,47.1196,97.345025,-94.37730000000005,0.7228375000000007,10.106274999999997,2.2775374999999998,48.938575,-1.3821790064446429,-1.570271922290439
120.3,22.55,225.1234,SSP3-7.0,2041-2060,-13.088600000000014,97.57409999999999,-79.4248,0.770900000000001,9.240699999999997,2.5500000000000007,49.2543,97.74325,-93.24330000000006,0.6948250000000007,9.922012499999997,2.2238374999999997,49.335325,-1.3821790064446429,-1.5070761419206478
120.3,22.6,230.9354,SSP3-7.0,2041-2060,-7.26309999999998,101.3285,-63.07020000000011,1.056000000000001,9.650000000000006,2.9111000000000002,51.9652,98.39648749999999,-83.59741250000002,0.6377250000000001,8.781712499999998,2.106,51.1706375,-1.3821790064446429,-1.4438803615508562
120.3,22.65,240.0305,SSP3-7.0,2041-2060,-14.677899999999994,99.0601,-58.35480000000007,0.6563999999999979,8.294399999999996,1.9406999999999996,52.0739,98.4346125,-75.61148750000001,0.6854375000000004,8.7386625,1.9807750000000004,52.1239125,-1.3821790064446429,-1.3806845811810693
120.3,22.7,248.9375,SSP3-7.0,2041-2060,-17.874300000000005,96.5292,-69.3007,1.1370000000000005,8.837000000000003,0.8536999999999999,51.3065,97.34062499999999,-52.79011249999999,0.7435499999999995,7.905787500000001,1.6277750000000004,51.9627625,-1.3821790064446429,-1.317488800811278
120.3,22.75,241.4981,SSP3-7.0,2041-2060,-6.268900000000002,95.90200000000002,-19.957799999999907,1.0144999999999982,8.461100000000002,0.9852000000000007,50.647800000000004,96.48565,-39.664612500000004,0.8674875000000006,7.073837500000001,1.3865750000000003,51.4709125,-1.3821790064446429,-1.2542930204414864
120.3,22.8,228.2381,SSP3-7.0,2041-2060,-4.467999999999989,96.8279,-34.237499999999955,0.46910000000000096,6.133299999999991,1.183300000000001,51.5391,94.41585,-20.526999999999987,1.211925,6.696762500000001,1.2696875,49.9967375,-1.3821790064446429,-1.191097240071695
120.3,22.85,215.0137,SSP3-7.0,2041-2060,10.809200000000004,92.36240000000001,-10.442499999999882,1.0,6.5685,0.9352,49.6283,92.2331125,-23.41949999999997,1.4949,6.4594875,1.3388875,49.0103375,-1.3821790064446429,-1.1279014597019037
120.3,22.9,209.3031,SSP3-7.0,2041-2060,7.029599999999988,91.2925,-4.816699999999855,2.322800000000001,7.672200000000004,1.5,48.6239,90.15035,-23.883637499999963,1.7279874999999993,7.1872750000000005,1.297925,48.135875,-1.3821790064446429,-1.0647056793321166
120.3,22.95,218.45,SSP3-7.0,2041-2060,-3.5660000000000025,90.25019999999999,4.032699999999977,2.2353999999999985,8.031499999999994,1.7462999999999997,48.413000000000004,90.8812,-33.19266249999998,1.9296375000000001,7.194450000000002,1.469675,49.2214625,-1.3821790064446429,-1.0015098989623252
120.3,23.0,219.9452,SSP3-7.0,2041-2060,-10.641300000000001,93.2381,-11.956500000000005,2.169800000000002,4.214799999999997,1.7759,53.3674,91.36251250000001,-49.04147500000002,1.599275,7.4974625,1.6525625,49.408675,-1.3821790064446429,-0.9383141185925338
120.3,23.05,227.2896,SSP3-7.0,2041-2060,-17.3194,93.10249999999999,-76.61210000000005,0.7194000000000003,5.755600000000001,2.0852000000000004,52.395700000000005,91.89033750000002,-49.617762500000055,1.5509250000000008,6.611337499999998,1.5458374999999998,50.0687375,-1.3821790064446429,-0.8751183382227424
120.3,23.1,210.2699,SSP3-7.0,2041-2060,-7.829499999999996,93.7978,-48.386600000000044,1.318200000000001,5.990699999999997,1.4758999999999993,52.1239,91.04331250000001,-48.796812500000044,1.1901000000000006,5.984724999999999,1.4988499999999998,49.881524999999996,-1.3821790064446429,-0.811922557852951
120.3,23.15,200.9192,SSP3-7.0,2041-2060,-4.28619999999998,91.1516,-29.05060000000003,1.3272000000000013,4.574100000000001,1.1832999999999991,50.75,89.82882500000001,-41.82936250000003,1.0121375000000006,5.629625,1.5377374999999998,49.578537499999996,-1.3821790064446429,-0.748726777483164
120.3,23.2,201.7078,SSP3-7.0,2041-2060,-4.18859999999998,87.30690000000001,-36.19749999999999,0.7578999999999994,5.075900000000004,1.670399999999999,49.2435,88.4900125,-41.500062499999984,0.6687250000000007,4.406250000000003,1.6601874999999997,49.318749999999994,-1.3821790064446429,-0.6855309971133726
120.3,23.25,203.524,SSP3-7.0,2041-2060,-14.030100000000004,86.80199999999999,-34.343999999999824,0.12259999999999849,1.6037000000000035,1.8741000000000003,48.5022,87.052975,-58.297762499999976,0.3774500000000005,4.915287500000002,1.8002499999999997,49.249449999999996,-1.3821790064446429,-0.6223352167435812
120.3,23.3,183.7246,SSP3-7.0,2041-2060,-10.131200000000007,86.17790000000001,-106.62209999999982,-0.18430000000000035,6.659299999999995,1.5573999999999995,50.1543,86.6390125,-56.68039999999999,0.42315000000000014,4.342137500000003,1.7365875000000002,48.8304375,-1.3821790064446429,-0.5591394363737897
120.3,23.35,177.6045,SSP3-7.0,2041-2060,-10.379500000000007,86.7672,-83.17010000000005,0.39669999999999916,4.990700000000004,1.2185000000000006,48.826100000000004,87.06358750000001,-56.52367499999997,0.494475,4.989600000000002,1.5551125000000003,49.4845,-1.3821790064446429,-0.4959436560039983
120.3,23.4,171.67,SSP3-7.0,2041-2060,-7.187999999999988,88.85549999999998,-35.42579999999998,0.9573999999999998,5.235200000000006,1.2055999999999996,50.1587,87.94035000000001,-48.612562499999996,0.5356124999999996,4.232875000000001,1.507875,49.676625,-1.3821790064446429,-0.43274787563421135
120.3,23.45,181.7201,SSP3-7.0,2041-2060,-11.228000000000009,90.5137,-29.015300000000025,0.35719999999999885,4.1425999999999945,1.605599999999999,51.0,88.5158,-35.5540125,0.6415375000000001,4.637737500000001,1.5314750000000001,50.3130375,-1.3821790064446429,-0.3695520952644199
120.3,23.5,190.8068,SSP3-7.0,2041-2060,-20.585200000000015,89.9273,-29.801099999999906,0.5093999999999994,6.8315000000000055,1.6574000000000009,50.852199999999996,88.4236875,-26.154637500000064,0.6085125000000002,4.081262499999998,1.6986124999999996,50.4635875,-1.3821790064446429,-0.3063563148946285
120.3,23.55,178.1936,SSP3-7.0,2041-2060,-19.459599999999995,89.0974,-11.56710000000021,0.6941000000000024,2.1093000000000046,1.6240999999999994,51.05,87.8931875,-11.647762500000027,0.6855500000000005,4.774074999999999,1.5969875,50.245925,-1.3821790064446429,-0.24316053452483705
120.3,23.6,169.0598,SSP3-7.0,2041-2060,-16.31989999999999,87.50539999999998,12.93269999999984,0.7531999999999996,3.950000000000003,1.2944000000000004,51.363,87.787275,-8.347462500000006,0.7055375000000002,3.7928374999999983,1.49585,50.469849999999994,-1.3821790064446429,-0.17996475415504562
120.3,23.65,174.8116,SSP3-7.0,2041-2060,-23.836899999999986,87.84840000000001,-5.643000000000029,0.7796999999999983,4.259299999999996,1.4537000000000004,52.095699999999994,87.7679,0.8243124999999907,0.7690500000000005,3.5567124999999997,1.2546375000000003,50.97745,-1.3821790064446429,-0.11676897378525869
120.3,23.7,183.594,SSP3-7.0,2041-2060,-27.174999999999983,87.9094,4.8590999999998985,0.8861000000000026,0.9611000000000018,1.1130000000000004,53.1565,87.18258750000001,-6.732174999999984,0.6826624999999993,3.792137499999999,1.1733875000000002,51.587775,-1.3821790064446429,-0.053573193415467256
120.3,23.75,182.2375,SSP3-7.0,2041-2060,-26.67320000000001,86.61509999999998,-2.4233999999999014,0.8420999999999985,3.2241,0.9704000000000006,53.654300000000006,86.1553625,-8.051050000000032,0.6748500000000002,2.748825,1.0882000000000003,51.7747375,-1.3821790064446429,0.009622586954324176
120.3,23.8,182.4818,SSP3-7.0,2041-2060,-24.97709999999998,84.8672,-13.121200000000044,0.7261999999999986,3.8499999999999943,1.0648,51.2761,84.2211,-13.362262500000014,0.7502125,1.7407375000000007,1.0379625000000003,51.15625,-1.3821790064446429,0.0728183673241156
120.3,23.85,168.7682,SSP3-7.0,2041-2060,-17.996700000000004,81.1917,-11.286800000000085,1.3156999999999996,-0.4258999999999986,1.1981000000000002,48.856500000000004,82.4964375,-21.73203750000002,0.7173625000000001,1.952774999999999,0.9300750000000001,49.99785,-1.3821790064446429,0.13601414769390704
120.3,23.9,154.9006,SSP3-7.0,2041-2060,-12.898200000000003,79.1368,-27.00120000000004,0.9650999999999996,1.7222000000000008,0.9870000000000001,47.8761,81.3927875,-26.041087500000003,0.7585500000000001,2.289137499999998,0.8647875,48.840775,-1.3821790064446429,0.19920992806369398
120.3,23.95,146.4972,SSP3-7.0,2041-2060,-12.833499999999987,78.7075,-44.20619999999997,0.6124000000000009,2.3592999999999904,0.9369999999999994,46.3739,80.21279999999999,-37.06741250000002,0.7354125000000002,2.5132125000000007,0.658525,48.021750000000004,-1.3821790064446429,0.26240570843348543
120.3,24.0,144.2081,SSP3-7.0,2041-2060,-12.5882,79.0136,-50.427599999999984,0.4768000000000008,2.27409999999999,0.5443999999999996,47.619600000000005,80.1517125,-43.46089999999998,0.6860500000000003,2.918525,0.5113125000000001,47.772837499999994,-1.3821790064446429,0.32560148880327683
120.35,22.35,196.0512,SSP3-7.0,2041-2060,-20.418599999999998,102.4543,-89.82510000000002,1.1241999999999983,17.688899999999997,1.6722000000000001,53.4609,97.07008750000001,-56.44267500000001,1.0520125000000005,9.968762499999997,1.8509249999999997,48.167937499999994,-1.2764851663634216,-1.759859263399809
120.35,22.5,221.2971,SSP3-7.0,2041-2060,-22.974199999999996,94.03770000000002,-77.64300000000003,0.7506000000000022,10.851899999999993,2.012999999999999,45.387,96.78548749999999,-94.24655000000001,0.8467875,10.503024999999997,2.2141124999999997,48.46195,-1.2764851663634216,-1.570271922290439
120.35,22.55,236.2247,SSP3-7.0,2041-2060,-20.62560000000002,95.34710000000001,-115.22360000000003,0.34280000000000044,8.355599999999995,2.6685,46.2043,96.53695,-104.35842500000004,0.7763250000000004,10.530574999999999,2.180325,48.667125,-1.2764851663634216,-1.5070761419206478
120.35,22.6,228.3469,SSP3-7.0,2041-2060,-13.583600000000018,98.96430000000001,-120.66669999999999,0.15000000000000213,10.081499999999998,2.7333,51.4739,97.23635,-110.8526875,0.5993249999999999,9.250937499999997,2.2166625,50.0633125,-1.2764851663634216,-1.4438803615508562
120.35,22.65,238.678,SSP3-7.0,2041-2060,-16.87190000000001,98.66619999999999,-127.82899999999995,0.0633999999999979,7.392600000000002,2.4389000000000003,53.0848,97.44641250000001,-99.14207499999998,0.5673750000000002,9.2752375,2.0856375000000003,51.5948375,-1.2764851663634216,-1.3806845811810693
120.35,22.7,246.6065,SSP3-7.0,2041-2060,-20.98490000000001,95.54759999999999,-105.80579999999986,0.2270000000000003,10.396300000000004,1.8870000000000005,52.534800000000004,97.0777625,-80.60098749999997,0.6660999999999992,8.0201375,1.8349625000000003,51.810050000000004,-1.2764851663634216,-1.317488800811278
120.35,22.75,250.3008,SSP3-7.0,2041-2060,-7.47920000000002,98.56559999999999,-27.9384,1.2056000000000004,7.1092999999999975,1.5999999999999996,53.413,94.75471250000001,-69.08286249999998,0.8391499999999996,7.941650000000001,1.8838000000000004,50.44945,-1.2764851663634216,-1.2542930204414864
120.35,22.8,246.0041,SSP3-7.0,2041-2060,-2.957899999999995,94.90490000000001,-23.340200000000095,1.4573999999999998,6.814799999999998,2.3130000000000006,51.1522,91.399275,-49.80477499999998,1.1401874999999997,7.0374875,1.737975,47.9260875,-1.2764851663634216,-1.191097240071695
120.35,22.85,228.9874,SSP3-7.0,2041-2060,0.4043999999999812,86.6328,-30.450900000000047,1.6996000000000002,5.831499999999998,1.605599999999999,44.687,89.01217500000001,-51.29136249999999,1.4058875,7.375675,1.8787,46.6510875,-1.2764851663634216,-1.1279014597019037
120.35,22.9,228.3372,SSP3-7.0,2041-2060,-6.916599999999988,87.8279,-64.9049,1.6663999999999994,7.127800000000008,1.5184999999999995,47.237,87.68583749999999,-62.35325,1.6119749999999997,8.16875,1.7863499999999999,45.8486375,-1.2764851663634216,-1.0647056793321166
120.35,22.95,240.1659,SSP3-7.0,2041-2060,-21.6207,91.4069,-102.36239999999998,1.7013999999999996,10.513000000000005,1.3704,49.82170000000001,89.374875,-76.16002500000002,1.6878250000000001,8.057875,1.8435125,47.4543375,-1.2764851663634216,-1.0015098989623252
120.35,23.0,244.5636,SSP3-7.0,2041-2060,-26.07990000000001,93.41120000000001,-113.15800000000013,1.6644000000000005,9.577799999999996,1.4778000000000002,50.7543,90.7663,-84.8534,1.3624999999999998,7.700712500000002,1.8909750000000003,48.81303750000001,-1.2764851663634216,-0.9383141185925338
120.35,23.05,239.9779,SSP3-7.0,2041-2060,-22.3022,91.75340000000001,-106.92329999999993,0.9766000000000012,8.7074,1.7241,49.6804,91.26802500000001,-81.16628750000001,1.3015125000000003,7.028249999999999,1.8789375000000004,49.6559875,-1.2764851663634216,-0.8751183382227424
120.35,23.1,232.6515,SSP3-7.0,2041-2060,-21.10050000000001,88.8447,-57.173,1.427900000000001,8.061099999999996,1.674100000000001,47.2696,90.4731375,-73.26201250000003,1.1048250000000004,6.330562500000001,1.900925,49.430437500000004,-1.2764851663634216,-0.811922557852951
120.35,23.15,235.644,SSP3-7.0,2041-2060,-23.358100000000007,87.6937,-22.3112000000001,1.5808999999999997,6.187000000000005,1.6204,47.676100000000005,88.9829,-71.175475,0.9992250000000009,5.8081,1.9953749999999997,48.7804375,-1.2764851663634216,-0.748726777483164
120.35,23.2,227.8857,SSP3-7.0,2041-2060,-16.137100000000004,87.301,-60.83259999999996,0.6347000000000023,4.953700000000005,2.0556,48.3674,87.6464625,-60.948575000000005,0.7609375000000003,4.4981500000000025,2.1444499999999995,48.3301625,-1.2764851663634216,-0.6855309971133726
120.35,23.25,212.9953,SSP3-7.0,2041-2060,-15.905599999999993,86.2049,-53.48109999999997,0.4217000000000013,4.453700000000005,2.3518999999999988,47.8304,86.6289,-69.57784999999998,0.4702124999999997,4.138437500000001,2.1921374999999994,48.748912499999996,-1.2764851663634216,-0.6223352167435812
120.35,23.3,200.8874,SSP3-7.0,2041-2060,-12.421100000000024,85.3198,-42.47770000000014,0.5405999999999977,2.9093000000000018,2.2056000000000004,48.4674,85.9295625,-63.47905,0.4504999999999999,4.018525000000002,2.2324,48.775262500000004,-1.2764851663634216,-0.5591394363737897
120.35,23.35,194.7958,SSP3-7.0,2041-2060,-11.333600000000018,85.2306,-53.76890000000003,0.5258000000000003,4.816700000000004,2.3296,49.1,85.85276250000001,-56.17680000000004,0.5831624999999998,3.5062500000000005,1.826625,49.3027,-1.2764851663634216,-0.4959436560039983
120.35,23.4,185.5828,SSP3-7.0,2041-2060,-9.850200000000001,86.58670000000001,-52.62069999999994,0.30790000000000006,3.4406999999999996,1.2556000000000012,50.113,86.39895,-46.93855000000005,0.62995,2.8581125000000007,1.9347124999999998,49.4894,-1.2764851663634216,-0.43274787563421135
120.35,23.45,185.7078,SSP3-7.0,2041-2060,-9.178599999999989,87.19820000000001,-57.14409999999998,0.3995999999999995,0.6055999999999955,2.0684999999999993,50.310900000000004,86.84518750000001,-42.1590875,0.5560125,3.62385,1.624775,49.6146625,-1.2764851663634216,-0.3695520952644199
120.35,23.5,192.3627,SSP3-7.0,2041-2060,-14.884199999999993,85.68889999999999,-45.19780000000014,0.5241000000000007,7.0426,1.8870000000000005,48.8239,86.44228749999999,-33.85511249999999,0.5699375,3.167375,1.7703749999999996,49.0722875,-1.2764851663634216,-0.3063563148946285
120.35,23.55,191.5476,SSP3-7.0,2041-2060,-17.683099999999996,84.1873,-11.669399999999996,0.7685999999999993,6.644399999999997,1.8204000000000002,47.55,85.71115,-19.755075000000033,0.7350250000000003,4.424075,1.6053125,48.3231,-1.2764851663634216,-0.24316053452483705
120.35,23.6,171.1946,SSP3-7.0,2041-2060,-12.413900000000012,86.14760000000001,15.668300000000045,1.2194000000000003,5.768499999999996,1.7389000000000001,47.658699999999996,85.4039125,-14.180975000000046,0.7801750000000003,4.1780124999999995,1.5421125,48.446200000000005,-1.2764851663634216,-0.17996475415504562
120.35,23.65,182.5119,SSP3-7.0,2041-2060,-21.49629999999999,88.5738,-13.368999999999915,0.7271999999999998,4.1203999999999965,1.4258999999999995,50.0652,85.96685000000001,-1.6525000000000318,0.8555000000000001,3.9182749999999995,1.4590125,49.230712499999996,-1.2764851663634216,-0.11676897378525869
120.35,23.7,187.8699,SSP3-7.0,2041-2060,-25.0077,87.3978,16.019999999999982,0.6132999999999988,3.529600000000002,1.5833000000000004,51.17830000000001,86.31696250000002,-11.570787499999966,0.6613624999999996,3.064825,1.2995375,50.18015,-1.2764851663634216,-0.053573193415467256
120.35,23.75,178.4038,SSP3-7.0,2041-2060,-21.670199999999994,85.6877,-5.093599999999924,0.31489999999999796,1.0741000000000014,1.0815000000000001,51.1065,85.77725000000001,-7.5486250000000155,0.5993499999999994,2.6856375000000012,1.2032375000000002,50.358975,-1.2764851663634216,0.009622586954324176
120.35,23.8,179.6057,SSP3-7.0,2041-2060,-22.297200000000004,84.9682,0.5693999999998596,0.589500000000001,2.790700000000001,1.0944000000000003,51.3457,83.74521250000001,-13.0131375,0.6302499999999993,1.662512500000001,1.0307875,49.15625,-1.2764851663634216,0.0728183673241156
120.35,23.85,175.2072,SSP3-7.0,2041-2060,-15.866800000000012,82.3604,0.44069999999987886,0.8410000000000011,0.9611000000000018,0.8685,48.619600000000005,81.90322499999999,-18.292150000000035,0.6788875000000001,1.7057875000000013,0.8039124999999999,48.321749999999994,-1.2764851663634216,0.13601414769390704
120.35,23.9,162.5015,SSP3-7.0,2041-2060,-13.897099999999995,80.6929,-27.813899999999876,0.4924999999999997,3.2667,0.2795999999999994,47.576100000000004,80.2649375,-25.23047500000004,0.789412500000001,1.9215375000000021,0.716175,47.3981,-1.2764851663634216,0.19920992806369398
120.35,23.95,156.0889,SSP3-7.0,2041-2060,-12.6387,79.9851,-46.602499999999964,0.6873000000000005,4.653700000000008,0.4944000000000006,47.9109,79.9565875,-40.30362500000001,0.6236875000000004,2.712275,0.4411749999999999,47.44565,-1.2764851663634216,0.26240570843348543
120.35,24.0,149.0506,SSP3-7.0,2041-2060,-10.8168,81.0034,-56.53600000000006,0.6905000000000001,3.1037000000000035,0.2869999999999999,48.3152,79.89971249999999,-48.404349999999965,0.5947250000000004,3.1895999999999995,0.3263625,47.346199999999996,-1.2764851663634216,0.32560148880327683
120.35,24.05,146.5864,SSP3-7.0,2041-2060,-11.210000000000008,79.7921,-60.30640000000005,0.6876000000000033,3.3426000000000045,0.03699999999999992,47.2935,79.53335000000001,-54.74148749999995,0.5942124999999998,2.6620499999999963,0.32358750000000014,47.0951,-1.2764851663634216,0.3887972691730683
120.4,22.5,207.384,SSP3-7.0,2041-2060,-20.08449999999999,94.3243,-77.84220000000005,1.031799999999997,11.466699999999996,1.8332999999999995,46.7652,96.1143,-84.238575,1.0186125000000006,10.419924999999996,1.9270749999999994,48.0559875,-1.1707913262821703,-1.570271922290439
120.4,22.55,229.0997,SSP3-7.0,2041-2060,-18.968800000000016,94.6738,-161.95730000000003,0.875,12.201899999999995,1.631499999999999,47.226099999999995,95.535325,-100.1457375,0.8568000000000002,10.325024999999997,2.1479,48.262775000000005,-1.1707913262821703,-1.5070761419206478
120.4,22.6,239.1591,SSP3-7.0,2041-2060,-11.960800000000006,95.3688,-164.423,0.6540999999999997,9.812999999999995,1.7574000000000005,50.1457,95.82635,-119.6548,0.5740250000000002,8.966449999999998,2.33865,49.224725,-1.1707913262821703,-1.4438803615508562
120.4,22.65,245.7498,SSP3-7.0,2041-2060,-14.100599999999986,95.8722,-116.53879999999981,0.3760000000000012,9.059299999999993,1.8352000000000004,50.5522,95.87026250000001,-120.88497499999997,0.3768124999999998,8.062975,2.504625,50.79185,-1.1707913262821703,-1.3806845811810693
120.4,22.7,249.8626,SSP3-7.0,2041-2060,-17.010199999999998,96.9006,-94.97659999999996,0.28249999999999886,8.0704,2.7667,52.7065,94.700975,-116.09064999999995,0.42143749999999924,7.503700000000001,2.2956125,49.868750000000006,-1.1707913262821703,-1.317488800811278
120.4,22.75,262.3101,SSP3-7.0,2041-2060,-24.257599999999968,95.1262,-129.91180000000008,0.593399999999999,6.937000000000005,2.2593000000000014,50.6957,92.195875,-89.15393749999996,0.7884374999999997,7.5682875,2.4900499999999997,48.362750000000005,-1.1707913262821703,-1.2542930204414864
120.4,22.8,252.613,SSP3-7.0,2041-2060,-9.307999999999993,86.2993,-75.13249999999994,1.5322999999999993,7.8833000000000055,2.8221999999999987,43.013,88.6845625,-72.34882500000003,1.1947499999999995,6.707400000000001,2.2745625,45.952987500000006,-1.1707913262821703,-1.191097240071695
120.4,22.85,245.8822,SSP3-7.0,2041-2060,-10.282499999999999,79.47800000000001,-70.36680000000001,1.6069999999999993,7.3759000000000015,2.513,39.784800000000004,86.266625,-62.71753750000005,1.4470124999999996,6.817125,2.2655125,44.5663,-1.1707913262821703,-1.1279014597019037
120.4,22.9,260.1326,SSP3-7.0,2041-2060,-25.517100000000028,83.1045,-127.0898000000002,1.1921,9.429599999999994,2.2444000000000006,42.2304,85.458575,-81.34471250000004,1.4134124999999993,7.809962500000001,2.1284874999999994,44.1154875,-1.1707913262821703,-1.0647056793321166
120.4,22.95,265.6406,SSP3-7.0,2041-2060,-35.2406,86.95940000000002,-157.32960000000003,1.1374999999999993,9.927800000000005,2.3758999999999997,43.599999999999994,87.5519125,-109.09435000000005,1.2600999999999996,9.206487500000001,2.1328750000000003,45.4600375,-1.1707913262821703,-1.0015098989623252
120.4,23.0,259.5552,SSP3-7.0,2041-2060,-31.196300000000008,88.91520000000001,-134.05739999999992,1.1142000000000003,8.481500000000004,2.109300000000001,45.408699999999996,89.3405,-122.66877500000001,1.0558624999999995,9.491675000000003,2.2194375,46.6203625,-1.1707913262821703,-0.9383141185925338
120.4,23.05,257.5938,SSP3-7.0,2041-2060,-29.80879999999999,90.50469999999999,-93.61860000000001,0.8456999999999972,5.974100000000007,1.9407000000000014,47.817400000000006,89.3227125,-119.57048749999998,1.0651875,9.0539375,2.208575,47.054625,-1.1707913262821703,-0.8751183382227424
120.4,23.1,258.2545,SSP3-7.0,2041-2060,-31.21460000000002,88.33000000000001,-114.36809999999991,1.1524999999999999,8.170399999999994,2.4925999999999995,48.1109,88.61435,-100.35588750000002,0.9646000000000003,7.569900000000002,2.2122750000000004,47.1334375,-1.1707913262821703,-0.811922557852951
120.4,23.15,265.9338,SSP3-7.0,2041-2060,-36.350900000000024,87.45139999999998,-94.82560000000012,0.9181000000000026,5.285200000000003,2.6852,46.8891,87.40847500000001,-97.26023749999999,0.8903875000000006,6.8821625,2.3740875,46.8820875,-1.1707913262821703,-0.748726777483164
120.4,23.2,247.6968,SSP3-7.0,2041-2060,-33.41030000000001,87.6798,-128.5698,0.45730000000000004,4.353699999999996,2.7258999999999993,47.4891,86.4853625,-83.40981250000002,0.698125000000001,5.485175000000003,2.6481624999999998,46.894575,-1.1707913262821703,-0.6855309971133726
120.4,23.25,241.2646,SSP3-7.0,2041-2060,-25.732,86.8814,-88.80880000000002,0.5017999999999994,4.451900000000002,3.0444000000000004,48.2609,85.67715000000001,-78.83946250000002,0.6094750000000002,4.072912500000001,2.7314999999999996,47.297825,-1.1707913262821703,-0.6223352167435812
120.4,23.3,229.3535,SSP3-7.0,2041-2060,-19.02969999999999,85.5624,-58.770300000000134,0.9311000000000007,3.1000000000000014,2.403699999999999,49.5065,85.000025,-61.61461250000005,0.6134,3.3164500000000023,3.0752375,47.8092375,-1.1707913262821703,-0.5591394363737897
120.4,23.35,217.5594,SSP3-7.0,2041-2060,-15.221699999999998,83.8101,-28.867100000000164,0.8886000000000003,2.0722000000000023,3.0796,48.0217,85.0398625,-52.691587500000054,0.6123250000000002,2.1865875,2.6460749999999997,48.822812500000005,-1.1707913262821703,-0.4959436560039983
120.4,23.4,194.6296,SSP3-7.0,2041-2060,-12.85850000000002,83.7425,-41.46060000000011,0.827300000000001,-0.3574000000000055,1.6869999999999994,49.173899999999996,85.25695000000002,-48.635050000000035,0.5199500000000001,2.157425000000001,2.6486,49.1912875,-1.1707913262821703,-0.43274787563421135
120.4,23.45,191.9373,SSP3-7.0,2041-2060,-8.172699999999992,85.0738,-46.65650000000005,0.6870000000000012,1.3593000000000046,2.2833000000000006,49.3239,84.7019875,-53.22658750000002,0.41203749999999983,2.5099624999999985,2.010175,48.5527,-1.1707913262821703,-0.3695520952644199
120.4,23.5,197.1109,SSP3-7.0,2041-2060,-16.204799999999977,84.3731,-57.094899999999825,0.27779999999999916,1.2962999999999951,1.4166999999999987,47.4717,83.45285,-43.095800000000025,0.5980374999999998,4.1761625,2.1191875,47.3092375,-1.1707913262821703,-0.3063563148946285
120.4,23.55,194.6141,SSP3-7.0,2041-2060,-14.92100000000002,81.1675,-27.892499999999927,0.8658000000000001,2.3500000000000014,1.6869999999999994,45.0196,82.8739125,-32.33522500000001,0.7094624999999999,5.451837499999998,1.8622625,46.10135,-1.1707913262821703,-0.24316053452483705
120.4,23.6,169.4447,SSP3-7.0,2041-2060,-10.382600000000025,81.78200000000001,-15.088200000000143,1.0364000000000004,6.044399999999996,1.537,44.3457,83.09233750000001,-26.11342499999995,0.7901875,4.924062499999998,1.656475,46.153525,-1.1707913262821703,-0.17996475415504562
120.4,23.65,188.9892,SSP3-7.0,2041-2060,-24.019900000000007,83.0695,-41.15129999999999,0.6164000000000023,3.946300000000001,1.4943999999999997,46.0804,84.0800875,-19.034599999999955,0.7886874999999995,4.449287499999998,1.503925,46.857075,-1.1707913262821703,-0.11676897378525869
120.4,23.7,189.6133,SSP3-7.0,2041-2060,-24.716000000000008,86.0747,-0.8175999999998567,0.9394999999999989,2.8870000000000005,1.4573999999999998,47.9674,84.0382125,-26.173487499999965,0.4815499999999995,3.3766250000000007,1.3449,47.4345125,-1.1707913262821703,-0.053573193415467256
120.4,23.75,184.6684,SSP3-7.0,2041-2060,-23.53309999999999,84.75710000000001,-28.92750000000001,0.18499999999999872,4.046300000000002,1.3999999999999995,47.315200000000004,83.9313875,-16.48150000000001,0.45028749999999906,2.191200000000002,1.3060125,47.981812500000004,-1.1707913262821703,0.009622586954324176
120.4,23.8,181.3336,SSP3-7.0,2041-2060,-22.9289,83.6285,-36.54780000000005,0.013099999999997891,0.1963000000000079,0.9425999999999997,46.9783,83.0871375,-13.197437500000035,0.5176749999999997,1.9724625000000016,1.106025,47.521212500000004,-1.1707913262821703,0.0728183673241156
120.4,23.85,177.2337,SSP3-7.0,2041-2060,-15.401800000000009,80.85399999999998,-7.145499999999856,0.804000000000002,0.37409999999999854,0.7203999999999997,45.4435,82.0411125,-18.10241250000007,0.5136374999999997,1.6983750000000022,0.81365,47.30355,-1.1707913262821703,0.13601414769390704
120.4,23.9,165.6823,SSP3-7.0,2041-2060,-13.9418,79.8865,-23.990200000000186,0.5250000000000021,1.8722000000000065,0.14440000000000008,47.2217,80.423325,-22.73365000000001,0.6782250000000003,1.8727000000000018,0.5868,46.2940375,-1.1707913262821703,0.19920992806369398
120.4,23.95,168.0032,SSP3-7.0,2041-2060,-14.089699999999993,79.9975,-42.05210000000011,0.5648000000000017,3.8556000000000097,0.37959999999999994,46.8826,79.74180000000001,-37.24185,0.591675,1.9120375000000012,0.24003750000000013,46.44755,-1.1707913262821703,0.26240570843348543
120.4,24.0,160.5416,SSP3-7.0,2041-2060,-11.62129999999999,81.21450000000002,-50.40179999999987,0.6623999999999981,3.244399999999999,-0.029599999999999405,47.7,79.1317,-50.06675,0.5750125000000006,1.93405,0.1467375000000002,46.230425,-1.1707913262821703,0.32560148880327683
120.4,24.05,156.3616,SSP3-7.0,2041-2060,-8.931600000000003,79.7945,-65.4242999999999,0.5739999999999981,2.520399999999995,-0.03149999999999942,47.413,79.02575,-57.72629999999998,0.48950000000000005,1.8393624999999965,0.10277500000000017,46.1755375,-1.1707913262821703,0.3887972691730683
120.4,24.1,153.5601,SSP3-7.0,2041-2060,-8.334000000000003,79.66720000000001,-69.59849999999994,0.6024999999999991,3.481499999999997,0.25370000000000026,47.0565,78.7067875,-62.217949999999945,0.47109999999999985,2.045849999999996,0.12545000000000006,46.098087500000005,-1.1707913262821703,0.4519930495428597
120.4,24.15,150.4574,SSP3-7.0,2041-2060,-7.351699999999994,77.5172,-66.76879999999994,0.5034000000000027,1.9500000000000028,0.18149999999999977,45.9239,78.4982375,-67.11476249999996,0.3890874999999996,1.797937499999998,0.07383750000000011,45.564387499999995,-1.1707913262821703,0.5151888299126467
120.45,22.45,184.9807,SSP3-7.0,2041-2060,-6.606000000000023,100.1594,-26.128900000000158,1.325400000000002,10.529600000000002,1.7926000000000002,50.3891,97.6501375,-37.47154999999995,1.1849250000000007,9.936337499999997,1.7791499999999998,49.022549999999995,-1.0650974862009488,-1.6334677026602307
120.45,22.5,186.9582,SSP3-7.0,2041-2060,-11.574000000000012,96.04769999999999,-45.94739999999979,1.6255999999999986,12.088899999999995,1.3721999999999994,47.687,96.88645,-55.39702500000001,1.0733625,9.634024999999998,2.0886499999999995,48.90625,-1.0650974862009488,-1.570271922290439
120.45,22.55,220.504,SSP3-7.0,2041-2060,-18.731099999999998,95.31779999999999,-85.18399999999997,1.3337000000000003,11.586999999999996,2.0443999999999996,48.3217,95.3743625,-92.86422499999998,0.9188999999999994,9.302112499999996,2.0821624999999995,48.71170000000001,-1.0650974862009488,-1.5070761419206478
120.45,22.6,233.7048,SSP3-7.0,2041-2060,-12.580100000000016,94.87490000000001,-114.2360000000001,0.9658000000000015,8.355599999999995,2.7611000000000008,50.1174,94.14953750000001,-118.11864999999997,0.5713124999999994,8.084737499999996,2.3113374999999996,48.3016375,-1.0650974862009488,-1.4438803615508562
120.45,22.65,252.1399,SSP3-7.0,2041-2060,-16.592100000000016,92.8945,-115.60300000000007,0.48549999999999827,4.698100000000011,2.5962999999999994,46.817400000000006,93.69176250000001,-118.95793749999996,0.3676499999999998,6.498637499999996,2.7412,48.9891375,-1.0650974862009488,-1.3806845811810693
120.45,22.7,261.5788,SSP3-7.0,2041-2060,-21.153099999999995,93.74520000000001,-123.53969999999981,0.18619999999999948,5.696299999999994,3.0962999999999994,49.4543,91.1344625,-127.87643750000001,0.3200874999999992,6.084950000000001,2.8164499999999997,46.6174,-1.0650974862009488,-1.317488800811278
120.45,22.75,267.5862,SSP3-7.0,2041-2060,-30.25770000000003,87.19030000000001,-181.55870000000004,0.23439999999999728,8.740700000000004,2.6518999999999995,42.397800000000004,88.9813,-113.31223749999995,0.6246125,6.4662,2.9465249999999994,45.68885,-1.0650974862009488,-1.2542930204414864
120.45,22.8,246.563,SSP3-7.0,2041-2060,-15.87269999999998,84.4135,-80.93959999999993,1.182100000000002,5.8352,2.7832999999999988,42.2304,85.13015,-109.38888750000004,0.8342499999999995,7.190262500000002,2.7604249999999997,43.079887500000005,-1.0650974862009488,-1.191097240071695
120.45,22.85,241.4185,SSP3-7.0,2041-2060,-9.285899999999998,83.1652,-34.284200000000055,1.5784999999999982,5.014800000000001,2.4703999999999997,43.263000000000005,83.5850125,-91.14015,1.0942875,7.714574999999999,2.7078625,42.174725,-1.0650974862009488,-1.1279014597019037
120.45,22.9,252.5991,SSP3-7.0,2041-2060,-20.237099999999998,83.78490000000001,-65.59820000000013,1.2676999999999978,6.599999999999994,2.3667,42.7174,83.45315000000001,-99.02392500000005,1.0729124999999997,8.0129625,2.6018499999999998,42.0440125,-1.0650974862009488,-1.0647056793321166
120.45,22.95,275.3526,SSP3-7.0,2041-2060,-37.5393,84.4135,-125.46070000000009,0.6492000000000004,10.088899999999995,2.8073999999999995,41.812999999999995,85.1156125,-111.83426249999997,1.0352374999999996,9.0976875,2.5162000000000004,42.52635,-1.0650974862009488,-1.0015098989623252
120.45,23.0,285.0495,SSP3-7.0,2041-2060,-35.119200000000035,87.55120000000001,-140.12339999999995,0.8253999999999984,11.833300000000008,3.1685,43.6978,86.53105,-120.38922499999998,0.8282499999999997,8.996312500000002,2.5562375,43.379887499999995,-1.0650974862009488,-0.9383141185925338
120.45,23.05,283.224,SSP3-7.0,2041-2060,-34.482399999999984,88.7237,-142.37419999999997,0.6466999999999992,9.311100000000003,2.8907000000000007,45.7783,87.35521250000001,-123.38718749999995,0.8331624999999994,9.271537500000003,2.5817125,44.541575,-1.0650974862009488,-0.8751183382227424
120.45,23.1,284.2293,SSP3-7.0,2041-2060,-36.074700000000036,87.0523,-148.38650000000007,0.7137999999999991,8.288900000000005,2.131499999999999,45.736999999999995,87.242025,-116.1435875,0.7850250000000001,8.290275000000001,2.7493,45.36902500000001,-1.0650974862009488,-0.811922557852951
120.45,23.15,288.1429,SSP3-7.0,2041-2060,-41.6412,86.89089999999999,-137.23469999999998,0.6071000000000026,8.744399999999999,3.031500000000001,46.2196,86.301875,-118.97237499999997,0.717775,7.282862499999999,2.6826374999999993,45.2008125,-1.0650974862009488,-0.748726777483164
120.45,23.2,282.192,SSP3-7.0,2041-2060,-37.183099999999996,85.47540000000001,-109.2059999999999,0.5488999999999997,6.298099999999998,3.261099999999999,44.187,85.0146375,-115.51453750000002,0.4929875000000008,5.844900000000001,2.9053125,45.202175000000004,-1.0650974862009488,-0.6855309971133726
120.45,23.25,276.5424,SSP3-7.0,2041-2060,-34.05879999999999,83.98420000000002,-100.57850000000008,0.37180000000000035,3.507400000000004,3.135200000000001,45.7261,83.8316875,-118.868975,0.512375,5.127074999999999,3.0367999999999995,45.15055,-1.0650974862009488,-0.6223352167435812
120.45,23.3,256.2755,SSP3-7.0,2041-2060,-22.65240000000003,83.8897,-76.79970000000003,0.9696999999999996,3.007399999999997,3.712999999999999,46.8087,82.7761625,-110.35298750000004,0.4295625000000003,4.2689875000000015,3.4023125,45.807075,-1.0650974862009488,-0.5591394363737897
120.45,23.35,241.0817,SSP3-7.0,2041-2060,-20.087000000000018,84.67949999999999,-48.135099999999966,0.6872000000000007,1.3130000000000024,4.7425999999999995,48.2587,83.0046625,-99.24838750000004,0.4179750000000002,2.8668999999999984,3.0845,47.0730875,-1.0650974862009488,-0.4959436560039983
120.45,23.4,221.4944,SSP3-7.0,2041-2060,-25.266800000000018,85.30770000000001,-47.499700000000075,0.10900000000000176,-0.7370000000000019,2.8315,49.154300000000006,83.46022500000001,-81.42340000000002,0.4824625,2.6581125000000005,3.134475,48.009775000000005,-1.0650974862009488,-0.43274787563421135
120.45,23.45,203.6636,SSP3-7.0,2041-2060,-10.333300000000008,84.169,-54.38830000000007,0.5544999999999973,4.3889,2.5981000000000005,49.2478,83.2228,-74.83598749999999,0.3865750000000001,1.9530249999999993,2.4553125,47.5184625,-1.0650974862009488,-0.3695520952644199
120.45,23.5,216.1281,SSP3-7.0,2041-2060,-17.501199999999983,80.54979999999999,-70.40660000000003,0.29609999999999914,4.400000000000006,2.3369999999999997,44.126099999999994,82.17882499999999,-62.87613749999997,0.621775,3.316675,2.2717375,46.5149375,-1.0650974862009488,-0.3063563148946285
120.45,23.55,203.0046,SSP3-7.0,2041-2060,-18.773800000000023,79.5883,-31.411200000000008,0.688600000000001,6.618499999999997,2.2722000000000007,44.07170000000001,81.42785,-59.03769999999997,0.6139625,3.8101874999999996,2.0275375,45.204625,-1.0650974862009488,-0.24316053452483705
120.45,23.6,193.698,SSP3-7.0,2041-2060,-20.911699999999996,80.6743,-43.48199999999997,0.8646999999999991,5.799999999999997,1.8889000000000005,44.763,81.37856250000002,-51.08948749999999,0.6693000000000007,4.356699999999999,1.8854000000000002,44.68995,-1.0650974862009488,-0.17996475415504562
120.45,23.65,187.914,SSP3-7.0,2041-2060,-20.12529999999998,81.3304,-55.600299999999834,0.5707999999999984,4.144399999999997,0.9240999999999993,44.019600000000004,82.17801250000001,-46.1460625,0.6611750000000005,4.554624999999999,1.8011500000000003,45.0730875,-1.0650974862009488,-0.11676897378525869
120.45,23.7,196.2103,SSP3-7.0,2041-2060,-26.94919999999999,80.6601,-55.60799999999995,0.3382000000000005,3.299999999999997,1.4759000000000002,44.8587,82.46247500000001,-42.599812499999985,0.5370125000000003,4.191437500000001,1.4794,45.1027125,-1.0650974862009488,-0.053573193415467256
120.45,23.75,176.8161,SSP3-7.0,2041-2060,-19.272700000000015,80.8293,-25.65820000000008,0.48659999999999926,2.8519000000000077,1.3741000000000003,44.852199999999996,82.60636250000002,-34.70815000000002,0.39793749999999983,3.4699125000000013,1.4257,45.5948375,-1.0650974862009488,0.009622586954324176
120.45,23.8,172.7138,SSP3-7.0,2041-2060,-14.43089999999998,82.2048,-24.71620000000007,0.30719999999999814,0.8999999999999986,1.4389000000000003,45.5674,82.0817375,-24.321737500000012,0.447975,2.8375125000000025,1.1671375,45.57311249999999,-1.0650974862009488,0.0728183673241156
120.45,23.85,172.6274,SSP3-7.0,2041-2060,-14.173399999999987,83.03560000000002,-15.048600000000079,0.6131999999999991,2.781500000000001,0.8704000000000001,45.9196,80.83032499999999,-23.10952500000002,0.5367874999999995,2.040037500000002,0.9863374999999999,45.6364125,-1.0650974862009488,0.13601414769390704
120.45,23.9,166.1502,SSP3-7.0,2041-2060,-9.717500000000001,79.55199999999999,-17.71270000000004,0.7275999999999989,0.8185000000000002,0.8704000000000001,45.2,79.2620125,-24.640675000000016,0.7302000000000004,1.9773125000000018,0.6192,44.988862499999996,-1.0650974862009488,0.19920992806369398
120.45,23.95,174.7063,SSP3-7.0,2041-2060,-14.156200000000013,76.9091,-25.934600000000046,0.6953999999999994,-1.729600000000005,0.21110000000000007,42.8,78.68053750000001,-37.541225000000026,0.6451875,2.1442000000000014,0.3289375000000001,45.326074999999996,-1.0650974862009488,0.26240570843348543
120.45,24.0,172.2528,SSP3-7.0,2041-2060,-10.32990000000001,78.6909,-48.94309999999996,0.2527000000000008,0.06669999999999732,-0.33699999999999974,44.8565,78.0521875,-47.565799999999996,0.5893875,1.2435249999999964,0.18657500000000016,44.99265,-1.0650974862009488,0.32560148880327683
120.45,24.05,163.1144,SSP3-7.0,2041-2060,-8.562799999999982,76.881,-54.7349999999999,0.44780000000000086,-0.34070000000001244,0.1333000000000002,44.371700000000004,78.78128750000002,-58.751099999999965,0.408199999999999,1.5567249999999948,0.07686250000000017,45.8434625,-1.0650974862009488,0.3887972691730683
120.45,24.1,157.3901,SSP3-7.0,2041-2060,-6.096299999999985,77.62270000000001,-70.31150000000002,0.2644999999999982,1.7240999999999929,0.16110000000000024,45.4109,78.2814125,-63.31972499999995,0.4119250000000001,1.4986374999999956,0.20810000000000006,45.611937499999996,-1.0650974862009488,0.4519930495428597
120.45,24.15,154.1392,SSP3-7.0,2041-2060,-7.412399999999991,78.51249999999999,-77.61249999999995,0.2673999999999985,3.3166999999999973,0.24439999999999973,45.1239,78.1827625,-66.26349999999995,0.3775750000000002,1.6305625,0.16088750000000007,45.5826,-1.0650974862009488,0.5151888299126467
120.45,24.2,153.3517,SSP3-7.0,2041-2060,-5.76309999999998,78.0749,-66.69389999999987,0.39669999999999916,2.003699999999995,-0.28889999999999993,44.4543,77.92841250000001,-68.00614999999995,0.4074125000000004,1.8757000000000028,0.18703750000000008,45.09592500000001,-1.0650974862009488,0.578384610282438
120.5,22.4,199.1072,SSP3-7.0,2041-2060,-13.161400000000015,100.537,-25.252399999999852,1.0774000000000008,7.946299999999994,1.264800000000001,51.1652,97.69616249999999,-22.08421249999998,1.0465750000000011,8.9513875,1.9935124999999998,49.430437500000004,-0.9594036461197276,-1.696663483030022
120.5,22.45,202.3235,SSP3-7.0,2041-2060,-8.810100000000006,100.0834,6.336299999999937,1.3403000000000027,7.572199999999995,1.8499999999999996,50.626099999999994,97.70785,-27.149787499999945,1.080150000000001,9.299299999999999,1.875225,49.2244625,-0.9594036461197276,-1.6334677026602307
120.5,22.5,214.1717,SSP3-7.0,2041-2060,-9.840499999999992,97.96209999999999,2.598600000000033,1.2417000000000016,7.9315,2.1369999999999987,49.087,96.9659125,-46.64862499999995,1.0511125000000003,9.178912499999997,2.2219874999999996,49.145925,-0.9594036461197276,-1.570271922290439
120.5,22.55,231.1404,SSP3-7.0,2041-2060,-20.04509999999999,96.36680000000001,-76.76469999999995,0.6965999999999966,8.392599999999995,2.816699999999999,49.6413,94.67951249999999,-63.423074999999926,0.7978375000000004,7.3263874999999965,2.5210374999999994,48.7372375,-0.9594036461197276,-1.5070761419206478
120.5,22.6,229.9008,SSP3-7.0,2041-2060,-17.870800000000003,93.37650000000001,-104.34179999999992,0.26060000000000016,4.166699999999992,2.3480999999999987,49.0239,92.1787375,-98.7874625,0.49534999999999973,6.110874999999999,3.0546249999999997,47.4788,-0.9594036461197276,-1.4438803615508562
120.5,22.65,250.338,SSP3-7.0,2041-2060,-17.496700000000004,89.3259,-120.13660000000004,-0.11100000000000065,4.759299999999996,3.4611,44.684799999999996,90.55341250000001,-107.19676250000003,0.37723749999999967,4.3916625,3.2696749999999994,47.008412500000006,-0.9594036461197276,-1.3806845811810693
120.5,22.7,257.1677,SSP3-7.0,2041-2060,-15.763200000000012,90.07000000000001,-113.471,0.3269999999999982,2.0685000000000002,3.903699999999999,45.2283,86.85798750000001,-125.41570000000007,0.3948499999999995,5.352075000000002,3.3909874999999996,43.8869375,-0.9594036461197276,-1.317488800811278
120.5,22.75,253.0183,SSP3-7.0,2041-2060,-20.75370000000001,81.696,-150.81500000000005,0.37290000000000134,4.346299999999999,3.0573999999999995,39.856500000000004,85.775225,-115.811575,0.6222624999999997,6.4747625,3.4520874999999993,43.507324999999994,-0.9594036461197276,-1.2542930204414864
120.5,22.8,254.5648,SSP3-7.0,2041-2060,-23.1772,83.5996,-137.71169999999984,0.520500000000002,10.892599999999995,2.8833,42.3261,83.2244375,-106.61471250000008,0.7893874999999997,6.415512500000001,3.3231499999999996,41.9546125,-0.9594036461197276,-1.191097240071695
120.5,22.85,255.6571,SSP3-7.0,2041-2060,-23.959600000000023,84.4866,-95.33040000000028,0.23499999999999943,6.3315000000000055,3.4259000000000004,43.3022,83.000025,-86.80322499999997,1.0964874999999998,7.788424999999998,2.9546249999999996,42.0758125,-0.9594036461197276,-1.1279014597019037
120.5,22.9,262.6279,SSP3-7.0,2041-2060,-21.659100000000024,83.5137,-76.95219999999972,1.217600000000001,7.368499999999997,2.6241000000000003,41.793499999999995,82.91675000000001,-88.41732500000009,1.0106249999999992,8.354175,2.8317125,41.565475,-0.9594036461197276,-1.0647056793321166
120.5,22.95,278.503,SSP3-7.0,2041-2060,-31.781599999999997,82.5043,-105.3777,0.9664000000000001,8.566699999999997,2.3537,40.565200000000004,83.6111,-89.07531249999997,1.0224499999999996,9.846287499999999,2.7432875,41.0456375,-0.9594036461197276,-1.0015098989623252
120.5,23.0,297.2332,SSP3-7.0,2041-2060,-34.237599999999986,84.5917,-88.14579999999978,0.5609999999999999,10.574100000000001,2.8870000000000005,40.1978,84.236,-114.00668750000003,0.8952249999999999,10.165275000000001,2.7574,41.435050000000004,-0.9594036461197276,-0.9383141185925338
120.5,23.05,299.1761,SSP3-7.0,2041-2060,-33.19970000000001,85.6359,-116.74980000000005,0.7053000000000011,9.046300000000002,3.0851999999999986,41.8587,85.09235000000001,-123.59036249999994,0.7845749999999994,10.365275000000002,2.726375,42.3831625,-0.9594036461197276,-0.8751183382227424
120.5,23.1,303.6556,SSP3-7.0,2041-2060,-29.39240000000001,86.26069999999999,-151.64789999999994,0.747399999999999,11.8037,2.838899999999999,43.5043,85.17338749999999,-124.51932500000001,0.7205625000000002,9.194900000000002,2.8337875,43.213337499999994,-0.9594036461197276,-0.811922557852951
120.5,23.15,302.0877,SSP3-7.0,2041-2060,-22.680499999999995,84.1389,-78.32979999999998,0.6573999999999991,7.987000000000002,3.0296000000000003,42.773900000000005,84.9933,-133.92746249999996,0.6374125000000004,8.71295,2.7775499999999997,43.4329,-0.9594036461197276,-0.748726777483164
120.5,23.2,316.0196,SSP3-7.0,2041-2060,-34.00720000000001,84.0265,-126.44529999999986,0.5468000000000011,6.075899999999997,2.2963000000000005,42.9152,83.2739,-132.3598375,0.42996250000000114,7.291875000000001,3.018975,43.080725,-0.9594036461197276,-0.6855309971133726
120.5,23.25,308.7537,SSP3-7.0,2041-2060,-30.136199999999974,79.064,-169.32380000000012,-0.11639999999999873,6.3537000000000035,3.2943999999999996,41.3435,82.21010000000001,-148.60721249999992,0.4166750000000006,6.291874999999998,3.0171374999999996,43.1098,-0.9594036461197276,-0.6223352167435812
120.5,23.3,307.9355,SSP3-7.0,2041-2060,-25.4289,78.0743,-193.0281,0.2597999999999985,7.375899999999994,3.5556,40.6935,81.07061250000001,-155.64299999999992,0.30256250000000096,5.3819375,3.3287125,43.9796375,-0.9594036461197276,-0.5591394363737897
120.5,23.35,284.4778,SSP3-7.0,2041-2060,-29.8313,80.1534,-195.31219999999985,-0.08739999999999881,5.977800000000002,3.963000000000001,44.6457,81.45986249999999,-151.98583749999997,0.23355000000000015,4.239349999999998,3.2333499999999997,45.439675,-0.9594036461197276,-0.4959436560039983
120.5,23.4,236.4689,SSP3-7.0,2041-2060,-27.838099999999997,83.49719999999999,-152.24939999999992,-0.5543000000000013,2.496299999999998,3.4426000000000005,48.5804,81.70095,-136.32729999999998,0.3191375000000001,3.9382,3.0349625000000002,46.526362500000005,-0.9594036461197276,-0.43274787563421135
120.5,23.45,227.6155,SSP3-7.0,2041-2060,-17.24709999999999,82.5563,-84.31799999999998,0.8567999999999998,4.014800000000001,3.2796000000000003,46.8261,81.62155000000001,-129.7469125,0.17743749999999947,3.33195,2.6222125,46.763037499999996,-0.9594036461197276,-0.3695520952644199
120.5,23.5,227.3932,SSP3-7.0,2041-2060,-15.566400000000016,80.68199999999999,-99.0021999999999,0.5929000000000002,3.1518999999999977,2.364799999999999,45.4913,80.6586375,-104.78237499999997,0.46551249999999955,4.247437500000001,2.656925,45.519025,-0.9594036461197276,-0.3063563148946285
120.5,23.55,216.9757,SSP3-7.0,2041-2060,-14.323499999999996,79.82060000000001,-102.24549999999999,0.450800000000001,3.3537000000000035,2.2722000000000016,44.6674,80.6221125,-87.29636249999996,0.5195874999999996,4.337724999999999,2.5534625,44.776362500000005,-0.9594036461197276,-0.24316053452483705
120.5,23.6,221.8191,SSP3-7.0,2041-2060,-23.940499999999986,82.3735,-57.08969999999999,0.5272000000000006,4.0852,2.7167000000000012,45.7522,80.53312500000001,-71.64239999999995,0.6181625,4.570812499999999,2.2541625,43.715487499999995,-0.9594036461197276,-0.17996475415504562
120.5,23.65,203.9974,SSP3-7.0,2041-2060,-21.76740000000001,81.8967,-78.23720000000003,0.5984000000000016,4.311099999999996,2.1796000000000006,43.563,80.893125,-57.13153749999995,0.6032374999999996,4.735874999999999,1.9889,43.517125,-0.9594036461197276,-0.11676897378525869
120.5,23.7,192.0714,SSP3-7.0,2041-2060,-26.108900000000006,80.8933,-77.69450000000006,0.3686000000000007,6.063000000000002,1.6593,43.2543,80.49565,-44.96504999999996,0.6162875000000003,4.697687500000001,1.7557874999999998,42.7665875,-0.9594036461197276,-0.053573193415467256
120.5,23.75,173.0611,SSP3-7.0,2041-2060,-13.6798,80.84880000000001,-32.711900000000014,0.5308000000000028,5.281500000000001,1.3463000000000003,43.769600000000004,81.0642375,-37.27695,0.5121500000000001,4.632662500000001,1.6657499999999998,43.352712499999996,-0.9594036461197276,0.009622586954324176
120.5,23.8,165.0206,SSP3-7.0,2041-2060,-8.698499999999996,81.78359999999999,-20.641700000000128,0.501100000000001,5.0852,1.6851999999999991,45.047799999999995,81.45885000000001,-26.113999999999976,0.5361125000000002,4.483350000000002,1.322225,43.880174999999994,-0.9594036461197276,0.0728183673241156
120.5,23.85,168.0732,SSP3-7.0,2041-2060,-11.358400000000017,80.917,-27.892699999999877,0.4499999999999993,2.0833000000000013,0.9981,45.258700000000005,81.079425,-21.456687499999987,0.6249999999999996,4.346537500000001,1.2247750000000002,44.472825,-0.9594036461197276,0.13601414769390704
120.5,23.9,169.8942,SSP3-7.0,2041-2060,-8.964500000000015,77.8162,-26.22939999999994,0.9662999999999968,4.990700000000004,1.0907,44.3739,79.664525,-20.67353749999998,0.765075,2.4173625000000003,0.8122750000000002,44.357887500000004,-0.9594036461197276,0.19920992806369398
120.5,23.95,184.0378,SSP3-7.0,2041-2060,-13.679900000000004,74.68020000000001,-28.832300000000032,1.2229000000000028,1.5906999999999982,0.5388999999999999,42.0109,79.2232625,-32.387812499999995,0.6599624999999989,1.5152874999999995,0.5331125000000002,44.884499999999996,-0.9594036461197276,0.26240570843348543
120.5,24.0,179.1759,SSP3-7.0,2041-2060,-14.467700000000008,77.6065,-62.16820000000007,0.2397999999999989,0.7147999999999968,-0.025900000000000034,44.363,78.48155,-40.88485,0.6490125,0.35533749999999653,0.2745500000000002,44.795925,-0.9594036461197276,0.32560148880327683
120.5,24.05,168.6595,SSP3-7.0,2041-2060,-10.001000000000005,77.33420000000001,-50.97810000000004,0.30799999999999983,0.09259999999999025,0.3167,44.4,78.7551375,-57.442499999999995,0.3773499999999994,0.9729374999999951,0.14260000000000006,45.540212499999996,-0.9594036461197276,0.3887972691730683
120.5,24.1,158.9785,SSP3-7.0,2041-2060,-7.030699999999996,78.31980000000001,-52.18329999999992,0.361699999999999,0.6092999999999904,0.30739999999999945,45.547799999999995,78.25563749999999,-64.08692499999998,0.3293124999999999,1.3692249999999966,0.28866250000000016,45.5432125,-0.9594036461197276,0.4519930495428597
120.5,24.15,158.5858,SSP3-7.0,2041-2060,-9.233400000000017,78.22489999999999,-69.25729999999999,0.23060000000000258,0.3593000000000046,0.25930000000000053,45.0587,78.2854625,-66.32407499999995,0.3800874999999997,2.057174999999999,0.1629625,45.306512500000004,-0.9594036461197276,0.5151888299126467
120.5,24.2,160.4429,SSP3-7.0,2041-2060,-7.954000000000008,77.7694,-65.83680000000004,0.415300000000002,0.3685000000000116,-0.31479999999999997,44.45,78.77095,-63.80661249999993,0.45892500000000025,1.8636500000000007,0.23750000000000016,45.291575,-0.9594036461197276,0.578384610282438
120.5,24.25,164.6783,SSP3-7.0,2041-2060,-5.778400000000005,76.4903,-53.89899999999989,0.5629999999999988,1.4019000000000048,0.04809999999999981,43.5609,78.379875,-57.069299999999984,0.4956125000000009,1.643037500000002,-0.004174999999999818,44.9070625,-0.9594036461197276,0.6415803906522295
120.5,24.3,159.7178,SSP3-7.0,2041-2060,-5.920600000000007,76.3419,-45.00189999999998,0.6690000000000005,2.4222000000000037,-0.2740999999999998,43.3761,77.533,-39.21969999999999,0.5904625000000006,2.0749875000000015,-0.0814999999999999,44.95245,-0.9594036461197276,0.704776171022021
120.55,22.4,227.6629,SSP3-7.0,2041-2060,-20.082600000000014,98.60489999999999,-46.00929999999994,1.0156000000000027,11.557400000000001,1.4796000000000014,49.371700000000004,95.57784999999998,-31.11867499999994,0.9193375000000001,8.408787499999999,2.1368,48.915225,-0.8537098060385062,-1.696663483030022
120.55,22.45,239.3253,SSP3-7.0,2041-2060,-18.898599999999988,98.3239,-28.47199999999998,0.8133000000000017,9.340699999999998,2.251899999999999,49.1565,96.78155,-23.168162499999994,0.9559000000000011,7.940049999999999,2.0187375000000003,49.0622375,-0.8537098060385062,-1.6334677026602307
120.55,22.5,259.2096,SSP3-7.0,2041-2060,-23.668500000000023,96.20399999999998,-24.233999999999924,0.7424,7.390699999999995,2.6037,49.1935,95.036675,-46.6504625,0.8697250000000007,7.456475,2.4423624999999998,48.465774999999994,-0.8537098060385062,-1.570271922290439
120.55,22.55,253.096,SSP3-7.0,2041-2060,-25.8981,93.2243,-92.7942999999998,0.531600000000001,6.529600000000002,3.0443999999999996,48.15219999999999,92.6046125,-65.06368749999999,0.6565499999999997,5.577074999999998,2.7810124999999997,48.0231,-0.8537098060385062,-1.5070761419206478
120.55,22.6,244.0175,SSP3-7.0,2041-2060,-22.87050000000002,90.4288,-43.24569999999994,-0.31869999999999976,0.5610999999999962,3.8574,48.315200000000004,89.45916249999999,-113.75313749999995,0.5418124999999994,5.812499999999999,3.1145875,46.379887499999995,-0.8537098060385062,-1.4438803615508562
120.55,22.65,251.6719,SSP3-7.0,2041-2060,-21.27199999999999,84.9969,-142.33540000000016,0.37930000000000064,4.003700000000002,3.855599999999999,43.7804,87.1996125,-109.7864375,0.3871249999999993,4.192125,3.338425,45.26005,-0.8537098060385062,-1.3806845811810693
120.55,22.7,265.5977,SSP3-7.0,2041-2060,-17.993499999999983,84.0405,-100.80150000000026,0.7321999999999989,5.583300000000008,3.7388999999999992,43.3304,83.68452500000001,-121.73312500000006,0.4580250000000001,4.69005,3.5553375000000003,42.500275,-0.8537098060385062,-1.317488800811278
120.55,22.75,253.8176,SSP3-7.0,2041-2060,-14.20320000000001,80.97460000000001,-68.53570000000013,0.8793000000000006,4.988900000000001,4.670400000000001,40.7739,82.82544999999999,-120.70646250000001,0.6414124999999999,5.8312375,3.40625,42.03478749999999,-0.8537098060385062,-1.2542930204414864
120.55,22.8,251.6414,SSP3-7.0,2041-2060,-20.428500000000014,82.16810000000001,-119.93470000000002,0.9163999999999994,7.992599999999996,3.8888999999999996,42.317400000000006,81.72565,-113.27431250000006,0.744275,7.1129625,3.4124875,41.251375,-0.8537098060385062,-1.191097240071695
120.55,22.85,255.2334,SSP3-7.0,2041-2060,-22.4717,81.7012,-121.51940000000013,0.9164999999999992,8.074100000000001,3.6369999999999987,41.4957,82.62754999999999,-107.24507499999999,0.9197749999999996,8.77985,3.1455875,41.58506250000001,-0.8537098060385062,-1.1279014597019037
120.55,22.9,262.1451,SSP3-7.0,2041-2060,-17.706500000000005,81.654,-57.48579999999993,1.1725999999999992,10.529600000000002,2.9833,40.463,82.4786625,-113.26981250000006,0.9935249999999995,9.4530125,2.9372625,40.8353375,-0.8537098060385062,-1.0647056793321166
120.55,22.95,287.6154,SSP3-7.0,2041-2060,-26.711100000000044,81.6243,-102.2822000000001,1.2990999999999993,11.6278,2.609300000000001,38.904300000000006,82.37627499999999,-104.47633749999994,0.9575875000000003,10.259487499999999,2.7050875000000003,40.0277125,-0.8537098060385062,-1.0015098989623252
120.55,23.0,310.5027,SSP3-7.0,2041-2060,-28.665099999999995,81.7555,-56.55420000000004,1.1870000000000012,10.1481,2.5,38.7783,82.83687499999999,-129.384775,0.8289500000000003,10.93335,2.6666625,40.189125000000004,-0.8537098060385062,-0.9383141185925338
120.55,23.05,330.9167,SSP3-7.0,2041-2060,-30.86959999999999,81.6796,-123.13130000000001,0.8826999999999998,10.700000000000003,2.644400000000001,40.0848,83.7265875,-132.12738749999994,0.6805125000000003,10.5308,2.6546249999999993,40.9372375,-0.8537098060385062,-0.8751183382227424
120.55,23.1,343.1903,SSP3-7.0,2041-2060,-27.351699999999994,83.1241,-138.35959999999977,0.7125999999999983,10.262999999999998,2.75,41.287000000000006,84.1937125,-131.73532500000005,0.6809750000000006,9.702775000000003,2.7747624999999996,41.767399999999995,-0.8537098060385062,-0.811922557852951
120.55,23.15,328.4217,SSP3-7.0,2041-2060,-23.36779999999999,84.14169999999999,-111.58870000000024,0.8389000000000024,9.218500000000006,3.1074,41.9674,84.09254999999999,-134.54477499999996,0.5867125,8.9745375,2.749075,42.2443,-0.8537098060385062,-0.748726777483164
120.55,23.2,306.4682,SSP3-7.0,2041-2060,-26.365700000000004,82.9748,-148.55099999999993,0.3838000000000008,9.011099999999999,2.803700000000001,41.6457,82.94924999999999,-144.98692500000004,0.4701500000000012,7.868737500000001,2.7539249999999997,42.3442875,-0.8537098060385062,-0.6855309971133726
120.55,23.25,309.7694,SSP3-7.0,2041-2060,-29.11510000000004,79.5213,-204.06619999999975,0.14820000000000277,7.214799999999997,2.4888999999999992,40.7826,81.60832500000001,-174.56518749999998,0.36915000000000076,7.78055,2.796975,42.28425,-0.8537098060385062,-0.6223352167435812
120.55,23.3,305.6043,SSP3-7.0,2041-2060,-30.0154,79.7346,-230.1828999999998,0.10440000000000182,7.8444,2.8832999999999984,42.1196,80.15585,-188.15439999999995,0.37168750000000106,7.027537499999999,2.7280125,42.645125,-0.8537098060385062,-0.5591394363737897
120.55,23.35,287.5638,SSP3-7.0,2041-2060,-26.800400000000025,77.53819999999999,-220.74559999999974,0.34299999999999997,7.836999999999996,2.4093,42.1522,80.7564875,-200.69183749999996,0.290575,5.917825,2.7740750000000003,44.5068125,-0.8537098060385062,-0.4959436560039983
120.55,23.4,269.8697,SSP3-7.0,2041-2060,-29.633800000000036,78.9577,-247.24620000000027,-0.05039999999999978,4.777799999999999,2.2889,45.75,80.87076249999998,-184.67289999999994,0.34274999999999967,4.8731375,2.7791750000000004,45.7644125,-0.8537098060385062,-0.43274787563421135
120.55,23.45,262.998,SSP3-7.0,2041-2060,-27.016899999999993,80.2458,-192.97329999999988,0.14039999999999964,3.9333000000000027,2.1667000000000005,46.1761,80.57464999999999,-183.96710000000002,0.23538749999999942,3.890275,2.8689625000000003,46.17065,-0.8537098060385062,-0.3695520952644199
120.55,23.5,257.6796,SSP3-7.0,2041-2060,-23.496800000000007,79.56320000000001,-174.2095999999999,0.3312999999999988,4.244399999999999,2.9481,45.5783,80.208325,-161.27107499999997,0.31522499999999987,3.240500000000001,2.9800875000000002,45.1429375,-0.8537098060385062,-0.3063563148946285
120.55,23.55,237.0578,SSP3-7.0,2041-2060,-18.511599999999987,78.7761,-128.30649999999991,0.40559999999999974,3.0259,3.381500000000001,43.45869999999999,80.6005,-147.02541249999993,0.3435999999999999,3.4050874999999987,2.964575,44.717412499999995,-0.8537098060385062,-0.24316053452483705
120.55,23.6,218.2215,SSP3-7.0,2041-2060,-17.411299999999983,82.7697,-94.46309999999994,0.4502999999999986,3.3758999999999943,2.5184999999999995,44.9696,80.47312500000001,-117.30934999999994,0.5139500000000004,3.8662,3.0639000000000003,43.33425,-0.8537098060385062,-0.17996475415504562
120.55,23.65,208.916,SSP3-7.0,2041-2060,-20.017899999999997,79.4089,-39.39339999999993,0.9161000000000001,5.937000000000005,2.5962999999999994,40.2109,80.6922375,-84.85847499999997,0.6181250000000005,4.516899999999999,2.8018625,42.94347500000001,-0.8537098060385062,-0.11676897378525869
120.55,23.7,192.3829,SSP3-7.0,2041-2060,-18.78880000000001,79.03479999999999,-33.72129999999993,0.7899999999999991,5.1815,2.131499999999999,40.3087,80.470775,-52.21319999999997,0.7452250000000014,5.221300000000001,2.4689875,41.89565,-0.8537098060385062,-0.053573193415467256
120.55,23.75,181.1643,SSP3-7.0,2041-2060,-16.65440000000001,79.9562,-38.79009999999994,0.6994000000000007,6.574100000000001,2.0184999999999995,40.55,80.90835,-32.99234999999996,0.6813000000000011,5.308575000000001,2.0300999999999996,42.070925,-0.8537098060385062,0.009622586954324176
120.55,23.8,162.2805,SSP3-7.0,2041-2060,-5.5309999999999775,83.1518,-21.38559999999984,0.6061000000000014,7.105600000000003,1.5426000000000002,42.3826,80.79908749999998,-29.736324999999937,0.6090000000000009,5.291662500000001,1.6365749999999997,42.4744625,-0.8537098060385062,0.0728183673241156
120.55,23.85,169.5102,SSP3-7.0,2041-2060,-12.92949999999999,80.7273,-22.708699999999908,0.595600000000001,8.288900000000005,0.9889000000000001,42.741299999999995,80.7527,-28.670999999999935,0.634125,4.717125,1.4529999999999998,43.1317875,-0.8537098060385062,0.13601414769390704
120.55,23.9,177.276,SSP3-7.0,2041-2060,-9.6404,80.36410000000001,-23.210599999999886,0.6829000000000001,4.801899999999996,1.3111000000000006,44.55,79.656275,-26.721374999999938,0.8250625,4.013875000000001,1.0835625000000002,43.489125,-0.8537098060385062,0.19920992806369398
120.55,23.95,179.6715,SSP3-7.0,2041-2060,-13.204200000000014,81.1309,-4.048099999999977,1.1329999999999991,0.7037000000000049,0.7093000000000007,46.3826,79.4807625,-38.14508749999999,0.7172375,2.7562499999999996,0.8215250000000001,43.9671125,-0.8537098060385062,0.26240570843348543
120.55,24.0,185.4935,SSP3-7.0,2041-2060,-18.719099999999997,81.71640000000001,-50.855800000000045,0.5819999999999972,1.7556000000000012,0.43520000000000003,46.55,79.77328750000001,-43.831087499999995,0.6309625000000003,1.561799999999998,0.49770000000000014,44.8796125,-0.8537098060385062,0.32560148880327683
120.55,24.05,167.6183,SSP3-7.0,2041-2060,-9.990399999999994,80.5097,-62.7518,0.5503,0.7036999999999978,0.1889000000000003,46.9957,80.4230375,-55.66885000000002,0.3619624999999993,1.6928249999999965,0.38126249999999984,45.882324999999994,-0.8537098060385062,0.3887972691730683
120.55,24.1,160.576,SSP3-7.0,2041-2060,-7.342799999999983,78.6941,-57.59130000000005,0.3200000000000003,2.549999999999997,0.27780000000000005,46.2261,80.50312500000001,-59.10677499999997,0.3597874999999995,2.156487499999998,0.4842750000000001,46.764675000000004,-0.8537098060385062,0.4519930495428597
120.55,24.15,170.3301,SSP3-7.0,2041-2060,-7.284599999999983,78.26599999999999,-69.45789999999988,0.2458999999999989,2.548100000000005,0.7278000000000002,46.758700000000005,80.3048125,-59.67688749999999,0.4589000000000003,2.296525000000001,0.33335000000000015,46.583425000000005,-0.8537098060385062,0.5151888299126467
120.55,24.2,170.34,SSP3-7.0,2041-2060,-4.621399999999994,79.02430000000001,-70.90539999999987,0.7692000000000014,3.3370000000000033,0.1889000000000003,44.4804,79.5886,-59.22313749999998,0.4281500000000005,1.7743000000000029,0.3007000000000002,46.182075,-0.8537098060385062,0.578384610282438
120.55,24.25,176.9566,SSP3-7.0,2041-2060,0.376199999999983,79.0654,-51.260499999999865,0.5254000000000012,0.3480999999999952,0.36850000000000005,44.7435,78.6989375,-47.87581250000002,0.5915250000000007,2.0888750000000034,-0.029874999999999874,45.43995,-0.8537098060385062,0.6415803906522295
120.55,24.3,164.6762,SSP3-7.0,2041-2060,0.19360000000000355,77.8089,-30.407100000000128,0.6324000000000005,1.8870000000000005,-0.009299999999999642,45.437,76.753275,-37.208699999999965,0.6166750000000003,2.6766125,-0.10418749999999988,44.6035375,-0.8537098060385062,0.704776171022021
120.55,24.35,156.3234,SSP3-7.0,2041-2060,-1.3933999999999855,75.39089999999999,-38.046499999999924,0.5928000000000004,3.5962999999999994,-0.1462999999999992,43.932599999999994,75.7426375,-26.58767499999996,0.7198750000000005,2.8705749999999997,-0.14422499999999983,44.1907625,-0.8537098060385062,0.7679719513918124
120.55,24.4,152.6448,SSP3-7.0,2041-2060,-0.8492999999999995,72.99860000000001,-35.153999999999996,0.5884,4.6462999999999965,-0.2314999999999996,43.7196,75.3431875,-23.28503749999996,0.794025,2.9259000000000004,-0.17871249999999983,43.994012500000004,-0.8537098060385062,0.8311677317615993
120.6,22.35,235.3471,SSP3-7.0,2041-2060,-23.091800000000006,96.0641,-39.168699999999944,1.1450999999999993,9.942599999999999,1.9758999999999993,50.0674,90.0074625,-56.90087500000001,0.7153625000000003,10.9886625,2.0981375000000004,45.7472875,-0.7480159659572849,-1.759859263399809
120.6,22.4,257.9927,SSP3-7.0,2041-2060,-22.699900000000014,96.5477,-22.07679999999982,0.691399999999998,7.127800000000001,2.3611000000000004,49.0,92.424275,-51.690775,0.7910499999999998,9.6851875,2.1122625000000004,47.3698375,-0.7480159659572849,-1.696663483030022
120.6,22.45,287.9199,SSP3-7.0,2041-2060,-28.908199999999965,93.8238,-23.752899999999954,0.7998000000000012,7.609300000000005,2.0999999999999996,47.7457,90.316975,-49.89707499999997,0.7184999999999993,8.5613375,2.3988375000000004,45.84755,-0.7480159659572849,-1.6334677026602307
120.6,22.5,316.9811,SSP3-7.0,2041-2060,-39.4606,90.48950000000002,-52.95480000000043,0.7386000000000017,6.385200000000005,2.3537,46.3087,89.174575,-63.31948749999992,0.6966124999999992,7.407162500000001,2.6689875,45.38995,-0.7480159659572849,-1.570271922290439
120.6,22.55,316.2605,SSP3-7.0,2041-2060,-38.49189999999999,90.01960000000001,-107.39989999999989,0.7958999999999996,5.8907000000000025,2.9852000000000007,47.0087,87.25915,-83.74426250000002,0.6488749999999994,5.9055375,3.0551,45.0605875,-0.7480159659572849,-1.5070761419206478
120.6,22.6,287.5262,SSP3-7.0,2041-2060,-29.676300000000026,85.9896,-114.16719999999987,1.0952999999999982,3.8980999999999995,3.1463,45.6065,85.95505,-125.61745000000008,0.5494000000000003,5.9650375,3.2909875,44.7377625,-0.7480159659572849,-1.4438803615508562
120.6,22.65,297.1287,SSP3-7.0,2041-2060,-26.75709999999998,82.3737,-152.0852,0.6861999999999995,8.859300000000005,3.2592999999999996,43.1413,84.73566249999999,-133.6596375000001,0.5422625000000001,5.481925,3.4046374999999998,44.15325,-0.7480159659572849,-1.3806845811810693
120.6,22.7,285.9173,SSP3-7.0,2041-2060,-18.770100000000014,81.99189999999999,-130.04250000000002,0.4253999999999998,3.6407000000000025,2.9926000000000013,42.75,83.29713749999999,-135.40585000000013,0.6494125000000008,7.193050000000001,3.5590375,42.825275000000005,-0.7480159659572849,-1.317488800811278
120.6,22.75,274.4394,SSP3-7.0,2041-2060,-15.549099999999953,78.0472,-96.44360000000006,0.7051000000000016,4.853699999999996,3.2426000000000013,39.787,83.51271249999999,-135.56448750000004,0.7976374999999996,7.564100000000002,3.6652750000000003,42.6592375,-0.7480159659572849,-1.2542930204414864
120.6,22.8,270.2769,SSP3-7.0,2041-2060,-19.716800000000006,80.99029999999999,-116.43169999999986,1.1317999999999984,7.272200000000005,3.5426,40.682599999999994,82.9925625,-138.69312500000012,0.9358,8.2159625,3.5453625000000004,42.359525000000005,-0.7480159659572849,-1.191097240071695
120.6,22.85,272.7929,SSP3-7.0,2041-2060,-13.452499999999986,82.30969999999999,-119.40700000000015,1.1930999999999976,10.144399999999997,2.8407,41.787,83.6014625,-148.42048750000004,1.0245499999999996,9.1094875,3.3286875,42.2986375,-0.7480159659572849,-1.1279014597019037
120.6,22.9,290.1625,SSP3-7.0,2041-2060,-19.665099999999995,82.29839999999999,-134.70710000000008,0.9711999999999996,9.7074,2.9758999999999993,40.008700000000005,83.5646625,-152.69980000000004,0.9678374999999999,10.773375000000001,2.9597125,42.0279875,-0.7480159659572849,-1.0647056793321166
120.6,22.95,313.2142,SSP3-7.0,2041-2060,-23.85790000000003,81.39110000000001,-150.58249999999998,1.1493000000000002,13.8037,3.031500000000001,38.8261,83.0783,-142.3740375,0.7729625000000002,10.17755,2.749525,41.141287500000004,-0.7480159659572849,-1.0015098989623252
120.6,23.0,334.2407,SSP3-7.0,2041-2060,-23.467399999999998,81.3015,-166.0054,0.4356000000000009,11.3778,2.2851999999999997,39.5891,82.749225,-160.2933625,0.6383125000000005,10.76065,2.6039250000000003,40.7785375,-0.7480159659572849,-0.9383141185925338
120.6,23.05,362.2545,SSP3-7.0,2041-2060,-23.292700000000025,83.9666,-182.80349999999999,0.632200000000001,11.770400000000002,2.4369999999999994,41.486999999999995,82.5244375,-161.76312499999995,0.46125000000000016,9.8368125,2.5185125,40.8774625,-0.7480159659572849,-0.8751183382227424
120.6,23.1,383.8683,SSP3-7.0,2041-2060,-23.90599999999995,83.1767,-156.75289999999995,0.46300000000000097,9.262999999999998,2.4536999999999995,40.7957,83.69082499999999,-163.94358749999998,0.4909125000000003,9.939575000000001,2.6497624999999996,42.0576375,-0.7480159659572849,-0.811922557852951
120.6,23.15,369.5087,SSP3-7.0,2041-2060,-13.148699999999963,84.5496,-132.8787000000002,0.520900000000001,7.833300000000001,2.6018999999999988,41.6674,84.216725,-145.6602124999999,0.5734625000000002,9.183800000000002,2.767125,42.9413375,-0.7480159659572849,-0.748726777483164
120.6,23.2,315.9903,SSP3-7.0,2041-2060,-16.006399999999985,84.4891,-143.39300000000003,0.6617999999999995,9.5593,3.2185000000000006,43.3652,83.980425,-151.14385,0.5884625000000012,8.223600000000001,2.5662000000000003,43.267399999999995,-0.7480159659572849,-0.6855309971133726
120.6,23.25,305.9738,SSP3-7.0,2041-2060,-20.761499999999955,83.6629,-193.86990000000014,0.5036000000000023,8.7074,1.9944000000000006,43.9391,82.23196250000001,-169.54391249999992,0.598462500000001,8.0682875,2.516425,42.911699999999996,-0.7480159659572849,-0.6223352167435812
120.6,23.3,334.1415,SSP3-7.0,2041-2060,-27.615400000000022,80.8404,-191.72749999999996,0.6094000000000008,7.316700000000004,2.329600000000001,42.2522,81.2131125,-181.18833749999993,0.678287500000001,7.455999999999998,2.1263875,43.460875,-0.7480159659572849,-0.5591394363737897
120.6,23.35,322.9772,SSP3-7.0,2041-2060,-20.007299999999987,82.3923,-137.16190000000006,1.3133000000000017,5.436999999999998,1.7889,45.3522,80.4616125,-210.37964999999994,0.5523625000000001,6.758562499999999,2.12175,43.8505625,-0.7480159659572849,-0.4959436560039983
120.6,23.4,338.4893,SSP3-7.0,2041-2060,-24.99000000000001,82.40199999999999,-258.62649999999985,0.7297999999999973,6.116700000000002,1.9407000000000014,46.6609,80.578975,-212.2326625,0.45584999999999987,5.4393375,2.1271,44.8883125,-0.7480159659572849,-0.43274787563421135
120.6,23.45,332.1796,SSP3-7.0,2041-2060,-28.3245,78.1809,-235.99630000000025,0.00039999999999906777,3.1722000000000037,3.2425999999999995,45.7217,80.12955,-242.2484375,0.2857374999999993,4.780775,2.2900375000000004,44.5951125,-0.7480159659572849,-0.3695520952644199
120.6,23.5,343.8021,SSP3-7.0,2041-2060,-30.152600000000007,78.75789999999999,-220.08860000000004,-0.023399999999998755,3.1480999999999995,3.4444,44.7565,80.2109875,-222.73746249999996,0.2723874999999989,3.65045,2.6926,44.310062499999994,-0.7480159659572849,-0.3063563148946285
120.6,23.55,327.9692,SSP3-7.0,2041-2060,-29.785300000000007,82.64699999999999,-227.23819999999978,0.09829999999999828,2.1240999999999985,3.6889000000000003,44.0457,79.9804375,-199.03681249999994,0.3247749999999998,3.3610999999999978,2.9229125,43.705725,-0.7480159659572849,-0.24316053452483705
120.6,23.6,256.096,SSP3-7.0,2041-2060,-12.634800000000013,78.1901,-201.86639999999989,0.3214000000000006,3.757399999999997,3.763,42.4783,80.8693875,-150.89132499999988,0.5023,3.3476874999999993,3.2761625,43.260075,-0.7480159659572849,-0.17996475415504562
120.6,23.65,200.8481,SSP3-7.0,2041-2060,-9.000299999999982,80.6721,-104.09789999999998,0.793800000000001,4.3352,3.9130000000000003,42.4978,79.93945,-108.03287499999988,0.6974,3.8597124999999997,3.2636624999999997,42.10028749999999,-0.7480159659572849,-0.11676897378525869
120.6,23.7,198.1259,SSP3-7.0,2041-2060,-14.446100000000001,79.70769999999999,-31.69769999999994,1.0953000000000017,5.0259,3.5332999999999988,40.7239,79.81198749999999,-61.71423749999991,0.8730250000000002,4.492362500000001,3.0956124999999997,41.2521875,-0.7480159659572849,-0.053573193415467256
120.6,23.75,189.4702,SSP3-7.0,2041-2060,-17.501000000000005,80.38250000000001,-15.082899999999881,0.9594000000000023,4.242600000000003,2.5055999999999994,40.595699999999994,80.8135,-37.171799999999934,0.8451250000000003,4.853712500000001,2.5722125,41.206525,-0.7480159659572849,0.009622586954324176
120.6,23.8,177.3559,SSP3-7.0,2041-2060,-14.591899999999981,81.4643,-31.00319999999988,0.5991,4.4833,1.8369999999999997,40.4848,81.00388749999999,-35.984337499999924,0.7388000000000012,5.822237500000002,2.0724625,41.4932125,-0.7480159659572849,0.0728183673241156
120.6,23.85,177.3776,SSP3-7.0,2041-2060,-14.286699999999996,80.31299999999999,-49.05939999999987,0.5366,6.294399999999996,1.713,41.3478,81.4093125,-38.82931249999993,0.649512500000001,5.062287500000002,1.6567125000000003,42.012224999999994,-0.7480159659572849,0.13601414769390704
120.6,23.9,169.1613,SSP3-7.0,2041-2060,-7.722000000000008,80.2116,-29.945400000000063,0.7309000000000019,2.8926000000000016,1.4463,41.6087,81.456525,-41.29852499999993,0.713775,4.8046375,1.3333500000000003,43.271725,-0.7480159659572849,0.19920992806369398
120.6,23.95,169.1359,SSP3-7.0,2041-2060,-5.9809999999999945,81.45400000000001,-25.054999999999836,0.9651999999999994,5.2667,1.183300000000001,44.189099999999996,81.7923625,-44.50093750000002,0.653775,2.4134374999999997,1.0632125000000001,44.119837499999996,-0.7480159659572849,0.26240570843348543
120.6,24.0,185.8405,SSP3-7.0,2041-2060,-17.673000000000002,81.9971,-58.86400000000003,0.34790000000000276,0.036999999999999034,0.5925999999999991,44.091300000000004,82.3131625,-48.556587500000006,0.6167749999999992,2.550237499999999,0.8261750000000002,45.5481,-0.7480159659572849,0.32560148880327683
120.6,24.05,185.0339,SSP3-7.0,2041-2060,-18.580099999999987,83.4737,-57.95119999999997,0.28059999999999974,3.3851999999999975,0.4778000000000002,46.6043,82.2077875,-60.924412500000045,0.4416124999999993,2.5638749999999986,0.6275624999999998,46.2622375,-0.7480159659572849,0.3887972691730683
120.6,24.1,179.1346,SSP3-7.0,2041-2060,-16.746399999999994,84.2425,-54.75890000000004,0.45569999999999666,4.3980999999999995,0.6684999999999999,49.2761,82.3239125,-66.73078749999996,0.3376874999999995,3.3634125,0.5979375000000002,47.2991875,-0.7480159659572849,0.4519930495428597
120.6,24.15,188.8,SSP3-7.0,2041-2060,-12.291300000000007,83.6542,-55.515699999999924,0.4454999999999991,5.1556,0.9278000000000004,49.4761,82.201075,-69.46081249999997,0.4137249999999999,2.945337500000001,0.4659875000000002,47.626900000000006,-0.7480159659572849,0.5151888299126467
120.6,24.2,189.5597,SSP3-7.0,2041-2060,-6.045599999999979,82.5093,-51.36640000000011,0.6732000000000014,1.5944000000000003,0.35190000000000055,48.1522,81.5731375,-68.50812499999992,0.36826250000000016,1.981462500000001,0.4319500000000003,47.40842500000001,-0.7480159659572849,0.578384610282438
120.6,24.25,180.3961,SSP3-7.0,2041-2060,-2.546199999999999,80.7293,-57.19150000000013,0.3262999999999998,2.4185000000000016,0.03699999999999992,47.2565,80.281575,-45.494474999999994,0.529125000000001,1.1958124999999997,0.14005000000000012,46.7948375,-0.7480159659572849,0.6415803906522295
120.6,24.3,169.6259,SSP3-7.0,2041-2060,0.9620999999999924,78.9181,-8.398400000000038,0.6838000000000015,3.281500000000001,-0.26670000000000016,46.8065,77.71392499999999,-31.41859999999997,0.6155875000000002,1.6298374999999998,-0.04073749999999987,45.3758125,-0.7480159659572849,0.704776171022021
120.6,24.35,166.0059,SSP3-7.0,2041-2060,7.148899999999998,74.0917,-8.717799999999897,0.9847000000000001,3.298099999999998,-0.36850000000000005,43.432599999999994,75.524125,-20.385937499999983,0.7227125000000001,2.8416499999999996,-0.13773749999999985,44.5336875,-0.7480159659572849,0.7679719513918124
120.6,24.4,157.7691,SSP3-7.0,2041-2060,0.8393999999999835,72.2537,-34.766399999999976,0.5134000000000007,5.244399999999999,-0.0851999999999995,43.3065,74.5713875,-18.404087499999946,0.9392125,3.5154999999999994,-0.14051249999999993,43.6347625,-0.7480159659572849,0.8311677317615993
120.65,22.25,217.9816,SSP3-7.0,2041-2060,-22.51769999999999,94.7338,-88.91930000000002,0.7664000000000009,17.209300000000006,1.5925999999999991,49.1174,84.06038749999999,-78.22906250000005,0.6792750000000001,15.996750000000002,2.1749875,43.4018875,-0.6423221258760335,-1.8862508241393918
120.65,22.3,240.0325,SSP3-7.0,2041-2060,-25.981300000000005,92.60589999999999,-58.54250000000002,0.6646999999999998,16.650000000000006,1.8963,47.1674,83.689075,-82.21240000000006,0.6920250000000001,14.270375000000001,2.1965125,43.0163,-0.6423221258760335,-1.8230550437696005
120.65,22.35,297.1076,SSP3-7.0,2041-2060,-32.71119999999996,88.73320000000001,-82.07620000000043,0.2998000000000012,12.274100000000004,2.4519,46.65,80.2143625,-76.56993749999998,0.6069999999999993,12.578475000000001,2.4754375,39.846199999999996,-0.6423221258760335,-1.759859263399809
120.65,22.4,339.4786,SSP3-7.0,2041-2060,-37.290099999999995,83.0389,-92.32889999999998,0.7449999999999974,10.340699999999998,2.687000000000001,44.3674,82.404475,-67.71495000000002,0.5572999999999992,9.9143625,2.5999875,41.10735,-0.6423221258760335,-1.696663483030022
120.65,22.45,364.378,SSP3-7.0,2041-2060,-41.903999999999996,80.26839999999999,-76.46579999999994,0.4323999999999941,8.470399999999998,2.687000000000001,40.4348,80.32955000000001,-60.93616250000002,0.6254499999999994,8.477312500000002,2.892125,39.644575,-0.6423221258760335,-1.6334677026602307
120.65,22.5,376.5089,SSP3-7.0,2041-2060,-43.10489999999999,79.05850000000001,-56.63499999999976,0.5692999999999984,7.877800000000008,2.7667,38.9478,80.190575,-67.58387500000003,0.7583749999999996,7.205550000000001,3.107875,39.7285375,-0.6423221258760335,-1.570271922290439
120.65,22.55,414.5796,SSP3-7.0,2041-2060,-40.55220000000003,82.47409999999999,-96.80200000000013,0.8881999999999977,6.1480999999999995,2.9130000000000003,42.480399999999996,78.69335000000001,-94.74648750000006,0.8795125000000001,6.761787500000001,3.366225,38.98885,-0.6423221258760335,-1.5070761419206478
120.65,22.6,455.9923,SSP3-7.0,2041-2060,-38.758399999999995,80.20439999999999,-189.1211000000003,0.9442999999999984,8.453699999999998,3.7555999999999994,41.4804,78.911475,-124.87253750000002,0.8865125000000003,6.2483625,3.1166875000000003,39.689387499999995,-0.6423221258760335,-1.4438803615508562
120.65,22.65,403.1326,SSP3-7.0,2041-2060,-34.56790000000001,83.9186,-181.1560000000004,0.4884000000000057,7.274099999999997,2.657400000000001,43.543499999999995,78.9117625,-145.76581249999998,0.9201874999999995,6.664562500000001,3.05395,39.5391125,-0.6423221258760335,-1.3806845811810693
120.65,22.7,389.3107,SSP3-7.0,2041-2060,-34.58460000000002,86.3146,-168.40769999999975,0.591899999999999,10.4407,3.2333,44.4196,79.677175,-147.02053750000005,0.8526875000000005,6.970600000000001,2.912275,39.8423875,-0.6423221258760335,-1.317488800811278
120.65,22.75,360.4782,SSP3-7.0,2041-2060,-31.873100000000022,85.71100000000001,-173.48170000000027,0.7329000000000008,11.540700000000001,3.8148,43.8261,81.3089,-152.96386249999992,0.9183624999999993,7.168275000000001,3.072212500000001,40.2839625,-0.6423221258760335,-1.2542930204414864
120.65,22.8,369.6386,SSP3-7.0,2041-2060,-27.7774,85.91069999999999,-206.8804,0.9711999999999996,9.0537,3.4407000000000014,43.1739,79.93361250000001,-175.19241250000002,0.9067124999999998,8.739800000000002,3.1041625,39.4913125,-0.6423221258760335,-1.191097240071695
120.65,22.85,361.9481,SSP3-7.0,2041-2060,-15.536299999999983,87.118,-203.3425000000002,1.1719000000000008,9.079600000000006,2.8278,45.7152,80.98441249999999,-195.39806249999995,0.7793499999999991,9.5525375,3.11595,39.9799,-0.6423221258760335,-1.1279014597019037
120.65,22.9,342.0699,SSP3-7.0,2041-2060,-21.6918,86.971,-227.06230000000005,0.9448000000000008,11.166699999999999,3.3332999999999995,44.5326,81.5418875,-211.58962499999996,0.43958750000000046,10.7231375,3.0326375,40.791325,-0.6423221258760335,-1.0647056793321166
120.65,22.95,353.0599,SSP3-7.0,2041-2060,-25.750800000000027,85.748,-239.91669999999976,-0.1045999999999978,11.761099999999999,2.4147999999999996,44.5,81.9616375,-216.815725,0.22828749999999998,10.321075,2.962725,40.934237499999995,-0.6423221258760335,-1.0015098989623252
120.65,23.0,336.8459,SSP3-7.0,2041-2060,-18.54299999999995,83.27369999999999,-154.97859999999991,0.2779999999999987,5.1019000000000005,2.894400000000001,42.354299999999995,81.06935000000001,-255.922575,-0.060999999999999055,11.448387499999999,2.60765,40.509249999999994,-0.6423221258760335,-0.9383141185925338
120.65,23.05,374.8571,SSP3-7.0,2041-2060,-15.53019999999998,82.555,-272.0979000000002,-0.21719999999999828,11.172199999999997,2.3000000000000007,41.2935,81.634525,-232.20774999999992,0.0751375000000003,10.100475,2.318525,41.0375125,-0.6423221258760335,-0.8751183382227424
120.65,23.1,387.8653,SSP3-7.0,2041-2060,-19.106600000000014,83.32939999999999,-226.22509999999966,-0.0517000000000003,10.668500000000002,2.3203999999999994,42.837,82.365125,-201.1660875,0.33945000000000025,9.835875,2.4539374999999994,41.88046250000001,-0.6423221258760335,-0.811922557852951
120.65,23.15,368.115,SSP3-7.0,2041-2060,-6.729600000000005,86.1806,-124.46389999999974,0.6088999999999984,7.8907000000000025,3.036999999999999,45.837,82.78922499999999,-154.72521249999994,0.6275,9.213425,2.5363499999999997,42.454637500000004,-0.6423221258760335,-0.748726777483164
120.65,23.2,339.2139,SSP3-7.0,2041-2060,-5.6952,86.31739999999999,-115.94749999999976,0.9704000000000015,7.596299999999999,2.446300000000001,45.7957,82.7410625,-142.81031250000007,0.8329499999999999,8.5030125,2.54745,43.1576,-0.6423221258760335,-0.6855309971133726
120.65,23.25,301.5406,SSP3-7.0,2041-2060,-9.507799999999975,84.49510000000001,-177.7849000000001,0.7330000000000005,8.316699999999997,2.0500000000000007,44.5043,82.8702,-154.5235,0.9139250000000003,8.264125,2.4747625000000006,43.760062500000004,-0.6423221258760335,-0.6223352167435812
120.65,23.3,315.2784,SSP3-7.0,2041-2060,-8.843499999999949,79.483,-144.69830000000002,1.1767000000000003,7.686999999999998,1.9110999999999994,42.8283,83.6463,-170.39498750000007,0.9142000000000006,7.542362499999999,2.0629625000000003,44.6212,-0.6423221258760335,-0.5591394363737897
120.65,23.35,338.7004,SSP3-7.0,2041-2060,-17.57049999999998,82.8775,-140.99699999999984,1.104099999999999,6.603699999999996,1.4852000000000007,46.008700000000005,82.51521249999999,-198.093975,0.7993375,6.995825,2.033325,44.196487499999996,-0.6423221258760335,-0.4959436560039983
120.65,23.4,378.3673,SSP3-7.0,2041-2060,-31.5702,81.8595,-248.81320000000005,0.40190000000000126,5.8851999999999975,1.7258999999999993,43.0326,81.661975,-210.93165,0.6705374999999996,6.126612500000001,1.9949125,44.810325000000006,-0.6423221258760335,-0.43274787563421135
120.65,23.45,414.5657,SSP3-7.0,2041-2060,-41.14420000000001,82.5799,-273.92779999999993,0.3940999999999981,5.8685000000000045,1.9093,44.913,78.79095,-261.2223375,0.3282874999999996,5.163187500000001,2.2062375,43.1399375,-0.6423221258760335,-0.3695520952644199
120.65,23.5,438.6241,SSP3-7.0,2041-2060,-48.593200000000024,76.6704,-322.1023,0.36219999999999786,4.272199999999998,1.8963,39.8935,79.79243749999999,-245.66770000000002,0.2672249999999998,3.739812500000001,2.5594874999999995,43.5567875,-0.6423221258760335,-0.3063563148946285
120.65,23.55,361.7503,SSP3-7.0,2041-2060,-32.99359999999996,83.0246,-227.14570000000003,0.44679999999999964,2.5629999999999953,2.3073999999999995,44.6935,79.537375,-239.62591249999997,0.2525249999999999,3.0409749999999995,2.8743125,42.470937500000005,-0.6423221258760335,-0.24316053452483705
120.65,23.6,293.7536,SSP3-7.0,2041-2060,-14.878300000000024,82.0915,-224.11229999999978,0.30400000000000205,2.501899999999999,3.1241000000000003,43.8174,81.4492875,-178.65345,0.47916250000000016,2.8467624999999996,3.460425,43.35028749999999,-0.6423221258760335,-0.17996475415504562
120.65,23.65,246.2337,SSP3-7.0,2041-2060,-7.367999999999995,77.5652,-162.3734999999997,0.6035000000000004,2.9185000000000016,4.679600000000001,42.387,81.8812125,-130.44242499999993,0.6985125000000001,3.0858750000000006,3.530575,43.2046125,-0.6423221258760335,-0.11676897378525869
120.65,23.7,209.2149,SSP3-7.0,2041-2060,-8.792599999999993,80.74770000000001,-76.63529999999992,1.0985999999999976,2.1796000000000006,3.763,41.906499999999994,81.5831,-81.40453749999992,0.9017500000000007,3.884950000000001,3.514125,42.8372375,-0.6423221258760335,-0.053573193415467256
120.65,23.75,199.5551,SSP3-7.0,2041-2060,-18.345700000000022,80.7285,-23.619500000000016,1.1234000000000002,4.570399999999999,3.157400000000001,41.5609,81.55482500000001,-54.84611249999992,0.9114625000000003,3.799075000000001,2.918525,41.9057125,-0.6423221258760335,0.009622586954324176
120.65,23.8,200.0373,SSP3-7.0,2041-2060,-21.314099999999996,81.71700000000001,-40.52170000000001,0.7491000000000021,3.709300000000006,2.5944000000000003,41.73479999999999,80.92226249999999,-49.24839999999995,0.8158125000000007,4.973387499999999,2.42155,41.248374999999996,-0.6423221258760335,0.0728183673241156
120.65,23.85,194.0294,SSP3-7.0,2041-2060,-17.93720000000002,81.0548,-76.70679999999993,0.6408000000000023,5.7926,2.0593000000000004,41.032599999999995,81.257875,-48.095212499999974,0.7290125000000005,4.278712500000001,1.9402874999999997,41.2706375,-0.6423221258760335,0.13601414769390704
120.65,23.9,181.6138,SSP3-7.0,2041-2060,-9.35669999999999,82.58359999999999,-65.15249999999992,0.5915999999999997,3.424100000000003,1.4741,41.563,81.73485,-52.90939999999998,0.7334000000000005,3.98125,1.5474750000000002,42.2252625,-0.6423221258760335,0.19920992806369398
120.65,23.95,181.2748,SSP3-7.0,2041-2060,-11.87469999999999,84.0245,-64.44710000000009,0.5644999999999989,3.8647999999999954,1.2278000000000002,44.3674,82.3757,-49.25697500000001,0.7378625000000008,1.6976875000000007,1.15835,43.13261249999999,-0.6423221258760335,0.26240570843348543
120.65,24.0,179.1852,SSP3-7.0,2041-2060,-12.548300000000012,82.3107,-59.48400000000015,0.5974000000000004,1.8277999999999963,1.3092999999999995,43.845699999999994,83.43163750000001,-54.5745,0.6210749999999998,1.8397999999999994,0.9435375000000001,44.744025,-0.6423221258760335,0.32560148880327683
120.65,24.05,190.7765,SSP3-7.0,2041-2060,-17.512100000000004,83.8854,-63.859699999999975,0.26119999999999877,2.8943999999999974,1.0777999999999999,45.45,83.7812,-63.43945000000002,0.5514749999999995,2.3974374999999988,0.8259499999999999,46.135325,-0.6423221258760335,0.3887972691730683
120.65,24.1,194.7942,SSP3-7.0,2041-2060,-22.94829999999999,84.3064,-79.22980000000007,0.41839999999999833,6.3444,0.4703999999999997,47.663,84.29728750000001,-74.01304999999994,0.3962749999999988,3.7402749999999996,0.7995500000000001,47.52935,-0.6423221258760335,0.4519930495428597
120.65,24.15,204.3697,SSP3-7.0,2041-2060,-21.268699999999995,85.80180000000001,-87.48889999999983,0.17960000000000065,3.3259000000000043,0.6352000000000011,49.2196,83.9234,-77.66113749999997,0.39929999999999977,2.747912499999999,0.5814874999999999,48.454612499999996,-0.6423221258760335,0.5151888299126467
120.65,24.2,200.7228,SSP3-7.0,2041-2060,-17.431600000000003,84.7642,-84.88789999999995,0.24780000000000157,-0.5352000000000032,0.4074,49.2391,82.7190625,-76.53594999999996,0.3108000000000004,1.6752375000000006,0.4324125000000001,48.238600000000005,-0.6423221258760335,0.578384610282438
120.65,24.25,198.4469,SSP3-7.0,2041-2060,-9.435200000000009,81.2799,-71.35719999999992,0.20639999999999858,-0.746299999999998,0.16300000000000026,48.093500000000006,80.899725,-47.203374999999994,0.4313875000000009,0.5122624999999994,0.18217499999999986,47.552162499999994,-0.6423221258760335,0.6415803906522295
120.65,24.3,177.468,SSP3-7.0,2041-2060,2.676700000000011,78.88250000000001,4.627099999999928,0.49480000000000146,0.3999999999999986,-0.08330000000000037,47.406499999999994,77.914175,-26.00272499999997,0.6621250000000001,1.1405000000000003,-0.08911250000000015,45.5038,-0.6423221258760335,0.704776171022021
120.65,24.35,175.6112,SSP3-7.0,2041-2060,6.992800000000017,74.4628,1.0047000000001844,1.1618999999999993,1.8370000000000033,-0.2869999999999999,42.7043,75.61172499999999,-7.502712500000001,0.8623875000000001,2.5555375,-0.15046250000000017,44.40705,-0.6423221258760335,0.7679719513918124
120.65,24.4,177.823,SSP3-7.0,2041-2060,1.6714000000000055,73.47749999999999,-21.946899999999914,1.1141999999999967,1.8406999999999982,0.007399999999999629,42.956500000000005,74.1050125,-18.65497499999998,1.0916250000000005,4.332174999999999,-0.10440000000000005,42.996725,-0.6423221258760335,0.8311677317615993
120.65,24.45,163.5848,SSP3-7.0,2041-2060,1.243300000000005,73.23589999999999,-34.2965999999999,0.938600000000001,3.466699999999996,0.11479999999999979,43.1043,73.2997125,-25.833049999999986,1.083075,5.3199000000000005,-0.06411250000000002,42.6268875,-0.6423221258760335,0.8943635121313908
120.65,24.5,160.682,SSP3-7.0,2041-2060,0.40790000000001214,72.9964,-31.63130000000001,0.7158000000000015,5.551900000000003,-0.04260000000000019,42.7283,72.86045,-34.991412500000024,1.1152875,5.7493124999999985,-0.06435000000000013,42.038025,-0.6423221258760335,0.9575592925011822
120.7,21.95,230.9297,SSP3-7.0,2041-2060,-34.70939999999999,90.15790000000001,-156.4773,-0.4454999999999991,17.9185,2.5147999999999993,45.991299999999995,90.2977875,-151.75556249999997,-0.5191500000000002,17.0777875,2.7014125,46.190200000000004,-0.5366282857948123,-2.265425506358136
120.7,22.0,237.8747,SSP3-7.0,2041-2060,-36.297799999999995,90.07150000000001,-103.63799999999992,-0.7727000000000004,10.49629999999999,2.1129999999999995,45.8087,90.035275,-139.6304375,-0.4190999999999998,16.427324999999996,2.4768750000000006,46.2608625,-0.5366282857948123,-2.2022297259883445
120.7,22.05,245.2909,SSP3-7.0,2041-2060,-33.300399999999996,92.14430000000002,-101.00959999999986,-0.7698,13.907399999999996,1.5167000000000002,45.437,89.61237500000001,-112.22610000000003,-0.24156250000000012,14.243524999999998,2.1947,46.0807,-0.5366282857948123,-2.139033945618553
120.7,22.1,238.3069,SSP3-7.0,2041-2060,-25.564100000000025,91.05069999999999,-52.561500000000024,-0.421599999999998,9.99629999999999,1.3666999999999998,44.9391,88.3506,-106.8206625,0.12440000000000007,13.861799999999999,1.9914500000000002,45.705974999999995,-0.5366282857948123,-2.0758381652487614
120.7,22.15,223.9088,SSP3-7.0,2041-2060,-22.92410000000001,89.2936,-69.76350000000002,-0.040800000000000836,9.333300000000008,1.3000000000000007,46.2891,86.7137875,-89.61123749999999,0.4545500000000007,13.69165,1.9185249999999998,44.942375,-0.5366282857948123,-2.0126423848789745
120.7,22.2,211.7954,SSP3-7.0,2041-2060,-16.7312,92.0727,-98.41390000000001,0.6907999999999994,14.640700000000002,1.8185000000000002,48.1652,84.361975,-77.66667499999997,0.5858000000000008,14.556237500000002,1.9381999999999995,43.4488875,-0.5366282857948123,-1.9494466045091832
120.7,22.25,217.0396,SSP3-7.0,2041-2060,-18.433400000000006,86.6281,-86.01519999999982,0.8503000000000007,15.468500000000006,1.75,45.663000000000004,83.10849999999999,-81.80102500000004,0.7984499999999999,16.75555,2.2911874999999995,42.5187375,-0.5366282857948123,-1.8862508241393918
120.7,22.3,259.9265,SSP3-7.0,2041-2060,-28.029699999999963,79.12879999999998,-86.22919999999999,0.5502000000000002,18.255599999999994,2.1944,40.0065,80.010875,-82.62247500000007,0.6536750000000007,15.806950000000004,2.2847125,40.214124999999996,-0.5366282857948123,-1.8230550437696005
120.7,22.35,330.0179,SSP3-7.0,2041-2060,-33.07209999999998,66.16829999999999,-105.16800000000012,0.4292000000000016,14.4037,2.5443999999999996,30.5109,75.16783749999999,-92.21820000000011,0.5305749999999998,13.471525,2.6161875000000006,36.8845125,-0.5366282857948123,-1.759859263399809
120.7,22.4,431.5457,SSP3-7.0,2041-2060,-48.71930000000003,67.4678,-113.63599999999997,0.07779999999999632,10.8444,3.2036999999999995,31.169600000000003,70.35839999999999,-88.63360000000011,0.6003749999999997,10.910425,2.9060000000000006,33.558975000000004,-0.5366282857948123,-1.696663483030022
120.7,22.45,438.457,SSP3-7.0,2041-2060,-45.21780000000001,70.1625,-79.37519999999995,0.5829000000000022,8.642599999999995,3.4758999999999993,33.2804,67.565525,-72.81911250000007,0.7069124999999978,9.4293875,3.1951375000000004,31.41035,-0.5366282857948123,-1.6334677026602307
120.7,22.5,444.0645,SSP3-7.0,2041-2060,-42.30930000000001,62.0477,-46.72970000000032,0.7988,8.990700000000004,4.1889,26.337000000000003,69.01245,-58.66461249999992,0.8719499999999991,7.849999999999999,3.2768625,32.866025,-0.5366282857948123,-1.570271922290439
120.7,22.55,488.9889,SSP3-7.0,2041-2060,-43.11680000000001,72.239,-57.19069999999965,1.0304000000000002,5.507399999999997,4.1593,34.2326,66.5097375,-83.32282500000008,0.9600749999999998,7.9402625,3.3025624999999996,31.774175,-0.5366282857948123,-1.5070761419206478
120.7,22.6,562.3419,SSP3-7.0,2041-2060,-32.68830000000003,69.4985,-133.77350000000024,1.0635000000000048,7.090699999999998,3.5740999999999996,31.989099999999997,68.1595,-116.81263750000005,0.9564000000000004,7.125687499999999,2.9180625,33.540475,-0.5366282857948123,-1.4438803615508562
120.7,22.65,544.4473,SSP3-7.0,2041-2060,-22.668800000000033,64.7787,-156.4058,1.0441999999999965,5.3185,2.2388999999999992,29.513,72.40485,-139.82312500000006,1.0384500000000005,7.801612499999999,2.6847250000000003,35.64185,-0.5366282857948123,-1.3806845811810693
120.7,22.7,490.1472,SSP3-7.0,2041-2060,-23.889200000000017,80.14269999999999,-122.1234999999997,1.5107,5.6148000000000025,2.2315000000000005,37.413,75.82532499999999,-144.76608750000008,1.0208749999999998,7.8854125,2.590275,37.0562625,-0.5366282857948123,-1.317488800811278
120.7,22.75,464.0424,SSP3-7.0,2041-2060,-27.575400000000002,80.4536,-164.42599999999993,1.2286000000000001,8.663000000000004,2.8611000000000004,38.7652,77.59968749999999,-151.3611125,0.9910124999999983,7.8036875,2.7425875000000004,37.425,-0.5366282857948123,-1.2542930204414864
120.7,22.8,459.2751,SSP3-7.0,2041-2060,-25.50569999999999,76.62020000000001,-218.95550000000003,0.782199999999996,7.807400000000001,3.0333000000000006,35.2804,75.03402499999999,-189.00403750000004,0.7200249999999992,8.35485,2.9305625000000006,36.0929375,-0.5366282857948123,-1.191097240071695
120.7,22.85,452.4225,SSP3-7.0,2041-2060,-29.54630000000003,68.21889999999999,-309.0512999999996,0.30810000000000315,10.557400000000001,2.6704000000000008,30.087,75.910325,-223.784,0.3178249999999987,8.9411875,3.1668875000000005,37.45625,-0.5366282857948123,-1.1279014597019037
120.7,22.9,392.5271,SSP3-7.0,2041-2060,-25.46690000000001,84.55609999999999,-230.6891999999998,-0.06760000000000232,10.711100000000002,3.0907,44.287,76.75285,-279.47844999999995,-0.21114999999999906,10.141662499999999,3.3395875000000004,38.14675,-0.5366282857948123,-1.0647056793321166
120.7,22.95,420.996,SSP3-7.0,2041-2060,-38.20679999999999,80.6949,-305.02070000000003,-1.1046999999999976,10.020399999999995,4.4093,41.1196,79.254775,-299.6686375,-0.36540000000000017,10.1257,2.9428,40.092662499999996,-0.5366282857948123,-1.0015098989623252
120.7,23.0,394.6266,SSP3-7.0,2041-2060,-30.165399999999977,75.2064,-365.48,-0.7803000000000004,10.6796,1.6814999999999998,36.7565,78.5265625,-323.64290000000005,-0.5314749999999995,9.94145,2.8513875000000004,39.9095125,-0.5366282857948123,-0.9383141185925338
120.7,23.05,410.8476,SSP3-7.0,2041-2060,-22.971900000000005,77.6913,-365.47389999999996,-0.4983000000000004,11.0019,2.3019,40.5022,78.44851249999999,-309.225925,-0.27793750000000017,9.9122625,2.3233875,39.67881250000001,-0.5366282857948123,-0.8751183382227424
120.7,23.1,402.7462,SSP3-7.0,2041-2060,-17.98169999999999,85.1306,-239.94259999999986,0.12260000000000204,10.9407,2.174100000000001,43.978300000000004,79.4487125,-262.50145,0.08611249999999915,10.152775000000002,2.3946875,41.1339875,-0.5366282857948123,-0.811922557852951
120.7,23.15,376.2442,SSP3-7.0,2041-2060,-7.564499999999953,75.67060000000001,-134.91530000000012,1.0834999999999972,8.814799999999998,2.325899999999999,39.482600000000005,81.58815,-190.14029999999985,0.5066499999999992,9.603475000000001,2.3687625,42.4886125,-0.5366282857948123,-0.748726777483164
120.7,23.2,364.7975,SSP3-7.0,2041-2060,-3.3753000000000384,79.6504,-87.74659999999994,1.2494999999999976,9.031500000000001,2.75,41.715199999999996,80.1334875,-157.66193749999996,0.8793499999999992,8.797,2.2384250000000003,41.819300000000005,-0.5366282857948123,-0.6855309971133726
120.7,23.25,319.5886,SSP3-7.0,2041-2060,2.7945000000000277,83.2302,-147.43020000000024,1.3024000000000022,7.870400000000004,2.4019000000000013,44.75,79.7494625,-160.77912499999996,0.9378499999999992,8.6504625,2.1213,41.425824999999996,-0.5366282857948123,-0.6223352167435812
120.7,23.3,324.5851,SSP3-7.0,2041-2060,-7.265199999999993,85.28819999999999,-211.375,0.8375999999999983,8.3444,2.7462999999999997,45.434799999999996,80.7937,-168.41956250000004,0.9694875000000001,8.030325,1.8032500000000002,42.45245,-0.5366282857948123,-0.5591394363737897
120.7,23.35,357.7791,SSP3-7.0,2041-2060,-22.84340000000003,86.3838,-162.8135000000002,0.9101999999999997,7.742599999999996,1.7073999999999998,44.728300000000004,81.311925,-193.6710875,0.7586250000000003,7.1965125,1.9349625,43.207075,-0.5366282857948123,-0.4959436560039983
120.7,23.4,387.3973,SSP3-7.0,2041-2060,-40.73389999999995,81.4725,-229.53589999999986,0.41580000000000084,7.437000000000005,2.1167,43.2826,80.799925,-208.82355,0.6474875000000004,6.369437500000001,1.77315,43.24402500000001,-0.5366282857948123,-0.43274787563421135
120.7,23.45,410.6323,SSP3-7.0,2041-2060,-48.18649999999997,77.0069,-248.39429999999993,0.4966000000000008,6.635200000000005,1.7684999999999995,41.815200000000004,78.79113749999999,-257.02102499999995,0.38439999999999985,5.2724375000000006,1.8652749999999998,41.9198375,-0.5366282857948123,-0.3695520952644199
120.7,23.5,447.641,SSP3-7.0,2041-2060,-57.40300000000002,73.97749999999999,-326.22159999999985,0.24299999999999855,4.6389,1.5147999999999993,39.9565,80.017,-249.93233750000002,0.35257499999999986,3.8238375000000007,2.0245374999999997,42.7481,-0.5366282857948123,-0.3063563148946285
120.7,23.55,377.4282,SSP3-7.0,2041-2060,-30.856499999999983,82.16479999999999,-206.32910000000038,0.48200000000000287,1.768500000000003,2.5999999999999996,42.5522,79.98455000000001,-249.0744125,0.19534999999999947,2.7854374999999987,2.4034749999999994,42.258425,-0.5366282857948123,-0.24316053452483705
120.7,23.6,340.1265,SSP3-7.0,2041-2060,-27.791300000000035,81.7998,-189.04880000000003,0.2326999999999977,2.1167000000000016,2.962999999999999,42.267399999999995,82.0494375,-187.5719875000001,0.4000000000000008,2.4539500000000007,3.2120375,43.46115,-0.5366282857948123,-0.17996475415504562
120.7,23.65,260.59,SSP3-7.0,2041-2060,-6.114499999999964,85.5307,-111.12800000000016,0.8548000000000009,3.1906999999999996,3.7685000000000013,45.8804,81.76915,-142.37114999999994,0.6167999999999996,2.2502375000000017,3.4852,42.687775,-0.5366282857948123,-0.11676897378525869
120.7,23.7,217.806,SSP3-7.0,2041-2060,-1.5298999999999978,86.3101,-104.95299999999975,0.8874999999999993,1.5796000000000063,3.4167000000000005,46.065200000000004,81.1196125,-89.88254999999995,0.9345624999999997,3.2942124999999995,3.6412000000000004,42.1225625,-0.5366282857948123,-0.053573193415467256
120.7,23.75,202.2517,SSP3-7.0,2041-2060,-10.331400000000002,81.768,-98.28379999999993,0.8963000000000001,5.216699999999996,3.1388999999999996,42.987,81.4434875,-54.520112499999925,1.0473499999999998,2.7537125,3.2821750000000005,41.5964625,-0.5366282857948123,0.009622586954324176
120.7,23.8,190.7907,SSP3-7.0,2041-2060,-14.391399999999976,80.34129999999999,-40.59130000000005,1.0063999999999993,3.955599999999997,2.5593000000000004,40.7478,80.44126250000001,-55.12546249999997,0.9184625000000013,3.7442374999999997,2.9594875000000003,40.952175,-0.5366282857948123,0.0728183673241156
120.7,23.85,192.2506,SSP3-7.0,2041-2060,-14.219599999999986,81.32570000000001,-59.640300000000025,0.7645000000000017,5.231500000000004,2.4018999999999995,41.2304,80.990575,-61.379062499999975,0.8618000000000006,3.173400000000001,2.2773250000000003,41.0847625,-0.5366282857948123,0.13601414769390704
120.7,23.9,185.3979,SSP3-7.0,2041-2060,-13.729600000000005,82.1065,-68.84789999999998,0.8538999999999994,4.238900000000001,1.4962999999999997,41.4478,82.09365,-74.68892500000001,0.7506125000000008,2.2601875000000007,1.7333625000000001,42.136125,-0.5366282857948123,0.19920992806369398
120.7,23.95,181.8069,SSP3-7.0,2041-2060,-16.01690000000002,83.3887,-49.57330000000002,0.8108000000000004,-1.731499999999997,0.8519000000000005,42.5783,83.27285,-74.49970000000005,0.7835125000000005,1.0222249999999997,1.4046500000000002,43.437225,-0.5366282857948123,0.26240570843348543
120.7,24.0,180.7551,SSP3-7.0,2041-2060,-11.558099999999996,84.9534,-37.13370000000009,1.005200000000002,-2.3740999999999985,0.9130000000000003,45.737,83.8582375,-75.68528750000007,0.7237,0.8020749999999994,1.2808000000000002,44.6187625,-0.5366282857948123,0.32560148880327683
120.7,24.05,191.374,SSP3-7.0,2041-2060,-12.917200000000008,84.2763,-79.71199999999999,0.7331999999999965,3.3759000000000015,1.2241,44.934799999999996,84.176625,-79.85210000000006,0.6958375000000006,1.3391124999999997,1.0902875,45.97745,-0.5366282857948123,0.3887972691730683
120.7,24.1,200.5656,SSP3-7.0,2041-2060,-17.917900000000003,84.68950000000001,-80.38199999999983,0.5733999999999995,2.1851999999999947,0.9519000000000002,46.9304,84.0941625,-98.64382500000002,0.5135999999999994,3.3789250000000015,0.8444375000000002,46.919574999999995,-0.5366282857948123,0.4519930495428597
120.7,24.15,211.7542,SSP3-7.0,2041-2060,-22.37379999999999,84.35489999999999,-112.43599999999992,0.24099999999999966,5.201900000000002,0.43329999999999913,48.3435,83.8475625,-98.27887499999997,0.4116500000000003,2.193975,0.5856500000000003,47.964125,-0.5366282857948123,0.5151888299126467
120.7,24.2,215.4407,SSP3-7.0,2041-2060,-19.838300000000004,82.8662,-102.71239999999989,0.13940000000000197,-2.3611000000000004,0.44069999999999965,48.5565,82.58970000000001,-90.52252499999997,0.2955500000000004,1.4872750000000003,0.40208750000000004,48.0399625,-0.5366282857948123,0.578384610282438
120.7,24.25,214.8046,SSP3-7.0,2041-2060,-10.673299999999983,80.55690000000001,-74.21949999999993,0.27500000000000213,-1.1870000000000047,0.4703999999999997,46.810900000000004,80.7250625,-58.86318749999998,0.37705000000000055,0.14883749999999996,0.19561249999999974,47.6190125,-0.5366282857948123,0.6415803906522295
120.7,24.3,200.8877,SSP3-7.0,2041-2060,-8.416799999999995,77.97130000000001,-3.477999999999838,0.6107999999999976,0.4870000000000019,0.09999999999999964,46.1891,78.20677500000001,-32.124975000000006,0.657525000000001,0.6326374999999995,0.020162499999999528,45.645925000000005,-0.5366282857948123,0.704776171022021
120.7,24.35,177.1856,SSP3-7.0,2041-2060,3.908600000000007,75.3034,14.33589999999981,1.0481000000000016,-0.26480000000000103,-0.5611000000000006,42.737,76.4160125,-17.357562499999972,0.9931124999999996,3.08795,0.03889999999999971,44.548075000000004,-0.5366282857948123,0.7679719513918124
120.7,24.4,173.267,SSP3-7.0,2041-2060,4.1370000000000005,73.9956,-1.6772000000000844,1.449300000000001,6.157400000000003,0.05370000000000008,42.4217,74.650775,-24.472924999999975,1.1631749999999998,4.411812499999999,-0.018050000000000233,43.1043375,-0.5366282857948123,0.8311677317615993
120.7,24.45,170.5324,SSP3-7.0,2041-2060,10.9435,72.5374,-42.2195999999999,1.276600000000002,7.1129999999999995,0.06109999999999971,41.9,73.5798875,-30.359700000000032,1.1508499999999997,5.6736249999999995,0.017362499999999947,42.748625,-0.5366282857948123,0.8943635121313908
120.7,24.5,157.9655,SSP3-7.0,2041-2060,7.397199999999998,72.381,-42.07190000000014,1.2118000000000002,6.6480999999999995,-0.22219999999999995,42.5239,72.597575,-29.354437500000017,1.1027000000000007,5.857899999999999,-0.04953750000000012,41.774175,-0.5366282857948123,0.9575592925011822
120.7,24.55,154.1484,SSP3-7.0,2041-2060,2.4659999999999798,72.7516,-36.559200000000146,1.1121000000000016,6.0685,-0.2815000000000003,41.4109,72.69453750000001,-30.47183750000005,0.9837625000000005,5.9909875,-0.04190000000000005,41.6880375,-0.5366282857948123,1.0207550728709736
120.7,24.6,152.1908,SSP3-7.0,2041-2060,1.0258000000000038,74.8435,-26.948700000000144,1.021600000000003,8.133300000000006,0.16110000000000024,42.3348,72.07446250000001,-29.574900000000042,0.9065499999999997,5.064349999999999,-0.21573750000000003,41.13015,-0.5366282857948123,1.0839508532407651
120.75,21.9,240.7403,SSP3-7.0,2041-2060,-35.14859999999999,89.15279999999998,-183.60320000000002,-0.3664000000000023,18.1648,2.6906999999999996,45.371700000000004,90.64902500000001,-183.12125,-0.4181375000000003,18.22755,3.1051,46.4491625,-0.4309344457135909,-2.3286212867279272
120.75,21.95,248.0101,SSP3-7.0,2041-2060,-40.97110000000001,89.798,-165.16779999999994,-0.6876999999999995,18.566699999999997,2.9519,46.2304,90.3462625,-171.945575,-0.4048875000000005,17.7421375,2.89445,46.33965,-0.4309344457135909,-2.265425506358136
120.75,22.0,264.8936,SSP3-7.0,2041-2060,-45.205600000000004,89.9998,-128.09230000000002,-0.4067000000000007,17.009300000000003,3.251900000000001,45.6391,89.99576250000001,-156.70126249999998,-0.47272500000000006,17.054174999999997,2.6326625000000003,46.560050000000004,-0.4309344457135909,-2.2022297259883445
120.75,22.05,259.2501,SSP3-7.0,2041-2060,-36.79439999999997,90.92840000000001,-113.51859999999988,-0.40889999999999915,16.412999999999997,2.005600000000001,45.7978,89.13363749999999,-135.14110000000005,-0.1535375000000001,15.281949999999998,2.4727000000000006,46.415225,-0.4309344457135909,-2.139033945618553
120.75,22.1,243.7158,SSP3-7.0,2041-2060,-26.417400000000015,88.8186,-78.97380000000021,0.5198999999999998,15.714799999999997,2.1278000000000006,46.2022,86.8728,-122.310475,0.16158750000000044,13.843525,2.1058000000000003,45.422275,-0.4309344457135909,-2.0758381652487614
120.75,22.15,227.9635,SSP3-7.0,2041-2060,-12.832400000000007,78.6946,-72.61069999999995,0.9415000000000013,12.864800000000002,1.8518999999999988,40.7043,85.8145,-107.29456250000004,0.5464000000000007,13.913875,2.1824,45.041287499999996,-0.4309344457135909,-2.0126423848789745
120.75,22.2,222.212,SSP3-7.0,2041-2060,-11.057400000000001,82.7901,-69.70630000000006,0.7119999999999997,13.298100000000005,2.1869999999999994,43.4391,81.6146875,-96.73836249999997,0.8463500000000006,15.104150000000002,2.3057874999999997,42.422525,-0.4309344457135909,-1.9494466045091832
120.75,22.25,227.0294,SSP3-7.0,2041-2060,-14.814600000000013,75.5069,-67.05549999999994,0.9161999999999999,21.118499999999997,2.7258999999999993,38.3761,79.6476625,-91.97022499999997,0.8697250000000003,16.109250000000003,2.4564749999999997,40.7570375,-0.4309344457135909,-1.8862508241393918
120.75,22.3,268.0443,SSP3-7.0,2041-2060,-23.985900000000015,75.01740000000001,-77.79370000000017,0.7501999999999995,16.268500000000003,2.3758999999999997,37.7478,73.06728749999999,-91.80454999999992,0.8357875000000003,16.2259375,2.713875,35.813575,-0.4309344457135909,-1.8230550437696005
120.75,22.35,330.0234,SSP3-7.0,2041-2060,-26.392899999999997,60.6934,-95.4094,0.5526000000000018,13.063000000000002,2.9407000000000014,26.480399999999996,68.36226249999999,-96.37724999999998,0.6726375,13.8449125,2.8354,32.1953875,-0.4309344457135909,-1.759859263399809
120.75,22.4,426.5289,SSP3-7.0,2041-2060,-43.9384,54.65729999999999,-131.72970000000032,0.6043000000000021,10.075899999999997,3.1796000000000006,21.487000000000002,64.45773750000001,-75.431175,0.7381124999999997,11.5865875,3.1208125,29.1703875,-0.4309344457135909,-1.696663483030022
120.75,22.45,402.7515,SSP3-7.0,2041-2060,-33.15730000000002,59.1452,-46.51560000000018,1.156799999999997,10.012999999999998,3.2814999999999994,25.2609,60.2801375,-57.186262500000055,0.839575,10.221749999999998,3.4080874999999997,26.372575,-0.4309344457135909,-1.6334677026602307
120.75,22.5,383.3252,SSP3-7.0,2041-2060,-26.844899999999996,54.8404,-18.51220000000012,1.2708999999999975,8.822199999999995,3.566699999999999,23.2783,61.1859375,-35.74188749999996,0.9924625000000011,9.651387499999998,3.5187375000000003,27.4299,-0.4309344457135909,-1.570271922290439
120.75,22.55,401.9101,SSP3-7.0,2041-2060,-25.960699999999974,53.9115,-37.82039999999961,1.044700000000006,7.3185,3.3648000000000007,25.013,60.759437500000004,-51.69137500000005,1.0596375,9.591424999999997,3.3648124999999998,27.503812500000002,-0.4309344457135909,-1.5070761419206478
120.75,22.6,437.8793,SSP3-7.0,2041-2060,-4.622500000000002,50.0428,-87.18870000000015,1.1008999999999958,8.8204,2.2906999999999993,24.6674,62.327625,-84.50868750000001,1.0494375000000016,8.605537499999999,3.013425,28.888849999999998,-0.4309344457135909,-1.4438803615508562
120.75,22.65,487.3667,SSP3-7.0,2041-2060,-3.153099999999995,57.7069,-128.81640000000016,1.1101000000000028,8.1648,1.9648000000000003,27.393500000000003,64.07786250000001,-110.10536250000001,1.1968249999999996,8.161337499999998,2.56065,29.899175,-0.4309344457135909,-1.3806845811810693
120.75,22.7,485.5615,SSP3-7.0,2041-2060,3.5102999999999724,71.4103,-107.9980999999998,1.497799999999998,6.553699999999999,1.7704000000000004,34.2283,67.583225,-127.82788750000003,1.1656249999999995,7.499537500000001,2.4527750000000004,31.454074999999996,-0.4309344457135909,-1.317488800811278
120.75,22.75,433.8144,SSP3-7.0,2041-2060,6.172400000000039,76.3089,-77.43700000000035,1.4730999999999952,5.127800000000001,2.1814999999999998,34.76089999999999,69.47841249999999,-150.8141624999999,0.928399999999999,7.4923625,2.5157375000000006,32.501075,-0.4309344457135909,-1.2542930204414864
120.75,22.8,441.5667,SSP3-7.0,2041-2060,-7.987900000000025,58.379099999999994,-135.60500000000002,0.36829999999999785,6.290699999999994,2.2352000000000007,26.2978,67.6128125,-192.27978749999994,0.49218749999999867,7.201625000000001,2.80185,30.944562499999996,-0.4309344457135909,-1.191097240071695
120.75,22.85,461.3478,SSP3-7.0,2041-2060,-28.141999999999996,58.172,-241.8083999999999,-0.49390000000000356,6.5259,3.4130000000000003,26.1174,65.94494999999999,-231.8694124999999,-0.09141250000000012,8.0259125,2.95925,30.936412500000003,-0.4309344457135909,-1.1279014597019037
120.75,22.9,460.7495,SSP3-7.0,2041-2060,-38.938800000000015,69.5555,-325.92869999999994,-1.1342999999999996,10.894399999999997,3.9611,34.2457,66.4197875,-280.25747499999994,-0.6260749999999993,8.5289375,3.3192125,31.4228375,-0.4309344457135909,-1.0647056793321166
120.75,22.95,447.1037,SSP3-7.0,2041-2060,-40.31369999999998,77.5445,-383.6970000000001,-1.2764999999999986,11.1278,3.687000000000001,38.8565,68.4753375,-324.95345000000003,-0.8315624999999995,9.737962499999998,3.0115749999999997,32.979637499999995,-0.4309344457135909,-1.0015098989623252
120.75,23.0,452.9206,SSP3-7.0,2041-2060,-33.742999999999995,71.183,-469.5966000000003,-0.782700000000002,9.563000000000002,2.4795999999999996,35.2087,69.55494999999999,-359.2713375000001,-0.8245874999999994,10.1643625,2.663675,33.922287499999996,-0.4309344457135909,-0.9383141185925338
120.75,23.05,440.0337,SSP3-7.0,2041-2060,-35.20269999999999,69.5221,-398.36180000000013,-0.5457999999999998,9.783300000000004,2.3240999999999996,35.4413,70.808425,-375.77908750000006,-0.4430500000000004,10.347225,1.942375,34.5809875,-0.4309344457135909,-0.8751183382227424
120.75,23.1,430.4859,SSP3-7.0,2041-2060,-34.09910000000002,77.3879,-347.12480000000005,-0.24640000000000128,11.3889,2.4130000000000003,39.5609,74.08235,-330.89637500000003,0.004649999999999377,10.2006875,1.8548749999999996,37.5244625,-0.4309344457135909,-0.811922557852951
120.75,23.15,392.1154,SSP3-7.0,2041-2060,-17.585000000000036,83.25280000000001,-231.34889999999996,0.5558999999999976,10.501900000000006,2.1351999999999993,44.1174,75.1230625,-257.21467499999994,0.4321624999999987,10.090037500000001,1.8796374999999999,37.8119625,-0.4309344457135909,-0.748726777483164
120.75,23.2,370.2086,SSP3-7.0,2041-2060,-10.850099999999998,71.45609999999999,-148.32299999999987,0.8439999999999976,8.8093,1.674100000000001,36.0674,77.85485,-202.06498749999997,0.8043374999999986,9.676625000000001,2.0312499999999996,39.709775,-0.4309344457135909,-0.6855309971133726
120.75,23.25,348.2569,SSP3-7.0,2041-2060,-8.322499999999991,70.4651,-181.08179999999993,0.9366999999999983,10.575900000000004,1.8369999999999997,34.0,78.93879999999999,-187.64496249999996,0.8648999999999987,8.9428375,2.0224625,40.2638625,-0.4309344457135909,-0.6223352167435812
120.75,23.3,342.7216,SSP3-7.0,2041-2060,-13.46410000000003,80.8404,-219.2759000000001,0.7548999999999992,8.842599999999997,1.5556,41.0609,79.3637,-191.7069125,0.8480624999999997,8.0625,1.9168999999999998,40.908425,-0.4309344457135909,-0.5591394363737897
120.75,23.35,367.3666,SSP3-7.0,2041-2060,-25.025800000000004,78.5745,-173.2748999999999,0.8379000000000012,6.6037000000000035,1.4778000000000002,41.7391,80.7997625,-207.91584999999998,0.6505750000000003,7.337262499999999,1.9171374999999997,42.097575000000006,-0.4309344457135909,-0.4959436560039983
120.75,23.4,402.595,SSP3-7.0,2041-2060,-41.991900000000044,80.0998,-181.39850000000024,0.5401000000000025,6.168500000000002,2.4611,42.2696,79.7057375,-209.3604249999999,0.5838625000000008,6.278925,1.6203749999999997,42.183975000000004,-0.4309344457135909,-0.43274787563421135
120.75,23.45,407.0928,SSP3-7.0,2041-2060,-50.70390000000003,77.0175,-240.9692,0.495000000000001,5.448100000000004,1.6500000000000004,41.445699999999995,77.8925375,-228.26913749999989,0.38480000000000025,5.3854125,1.8117999999999994,41.0054375,-0.4309344457135909,-0.3695520952644199
120.75,23.5,408.9241,SSP3-7.0,2041-2060,-42.562400000000025,76.65199999999999,-233.19969999999967,0.22309999999999874,2.4610999999999947,1.6480999999999995,40.5652,77.8724125,-239.55253750000003,0.2898000000000005,4.5932875000000015,1.9280124999999995,41.162774999999996,-0.4309344457135909,-0.3063563148946285
120.75,23.55,389.5544,SSP3-7.0,2041-2060,-29.76389999999998,85.0199,-247.39060000000018,-0.07920000000000016,1.5741000000000014,2.4166999999999987,46.106500000000004,77.1403875,-222.31560000000007,0.2123124999999999,3.6583500000000004,2.3842624999999993,40.178799999999995,-0.4309344457135909,-0.24316053452483705
120.75,23.6,347.3933,SSP3-7.0,2041-2060,-27.235900000000015,80.64070000000001,-223.3743000000004,-0.16979999999999862,2.1555999999999997,3.3574,40.7674,80.3118875,-167.38645000000014,0.4079250000000001,3.2379750000000023,2.8972375,42.3005375,-0.4309344457135909,-0.17996475415504562
120.75,23.65,258.0759,SSP3-7.0,2041-2060,-2.3041999999999803,80.35810000000001,-98.7224000000001,0.7578999999999994,2.959300000000006,3.4426000000000005,41.48479999999999,81.84836250000001,-135.54716250000007,0.5700874999999992,2.734725000000002,3.20025,42.793462500000004,-0.4309344457135909,-0.11676897378525869
120.75,23.7,222.1197,SSP3-7.0,2041-2060,3.2288000000000068,84.6401,-59.74959999999987,1.2199999999999989,1.5906999999999982,3.1351999999999993,42.8065,82.2957125,-104.64949999999999,0.7833749999999995,3.422687500000001,3.3407500000000008,42.827175,-0.4309344457135909,-0.053573193415467256
120.75,23.75,210.2625,SSP3-7.0,2041-2060,-7.936099999999982,77.6186,-88.54829999999993,0.9220000000000006,3.727799999999995,4.044400000000001,37.9674,82.11318750000001,-75.88691249999994,0.9625999999999997,3.0634375,3.122,42.225,-0.4309344457135909,0.009622586954324176
120.75,23.8,191.8796,SSP3-7.0,2041-2060,-10.135500000000008,79.4446,-1.5421999999998661,1.3718000000000004,0.7166999999999959,3.5869999999999997,39.9826,80.7075375,-76.88073749999998,0.8643625000000008,3.787512499999999,2.9895875000000003,40.9972875,-0.4309344457135909,0.0728183673241156
120.75,23.85,195.4845,SSP3-7.0,2041-2060,-17.730699999999985,79.8729,-52.14110000000005,0.879800000000003,0.988900000000001,2.6926000000000005,41.121700000000004,80.91550000000001,-87.82521249999996,0.8544750000000003,3.5595,2.5689875,40.8565125,-0.4309344457135909,0.13601414769390704
120.75,23.9,188.8619,SSP3-7.0,2041-2060,-7.4649,80.8039,-145.529,0.8009999999999984,2.5611000000000033,1.7555999999999994,41.047799999999995,82.3627125,-106.5327375,0.7030750000000006,2.0455999999999994,2.0291750000000004,42.096999999999994,-0.4309344457135909,0.19920992806369398
120.75,23.95,183.7087,SSP3-7.0,2041-2060,-9.335700000000003,83.6951,-84.32130000000006,0.951900000000002,-2.0500000000000043,1.4037000000000006,44.1478,83.8822125,-114.8799625,0.7129500000000002,1.1296249999999999,1.59955,43.4760875,-0.4309344457135909,0.26240570843348543
120.75,24.0,188.7842,SSP3-7.0,2041-2060,-11.312399999999997,85.70510000000002,-71.08210000000008,0.9026000000000032,-3.314799999999998,1.6574000000000009,45.341300000000004,84.2262125,-111.35466250000005,0.7816374999999995,1.1569374999999997,1.3993125000000002,44.93045,-0.4309344457135909,0.32560148880327683
120.75,24.05,206.2086,SSP3-7.0,2041-2060,-15.06189999999998,83.5801,-133.0028000000002,0.968,1.5500000000000043,1.4944000000000006,46.284800000000004,84.60321250000001,-97.09647500000003,0.8048000000000002,1.4284749999999997,1.2590375000000003,45.842125,-0.4309344457135909,0.3887972691730683
120.75,24.1,208.7482,SSP3-7.0,2041-2060,-7.7672000000000025,83.98239999999998,-114.6427000000001,0.8405000000000022,1.6000000000000014,0.8481000000000005,46.5674,83.58068750000001,-109.12358750000001,0.6745374999999991,2.777100000000001,1.1301000000000003,46.14675,-0.4309344457135909,0.4519930495428597
120.75,24.15,208.3345,SSP3-7.0,2041-2060,-9.921999999999997,82.566,-118.77870000000007,0.466899999999999,2.738900000000001,0.5722000000000005,46.8935,83.04962499999999,-106.05038749999997,0.5074125000000005,2.3416875,0.8759250000000003,46.6413,-0.4309344457135909,0.5151888299126467
120.75,24.2,219.7389,SSP3-7.0,2041-2060,-12.4298,81.804,-118.10860000000002,0.42719999999999914,4.253700000000002,0.35930000000000106,48.6435,81.51792499999999,-97.20722499999997,0.36577500000000107,1.2949249999999992,0.7196624999999999,46.508700000000005,-0.4309344457135909,0.578384610282438
120.75,24.25,239.7277,SSP3-7.0,2041-2060,-18.663600000000002,79.5899,-56.90340000000015,0.32050000000000267,-1.1537000000000006,0.1758999999999986,47.076100000000004,79.804925,-78.93332499999994,0.4263875000000006,1.625237499999999,0.5245374999999999,46.435312499999995,-0.4309344457135909,0.6415803906522295
120.75,24.3,219.9145,SSP3-7.0,2041-2060,-14.274500000000018,78.6425,-38.08510000000001,0.5695000000000014,0.8462999999999994,0.0018999999999991246,45.7478,77.981425,-45.504249999999985,0.7141000000000006,1.3833374999999988,0.3196749999999994,45.514125,-0.4309344457135909,0.704776171022021
120.75,24.35,201.6784,SSP3-7.0,2041-2060,-2.1162000000000205,76.93629999999999,-36.40229999999997,1.184000000000001,5.329599999999999,0.2814999999999994,44.5913,76.8027375,-32.694687500000015,0.9920374999999999,3.2578875,0.11388749999999948,44.58395,-0.4309344457135909,0.7679719513918124
120.75,24.4,212.2149,SSP3-7.0,2041-2060,1.5045000000000073,76.9596,-42.90280000000007,1.3603999999999985,7.805599999999998,0.2370000000000001,44.3674,75.0623375,-31.941487500000022,1.2101250000000006,4.849324999999999,0.09074999999999955,43.054612500000005,-0.4309344457135909,0.8311677317615993
120.75,24.45,202.2433,SSP3-7.0,2041-2060,-3.9232000000000085,74.2933,-33.355800000000045,1.2215999999999987,8.166699999999999,0.0019000000000000128,42.4739,73.462275,-31.92700000000005,1.2935500000000004,5.8254874999999995,0.08703749999999988,42.321999999999996,-0.4309344457135909,0.8943635121313908
120.75,24.5,168.5485,SSP3-7.0,2041-2060,0.034000000000020236,71.2998,-34.99510000000009,1.1951,5.751899999999999,-0.011099999999999888,41.413,72.415575,-27.73836250000005,1.1513875000000005,5.961124999999998,-0.02198750000000016,41.48315,-0.4309344457135909,0.9575592925011822
120.75,24.55,153.7346,SSP3-7.0,2041-2060,-3.0156000000000063,72.9071,-34.48620000000005,0.8522999999999996,6.938899999999997,-0.18520000000000003,40.521699999999996,72.31863750000001,-25.49255000000008,1.0453125000000008,5.6030125,-0.1937500000000001,41.4358625,-0.4309344457135909,1.0207550728709736
120.75,24.6,158.1567,SSP3-7.0,2041-2060,-2.0408999999999935,74.1417,-28.301400000000058,0.772199999999998,4.509300000000003,-0.12959999999999994,41.1587,71.947475,-33.245037500000024,0.8873125000000002,5.4925875,-0.22153749999999994,41.0809625,-0.4309344457135909,1.0839508532407651
120.75,24.65,147.2359,SSP3-7.0,2041-2060,-2.924199999999985,71.4676,-28.601499999999987,0.902199999999997,4.033299999999997,0.3352000000000004,40.5065,71.754775,-38.686112500000036,0.8299124999999998,6.146537500000001,-0.28588749999999996,40.9372125,-0.4309344457135909,1.147146633610552
120.8,21.95,265.6306,SSP3-7.0,2041-2060,-52.687400000000025,90.6629,-213.5824,-0.48460000000000036,21.524099999999997,3.751899999999999,47.163000000000004,90.5624875,-201.06160000000003,-0.2985750000000005,18.843975,3.1817,46.6113875,-0.32524060563236956,-2.265425506358136
120.8,22.0,268.3165,SSP3-7.0,2041-2060,-50.207100000000025,89.6246,-205.4326000000001,-0.2563999999999993,20.5407,3.329600000000001,48.073899999999995,89.8949375,-209.65413750000002,-0.19165000000000054,18.0153,3.1467750000000008,47.094275,-0.32524060563236956,-2.2022297259883445
120.8,22.05,256.5459,SSP3-7.0,2041-2060,-34.573200000000014,86.57849999999999,-194.78380000000016,0.0437999999999974,17.066700000000004,2.8778000000000006,47.9783,88.8941375,-207.2073375000001,0.22030000000000038,17.0368125,2.9870375000000005,47.35135,-0.32524060563236956,-2.139033945618553
120.8,22.1,269.4312,SSP3-7.0,2041-2060,-28.685299999999984,84.7811,-216.63720000000012,0.8352000000000004,17.524099999999997,3.1981,47.2435,85.56790000000001,-186.46261250000006,0.6107125000000004,15.21645,2.629875,45.9714625,-0.32524060563236956,-2.0758381652487614
120.8,22.15,254.6277,SSP3-7.0,2041-2060,-9.5471,81.5112,-157.59889999999996,1.1133000000000024,13.642600000000002,2.7295999999999996,44.9891,82.19822500000001,-167.22721250000006,0.9320875000000006,15.1761625,2.7543999999999995,44.007325,-0.32524060563236956,-2.0126423848789745
120.8,22.2,256.7233,SSP3-7.0,2041-2060,-11.649399999999986,76.19800000000001,-114.70139999999992,0.9624000000000024,17.161099999999998,2.7314999999999987,39.063,78.278375,-140.25217499999997,1.1500125000000003,15.39305,2.9504624999999995,41.422,-0.32524060563236956,-1.9494466045091832
120.8,22.25,258.5786,SSP3-7.0,2041-2060,-14.979299999999995,73.01239999999999,-107.7478000000001,1.3370999999999995,16.603700000000003,3.5389,36.130399999999995,76.82585,-121.78629999999995,1.0692000000000004,16.337725,2.9671249999999993,39.9611375,-0.32524060563236956,-1.8862508241393918
120.8,22.3,280.0734,SSP3-7.0,2041-2060,-22.149900000000002,72.3338,-95.1542999999997,1.104800000000001,17.177800000000005,3.0556,35.841300000000004,73.47505,-108.19717499999996,1.0331875,15.918525,3.1212875,37.012775,-0.32524060563236956,-1.8230550437696005
120.8,22.35,315.6494,SSP3-7.0,2041-2060,-28.691399999999987,71.0666,-91.6569999999997,0.9458999999999982,13.716700000000003,2.9611,33.5,68.7710125,-96.29468750000001,0.908500000000001,13.821075,3.1074,33.1511,-0.32524060563236956,-1.759859263399809
120.8,22.4,345.9948,SSP3-7.0,2041-2060,-32.83510000000001,61.058099999999996,-69.65009999999984,0.9187000000000012,10.0167,3.1685,27.300000000000004,65.0490375,-67.30305000000004,1.0431374999999998,12.595849999999999,3.23935,29.9462125,-0.32524060563236956,-1.696663483030022
120.8,22.45,333.4543,SSP3-7.0,2041-2060,-26.433099999999968,59.89999999999999,-2.038100000000213,1.2409999999999997,11.992599999999996,3.3907000000000007,25.8609,60.9574375,-43.14586250000005,1.1973749999999996,11.742137499999998,3.25995,27.255725,-0.32524060563236956,-1.6334677026602307
120.8,22.5,323.4253,SSP3-7.0,2041-2060,-25.31419999999997,52.1073,4.1809000000002925,1.2222000000000008,12.3889,3.0907,22.2674,61.2469875,-24.38986250000005,1.241075,11.912512499999998,3.2391125,27.767675000000004,-0.32524060563236956,-1.570271922290439
120.8,22.55,332.3605,SSP3-7.0,2041-2060,-21.187400000000025,59.97430000000001,-20.446300000000065,0.8629000000000033,12.357399999999998,3.1981,27.187000000000005,59.73276249999999,-41.327,1.1706499999999993,11.8777875,2.9425749999999997,27.3625,-0.32524060563236956,-1.5070761419206478
120.8,22.6,358.4882,SSP3-7.0,2041-2060,-12.178699999999992,65.3255,-53.870800000000145,1.1274999999999977,12.753699999999995,2.8499999999999996,30.071699999999996,59.02341249999999,-76.79117500000004,1.000887500000001,10.9638875,2.7055375,27.245125,-0.32524060563236956,-1.4438803615508562
120.8,22.65,398.7711,SSP3-7.0,2041-2060,-8.790500000000009,55.186600000000006,-87.7456000000002,1.1122000000000014,10.333300000000001,2.7574000000000005,25.7109,61.115399999999994,-111.18703750000003,0.9842499999999998,10.132874999999999,2.4699,28.3337,-0.32524060563236956,-1.3806845811810693
120.8,22.7,419.3707,SSP3-7.0,2041-2060,-9.667300000000012,56.2378,-131.73689999999988,1.1178000000000026,8.805599999999998,2.7722000000000016,25.6,64.12417500000001,-130.55763750000006,0.8806499999999997,8.714575,2.4259250000000003,29.670125,-0.32524060563236956,-1.317488800811278
120.8,22.75,393.7862,SSP3-7.0,2041-2060,-3.6788999999999987,69.8506,-153.93190000000004,0.7282999999999973,7.968499999999999,2.6148000000000007,32.476099999999995,63.3654625,-146.27473749999996,0.6279749999999997,8.013424999999998,2.4571750000000003,29.374724999999998,-0.32524060563236956,-1.2542930204414864
120.8,22.8,391.1317,SSP3-7.0,2041-2060,-1.6908000000000243,62.733000000000004,-171.73639999999978,0.19350000000000023,8.235199999999999,2.6074,29.9478,60.1527375,-170.80253749999997,0.21883749999999846,7.038874999999999,2.6944375000000003,27.051899999999996,-0.32524060563236956,-1.191097240071695
120.8,22.85,437.2961,SSP3-7.0,2041-2060,-18.153400000000033,48.545300000000005,-200.89179999999988,-0.2823999999999991,2.727800000000002,3.0332999999999988,20.1217,57.432312499999995,-209.5363999999999,-0.3161375000000004,8.2928,2.9011625,26.084775,-0.32524060563236956,-1.1279014597019037
120.8,22.9,451.4754,SSP3-7.0,2041-2060,-27.62919999999997,58.951499999999996,-262.0974000000001,-0.8990999999999971,6.9833,3.0426,27.2239,55.937137500000006,-245.47038749999993,-0.6597125000000004,8.6685125,3.053,24.76005,-0.32524060563236956,-1.0647056793321166
120.8,22.95,394.1903,SSP3-7.0,2041-2060,-35.9914,54.67510000000001,-308.8040000000001,-1.192499999999999,9.577799999999996,3.2074,23.569599999999998,57.95417499999999,-282.52486250000004,-0.7507124999999997,9.472687500000001,2.6861125,25.958425,-0.32524060563236956,-1.0015098989623252
120.8,23.0,377.9689,SSP3-7.0,2041-2060,-30.309000000000026,52.980199999999996,-332.01099999999997,-0.6912999999999982,9.4741,2.2203999999999997,21.4261,58.8051375,-319.0727250000001,-0.6911375000000004,9.8321875,2.307175,26.742125,-0.32524060563236956,-0.9383141185925338
120.8,23.05,422.9678,SSP3-7.0,2041-2060,-35.14500000000004,68.1251,-415.32230000000027,-0.5073000000000008,9.649999999999999,1.4778000000000002,33.7065,57.896275,-351.95393750000005,-0.45956250000000054,9.91505,1.8669125,25.83045,-0.32524060563236956,-0.8751183382227424
120.8,23.1,456.3283,SSP3-7.0,2041-2060,-36.23770000000002,58.7629,-471.28150000000005,-0.16070000000000206,10.0796,0.7906999999999993,25.5087,66.23275000000001,-345.96655000000004,-0.2466375000000003,10.068050000000001,1.730575,31.731524999999998,-0.32524060563236956,-0.811922557852951
120.8,23.15,421.4172,SSP3-7.0,2041-2060,-27.088199999999972,74.5034,-390.52469999999994,-0.012699999999998823,10.833300000000001,1.3092999999999986,37.4587,69.67035,-308.17937499999994,0.06423749999999906,9.4997625,1.5768625,33.2676625,-0.32524060563236956,-0.748726777483164
120.8,23.2,386.4121,SSP3-7.0,2041-2060,-22.096299999999985,78.42259999999999,-237.85889999999972,0.577499999999997,10.822200000000002,1.5999999999999996,38.7239,73.725475,-258.3946375,0.29606249999999923,9.0995375,1.7076375,35.874725,-0.32524060563236956,-0.6855309971133726
120.8,23.25,363.5412,SSP3-7.0,2041-2060,-17.040099999999995,77.6437,-205.61349999999993,0.7418999999999976,8.962999999999994,1.890699999999999,37.4304,74.6682,-232.00586249999998,0.4486374999999989,8.927775,1.6893625,36.4896875,-0.32524060563236956,-0.6223352167435812
120.8,23.3,350.1428,SSP3-7.0,2041-2060,-17.38900000000001,74.9788,-243.5365999999999,0.6113999999999997,8.859299999999998,1.5610999999999997,36.9283,76.24680000000001,-216.5383875,0.5521874999999996,8.1662,1.7631999999999999,38.0263625,-0.32524060563236956,-0.5591394363737897
120.8,23.35,359.2459,SSP3-7.0,2041-2060,-25.73259999999999,78.34530000000001,-208.5297999999998,0.6064000000000007,5.540699999999994,1.7129999999999992,42.2565,77.99406249999998,-215.54465,0.5622500000000001,7.227787500000001,1.77015,39.7152375,-0.32524060563236956,-0.4959436560039983
120.8,23.4,378.8655,SSP3-7.0,2041-2060,-37.32589999999999,78.9893,-206.86159999999973,0.5282000000000018,5.762999999999998,1.4758999999999993,40.8196,78.35117500000001,-204.53719999999998,0.5243125000000002,6.025687500000001,1.7483874999999998,40.70055,-0.32524060563236956,-0.43274787563421135
120.8,23.45,349.367,SSP3-7.0,2041-2060,-31.48750000000001,79.8561,-204.50419999999986,0.3808000000000007,5.061099999999996,1.0536999999999992,41.3848,78.23498749999999,-210.60649999999993,0.38292499999999974,5.308562500000001,1.9275499999999997,40.517675,-0.32524060563236956,-0.3695520952644199
120.8,23.5,415.8918,SSP3-7.0,2041-2060,-25.915599999999984,75.08619999999999,-196.03729999999996,0.25079999999999814,4.918500000000002,2.4555999999999987,37.95,78.6928375,-229.69487499999997,0.2090375,5.0965375,1.7817124999999996,41.1304375,-0.32524060563236956,-0.3063563148946285
120.8,23.55,403.9372,SSP3-7.0,2041-2060,-23.472000000000037,72.85040000000001,-246.57400000000007,0.04940000000000211,6.701900000000002,1.9648000000000003,38.091300000000004,79.2163625,-209.19950000000003,0.17416249999999955,4.4308000000000005,2.2784874999999993,41.2595,-0.32524060563236956,-0.24316053452483705
120.8,23.6,307.6143,SSP3-7.0,2041-2060,-16.819799999999987,73.95169999999999,-157.74000000000024,0.38729999999999976,4.505600000000001,2.5703999999999994,39.2804,81.0057625,-176.2553000000001,0.2880374999999997,4.417375000000002,2.63265,42.2519,-0.32524060563236956,-0.17996475415504562
120.8,23.65,246.432,SSP3-7.0,2041-2060,-10.549499999999995,80.8197,-82.15869999999995,0.5784999999999982,3.0870000000000033,3.4519,42.741299999999995,80.9821625,-136.06256250000007,0.5420374999999993,3.7245500000000016,2.8213125,41.330425000000005,-0.32524060563236956,-0.11676897378525869
120.8,23.7,246.221,SSP3-7.0,2041-2060,-16.075500000000005,81.0941,-156.22490000000016,0.5696999999999974,3.651900000000005,2.9389000000000003,42.539100000000005,82.3089,-98.69821249999995,0.7308749999999993,3.1657375000000005,3.0467750000000002,41.4038125,-0.32524060563236956,-0.053573193415467256
120.8,23.75,219.1426,SSP3-7.0,2041-2060,-7.6170999999999935,84.8664,-97.17689999999993,0.8003,3.968499999999999,2.5241000000000007,42.9522,80.8476375,-88.72866249999996,0.8539749999999997,2.8162125000000007,3.0185125,40.314400000000006,-0.32524060563236956,0.009622586954324176
120.8,23.8,200.978,SSP3-7.0,2041-2060,-12.302400000000006,78.4409,-48.57359999999994,0.9488000000000021,3.8278000000000034,3.6759000000000004,39.7196,81.512,-94.52648749999997,0.7787250000000001,3.1655124999999993,2.78055,40.9462,-0.32524060563236956,0.0728183673241156
120.8,23.85,204.2281,SSP3-7.0,2041-2060,-14.888500000000022,81.4265,-130.0906,0.6967999999999996,3.3832999999999984,2.8796,41.2522,80.839825,-107.44157499999997,0.7090875000000003,3.326625000000001,2.4557875,40.901349999999994,-0.32524060563236956,0.13601414769390704
120.8,23.9,212.8352,SSP3-7.0,2041-2060,-9.364899999999977,83.4346,-207.78679999999986,0.3926000000000016,4.561099999999996,2.196300000000001,41.4239,81.83657500000001,-134.66608750000003,0.5479124999999998,2.5115749999999997,2.1051,42.34755,-0.32524060563236956,0.19920992806369398
120.8,23.95,221.66,SSP3-7.0,2041-2060,-11.650900000000007,83.6517,-199.86059999999998,0.27429999999999666,1.742599999999996,2.3110999999999997,43.573899999999995,82.71455,-137.712175,0.6028875000000005,2.1259249999999996,1.72385,43.197,-0.32524060563236956,0.26240570843348543
120.8,24.0,207.341,SSP3-7.0,2041-2060,-6.906599999999997,87.0138,-139.22630000000004,0.6631999999999998,3.3536999999999964,1.614799999999999,46.658699999999996,83.077675,-139.32577500000005,0.7208749999999999,2.413899999999999,1.5294000000000003,44.5595125,-0.32524060563236956,0.32560148880327683
120.8,24.05,221.4278,SSP3-7.0,2041-2060,-5.025199999999984,83.25059999999999,-168.0073,0.8464999999999989,5.3889,1.3815000000000008,45.5283,83.2251,-119.62348750000007,0.8322625000000001,3.025475,1.3583250000000002,45.3692875,-0.32524060563236956,0.3887972691730683
120.8,24.1,221.0414,SSP3-7.0,2041-2060,1.845199999999977,82.9546,-86.58570000000009,0.8737999999999992,1.213000000000001,1.4815000000000005,45.039100000000005,82.31662499999999,-130.24245000000008,0.8071249999999996,4.068300000000001,1.2453625000000006,45.5981125,-0.32524060563236956,0.4519930495428597
120.8,24.15,223.0379,SSP3-7.0,2041-2060,1.3673000000000002,82.9735,-94.08420000000001,0.6935000000000002,0.5630000000000024,1.501900000000001,45.2196,81.2601875,-120.56925000000004,0.6623500000000004,4.2145875,1.2273000000000007,45.284774999999996,-0.32524060563236956,0.5151888299126467
120.8,24.2,239.039,SSP3-7.0,2041-2060,-11.486999999999995,80.77189999999999,-139.4514999999999,0.27050000000000196,6.077799999999996,0.9907000000000004,43.8304,80.47007500000001,-107.31668750000003,0.5758250000000005,2.4993000000000007,1.1995375000000004,45.4133125,-0.32524060563236956,0.578384610282438
120.8,24.25,249.2116,SSP3-7.0,2041-2060,-20.05539999999999,78.4641,-79.07209999999986,0.519400000000001,0.4795999999999978,1.1722000000000001,45.3391,79.1991875,-94.37077500000004,0.5366500000000012,2.7655125,0.8564874999999998,45.321175,-0.32524060563236956,0.6415803906522295
120.8,24.3,229.2985,SSP3-7.0,2041-2060,-15.034399999999977,77.36250000000001,-76.33940000000007,0.5992999999999995,4.4056,0.6610999999999994,46.365199999999994,77.89373749999999,-68.41287500000001,0.7807375000000008,1.7928249999999997,0.6212999999999993,44.982862499999996,-0.32524060563236956,0.704776171022021
120.8,24.35,222.7878,SSP3-7.0,2041-2060,-5.504400000000004,77.667,-51.95519999999988,1.1556999999999995,2.970399999999998,0.25739999999999874,45.0043,76.8838,-62.48596250000003,0.9722875000000002,3.7085874999999993,0.4710624999999995,44.657875,-0.32524060563236956,0.7679719513918124
120.8,24.4,232.9193,SSP3-7.0,2041-2060,-1.6715999999999838,76.52000000000001,-61.45569999999998,1.1432000000000002,3.6555999999999997,0.16109999999999935,43.8391,75.767225,-52.92190000000002,1.1462624999999997,5.25395,0.40926249999999953,43.552725,-0.32524060563236956,0.8311677317615993
120.8,24.45,204.9742,SSP3-7.0,2041-2060,-4.579999999999984,73.2457,-42.802000000000135,1.2025000000000006,5.666699999999999,0.4703999999999997,41.4696,74.32225000000001,-45.71916250000001,1.1577749999999998,5.564137499999999,0.25278749999999983,42.573912500000006,-0.32524060563236956,0.8943635121313908
120.8,24.5,151.3938,SSP3-7.0,2041-2060,-2.7988,70.75909999999999,12.708300000000008,1.509500000000001,3.8055999999999983,-0.05370000000000008,40.6413,72.627375,-41.61098750000002,0.9712000000000001,5.911812499999999,0.09098749999999978,41.531512500000005,-0.32524060563236956,0.9575592925011822
120.8,24.55,150.1773,SSP3-7.0,2041-2060,-1.0849000000000046,70.4494,-3.1204999999999927,0.8247,3.281499999999994,0.03329999999999966,40.9239,71.89942500000001,-41.9684125,0.9236625,5.8099625,-0.2532375,41.0844875,-0.32524060563236956,1.0207550728709736
120.8,24.6,168.016,SSP3-7.0,2041-2060,-9.016199999999998,71.923,-44.65190000000007,0.7155000000000022,6.6259000000000015,-1.0463000000000005,41.0804,71.15361250000001,-38.25529999999998,0.8254749999999991,5.217837499999999,-0.17384999999999995,40.849700000000006,-0.32524060563236956,1.0839508532407651
120.8,24.65,152.9264,SSP3-7.0,2041-2060,-4.440899999999999,70.5743,-18.80659999999989,0.8615999999999993,2.4093000000000018,-0.22959999999999958,40.9152,70.863325,-45.4064625,0.7893874999999992,5.501162499999999,-0.2058000000000001,40.70515,-0.32524060563236956,1.147146633610552
120.85,21.9,269.1639,SSP3-7.0,2041-2060,-48.06990000000002,92.70530000000001,-221.35940000000005,-0.1936,19.894400000000005,3.429599999999999,45.8152,90.53569999999999,-209.26806250000004,-0.23961250000000067,19.37315,3.2986125000000004,47.187200000000004,-0.21954676555114824,-2.3286212867279272
120.85,21.95,276.0158,SSP3-7.0,2041-2060,-55.5968,92.1722,-271.2202,-0.09790000000000276,19.870399999999997,3.498100000000001,46.871700000000004,90.4745375,-219.30106250000006,-0.15037499999999993,18.9662,3.3349625000000005,47.4056875,-0.21954676555114824,-2.265425506358136
120.85,22.0,274.2275,SSP3-7.0,2041-2060,-51.578700000000026,90.88929999999999,-277.1400000000001,0.06559999999999988,18.787,3.787000000000001,48.897800000000004,90.164725,-223.17586250000005,0.00039999999999951186,18.6402875,3.2037125000000004,48.0315125,-0.21954676555114824,-2.2022297259883445
120.85,22.05,274.0325,SSP3-7.0,2041-2060,-42.857200000000034,88.13040000000001,-313.72800000000007,0.4432000000000009,14.885199999999998,3.0500000000000007,48.1761,89.270125,-239.51068750000013,0.40096250000000033,18.4129625,3.1550875000000005,48.8258125,-0.21954676555114824,-2.139033945618553
120.85,22.1,267.8106,SSP3-7.0,2041-2060,-20.86960000000002,87.9809,-324.1362000000004,0.9705000000000013,15.4204,3.1463,48.7804,86.91749999999999,-230.01520000000005,0.7470500000000007,16.780575,2.9539375,47.8603375,-0.21954676555114824,-2.0758381652487614
120.85,22.15,245.2124,SSP3-7.0,2041-2060,-8.449900000000014,81.9006,-236.3508999999999,1.2623999999999995,15.7241,3.25,45.143499999999996,84.32152500000001,-219.88846250000006,1.0334375000000016,16.4301125,3.0307874999999997,45.7173875,-0.21954676555114824,-2.0126423848789745
120.85,22.2,286.3185,SSP3-7.0,2041-2060,-15.762299999999982,76.4219,-224.70119999999997,1.2528000000000006,13.701899999999998,3.5426,41.482600000000005,81.23226249999999,-181.953825,1.249775000000001,16.195837500000003,3.0761624999999997,43.133425,-0.21954676555114824,-1.9494466045091832
120.85,22.25,275.7984,SSP3-7.0,2041-2060,-11.50890000000004,76.3893,-186.24609999999984,1.6647999999999996,16.1907,3.777799999999999,41.1109,79.050275,-156.14136249999999,1.1936750000000007,16.343062500000002,3.0907375,40.9866875,-0.21954676555114824,-1.8862508241393918
120.85,22.3,270.1267,SSP3-7.0,2041-2060,-13.219100000000026,79.9494,-138.93190000000004,1.1904000000000003,15.785200000000003,3.3407,42.628299999999996,77.39778749999999,-129.86519999999993,1.0481624999999997,15.797,3.2298625000000003,39.4337,-0.21954676555114824,-1.8230550437696005
120.85,22.35,289.6063,SSP3-7.0,2041-2060,-25.72709999999995,76.165,-100.73599999999988,0.9083000000000006,14.6019,3.3093000000000004,40.128299999999996,74.600775,-105.17418749999996,0.8727374999999999,14.755800000000002,3.2358625,36.95735,-0.21954676555114824,-1.759859263399809
120.85,22.4,297.7591,SSP3-7.0,2041-2060,-28.356299999999976,70.2937,-60.952400000000125,1.2387000000000015,13.5796,3.4888999999999992,33.5957,70.72455,-75.54658749999996,0.8986624999999995,13.83105,3.3173500000000002,34.361962500000004,-0.21954676555114824,-1.696663483030022
120.85,22.45,293.1296,SSP3-7.0,2041-2060,-26.10749999999996,68.4711,-9.386199999999917,1.697499999999998,13.7241,3.3629999999999995,33.2565,65.7707125,-55.46990000000005,1.1009625,14.025712500000001,3.21155,30.940775000000002,-0.21954676555114824,-1.6334677026602307
120.85,22.5,279.1767,SSP3-7.0,2041-2060,-24.419699999999978,67.0864,-12.60160000000019,1.469899999999999,15.316700000000004,2.9406999999999996,31.6,64.55678750000001,-49.165212500000024,1.1256374999999998,14.319924999999998,3.0821625,30.14865,-0.21954676555114824,-1.570271922290439
120.85,22.55,288.674,SSP3-7.0,2041-2060,-28.413299999999992,66.64699999999999,-47.798500000000104,1.184899999999999,15.755600000000001,2.8073999999999995,30.684800000000003,65.378475,-66.60240000000002,0.9964874999999997,13.6296375,2.8717375,30.5366875,-0.21954676555114824,-1.5070761419206478
120.85,22.6,319.2749,SSP3-7.0,2041-2060,-26.856400000000008,67.90119999999999,-77.00469999999996,0.9441999999999986,13.8463,2.6296,31.3174,65.05845,-109.11226250000007,0.8203875000000007,12.300925,2.7409625,30.0731125,-0.21954676555114824,-1.4438803615508562
120.85,22.65,354.9169,SSP3-7.0,2041-2060,-26.213099999999997,60.81699999999999,-127.50880000000006,0.6472000000000016,11.114800000000002,2.631500000000001,25.987000000000002,63.54078749999999,-152.03828750000002,0.7276875000000009,10.9051,2.672675,29.758962500000003,-0.21954676555114824,-1.3806845811810693
120.85,22.7,364.6054,SSP3-7.0,2041-2060,-25.398699999999963,59.4817,-175.3719000000001,0.3285000000000018,11.003700000000002,2.8499999999999996,27.4043,60.9890125,-177.19329999999997,0.5842250000000009,9.730787499999998,2.5696625,28.30435,-0.21954676555114824,-1.317488800811278
120.85,22.75,340.672,SSP3-7.0,2041-2060,-16.123400000000004,62.2314,-185.65139999999974,0.1479999999999997,9.449999999999996,2.6370000000000005,29.400000000000002,58.645875,-183.30614999999995,0.35245000000000104,9.6877375,2.5453625,27.1537875,-0.21954676555114824,-1.2542930204414864
120.85,22.8,329.8324,SSP3-7.0,2041-2060,-12.749700000000018,60.14149999999999,-184.6612,-0.10319999999999752,8.640700000000002,2.6037,27.3587,56.103887500000006,-178.4593124999999,0.21626249999999958,9.282874999999999,2.5078499999999995,25.1787875,-0.21954676555114824,-1.191097240071695
120.85,22.85,336.1172,SSP3-7.0,2041-2060,-16.002700000000004,47.59310000000001,-186.43359999999984,-0.08750000000000213,9.5796,2.8369999999999997,19.8826,54.132949999999994,-176.82984999999994,-0.01273749999999918,9.203937500000002,2.52245,23.696725,-0.21954676555114824,-1.1279014597019037
120.85,22.9,320.1834,SSP3-7.0,2041-2060,-20.919500000000028,43.93279999999999,-168.02049999999963,-0.37290000000000134,9.192600000000006,2.5092999999999996,17.6043,53.507675,-175.51690000000002,-0.09513749999999987,9.213424999999999,2.4902625,22.749175,-0.21954676555114824,-1.0647056793321166
120.85,22.95,269.1855,SSP3-7.0,2041-2060,-30.195599999999985,47.47879999999999,-148.17910000000006,-0.43769999999999953,9.7222,1.7759,17.6826,51.8202625,-176.61151249999998,-0.10342499999999966,9.659500000000001,2.31205,21.517125,-0.21954676555114824,-1.0015098989623252
120.85,23.0,259.6237,SSP3-7.0,2041-2060,-30.17059999999998,42.007099999999994,-170.66859999999997,-0.4112000000000009,8.824100000000001,1.8130000000000006,15.419599999999999,51.2744625,-199.21187500000008,-0.012450000000000294,10.0481625,1.9344999999999999,21.0549,-0.21954676555114824,-0.9383141185925338
120.85,23.05,309.4019,SSP3-7.0,2041-2060,-26.84039999999999,39.9054,-257.9524000000001,-0.3754000000000026,10.409300000000002,1.6926000000000005,14.052200000000001,50.8294875,-245.7954625,0.09242499999999998,9.648612499999999,1.5060375,20.7899625,-0.21954676555114824,-0.8751183382227424
120.85,23.1,386.2774,SSP3-7.0,2041-2060,-26.003899999999987,51.421600000000005,-368.6347999999998,-0.4629999999999974,9.798099999999998,1.2019000000000002,20.0261,56.892574999999994,-281.5730125,0.09552499999999942,9.216425000000001,1.3372749999999998,25.1328875,-0.21954676555114824,-0.811922557852951
120.85,23.15,410.2421,SSP3-7.0,2041-2060,-25.34839999999997,65.7437,-358.46270000000004,-0.3783999999999992,8.1796,1.290700000000001,29.489099999999997,64.00475,-287.1034124999999,0.12573750000000006,8.4495125,1.2588124999999997,29.1698375,-0.21954676555114824,-0.748726777483164
120.85,23.2,392.642,SSP3-7.0,2041-2060,-25.487199999999973,70.9152,-302.4004,-0.21499999999999986,6.4184999999999945,1.5092999999999996,32.6478,71.4603,-271.00662499999993,0.0860249999999998,8.2277625,1.6097124999999999,33.942924999999995,-0.21954676555114824,-0.6855309971133726
120.85,23.25,389.0688,SSP3-7.0,2041-2060,-21.751900000000035,75.8238,-249.40210000000025,-0.10389999999999944,8.514800000000001,2.014800000000001,35.787,73.346025,-257.73804999999993,0.1530124999999991,7.6328749999999985,1.7715249999999998,35.208412499999994,-0.21954676555114824,-0.6223352167435812
120.85,23.3,367.6713,SSP3-7.0,2041-2060,-22.9966,74.4436,-274.16820000000007,0.18349999999999866,8.5796,1.763,36.7022,74.77850000000001,-234.9043625,0.2241124999999995,7.270387499999998,1.8772999999999997,36.291025,-0.21954676555114824,-0.5591394363737897
120.85,23.35,360.5144,SSP3-7.0,2041-2060,-22.930000000000007,73.838,-220.96090000000004,0.4601000000000006,7.709300000000006,1.8537,35.2348,75.8133,-217.05012499999992,0.40298749999999917,6.586349999999999,1.6993124999999996,37.825,-0.21954676555114824,-0.4959436560039983
120.85,23.4,364.9905,SSP3-7.0,2041-2060,-31.356299999999976,82.18809999999999,-204.88059999999996,0.5818999999999974,5.296300000000002,2.013,42.967400000000005,75.5197,-198.68858749999993,0.45607499999999934,6.1634375,1.5370374999999994,37.5252625,-0.21954676555114824,-0.43274787563421135
120.85,23.45,354.3272,SSP3-7.0,2041-2060,-29.51569999999998,76.8901,-201.7795000000001,0.29229999999999734,6.377800000000001,1.7647999999999993,38.3065,76.3690875,-200.1169124999999,0.41692499999999955,5.703250000000001,1.6419124999999997,38.244025,-0.21954676555114824,-0.3695520952644199
120.85,23.5,342.8322,SSP3-7.0,2041-2060,-22.23610000000002,78.95689999999999,-219.72559999999976,0.15200000000000102,6.035200000000003,1.9519000000000002,39.8174,77.00269999999999,-207.858975,0.2665124999999997,6.14655,1.7055499999999997,39.1135875,-0.21954676555114824,-0.3063563148946285
120.85,23.55,318.4764,SSP3-7.0,2041-2060,-24.514099999999985,82.2998,-243.41620000000012,0.15889999999999915,7.1129999999999995,1.8036999999999992,43.3261,77.994925,-187.11194999999998,0.2545125000000006,6.164362500000001,2.0213,40.004337500000005,-0.21954676555114824,-0.24316053452483705
120.85,23.6,262.9637,SSP3-7.0,2041-2060,-20.624600000000015,81.12370000000001,-152.7122999999999,0.4701999999999984,6.683300000000003,2.024099999999999,42.263000000000005,81.3270125,-158.93011250000004,0.33001250000000004,6.015512500000001,2.44305,42.3277125,-0.21954676555114824,-0.17996475415504562
120.85,23.65,233.8112,SSP3-7.0,2041-2060,-22.41930000000002,84.9338,-115.69389999999999,0.5383999999999993,5.064799999999998,2.5999999999999996,43.23479999999999,81.8614125,-130.77668750000004,0.48403749999999945,5.184950000000001,2.6463125,42.367374999999996,-0.21954676555114824,-0.11676897378525869
120.85,23.7,232.6723,SSP3-7.0,2041-2060,-23.250200000000007,81.1151,-124.28309999999988,0.5625999999999998,3.185200000000002,2.501900000000001,38.2674,84.182575,-121.4765375,0.5395874999999992,4.667125,2.7891250000000003,43.652175,-0.21954676555114824,-0.053573193415467256
120.85,23.75,216.9823,SSP3-7.0,2041-2060,-22.573700000000002,84.1194,-123.25279999999998,0.46729999999999805,1.742600000000003,2.6740999999999993,41.7761,82.14592499999999,-118.14916249999999,0.6181625000000004,4.642137500000001,2.4956000000000005,41.7423875,-0.21954676555114824,0.009622586954324176
120.85,23.8,214.1326,SSP3-7.0,2041-2060,-14.183699999999988,80.3083,-107.65480000000002,0.7696000000000005,4.087000000000003,1.5907,39.4565,82.4177,-128.09737499999994,0.4937624999999999,4.741212500000001,2.5537,41.604625,-0.21954676555114824,0.0728183673241156
120.85,23.85,223.7883,SSP3-7.0,2041-2060,-3.4910999999999888,84.4393,-155.8052,0.3221999999999987,6.709299999999999,2.251899999999999,43.0609,79.8639,-127.48601249999996,0.5058750000000001,4.199537500000003,2.1411875,40.0489,-0.21954676555114824,0.13601414769390704
120.85,23.9,218.0876,SSP3-7.0,2041-2060,1.6229999999999905,79.9741,-140.49990000000003,0.18689999999999785,3.1611000000000047,1.8963,41.3978,80.392275,-152.362475,0.3858374999999996,3.8851875,1.91805,41.0375,-0.21954676555114824,0.19920992806369398
120.85,23.95,241.0315,SSP3-7.0,2041-2060,-6.934399999999982,80.8291,-169.08100000000013,0.2704000000000022,3.5962999999999994,1.6500000000000004,43.17829999999999,80.5547375,-142.04252499999998,0.45493749999999933,3.659024999999999,1.525925,41.6994375,-0.21954676555114824,0.26240570843348543
120.85,24.0,223.3904,SSP3-7.0,2041-2060,-4.030200000000008,80.2607,-144.17099999999982,0.6544999999999987,5.1389,1.6166999999999998,42.3804,81.6493375,-147.67522500000004,0.49142499999999956,4.452312499999997,1.2044,43.449462499999996,-0.21954676555114824,0.32560148880327683
120.85,24.05,219.5046,SSP3-7.0,2041-2060,5.102800000000002,83.649,-145.08010000000013,0.8987999999999978,7.259299999999996,0.7203999999999997,46.04129999999999,81.48465,-132.82701250000002,0.6480374999999996,5.162274999999998,1.2249999999999999,43.983962500000004,-0.21954676555114824,0.3887972691730683
120.85,24.1,219.5583,SSP3-7.0,2041-2060,9.14330000000001,78.6551,-123.19720000000007,0.8567,7.403700000000001,1.433300000000001,44.6413,81.6483125,-133.55128750000003,0.7389499999999991,4.853949999999999,1.3020875,44.3282625,-0.21954676555114824,0.4519930495428597
120.85,24.15,242.29,SSP3-7.0,2041-2060,6.4853999999999985,79.8763,-145.14660000000003,0.886099999999999,6.0426,2.0111000000000008,43.6087,79.86711249999999,-114.74892499999999,0.7056000000000004,4.567137499999999,1.4148000000000003,43.3744375,-0.21954676555114824,0.5151888299126467
120.85,24.2,229.9375,SSP3-7.0,2041-2060,-0.5328000000000088,79.4712,-118.64300000000003,0.6771000000000029,4.3870000000000005,2.122200000000001,43.0543,78.84853749999999,-114.30524999999992,0.6481250000000003,3.508799999999999,1.4717500000000003,42.923899999999996,-0.21954676555114824,0.578384610282438
120.85,24.25,226.4111,SSP3-7.0,2041-2060,-4.054300000000012,79.0156,-127.79690000000005,0.6158999999999999,2.6833000000000027,1.6814999999999998,43.4717,77.67295,-100.95564999999993,0.663262500000001,3.066212499999999,1.1916500000000003,43.086124999999996,-0.21954676555114824,0.6415803906522295
120.85,24.3,224.8746,SSP3-7.0,2041-2060,-9.0719,76.9359,-79.63830000000007,0.8132000000000019,0.6240999999999985,0.8592999999999993,44.3804,77.1015375,-98.15743749999996,0.8239999999999994,2.515062500000001,1.0398,43.4611375,-0.21954676555114824,0.704776171022021
120.85,24.35,234.397,SSP3-7.0,2041-2060,-2.5687999999999818,75.89859999999999,-77.44970000000012,1.0676999999999985,2.5630000000000024,0.5406999999999993,44.2522,76.38988750000001,-97.36828749999998,0.9210749999999996,3.3916875000000006,0.8178125,43.43803749999999,-0.21954676555114824,0.7679719513918124
120.85,24.4,232.7173,SSP3-7.0,2041-2060,0.8397999999999968,75.815,-87.61439999999993,1.0410000000000004,4.438899999999997,1.0259,43.7196,75.28333750000002,-83.15372500000001,0.9978874999999996,4.535662500000002,0.6393499999999999,42.6282625,-0.21954676555114824,0.8311677317615993
120.85,24.45,199.7521,SSP3-7.0,2041-2060,13.133199999999988,75.32230000000001,-50.89300000000003,0.9372000000000007,5.090700000000005,0.45929999999999893,42.5435,73.95715000000001,-79.09622499999998,1.001575,5.443525,0.5451375000000002,42.1035375,-0.21954676555114824,0.8943635121313908
120.85,24.5,193.6135,SSP3-7.0,2041-2060,-5.0408999999999935,73.6089,-67.24479999999994,0.8541999999999987,5.798099999999998,0.2019000000000002,41.593500000000006,72.38605,-65.94392500000001,0.8948875000000005,5.6483875,0.15254999999999963,41.6445625,-0.21954676555114824,0.9575592925011822
120.85,24.55,175.2682,SSP3-7.0,2041-2060,-5.119699999999995,69.8925,-65.99049999999988,0.6820000000000022,6.600000000000001,-0.24260000000000037,41.313,71.557525,-74.72198749999998,0.8034250000000001,5.5932875,-0.2349625000000003,41.286675,-0.21954676555114824,1.0207550728709736
120.85,24.6,177.8317,SSP3-7.0,2041-2060,-13.119700000000023,70.66329999999999,-72.7856999999999,0.8084999999999987,6.450000000000003,-0.5592999999999995,40.9543,70.45656249999999,-72.37081249999997,0.7065125000000001,5.477324999999999,-0.35765000000000047,40.98205,-0.21954676555114824,1.0839508532407651
120.85,24.65,172.7335,SSP3-7.0,2041-2060,-15.179699999999997,69.13300000000001,-53.950000000000045,0.9002999999999979,7.520399999999995,-0.41300000000000026,40.5043,70.60058749999999,-61.78653749999995,0.7402624999999996,5.3953750000000005,-0.34977500000000006,40.5296125,-0.21954676555114824,1.147146633610552
120.85,24.7,147.7511,SSP3-7.0,2041-2060,-7.3089999999999975,69.8523,-29.55840000000012,0.7073,6.5852,0.11479999999999979,40.0283,71.2371,-52.66289999999998,0.6828624999999988,5.1907499999999995,-0.3798625,41.1589625,-0.21954676555114824,1.2103424139803434
120.9,22.0,253.4294,SSP3-7.0,2041-2060,-39.602599999999995,91.98599999999999,-229.90600000000018,0.3171999999999997,20.5222,3.1278000000000006,49.25,90.4779125,-260.1332625000001,0.2704000000000004,18.3550875,3.2518375,48.374712499999994,-0.11385292546989689,-2.2022297259883445
120.9,22.05,241.9081,SSP3-7.0,2041-2060,-30.186099999999982,92.1634,-228.6615999999999,0.4446000000000012,17.703699999999998,2.7425999999999995,51.099999999999994,88.4675625,-258.55076250000013,0.6170750000000003,17.512975,3.1277875,48.3097875,-0.11385292546989689,-2.139033945618553
120.9,22.1,234.1006,SSP3-7.0,2041-2060,-15.237199999999973,90.15720000000002,-239.38810000000012,0.7872000000000021,19.7389,3.0314999999999994,49.282599999999995,88.0580375,-253.92057500000007,0.8274000000000008,17.00395,3.0476875,48.073924999999996,-0.11385292546989689,-2.0758381652487614
120.9,22.15,234.4953,SSP3-7.0,2041-2060,-7.514899999999983,90.1176,-252.97310000000016,1.0467000000000013,17.9593,2.751899999999999,48.9696,85.108025,-226.35616250000004,1.0552875000000013,16.027099999999997,3.0340249999999997,46.3048875,-0.11385292546989689,-2.0126423848789745
120.9,22.2,248.2464,SSP3-7.0,2041-2060,-13.849199999999996,87.4043,-228.97159999999985,1.299400000000002,16.292599999999997,3.114799999999999,45.9283,82.283375,-199.16043750000003,1.1723500000000007,16.812275,3.0608874999999998,43.983975,-0.11385292546989689,-1.9494466045091832
120.9,22.25,245.4047,SSP3-7.0,2041-2060,-12.039199999999994,83.3247,-171.04080000000022,1.312100000000001,15.992600000000003,2.7148000000000003,43.732600000000005,81.27317500000001,-178.2389125,1.1129375000000001,16.07825,3.3185124999999998,42.659525,-0.11385292546989689,-1.8862508241393918
120.9,22.3,252.972,SSP3-7.0,2041-2060,-14.650100000000009,83.7577,-167.8819000000001,1.090399999999999,18.029600000000002,2.687000000000001,43.087,79.239175,-142.28082499999996,0.9966000000000004,15.722700000000001,3.3122625,41.134525,-0.11385292546989689,-1.8230550437696005
120.9,22.35,261.906,SSP3-7.0,2041-2060,-13.197300000000013,83.1328,-118.45769999999993,0.0218999999999987,14.062999999999999,3.7943999999999996,41.939099999999996,76.31998750000001,-117.95595000000003,1.017725,15.529875,3.1317000000000004,38.69785,-0.11385292546989689,-1.759859263399809
120.9,22.4,260.687,SSP3-7.0,2041-2060,-21.154800000000023,75.2141,-98.70820000000026,0.47109999999999985,15.677800000000001,3.3907000000000007,37.7674,75.18531250000001,-101.093175,0.9543124999999995,15.118075,3.2289375,37.3440375,-0.11385292546989689,-1.696663483030022
120.9,22.45,272.293,SSP3-7.0,2041-2060,-22.5334,70.7887,-113.73939999999993,0.9848999999999997,16.8556,3.1611000000000002,35.1435,73.22175000000001,-85.21705000000009,0.8990499999999995,14.6109,3.2534624999999995,35.675275,-0.11385292546989689,-1.6334677026602307
120.9,22.5,250.163,SSP3-7.0,2041-2060,-16.87020000000001,69.7174,-90.25030000000015,1.2611999999999988,16.3778,3.0610999999999997,33.991299999999995,70.9054625,-89.49590000000003,0.9188374999999995,14.866,2.9004624999999997,34.1519,-0.11385292546989689,-1.570271922290439
120.9,22.55,262.9983,SSP3-7.0,2041-2060,-27.94339999999997,68.8485,-113.8438000000001,0.5504999999999995,15.107399999999998,2.5852000000000004,32.797799999999995,70.4957125,-105.76737500000002,0.8288249999999997,14.105812499999999,2.8296124999999996,33.9054375,-0.11385292546989689,-1.5070761419206478
120.9,22.6,319.0565,SSP3-7.0,2041-2060,-40.238500000000045,72.06719999999999,-168.98259999999982,0.5335000000000001,10.8889,2.618499999999999,35.060900000000004,69.32217499999999,-153.1177375,0.5582250000000002,12.6095,2.7171250000000002,32.4095125,-0.11385292546989689,-1.4438803615508562
120.9,22.65,370.8145,SSP3-7.0,2041-2060,-44.51480000000004,71.60149999999999,-252.70170000000007,0.5444000000000031,10.0963,2.4795999999999996,33.0848,67.03933749999999,-195.30914999999996,0.34356250000000044,10.572,2.7872624999999998,31.338587500000003,-0.11385292546989689,-1.3806845811810693
120.9,22.7,378.5575,SSP3-7.0,2041-2060,-45.46070000000003,60.52479999999999,-268.8921,0.11340000000000217,9.513000000000002,2.4240999999999993,29.8217,64.678875,-214.80742499999997,0.3024125000000004,9.6888875,2.66295,29.8220125,-0.11385292546989689,-1.317488800811278
120.9,22.75,333.0307,SSP3-7.0,2041-2060,-36.68290000000002,51.462399999999995,-209.3779999999997,0.2624999999999993,10.564799999999998,2.2406999999999986,24.3543,60.8326,-200.6416875,0.28577500000000144,9.779175,2.5620374999999997,27.8986375,-0.11385292546989689,-1.2542930204414864
120.9,22.8,290.6291,SSP3-7.0,2041-2060,-24.13929999999999,48.735200000000006,-170.74080000000004,0.1788000000000025,12.770400000000002,2.25,20.2674,59.6452625,-174.41768749999994,0.47571249999999976,10.31805,2.378,26.982062499999998,-0.11385292546989689,-1.191097240071695
120.9,22.85,268.2432,SSP3-7.0,2041-2060,-19.516199999999998,57.6801,-148.91060000000016,0.5888999999999989,12.966699999999996,1.8425999999999991,24.980400000000003,55.98935,-144.9501249999999,0.5712875000000004,10.708325000000002,2.3469875,24.3027125,-0.11385292546989689,-1.1279014597019037
120.9,22.9,250.9295,SSP3-7.0,2041-2060,-23.16629999999998,52.3442,-107.5800999999999,0.5945,12.114800000000002,2.290700000000001,22.069599999999998,55.3955375,-103.71956249999997,0.8019749999999992,10.4588,2.0763875,23.3116625,-0.11385292546989689,-1.0647056793321166
120.9,22.95,233.7078,SSP3-7.0,2041-2060,-24.653699999999986,60.7933,-41.23860000000013,0.954699999999999,10.035199999999996,1.8925999999999998,26.462999999999997,48.313225,-65.75986249999994,0.9418124999999997,10.300012500000001,1.9625125000000005,18.9839625,-0.11385292546989689,-1.0015098989623252
120.9,23.0,235.3136,SSP3-7.0,2041-2060,-20.259600000000006,48.877900000000004,-22.471900000000005,1.1904000000000003,11.074100000000001,1.5204000000000004,18.3609,43.9579875,-60.031337500000035,0.9656749999999992,9.855574999999998,1.8014000000000003,16.274725,-0.11385292546989689,-0.9383141185925338
120.9,23.05,255.1994,SSP3-7.0,2041-2060,-9.865099999999984,37.359899999999996,-67.71569999999997,0.9594999999999985,10.442599999999999,1.6888999999999985,13.1783,45.099562500000005,-97.22664999999998,0.8471499999999996,9.391675,1.6697000000000004,16.694575,-0.11385292546989689,-0.8751183382227424
120.9,23.1,298.448,SSP3-7.0,2041-2060,-6.67349999999999,47.1012,-118.25790000000006,0.8230000000000004,7.846299999999999,1.3352000000000004,18.6935,51.472750000000005,-151.08722499999993,0.5851374999999996,8.3652625,1.508575,20.753812500000002,-0.11385292546989689,-0.811922557852951
120.9,23.15,343.7647,SSP3-7.0,2041-2060,-10.44889999999998,63.639,-173.0668999999998,0.4161999999999999,6.290700000000001,1.1129999999999995,28.9761,60.67255,-188.35959999999992,0.40070000000000006,7.040262499999999,1.5264000000000002,26.1557125,-0.11385292546989689,-0.748726777483164
120.9,23.2,362.8426,SSP3-7.0,2041-2060,-19.921600000000012,67.2721,-234.80219999999963,0.0406000000000013,5.507400000000004,1.2111,31.323900000000002,68.168775,-208.90436250000005,0.2194874999999996,6.8418874999999995,1.6831000000000003,31.311412499999996,-0.11385292546989689,-0.6855309971133726
120.9,23.25,397.2404,SSP3-7.0,2041-2060,-25.798500000000047,68.63409999999999,-318.3220000000001,-0.593,6.711099999999998,2.4481,32.354299999999995,72.0120125,-207.43846250000007,0.2478874999999996,6.396075,1.8162125000000002,33.7402125,-0.11385292546989689,-0.6223352167435812
120.9,23.3,385.0652,SSP3-7.0,2041-2060,-18.433400000000006,74.4581,-245.20260000000007,-0.12280000000000157,5.201899999999995,2.1889000000000003,35.5565,72.36215,-205.93132500000013,0.2354999999999996,6.804175,1.8860999999999999,34.360312500000006,-0.11385292546989689,-0.5591394363737897
120.9,23.35,351.4799,SSP3-7.0,2041-2060,-16.13149999999996,74.5062,-187.66739999999982,0.1927999999999983,6.662999999999997,1.3480999999999987,34.7804,72.73792499999999,-188.6792250000001,0.3659499999999989,6.135887500000001,2.0092749999999997,35.29755,-0.11385292546989689,-0.4959436560039983
120.9,23.4,338.5996,SSP3-7.0,2041-2060,-13.012900000000002,68.597,-165.55420000000004,0.6424999999999983,6.787000000000006,1.5314999999999994,32.5891,71.0091625,-176.863675,0.35854999999999837,5.80465,1.8909749999999999,34.9701,-0.11385292546989689,-0.43274787563421135
120.9,23.45,336.646,SSP3-7.0,2041-2060,-15.882100000000037,73.13560000000001,-193.65110000000004,0.545499999999997,5.4056,1.5556,34.8304,70.96674999999999,-173.41494999999992,0.32349999999999923,5.325475000000001,1.8680625,35.6116875,-0.11385292546989689,-0.3695520952644199
120.9,23.5,305.2153,SSP3-7.0,2041-2060,-19.874599999999987,74.14349999999999,-209.72069999999985,0.25370000000000203,6.3592999999999975,1.0981000000000005,35.5935,74.13028750000001,-176.22961249999992,0.25723749999999956,5.3391375000000005,1.971525,37.7239125,-0.11385292546989689,-0.3063563148946285
120.9,23.55,255.8611,SSP3-7.0,2041-2060,-17.04419999999999,81.75989999999999,-167.1887999999999,0.2007000000000012,7.235200000000006,1.9481000000000002,43.426100000000005,76.68848750000001,-174.52909999999991,0.25638750000000066,5.831025,1.9587999999999999,38.8054375,-0.11385292546989689,-0.24316053452483705
120.9,23.6,253.6143,SSP3-7.0,2041-2060,-24.157699999999977,86.08709999999999,-147.19690000000014,0.272000000000002,6.875899999999994,2.157400000000001,43.613,79.25755,-156.2678999999999,0.35478750000000003,6.265737500000002,2.2303124999999997,40.526362500000005,-0.11385292546989689,-0.17996475415504562
120.9,23.65,254.9225,SSP3-7.0,2041-2060,-25.112900000000025,87.91369999999999,-111.47239999999988,0.4548999999999985,7.540700000000001,3.0481,44.908699999999996,77.4870875,-137.92367499999995,0.4997500000000006,5.5076375,2.15835,39.3654875,-0.11385292546989689,-0.11676897378525869
120.9,23.7,251.597,SSP3-7.0,2041-2060,-27.252100000000013,82.7862,-114.42520000000013,0.5771000000000015,5.949999999999996,2.4778000000000002,45.3261,81.0683625,-134.24976249999992,0.5165499999999996,5.0569500000000005,2.3335625,41.0798875,-0.11385292546989689,-0.053573193415467256
120.9,23.75,241.5842,SSP3-7.0,2041-2060,-25.584900000000005,86.9273,-171.40750000000003,0.3305000000000007,6.331499999999998,2.5981000000000005,45.7391,81.09495,-132.47329999999994,0.5213125000000001,4.948387500000001,2.0509375000000003,41.144287500000004,-0.11385292546989689,0.009622586954324176
120.9,23.8,228.4438,SSP3-7.0,2041-2060,-14.891800000000018,81.6291,-125.44729999999981,0.38670000000000115,6.135200000000005,1.6574000000000009,39.939099999999996,83.93963749999999,-162.9039125,0.31134999999999957,5.737287500000001,1.9766124999999999,43.0730875,-0.11385292546989689,0.0728183673241156
120.9,23.85,228.7538,SSP3-7.0,2041-2060,2.2246999999999844,77.4927,-173.02509999999984,-0.002500000000001279,5.8315000000000055,2.1685,38.397800000000004,81.4987,-152.3043875,0.32732499999999964,5.444000000000003,1.5819375,41.3668375,-0.11385292546989689,0.13601414769390704
120.9,23.9,212.2855,SSP3-7.0,2041-2060,6.550799999999981,76.205,-86.81000000000017,0.668099999999999,2.6093000000000046,1.0648,38.8043,79.8588,-159.17002499999998,0.2360749999999996,5.305337500000002,1.5043875,40.9119625,-0.11385292546989689,0.19920992806369398
120.9,23.95,225.6764,SSP3-7.0,2041-2060,-0.6160000000000139,75.6593,-96.44049999999993,0.4648000000000003,2.6480999999999995,0.8222000000000005,38.6087,78.48761250000001,-130.9745625,0.3978374999999996,4.886125000000002,1.3849500000000001,40.7268875,-0.11385292546989689,0.26240570843348543
120.9,24.0,219.0071,SSP3-7.0,2041-2060,-4.143200000000007,78.2387,-121.54510000000005,0.3351000000000006,6.057399999999994,0.6852,40.7478,79.72648749999999,-125.33449999999999,0.4688874999999997,5.082875,1.1747625000000002,42.172825,-0.11385292546989689,0.32560148880327683
120.9,24.05,219.5285,SSP3-7.0,2041-2060,-0.2985000000000184,80.9025,-142.16090000000008,0.17830000000000013,5.572199999999995,0.4499999999999993,43.258700000000005,79.54974999999999,-120.1255625,0.6541874999999995,6.054174999999999,1.1581,42.676625,-0.11385292546989689,0.3887972691730683
120.9,24.1,217.7921,SSP3-7.0,2041-2060,12.47059999999999,80.6012,-137.72260000000006,0.7761999999999993,7.170400000000001,1.1369999999999987,43.6174,78.93146250000001,-128.22287500000004,0.7258874999999989,5.8268499999999985,1.2444375,42.3320625,-0.11385292546989689,0.4519930495428597
120.9,24.15,240.1689,SSP3-7.0,2041-2060,8.014299999999992,78.9788,-149.62289999999985,0.7583999999999982,5.622199999999999,1.7332999999999998,42.313,76.86453750000001,-117.03713750000003,0.8289500000000003,5.4043874999999995,1.3805500000000002,40.62635,-0.11385292546989689,0.5151888299126467
120.9,24.2,251.3502,SSP3-7.0,2041-2060,-2.702500000000015,74.53059999999999,-68.6842999999999,0.7386000000000017,4.099999999999994,0.9184999999999999,39.2804,75.4353875,-128.5600625,0.8080374999999997,4.1895750000000005,1.6530125000000002,39.1203625,-0.11385292546989689,0.578384610282438
120.9,24.25,255.4906,SSP3-7.0,2041-2060,-0.4142999999999972,76.1775,-110.58349999999973,0.7026000000000003,2.501899999999999,1.764800000000001,40.3283,74.4586875,-121.54032500000002,0.8169500000000007,3.0469750000000007,1.2287125,38.946725,-0.11385292546989689,0.6415803906522295
120.9,24.3,263.9308,SSP3-7.0,2041-2060,-4.059799999999996,77.66990000000001,-135.23309999999992,0.9853999999999985,1.9537000000000049,1.0444000000000013,42.1109,73.7384625,-122.63748750000005,0.8068249999999999,2.4534875000000014,1.1548625000000001,39.5307125,-0.11385292546989689,0.704776171022021
120.9,24.35,270.9366,SSP3-7.0,2041-2060,-7.114399999999989,74.5571,-126.82960000000003,0.945999999999998,2.5630000000000024,1.1963000000000008,40.817400000000006,73.8879,-129.01346250000006,0.7941500000000001,3.492600000000002,0.9685000000000006,40.530725000000004,-0.11385292546989689,0.7679719513918124
120.9,24.4,263.7339,SSP3-7.0,2041-2060,-7.77000000000001,74.5917,-159.88059999999996,0.6847999999999992,6.522200000000005,1.3370000000000015,41.267399999999995,73.12100000000001,-114.01010000000002,0.7704,4.6752375000000015,0.8502250000000002,40.16415000000001,-0.11385292546989689,0.8311677317615993
120.9,24.45,234.5316,SSP3-7.0,2041-2060,0.9456000000000131,74.46430000000001,-93.96399999999994,0.8460000000000001,7.253700000000002,0.6926000000000005,41.8326,72.253725,-128.26687500000003,0.6684375,5.954375000000001,0.7511625000000002,40.017137500000004,-0.11385292546989689,0.8943635121313908
120.9,24.5,247.5951,SSP3-7.0,2041-2060,-8.653899999999993,72.6525,-132.51659999999993,0.7314000000000007,6.407400000000003,0.5259,42.4652,71.9691,-121.12112500000003,0.6110250000000002,6.0180375,0.17478749999999954,40.5103375,-0.11385292546989689,0.9575592925011822
120.9,24.55,236.4759,SSP3-7.0,2041-2060,-20.220200000000006,72.3026,-150.97310000000016,0.42579999999999885,7.081499999999998,-0.6648000000000014,41.9674,70.6566875,-128.98569999999998,0.6132374999999999,5.639337500000002,-0.05092500000000011,40.78995,-0.11385292546989689,1.0207550728709736
120.9,24.6,207.7669,SSP3-7.0,2041-2060,-20.22369999999998,70.10140000000001,-139.19159999999988,0.5578000000000003,5.296300000000002,-0.31670000000000087,40.6674,70.1148125,-113.22631249999995,0.6329624999999997,5.972925,-0.37708750000000024,40.9926625,-0.11385292546989689,1.0839508532407651
120.9,24.65,186.1524,SSP3-7.0,2041-2060,-17.3519,69.2763,-102.28229999999985,0.6844000000000001,5.003699999999995,0.018499999999999517,40.4848,70.191925,-83.53986249999997,0.6533374999999992,6.162275000000001,-0.42384999999999995,40.763324999999995,-0.11385292546989689,1.147146633610552
120.9,24.7,162.078,SSP3-7.0,2041-2060,-10.411900000000003,70.94649999999999,-58.41429999999991,0.6847999999999992,6.759300000000003,-1.1147999999999998,39.599999999999994,71.25708750000001,-61.487449999999995,0.5820249999999998,3.9988624999999987,-0.3736125000000001,41.6565375,-0.11385292546989689,1.2103424139803434
120.9,24.75,129.2189,SSP3-7.0,2041-2060,-1.0100999999999942,74.4443,-46.69530000000009,0.07349999999999923,4.063000000000002,-0.5759000000000007,43.5696,71.979625,-43.930225000000036,0.5517875000000001,3.806025,-0.4592624999999999,42.07855,-0.11385292546989689,1.273538194350135
120.9,24.8,125.7672,SSP3-7.0,2041-2060,0.24110000000000298,72.202,-37.416999999999916,0.3920999999999992,5.979599999999998,-0.49629999999999974,42.5174,72.088325,-49.486925000000014,0.452925,3.5706250000000015,-0.5243125000000001,42.4473,-0.11385292546989689,1.3367339747199263
120.9,24.85,123.3388,SSP3-7.0,2041-2060,2.6403999999999996,71.5413,-32.39059999999995,0.5367999999999995,4.633299999999998,-0.9166999999999996,43.6848,71.0819,-50.082325,0.40311249999999976,5.9152875000000025,-0.41227500000000006,42.114675,-0.11385292546989689,1.3999297550897176
120.95,22.45,244.9499,SSP3-7.0,2041-2060,-20.758500000000026,79.1561,-147.3415,0.43159999999999954,13.712999999999997,2.9666999999999994,37.6109,73.8598125,-100.54756250000003,0.7576999999999998,14.976412499999999,3.0367875,36.3317875,-0.008159085388675564,-1.6334677026602307
120.95,22.5,240.3232,SSP3-7.0,2041-2060,-19.8125,72.7024,-144.0385000000001,0.6005000000000003,14.435199999999998,3.0221999999999998,35.6413,72.59371250000001,-110.72773750000002,0.7410125000000001,14.781737499999998,2.8020750000000003,35.065762500000005,-0.008159085388675564,-1.570271922290439
120.95,22.55,251.542,SSP3-7.0,2041-2060,-28.55359999999999,73.5435,-127.21769999999992,0.43090000000000117,14.020399999999999,2.3574,36.4804,72.9100625,-149.489225,0.5493999999999999,13.2474625,2.7245250000000003,34.88505,-0.008159085388675564,-1.5070761419206478
120.95,22.6,286.5512,SSP3-7.0,2041-2060,-35.139399999999995,74.3006,-178.24509999999987,0.20550000000000068,12.205599999999997,3.2,36.467400000000005,73.190525,-157.712725,0.48203750000000056,12.394675,2.4930375,34.841575,-0.008159085388675564,-1.4438803615508562
120.95,22.65,375.6943,SSP3-7.0,2041-2060,-49.637099999999975,70.91810000000001,-300.62159999999994,-0.04180000000000206,8.729600000000001,3.0463000000000005,32.4565,71.892375,-177.32225,0.4204625000000006,10.992149999999999,2.6559999999999997,34.518487500000006,-0.008159085388675564,-1.3806845811810693
120.95,22.7,384.2909,SSP3-7.0,2041-2060,-47.11590000000001,70.3041,-265.8463999999999,0.018000000000000682,7.274099999999997,2.8980999999999995,32.1935,68.886425,-188.27270000000001,0.4410250000000002,10.532175,2.6361,33.0394,-0.008159085388675564,-1.317488800811278
120.95,22.75,337.9073,SSP3-7.0,2041-2060,-45.33850000000001,70.6148,-201.3796000000002,0.5124999999999993,9.2778,2.5204000000000004,33.6957,64.04275,-170.94314999999995,0.5767625000000005,10.533574999999999,2.5597125,30.0206375,-0.008159085388675564,-1.2542930204414864
120.95,22.8,285.5942,SSP3-7.0,2041-2060,-34.78479999999999,54.627300000000005,-152.5900999999999,1.090200000000003,10.3037,2.3130000000000006,23.0478,65.94115,-148.85747500000002,0.9126374999999993,11.112962499999998,2.2745249999999997,30.5864125,-0.008159085388675564,-1.191097240071695
120.95,22.85,255.1593,SSP3-7.0,2041-2060,-24.130899999999997,72.8115,-126.33699999999999,1.3942999999999977,11.761099999999999,2.0296000000000003,33.137,62.5858875,-114.3542875,1.3208875,10.9835625,2.1581,28.1584125,-0.008159085388675564,-1.1279014597019037
120.95,22.9,236.5576,SSP3-7.0,2041-2060,-12.254999999999995,67.72919999999999,-63.237699999999904,1.876100000000001,11.3037,1.9426000000000005,31.054299999999998,60.111824999999996,-51.28595000000004,1.7842124999999993,10.109724999999997,2.0659625000000004,25.87825,-0.008159085388675564,-1.0647056793321166
120.95,22.95,234.3535,SSP3-7.0,2041-2060,8.182099999999991,45.1455,52.600599999999986,2.4999000000000002,9.109299999999998,1.7815000000000012,15.6891,54.092825,9.186087500000014,2.0599125,9.608799999999999,2.0703750000000003,22.3633,-0.008159085388675564,-1.0015098989623252
120.95,23.0,232.8915,SSP3-7.0,2041-2060,18.804900000000004,38.990300000000005,101.47839999999997,2.595399999999998,11.059299999999997,2.066700000000001,13.9913,46.4780375,35.71535,2.0428875,8.940525,1.85695,17.28015,-0.008159085388675564,-0.9383141185925338
120.95,23.05,232.9709,SSP3-7.0,2041-2060,12.0531,39.9836,51.42470000000003,1.9402000000000008,9.242599999999996,1.700000000000001,13.7217,46.63735,18.208612500000044,1.7721624999999994,8.5430625,1.802325,17.3962,-0.008159085388675564,-0.8751183382227424
120.95,23.1,247.647,SSP3-7.0,2041-2060,6.232600000000019,52.50940000000001,7.2693000000001575,1.4777999999999984,6.879599999999996,2.027799999999999,19.291300000000003,51.362700000000004,-26.95098749999994,1.322,7.5779999999999985,1.6854125000000002,20.596474999999998,-0.008159085388675564,-0.811922557852951
120.95,23.15,269.5686,SSP3-7.0,2041-2060,-1.894900000000007,61.21939999999999,-41.559299999999894,1.1041999999999987,5.679600000000001,1.3537,27.295700000000004,60.1213125,-69.24623749999986,1.0416249999999998,6.5074000000000005,1.8703750000000003,25.4016375,-0.008159085388675564,-0.748726777483164
120.95,23.2,300.2097,SSP3-7.0,2041-2060,-14.437299999999993,69.1978,-90.02880000000005,0.816399999999998,6.012999999999998,2.281500000000001,30.478299999999997,65.85456249999999,-122.68943749999991,0.7790874999999997,6.3909625000000005,1.8847125,29.91495,-0.008159085388675564,-0.6855309971133726
120.95,23.25,344.9796,SSP3-7.0,2041-2060,-22.54129999999998,70.1772,-137.99270000000024,0.7093999999999987,6.927800000000001,1.4536999999999995,33.463,68.60853750000001,-150.40648749999997,0.6127874999999992,5.9310375,2.1460625,31.724449999999997,-0.008159085388675564,-0.6223352167435812
120.95,23.3,332.6699,SSP3-7.0,2041-2060,-21.539699999999982,73.8083,-125.51070000000027,0.6749000000000009,4.005600000000001,2.1074,33.963,67.242775,-165.22683750000004,0.42894999999999905,6.4127374999999995,1.9335499999999997,32.1421,-0.008159085388675564,-0.5591394363737897
120.95,23.35,294.6614,SSP3-7.0,2041-2060,-19.696300000000008,67.666,-133.42660000000024,0.36019999999999897,5.322199999999995,2.0999999999999996,32.59780000000001,66.291325,-146.08642500000002,0.405737499999999,6.182875000000001,1.7513874999999999,31.7806875,-0.008159085388675564,-0.4959436560039983
120.95,23.4,277.6213,SSP3-7.0,2041-2060,-15.951700000000017,66.90429999999999,-139.73000000000002,0.14729999999999777,6.185200000000002,2.5167,32.7696,63.327937500000004,-136.40729999999996,0.4048624999999988,5.6812499999999995,1.5645749999999998,30.835037500000002,-0.008159085388675564,-0.43274787563421135
120.95,23.45,284.7185,SSP3-7.0,2041-2060,-10.416299999999978,52.94500000000001,-132.8132999999998,0.28829999999999956,3.477799999999995,1.975900000000001,28.273899999999998,66.1548375,-134.28963749999997,0.34992499999999893,4.9261625,1.6925875,32.1799,-0.008159085388675564,-0.3695520952644199
120.95,23.5,293.0801,SSP3-7.0,2041-2060,-8.51600000000002,67.10909999999998,-113.11569999999983,0.23000000000000043,2.0852000000000004,2.092599999999999,34.5761,69.1446125,-138.54523749999993,0.2952374999999998,4.758112499999999,1.9358625000000003,34.1655,-0.008159085388675564,-0.3063563148946285
120.95,23.55,264.764,SSP3-7.0,2041-2060,-12.161400000000015,79.9459,-138.14669999999978,0.1902000000000008,4.9833,2.6796000000000006,39.2348,73.2430875,-142.132475,0.27341250000000095,5.3682875,1.9286999999999999,36.8141375,-0.008159085388675564,-0.24316053452483705
120.95,23.6,284.1808,SSP3-7.0,2041-2060,-22.998699999999985,63.8419,-172.19869999999992,0.3241000000000014,6.513000000000005,1.8629999999999995,32.0196,80.14095,-137.53237499999997,0.33966250000000064,5.9361,2.20045,40.5415625,-0.008159085388675564,-0.17996475415504562
120.95,23.65,282.0884,SSP3-7.0,2041-2060,-30.43459999999999,72.24170000000001,-149.3141999999998,0.5009000000000015,4.992600000000003,1.8758999999999997,35.797799999999995,79.45385,-135.77007500000002,0.4726875000000006,6.1759249999999986,1.9895875,41.0195625,-0.008159085388675564,-0.11676897378525869
120.95,23.7,267.0414,SSP3-7.0,2041-2060,-31.395400000000024,67.7672,-127.5650999999998,0.7527000000000008,4.796300000000002,1.7667000000000002,34.4022,82.72061249999999,-139.85106249999998,0.47093750000000023,6.398387499999998,2.007625,43.377975,-0.008159085388675564,-0.053573193415467256
120.95,23.75,234.9577,SSP3-7.0,2041-2060,-22.859199999999987,83.5287,-151.0091,0.5250999999999983,6.801899999999996,1.6037,44.513,82.10696250000001,-153.84663749999996,0.3912750000000007,6.919449999999999,1.9201375000000005,42.982875,-0.008159085388675564,0.009622586954324176
120.95,23.8,217.9916,SSP3-7.0,2041-2060,-10.479600000000005,87.50559999999999,-186.1489999999999,0.1294000000000004,6.8889,2.135200000000001,45.4739,82.413925,-195.36603749999995,0.16297500000000031,7.265287500000001,1.7731375,42.946725,-0.008159085388675564,0.0728183673241156
120.95,23.85,229.2761,SSP3-7.0,2041-2060,-0.0039000000000157797,87.1958,-234.92780000000016,-0.050799999999998846,7.505600000000001,0.7906999999999993,46.1674,79.28336250000001,-199.1686124999999,0.14336249999999984,6.834737500000003,1.6194375000000003,40.33015,-0.008159085388675564,0.13601414769390704
120.95,23.9,196.9245,SSP3-7.0,2041-2060,8.673200000000008,74.73240000000001,-181.14109999999982,0.20649999999999835,6.455600000000004,1.2684999999999995,36.6348,78.3653125,-188.99032499999998,0.21068750000000014,6.380100000000002,1.2668875,40.218475000000005,-0.008159085388675564,0.19920992806369398
120.95,23.95,185.3342,SSP3-7.0,2041-2060,9.924299999999988,78.54769999999999,-122.43959999999993,0.4910999999999994,6.535200000000003,1.1870000000000012,39.85,77.1714125,-141.53593750000002,0.4041249999999996,6.290050000000001,1.203925,39.89945,-0.008159085388675564,0.26240570843348543
120.95,24.0,189.1248,SSP3-7.0,2041-2060,7.1551000000000045,79.1132,-82.10879999999997,0.37010000000000076,5.535200000000003,1.7111,42.82169999999999,78.4677375,-118.87992499999999,0.4983874999999993,6.106012499999999,1.1492875,40.8385875,-0.008159085388675564,0.32560148880327683
120.95,24.05,208.9561,SSP3-7.0,2041-2060,15.643200000000007,78.8504,-101.19409999999993,0.42309999999999803,4.377800000000001,1.2407000000000004,41.2435,78.79339999999999,-102.29025000000001,0.6903874999999995,6.233787499999999,1.1733749999999996,41.5567875,-0.008159085388675564,0.3887972691730683
120.95,24.1,221.9666,SSP3-7.0,2041-2060,23.59729999999999,77.02969999999999,-105.98559999999998,0.9190000000000005,5.490699999999997,0.7203999999999997,39.9196,76.9138125,-105.05508749999996,0.8094124999999988,6.083799999999999,1.2539249999999997,39.827975,-0.008159085388675564,0.4519930495428597
120.95,24.15,244.2324,SSP3-7.0,2041-2060,16.187299999999965,73.5099,-113.39560000000029,0.8866999999999976,4.846299999999999,1.6463,37.630399999999995,74.764825,-99.57039999999995,0.9137750000000002,5.954387499999998,1.1881999999999997,37.618475000000004,-0.008159085388675564,0.5151888299126467
120.95,24.2,259.8112,SSP3-7.0,2041-2060,14.842600000000004,71.2423,-123.52219999999988,0.8912000000000013,3.794400000000003,1.0556,33.258700000000005,70.6426875,-111.52456249999994,0.8769374999999995,5.627549999999998,1.2951375,34.60135,-0.008159085388675564,0.578384610282438
120.95,24.25,269.7017,SSP3-7.0,2041-2060,12.353399999999965,65.2115,-139.76980000000003,1.0462999999999987,3.6388999999999996,1.209299999999999,29.2978,70.1958375,-131.62503749999996,0.7865625000000005,4.852075,1.1069375000000004,34.5956625,-0.008159085388675564,0.6415803906522295
120.95,24.3,302.1375,SSP3-7.0,2041-2060,-3.227300000000014,71.5925,-179.0350000000003,0.7679000000000009,3.1944000000000017,0.9389000000000003,36.7196,68.4749125,-145.331575,0.7627874999999995,4.0210750000000015,1.0293875000000006,33.8290875,-0.008159085388675564,0.704776171022021
120.95,24.35,321.8954,SSP3-7.0,2041-2060,-20.330899999999986,70.519,-139.99710000000005,0.495000000000001,1.8593000000000046,1.0481000000000016,36.9783,69.431725,-162.83052500000008,0.604625,4.726612500000003,0.9877250000000009,35.425825,-0.008159085388675564,0.7679719513918124
120.95,24.4,287.059,SSP3-7.0,2041-2060,-11.490800000000036,68.0806,-173.25950000000012,0.49820000000000064,6.785200000000003,0.9537000000000013,34.8174,69.04398750000001,-148.04908750000004,0.43033750000000026,4.764350000000001,0.9662000000000006,35.7331625,-0.008159085388675564,0.8311677317615993
120.95,24.45,301.5276,SSP3-7.0,2041-2060,-10.0822,70.31110000000001,-162.07349999999997,0.3321000000000005,6.848099999999995,0.8851999999999993,36.352199999999996,67.6672125,-164.88535000000002,0.3666250000000004,6.393975000000001,0.8000000000000007,35.721737499999996,-0.008159085388675564,0.8943635121313908
120.95,24.5,291.8077,SSP3-7.0,2041-2060,-12.359700000000032,67.64770000000001,-192.65260000000035,0.2685999999999993,5.744399999999999,0.6204000000000001,37.378299999999996,68.4499,-173.754925,0.3871250000000006,6.676162499999999,0.27244999999999986,36.82745,-0.008159085388675564,0.9575592925011822
120.95,24.55,261.5396,SSP3-7.0,2041-2060,-25.1772,72.20339999999999,-185.1775,0.5423000000000009,3.727800000000002,-0.553700000000001,41.102199999999996,68.43830000000001,-184.50338750000003,0.3671374999999997,7.013187500000001,0.029862499999999903,38.285062499999995,-0.008159085388675564,1.0207550728709736
120.95,24.6,233.6375,SSP3-7.0,2041-2060,-25.603099999999984,68.4838,-176.32629999999995,0.4610999999999983,5.090700000000005,-0.08329999999999949,40.845699999999994,70.0200125,-152.6202375,0.452925,6.44515,-0.28125000000000044,40.2723,-0.008159085388675564,1.0839508532407651
120.95,24.65,207.5133,SSP3-7.0,2041-2060,-18.336599999999976,68.96359999999999,-98.3250999999998,0.5593000000000004,6.3093,-0.5184999999999995,40.7696,70.658775,-108.65788749999999,0.5246999999999993,6.088425,-0.37685000000000013,41.1043625,-0.008159085388675564,1.147146633610552
120.95,24.7,171.6327,SSP3-7.0,2041-2060,-8.010899999999992,73.3915,-39.767500000000155,0.5475999999999992,5.286999999999999,-0.5,42.737,71.41114999999999,-73.17352499999998,0.5548375000000001,3.7236374999999997,-0.4636500000000001,41.80165,-0.008159085388675564,1.2103424139803434
120.95,24.75,131.9503,SSP3-7.0,2041-2060,1.7889000000000124,72.81110000000001,-53.710399999999936,0.5232000000000028,-9.298099999999998,-0.1943999999999999,42.7087,72.52834999999999,-50.42116250000004,0.47981249999999953,5.5396,-0.5801000000000001,42.3089875,-0.008159085388675564,1.273538194350135
120.95,24.8,131.9864,SSP3-7.0,2041-2060,0.8504000000000076,72.3757,-37.322000000000116,0.31680000000000064,6.5167,-0.2925999999999993,41.9913,71.9534625,-51.31197500000002,0.4308375,3.4946875000000013,-0.43705000000000016,42.7981125,-0.008159085388675564,1.3367339747199263
120.95,24.85,128.2105,SSP3-7.0,2041-2060,2.0126999999999953,69.9055,-51.22019999999998,0.3251999999999988,6.700000000000003,-0.3593000000000002,42.4174,70.69413750000001,-51.667149999999964,0.4890374999999998,5.900000000000001,-0.5152874999999998,42.0013625,-0.008159085388675564,1.3999297550897176
120.95,24.9,128.708,SSP3-7.0,2041-2060,3.00630000000001,69.19149999999999,-29.127299999999877,0.8401999999999994,3.3148000000000053,-0.5574000000000003,41.5565,69.482125,-56.409062499999976,0.523625,7.4736125,-0.4430749999999998,41.414950000000005,-0.008159085388675564,1.4631255354595045
121.0,22.55,233.2394,SSP3-7.0,2041-2060,-25.462499999999977,77.30850000000001,-102.58249999999998,0.5936000000000021,14.657399999999999,2.144400000000001,36.434799999999996,72.80206249999999,-127.29123750000002,0.6034125000000001,13.586587499999998,2.6946624999999997,35.3570625,0.09753475469254576,-1.5070761419206478
121.0,22.6,228.2414,SSP3-7.0,2041-2060,-25.034699999999987,77.4178,-97.34940000000006,0.6921999999999997,13.5778,2.1185,36.2304,74.2792,-147.24991249999997,0.4729375,12.342375,2.5726750000000003,35.918487500000005,0.09753475469254576,-1.4438803615508562
121.0,22.65,255.3947,SSP3-7.0,2041-2060,-25.448499999999996,73.8191,-98.40250000000015,0.5530000000000008,12.079600000000003,2.5944000000000003,36.187,74.10476249999999,-173.4282625,0.4365375,11.2220125,2.5175875,34.914950000000005,0.09753475469254576,-1.3806845811810693
121.0,22.7,283.8308,SSP3-7.0,2041-2060,-32.12870000000001,75.1039,-88.15820000000008,0.7036999999999978,12.301900000000003,2.9147999999999996,37.1022,73.9371875,-154.8327625,0.48685,10.8476875,2.4310125,34.919575,0.09753475469254576,-1.317488800811278
121.0,22.75,295.801,SSP3-7.0,2041-2060,-34.70939999999996,77.0468,-86.64789999999994,0.8805000000000014,11.694399999999998,2.8685,37.613,71.6746375,-134.9496875,0.7646875,10.537749999999999,2.448375,33.713862500000005,0.09753475469254576,-1.2542930204414864
121.0,22.8,290.8779,SSP3-7.0,2041-2060,-35.9708,74.5375,-125.29169999999999,1.3669999999999973,9.8463,2.5685000000000002,35.76520000000001,72.46576250000001,-113.39938750000005,1.205075,10.960412499999999,2.3122625,34.112775,0.09753475469254576,-1.191097240071695
121.0,22.85,280.0154,SSP3-7.0,2041-2060,-25.0959,74.6409,-122.17420000000016,2.1165999999999983,10.022199999999998,1.8758999999999997,34.8783,71.4267625,-76.51296250000001,1.7345499999999996,10.6212875,2.2967625000000003,33.5040625,0.09753475469254576,-1.1279014597019037
121.0,22.9,269.019,SSP3-7.0,2041-2060,-1.4034000000000333,70.39269999999999,-24.309099999999944,2.754999999999999,8.540700000000001,2.1814999999999998,33.2043,65.2806875,-16.42303750000005,2.2178624999999994,9.7861125,2.1807875,28.8519,0.09753475469254576,-1.0647056793321166
121.0,22.95,260.8454,SSP3-7.0,2041-2060,29.804300000000012,47.086400000000005,107.66139999999996,3.3698000000000015,6.3278,2.6333,16.6043,60.0884,43.030400000000014,2.5033624999999997,9.2108875,2.0815,25.9891125,0.09753475469254576,-1.0015098989623252
121.0,23.0,243.1891,SSP3-7.0,2041-2060,23.994500000000016,46.5286,123.18630000000007,3.1433999999999997,6.414800000000003,2.0351999999999997,17.158700000000003,50.499812500000004,73.119775,2.4386,8.688225,1.9720000000000004,19.688837499999998,0.09753475469254576,-0.9383141185925338
121.0,23.05,229.3887,SSP3-7.0,2041-2060,17.431700000000006,46.049099999999996,82.27600000000007,2.2851999999999997,8.877799999999997,1.6037,17.0652,53.063137499999996,58.715475000000055,2.1173625,7.951862499999998,1.959725,20.96575,0.09753475469254576,-0.8751183382227424
121.0,23.1,224.4784,SSP3-7.0,2041-2060,12.828900000000004,55.6824,39.90440000000012,1.7026000000000003,5.75,2.1407000000000007,21.430400000000002,55.821075,21.46303750000007,1.6334250000000003,7.767362499999997,1.9692125000000003,22.5532625,0.09753475469254576,-0.811922557852951
121.0,23.15,227.905,SSP3-7.0,2041-2060,5.5704000000000065,59.867000000000004,11.386799999999994,1.3451000000000022,6.494399999999999,2.5481000000000016,24.410899999999998,63.4467875,-10.617449999999906,1.3843374999999996,7.1671375,2.143525,26.9051625,0.09753475469254576,-0.748726777483164
121.0,23.2,240.4428,SSP3-7.0,2041-2060,1.7378999999999962,65.7016,3.6254000000003543,1.7112999999999978,7.277800000000003,2.3056,28.6087,67.05032500000002,-53.711325000000016,1.2025375,7.632875,2.2081,30.119574999999998,0.09753475469254576,-0.6855309971133726
121.0,23.25,273.4078,SSP3-7.0,2041-2060,-14.9418,70.3261,-90.78459999999995,1.498899999999999,6.238900000000001,2.644399999999999,32.887,66.03495000000001,-73.58736250000004,1.1267124999999991,7.761825000000002,2.2046375,30.5548875,0.09753475469254576,-0.6223352167435812
121.0,23.3,255.5978,SSP3-7.0,2041-2060,-25.104100000000017,59.4702,-102.22640000000001,0.8759999999999977,6.492600000000003,1.9815000000000005,28.623900000000003,65.20501250000001,-96.6052625000001,0.9476999999999998,7.5879625,2.0708249999999997,31.301625,0.09753475469254576,-0.5591394363737897
121.0,23.35,232.374,SSP3-7.0,2041-2060,-25.716499999999996,52.7043,-106.1923999999999,0.5101000000000013,7.744400000000006,1.3036999999999992,26.8739,64.48308750000001,-95.5064875000001,0.6757624999999989,6.901624999999999,1.9490750000000003,30.8505375,0.09753475469254576,-0.4959436560039983
121.0,23.4,219.7043,SSP3-7.0,2041-2060,-20.5745,59.8822,-96.60770000000002,0.32509999999999906,6.383299999999998,1.0333000000000006,29.0891,60.767275000000005,-90.86950000000002,0.4811499999999995,5.885187499999999,1.7747750000000002,29.733975,0.09753475469254576,-0.43274787563421135
121.0,23.45,223.7154,SSP3-7.0,2041-2060,-10.47369999999998,57.187200000000004,-75.34569999999985,0.37439999999999785,3.6666999999999987,1.6684999999999999,27.6457,61.14205,-87.34118749999999,0.35251249999999956,4.584949999999999,1.8129625000000003,30.369037499999997,0.09753475469254576,-0.3695520952644199
121.0,23.5,235.9735,SSP3-7.0,2041-2060,-7.149599999999992,62.2798,-80.5920000000001,0.28089999999999904,2.536999999999999,2.0443999999999996,30.3457,62.862225,-92.09104999999991,0.31948750000000015,3.7884249999999993,2.0923625,31.323925,0.09753475469254576,-0.3063563148946285
121.0,23.55,239.3606,SSP3-7.0,2041-2060,-9.133600000000001,71.76,-110.9036000000001,0.22820000000000107,4.399999999999999,2.5167,33.9739,66.795525,-107.13839999999996,0.32505000000000006,4.601137500000001,2.0372749999999997,33.3497375,0.09753475469254576,-0.24316053452483705
121.0,23.6,244.608,SSP3-7.0,2041-2060,-15.437399999999997,78.96340000000001,-136.14340000000016,0.3977000000000004,6.9407,1.709299999999999,40.9652,71.22121250000001,-121.76843749999995,0.37572500000000053,5.1479125,2.0340375,35.0133,0.09753475469254576,-0.17996475415504562
121.0,23.65,252.8218,SSP3-7.0,2041-2060,-25.207400000000007,82.4559,-139.89300000000003,0.4726999999999997,4.520399999999995,1.6684999999999999,42.413,73.46199999999999,-127.2110625,0.4833000000000003,5.961337500000001,1.6481625,37.3771625,0.09753475469254576,-0.11676897378525869
121.0,23.7,255.6359,SSP3-7.0,2041-2060,-32.599500000000006,85.8154,-137.2659000000001,0.5303000000000004,6.270399999999995,1.225900000000001,44.508700000000005,77.81926250000001,-128.93961249999995,0.4798750000000003,6.0201375,1.6338,40.6959,0.09753475469254576,-0.053573193415467256
121.0,23.75,236.0405,SSP3-7.0,2041-2060,-25.625,80.096,-144.0211999999999,0.3760000000000012,8.779600000000002,1.5629999999999988,43.8174,81.5241125,-151.4231625,0.3740125000000001,7.149774999999998,1.5460625000000006,43.0902,0.09753475469254576,0.009622586954324176
121.0,23.8,228.8837,SSP3-7.0,2041-2060,-16.020700000000005,84.3289,-224.4919,0.04749999999999943,10.203699999999998,1.9370000000000012,44.656499999999994,81.891425,-194.00434999999996,0.160775000000001,7.4715375,1.4555624999999999,43.4633,0.09753475469254576,0.0728183673241156
121.0,23.85,254.3969,SSP3-7.0,2041-2060,-8.1541,78.1129,-338.59839999999986,-0.3086999999999982,6.533300000000004,1.8666999999999998,40.343500000000006,79.2839625,-208.48152499999995,0.12871250000000023,8.4122875,1.3662,41.249175,0.09753475469254576,0.13601414769390704
121.0,23.9,211.885,SSP3-7.0,2041-2060,2.450400000000002,74.2603,-277.6860999999999,0.019899999999999807,10.020400000000002,0.8574000000000002,38.3913,76.51362499999999,-201.07758749999994,0.22916250000000016,7.814825000000001,1.3833374999999999,39.3625,0.09753475469254576,0.19920992806369398
121.0,23.95,184.7052,SSP3-7.0,2041-2060,15.468800000000016,79.4488,-181.9951000000001,0.40360000000000085,9.357399999999998,1.3777999999999988,41.184799999999996,74.2569125,-155.33422499999995,0.4691374999999991,8.045837500000001,1.4657375000000004,38.220099999999995,0.09753475469254576,0.26240570843348543
121.0,24.0,216.031,SSP3-7.0,2041-2060,22.080099999999987,79.7136,-104.5608000000002,0.7648999999999972,7.6370000000000005,1.8444000000000003,42.0022,74.8545875,-119.23919999999993,0.6434124999999993,7.663200000000002,1.4569375000000002,38.2826,0.09753475469254576,0.32560148880327683
121.0,24.05,236.8337,SSP3-7.0,2041-2060,30.267599999999987,76.3809,-80.70329999999967,0.9261999999999979,6.663000000000004,1.5869999999999997,39.813,75.47970000000001,-92.28390000000005,0.8481249999999996,7.248362500000001,1.397225,38.373375,0.09753475469254576,0.3887972691730683
121.0,24.1,256.4605,SSP3-7.0,2041-2060,27.17829999999998,78.3674,-43.53490000000011,1.2532999999999994,5.744399999999999,1.2518999999999991,40.2739,71.29107499999999,-87.67009999999996,0.9893374999999991,7.5189875,1.1914375,34.7010875,0.09753475469254576,0.4519930495428597
121.0,24.15,278.4557,SSP3-7.0,2041-2060,12.018000000000029,67.71940000000001,-72.10639999999967,1.2730999999999995,8.674099999999996,0.9852000000000007,30.4739,70.288975,-85.16102500000011,1.057,6.952774999999999,1.2356749999999996,33.670649999999995,0.09753475469254576,0.5151888299126467
121.0,24.2,281.4165,SSP3-7.0,2041-2060,11.77030000000002,69.64920000000001,-95.38430000000017,0.7004000000000019,7.038899999999998,1.7036999999999995,31.8109,65.10752500000001,-98.21237499999995,1.1060499999999993,7.055787499999998,1.07155,29.5287875,0.09753475469254576,0.578384610282438
121.0,24.25,322.664,SSP3-7.0,2041-2060,10.336900000000014,59.364599999999996,-142.64969999999994,0.909399999999998,8.598099999999995,0.40000000000000036,25.676099999999998,65.05765,-133.3109,0.9223625000000006,6.0935125,1.1974625,29.639937500000002,0.09753475469254576,0.6415803906522295
121.0,24.3,337.0487,SSP3-7.0,2041-2060,1.4284000000000106,61.3401,-197.90819999999985,0.5970000000000013,7.635200000000005,1.0296000000000003,27.5804,63.2611125,-157.76491250000004,0.8220250000000004,5.046975,0.8347250000000004,28.762774999999998,0.09753475469254576,0.704776171022021
121.0,24.35,312.3891,SSP3-7.0,2041-2060,-12.97460000000001,62.959599999999995,-169.68160000000034,0.4206000000000003,3.4185000000000016,0.5426000000000002,27.8435,64.03955,-177.98460000000006,0.5750875000000009,5.151850000000002,0.8870375000000008,30.4301625,0.09753475469254576,0.7679719513918124
121.0,24.4,298.9119,SSP3-7.0,2041-2060,-16.40179999999998,64.66229999999999,-160.8166000000001,-0.06289999999999907,5.740700000000004,0.8593000000000011,32.25,64.00477500000001,-162.3801625000001,0.39963750000000076,4.880325,0.9196750000000005,30.42555,0.09753475469254576,0.8311677317615993
121.0,24.45,317.0633,SSP3-7.0,2041-2060,-18.623500000000035,60.2868,-171.14969999999994,-0.21889999999999787,3.9092999999999947,1.1684999999999999,28.5239,63.178975,-174.76841250000012,0.2878875000000001,6.4286875,0.7666750000000004,30.8154875,0.09753475469254576,0.8943635121313908
121.0,24.5,319.3667,SSP3-7.0,2041-2060,-22.109199999999987,58.9518,-234.8431999999998,0.1858000000000004,8.788899999999998,0.24260000000000126,27.239100000000004,64.15383750000001,-197.32172500000016,0.23903750000000068,6.606699999999998,0.5569374999999996,32.4578875,0.09753475469254576,0.9575592925011822
121.0,24.55,305.1535,SSP3-7.0,2041-2060,-23.49459999999999,66.42670000000001,-259.34180000000015,0.2525000000000013,9.392600000000002,-0.1166999999999998,35.137,65.33408750000001,-209.61320000000006,0.26323750000000024,6.874525,0.28797499999999987,34.769287500000004,0.09753475469254576,1.0207550728709736
121.0,24.6,252.4526,SSP3-7.0,2041-2060,-16.7646,70.93990000000001,-190.18190000000004,0.05409999999999826,8.3037,0.03149999999999942,40.5804,68.09585,-177.14095,0.358750000000001,6.716900000000001,0.1252374999999999,38.413062499999995,0.09753475469254576,1.0839508532407651
121.0,24.65,214.3513,SSP3-7.0,2041-2060,-18.237300000000005,69.9462,-95.48860000000013,0.5472000000000001,6.446300000000001,-0.12959999999999994,41.4696,69.8658375,-122.39621249999996,0.37668750000000006,6.3923625,-0.08888750000000012,40.7203875,0.09753475469254576,1.147146633610552
121.0,24.7,179.7886,SSP3-7.0,2041-2060,-8.8519,72.1846,-67.61059999999998,0.6605999999999987,6.520399999999995,-0.9203999999999999,42.45,70.97783749999999,-80.72742500000004,0.5138250000000006,3.606487499999999,-0.27476250000000024,41.9462125,0.09753475469254576,1.2103424139803434
121.0,24.75,146.3956,SSP3-7.0,2041-2060,1.0911999999999864,72.7166,-62.86160000000018,0.7057000000000002,3.985199999999999,-0.2741000000000007,43.3609,71.946325,-65.21980000000002,0.5087125000000001,3.6513999999999998,-0.4884250000000001,42.4394125,0.09753475469254576,1.273538194350135
121.0,24.8,140.3764,SSP3-7.0,2041-2060,4.9161,71.9656,-53.28099999999995,0.4573999999999998,5.205600000000004,-0.46670000000000034,42.2457,71.2564,-68.20460000000003,0.4938625000000001,3.5858875,-0.415975,42.34865,0.09753475469254576,1.3367339747199263
121.0,24.85,133.1036,SSP3-7.0,2041-2060,6.1573999999999955,70.0413,-72.91970000000015,0.4328000000000003,6.688900000000004,-0.21300000000000008,41.8804,69.91198750000001,-59.31881249999992,0.5529249999999997,6.434262500000001,-0.389825,41.6290875,0.09753475469254576,1.3999297550897176
121.0,24.9,136.3656,SSP3-7.0,2041-2060,1.6813999999999965,68.5293,-72.6760999999999,0.3869000000000007,8.853700000000003,-0.33699999999999974,40.7391,67.74053749999999,-50.20943749999995,0.7261624999999996,7.5706,-0.25487499999999996,40.5078875,0.09753475469254576,1.4631255354595045
121.0,24.95,138.7093,SSP3-7.0,2041-2060,-2.575400000000002,67.8249,-50.41020000000003,0.6304000000000016,10.470399999999998,-0.6741000000000001,39.6174,66.350275,-53.15769999999998,0.7877000000000001,7.978937500000001,-0.16504999999999992,39.901075,0.09753475469254576,1.526321315829296
121.0,25.0,142.3879,SSP3-7.0,2041-2060,-5.351200000000006,64.55850000000001,-71.18399999999997,0.667900000000003,11.051900000000003,-0.7519,38.9717,65.102575,-38.778812500000015,1.0062125000000002,8.3849625,-0.28239999999999976,39.2489125,0.09753475469254576,1.5895170961990874
121.05,22.65,227.0661,SSP3-7.0,2041-2060,-25.0719,77.17269999999999,-113.78909999999996,0.8050999999999995,13.855600000000003,1.7055999999999996,37.1587,74.9699375,-126.2905125,0.5646124999999995,12.0257,2.402075,35.5434875,0.2032285947737671,-1.3806845811810693
121.05,22.7,229.6971,SSP3-7.0,2041-2060,-27.441599999999994,76.01939999999999,-90.71460000000002,0.5652000000000008,11.735199999999999,1.7777999999999992,34.6261,75.36723749999999,-107.9890125,0.7114624999999997,11.815737500000001,2.3249874999999998,36.157624999999996,0.2032285947737671,-1.317488800811278
121.05,22.75,241.0917,SSP3-7.0,2041-2060,-29.353700000000003,75.6025,-81.26039999999989,0.6022999999999996,12.135199999999998,2.037000000000001,35.426100000000005,76.0849875,-77.78797500000002,0.9937499999999999,11.33865,2.308325,36.808425,0.2032285947737671,-1.2542930204414864
121.05,22.8,266.0909,SSP3-7.0,2041-2060,-27.864199999999983,76.5876,-74.3565000000001,1.2586000000000013,11.427799999999998,2.5574000000000003,37.8543,74.93765,-78.10255000000001,1.2455249999999998,10.7627125,2.2460500000000003,36.215500000000006,0.2032285947737671,-1.191097240071695
121.05,22.85,291.6802,SSP3-7.0,2041-2060,-30.362300000000005,77.79469999999999,-62.449400000000196,1.7855999999999987,11.0611,2.2963000000000005,37.25,73.10613749999999,-62.429062500000015,1.7042124999999997,10.7643375,2.2557875000000003,35.335325000000005,0.2032285947737671,-1.1279014597019037
121.05,22.9,281.962,SSP3-7.0,2041-2060,-16.587699999999984,76.93359999999998,16.467799999999897,2.349599999999999,10.725900000000003,2.485199999999999,36.7196,67.962525,-23.588062500000035,2.0536999999999996,10.158787500000003,2.2377375,31.2570625,0.2032285947737671,-1.0647056793321166
121.05,22.95,248.7601,SSP3-7.0,2041-2060,2.4710000000000036,60.103699999999996,66.08420000000001,2.350999999999999,7.977800000000002,2.4019000000000004,25.4826,66.87802500000001,29.40535,2.295125,9.657862500000002,2.2588,30.088299999999997,0.2032285947737671,-1.0015098989623252
121.05,23.0,231.4066,SSP3-7.0,2041-2060,6.058700000000016,74.8836,71.97270000000003,2.456500000000002,8.555599999999998,1.7573999999999987,34.613,57.61795,54.79585,2.1642,8.540287500000002,2.1833375,23.9233625,0.2032285947737671,-0.9383141185925338
121.05,23.05,226.0089,SSP3-7.0,2041-2060,4.0531999999999755,51.756299999999996,51.460199999999986,2.0107999999999997,8.355599999999999,1.8315000000000001,20.3435,61.9879125,42.35492500000004,1.8866250000000004,8.009500000000001,2.0625,26.419012499999997,0.2032285947737671,-0.8751183382227424
121.05,23.1,222.386,SSP3-7.0,2041-2060,3.2442000000000064,64.17089999999999,23.02780000000007,1.6122000000000014,7.357399999999998,2.118499999999999,27.176099999999998,62.264375,14.23183750000004,1.5325500000000005,7.994225,2.1736125,26.492112499999998,0.2032285947737671,-0.811922557852951
121.05,23.15,228.6602,SSP3-7.0,2041-2060,-4.722700000000003,71.0129,-13.581199999999853,1.2919000000000018,9.2519,2.5704000000000002,31.121699999999997,66.6257625,-0.6742624999999407,1.4090125000000002,7.637262500000002,2.28125,28.8239125,0.2032285947737671,-0.748726777483164
121.05,23.2,215.6993,SSP3-7.0,2041-2060,-9.073700000000002,68.07990000000001,-13.597200000000157,1.3582999999999998,9.127800000000004,2.3499999999999996,29.839100000000002,68.128725,-27.213587499999903,1.4310875000000003,8.8115625,2.4145875,30.390225,0.2032285947737671,-0.6855309971133726
121.05,23.25,211.5235,SSP3-7.0,2041-2060,-11.798500000000018,66.5223,-53.53359999999998,1.496100000000002,11.3296,2.462999999999999,31.460900000000002,64.464425,-41.61722499999996,1.429862499999999,9.094450000000002,2.3907375,29.383699999999997,0.2032285947737671,-0.6223352167435812
121.05,23.3,207.615,SSP3-7.0,2041-2060,-13.899799999999999,55.322300000000006,-69.43489999999997,1.371299999999998,10.9204,2.6944,28.0022,64.81375,-54.28642500000001,1.2766374999999999,8.735175000000002,2.202775,30.708425,0.2032285947737671,-0.5591394363737897
121.05,23.35,199.6455,SSP3-7.0,2041-2060,-17.4906,65.1136,-55.9666000000002,0.9606999999999992,8.214799999999997,1.8000000000000007,31.1652,63.400325,-51.174537500000014,1.0206999999999995,8.220825000000001,1.9935125000000002,30.4834125,0.2032285947737671,-0.4959436560039983
121.05,23.4,191.6569,SSP3-7.0,2041-2060,-15.810200000000009,67.6978,-41.149000000000115,0.6905999999999999,7.688899999999997,1.359300000000001,30.593500000000002,63.641324999999995,-45.05680000000001,0.7601749999999998,6.5187375,1.7287000000000001,30.701625,0.2032285947737671,-0.43274787563421135
121.05,23.45,190.2957,SSP3-7.0,2041-2060,-11.407700000000006,55.919999999999995,-42.33240000000001,0.5176000000000016,4.781500000000001,1.4741,27.952199999999998,63.186825000000006,-45.139537500000046,0.5656374999999993,5.353462499999999,1.7305500000000003,30.401362499999998,0.2032285947737671,-0.3695520952644199
121.05,23.5,195.1576,SSP3-7.0,2041-2060,-8.592900000000014,56.398199999999996,-52.38940000000002,0.34029999999999916,3.540700000000001,2.0074000000000005,29.3522,61.552550000000004,-54.35563750000003,0.4599000000000002,4.299312499999999,1.8807875,29.4674,0.2032285947737671,-0.3063563148946285
121.05,23.55,201.5322,SSP3-7.0,2041-2060,-8.36499999999998,61.632400000000004,-71.68159999999989,0.3869000000000007,3.3721999999999994,2.3240999999999996,29.582600000000003,62.71787500000001,-71.29082500000007,0.4268500000000004,4.925225,1.8382,30.9092375,0.2032285947737671,-0.24316053452483705
121.05,23.6,207.0804,SSP3-7.0,2041-2060,-10.191100000000006,64.1935,-92.8397,0.4502999999999986,6.837000000000003,1.5777999999999999,30.7217,67.12174999999999,-86.45543750000002,0.46647500000000086,5.321524999999999,1.836125,33.26955,0.2032285947737671,-0.17996475415504562
121.05,23.65,216.5508,SSP3-7.0,2041-2060,-17.48520000000002,73.69839999999999,-99.17000000000007,0.45250000000000057,5.564799999999998,1.7667000000000002,36.363,71.4078625,-95.26823750000005,0.5263624999999998,6.073837499999999,1.5303375000000001,36.516287500000004,0.2032285947737671,-0.11676897378525869
121.05,23.7,233.9575,SSP3-7.0,2041-2060,-26.752800000000008,81.1745,-103.19150000000013,0.45789999999999864,5.7759,1.4000000000000004,44.2391,75.32374999999999,-99.60395,0.4893875000000003,6.323599999999998,1.4891250000000003,39.057325000000006,0.2032285947737671,-0.053573193415467256
121.05,23.75,243.289,SSP3-7.0,2041-2060,-28.35759999999999,81.5917,-117.35279999999989,0.30120000000000147,6.929600000000001,1.4259000000000004,44.0217,78.31455,-120.26585000000003,0.3940999999999999,7.505774999999998,1.3821750000000004,41.3356,0.2032285947737671,0.009622586954324176
121.05,23.8,226.6518,SSP3-7.0,2041-2060,-21.279600000000016,80.48089999999999,-164.36000000000013,0.2480000000000011,9.531499999999994,0.8741000000000003,42.906499999999994,75.5626,-160.32356249999992,0.24263750000000073,7.628687500000002,1.3826375,39.7068,0.2032285947737671,0.0728183673241156
121.05,23.85,227.46,SSP3-7.0,2041-2060,-14.7183,76.6198,-215.61649999999986,0.0660000000000025,6.801900000000003,1.3851999999999993,40.462999999999994,73.5310375,-185.52588749999993,0.2655375000000002,8.9937375,1.1648125000000003,37.81603749999999,0.2032285947737671,0.13601414769390704
121.05,23.9,222.2441,SSP3-7.0,2041-2060,-6.275499999999994,69.148,-183.47979999999984,0.3631999999999991,9.890699999999995,1.6814999999999998,35.3,71.5368875,-185.1834249999999,0.39542500000000036,8.655562500000002,1.0178375000000002,36.450537499999996,0.2032285947737671,0.19920992806369398
121.05,23.95,236.7169,SSP3-7.0,2041-2060,13.156899999999979,68.30359999999999,-150.42239999999993,0.6623999999999981,9.438899999999997,1.5093000000000014,34.956500000000005,72.0968625,-149.97813749999992,0.6449749999999996,9.1935125,1.1893500000000004,36.8339625,0.2032285947737671,0.26240570843348543
121.05,24.0,249.6501,SSP3-7.0,2041-2060,18.87349999999998,70.2365,-140.8352,0.875,8.853700000000003,1.6667000000000005,35.8043,71.2498875,-111.48276249999992,0.868199999999999,9.0067125,1.2240625,35.710325,0.2032285947737671,0.32560148880327683
121.05,24.05,247.8418,SSP3-7.0,2041-2060,25.40900000000002,67.9556,-94.2150999999999,0.9957999999999991,10.544400000000003,1.3758999999999997,30.587,71.812225,-86.54843750000003,1.0679124999999998,8.502075000000001,1.23425,35.697275,0.2032285947737671,0.3887972691730683
121.05,24.1,264.8585,SSP3-7.0,2041-2060,27.523900000000026,72.5712,-65.83670000000029,1.1838000000000015,9.8037,1.3666999999999998,34.3348,66.8363125,-73.88701249999991,1.2011749999999997,8.936575,0.8726749999999999,31.2432,0.2032285947737671,0.4519930495428597
121.05,24.15,276.5115,SSP3-7.0,2041-2060,17.12020000000001,56.311499999999995,-67.92399999999998,1.3069999999999986,9.7519,0.6092999999999993,23.6065,65.945075,-66.19333750000004,1.2180125000000004,8.629399999999999,1.0882,30.3391375,0.2032285947737671,0.5151888299126467
121.05,24.2,296.6736,SSP3-7.0,2041-2060,16.346499999999992,63.630599999999994,-65.70490000000018,1.3145999999999987,9.151899999999998,1.5314999999999994,28.5304,61.0605,-68.2302499999999,1.1917499999999999,8.703937499999999,0.9597250000000002,26.561687499999998,0.2032285947737671,0.578384610282438
121.05,24.25,308.0691,SSP3-7.0,2041-2060,17.159400000000005,63.8704,-60.62639999999965,1.2201000000000022,7.990699999999997,1.135200000000001,27.756500000000003,59.7501625,-108.13342500000005,1.0431374999999998,7.824999999999999,1.03495,25.9782625,0.2032285947737671,0.6415803906522295
121.05,24.3,333.5907,SSP3-7.0,2041-2060,17.25359999999995,53.9246,-204.53639999999996,0.8414000000000001,6.303699999999999,0.9759000000000011,22.165200000000002,59.0438625,-138.24818750000003,0.9484375000000007,6.526137499999999,0.6629625000000001,25.372825,0.2032285947737671,0.704776171022021
121.05,24.35,308.0292,SSP3-7.0,2041-2060,12.916600000000017,58.6467,-225.82330000000002,0.8755000000000024,5.372199999999999,0.4277999999999995,23.665200000000002,58.60827499999999,-167.25697500000007,0.6635375000000003,5.412725000000001,0.7201375000000005,25.95245,0.2032285947737671,0.7679719513918124
121.05,24.4,289.6841,SSP3-7.0,2041-2060,-0.8924999999999841,63.550599999999996,-142.50070000000005,0.5885999999999996,4.324100000000001,0.8630000000000013,29.2652,58.6364125,-165.63211250000006,0.46061250000000076,4.789112499999999,0.8219875000000001,26.060325,0.2032285947737671,0.8311677317615993
121.05,24.45,294.0646,SSP3-7.0,2041-2060,-3.1270999999999844,57.6838,-114.55590000000029,0.20599999999999952,6.5259,1.4685000000000006,25.9587,58.70755,-178.434125,0.38507500000000006,6.078474999999999,0.7905125000000002,26.594825,0.2032285947737671,0.8943635121313908
121.05,24.5,317.0719,SSP3-7.0,2041-2060,-15.875300000000038,54.543899999999994,-217.44530000000032,0.28669999999999973,6.672199999999997,0.24069999999999858,23.262999999999998,60.14575,-201.1921625000001,0.2957375000000009,7.727074999999999,0.8106500000000001,28.5301625,0.2032285947737671,0.9575592925011822
121.05,24.55,334.6958,SSP3-7.0,2041-2060,-13.421199999999999,64.1273,-276.17750000000024,0.2430000000000021,10.033299999999997,0.7425999999999995,31.9478,62.160975,-207.97617500000007,0.23683750000000048,8.493512500000001,0.6722250000000001,31.261137499999997,0.2032285947737671,1.0207550728709736
121.05,24.6,295.7651,SSP3-7.0,2041-2060,-21.136600000000044,65.7749,-204.1012999999998,0.06430000000000291,6.635200000000005,1.0630000000000006,35.7978,66.82611250000001,-175.99182500000012,0.22545000000000082,8.2435125,0.6645749999999999,36.5875125,0.2032285947737671,1.0839508532407651
121.05,24.65,221.7964,SSP3-7.0,2041-2060,-14.250699999999995,68.8409,-122.18949999999995,0.20030000000000214,6.099999999999994,0.5980999999999987,40.2348,68.4380875,-122.26701249999999,0.33826250000000035,7.004875000000001,0.33726250000000013,39.518474999999995,0.2032285947737671,1.147146633610552
121.05,24.7,182.9404,SSP3-7.0,2041-2060,-11.582900000000024,70.3475,-80.66750000000002,0.4662000000000006,6.892600000000002,-0.38150000000000084,42.34780000000001,69.52643749999999,-91.82398750000004,0.5017125000000004,5.859962499999999,-0.1106625,41.1943,0.2032285947737671,1.2103424139803434
121.05,24.75,161.2503,SSP3-7.0,2041-2060,-3.6753999999999962,70.80529999999999,-92.80920000000015,0.5610999999999997,3.1295999999999964,-0.7980999999999998,41.9413,70.1187875,-84.54342499999998,0.5427125000000004,6.091687500000001,-0.4604375000000004,41.890212500000004,0.2032285947737671,1.273538194350135
121.05,24.8,152.8326,SSP3-7.0,2041-2060,4.089799999999997,71.6893,-96.59019999999987,0.5367999999999995,4.9574,-0.3537000000000008,43.093500000000006,69.473575,-86.04452500000005,0.5497624999999999,5.98635,-0.4905250000000001,41.3380375,0.2032285947737671,1.3367339747199263
121.05,24.85,141.2455,SSP3-7.0,2041-2060,4.253200000000021,69.7064,-78.20349999999985,0.5492999999999988,6.007399999999997,-0.8425999999999991,41.3957,68.27025,-75.83093749999998,0.6556375000000001,7.4088,-0.22153750000000028,40.6826,0.2032285947737671,1.3999297550897176
121.05,24.9,136.1488,SSP3-7.0,2041-2060,3.0733000000000175,65.93260000000001,-56.13019999999983,1.0107999999999997,9.918499999999995,0.0907,39.5935,66.97041250000001,-61.74265,0.7318624999999996,7.985874999999999,-0.16921249999999977,39.9630375,0.2032285947737671,1.4631255354595045
121.05,24.95,139.4281,SSP3-7.0,2041-2060,4.528500000000008,64.0557,-31.747299999999996,0.8009999999999984,9.049999999999997,0.33890000000000065,38.8696,65.56732500000001,-49.78962499999997,0.9035750000000005,8.663662500000001,-0.2745375,39.3057,0.2032285947737671,1.526321315829296
121.05,25.0,144.7718,SSP3-7.0,2041-2060,0.5617999999999768,63.9927,-32.50760000000014,1.0914000000000001,7.555599999999998,-0.15739999999999998,38.349999999999994,64.8487125,-41.545124999999985,1.0312625000000004,8.9551,-0.3032499999999998,39.183425,0.2032285947737671,1.5895170961990874
121.05,25.05,148.9552,SSP3-7.0,2041-2060,8.061200000000014,63.98259999999999,-31.894000000000005,1.3947000000000003,10.563000000000002,-0.5203999999999995,38.3239,64.5902125,-32.94188750000001,1.0512250000000005,8.123850000000001,-0.27893749999999995,38.9948375,0.2032285947737671,1.652712876568879
121.1,22.7,209.7102,SSP3-7.0,2041-2060,-24.383099999999985,76.57809999999999,-75.57230000000004,1.2367999999999988,13.4407,1.5277999999999992,35.852199999999996,76.59403749999998,-72.38360000000003,0.7992875000000002,11.6761625,2.1981375,37.1464875,0.30892243485498844,-1.317488800811278
121.1,22.75,218.2794,SSP3-7.0,2041-2060,-23.008700000000005,77.3107,-54.23530000000005,0.8922999999999988,11.744399999999999,2.0537,37.7283,77.0937625,-61.42683750000003,1.0084250000000008,11.0587875,2.1435125,37.452175,0.30892243485498844,-1.2542930204414864
121.1,22.8,239.6302,SSP3-7.0,2041-2060,-26.41300000000001,75.4959,-27.327299999999923,1.0459000000000032,8.518499999999996,2.198100000000001,37.9261,75.86795000000001,-57.051150000000064,1.2084375,11.108325,2.1118000000000006,37.3953875,0.30892243485498844,-1.191097240071695
121.1,22.85,261.6494,SSP3-7.0,2041-2060,-34.3143,67.07220000000001,-65.43419999999992,1.274000000000001,11.079600000000006,2.0704000000000002,33.137,74.8933625,-45.577562500000056,1.4010000000000002,11.379625,2.1710625,36.940762500000005,0.30892243485498844,-1.1279014597019037
121.1,22.9,261.195,SSP3-7.0,2041-2060,-31.712999999999994,69.18870000000001,-77.00729999999999,1.4669999999999987,15.953700000000001,2.1092999999999993,33.1978,72.0258875,-18.44118750000004,1.474675,10.6138875,2.246525,34.3671375,0.30892243485498844,-1.0647056793321166
121.1,22.95,241.7306,SSP3-7.0,2041-2060,-9.4255,77.4209,-11.075900000000047,1.3106000000000009,10.307400000000001,2.3332999999999995,36.3022,70.9722875,14.818649999999991,1.5887875,10.3465375,2.2354249999999993,33.055975,0.30892243485498844,-1.0015098989623252
121.1,23.0,222.7341,SSP3-7.0,2041-2060,-2.440000000000026,72.5897,28.346900000000005,1.5091,10.437000000000005,2.5352000000000006,32.906499999999994,67.8237,28.858899999999977,1.5246500000000003,8.57525,2.169675,30.420112500000002,0.30892243485498844,-0.9383141185925338
121.1,23.05,218.2652,SSP3-7.0,2041-2060,-5.475200000000001,59.4089,-9.572300000000041,1.3337000000000003,9.624100000000002,2.092599999999999,25.5239,70.5963,21.66047499999999,1.4533000000000005,7.997700000000001,2.1780124999999995,31.6445625,0.30892243485498844,-0.8751183382227424
121.1,23.1,223.2152,SSP3-7.0,2041-2060,-4.10390000000001,76.5901,-20.302400000000034,1.0503,7.059300000000004,2.2166999999999994,35.4783,69.17054999999999,-2.3646875000000023,1.2942250000000008,8.5921375,2.3145874999999996,30.455975000000002,0.30892243485498844,-0.811922557852951
121.1,23.15,245.1815,SSP3-7.0,2041-2060,-13.790600000000012,77.7483,-27.71679999999992,1.2408000000000001,8.540700000000001,2.3851999999999993,36.563,69.6066,-14.078125000000028,1.2218875000000007,8.6287125,2.2986124999999995,30.2345125,0.30892243485498844,-0.748726777483164
121.1,23.2,221.9474,SSP3-7.0,2041-2060,-16.125199999999978,65.1659,-21.722099999999955,1.2515,9.490700000000004,2.1852,27.0848,68.7463,-23.586174999999997,1.3506375000000004,10.2375,2.27315,30.5195625,0.30892243485498844,-0.6855309971133726
121.1,23.25,201.5175,SSP3-7.0,2041-2060,-10.637200000000007,68.6857,-25.38259999999991,1.6130999999999993,11.868500000000004,2.2148000000000003,30.9848,63.71705,-24.293762500000014,1.4895374999999997,10.5486125,2.2888874999999995,28.3981,0.30892243485498844,-0.6223352167435812
121.1,23.3,201.1787,SSP3-7.0,2041-2060,-5.480899999999991,62.963699999999996,-13.41540000000009,1.7584999999999997,11.338900000000002,2.75,29.039099999999998,66.92001249999998,-15.24120000000002,1.5538249999999998,10.299075000000002,2.244675,31.2549,0.30892243485498844,-0.5591394363737897
121.1,23.35,193.4156,SSP3-7.0,2041-2060,-4.387400000000014,72.72409999999999,13.210199999999986,1.4997000000000007,6.653700000000004,2.4648000000000003,34.632600000000004,68.86531249999999,-4.492400000000032,1.416275,9.594212500000001,2.2634250000000002,32.5608625,0.30892243485498844,-0.4959436560039983
121.1,23.4,184.9147,SSP3-7.0,2041-2060,-6.262799999999999,76.438,6.419300000000021,1.1342999999999996,8.544400000000003,2.3611000000000004,37.013,68.443675,4.508674999999954,1.1087500000000001,7.100924999999998,1.9724625,32.252174999999994,0.30892243485498844,-0.43274787563421135
121.1,23.45,184.3021,SSP3-7.0,2041-2060,-4.848899999999986,69.16120000000001,-3.6391000000000986,0.7594999999999992,6.161099999999998,1.7241,31.241299999999995,63.7800375,-3.2375000000000114,0.8461625000000002,5.937262499999999,1.879175,30.747275000000002,0.30892243485498844,-0.3695520952644199
121.1,23.5,183.5907,SSP3-7.0,2041-2060,-2.38130000000001,56.4502,-17.812700000000177,0.620000000000001,4.305599999999998,1.6463,27.930400000000002,59.4162125,-15.737975000000006,0.6789999999999998,4.864812499999999,1.8064875,28.19865,0.30892243485498844,-0.3063563148946285
121.1,23.55,185.1699,SSP3-7.0,2041-2060,-3.272100000000023,58.0296,-32.53800000000001,0.5117000000000012,5.170400000000001,1.6481000000000012,27.0674,57.0745625,-31.061612500000024,0.6556875,5.269912499999999,1.7657500000000002,27.8336875,0.30892243485498844,-0.24316053452483705
121.1,23.6,187.5404,SSP3-7.0,2041-2060,-4.8259000000000185,53.6683,-47.1078,0.5857000000000028,5.670400000000001,1.5556,26.9174,60.7188625,-43.61021249999999,0.6655875,5.9039375,1.7282375000000003,29.3162875,0.30892243485498844,-0.17996475415504562
121.1,23.65,193.9438,SSP3-7.0,2041-2060,-10.83850000000001,56.766,-54.20609999999988,0.6964000000000006,6.933300000000003,1.5,28.873900000000003,66.1830625,-48.75790000000006,0.6713624999999994,5.8851875,1.6648250000000004,33.4315,0.30892243485498844,-0.11676897378525869
121.1,23.7,206.6394,SSP3-7.0,2041-2060,-17.595699999999994,68.2259,-51.49850000000015,0.6198999999999977,5.6425999999999945,1.6056000000000008,33.491299999999995,70.29398749999999,-53.526212499999986,0.6218250000000003,5.595587500000001,1.6078625000000004,36.4874875,0.30892243485498844,-0.053573193415467256
121.1,23.75,220.3771,SSP3-7.0,2041-2060,-26.273600000000016,73.94069999999999,-53.42409999999995,0.46610000000000085,5.948099999999997,1.1574000000000009,38.9696,72.023125,-70.68145000000001,0.5393875000000001,6.1916625,1.4988375000000003,37.755975,0.30892243485498844,0.009622586954324176
121.1,23.8,201.3441,SSP3-7.0,2041-2060,-21.499200000000002,72.4541,-83.87369999999987,0.4070999999999998,7.8944000000000045,1.2943999999999996,38.095699999999994,66.4762375,-97.64608749999996,0.4643625000000009,6.877787499999999,1.1868125000000003,34.0731,0.30892243485498844,0.0728183673241156
121.1,23.85,203.6382,SSP3-7.0,2041-2060,-19.76400000000001,57.356700000000004,-105.20990000000006,0.5858999999999988,7.938900000000004,0.4314999999999998,27.287,65.8092625,-118.61158749999996,0.49061250000000056,8.4743,1.0937625000000002,32.99918749999999,0.30892243485498844,0.13601414769390704
121.1,23.9,215.4339,SSP3-7.0,2041-2060,-5.456299999999999,72.10650000000001,-106.50729999999976,0.7614000000000019,9.936999999999998,0.37590000000000146,35.5478,62.460775,-122.32318749999993,0.6614499999999994,8.7571875,0.9194625000000001,30.797824999999996,0.30892243485498844,0.19920992806369398
121.1,23.95,231.9823,SSP3-7.0,2041-2060,9.957899999999995,66.0865,-105.43169999999964,0.9728999999999992,9.216700000000003,0.33890000000000065,33.4304,66.0767125,-108.80007499999996,0.873075,8.916662500000001,0.9004750000000004,32.674724999999995,0.30892243485498844,0.26240570843348543
121.1,24.0,228.2982,SSP3-7.0,2041-2060,15.665199999999999,65.7747,-99.32909999999993,0.998899999999999,8.635200000000005,1.3722000000000012,33.0109,66.363525,-94.19268749999995,1.0576874999999997,9.064587500000002,0.7270874999999999,32.265212500000004,0.30892243485498844,0.32560148880327683
121.1,24.05,224.8174,SSP3-7.0,2041-2060,21.07340000000002,66.33539999999999,-75.20460000000003,1.2209000000000003,10.561099999999996,0.3869999999999987,30.6978,66.0411,-86.18661250000005,1.1468500000000006,8.911100000000001,0.8657500000000002,31.298649999999995,0.30892243485498844,0.3887972691730683
121.1,24.1,239.5316,SSP3-7.0,2041-2060,24.636899999999997,65.1181,-82.38290000000006,1.3203000000000031,10.118499999999997,0.39810000000000123,29.641299999999998,62.8949875,-78.44262500000002,1.2270124999999998,9.6131875,0.7124999999999997,28.324737499999998,0.30892243485498844,0.4519930495428597
121.1,24.15,254.6405,SSP3-7.0,2041-2060,20.55679999999998,56.5022,-75.02489999999989,1.3127999999999993,9.435200000000002,0.38700000000000045,24.852199999999996,61.175912499999995,-68.56602500000002,1.2788375000000003,9.2463,0.7631999999999999,27.062224999999998,0.30892243485498844,0.5151888299126467
121.1,24.2,271.6774,SSP3-7.0,2041-2060,23.099900000000048,54.0025,-29.571699999999964,1.3857999999999997,9.0685,1.0815000000000001,22.795699999999997,59.6816625,-57.18592499999994,1.2721999999999998,8.854412499999999,0.7599499999999997,25.60705,0.30892243485498844,0.578384610282438
121.1,24.25,272.0958,SSP3-7.0,2041-2060,28.837499999999977,61.06420000000001,-2.5545999999999367,1.4253999999999998,9.074100000000001,1.3758999999999997,25.521700000000003,57.79163749999999,-84.77892500000002,1.1544624999999997,7.6305499999999995,0.6807874999999999,24.445925000000003,0.30892243485498844,0.6415803906522295
121.1,24.3,259.7439,SSP3-7.0,2041-2060,21.53309999999999,55.0255,-126.75760000000037,1.1710999999999991,5.729599999999998,0.18149999999999977,23.745699999999996,55.324625,-115.53454999999997,1.0646500000000008,6.8578624999999995,0.49929999999999986,22.8423875,0.30892243485498844,0.704776171022021
121.1,24.35,265.8524,SSP3-7.0,2041-2060,13.130499999999984,50.0798,-179.98410000000013,0.9684000000000026,4.390699999999995,0.21110000000000007,21.1935,55.104200000000006,-147.76934999999997,0.8888125000000002,5.861812500000001,0.4534625000000003,23.003275000000002,0.30892243485498844,0.7679719513918124
121.1,24.4,270.9881,SSP3-7.0,2041-2060,-1.2174999999999727,57.3237,-155.87059999999974,0.7840999999999987,5.759300000000003,1.0981000000000005,23.5761,54.785575,-144.36888750000003,0.7443750000000007,5.374999999999999,0.646525,23.379075,0.30892243485498844,0.8311677317615993
121.1,24.45,294.4583,SSP3-7.0,2041-2060,-9.115499999999997,57.44859999999999,-147.17509999999993,0.7120999999999995,3.1962999999999937,0.7999999999999989,25.4717,56.213587499999996,-147.0494750000001,0.6466874999999996,6.675700000000001,0.9578625000000001,24.25815,0.30892243485498844,0.8943635121313908
121.1,24.5,335.8741,SSP3-7.0,2041-2060,-15.0942,52.8927,-197.67180000000008,0.8050999999999995,10.237000000000002,1.0518999999999998,23.169599999999996,57.7178375,-173.1240250000002,0.4387000000000003,7.341199999999999,1.0129624999999995,26.269825,0.30892243485498844,0.9575592925011822
121.1,24.55,340.5173,SSP3-7.0,2041-2060,-23.05329999999998,63.3483,-208.62230000000045,0.18030000000000257,9.733300000000003,1.1278000000000006,30.793499999999998,59.2935875,-193.94746250000003,0.2999750000000003,8.4273125,1.1418999999999997,28.801625,0.30892243485498844,1.0207550728709736
121.1,24.6,306.6514,SSP3-7.0,2041-2060,-21.55630000000002,64.4096,-151.6017999999999,0.06589999999999918,8.185200000000002,1.737,34.1087,64.08615,-182.23967500000006,0.16286250000000146,8.379625,1.1773125000000002,33.920925,0.30892243485498844,1.0839508532407651
121.1,24.65,236.5661,SSP3-7.0,2041-2060,-11.301900000000018,66.57,-104.33120000000008,0.26030000000000086,7.753700000000002,1.3259000000000007,38.4283,66.232475,-141.16413749999998,0.24342500000000067,7.308337500000001,0.8016000000000001,37.484225,0.30892243485498844,1.147146633610552
121.1,24.7,177.9282,SSP3-7.0,2041-2060,-2.096400000000017,67.332,-84.15319999999997,0.5875000000000021,5.301900000000003,-0.02779999999999916,40.965199999999996,67.5223,-115.67506250000005,0.39090000000000025,6.969675,0.21271250000000008,39.640212500000004,0.30892243485498844,1.2103424139803434
121.1,24.75,159.3,SSP3-7.0,2041-2060,3.1722999999999786,67.8159,-105.14799999999991,0.49099999999999966,7.642600000000002,-0.6593,40.7043,68.029,-116.64302500000002,0.4506125000000005,6.786575000000001,-0.2055625000000002,40.625,0.30892243485498844,1.273538194350135
121.1,24.8,160.3747,SSP3-7.0,2041-2060,5.7065000000000055,66.8988,-126.0353,0.43650000000000233,8.227800000000002,-0.6000000000000014,39.9543,67.359325,-122.69120000000001,0.47823749999999965,7.1372624999999985,-0.27454999999999974,40.102450000000005,0.30892243485498844,1.3367339747199263
121.1,24.85,141.9203,SSP3-7.0,2041-2060,9.704100000000011,65.83869999999999,-97.09790000000021,0.7642999999999986,7.003699999999995,-0.07039999999999935,39.2217,66.1741375,-109.00258749999995,0.6194625,8.144199999999998,-0.17200000000000026,39.514137500000004,0.30892243485498844,1.3999297550897176
121.1,24.9,133.3081,SSP3-7.0,2041-2060,9.469700000000017,65.2664,-31.91709999999989,1.2195999999999998,8.4148,0.17779999999999951,38.7326,65.01248749999999,-88.17218749999998,0.7638249999999993,8.123824999999997,-0.12222499999999958,39.0116875,0.30892243485498844,1.4631255354595045
121.1,24.95,141.1648,SSP3-7.0,2041-2060,6.565999999999974,64.50059999999999,-58.96939999999995,1.0705999999999989,7.3980999999999995,0.26670000000000016,39.2478,64.42863750000001,-50.38225,1.0105499999999998,7.745137499999999,-0.16549999999999987,38.7712125,0.30892243485498844,1.526321315829296
121.1,25.0,145.5255,SSP3-7.0,2041-2060,5.251300000000015,63.933600000000006,-24.52240000000006,1.1509999999999998,5.646300000000004,-0.8110999999999997,39.1935,64.304775,-35.26401250000001,1.1835875000000002,7.6838,-0.13378749999999973,38.81305,0.30892243485498844,1.5895170961990874
121.1,25.05,141.6811,SSP3-7.0,2041-2060,7.347000000000008,64.00120000000001,-7.503500000000031,1.5237000000000016,7.5426,-0.3647999999999998,39.650000000000006,64.3481375,-30.756137500000023,1.2020124999999995,7.173837500000001,-0.20671249999999974,38.84185,0.30892243485498844,1.652712876568879
121.15,22.75,204.2117,SSP3-7.0,2041-2060,-18.046899999999994,82.2281,-25.181400000000167,1.2268000000000008,11.038899999999998,2.3037,41.017399999999995,76.7346625,-56.224762500000026,1.1551624999999999,11.02545,1.9078625000000002,37.97555,0.41461627493623976,-1.2542930204414864
121.15,22.8,211.0309,SSP3-7.0,2041-2060,-20.348600000000005,77.1917,-30.354300000000194,1.2513000000000005,8.479600000000005,1.8777999999999997,39.3022,75.8254875,-49.960312500000015,1.1656375000000003,11.154625,2.0425875000000007,37.900825,0.41461627493623976,-1.191097240071695
121.15,22.85,229.0423,SSP3-7.0,2041-2060,-23.814100000000025,73.15610000000001,-63.137699999999995,1.3765999999999998,11.899999999999999,1.698100000000001,37.4478,74.68509999999999,-48.99583749999999,1.1984000000000004,10.886800000000001,2.057875,36.863325,0.41461627493623976,-1.1279014597019037
121.15,22.9,228.9635,SSP3-7.0,2041-2060,-18.29000000000002,72.7986,-46.455799999999954,0.6734000000000009,12.970399999999998,2.1463,35.8283,72.88372500000001,-33.8624375,1.2126749999999995,10.733799999999999,2.1113375000000003,35.043212499999996,0.41461627493623976,-1.0647056793321166
121.15,22.95,213.8064,SSP3-7.0,2041-2060,0.33740000000000236,70.9273,18.471499999999878,0.6766000000000005,8.8889,2.5407,32.7696,72.977575,-5.1664124999999785,1.3100749999999999,9.877325,2.1488499999999995,34.054625,0.41461627493623976,-1.0015098989623252
121.15,23.0,216.1364,SSP3-7.0,2041-2060,-4.014700000000005,70.35310000000001,40.669200000000046,1.2271,7.263000000000005,1.907399999999999,32.930400000000006,71.4276375,12.846462499999973,1.2694125,8.2233875,2.285425,32.5540875,0.41461627493623976,-0.9383141185925338
121.15,23.05,219.7358,SSP3-7.0,2041-2060,-11.434800000000024,77.7358,2.861599999999953,0.8308999999999997,7.629599999999996,2.4925999999999995,35.395700000000005,70.81178750000001,5.995787499999977,1.2770875000000004,7.646312500000002,2.2648249999999996,32.113299999999995,0.41461627493623976,-0.8751183382227424
121.15,23.1,237.045,SSP3-7.0,2041-2060,-17.942699999999974,76.6909,-24.75220000000013,0.9295000000000009,7.324100000000001,2.564799999999999,34.313,71.9813,-9.007412500000015,1.0302375000000006,7.8425875000000005,2.3879749999999995,32.7796125,0.41461627493623976,-0.811922557852951
121.15,23.15,249.418,SSP3-7.0,2041-2060,-24.39270000000002,74.8404,-20.644600000000082,1.1040000000000028,10.6537,2.4611,33.2109,70.67806250000001,-19.745137500000027,1.00995,8.084712500000002,2.2803249999999995,31.3266125,0.41461627493623976,-0.748726777483164
121.15,23.2,231.0542,SSP3-7.0,2041-2060,-19.983599999999996,60.30179999999999,-21.053100000000086,1.1773999999999987,8.764800000000001,1.9221999999999992,23.6522,69.43956250000001,-20.86787499999997,1.2171624999999997,9.348837500000002,2.2169,30.8714625,0.41461627493623976,-0.6855309971133726
121.15,23.25,215.7752,SSP3-7.0,2041-2060,-13.345800000000025,62.7791,-13.180299999999988,1.5234999999999985,12.363,1.8184999999999993,27.3239,66.4214125,-11.887462499999998,1.4988749999999993,9.841900000000003,2.1983749999999995,29.17935,0.41461627493623976,-0.6223352167435812
121.15,23.3,208.7432,SSP3-7.0,2041-2060,-5.948100000000011,68.60139999999998,11.586500000000115,1.9797000000000011,11.053700000000003,2.1277999999999997,30.7826,69.570425,19.174424999999985,1.6723999999999994,9.486812500000001,2.3412,32.3244625,0.41461627493623976,-0.5591394363737897
121.15,23.35,210.3023,SSP3-7.0,2041-2060,0.12659999999999627,75.6116,70.77169999999978,1.9864999999999995,9.988899999999997,2.3741000000000003,35.687,73.0521625,42.85698750000003,1.6132625000000005,8.41365,2.3622625,34.668462500000004,0.41461627493623976,-0.4959436560039983
121.15,23.4,202.4417,SSP3-7.0,2041-2060,0.8549000000000149,79.1741,55.2492000000002,1.4486000000000026,9.003699999999998,2.6407,38.2043,71.14874999999999,57.37617499999999,1.4034874999999998,6.72915,2.172225,33.4388625,0.41461627493623976,-0.43274787563421135
121.15,23.45,199.0466,SSP3-7.0,2041-2060,2.979799999999983,62.147,39.92540000000008,1.0067999999999984,4.314799999999998,1.9425999999999988,28.5413,68.026325,43.89258749999999,1.1738000000000004,6.48865,2.06945,31.964937499999998,0.41461627493623976,-0.3695520952644199
121.15,23.5,195.4459,SSP3-7.0,2041-2060,4.3537000000000035,56.01500000000001,26.189599999999928,1.011099999999999,5.3185,1.6019000000000005,26.3913,62.634637500000004,27.680174999999963,0.9883500000000001,5.773612499999999,1.8381874999999999,28.885875,0.41461627493623976,-0.3063563148946285
121.15,23.55,189.8661,SSP3-7.0,2041-2060,6.503000000000014,56.0263,10.561699999999973,0.8980999999999995,6.259299999999996,1.7295999999999996,25.4609,58.674375000000005,13.19876249999993,0.9636375000000006,5.891674999999999,1.7122750000000002,28.005425000000002,0.41461627493623976,-0.24316053452483705
121.15,23.6,186.0783,SSP3-7.0,2041-2060,7.102399999999989,52.2126,-3.413000000000011,0.9530999999999992,6.8555999999999955,1.683300000000001,26.312999999999995,59.801837500000005,2.5842999999999563,0.9554125000000002,6.106250000000001,1.5319375000000002,28.43315,0.41461627493623976,-0.17996475415504562
121.15,23.65,185.8847,SSP3-7.0,2041-2060,3.872799999999984,63.192099999999996,-5.595000000000027,0.9756999999999998,6.238900000000001,1.5963000000000012,30.1478,60.933350000000004,0.6363999999999521,0.9516374999999997,5.523375000000001,1.7229125,30.671187500000002,0.41461627493623976,-0.11676897378525869
121.15,23.7,194.7473,SSP3-7.0,2041-2060,-0.31399999999999295,73.0992,12.752299999999877,0.8757999999999981,4.496300000000005,2.1333,39.258700000000005,62.261325,-10.96041249999999,0.8658999999999999,4.8134125,1.6870250000000004,31.390225,0.41461627493623976,-0.053573193415467256
121.15,23.75,198.8984,SSP3-7.0,2041-2060,-11.644400000000019,58.8893,-8.022499999999809,0.7490000000000023,2.8778000000000006,1.8833000000000002,30.0261,62.5292375,-28.484587500000004,0.7369374999999998,4.941424999999999,1.6935125000000002,32.298925,0.41461627493623976,0.009622586954324176
121.15,23.8,191.5716,SSP3-7.0,2041-2060,-12.674599999999998,60.269400000000005,-49.9049,0.6562000000000019,6.3851999999999975,1.3741000000000003,30.008699999999997,55.026174999999995,-53.17213749999996,0.6667874999999999,5.907637499999999,1.3754625000000003,27.175024999999998,0.41461627493623976,0.0728183673241156
121.15,23.85,194.29,SSP3-7.0,2041-2060,-10.774799999999999,42.66140000000001,-67.27800000000002,0.6424999999999983,8.609299999999998,0.963000000000001,18.9022,57.149925,-70.74337499999999,0.7028875000000006,7.5849375,1.0134375000000002,27.340775,0.41461627493623976,0.13601414769390704
121.15,23.9,210.7855,SSP3-7.0,2041-2060,-4.9392,52.733999999999995,-77.87250000000017,0.7805,8.744399999999999,0.8018999999999998,22.769599999999997,58.40335,-75.16722499999992,0.8784999999999998,8.461575000000002,0.6148250000000004,27.805437499999996,0.41461627493623976,0.19920992806369398
121.15,23.95,221.0313,SSP3-7.0,2041-2060,7.142000000000024,66.7762,-73.27469999999994,1.2181999999999995,9.416700000000002,0.24439999999999884,33.2739,61.8971625,-65.60607499999992,1.0726250000000008,8.308100000000001,0.35117500000000046,29.4578875,0.41461627493623976,0.26240570843348543
121.15,24.0,208.2416,SSP3-7.0,2041-2060,13.600599999999986,63.534200000000006,-38.679600000000164,1.3250000000000028,6.416699999999999,-0.44810000000000016,30.734799999999996,63.28456250000001,-67.38269999999989,1.247175,8.5902875,0.42059999999999986,30.18995,0.41461627493623976,0.32560148880327683
121.15,24.05,227.0086,SSP3-7.0,2041-2060,14.690100000000001,61.680200000000006,-75.47820000000002,1.1912999999999982,8.0685,0.7425999999999995,28.637,62.0632375,-72.14216250000001,1.3055375000000011,8.396987499999998,0.3141250000000002,28.758699999999997,0.41461627493623976,0.3887972691730683
121.15,24.1,226.4273,SSP3-7.0,2041-2060,19.501299999999986,61.4583,-92.73610000000008,1.2847000000000008,8.848100000000002,0.4519000000000002,27.6391,60.924825,-83.17671250000001,1.2957625,8.536562499999999,0.46202500000000013,27.4212,0.41461627493623976,0.4519930495428597
121.15,24.15,233.0759,SSP3-7.0,2041-2060,21.787300000000016,60.3455,-81.1214,1.3198000000000008,9.892600000000002,0.37959999999999994,26.243499999999997,58.4725375,-80.07482499999998,1.237825,7.963175,0.42823750000000027,25.568199999999997,0.41461627493623976,0.5151888299126467
121.15,24.2,239.0644,SSP3-7.0,2041-2060,21.09020000000001,55.96959999999999,-63.25049999999965,1.1146999999999991,7.3352,0.28699999999999903,23.706500000000002,58.189275,-64.36856250000005,1.1535124999999997,7.964350000000001,0.47614999999999985,24.728524999999998,0.41461627493623976,0.578384610282438
121.15,24.25,228.7634,SSP3-7.0,2041-2060,20.203100000000006,59.759299999999996,-41.28070000000025,1.1631999999999998,8.203699999999998,0.37409999999999854,24.6391,56.16159999999999,-73.06361250000003,0.9736249999999997,7.028475000000001,0.350225,23.549725000000002,0.41461627493623976,0.6415803906522295
121.15,24.3,218.3997,SSP3-7.0,2041-2060,13.887799999999999,56.150600000000004,-86.5032000000001,1.024799999999999,7.261100000000006,-0.12040000000000006,22.228300000000004,51.954225,-93.19638750000007,0.8963000000000001,6.490974999999999,0.23379999999999979,21.697,0.41461627493623976,0.704776171022021
121.15,24.35,226.7928,SSP3-7.0,2041-2060,3.6134999999999877,39.101400000000005,-122.9676999999997,0.9984000000000002,6.2667,-0.3852000000000011,15.569600000000001,51.934087500000004,-113.30938750000001,0.8403375,5.928475,0.47498750000000034,21.561149999999998,0.41461627493623976,0.7679719513918124
121.15,24.4,243.9756,SSP3-7.0,2041-2060,-6.217699999999979,57.1105,-117.19529999999986,0.8266000000000027,5.877800000000001,0.5870000000000015,23.810899999999997,49.91945,-118.30791249999993,0.8078624999999997,5.613199999999999,0.7215124999999998,20.675,0.41461627493623976,0.8311677317615993
121.15,24.45,280.6583,SSP3-7.0,2041-2060,-9.963799999999992,54.6632,-104.74900000000025,0.779399999999999,7.046300000000002,1.1999999999999993,22.097800000000003,53.829687500000006,-125.30318749999992,0.7812124999999996,6.169924999999999,1.095825,22.510062499999997,0.41461627493623976,0.8943635121313908
121.15,24.5,332.4719,SSP3-7.0,2041-2060,-15.321000000000026,51.94029999999999,-126.4072000000001,0.8969999999999985,6.962999999999997,1.1536999999999988,22.9239,55.461775,-147.81385000000006,0.5665750000000003,7.200699999999999,1.2359,24.1828875,0.41461627493623976,0.9575592925011822
121.15,24.55,331.7236,SSP3-7.0,2041-2060,-19.512599999999964,57.9873,-189.85989999999993,0.20510000000000161,8.5593,1.3704,27.702200000000005,56.0753,-163.87028750000007,0.36496249999999986,8.4629625,1.4368124999999998,26.001099999999997,0.41461627493623976,1.0207550728709736
121.15,24.6,323.2732,SSP3-7.0,2041-2060,-18.299799999999948,62.6727,-188.31489999999985,-0.1673000000000009,10.133299999999998,1.7759,31.5,59.41712499999999,-168.1848375000001,0.1893375000000006,8.295150000000003,1.4870375000000005,30.215775,0.41461627493623976,1.0839508532407651
121.15,24.65,257.0223,SSP3-7.0,2041-2060,-8.20829999999998,63.3678,-164.3208000000002,0.3169000000000004,8.088900000000002,1.4148000000000014,34.962999999999994,62.856787499999996,-151.3373875,0.19986250000000005,7.8106500000000025,1.1997500000000003,34.544025000000005,0.41461627493623976,1.147146633610552
121.15,24.7,207.5158,SSP3-7.0,2041-2060,-7.808900000000023,67.1144,-133.96410000000014,0.41359999999999886,7.1296000000000035,0.23329999999999984,39.956500000000005,65.2589625,-134.613925,0.35088750000000024,7.340062500000002,0.8036875000000008,37.7065125,0.41461627493623976,1.2103424139803434
121.15,24.75,181.2701,SSP3-7.0,2041-2060,2.625399999999985,65.3166,-121.97019999999998,0.4177999999999997,9.020399999999995,-0.03149999999999942,38.545700000000004,66.3171125,-136.12706249999997,0.3482500000000006,7.612037500000003,0.30762500000000004,39.5249875,0.41461627493623976,1.273538194350135
121.15,24.8,173.8362,SSP3-7.0,2041-2060,4.5615999999999985,64.7281,-196.95450000000005,0.18540000000000134,9.633300000000002,0.31479999999999997,38.1957,65.354975,-133.71009999999998,0.3577750000000002,8.2803375,0.19373750000000012,38.91765,0.41461627493623976,1.3367339747199263
121.15,24.85,173.5678,SSP3-7.0,2041-2060,5.302799999999991,62.9743,-192.75610000000006,0.3201999999999998,9.703699999999998,0.24440000000000062,37.7217,63.954175,-118.80676250000002,0.48717500000000014,8.4162,0.08751249999999966,38.0073375,0.41461627493623976,1.3999297550897176
121.15,24.9,151.5627,SSP3-7.0,2041-2060,1.4170000000000016,62.197199999999995,-93.43380000000002,0.6970999999999989,8.290700000000001,-0.4074000000000009,37.4261,63.273475,-105.18530000000004,0.7205624999999998,7.9638874999999985,0.008575000000000221,37.486399999999996,0.41461627493623976,1.4631255354595045
121.15,24.95,146.9294,SSP3-7.0,2041-2060,1.0267000000000053,64.89439999999999,-97.03929999999991,0.8973000000000013,7.618499999999997,-0.5980999999999987,38.6174,63.437575,-66.09787500000002,1.0006249999999999,7.010875,-0.2080875000000002,37.924462500000004,0.41461627493623976,1.526321315829296
121.15,25.0,148.0878,SSP3-7.0,2041-2060,8.249800000000022,65.15650000000001,-35.76030000000014,1.2162000000000006,5.466700000000003,0.04260000000000019,39.387,64.217725,-49.81662499999999,1.1737500000000005,6.9053125,-0.3229124999999997,38.5837,0.41461627493623976,1.5895170961990874
121.15,25.05,138.5894,SSP3-7.0,2041-2060,13.853999999999985,63.85450000000001,13.309300000000121,1.4738000000000007,6.2759,-0.07780000000000076,38.0587,64.6488875,-36.654150000000016,1.1735249999999997,6.858325000000001,-0.24582499999999974,39.17365,0.41461627493623976,1.652712876568879
121.15,25.1,133.6598,SSP3-7.0,2041-2060,6.922800000000024,63.816,-30.486699999999928,1.094299999999997,7.1370000000000005,-0.33699999999999974,38.59780000000001,64.75967500000002,-32.74335000000002,1.2140875000000002,7.01365,-0.14421249999999974,39.0644125,0.41461627493623976,1.7159086569386703
121.2,22.8,206.7171,SSP3-7.0,2041-2060,-19.774999999999977,80.904,-46.479500000000144,1.566600000000001,11.814799999999998,2.0352000000000006,40.3087,77.122075,-45.67293750000002,1.1750375000000002,10.3483875,2.0236,38.323375,0.520310115017461,-1.191097240071695
121.2,22.85,221.465,SSP3-7.0,2041-2060,-25.50970000000001,77.63829999999999,-71.43129999999996,1.2694999999999972,10.1704,1.8352000000000004,39.812999999999995,75.008175,-40.89560000000003,1.2482875,10.677087499999999,2.0088,36.695125000000004,0.520310115017461,-1.1279014597019037
121.2,22.9,210.415,SSP3-7.0,2041-2060,-14.762699999999995,77.1914,-27.47699999999986,1.0395000000000003,8.107399999999998,2.1906999999999996,35.3935,75.24268749999999,-35.09393750000004,1.2628374999999994,11.317374999999998,2.0451375,36.611962500000004,0.520310115017461,-1.0647056793321166
121.2,22.95,200.492,SSP3-7.0,2041-2060,2.614699999999999,70.47489999999999,26.192399999999907,1.2875999999999976,9.462999999999994,2.1129999999999995,32.284800000000004,74.192875,-11.376949999999965,1.4235250000000002,9.646775000000002,2.1025375,34.8043625,0.520310115017461,-1.0015098989623252
121.2,23.0,206.371,SSP3-7.0,2041-2060,-1.0954000000000121,73.80330000000001,25.476200000000063,1.9663000000000004,4.5167,1.8556000000000008,33.593500000000006,72.705575,9.861587500000013,1.46745,8.367837499999998,2.2367999999999997,33.529362500000005,0.520310115017461,-0.9383141185925338
121.2,23.05,215.9436,SSP3-7.0,2041-2060,-8.123899999999992,69.0603,22.071300000000065,1.2405000000000008,4.920399999999994,2.3203999999999994,31.656499999999998,73.7564,-0.07859999999999445,1.4481375000000005,7.5828875,2.320125,33.78722500000001,0.520310115017461,-0.8751183382227424
121.2,23.1,235.1445,SSP3-7.0,2041-2060,-20.614800000000002,67.998,-13.970400000000154,0.9602000000000004,10.0259,2.6258999999999997,30.5043,73.8074625,-10.074537499999991,1.0879000000000008,7.052787499999999,2.4550874999999994,33.6114125,0.520310115017461,-0.811922557852951
121.2,23.15,236.1311,SSP3-7.0,2041-2060,-21.752100000000013,72.46860000000001,-4.785699999999906,0.4815000000000005,4.287000000000006,2.5092999999999996,33.904300000000006,70.097475,-25.217262500000032,1.0648250000000004,8.92755,2.330075,30.797,0.520310115017461,-0.748726777483164
121.2,23.2,238.2312,SSP3-7.0,2041-2060,-19.894499999999994,68.46090000000001,-23.65840000000003,0.9883999999999986,9.185199999999995,1.8332999999999995,29.112999999999996,68.4410375,-23.65213749999998,1.2665250000000001,8.706025000000002,2.2699124999999993,30.0638625,0.520310115017461,-0.6855309971133726
121.2,23.25,247.1971,SSP3-7.0,2041-2060,-19.720400000000012,65.3676,-29.852499999999964,1.5344999999999978,8.401900000000005,2.3278,28.787,68.836225,-4.473375000000004,1.5193750000000001,9.436812500000002,2.1657374999999996,30.4339625,0.520310115017461,-0.6223352167435812
121.2,23.3,235.7734,SSP3-7.0,2041-2060,-3.4305999999999983,71.8243,28.397899999999936,1.687899999999999,8.631500000000003,2.2259,33.9913,72.2604,40.224162500000006,1.7597375000000004,9.103012500000002,2.36945,33.5312625,0.520310115017461,-0.5591394363737897
121.2,23.35,238.803,SSP3-7.0,2041-2060,11.073200000000014,76.60730000000001,122.84640000000013,1.775500000000001,6.6480999999999995,2.553700000000001,38.150000000000006,74.786875,76.164375,1.7407625000000007,8.4101875,2.3342625,35.227725,0.520310115017461,-0.4959436560039983
121.2,23.4,231.2304,SSP3-7.0,2041-2060,11.19810000000001,76.08439999999999,118.56179999999995,1.6219000000000001,5.435199999999998,1.7741000000000007,35.534800000000004,73.08064999999999,97.14421250000007,1.6255500000000003,7.149987499999999,2.4141125,34.6443,0.520310115017461,-0.43274787563421135
121.2,23.45,227.5312,SSP3-7.0,2041-2060,11.275499999999994,60.416399999999996,90.91370000000006,1.4436999999999998,6.087,2.183299999999999,26.710900000000002,71.74305,87.15531250000006,1.4363750000000004,6.3136624999999995,2.3592625000000003,33.9179375,0.520310115017461,-0.3695520952644199
121.2,23.5,225.2992,SSP3-7.0,2041-2060,11.633599999999973,70.47130000000001,75.25890000000004,1.351300000000002,7.053699999999999,2.6241000000000003,32.6935,66.5369,74.99336249999999,1.3250249999999997,5.8180499999999995,2.277075,31.160612500000003,0.520310115017461,-0.3063563148946285
121.2,23.55,220.2388,SSP3-7.0,2041-2060,12.361400000000003,68.3751,58.77149999999983,1.3156999999999996,6.837,1.2073999999999998,31.4413,62.508725000000005,63.54494999999994,1.3118250000000002,6.315049999999999,2.2882000000000002,29.677175000000002,0.520310115017461,-0.24316053452483705
121.2,23.6,206.7954,SSP3-7.0,2041-2060,15.897699999999986,54.1729,46.241599999999835,1.3605,5.9222,1.7314999999999987,25.2891,62.882325,53.60462499999994,1.3188124999999997,6.454162499999999,1.8817125000000003,29.741300000000003,0.520310115017461,-0.17996475415504562
121.2,23.65,192.5687,SSP3-7.0,2041-2060,20.48309999999998,68.18440000000001,44.546499999999924,1.2994999999999983,5.818500000000004,1.2870000000000008,32.2674,60.380587500000004,45.931299999999965,1.2800625,5.332162500000001,1.8715249999999999,30.236937500000003,0.520310115017461,-0.11676897378525869
121.2,23.7,197.9342,SSP3-7.0,2041-2060,17.872799999999984,61.1375,57.77620000000002,1.2222000000000008,2.8481000000000023,2.286999999999999,32.9587,60.2667625,17.87732500000004,1.0848125,4.013425000000001,1.8134125000000003,30.306250000000002,0.520310115017461,-0.053573193415467256
121.2,23.75,198.2544,SSP3-7.0,2041-2060,-7.782200000000017,47.75469999999999,-17.25980000000004,0.8983999999999988,2.1999999999999957,2.1796000000000006,24.386999999999997,57.577400000000004,-4.827362499999964,0.913337500000001,3.5803249999999993,1.7444375,29.32445,0.520310115017461,0.009622586954324176
121.2,23.8,189.9227,SSP3-7.0,2041-2060,-7.81789999999998,43.3524,-42.44419999999991,0.7498000000000005,4.1166999999999945,1.5167000000000002,21.2217,51.305025,-36.96383749999998,0.8101875000000003,5.050699999999998,1.5907500000000003,24.175562499999998,0.520310115017461,0.0728183673241156
121.2,23.85,191.8552,SSP3-7.0,2041-2060,-6.615399999999994,43.8001,-47.864900000000034,0.8354999999999997,7.675899999999999,1.5777999999999999,18.5109,51.244237500000004,-46.688375000000065,0.8805250000000004,6.832862499999998,1.1518750000000002,23.410337499999997,0.520310115017461,0.13601414769390704
121.2,23.9,205.9578,SSP3-7.0,2041-2060,-3.9980999999999938,55.1262,-52.26960000000008,0.846700000000002,7.987000000000002,0.7352000000000007,25.2848,53.502187500000005,-40.25146250000006,1.0896874999999993,7.8685125,0.7986249999999999,24.2396875,0.520310115017461,0.19920992806369398
121.2,23.95,219.311,SSP3-7.0,2041-2060,8.269800000000004,63.3132,-43.5016999999998,1.1648999999999994,6.911100000000001,0.2519000000000009,30.2065,57.253924999999995,-11.929587500000054,1.4307125000000007,7.547450000000001,0.2032499999999997,26.41115,0.520310115017461,0.26240570843348543
121.2,24.0,211.048,SSP3-7.0,2041-2060,25.805499999999995,56.502,-1.2570999999998094,1.7307000000000023,8.616700000000002,-0.6185000000000009,24.6783,60.0913375,4.591500000000025,1.6877125,6.625,0.1713,28.0266375,0.520310115017461,0.32560148880327683
121.2,24.05,239.5331,SSP3-7.0,2041-2060,19.713599999999985,59.80830000000001,-65.58449999999993,1.4796000000000014,7.296299999999995,0.6463000000000001,27.5848,58.30225,11.840962500000018,1.8347750000000005,6.345825000000001,0.03705000000000003,26.3706625,0.520310115017461,0.3887972691730683
121.2,24.1,223.0383,SSP3-7.0,2041-2060,14.685900000000004,57.9749,-121.96340000000009,1.0841999999999992,6.683299999999996,0.3241000000000014,26.0826,57.910875000000004,-5.222199999999987,1.7819250000000002,6.354850000000001,0.36434999999999995,25.634525,0.520310115017461,0.4519930495428597
121.2,24.15,218.2223,SSP3-7.0,2041-2060,20.145100000000014,59.63399999999999,-88.65380000000005,1.4371999999999971,6.236999999999998,0.4314999999999998,25.630399999999998,56.6688125,-42.20060000000001,1.4019375000000007,6.2905000000000015,0.23541250000000002,24.5462,0.520310115017461,0.5151888299126467
121.2,24.2,229.8587,SSP3-7.0,2041-2060,15.457300000000004,57.1207,-87.01530000000002,0.9629000000000012,5.979600000000005,0.06479999999999997,24.197799999999997,56.414274999999996,-63.25320000000005,0.9990125000000001,6.320375,0.2326374999999996,23.775275,0.520310115017461,0.578384610282438
121.2,24.25,214.5532,SSP3-7.0,2041-2060,3.6066999999999894,57.0858,-109.72610000000032,0.22100000000000009,5.824100000000001,-0.2851999999999997,23.9478,55.881474999999995,-78.47987500000005,0.6983124999999997,6.153712500000001,0.18032499999999962,23.112500000000004,0.520310115017461,0.6415803906522295
121.2,24.3,210.2561,SSP3-7.0,2041-2060,2.04910000000001,52.8739,-79.1298999999999,0.48329999999999984,5.955599999999997,0.21670000000000122,22.2543,52.0011875,-86.70616250000012,0.5854624999999993,6.1939875,0.19236249999999933,21.201900000000002,0.520310115017461,0.704776171022021
121.2,24.35,213.7987,SSP3-7.0,2041-2060,-1.343199999999996,40.6439,-83.17039999999997,0.7395999999999994,6.4833,0.18149999999999977,16.7043,49.300287499999996,-86.40278750000004,0.6753624999999999,5.97015,0.5710500000000001,20.0282625,0.520310115017461,0.7679719513918124
121.2,24.4,230.6327,SSP3-7.0,2041-2060,-11.07589999999999,46.2648,-77.86400000000003,0.7247999999999983,5.970399999999998,1.4444,18.976100000000002,46.647825,-88.52732500000002,0.7583250000000006,6.090275,0.8009124999999999,18.90325,0.520310115017461,0.8311677317615993
121.2,24.45,269.3947,SSP3-7.0,2041-2060,-14.741399999999999,53.830200000000005,-74.68239999999969,0.7561,5.7926,1.2222000000000008,21.810899999999997,48.9612125,-94.86490000000003,0.7816875000000003,5.987749999999998,1.148375,19.859225000000002,0.520310115017461,0.8943635121313908
121.2,24.5,324.1016,SSP3-7.0,2041-2060,-18.308400000000006,53.82670000000001,-105.55909999999994,0.7439,5.562999999999995,1.4093,20.341299999999997,51.5130125,-111.85829999999999,0.6348750000000001,6.4900625000000005,1.3678374999999998,21.991300000000003,0.520310115017461,0.9575592925011822
121.2,24.55,335.3871,SSP3-7.0,2041-2060,-23.446499999999958,49.697199999999995,-154.1912000000002,0.3506,7.477800000000002,1.7056000000000004,22.076099999999997,54.382075,-132.33341249999995,0.41629999999999967,7.166212499999999,1.5511624999999996,24.301362500000003,0.520310115017461,1.0207550728709736
121.2,24.6,331.4024,SSP3-7.0,2041-2060,-24.74430000000001,49.814899999999994,-178.59400000000005,0.04420000000000002,9.411100000000005,1.5332999999999988,23.095699999999997,57.0314,-155.9114875,0.22358750000000027,7.741212500000001,1.6845000000000003,27.6929375,0.520310115017461,1.0839508532407651
121.2,24.65,302.8522,SSP3-7.0,2041-2060,-15.539199999999994,60.14189999999999,-193.95749999999998,0.09140000000000015,7.151900000000005,1.6815000000000015,30.5587,59.872262500000005,-155.46097500000005,0.2567124999999999,8.175687500000002,1.4104,31.557325000000002,0.520310115017461,1.147146633610552
121.2,24.7,276.8722,SSP3-7.0,2041-2060,-15.78370000000001,64.7988,-175.78240000000005,0.3033000000000001,7.418500000000002,1.3389000000000006,37.7391,62.840575,-139.52968749999997,0.39316249999999986,8.0632125,1.1372625000000007,35.1630375,0.520310115017461,1.2103424139803434
121.2,24.75,236.2187,SSP3-7.0,2041-2060,-0.04580000000001405,66.7287,-127.2480999999998,0.33889999999999887,6.3426000000000045,1.3870000000000005,39.7478,64.4990375,-132.44195,0.40169999999999995,8.3439875,0.8247625000000005,37.7655,0.520310115017461,1.273538194350135
121.2,24.8,178.2848,SSP3-7.0,2041-2060,3.9161,65.1202,-139.7308999999998,0.029800000000001603,9.200000000000003,0.47409999999999997,38.937000000000005,63.75325000000001,-127.38241249999999,0.3844249999999998,8.47085,0.7935125000000005,37.68288750000001,0.520310115017461,1.3367339747199263
121.2,24.85,172.0038,SSP3-7.0,2041-2060,1.4239999999999782,62.1466,-159.6943000000001,0.06370000000000076,9.101900000000004,0.8056000000000001,36.508700000000005,62.1479875,-117.74291250000002,0.47251249999999967,8.388425000000002,0.3564750000000001,36.8606,0.520310115017461,1.3999297550897176
121.2,24.9,157.3468,SSP3-7.0,2041-2060,1.4421999999999855,59.437400000000004,-105.59030000000007,0.5009999999999977,7.4574,0.005599999999999383,35.0826,61.31077499999999,-108.54092500000004,0.6715500000000003,8.4564875,-0.028012499999999774,36.26005,0.520310115017461,1.4631255354595045
121.2,24.95,144.8226,SSP3-7.0,2041-2060,5.520700000000005,61.129400000000004,-98.41800000000012,0.9278000000000013,7.012999999999998,-0.7629999999999999,34.758700000000005,62.0727625,-79.52880000000002,0.9288750000000001,7.694437499999999,-0.17938750000000003,37.0722875,0.520310115017461,1.526321315829296
121.2,25.0,141.6057,SSP3-7.0,2041-2060,4.820999999999998,65.87950000000001,-80.17169999999987,1.221700000000002,6.399999999999999,-0.1759000000000004,39.567400000000006,63.16405,-55.97440000000003,1.0675125000000003,7.3525375,-0.22199999999999964,37.63425,0.520310115017461,1.5895170961990874
121.2,25.05,139.4125,SSP3-7.0,2041-2060,9.294399999999996,65.54860000000001,-45.218000000000075,1.1240999999999985,7.348100000000002,-0.059299999999998576,39.5761,64.22992500000001,-36.7385625,1.1449249999999997,7.119199999999999,-0.12036249999999993,38.5606,0.520310115017461,1.652712876568879
121.2,25.1,131.6031,SSP3-7.0,2041-2060,9.244299999999981,64.63810000000001,-39.905700000000024,1.0749999999999993,8.183299999999996,-0.19070000000000054,38.54129999999999,64.1602,-32.279649999999975,1.1442749999999995,7.086100000000001,-0.0435249999999997,38.2521875,0.520310115017461,1.7159086569386703
121.25,22.9,216.8963,SSP3-7.0,2041-2060,-21.486400000000003,81.2765,-74.01870000000008,1.5172999999999988,11.6019,1.9389000000000003,39.8587,74.903775,-35.284562499999964,1.4297624999999998,11.459037499999999,2.0537,35.971475,0.6260039550986825,-1.0647056793321166
121.25,22.95,205.0974,SSP3-7.0,2041-2060,-10.781499999999994,74.76579999999998,-23.892399999999952,1.7350999999999992,13.729600000000005,2.053699999999999,34.5848,75.4023,-17.596149999999994,1.5482375000000004,10.186125,2.1870375,35.3193125,0.6260039550986825,-1.0015098989623252
121.25,23.0,198.2906,SSP3-7.0,2041-2060,-2.5564999999999998,72.42699999999999,-3.7885999999998603,2.552900000000001,10.0963,2.187000000000001,33.476099999999995,74.31492499999999,-10.612712499999986,1.796075,9.400937499999998,2.2166749999999995,34.409800000000004,0.6260039550986825,-0.9383141185925338
121.25,23.05,204.9055,SSP3-7.0,2041-2060,-4.574099999999987,75.9004,-3.692299999999932,2.1889000000000003,4.951899999999995,2.2795999999999994,35.137,72.85910000000001,-10.051987499999996,1.6927125000000007,9.068287499999999,2.3766125000000002,33.306250000000006,0.6260039550986825,-0.8751183382227424
121.25,23.1,235.0819,SSP3-7.0,2041-2060,-21.768,75.14269999999999,-23.43229999999994,0.9293000000000013,8.855600000000003,2.6481000000000003,34.9478,71.20295,-16.604524999999995,1.4036625000000003,7.810637499999998,2.4349499999999997,31.8913,0.6260039550986825,-0.811922557852951
121.25,23.15,250.155,SSP3-7.0,2041-2060,-23.7646,68.6206,-28.222099999999955,0.9985999999999997,7.799999999999997,2.3648,30.326100000000004,71.12553750000001,-34.19135,1.0892625000000002,8.7446625,2.41805,31.6100375,0.6260039550986825,-0.748726777483164
121.25,23.2,265.027,SSP3-7.0,2041-2060,-23.577999999999975,68.7245,-46.00499999999988,1.4312000000000005,8.811100000000003,2.2203999999999997,30.3087,70.1813625,-32.79453749999999,1.2637124999999996,7.88935,2.4349499999999997,30.869825,0.6260039550986825,-0.6855309971133726
121.25,23.25,255.8634,SSP3-7.0,2041-2060,-11.862600000000015,74.42569999999999,-25.473799999999983,1.8815000000000026,8.566700000000004,2.5351999999999997,32.9978,70.70191249999999,-6.798150000000021,1.4592999999999994,8.0370375,2.4087875,31.710325,0.6260039550986825,-0.6223352167435812
121.25,23.3,241.7888,SSP3-7.0,2041-2060,5.5183999999999855,75.5721,53.59919999999988,1.485400000000002,8.118500000000001,2.6426,35.3022,73.012225,38.92263750000001,1.7518625,7.862037500000001,2.5043875,33.695925,0.6260039550986825,-0.5591394363737897
121.25,23.35,238.2871,SSP3-7.0,2041-2060,17.17319999999998,79.11840000000001,131.49610000000007,1.9113000000000007,7.683300000000003,2.575899999999999,39.2196,74.37854999999999,74.83363750000001,1.6691375000000002,7.710649999999999,2.3604125000000007,34.48615,0.6260039550986825,-0.4959436560039983
121.25,23.4,249.908,SSP3-7.0,2041-2060,14.899100000000004,72.3087,139.65260000000012,1.8048000000000002,7.366699999999998,2.3130000000000006,33.099999999999994,75.1592125,87.77335000000002,1.6400000000000001,7.525225,2.4631749999999997,35.285337500000004,0.6260039550986825,-0.43274787563421135
121.25,23.45,255.8864,SSP3-7.0,2041-2060,16.278899999999993,79.26169999999999,126.29860000000008,1.6272000000000002,6.107399999999998,2.7295999999999996,37.54130000000001,73.7311875,85.22517500000006,1.5139875000000003,6.9514,2.56295,34.5271875,0.6260039550986825,-0.3695520952644199
121.25,23.5,265.0738,SSP3-7.0,2041-2060,16.5548,78.4822,116.10640000000012,1.6193000000000008,5.909300000000002,3.248100000000001,39.337,72.269425,88.61290000000005,1.4668750000000002,6.2793874999999995,2.72475,34.186150000000005,0.6260039550986825,-0.3063563148946285
121.25,23.55,268.8578,SSP3-7.0,2041-2060,21.29759999999999,71.5715,131.17999999999984,1.6783000000000001,5.711099999999998,3.5741000000000014,33.8609,69.0223,92.19647500000005,1.4892500000000004,5.8898,2.4194375,33.4782625,0.6260039550986825,-0.24316053452483705
121.25,23.6,227.2408,SSP3-7.0,2041-2060,27.591700000000003,61.118,106.23439999999982,1.6229000000000013,7.4907,2.1129999999999995,28.071700000000003,66.100225,94.02812500000002,1.5877749999999995,5.7807625,2.1351875000000002,32.5285375,0.6260039550986825,-0.17996475415504562
121.25,23.65,198.6305,SSP3-7.0,2041-2060,28.3339,62.3786,86.55090000000018,1.8072,6.4222,1.8629999999999995,30.367400000000004,61.450162500000005,83.66733749999995,1.5581000000000003,5.047662500000001,1.7685125,31.0358625,0.6260039550986825,-0.11676897378525869
121.25,23.7,192.2125,SSP3-7.0,2041-2060,17.3331,55.7338,66.90300000000002,1.4231000000000016,2.3832999999999984,1.5648,29.4891,59.2998125,40.64975000000001,1.4074249999999997,4.164575,1.7918875,30.1905,0.6260039550986825,-0.053573193415467256
121.25,23.75,196.7212,SSP3-7.0,2041-2060,-7.048600000000022,52.902,-36.856799999999794,0.6498000000000008,1.6704000000000008,2.0,26.5065,55.4132375,10.647624999999977,1.2618500000000004,3.900462499999998,1.6560124999999999,28.0198375,0.6260039550986825,0.009622586954324176
121.25,23.8,188.5517,SSP3-7.0,2041-2060,1.0351,55.235600000000005,-38.822000000000116,0.9808000000000021,3.8647999999999954,1.1963000000000008,25.126099999999997,50.2825625,-24.49532499999998,1.0908124999999997,5.2643499999999985,1.699325,23.835324999999997,0.6260039550986825,0.0728183673241156
121.25,23.85,197.332,SSP3-7.0,2041-2060,-2.1173,48.927699999999994,-29.70180000000005,1.0692999999999984,7.122199999999999,1.5518999999999998,19.936999999999998,51.116262500000005,-22.635687500000046,1.1734000000000009,7.146749999999999,1.3354375,23.607875,0.6260039550986825,0.13601414769390704
121.25,23.9,202.9011,SSP3-7.0,2041-2060,-0.5485000000000184,51.647200000000005,-15.21400000000017,1.3184000000000005,7.833300000000001,1.075899999999999,24.0326,52.07285,-5.251262500000053,1.3429125,7.683087499999999,1.0079000000000002,23.310875,0.6260039550986825,0.19920992806369398
121.25,23.95,198.7248,SSP3-7.0,2041-2060,11.376500000000021,58.1577,32.69589999999971,1.6881999999999984,6.6351999999999975,-0.07779999999999987,26.2848,54.503074999999995,30.213175000000064,1.6986125000000007,6.996750000000001,0.49655000000000005,24.862499999999997,0.6260039550986825,0.26240570843348543
121.25,24.0,184.3078,SSP3-7.0,2041-2060,44.9718,53.5539,130.4349000000002,2.5380000000000003,4.729600000000005,-0.08699999999999974,24.230400000000003,55.164925000000004,57.129150000000095,1.9820249999999997,5.6736125,0.23472500000000007,24.63995,0.6260039550986825,0.32560148880327683
121.25,24.05,199.552,SSP3-7.0,2041-2060,55.51850000000002,53.907,170.11990000000014,2.8964999999999996,3.5259000000000036,0.09810000000000052,23.260900000000003,54.791312500000004,71.51223750000008,2.1978,5.006475,0.10625000000000018,24.2907625,0.6260039550986825,0.3887972691730683
121.25,24.1,183.641,SSP3-7.0,2041-2060,33.9845,57.807500000000005,124.28729999999996,2.6278000000000006,3.8778000000000006,-0.16670000000000051,25.702200000000005,53.506712500000006,52.558625000000006,2.1062749999999992,4.500674999999999,0.33125000000000027,23.383962500000003,0.6260039550986825,0.4519930495428597
121.25,24.15,209.9447,SSP3-7.0,2041-2060,16.74079999999998,48.6462,67.38920000000007,2.018500000000003,3.092600000000001,0.33150000000000013,20.378300000000003,54.605675000000005,-3.6793250000000626,1.6252124999999995,4.905762500000001,0.19443750000000026,23.6051625,0.6260039550986825,0.5151888299126467
121.25,24.2,229.0998,SSP3-7.0,2041-2060,-2.0642999999999745,54.027800000000006,-83.19460000000026,0.8029000000000011,4.6148000000000025,0.21110000000000007,22.419600000000003,53.862812500000004,-45.4525625,0.98895,4.906012500000001,0.15092499999999975,22.764400000000002,0.6260039550986825,0.578384610282438
121.25,24.25,225.2069,SSP3-7.0,2041-2060,-6.878799999999984,55.846,-106.18769999999995,-0.08520000000000039,5.3629999999999995,0.13149999999999906,23.237000000000002,54.165525,-78.35886250000004,0.4898875000000005,5.017825000000002,0.24050000000000016,22.571737499999998,0.6260039550986825,0.6415803906522295
121.25,24.3,209.9772,SSP3-7.0,2041-2060,-1.6287000000000091,55.3039,-81.27710000000025,0.11989999999999768,4.516700000000004,0.27779999999999916,22.2174,52.02225,-83.40141250000005,0.3193750000000004,5.5236125000000005,0.4638874999999998,21.534225,0.6260039550986825,0.704776171022021
121.25,24.35,223.0774,SSP3-7.0,2041-2060,-8.25060000000002,52.1186,-62.53640000000041,0.5019999999999989,5.633299999999998,1.364799999999999,21.071699999999996,48.501337500000005,-82.25860000000003,0.4209000000000005,5.482875,0.8759250000000003,19.810862500000002,0.6260039550986825,0.7679719513918124
121.25,24.4,225.9841,SSP3-7.0,2041-2060,-6.3884000000000185,35.47859999999999,-63.7487000000001,0.7231000000000023,6.2795999999999985,1.183300000000001,14.097800000000001,48.041325,-82.87947500000004,0.5699750000000003,5.562962499999999,1.1391124999999998,19.559775,0.6260039550986825,0.8311677317615993
121.25,24.45,242.0057,SSP3-7.0,2041-2060,-6.8437999999999874,40.236200000000004,-79.16870000000017,0.7414000000000023,5.342599999999997,1.0536999999999992,16.063000000000002,49.2213125,-82.05583749999997,0.6745750000000004,5.153024999999999,1.348375,19.52745,0.6260039550986825,0.8943635121313908
121.25,24.5,273.7845,SSP3-7.0,2041-2060,-14.084900000000005,52.1694,-84.22719999999981,0.8172999999999995,4.8592999999999975,1.1555999999999997,20.563,50.0002375,-86.0931875,0.6475625000000003,5.4807875,1.5935249999999999,20.387774999999998,0.6260039550986825,0.9575592925011822
121.25,24.55,315.5168,SSP3-7.0,2041-2060,-25.840499999999963,51.580299999999994,-81.58079999999973,0.5320999999999998,5.8796000000000035,2.0815,22.6935,52.56784999999999,-100.19530000000003,0.5526999999999997,5.881712499999999,1.7817249999999996,22.3309875,0.6260039550986825,1.0207550728709736
121.25,24.6,338.8761,SSP3-7.0,2041-2060,-29.4221,55.065,-104.1242000000002,0.2580999999999989,5.961099999999998,1.9295999999999989,25.5913,54.037662499999996,-122.28787499999999,0.4309000000000003,7.157175000000002,1.9224750000000002,25.180725,0.6260039550986825,1.0839508532407651
121.25,24.65,318.885,SSP3-7.0,2041-2060,-22.96460000000002,55.739000000000004,-170.94259999999986,0.2018000000000022,8.677800000000001,1.5167000000000002,26.4587,57.1232125,-133.79296250000004,0.45438750000000017,7.586575000000002,1.7463000000000002,29.108425,0.6260039550986825,1.147146633610552
121.25,24.7,287.2491,SSP3-7.0,2041-2060,-7.624500000000012,60.4055,-127.64480000000003,0.6830999999999996,8.5852,1.540700000000001,33.1543,59.8169625,-136.87877499999996,0.46395000000000053,8.1854375,1.5065000000000006,32.30135,0.6260039550986825,1.2103424139803434
121.25,24.75,249.5033,SSP3-7.0,2041-2060,4.9968000000000075,63.910700000000006,-76.18939999999975,0.6817999999999991,9.509299999999996,1.3556000000000008,37.9196,61.8675375,-125.93948750000001,0.48632500000000034,7.969225000000002,1.3592625000000005,35.1641125,0.6260039550986825,1.273538194350135
121.25,24.8,195.4141,SSP3-7.0,2041-2060,3.4005000000000223,64.598,-87.29930000000013,0.49879999999999924,6.255600000000001,1.3722000000000012,37.6761,62.6314,-104.89483749999997,0.49257500000000043,8.666450000000001,1.1435375000000003,36.56385,0.6260039550986825,1.3367339747199263
121.25,24.85,154.826,SSP3-7.0,2041-2060,8.50230000000002,59.623000000000005,-56.947400000000016,0.5687999999999995,8.200000000000003,0.9000000000000004,35.147800000000004,61.8997,-99.20758750000005,0.580625,8.4196875,0.7382125000000002,36.6255375,0.6260039550986825,1.3999297550897176
121.25,24.9,142.2652,SSP3-7.0,2041-2060,6.190100000000001,58.5057,-69.231,0.9789999999999992,8.366699999999998,-0.051899999999999835,34.6978,60.1923125,-94.24592500000008,0.7317,8.5289375,0.2268625000000002,35.5768875,0.6260039550986825,1.4631255354595045
121.25,24.95,139.2897,SSP3-7.0,2041-2060,3.88839999999999,59.0156,-100.80750000000012,0.9185000000000016,9.357399999999998,-0.3536999999999999,35.202200000000005,60.368562499999996,-75.79038750000004,0.9529624999999995,7.990274999999999,0.0043999999999999595,35.873087500000004,0.6260039550986825,1.526321315829296
121.25,25.0,141.6408,SSP3-7.0,2041-2060,4.305499999999995,61.4958,-54.196500000000015,1.0001999999999995,8.598099999999999,0.1036999999999999,36.59779999999999,61.876225000000005,-61.67288750000006,1.0412499999999998,7.822912499999999,-0.03241249999999962,36.8712,0.6260039550986825,1.5895170961990874
121.25,25.05,137.2724,SSP3-7.0,2041-2060,8.734399999999994,64.2176,-29.66489999999999,0.9821999999999989,7.142600000000002,-0.07039999999999935,38.8761,63.3106875,-38.29683750000004,1.1144124999999994,7.7395625,0.16713750000000016,37.708974999999995,0.6260039550986825,1.652712876568879
121.25,25.1,130.315,SSP3-7.0,2041-2060,8.763300000000015,64.78139999999999,-37.03200000000015,1.096,7.75,-0.25739999999999874,38.8587,63.30182500000001,-30.66892500000003,1.0948249999999988,7.769900000000001,0.12755000000000039,37.538325,0.6260039550986825,1.7159086569386703
121.3,22.95,212.7497,SSP3-7.0,2041-2060,-12.148399999999981,80.77810000000001,-72.28610000000003,1.5035000000000025,15.235200000000003,2.2055999999999996,38.9435,74.9594375,-17.034862499999974,1.8181749999999997,9.988199999999999,2.1555500000000003,34.78371250000001,0.7316977951799037,-1.0015098989623252
121.3,23.0,206.4605,SSP3-7.0,2041-2060,-5.5351,76.3399,-33.33889999999997,1.8422000000000018,13.579600000000003,2.4647999999999994,36.2348,75.41713750000001,-19.837962499999975,1.9098250000000005,10.362275,2.28935,34.911699999999996,0.7316977951799037,-0.9383141185925338
121.3,23.05,210.6232,SSP3-7.0,2041-2060,-6.155699999999996,73.39670000000001,-25.43190000000004,2.604499999999998,8.811099999999996,2.4407000000000005,32.843500000000006,74.49685,-15.734174999999965,1.573662500000001,10.10395,2.5509125,34.697824999999995,0.7316977951799037,-0.8751183382227424
121.3,23.1,220.1791,SSP3-7.0,2041-2060,-11.982,74.70490000000001,-28.00130000000013,1.445800000000002,11.740699999999997,2.4703999999999997,33.1935,73.1945,-29.79536249999998,1.4920875000000002,9.745387499999998,2.6168750000000003,33.1173875,0.7316977951799037,-0.811922557852951
121.3,23.15,238.9551,SSP3-7.0,2041-2060,-19.020099999999985,67.4741,-50.80379999999991,1.3093000000000004,9.948099999999997,2.468499999999999,27.5652,71.91010000000001,-45.62820000000002,1.2561500000000003,9.41945,2.5636500000000004,31.938312500000002,0.7316977951799037,-0.748726777483164
121.3,23.2,262.8138,SSP3-7.0,2041-2060,-24.201600000000013,74.0306,-82.87390000000005,1.1683999999999983,7.103699999999996,2.5685000000000002,33.3435,70.3149125,-38.886799999999994,1.5084125000000004,8.487037500000001,2.4784625,30.50515,0.7316977951799037,-0.6855309971133726
121.3,23.25,259.1125,SSP3-7.0,2041-2060,-16.663400000000024,70.6028,-16.686100000000124,1.7474999999999987,7.822200000000002,2.8721999999999994,30.9217,71.9267625,-11.181675000000013,1.6046875000000003,7.8919000000000015,2.4710625,32.108425,0.7316977951799037,-0.6223352167435812
121.3,23.3,251.4089,SSP3-7.0,2041-2060,0.4982000000000255,71.0325,62.69360000000006,1.6311,6.222200000000001,2.5796,31.9152,74.03995,28.034562499999964,1.8354125000000003,8.473612500000002,2.5601749999999996,33.89675,0.7316977951799037,-0.5591394363737897
121.3,23.35,264.1773,SSP3-7.0,2041-2060,2.855799999999988,75.1192,37.959499999999935,1.845600000000001,8.920399999999997,2.3648000000000007,33.5848,73.74668750000001,55.99362499999998,1.7661749999999996,8.674075,2.466425,33.9005625,0.7316977951799037,-0.4959436560039983
121.3,23.4,271.1424,SSP3-7.0,2041-2060,1.0287000000000148,76.47989999999999,34.95810000000006,1.500899999999998,10.342600000000001,2.4296000000000006,34.310900000000004,74.907175,53.678349999999995,1.8174374999999998,8.650475,2.5108625,34.6975625,0.7316977951799037,-0.43274787563421135
121.3,23.45,263.8152,SSP3-7.0,2041-2060,10.139099999999985,78.18639999999999,39.15259999999989,1.3939000000000004,8.977800000000002,3.0943999999999985,37.230399999999996,74.90259999999999,50.07397500000005,1.7290124999999996,8.117849999999999,2.5571625000000004,34.9665875,0.7316977951799037,-0.3695520952644199
121.3,23.5,266.137,SSP3-7.0,2041-2060,22.744700000000023,77.4202,67.19730000000027,1.376100000000001,4.4389,2.8369999999999997,37.300000000000004,74.5910125,64.99898750000003,1.7441249999999995,7.6391374999999995,2.9793875,35.816587500000004,0.7316977951799037,-0.3063563148946285
121.3,23.55,253.8481,SSP3-7.0,2041-2060,39.217899999999986,72.4528,120.13060000000041,1.5487999999999982,5.022199999999998,3.5481,36.7109,72.1332,82.48963749999999,1.7010750000000001,6.7108875,2.63635,34.8929375,0.7316977951799037,-0.24316053452483705
121.3,23.6,231.6263,SSP3-7.0,2041-2060,39.40180000000001,69.6859,147.63110000000006,1.7194000000000003,4.444400000000002,2.0463000000000005,36.982600000000005,67.24615,94.08115000000001,1.7260374999999994,6.7648125,2.4845125,32.98179999999999,0.7316977951799037,-0.17996475415504562
121.3,23.65,198.8598,SSP3-7.0,2041-2060,35.119699999999995,61.980599999999995,117.17280000000005,1.9727999999999994,6.0685,1.8241000000000014,33.3087,63.930475,79.73473749999997,1.6683500000000002,6.0094875000000005,1.9743125,31.642937500000002,0.7316977951799037,-0.11676897378525869
121.3,23.7,198.088,SSP3-7.0,2041-2060,21.2157,59.5882,82.83309999999983,1.8444000000000003,5.4056,1.2943999999999996,29.919600000000003,61.3510375,51.427700000000044,1.568825,4.7513875,2.076625,31.1549,0.7316977951799037,-0.053573193415467256
121.3,23.75,206.5757,SSP3-7.0,2041-2060,10.825400000000002,60.472500000000004,-9.56490000000008,1.5650999999999993,2.8832999999999984,1.5999999999999996,31.808699999999998,59.7524125,26.49176250000002,1.4922500000000003,5.0000124999999995,1.920825,29.2703875,0.7316977951799037,0.009622586954324176
121.3,23.8,210.7696,SSP3-7.0,2041-2060,8.547600000000017,60.0312,-14.240399999999909,1.4109999999999996,7.501899999999999,1.6092999999999993,29.247799999999998,56.303725,8.159462500000018,1.497925,5.710875,1.8474625000000002,26.519025,0.7316977951799037,0.0728183673241156
121.3,23.85,217.8147,SSP3-7.0,2041-2060,13.352800000000002,45.0199,1.970199999999977,1.547600000000001,8.944400000000002,1.5593000000000004,19.063,56.056575,7.074825000000004,1.607725,7.487262499999998,1.6090375,25.983975,0.7316977951799037,0.13601414769390704
121.3,23.9,216.9464,SSP3-7.0,2041-2060,15.682299999999998,54.717499999999994,27.799399999999878,1.6974000000000018,9.249999999999996,1.4130000000000003,26.376099999999997,52.318087500000004,25.893787500000002,1.7462124999999993,7.3143375,1.2967624999999998,23.19565,0.7316977951799037,0.19920992806369398
121.3,23.95,210.6926,SSP3-7.0,2041-2060,17.262400000000014,47.5205,68.86239999999998,1.893699999999999,6.9389,1.0518999999999998,20.8239,54.070875,59.826575000000076,1.9689875,6.089337500000001,0.8280124999999998,24.302175,0.7316977951799037,0.26240570843348543
121.3,24.0,204.0411,SSP3-7.0,2041-2060,33.32040000000001,53.6441,126.85110000000032,2.3991000000000007,3.7074000000000034,0.15000000000000036,23.2674,52.47045,91.35121250000009,2.171412499999999,4.5946750000000005,0.5740750000000001,22.929337500000003,0.7316977951799037,0.32560148880327683
121.3,24.05,201.9381,SSP3-7.0,2041-2060,44.59730000000002,48.46660000000001,168.84720000000016,2.603499999999997,1.757399999999997,0.3758999999999997,21.012999999999998,52.807625,117.64915000000008,2.4328625,3.865975000000002,0.31296250000000025,23.059787500000002,0.7316977951799037,0.3887972691730683
121.3,24.1,183.4887,SSP3-7.0,2041-2060,36.6876,50.5732,210.48239999999987,3.1194999999999986,3.383300000000002,0.2259000000000011,21.7674,51.4056375,96.45114999999998,2.2840125000000002,3.5088000000000004,0.3474499999999998,22.351625000000002,0.7316977951799037,0.4519930495428597
121.3,24.15,195.9269,SSP3-7.0,2041-2060,16.47240000000002,49.04350000000001,79.83199999999988,2.211199999999998,4.0295999999999985,0.21669999999999945,21.354300000000002,51.250675,37.20857499999994,1.7739000000000011,4.0081000000000016,0.32430000000000025,22.106812500000004,0.7316977951799037,0.5151888299126467
121.3,24.2,225.1123,SSP3-7.0,2041-2060,-5.576899999999995,50.66380000000001,-63.20919999999978,0.7560000000000002,4.440700000000003,0.24810000000000088,21.687000000000005,51.669250000000005,-30.580775000000017,1.0558000000000005,4.562962500000001,0.4134374999999997,21.9331625,0.7316977951799037,0.578384610282438
121.3,24.25,236.656,SSP3-7.0,2041-2060,-6.181600000000003,52.8625,-56.04959999999983,0.39000000000000057,4.281500000000001,0.06849999999999845,21.682599999999997,52.35435,-81.52980000000002,0.4837875000000005,4.811575000000001,0.6268500000000001,21.8867125,0.7316977951799037,0.6415803906522295
121.3,24.3,221.4116,SSP3-7.0,2041-2060,-3.0893999999999835,53.385799999999996,-67.26909999999998,0.18310000000000315,4.529600000000002,1.1222000000000012,22.1674,52.4133875,-89.51245000000009,0.31605000000000016,5.1555625,0.7321749999999994,21.477449999999997,0.7316977951799037,0.704776171022021
121.3,24.35,219.0711,SSP3-7.0,2041-2060,-7.191399999999987,51.3615,-103.14210000000003,0.12120000000000175,6.118500000000001,0.9110999999999994,21.2087,50.554275,-100.07125000000013,0.3700875000000008,5.1405125,1.1155125000000001,20.409775,0.7316977951799037,0.7679719513918124
121.3,24.4,223.1844,SSP3-7.0,2041-2060,-6.622800000000012,52.698299999999996,-102.46749999999997,0.27220000000000155,4.0093,1.6704000000000008,20.8609,47.9358,-107.3300125000001,0.43227500000000063,5.6810125,1.1328624999999997,19.463837499999997,0.7316977951799037,0.8311677317615993
121.3,24.45,221.8939,SSP3-7.0,2041-2060,-1.6280999999999892,47.177099999999996,-80.00430000000006,0.7025000000000006,5.153700000000001,1.2647999999999993,19.7826,48.5732625,-102.72581250000002,0.5662250000000002,4.952324999999999,1.2168999999999999,19.3320625,0.7316977951799037,0.8943635121313908
121.3,24.5,233.9166,SSP3-7.0,2041-2060,-3.011099999999999,52.325399999999995,-67.89350000000013,0.6567000000000007,3.5962999999999994,1.4369999999999994,19.787,49.649775000000005,-77.71606249999999,0.7038625000000001,4.9277750000000005,1.4995374999999997,20.524725,0.7316977951799037,0.9575592925011822
121.3,24.55,262.7394,SSP3-7.0,2041-2060,-12.581699999999984,51.328799999999994,-45.665500000000065,0.6971999999999987,5.040700000000001,2.5740999999999996,20.5478,51.84725,-70.72418750000003,0.7412749999999999,4.430087499999999,1.7844874999999998,22.1981125,0.7316977951799037,1.0207550728709736
121.3,24.6,277.6191,SSP3-7.0,2041-2060,-15.232000000000028,56.315400000000004,-61.30769999999984,0.8536000000000001,5.144399999999997,2.5092999999999996,26.645699999999998,52.802924999999995,-78.94235000000009,0.6867250000000005,6.025,2.0175875000000003,23.9924,0.7316977951799037,1.0839508532407651
121.3,24.65,301.9903,SSP3-7.0,2041-2060,-11.386700000000019,57.68379999999999,-92.06370000000015,0.6763000000000012,8.4741,1.777800000000001,29.3696,54.817437500000004,-98.29601250000007,0.7307000000000001,6.8011625,1.9456,26.78505,0.7316977951799037,1.147146633610552
121.3,24.7,308.3239,SSP3-7.0,2041-2060,-8.967600000000004,52.7604,-136.86940000000004,0.7251000000000012,8.546300000000002,1.6593,26.713,58.500925,-104.86567500000004,0.7341500000000001,8.6467875,1.6465375000000004,30.86875,0.7316977951799037,1.2103424139803434
121.3,24.75,270.9052,SSP3-7.0,2041-2060,2.2187000000000126,56.7724,-121.97710000000006,0.6930000000000014,9.363,1.3352000000000004,29.9043,60.582325,-104.12696250000005,0.6888124999999996,8.1731625,1.6275625000000005,34.019562500000006,0.7316977951799037,1.273538194350135
121.3,24.8,216.2419,SSP3-7.0,2041-2060,2.823100000000011,63.756299999999996,-90.9639000000002,0.6186000000000007,8.042599999999997,1.7667000000000002,37.4413,61.2595625,-95.2826,0.6622249999999998,8.294925,1.3349625000000005,35.303250000000006,0.7316977951799037,1.3367339747199263
121.3,24.85,177.3614,SSP3-7.0,2041-2060,4.571300000000008,62.9933,-66.4076,0.9460000000000015,9.572199999999999,1.1241000000000003,36.9043,60.7418875,-90.11091250000004,0.6804624999999995,7.770837500000001,0.9807875000000004,35.9252625,0.7316977951799037,1.3999297550897176
121.3,24.9,149.5874,SSP3-7.0,2041-2060,8.883099999999985,58.640100000000004,-74.74340000000007,1.0080999999999989,9.3611,0.4093,35.7565,59.641637499999995,-88.13928750000002,0.8043749999999998,8.16875,0.3909625000000003,35.546725,0.7316977951799037,1.4631255354595045
121.3,24.95,142.3323,SSP3-7.0,2041-2060,7.569500000000005,58.5531,-91.35890000000018,0.9196999999999989,8.168499999999998,-0.31299999999999883,35.2543,59.023799999999994,-76.12551250000001,0.9262749999999995,8.4025375,0.2338,35.3720125,0.7316977951799037,1.526321315829296
121.3,25.0,140.2247,SSP3-7.0,2041-2060,8.200199999999995,59.30749999999999,-32.61329999999998,1.0661999999999985,8.557399999999998,0.8203999999999994,35.269600000000004,59.893187499999996,-69.36460000000005,0.9570874999999996,8.271525,0.04375000000000029,35.8073375,0.7316977951799037,1.5895170961990874
121.3,25.05,133.8473,SSP3-7.0,2041-2060,6.962900000000019,61.35849999999999,-15.130800000000136,1.1697999999999986,8.5963,0.6556000000000006,36.4652,61.444624999999995,-44.99485000000004,1.0421874999999994,8.115275,0.20902500000000013,36.3750125,0.7316977951799037,1.652712876568879
121.3,25.1,127.6105,SSP3-7.0,2041-2060,11.358699999999999,63.476099999999995,-2.106700000000046,1.1622999999999983,6.4833,0.44069999999999965,36.7957,62.307087499999994,-39.28258750000006,1.0583499999999995,8.2264,0.13242500000000035,36.8328875,0.7316977951799037,1.7159086569386703
121.3,25.15,130.2116,SSP3-7.0,2041-2060,8.100200000000001,61.7079,-46.86649999999986,0.9998000000000005,8.151900000000005,0.1889000000000003,35.687000000000005,62.9316125,-32.973250000000064,1.0700874999999992,8.071987499999999,0.1840375000000004,37.36059999999999,0.7316977951799037,1.7791044373084572
121.35,23.05,216.5907,SSP3-7.0,2041-2060,-10.176999999999992,77.5609,-27.087299999999914,1.281600000000001,13.816699999999997,2.8222000000000005,37.521699999999996,74.6318875,-22.77551250000002,1.6340375000000003,10.185199999999998,2.6523000000000003,33.942675,0.837391635261125,-0.8751183382227424
121.35,23.1,223.9805,SSP3-7.0,2041-2060,-10.725400000000008,74.8387,-28.604000000000042,1.1081000000000003,12.8704,3.2148000000000003,35.4152,73.33893750000001,-24.284875,1.4967000000000001,10.5808,2.6805375,32.573912500000006,0.837391635261125,-0.811922557852951
121.35,23.15,217.1935,SSP3-7.0,2041-2060,-6.174200000000013,72.62190000000001,-51.08920000000012,1.5164000000000009,10.909300000000002,2.696300000000001,31.1826,71.7913375,-33.16828750000002,1.3634624999999998,10.187037499999999,2.6953625,31.258425000000003,0.837391635261125,-0.748726777483164
121.35,23.2,235.3941,SSP3-7.0,2041-2060,-13.372600000000006,66.5969,-76.79780000000005,1.4513999999999996,7.264800000000001,2.3259000000000007,26.7891,71.545,-25.689562500000022,1.5348749999999995,9.5592625,2.6437374999999994,31.1709125,0.837391635261125,-0.6855309971133726
121.35,23.25,226.3064,SSP3-7.0,2041-2060,-7.885699999999986,73.4528,-16.016599999999926,1.7314000000000007,6.774100000000004,2.3443999999999994,33.95,71.3415,-1.2650750000000528,1.6952999999999991,8.976387500000001,2.6550875,31.2440125,0.837391635261125,-0.6223352167435812
121.35,23.3,217.9439,SSP3-7.0,2041-2060,6.867599999999982,71.579,41.42089999999985,2.0570999999999984,10.274099999999997,2.5519,32.2609,72.30736250000001,29.732225,1.8465874999999996,8.688200000000002,2.7238249999999997,32.269025,0.837391635261125,-0.5591394363737897
121.35,23.35,247.5784,SSP3-7.0,2041-2060,3.255500000000012,72.4496,17.977300000000014,2.0234999999999985,9.6296,2.5944000000000003,32.937000000000005,72.9944625,38.00858749999995,1.8104749999999998,9.2872875,2.683325,32.803825,0.837391635261125,-0.4959436560039983
121.35,23.4,262.7087,SSP3-7.0,2041-2060,3.1277000000000044,71.4333,-33.84880000000021,1.7152999999999992,9.755599999999998,2.0443999999999996,32.158699999999996,73.77835,27.396487499999978,1.8458875,9.7099625,2.7062375,33.6674125,0.837391635261125,-0.43274787563421135
121.35,23.45,243.0505,SSP3-7.0,2041-2060,13.322499999999991,71.3801,-29.261099999999942,2.2178999999999984,10.762999999999998,2.3704,31.8087,74.202925,18.160999999999945,1.7701125,9.402325,2.5728999999999997,34.6212,0.837391635261125,-0.3695520952644199
121.35,23.5,239.3016,SSP3-7.0,2041-2060,13.758399999999995,72.4547,-20.51130000000012,1.9705999999999992,10.2593,2.4852000000000007,34.1761,73.087725,31.06981250000007,1.8849249999999995,8.726399999999998,2.6536999999999997,34.770925,0.837391635261125,-0.3063563148946285
121.35,23.55,232.5434,SSP3-7.0,2041-2060,31.293900000000036,72.93870000000001,36.89609999999993,1.8969999999999985,8.363,2.7851999999999997,35.867399999999996,71.66557499999999,46.20251250000007,1.8407874999999998,7.709725,2.3643625000000004,34.45625,0.837391635261125,-0.24316053452483705
121.35,23.6,240.6029,SSP3-7.0,2041-2060,28.800699999999978,73.39439999999999,75.18309999999997,1.7249999999999996,7.070399999999999,2.001900000000001,33.547799999999995,68.5566375,64.62863750000008,1.8210374999999996,7.4261625,2.3118125,34.03371249999999,0.837391635261125,-0.17996475415504562
121.35,23.65,236.2236,SSP3-7.0,2041-2060,23.25829999999999,62.1346,79.30129999999986,1.5562999999999985,7.9704000000000015,2.1666999999999987,32.1196,67.844625,63.576362500000016,1.8133250000000003,6.9805625,1.9768500000000002,32.866862499999996,0.837391635261125,-0.11676897378525869
121.35,23.7,250.289,SSP3-7.0,2041-2060,19.937299999999993,67.41029999999999,-6.7590000000000146,1.6485000000000003,6.888900000000001,2.7444000000000006,32.6457,65.2002,67.9540375,1.8040999999999996,6.5731625,1.9675874999999998,31.928012499999998,0.837391635261125,-0.053573193415467256
121.35,23.75,267.4969,SSP3-7.0,2041-2060,26.072699999999998,67.7959,114.67430000000013,1.9277999999999995,3.7241,2.8499999999999996,32.9935,63.3550125,32.189899999999966,1.7338874999999994,7.128712499999999,1.9868,30.3269125,0.837391635261125,0.009622586954324176
121.35,23.8,253.1649,SSP3-7.0,2041-2060,21.144600000000025,59.322300000000006,44.20190000000002,2.052599999999998,8.5611,2.1074,28.234800000000003,61.045725000000004,24.886300000000034,1.7565124999999997,7.180787499999999,2.0717625,28.513312499999998,0.837391635261125,0.0728183673241156
121.35,23.85,261.0585,SSP3-7.0,2041-2060,29.69720000000001,60.75390000000001,19.37480000000005,2.1904000000000003,8.916699999999999,1.9148000000000014,28.482599999999998,57.071124999999995,30.886312500000088,1.8079625,7.87615,2.0074249999999996,25.594025000000002,0.837391635261125,0.13601414769390704
121.35,23.9,256.0584,SSP3-7.0,2041-2060,30.580899999999986,57.81719999999999,63.200700000000325,2.1418999999999997,6.848099999999999,2.0036999999999985,26.434799999999996,53.167037500000006,36.74803750000004,1.9368625,7.55995,1.6389,22.914949999999997,0.837391635261125,0.19920992806369398
121.35,23.95,241.2656,SSP3-7.0,2041-2060,26.739300000000014,48.70060000000001,65.96210000000019,2.120199999999997,5.2759,1.2943999999999996,20.5065,53.6397,53.6212000000001,1.9443750000000002,6.3622625,1.2974749999999997,23.2516375,0.837391635261125,0.26240570843348543
121.35,24.0,253.4908,SSP3-7.0,2041-2060,23.921999999999997,54.3288,46.882500000000164,1.848700000000001,4.435200000000002,0.8519000000000005,23.2848,52.307950000000005,56.91271250000011,2.026724999999999,5.281712499999999,0.9080999999999997,22.583675,0.837391635261125,0.32560148880327683
121.35,24.05,255.8123,SSP3-7.0,2041-2060,23.0308,55.128499999999995,47.00480000000016,1.7824999999999989,3.459299999999999,1.0852000000000004,24.0304,52.129400000000004,71.03577500000006,2.2009499999999997,4.666662500000001,0.51065,22.605975,0.837391635261125,0.3887972691730683
121.35,24.1,214.4599,SSP3-7.0,2041-2060,12.015199999999993,43.517999999999994,85.1302999999998,2.2508000000000017,3.8093000000000004,0.3462999999999994,18.934800000000003,52.823100000000004,54.10516249999995,2.110662499999999,4.700687499999999,0.4685250000000001,23.015475,0.837391635261125,0.4519930495428597
121.35,24.15,215.3173,SSP3-7.0,2041-2060,-1.6366999999999905,54.727799999999995,28.998499999999694,1.881300000000003,4.518500000000003,0.4925999999999995,24.1391,50.956575,4.982712499999934,1.6439499999999998,5.103,0.5127375000000003,21.9043625,0.837391635261125,0.5151888299126467
121.35,24.2,255.9653,SSP3-7.0,2041-2060,-12.605400000000003,50.0411,-72.21529999999984,0.7344000000000008,4.3278,0.9056000000000015,21.826100000000004,52.24705,-54.57513750000001,1.0736499999999998,5.446512500000001,0.6131874999999996,22.2597875,0.837391635261125,0.578384610282438
121.35,24.25,256.3137,SSP3-7.0,2041-2060,-10.87579999999997,48.159099999999995,-103.2186999999999,0.49329999999999785,6.2759,0.9499999999999993,20.4283,51.4928875,-90.67223749999994,0.624562500000001,4.9296250000000015,0.8034625,21.528000000000002,0.837391635261125,0.6415803906522295
121.35,24.3,226.5923,SSP3-7.0,2041-2060,-0.8447999999999922,51.407300000000006,-75.66670000000022,0.8659000000000034,4.424099999999999,1.1684999999999999,21.1109,50.74164999999999,-99.66976249999993,0.4200375000000003,5.1499875,0.7930499999999996,20.9491875,0.837391635261125,0.704776171022021
121.35,24.35,215.3445,SSP3-7.0,2041-2060,-6.2301000000000215,52.24819999999999,-128.0213000000001,0.12130000000000152,4.6314999999999955,0.9852000000000007,20.863,51.3057125,-114.59117500000002,0.4346375000000009,5.200687500000001,0.9749999999999999,20.9771875,0.837391635261125,0.7679719513918124
121.35,24.4,218.0868,SSP3-7.0,2041-2060,-3.792100000000005,51.7935,-219.58320000000003,0.1731999999999978,7.100000000000001,1.1518999999999995,20.8891,52.3752125,-114.61321250000003,0.4503875000000006,5.3932875,1.0247625,21.8543625,0.837391635261125,0.8311677317615993
121.35,24.45,218.0459,SSP3-7.0,2041-2060,1.8705000000000211,53.072700000000005,-122.43539999999985,0.37349999999999994,5.1889,1.1480999999999995,21.7348,52.980824999999996,-116.3877375000001,0.5963750000000001,5.025462500000001,1.1335750000000002,22.158437499999998,0.837391635261125,0.8943635121313908
121.35,24.5,238.1233,SSP3-7.0,2041-2060,7.895600000000002,50.812,-82.28230000000008,0.7723999999999975,3.2425999999999995,0.9352,20.660899999999998,52.16235,-83.4774250000001,0.7697500000000002,4.9347125,1.4462875000000002,22.082075,0.837391635261125,0.9575592925011822
121.35,24.55,256.441,SSP3-7.0,2041-2060,2.1557000000000244,50.82170000000001,-46.364300000000185,0.9945000000000022,4.7148,1.7833000000000006,22.1522,50.736712499999996,-60.13192500000008,0.8935499999999994,3.7180374999999994,1.77685,21.6212125,0.837391635261125,1.0207550728709736
121.35,24.6,250.5095,SSP3-7.0,2041-2060,1.7006000000000085,45.68880000000001,-38.01350000000025,1.0455000000000005,2.0426,2.4444,19.491300000000003,52.430837499999996,-53.82505000000006,0.9427625000000002,5.0911875,2.0263875000000002,24.0416,0.837391635261125,1.0839508532407651
121.35,24.65,265.6146,SSP3-7.0,2041-2060,0.2506999999999948,54.516,-52.78420000000028,1.0883000000000003,7.409300000000002,2.0333000000000006,25.6348,53.4800375,-69.9442,0.9282375000000003,5.4953625,2.075475,26.225825,0.837391635261125,1.147146633610552
121.35,24.7,295.0779,SSP3-7.0,2041-2060,-6.542700000000025,58.0494,-94.68170000000009,0.9900999999999982,8.0426,1.9314999999999998,30.5913,56.1255375,-82.66676250000003,0.8716625000000007,7.5375125,1.78705,28.7258125,0.837391635261125,1.2103424139803434
121.35,24.75,290.8384,SSP3-7.0,2041-2060,-3.0838999999999714,60.930600000000005,-102.64190000000008,0.8587999999999987,9.113000000000003,1.6814999999999998,33.9174,57.810375,-96.40628750000002,0.7596250000000002,7.719674999999999,1.6004874999999998,31.392375,0.837391635261125,1.273538194350135
121.35,24.8,259.6651,SSP3-7.0,2041-2060,-2.147899999999993,60.2477,-116.72530000000006,0.45420000000000016,7.290700000000001,1.713000000000001,34.7435,60.076449999999994,-101.65337499999998,0.7370125000000001,8.0926,1.2995499999999998,34.0122125,0.837391635261125,1.3367339747199263
121.35,24.85,214.0627,SSP3-7.0,2041-2060,2.7273999999999887,61.00079999999999,-134.07279999999992,0.5963999999999992,7.055599999999998,1.1981000000000002,36.213,60.8651,-102.52622499999998,0.6765749999999997,7.8391,1.0491,35.785587500000005,0.837391635261125,1.3999297550897176
121.35,24.9,163.7108,SSP3-7.0,2041-2060,8.144499999999994,59.5635,-90.90419999999995,0.7197999999999993,7.5944,0.5388999999999999,35.7261,59.78744999999999,-111.2248875,0.7608749999999995,8.0194375,0.7018500000000001,35.7853125,0.837391635261125,1.4631255354595045
121.35,24.95,153.6637,SSP3-7.0,2041-2060,7.006499999999988,57.878099999999996,-95.38490000000002,0.7867999999999995,7.035200000000003,0.08520000000000039,35.2283,59.007400000000004,-91.05498750000004,0.8810499999999992,8.0303125,0.5882000000000001,35.546462500000004,0.837391635261125,1.526321315829296
121.35,25.0,151.0352,SSP3-7.0,2041-2060,2.536399999999986,57.784099999999995,-91.12329999999997,0.9315999999999995,8.350000000000001,0.3185000000000002,34.4978,59.1675125,-75.25878750000007,1.0082374999999995,8.2456,0.393525,35.583974999999995,0.837391635261125,1.5895170961990874
121.35,25.05,144.0754,SSP3-7.0,2041-2060,6.077799999999996,58.842699999999994,-77.25,0.9479000000000006,8.9241,-0.07590000000000074,34.337,60.48025,-53.299525000000074,1.091299999999999,8.243975,0.43032499999999985,35.956525,0.837391635261125,1.652712876568879
121.35,25.1,135.6902,SSP3-7.0,2041-2060,8.408699999999982,61.6518,-35.97210000000018,1.1510999999999996,9.116700000000002,0.3926000000000007,35.767399999999995,61.2547625,-52.63755000000003,1.0431124999999994,8.5113375,0.23333749999999986,36.2554375,0.837391635261125,1.7159086569386703
121.35,25.15,133.6245,SSP3-7.0,2041-2060,8.197599999999994,61.2587,-32.43870000000015,1.0449999999999982,7.946300000000001,0.4167000000000005,36.130399999999995,61.0612875,-61.88602500000002,0.9179249999999999,7.884962500000001,0.07916249999999991,36.171212499999996,0.837391635261125,1.7791044373084572
121.4,23.1,213.0608,SSP3-7.0,2041-2060,-2.172300000000007,74.1099,11.385800000000017,1.4370999999999974,9.763000000000002,3.0037000000000003,32.587,72.046625,-34.00433750000002,1.3875250000000006,11.169450000000001,2.68865,31.60515,0.9430854753423764,-0.811922557852951
121.4,23.15,207.1675,SSP3-7.0,2041-2060,0.8463000000000136,71.7004,0.18100000000004002,1.4496000000000002,10.801900000000003,2.8944,30.75,71.959975,-26.403025000000014,1.4325374999999996,10.9608875,2.729625,31.5893875,0.9430854753423764,-0.748726777483164
121.4,23.2,202.9342,SSP3-7.0,2041-2060,3.9753000000000043,70.8752,-9.832300000000032,1.5380000000000003,12.003700000000002,2.6167,30.423900000000003,72.3159375,-17.90696250000002,1.5903999999999994,9.217150000000002,2.6948875,31.6125,0.9430854753423764,-0.6855309971133726
121.4,23.25,192.7873,SSP3-7.0,2041-2060,10.703100000000006,71.60220000000001,21.60439999999994,1.818399999999997,11.1111,2.6888999999999994,31.2304,71.222475,11.358287499999989,1.7419249999999997,9.453725000000002,2.7206,31.0790875,0.9430854753423764,-0.6223352167435812
121.4,23.3,189.4785,SSP3-7.0,2041-2060,19.32390000000001,74.4128,50.350599999999986,2.150500000000001,10.009300000000003,3.037,33.0674,72.22976249999999,26.84341249999997,1.8383999999999991,9.3889,2.74815,32.34105,0.9430854753423764,-0.5591394363737897
121.4,23.35,214.6207,SSP3-7.0,2041-2060,24.00540000000001,69.787,79.97510000000011,1.8247,9.0167,3.3092999999999995,30.5457,72.7816625,19.082512499999922,1.8598374999999994,9.587975,2.6895749999999996,32.7492,0.9430854753423764,-0.4959436560039983
121.4,23.4,225.7963,SSP3-7.0,2041-2060,20.31219999999999,74.112,30.559699999999793,1.7586000000000013,9.7574,3.1499999999999995,34.587,72.01343750000001,7.207875000000001,1.9410624999999995,9.659725,2.5881875,32.526912499999995,0.9430854753423764,-0.43274787563421135
121.4,23.45,214.7204,SSP3-7.0,2041-2060,22.28709999999998,72.7126,7.850699999999961,2.2020000000000017,10.272199999999998,2.3369999999999997,34.3348,72.0043625,-4.733675000000062,1.9975874999999994,9.810425,2.4937625,33.11115,0.9430854753423764,-0.3695520952644199
121.4,23.5,220.4992,SSP3-7.0,2041-2060,23.3587,70.8243,19.92969999999991,2.243499999999999,11.4148,2.2055999999999996,32.8717,71.347425,-7.449812499999979,2.1249624999999996,9.8391375,2.405575,33.1875125,0.9430854753423764,-0.3063563148946285
121.4,23.55,226.6173,SSP3-7.0,2041-2060,22.267599999999987,68.7867,-13.337399999999889,2.200199999999999,10.5593,2.0519,32.043499999999995,70.878125,-1.109125000000006,2.0112249999999996,9.0902875,2.304425,32.98505,0.9430854753423764,-0.24316053452483705
121.4,23.6,249.4343,SSP3-7.0,2041-2060,18.454700000000003,68.3056,-26.603000000000065,1.942700000000002,8.468500000000002,1.7388999999999992,32.017399999999995,69.6215,21.14182500000004,1.9096999999999995,8.8291875,2.2231625,32.641575,0.9430854753423764,-0.17996475415504562
121.4,23.65,262.2052,SSP3-7.0,2041-2060,9.475799999999992,72.16819999999998,55.83760000000029,1.7311000000000014,8.512999999999998,2.3332999999999995,33.2196,68.604825,28.300862499999965,1.8978874999999997,8.08635,2.0587999999999997,31.9904875,0.9430854753423764,-0.11676897378525869
121.4,23.7,262.7116,SSP3-7.0,2041-2060,11.649700000000053,70.2238,63.315200000000004,1.922699999999999,8.985199999999999,1.8315000000000001,31.293499999999998,68.49238749999999,49.929925,1.861425,7.85905,2.1168875,32.5261,0.9430854753423764,-0.053573193415467256
121.4,23.75,249.325,SSP3-7.0,2041-2060,14.456999999999994,67.23780000000001,40.0628999999999,1.9125999999999994,9.0352,1.8407,30.760899999999996,67.51293749999999,38.50682500000002,1.7928874999999995,7.847462499999999,2.1960750000000004,31.71495,0.9430854753423764,0.009622586954324176
121.4,23.8,285.1217,SSP3-7.0,2041-2060,1.4967000000000326,62.554,57.67039999999997,1.5141999999999989,7.7684999999999995,2.8667,28.704300000000003,65.94807499999999,18.72450000000009,1.8558624999999997,8.428249999999998,2.0662000000000003,30.2478375,0.9430854753423764,0.0728183673241156
121.4,23.85,276.9052,SSP3-7.0,2041-2060,17.966000000000008,64.5006,-10.856899999999769,1.9833999999999996,8.6722,2.3332999999999995,27.045699999999997,60.434574999999995,26.57662500000012,1.8903499999999998,7.865275,2.0937625,26.3606,0.9430854753423764,0.13601414769390704
121.4,23.9,283.5294,SSP3-7.0,2041-2060,32.0188,52.606300000000005,77.3452000000002,2.1156000000000006,5.463000000000001,2.1667000000000005,19.6457,57.729462500000004,21.687375000000088,2.0181499999999994,7.6224375,1.8282374999999997,24.196475,0.9430854753423764,0.19920992806369398
121.4,23.95,272.3215,SSP3-7.0,2041-2060,30.27139999999997,51.517,43.52709999999979,1.9466,7.0184999999999995,1.3777999999999988,21.3761,55.795312499999994,26.98911250000009,1.9375499999999997,6.545825000000001,1.5511624999999998,23.1119625,0.9430854753423764,0.26240570843348543
121.4,24.0,285.9052,SSP3-7.0,2041-2060,13.505400000000009,56.96619999999999,-25.498799999999846,1.5119999999999987,7.237000000000002,1.364799999999999,24.8043,55.3535875,11.203250000000025,1.9084374999999993,6.3115875,1.115975,23.6894,0.9430854753423764,0.32560148880327683
121.4,24.05,298.1246,SSP3-7.0,2041-2060,-0.48759999999998627,56.5201,-40.254199999999855,1.956199999999999,6.8592999999999975,0.5648,24.8478,54.1736875,6.8086624999999685,1.8459750000000001,5.835425000000001,0.8243124999999998,23.38315,0.9430854753423764,0.3887972691730683
121.4,24.1,280.8568,SSP3-7.0,2041-2060,-6.663700000000006,53.0182,-4.154300000000148,1.9177999999999997,6.144400000000001,0.20560000000000045,22.9283,53.7118,-7.7679125000000795,1.7895500000000002,5.554875,0.6469999999999998,23.438850000000002,0.9430854753423764,0.4519930495428597
121.4,24.15,300.9809,SSP3-7.0,2041-2060,-22.735900000000015,55.106899999999996,-57.915100000000166,1.4132999999999996,7.453699999999998,0.5815000000000001,24.0435,52.882537500000005,-31.38000000000011,1.4724750000000006,5.586575,0.7150625000000002,22.7269,0.9430854753423764,0.5151888299126467
121.4,24.2,324.1519,SSP3-7.0,2041-2060,-33.003600000000006,55.687900000000006,-138.08910000000014,0.7485999999999997,7.235199999999999,1.3721999999999994,22.6935,53.5703625,-75.8181625,1.0364624999999998,5.757175,0.8345000000000002,23.3171125,0.9430854753423764,0.578384610282438
121.4,24.25,276.7358,SSP3-7.0,2041-2060,-19.169899999999984,51.724900000000005,-126.94989999999984,0.6954999999999991,5.337000000000003,0.9758999999999993,22.05,51.86935,-118.28623749999997,0.6934250000000004,5.8231625000000005,0.9895875000000001,21.910325,0.9430854753423764,0.6415803906522295
121.4,24.3,230.4741,SSP3-7.0,2041-2060,-7.210800000000006,46.1698,-125.92899999999986,0.6230000000000011,4.861100000000004,0.5666999999999991,19.006500000000003,49.4869125,-124.2688,0.5842624999999999,5.146537500000001,0.9421249999999997,20.542387499999997,0.9430854753423764,0.704776171022021
121.4,24.35,225.9675,SSP3-7.0,2041-2060,-6.6436999999999955,50.02139999999999,-86.77839999999992,0.7328999999999972,5.164799999999996,0.7647999999999993,20.186999999999998,48.444825,-132.37865000000005,0.5473500000000007,4.964587500000001,0.8775499999999996,19.80515,0.9430854753423764,0.7679719513918124
121.4,24.4,220.9495,SSP3-7.0,2041-2060,-2.2475000000000023,53.6081,-135.89340000000016,0.5056000000000012,5.398100000000003,0.4443999999999999,22.386999999999997,49.5291125,-121.6305375,0.6124874999999994,5.174775,1.0083374999999999,20.598087500000002,0.9430854753423764,0.8311677317615993
121.4,24.45,228.7963,SSP3-7.0,2041-2060,0.08719999999999573,58.814400000000006,-158.16330000000016,0.7739000000000011,7.4815000000000005,1.0093000000000014,27.810900000000004,52.6050625,-110.05870000000004,0.7134374999999995,4.914337500000001,1.0131875000000001,22.1779875,0.9430854753423764,0.8943635121313908
121.4,24.5,258.4791,SSP3-7.0,2041-2060,9.613399999999956,56.617799999999995,-84.8144000000002,0.9145000000000003,4.222200000000001,1.1556000000000015,25.0891,54.1153625,-85.18692500000006,0.8696624999999996,5.2219875,1.2777625000000004,23.898387500000002,0.9430854753423764,0.9575592925011822
121.4,24.55,271.0039,SSP3-7.0,2041-2060,11.117999999999995,47.1409,-62.47870000000012,1.0451999999999977,4.079599999999999,1.1981000000000002,19.752200000000002,52.9870875,-53.24748750000009,1.0167500000000005,4.3560125,1.6861000000000004,23.812512499999997,0.9430854753423764,1.0207550728709736
121.4,24.6,252.2096,SSP3-7.0,2041-2060,13.308999999999997,45.66460000000001,-38.59979999999996,1.1632999999999996,2.375899999999998,1.9611,20.9957,52.049975,-35.140587500000095,1.0843875000000005,5.029625,1.9800750000000003,24.0328875,0.9430854753423764,1.0839508532407651
121.4,24.65,243.4296,SSP3-7.0,2041-2060,17.687099999999987,55.975500000000004,-31.336499999999887,1.0237000000000016,3.4907000000000004,2.3741000000000003,27.234799999999996,50.3571,-41.129800000000046,1.0857625000000004,5.5215250000000005,2.0335625,24.1769,0.9430854753423764,1.147146633610552
121.4,24.7,262.8641,SSP3-7.0,2041-2060,12.73169999999999,55.7024,-66.68129999999974,0.9482999999999997,5.846299999999999,1.946299999999999,28.765200000000004,53.639275,-48.13148750000008,0.9991125000000003,6.7331,1.90395,27.07745,0.9430854753423764,1.2103424139803434
121.4,24.75,272.7705,SSP3-7.0,2041-2060,3.048999999999978,54.6632,-56.98000000000002,0.9598000000000013,8.057399999999998,1.4888999999999992,28.2674,56.0759,-70.80148750000001,0.8355250000000001,6.727775,1.6592874999999998,30.22255,0.9430854753423764,1.273538194350135
121.4,24.8,272.6348,SSP3-7.0,2041-2060,-4.379799999999989,60.5312,-86.37159999999994,0.6878999999999991,6.5685,0.9629999999999992,34.712999999999994,57.960175,-97.28948749999995,0.7270625000000002,6.8173625,1.3680624999999997,32.469837500000004,0.9430854753423764,1.3367339747199263
121.4,24.85,248.1649,SSP3-7.0,2041-2060,-3.5149999999999864,59.963800000000006,-153.81209999999965,0.5355999999999987,6.968499999999999,0.8388999999999989,34.737,59.2206625,-117.11087499999996,0.5976125000000003,6.5465125,1.0270874999999997,34.6738875,0.9430854753423764,1.3999297550897176
121.4,24.9,199.7681,SSP3-7.0,2041-2060,8.160899999999998,61.22489999999999,-140.2817,0.44239999999999924,7.314800000000002,1.0389,36.263000000000005,58.54835,-138.45346249999992,0.6398125000000001,7.0666625,0.7955874999999997,35.1524375,0.9430854753423764,1.4631255354595045
121.4,24.95,168.4861,SSP3-7.0,2041-2060,-0.3906999999999812,58.045500000000004,-133.73770000000013,0.8520000000000003,8.6796,1.2332999999999998,35.9261,58.2209625,-129.26706249999998,0.7005249999999998,7.428700000000001,0.6513875,35.2711875,0.9430854753423764,1.526321315829296
121.4,25.0,155.8292,SSP3-7.0,2041-2060,-2.0093999999999994,58.9405,-73.67740000000003,1.1085999999999991,6.2166999999999994,0.6593,35.6783,57.9925875,-115.53416250000001,0.8675375000000001,8.305325,0.5324,35.416574999999995,0.9430854753423764,1.5895170961990874
121.4,25.05,152.3147,SSP3-7.0,2041-2060,2.4653000000000134,60.4142,-82.91730000000007,1.2149,9.786999999999999,0.08329999999999949,36.513,58.877187500000005,-91.54601250000005,0.9382624999999996,8.035187500000001,0.40879999999999994,35.7019125,0.9430854753423764,1.652712876568879
121.4,25.1,155.8915,SSP3-7.0,2041-2060,0.07749999999998636,60.9093,-92.85530000000017,0.9258999999999986,8.844400000000004,0.07219999999999871,36.6652,60.1547625,-69.44113750000002,0.9636874999999998,8.2055625,0.21991250000000007,36.26495,0.9430854753423764,1.7159086569386703
121.4,25.15,151.4827,SSP3-7.0,2041-2060,2.3430000000000177,62.070699999999995,-71.53509999999983,0.8793000000000006,9.357399999999998,0.08520000000000039,37.45,60.4238625,-76.75877500000004,0.7748874999999993,7.445600000000001,0.11458750000000018,36.5499875,0.9430854753423764,1.7791044373084572
121.4,25.2,142.1568,SSP3-7.0,2041-2060,2.748500000000007,59.581399999999995,-95.01510000000007,0.6321000000000012,5.481500000000004,-0.4147999999999996,36.106500000000004,60.7741125,-106.468775,0.612274999999999,7.5400374999999995,-0.12291249999999998,36.873625,0.9430854753423764,1.8423002176782488
121.45,23.3,182.6812,SSP3-7.0,2041-2060,25.863400000000013,71.3757,21.585399999999936,1.7326999999999977,9.485199999999999,2.685199999999999,30.8457,72.50063750000001,23.117212499999965,1.8601249999999996,9.74585,2.8808,32.503,1.0487793154235978,-0.5591394363737897
121.45,23.35,188.4775,SSP3-7.0,2041-2060,28.616000000000014,73.47980000000001,17.64110000000005,1.7607999999999997,9.063000000000002,2.6610999999999994,32.371700000000004,72.32792500000001,16.773599999999988,1.8881249999999996,9.5851875,2.8775499999999994,32.529650000000004,1.0487793154235978,-0.4959436560039983
121.45,23.4,205.0619,SSP3-7.0,2041-2060,28.016199999999998,73.4111,6.973899999999958,1.6801999999999992,8.729600000000001,2.7926,33.7652,72.08145,0.7728500000000054,1.88585,9.6507,2.7842624999999996,32.5405125,1.0487793154235978,-0.43274787563421135
121.45,23.45,199.9067,SSP3-7.0,2041-2060,28.92009999999999,71.45400000000001,-9.645199999999932,2.104099999999999,10.048100000000002,2.5962999999999994,32.2935,72.2280625,-18.493250000000018,1.9699125,9.6726875,2.6259375,33.4973,1.0487793154235978,-0.3695520952644199
121.45,23.5,207.711,SSP3-7.0,2041-2060,21.836399999999998,70.96539999999999,-2.0662999999999556,2.2904999999999998,7.755600000000001,2.3056,33.228300000000004,71.36183750000001,-31.34568749999994,2.0451749999999995,10.2898125,2.4983874999999998,32.977450000000005,1.0487793154235978,-0.3063563148946285
121.45,23.55,219.2241,SSP3-7.0,2041-2060,20.12700000000001,70.0872,-29.523999999999887,2.1174,10.692599999999999,2.3130000000000006,31.7478,70.2243875,-35.82495,1.9518999999999993,9.274075000000002,2.4907624999999998,32.61305,1.0487793154235978,-0.24316053452483705
121.45,23.6,240.6733,SSP3-7.0,2041-2060,13.853099999999984,68.0547,-62.17729999999983,1.9030999999999985,8.6981,2.5999999999999996,30.4239,70.0854375,-10.84529999999998,1.8763625000000004,9.0977,2.3092625,32.376625000000004,1.0487793154235978,-0.17996475415504562
121.45,23.65,240.973,SSP3-7.0,2041-2060,13.613199999999978,69.4075,26.955199999999877,2.147500000000001,8.7667,1.5332999999999988,32.163000000000004,69.61359999999999,14.171925000000016,1.86485,8.417825,2.2078749999999996,31.649724999999997,1.0487793154235978,-0.11676897378525869
121.45,23.7,232.4353,SSP3-7.0,2041-2060,18.55079999999998,69.90769999999999,77.19139999999993,2.337299999999999,7.842599999999997,1.8537,31.713,70.024425,24.22258750000003,1.8191500000000003,8.971775,1.827075,32.0717375,1.0487793154235978,-0.053573193415467256
121.45,23.75,240.1365,SSP3-7.0,2041-2060,10.573699999999974,71.87709999999998,12.175700000000006,1.6303000000000019,10.131499999999999,1.6130000000000013,34.5935,69.5268375,4.129725000000008,1.7249999999999994,8.570137499999998,1.9037125000000001,31.948087499999996,1.0487793154235978,0.009622586954324176
121.45,23.8,259.8564,SSP3-7.0,2041-2060,1.5031999999999925,71.01239999999999,-54.41529999999989,1.3096999999999994,8.877799999999997,1.7019000000000002,33.54129999999999,69.15585,-22.042949999999962,1.659575,8.8300875,1.9435125,31.815487499999996,1.0487793154235978,0.0728183673241156
121.45,23.85,273.9441,SSP3-7.0,2041-2060,8.822400000000016,65.0846,-15.421399999999721,1.8400999999999996,9.5074,2.1685,26.3304,65.738575,-27.10703749999996,1.6797499999999999,7.959949999999999,1.9338124999999997,29.5038125,1.0487793154235978,0.13601414769390704
121.45,23.9,282.4909,SSP3-7.0,2041-2060,24.384599999999978,54.3259,20.6567,1.9583000000000013,6.979600000000001,1.8203999999999994,19.5109,63.432925,-30.990462500000035,1.8491874999999995,8.2629625,1.7493124999999996,27.692675,1.0487793154235978,0.19920992806369398
121.45,23.95,282.5981,SSP3-7.0,2041-2060,22.715000000000032,59.1359,-12.944100000000162,1.9642999999999997,7.761099999999999,1.713000000000001,23.884800000000002,59.300312500000004,-32.95080000000007,1.813075,7.8393500000000005,1.5229249999999994,25.121475000000004,1.0487793154235978,0.26240570843348543
121.45,24.0,299.6006,SSP3-7.0,2041-2060,14.679599999999994,62.4816,-19.691400000000158,1.8393999999999995,8.366699999999998,1.1944,26.823900000000002,57.49955,-49.77027500000003,1.81,7.7726875,1.2446874999999997,24.964675,1.0487793154235978,0.32560148880327683
121.45,24.05,329.8432,SSP3-7.0,2041-2060,-7.683700000000044,55.0162,-40.86079999999993,1.8095999999999997,7.316700000000001,0.8462999999999994,24.7609,56.45355,-45.33231250000006,1.7865500000000005,7.0185125,0.8805624999999999,24.303525,1.0487793154235978,0.3887972691730683
121.45,24.1,358.1538,SSP3-7.0,2041-2060,-22.1567,52.932,-34.3430000000003,1.8070000000000022,5.914800000000003,0.6999999999999993,21.497799999999998,55.770475000000005,-46.588337499999994,1.6863874999999995,6.338424999999999,0.6761750000000001,24.7467375,1.0487793154235978,0.4519930495428597
121.45,24.15,381.7394,SSP3-7.0,2041-2060,-33.27109999999999,56.7449,-49.90380000000005,1.4156999999999975,5.107399999999998,0.5593000000000004,25.2565,56.2834875,-61.17461250000011,1.3725625,6.09675,0.8564875,24.2394,1.0487793154235978,0.5151888299126467
121.45,24.2,365.9708,SSP3-7.0,2041-2060,-35.877200000000016,56.3904,-66.46329999999989,1.0242000000000004,7.6351999999999975,1.1389000000000014,24.539099999999998,56.2062875,-105.60486250000002,0.9848749999999993,5.6520875,1.00555,24.5771625,1.0487793154235978,0.578384610282438
121.45,24.25,299.3308,SSP3-7.0,2041-2060,-27.795799999999986,55.66779999999999,-158.8777,0.6340000000000003,5.401900000000005,1.0722000000000005,24.254299999999997,53.811837499999996,-146.1792625,0.7003625000000002,6.075237500000002,1.0011624999999997,23.04945,1.0487793154235978,0.6415803906522295
121.45,24.3,235.0949,SSP3-7.0,2041-2060,-11.321699999999993,51.431400000000004,-205.8300999999999,0.4239999999999995,6.424100000000003,0.7425999999999995,21.423900000000003,49.428325,-148.26804999999996,0.6355000000000004,5.170387500000002,0.8715374999999994,20.924174999999998,1.0487793154235978,0.704776171022021
121.45,24.35,234.2998,SSP3-7.0,2041-2060,-5.448700000000002,35.2352,-108.8076000000001,0.7072000000000003,3.5130000000000017,0.8777999999999988,14.021700000000001,50.0954375,-138.27852499999992,0.6431625000000007,4.882175000000002,0.8013874999999993,20.713862499999998,1.0487793154235978,0.7679719513918124
121.45,24.4,252.4848,SSP3-7.0,2041-2060,-3.032600000000002,45.665099999999995,-59.29790000000003,0.9586000000000006,3.3648000000000025,1.0832999999999995,18.7391,49.5270375,-112.92824999999993,0.7616250000000004,4.467825,0.9856499999999997,20.886412500000002,1.0487793154235978,0.8311677317615993
121.45,24.45,279.4547,SSP3-7.0,2041-2060,-3.243600000000015,49.3824,-89.95719999999983,1.0592999999999968,4.953700000000001,1.0463000000000005,20.539100000000005,52.8883,-103.42603749999998,0.8597500000000013,4.385862500000002,1.2324000000000004,23.08995,1.0487793154235978,0.8943635121313908
121.45,24.5,305.3852,SSP3-7.0,2041-2060,4.128600000000006,59.8889,-86.20580000000018,0.9504000000000019,5.8444,1.1407000000000007,27.3848,54.1325375,-81.72886249999999,0.9958125,5.0636625,1.5574125000000005,24.781525000000002,1.0487793154235978,0.9575592925011822
121.45,24.55,288.5667,SSP3-7.0,2041-2060,11.034099999999967,62.989900000000006,-33.608400000000074,0.9880999999999993,6.270399999999999,1.9611,31.1522,54.0922125,-52.243187499999976,1.1200625000000004,5.129625000000001,1.6868000000000003,25.2896875,1.0487793154235978,1.0207550728709736
121.45,24.6,263.3209,SSP3-7.0,2041-2060,13.629599999999982,51.413,-16.091399999999794,1.3053000000000026,6.135200000000001,2.1074,23.573900000000002,54.809962500000005,-21.701649999999972,1.1246375,5.4050875,1.8069375,26.6646875,1.0487793154235978,1.0839508532407651
121.45,24.65,265.1685,SSP3-7.0,2041-2060,30.598700000000008,47.854000000000006,-0.4477000000001681,1.1844999999999999,6.0944,1.9389000000000003,23.2717,52.4168875,-27.65008749999987,1.0833875000000006,5.62175,1.67755,25.439675,1.0487793154235978,1.147146633610552
121.45,24.7,259.908,SSP3-7.0,2041-2060,21.961099999999988,43.968599999999995,-21.738800000000083,0.9608000000000025,6.225899999999999,1.9055999999999997,21.091299999999997,54.0549125,-38.37987499999991,0.9573125000000005,6.0527625,1.5611125000000001,27.0176625,1.0487793154235978,1.2103424139803434
121.45,24.75,277.3872,SSP3-7.0,2041-2060,6.005899999999997,53.1569,-24.441100000000006,0.9268999999999998,5.4315,1.8778000000000006,26.610899999999997,54.810175,-60.43598749999995,0.8531375000000003,6.242349999999999,1.2942249999999997,28.905424999999997,1.0487793154235978,1.273538194350135
121.45,24.8,281.618,SSP3-7.0,2041-2060,0.9239000000000033,56.020399999999995,-53.13020000000006,0.8572000000000024,5.303699999999999,1.2555999999999994,31.3478,57.706025,-97.51668749999988,0.7312250000000002,6.136562499999999,1.1053249999999997,31.8472875,1.0487793154235978,1.3367339747199263
121.45,24.85,269.4379,SSP3-7.0,2041-2060,-1.3899999999999864,57.698,-136.51249999999982,0.627600000000001,5.3185,0.8906999999999989,33.9217,58.2775125,-135.12709999999987,0.5784375000000002,6.1682749999999995,0.8386624999999996,33.5105875,1.0487793154235978,1.3999297550897176
121.45,24.9,229.719,SSP3-7.0,2041-2060,-1.1038999999999817,57.47880000000001,-178.88869999999997,0.3954000000000022,5.925899999999999,0.6184999999999992,34.463,57.657375,-167.91469999999984,0.5360500000000004,6.9567,0.7682749999999998,34.208687499999996,1.0487793154235978,1.4631255354595045
121.45,24.95,184.5371,SSP3-7.0,2041-2060,-7.635700000000014,56.7583,-184.31479999999988,0.6049000000000007,7.9556000000000004,0.9611000000000001,35.0043,56.862975,-166.35543749999994,0.5414500000000002,7.3870249999999995,0.8208249999999999,34.4983625,1.0487793154235978,1.526321315829296
121.45,25.0,167.6302,SSP3-7.0,2041-2060,-6.731500000000011,56.1395,-179.56150000000002,0.6146999999999991,9.036999999999999,0.9907000000000004,35.3087,56.90945,-136.13031249999997,0.7349625000000004,7.845137499999999,0.7717624999999999,35.03014999999999,1.0487793154235978,1.5895170961990874
121.45,25.05,152.8315,SSP3-7.0,2041-2060,-2.2186000000000092,58.07829999999999,-79.98379999999997,0.9875000000000007,6.674099999999999,0.6630000000000003,36.517399999999995,57.50125,-118.2585875,0.7445999999999997,8.2604,0.5849499999999996,35.622,1.0487793154235978,1.652712876568879
121.45,25.1,152.66,SSP3-7.0,2041-2060,1.2402999999999906,58.67130000000001,-101.94470000000001,0.8387999999999991,7.118500000000001,0.25,36.843500000000006,59.427274999999995,-84.85678749999997,0.7597874999999998,8.087024999999999,0.32499999999999996,36.6372125,1.0487793154235978,1.7159086569386703
121.45,25.15,161.2244,SSP3-7.0,2041-2060,2.075400000000002,60.2504,-73.48739999999998,0.6449999999999996,6.720399999999998,-0.055600000000000094,36.5609,60.0690375,-109.77666249999996,0.5953249999999994,7.5462875,-0.08911249999999993,36.9679125,1.0487793154235978,1.7791044373084572
121.45,25.2,155.7339,SSP3-7.0,2041-2060,1.0850999999999829,58.842299999999994,-113.89239999999995,0.5325999999999986,7.557400000000001,-0.0037000000000002586,35.6217,60.15401249999999,-159.87956249999993,0.3424374999999995,6.6972249999999995,-0.5587875,36.6777125,1.0487793154235978,1.8423002176782488
121.45,25.25,147.3289,SSP3-7.0,2041-2060,3.0335000000000036,58.670399999999994,-155.21600000000012,0.398299999999999,6.498099999999997,-0.4815000000000005,35.6935,59.561862500000004,-220.59433749999997,0.07333749999999961,6.214375,-0.875,36.13395,1.0487793154235978,1.9054959980480402
121.5,22.05,131.3531,SSP3-7.0,2041-2060,4.9754999999999825,91.1183,-75.93849999999998,0.4253999999999998,8.736999999999998,3.2295999999999996,45.5261,88.4744,-157.16653750000003,0.5838875000000003,12.897925,3.3236374999999994,44.8418375,1.154473155504819,-2.139033945618553
121.5,22.65,147.1573,SSP3-7.0,2041-2060,15.051199999999994,89.63649999999998,-91.66120000000001,1.7851,9.694399999999998,2.524099999999999,43.3043,78.9967375,-46.39008750000005,1.3887,11.272225,2.0551,38.652725000000004,1.154473155504819,-1.3806845811810693
121.5,23.4,176.4399,SSP3-7.0,2041-2060,36.49680000000001,71.62120000000002,-63.587999999999965,1.8307000000000002,10.005599999999998,2.8556,32.195699999999995,72.3918,-1.7812999999999874,1.885525,9.541662500000001,2.775925,33.1117,1.154473155504819,-0.43274787563421135
121.5,23.45,180.9229,SSP3-7.0,2041-2060,37.09360000000001,72.1093,-78.19599999999991,1.8732000000000006,9.557400000000001,2.6796000000000006,33.15,71.98865,-23.548562499999974,1.9964999999999995,9.75,2.61205,33.2584375,1.154473155504819,-0.3695520952644199
121.5,23.5,187.6755,SSP3-7.0,2041-2060,32.98689999999999,72.0686,-69.40969999999993,1.8805999999999976,9.888900000000003,2.6814999999999998,33.8457,71.63067500000001,-35.65166249999996,1.991375,9.8349625,2.5509375,32.8532625,1.154473155504819,-0.3063563148946285
121.5,23.55,203.4472,SSP3-7.0,2041-2060,24.596599999999995,72.852,-78.43359999999984,1.7403999999999993,9.885199999999998,3.122200000000001,33.532599999999995,70.8932,-39.02926249999999,1.8830374999999993,9.081025,2.534275,32.7587,1.154473155504819,-0.24316053452483705
121.5,23.6,219.3545,SSP3-7.0,2041-2060,18.642300000000006,69.93780000000001,-54.50200000000041,1.4141999999999992,7.5222000000000016,3.2203999999999997,32.9413,71.1400625,-27.294837499999943,1.776475,8.818762499999998,2.4974374999999998,32.4491625,1.154473155504819,-0.17996475415504562
121.5,23.65,212.1956,SSP3-7.0,2041-2060,24.13979999999998,69.1385,32.84480000000008,1.7174000000000014,8.374100000000002,2.1610999999999994,31.3478,70.4047125,-10.669562500000012,1.7300124999999995,8.0625,2.5060124999999998,31.898075,1.154473155504819,-0.11676897378525869
121.5,23.7,215.9641,SSP3-7.0,2041-2060,21.93719999999999,69.1725,27.468700000000126,1.9502999999999986,8.9389,1.924100000000001,30.2413,70.7103875,-6.020125000000007,1.6574250000000006,8.4125125,2.0810125,32.6135625,1.154473155504819,-0.053573193415467256
121.5,23.75,228.4385,SSP3-7.0,2041-2060,10.265999999999991,70.97,-64.87940000000003,1.5412999999999997,9.029599999999999,1.3796,32.9543,71.3114875,-34.60322499999995,1.5482125000000002,8.6844875,1.935675,33.283150000000006,1.154473155504819,0.009622586954324176
121.5,23.8,243.236,SSP3-7.0,2041-2060,-1.6093999999999937,75.13650000000001,-113.37609999999995,1.3119000000000014,8.083299999999998,1.8315000000000001,36.3761,71.3599125,-66.68921249999994,1.4986374999999998,9.1169,1.6622875,33.8586875,1.154473155504819,0.0728183673241156
121.5,23.85,239.7198,SSP3-7.0,2041-2060,3.644900000000007,75.8862,-81.7188000000001,1.5427999999999997,8.413,1.5147999999999993,37.7587,69.43549999999999,-78.43886249999994,1.5593374999999998,8.956925,1.6451624999999996,32.330425,1.154473155504819,0.13601414769390704
121.5,23.9,261.2974,SSP3-7.0,2041-2060,-2.289199999999994,69.88669999999999,-112.16150000000016,1.702099999999998,9.4222,1.235199999999999,33.4478,68.4939375,-69.50438750000006,1.7257249999999995,9.1081,1.5981624999999997,31.559775,1.154473155504819,0.19920992806369398
121.5,23.95,290.0911,SSP3-7.0,2041-2060,-5.212799999999959,68.8461,-135.69330000000036,1.698599999999999,9.8463,1.485199999999999,32.0522,65.9661625,-69.4407375000001,1.7437874999999998,8.9087875,1.4687624999999997,29.726625,1.154473155504819,0.26240570843348543
121.5,24.0,294.3171,SSP3-7.0,2041-2060,3.8851000000000226,57.7727,-112.09040000000005,1.7320000000000029,8.381499999999999,1.5389,23.3109,62.80875,-75.62297500000005,1.7642499999999997,8.753250000000001,1.34955,28.2595125,1.154473155504819,0.32560148880327683
121.5,24.05,317.0389,SSP3-7.0,2041-2060,-9.279699999999991,54.2222,-74.3476999999998,1.8607000000000014,7.761099999999999,1.0667000000000009,24.680400000000002,59.553675,-70.32561250000006,1.698450000000001,7.564825000000001,1.1263999999999998,25.848375,1.154473155504819,0.3887972691730683
121.5,24.1,372.9615,SSP3-7.0,2041-2060,-28.8245,57.7154,-52.2787000000003,1.667300000000001,5.483300000000003,0.4093,25.534799999999997,56.8766375,-65.78174999999993,1.6064875,6.598625,1.0594999999999999,24.9339625,1.154473155504819,0.4519930495428597
121.5,24.15,449.7831,SSP3-7.0,2041-2060,-52.57650000000001,57.8199,-52.99209999999971,1.4504999999999981,4.581499999999998,1.1758999999999995,25.921699999999998,57.850825,-70.39958750000008,1.3350875000000002,5.963650000000001,0.9706125,25.5105875,1.154473155504819,0.5151888299126467
121.5,24.2,430.1145,SSP3-7.0,2041-2060,-57.94750000000005,61.597199999999994,-83.16130000000021,0.9517999999999986,4.325900000000004,1.2684999999999995,26.7565,55.708462499999996,-100.23749999999995,1.0497999999999998,6.041212499999999,1.1381875000000001,24.863574999999997,1.154473155504819,0.578384610282438
121.5,24.25,318.813,SSP3-7.0,2041-2060,-38.61129999999997,55.3008,-176.94990000000007,0.5696000000000012,5.774100000000001,1.0389,25.641299999999998,53.7402,-131.97117500000002,0.8325375000000004,6.164125000000001,1.1851875,23.21385,1.154473155504819,0.6415803906522295
121.5,24.3,252.8969,SSP3-7.0,2041-2060,-15.113599999999991,52.192299999999996,-246.06150000000002,0.566200000000002,7.009300000000003,0.9055999999999997,22.2848,49.6695375,-132.86821249999997,0.7147250000000005,4.985900000000001,1.1363499999999997,21.1146625,1.154473155504819,0.704776171022021
121.5,24.35,255.5467,SSP3-7.0,2041-2060,-2.606200000000001,49.114399999999996,-155.79039999999986,0.5556000000000019,4.3019,0.7703999999999986,19.9478,49.688137499999996,-112.18827499999992,0.757975000000001,4.081025000000001,1.2488499999999996,20.976075,1.154473155504819,0.7679719513918124
121.5,24.4,300.0776,SSP3-7.0,2041-2060,-2.3888000000000034,52.56099999999999,-90.64749999999958,0.7794000000000025,2.5333000000000006,1.1332999999999984,21.7348,48.3530125,-76.1825499999999,0.8470000000000009,3.2715375000000004,1.4458374999999999,20.492912500000003,1.154473155504819,0.8311677317615993
121.5,24.45,350.4436,SSP3-7.0,2041-2060,-1.4504999999999768,47.479400000000005,-77.38819999999987,0.9791000000000025,2.3963,1.8389000000000006,20.463,51.2394625,-71.33008749999988,0.9191500000000006,3.7030000000000007,1.66225,22.125,1.154473155504819,0.8943635121313908
121.5,24.5,385.5678,SSP3-7.0,2041-2060,3.25630000000001,48.4717,-134.99779999999964,1.0165000000000006,3.846300000000003,2.053700000000001,21.1109,54.2755,-49.13546249999996,1.0074125000000005,4.9210625,1.7580875,24.8943,1.154473155504819,0.9575592925011822
121.5,24.55,323.3038,SSP3-7.0,2041-2060,8.860199999999963,62.1638,-12.422900000000027,1.1899000000000015,7.2593,2.196299999999999,32.3348,56.109325,-37.83194999999995,1.1244000000000005,5.8907375,1.8034625,26.519849999999998,1.154473155504819,1.0207550728709736
121.5,24.6,281.8765,SSP3-7.0,2041-2060,20.4015,61.37700000000001,17.665300000000116,1.375399999999999,7.274100000000001,1.6814999999999998,32.0761,57.609025,-16.16448749999995,1.1237875000000006,6.6432875,1.6557749999999998,28.3654875,1.154473155504819,1.0839508532407651
121.5,24.65,268.169,SSP3-7.0,2041-2060,35.10390000000001,55.31399999999999,-12.384499999999662,1.027000000000001,6.3963,1.144400000000001,26.500000000000004,54.40185,-33.11481250000003,1.0794625,6.8245249999999995,1.2557999999999998,26.958137499999996,1.154473155504819,1.147146633610552
121.5,24.7,256.3934,SSP3-7.0,2041-2060,30.011599999999987,49.92,-52.03369999999995,0.8632999999999988,7.2296,0.3000000000000007,23.2804,54.710275,-58.31221249999999,0.9171125,6.362024999999999,0.9453750000000001,27.773087499999995,1.154473155504819,1.2103424139803434
121.5,24.75,276.5896,SSP3-7.0,2041-2060,17.066599999999994,59.853300000000004,-62.73419999999987,0.7250000000000014,5.8759000000000015,1.4184999999999999,32.210899999999995,54.076899999999995,-83.9634125,0.8491249999999995,6.217124999999999,0.45163750000000014,28.16955,1.154473155504819,1.273538194350135
121.5,24.8,293.3549,SSP3-7.0,2041-2060,11.791300000000035,57.8223,-83.81809999999996,0.8227999999999973,4.831499999999998,1.0759000000000007,31.5674,56.7644375,-120.54099999999988,0.6710250000000006,5.9194375,0.4414374999999999,31.345912499999997,1.154473155504819,1.3367339747199263
121.5,24.85,271.892,SSP3-7.0,2041-2060,3.360900000000015,57.9595,-175.46389999999974,0.5642000000000031,6.0406999999999975,0.28889999999999993,32.75,55.934575,-163.2113124999999,0.4486625000000002,5.73565,0.5066999999999997,32.0222625,1.154473155504819,1.3999297550897176
121.5,24.9,229.5603,SSP3-7.0,2041-2060,-2.6739000000000033,55.21920000000001,-209.25049999999965,0.3219999999999992,6.392600000000002,0.6295999999999999,32.2435,55.340625,-208.59578749999994,0.26471250000000124,6.3497625,0.4064749999999999,32.8111125,1.154473155504819,1.4631255354595045
121.5,24.95,183.2088,SSP3-7.0,2041-2060,-4.965900000000005,54.3898,-209.94439999999986,0.33970000000000056,6.9833,0.26480000000000103,32.823899999999995,54.3260875,-217.85628749999998,0.24220000000000041,7.4780125,0.6131875,33.15078749999999,1.154473155504819,1.526321315829296
121.5,25.0,174.3547,SSP3-7.0,2041-2060,-5.231400000000008,53.465599999999995,-205.50159999999983,0.2568000000000019,8.546299999999999,1.131499999999999,33.2804,54.7522875,-181.1540125,0.4197875,7.9245375,0.5687500000000003,34.258137500000004,1.154473155504819,1.5895170961990874
121.5,25.05,175.4995,SSP3-7.0,2041-2060,-8.261200000000002,55.183400000000006,-118.96550000000002,0.5152999999999999,7.918499999999998,1.1777999999999995,34.4978,55.6110625,-143.18347499999996,0.5202,8.025,0.6273124999999999,35.3858625,1.154473155504819,1.652712876568879
121.5,25.1,162.8556,SSP3-7.0,2041-2060,4.1113,56.286199999999994,-90.64539999999988,0.4817999999999998,8.614799999999999,0.31479999999999997,36.1891,57.67665,-98.38743749999995,0.6085499999999997,7.024537499999999,0.3601875000000001,36.3432,1.154473155504819,1.7159086569386703
121.5,25.15,204.7554,SSP3-7.0,2041-2060,-3.051400000000001,62.2257,-68.46449999999982,0.4285999999999994,6.7795999999999985,0.2593000000000014,38.7043,58.3297375,-141.22722499999992,0.42058749999999945,6.7564874999999995,-0.3338000000000001,36.438024999999996,1.154473155504819,1.7791044373084572
121.5,25.2,226.1129,SSP3-7.0,2041-2060,-6.1129999999999995,61.9654,-243.86079999999993,0.043499999999998096,6.616699999999998,-1.2759,38.163,59.1888125,-189.69656249999994,0.17368749999999933,6.475925,-0.6632,36.2114,1.154473155504819,1.8423002176782488
121.5,25.25,168.2755,SSP3-7.0,2041-2060,2.6074000000000126,59.211600000000004,-249.9456,-0.023500000000002075,6.877800000000001,-0.829600000000001,35.6196,59.3518375,-279.8244249999999,-0.2635625000000008,6.108575,-1.137275,35.957862500000005,1.154473155504819,1.9054959980480402
121.5,25.3,156.1099,SSP3-7.0,2041-2060,3.931299999999993,59.6428,-217.56050000000005,0.05630000000000024,4.755600000000001,-0.8999999999999986,35.563,59.189875,-309.0224874999999,-0.4335000000000009,6.2074125,-1.2442125000000002,35.854074999999995,1.154473155504819,1.9686917784178315
121.55,22.05,157.5298,SSP3-7.0,2041-2060,7.467800000000011,90.9934,-72.11720000000014,0.067499999999999,6.312999999999999,3.9555999999999987,44.413,88.4900125,-157.6442,0.6286250000000004,13.200924999999998,3.2328874999999995,44.980974999999994,1.2601669955860404,-2.139033945618553
121.55,23.55,183.7436,SSP3-7.0,2041-2060,27.155100000000004,73.132,-43.68990000000008,1.7312000000000012,9.3204,2.3296,33.8065,71.30178749999999,-45.055849999999964,1.7751249999999992,8.65695,2.7703750000000005,32.786412500000004,1.2601669955860404,-0.24316053452483705
121.55,23.6,193.2841,SSP3-7.0,2041-2060,25.775800000000004,74.1132,-37.52749999999992,1.527099999999999,8.211099999999998,2.7722000000000007,34.0326,70.64585,-30.22097500000001,1.6518000000000002,8.3858875,2.6388749999999996,32.235575,1.2601669955860404,-0.17996475415504562
121.55,23.65,201.9305,SSP3-7.0,2041-2060,21.91410000000002,72.33539999999999,-26.80639999999994,1.3277,6.6019000000000005,3.1480999999999995,32.539100000000005,70.86855,-19.261625000000038,1.6307000000000003,8.460887500000002,2.3625,32.516287500000004,1.2601669955860404,-0.11676897378525869
121.55,23.7,203.7558,SSP3-7.0,2041-2060,18.744500000000016,70.3089,-35.95859999999993,1.2329000000000008,7.918500000000002,2.9962999999999997,31.1304,71.0892625,-22.702499999999958,1.6267999999999998,8.3351875,2.1004625,32.6872125,1.2601669955860404,-0.053573193415467256
121.55,23.75,207.1175,SSP3-7.0,2041-2060,14.439400000000006,71.738,-69.68370000000004,1.325000000000001,8.635200000000001,1.9629999999999992,34.4674,71.763925,-57.61836249999993,1.4742875,8.63055,1.9812625000000001,33.632324999999994,1.2601669955860404,0.009622586954324176
121.55,23.8,221.5869,SSP3-7.0,2041-2060,8.225599999999986,71.33879999999999,-120.22789999999986,1.2882999999999996,9.048100000000002,1.6018999999999988,34.202200000000005,73.278475,-86.1966875,1.4428750000000001,9.100924999999998,1.6027874999999998,35.88884999999999,1.2601669955860404,0.0728183673241156
121.55,23.85,225.5658,SSP3-7.0,2041-2060,4.093899999999991,72.9722,-139.34289999999987,1.5115999999999978,9.292599999999997,1.3556000000000008,37.021699999999996,72.4695,-87.68413749999996,1.5045250000000001,9.557625000000002,1.6548624999999997,34.9573375,1.2601669955860404,0.13601414769390704
121.55,23.9,230.093,SSP3-7.0,2041-2060,-0.845799999999997,75.7269,-93.22250000000008,1.5527000000000015,10.444400000000002,1.446299999999999,38.212999999999994,73.31635,-99.73530000000005,1.5549874999999993,9.912275000000001,1.4847249999999999,36.1953875,1.2601669955860404,0.19920992806369398
121.55,23.95,240.3488,SSP3-7.0,2041-2060,1.3552999999999997,75.97370000000001,-98.34880000000021,1.7373999999999974,10.620400000000004,1.2814999999999994,37.7065,71.017225,-97.00497500000006,1.5122750000000003,9.77475,1.5245374999999997,34.245112500000005,1.2601669955860404,0.26240570843348543
121.55,24.0,270.0113,SSP3-7.0,2041-2060,6.346000000000004,72.4259,-127.72389999999996,1.4640999999999984,9.294400000000003,1.5204000000000004,34.9152,66.7939375,-88.10666250000003,1.6137000000000006,9.4182875,1.5090374999999998,31.223650000000003,1.2601669955860404,0.32560148880327683
121.55,24.05,304.0508,SSP3-7.0,2041-2060,-13.188199999999995,54.3684,-95.37379999999985,1.7399000000000022,9.0593,1.6889000000000003,21.252200000000002,65.4942,-84.54738750000001,1.5469000000000004,8.2659625,1.3264125,30.565487500000003,1.2601669955860404,0.3887972691730683
121.55,24.1,363.4706,SSP3-7.0,2041-2060,-29.044899999999984,63.7172,-80.24289999999996,1.5283000000000015,6.701900000000002,1.1129999999999995,28.691300000000002,61.704525,-85.08326249999993,1.5255874999999999,7.8094874999999995,1.3331125,27.8943,1.2601669955860404,0.4519930495428597
121.55,24.15,449.7768,SSP3-7.0,2041-2060,-52.58209999999997,60.192299999999996,-98.18989999999985,1.240199999999998,6.346299999999999,1.3258999999999999,27.4109,61.149362499999995,-82.35903750000003,1.3235625,6.650462500000001,1.2550999999999999,27.5108625,1.2601669955860404,0.5151888299126467
121.55,24.2,421.1452,SSP3-7.0,2041-2060,-52.95479999999998,53.5172,-98.61380000000008,1.0462000000000025,6.194399999999998,1.25,24.3978,57.536962499999994,-86.70953749999998,1.1641249999999999,6.42825,1.4175749999999998,25.3443,1.2601669955860404,0.578384610282438
121.55,24.25,339.8152,SSP3-7.0,2041-2060,-39.00830000000002,50.0344,-99.90949999999998,1.0180000000000007,7.288899999999998,1.5443999999999996,21.487000000000002,54.396187499999996,-82.58776250000005,1.0509375000000007,5.756950000000001,1.4921375000000001,23.6894,1.2601669955860404,0.6415803906522295
121.55,24.3,289.102,SSP3-7.0,2041-2060,-16.128499999999974,49.090900000000005,-96.85220000000004,0.9958999999999989,5.0333000000000006,1.5593000000000004,20.5674,52.48271249999999,-71.80909999999997,0.9610250000000011,4.90905,1.5127375,22.4934875,1.2601669955860404,0.704776171022021
121.55,24.35,289.7415,SSP3-7.0,2041-2060,0.10529999999999973,51.481399999999994,-59.92829999999981,0.8135000000000012,2.1499999999999986,1.4852000000000007,21.573900000000002,54.328775,-54.454399999999936,0.9271125000000011,3.5632,1.6333499999999999,23.3801625,1.2601669955860404,0.7679719513918124
121.55,24.4,338.5587,SSP3-7.0,2041-2060,5.458900000000028,59.84780000000001,-30.08109999999988,0.8190000000000026,2.6204,2.2036999999999995,27.463,53.393962499999994,-41.97319999999988,0.902950000000001,2.3937499999999994,1.7574125,23.0154875,1.2601669955860404,0.8311677317615993
121.55,24.45,413.7522,SSP3-7.0,2041-2060,5.770699999999977,48.618399999999994,-28.209699999999884,0.883700000000001,2.8721999999999994,2.2611000000000008,21.1957,51.920537499999995,-47.94431249999985,0.9416750000000009,2.6652750000000003,2.1337875,22.7084125,1.2601669955860404,0.8943635121313908
121.55,24.5,429.3974,SSP3-7.0,2041-2060,3.8508999999999673,45.4804,-51.24369999999999,0.8862999999999985,3.588899999999999,2.3758999999999997,18.8326,51.460975,-37.14088749999985,1.030275000000001,4.286575000000001,2.0976749999999997,23.43425,1.2601669955860404,0.9575592925011822
121.55,24.55,348.8081,SSP3-7.0,2041-2060,5.917599999999993,58.200799999999994,-14.047799999999825,1.1225000000000023,6.183300000000003,1.2443999999999988,27.2522,53.3593875,-25.652812499999925,1.1570749999999999,5.775237500000001,2.0062499999999996,25.5206625,1.2601669955860404,1.0207550728709736
121.55,24.6,312.6147,SSP3-7.0,2041-2060,8.84209999999996,61.0529,15.873999999999796,1.3506999999999998,7.9833,1.8629999999999995,30.776099999999996,58.4150625,-17.095687499999883,1.1571625,6.763662500000001,1.3090124999999997,29.1353375,1.2601669955860404,1.0839508532407651
121.55,24.65,274.1065,SSP3-7.0,2041-2060,21.04860000000002,61.88380000000001,-56.18719999999985,0.8222999999999985,6.824099999999998,0.7906999999999993,32.062999999999995,58.3650125,-59.3416125,1.0765249999999997,7.180775000000001,0.6030125,29.4725625,1.2601669955860404,1.147146633610552
121.55,24.7,255.6028,SSP3-7.0,2041-2060,18.010100000000023,57.7455,-151.9590000000003,0.7733999999999988,6.829599999999999,-0.5407000000000011,29.5326,57.973,-100.53053749999987,0.8520624999999997,7.003925,0.18401250000000013,29.7239125,1.2601669955860404,1.2103424139803434
121.55,24.75,270.7445,SSP3-7.0,2041-2060,19.529999999999973,57.9061,-136.60519999999997,0.916999999999998,7.218499999999999,-0.9721999999999991,30.9043,56.958975,-140.18149999999991,0.7069124999999996,6.679625,-0.23287499999999994,29.8845125,1.2601669955860404,1.273538194350135
121.55,24.8,274.097,SSP3-7.0,2041-2060,13.660300000000007,56.0754,-147.98119999999972,0.671599999999998,6.666700000000002,-1.2889,31.021700000000003,57.0476875,-165.9666749999999,0.5813875,6.288187499999999,0.04582500000000023,31.345374999999997,1.2601669955860404,1.3367339747199263
121.55,24.85,277.8704,SSP3-7.0,2041-2060,-1.902900000000045,55.44590000000001,-227.45969999999988,0.07870000000000132,5.5,0.06109999999999971,31.999999999999996,54.623325,-201.02971249999996,0.3672499999999994,6.128475,0.08911249999999993,30.9258,1.2601669955860404,1.3999297550897176
121.55,24.9,245.9151,SSP3-7.0,2041-2060,-4.47059999999999,51.71660000000001,-268.6496000000002,-0.18599999999999994,5.946300000000001,0.8110999999999997,29.613,52.8921875,-251.52167500000002,0.05327500000000018,6.3173625,0.025924999999999976,31.211399999999998,1.2601669955860404,1.4631255354595045
121.55,24.95,202.4474,SSP3-7.0,2041-2060,-2.3249999999999886,51.278099999999995,-287.5327000000002,-0.3067999999999991,7.127800000000001,-0.6443999999999992,31.912999999999997,51.75075,-259.9811000000001,-0.01431249999999995,7.2083375,0.4178249999999999,31.1334125,1.2601669955860404,1.526321315829296
121.55,25.0,190.5201,SSP3-7.0,2041-2060,-8.317800000000005,52.552600000000005,-229.1509000000001,0.23659999999999926,8.892599999999998,0.4074000000000009,33.3804,52.5770375,-237.14045000000004,0.05016250000000033,7.795137499999999,0.3490875,32.5548875,1.2601669955860404,1.5895170961990874
121.55,25.05,191.5299,SSP3-7.0,2041-2060,-6.372899999999987,53.6383,-159.7784999999999,0.3663999999999987,8.807400000000001,0.7295999999999996,34.6196,54.4767375,-183.03440000000003,0.2787625,8.1085625,0.606025,34.390475,1.2601669955860404,1.652712876568879
121.55,25.1,186.7833,SSP3-7.0,2041-2060,2.3462000000000103,56.0567,-98.90139999999997,0.37900000000000134,6.5093,0.5314999999999994,36.9478,56.546,-163.59425,0.339424999999999,7.5090125,0.17707500000000032,35.6845,1.2601669955860404,1.7159086569386703
121.55,25.15,265.0967,SSP3-7.0,2041-2060,2.6403000000000247,57.30910000000001,-85.57369999999992,0.7077999999999989,5.668500000000002,-0.6740999999999993,36.054300000000005,58.10028750000001,-240.37463749999995,-0.039562500000001055,6.7749999999999995,-0.5502374999999997,36.377425,1.2601669955860404,1.7791044373084572
121.55,25.2,258.9274,SSP3-7.0,2041-2060,-1.991899999999987,57.256499999999996,-321.5119999999997,-0.2637999999999998,5.246299999999998,-1.7574000000000005,35.123900000000006,59.23350000000001,-319.0801375,-0.3970250000000015,6.397,-1.1282499999999998,36.290475,1.2601669955860404,1.8423002176782488
121.55,25.25,189.9007,SSP3-7.0,2041-2060,2.6784999999999854,59.7445,-449.4809,-1.035499999999999,6.4593000000000025,-1.763,36.312999999999995,59.0641875,-330.0881999999999,-0.5320375000000013,5.954175000000001,-1.2768499999999998,35.6432,1.2601669955860404,1.9054959980480402
121.55,25.3,158.4971,SSP3-7.0,2041-2060,7.554699999999997,59.6291,-215.79029999999966,-0.33300000000000196,5.679600000000001,-1.1425999999999998,36.132600000000004,58.666737499999996,-348.218925,-0.5755000000000008,6.036812500000001,-1.2550999999999999,35.3570625,1.2601669955860404,1.9686917784178315
121.6,21.95,197.4578,SSP3-7.0,2041-2060,7.475300000000004,78.234,-80.17569999999978,0.09809999999999874,5.449999999999999,4.335199999999999,34.7065,90.0849375,-156.63688750000006,0.6248000000000005,13.3088,3.1854374999999995,46.1942875,1.3658608356672617,-2.265425506358136
121.6,22.0,183.9167,SSP3-7.0,2041-2060,8.921800000000019,84.50710000000001,-62.44939999999997,0.1247000000000007,5.801900000000002,4.1204,37.70869999999999,89.30080000000001,-158.85267500000003,0.6214750000000002,13.264812499999998,3.2122874999999995,45.8190125,1.3658608356672617,-2.2022297259883445
121.6,23.85,204.8463,SSP3-7.0,2041-2060,12.536999999999978,72.78559999999999,-72.9348,1.4480000000000004,10.031500000000001,1.6296000000000008,36.7783,73.89095,-102.21649999999997,1.4636,9.546975,1.5451499999999996,36.477175,1.3658608356672617,0.13601414769390704
121.6,23.9,210.4865,SSP3-7.0,2041-2060,9.108000000000004,73.9107,-92.41009999999983,1.3503000000000007,11.511099999999999,1.8111000000000006,36.5522,74.10001249999999,-87.55842500000006,1.5116249999999996,9.690275,1.452775,37.04944999999999,1.3658608356672617,0.19920992806369398
121.6,23.95,217.6648,SSP3-7.0,2041-2060,11.916399999999982,76.2696,-65.27219999999988,1.4491000000000014,10.161100000000001,1.5648,38.2457,72.9917625,-88.69417500000009,1.4668124999999996,10.212950000000001,1.6180499999999998,36.14755,1.3658608356672617,0.26240570843348543
121.6,24.0,232.4058,SSP3-7.0,2041-2060,12.062000000000012,73.29919999999998,-37.46590000000015,1.1493000000000002,9.136999999999997,1.5944000000000003,37.2239,69.0157375,-86.2190875,1.5181625000000003,9.788187500000001,1.6571874999999998,32.7655,1.3658608356672617,0.32560148880327683
121.6,24.05,270.6114,SSP3-7.0,2041-2060,-8.295299999999997,73.5996,-86.26119999999992,1.5426000000000002,10.3796,1.8518999999999988,35.317400000000006,68.81616249999999,-77.91967499999998,1.4069125000000002,9.24675,1.6261625000000002,33.1826125,1.3658608356672617,0.3887972691730683
121.6,24.1,329.3079,SSP3-7.0,2041-2060,-22.72320000000002,71.20139999999999,-105.96839999999997,1.4308999999999976,8.988900000000001,1.5167000000000002,34.85,67.054025,-84.97541249999992,1.4343875000000006,9.085175,1.607175,31.2945875,1.3658608356672617,0.4519930495428597
121.6,24.15,347.4789,SSP3-7.0,2041-2060,-24.84790000000004,64.517,-115.25430000000006,1.2726000000000006,9.875899999999998,1.6296000000000008,28.186999999999998,65.1768625,-82.94193749999994,1.3850250000000002,8.1618,1.532875,30.2551625,1.3658608356672617,0.5151888299126467
121.6,24.2,361.3219,SSP3-7.0,2041-2060,-28.527000000000044,59.1096,-70.36079999999993,1.2409,7.0519,1.6777999999999995,25.747799999999998,59.242887499999995,-67.90888749999999,1.3320625000000001,7.748362499999999,1.5722,26.19865,1.3658608356672617,0.578384610282438
121.6,24.25,343.2496,SSP3-7.0,2041-2060,-23.683299999999974,51.7245,3.141499999999951,1.5694000000000017,6.1815,1.6796000000000006,21.602199999999996,54.386787500000004,-30.473025000000035,1.250525,6.0222125,1.744675,23.204612500000003,1.3658608356672617,0.6415803906522295
121.6,24.3,326.3621,SSP3-7.0,2041-2060,-1.8127000000000066,52.637,108.15589999999997,1.4675000000000011,4.485199999999999,2.5574000000000012,22.517400000000002,53.9183375,-13.929712499999994,1.1792499999999997,4.439349999999999,1.717825,22.8682125,1.3658608356672617,0.704776171022021
121.6,24.35,329.0514,SSP3-7.0,2041-2060,-1.5201000000000136,57.3769,52.86940000000004,1.1283999999999992,2.0814999999999984,2.1204,24.8935,56.591325,2.3490875000000244,1.1150875000000005,3.1090250000000004,1.8754750000000002,24.497275000000002,1.3658608356672617,0.7679719513918124
121.6,24.4,358.1433,SSP3-7.0,2041-2060,2.431699999999978,61.8099,22.772199999999884,1.1049000000000007,0.44069999999999965,1.8167000000000009,27.6326,57.405950000000004,-9.973274999999916,1.0212875000000001,2.9166749999999992,1.9796375000000002,25.2032625,1.3658608356672617,0.8311677317615993
121.6,24.45,401.4136,SSP3-7.0,2041-2060,2.3687000000000467,58.7103,0.5369000000000597,0.9789999999999992,2.3740999999999985,2.6333,26.6826,52.3703875,-21.738225,1.0079250000000002,3.1856375,2.0694500000000002,22.719825,1.3658608356672617,0.8943635121313908
121.6,24.5,433.8064,SSP3-7.0,2041-2060,3.4787999999999784,41.0038,-22.505299999999806,0.9692000000000007,3.5222000000000016,3.0147999999999993,17.747799999999998,51.859425,-20.8909625,1.0366,4.5391125,1.9013875000000002,22.724737499999996,1.3658608356672617,0.9575592925011822
121.6,24.55,376.8988,SSP3-7.0,2041-2060,5.69380000000001,47.0396,-8.092299999999796,1.1022999999999996,5.838900000000002,1.5389,20.686999999999998,53.0186375,-17.503725000000088,1.163475,5.7687375,1.7800874999999998,24.720100000000002,1.3658608356672617,1.0207550728709736
121.6,24.6,322.8684,SSP3-7.0,2041-2060,16.162599999999998,60.2859,-9.49980000000005,1.366299999999999,6.8889,1.3259000000000007,30.6,58.319075,-19.20051250000006,1.1883875000000002,6.7326250000000005,1.0391124999999994,28.7847875,1.3658608356672617,1.0839508532407651
121.6,24.65,286.5627,SSP3-7.0,2041-2060,19.9289,61.0556,-41.796299999999974,1.2515999999999998,7.444400000000002,0.5499999999999989,31.5696,60.766112500000006,-83.21811250000013,1.0424999999999995,6.993274999999999,0.17869999999999964,31.297824999999996,1.3658608356672617,1.147146633610552
121.6,24.7,260.2413,SSP3-7.0,2041-2060,2.197900000000004,60.1692,-240.59889999999996,0.6045000000000016,7.399999999999999,-1.5,31.445700000000002,59.93537499999999,-135.33548750000006,0.824574999999999,6.9546125,-0.2523125000000004,31.174725,1.3658608356672617,1.2103424139803434
121.6,24.75,281.6095,SSP3-7.0,2041-2060,-3.013400000000047,57.681999999999995,-201.9042999999997,0.6057999999999986,7.6426,-0.25929999999999964,29.8174,57.9866875,-189.05298750000003,0.6265499999999999,6.827075000000001,-0.7745250000000001,30.6557,1.3658608356672617,1.273538194350135
121.6,24.8,281.1558,SSP3-7.0,2041-2060,-4.119899999999973,56.40410000000001,-180.42259999999987,0.5889000000000024,6.961100000000002,-1.0685000000000002,30.199999999999996,55.82215,-200.38176249999998,0.4858999999999991,6.3662125,-0.42200000000000015,30.552149999999997,1.3658608356672617,1.3367339747199263
121.6,24.85,272.1187,SSP3-7.0,2041-2060,-0.8528999999999769,53.3083,-259.3254000000002,0.34869999999999735,6.235199999999999,-0.17779999999999951,31.313000000000002,53.1473625,-207.6592,0.25717500000000015,6.140512500000001,-0.2430625000000004,29.751875000000002,1.3658608356672617,1.3999297550897176
121.6,24.9,251.0524,SSP3-7.0,2041-2060,-4.98090000000002,48.4812,-283.3264000000004,-0.19420000000000215,5.953700000000001,0.44259999999999877,28.6978,50.9788375,-253.09572500000007,-0.08081249999999995,6.0472375,-0.2088000000000001,29.577425,1.3658608356672617,1.4631255354595045
121.6,24.95,228.8761,SSP3-7.0,2041-2060,0.8238000000000056,47.0555,-359.87040000000025,-0.7260999999999989,6.305599999999998,-0.6574000000000009,27.95,50.12904999999999,-260.19717500000013,-0.10546250000000024,6.78195,0.20417500000000022,29.8312375,1.3658608356672617,1.526321315829296
121.6,25.0,212.0405,SSP3-7.0,2041-2060,-3.0663000000000125,51.125499999999995,-314.1550000000002,-0.16329999999999956,8.6463,0.3130000000000006,31.078300000000002,51.526062499999995,-249.18422500000008,-0.058337500000000375,7.2257,0.054175000000000084,31.55435,1.3658608356672617,1.5895170961990874
121.6,25.05,211.386,SSP3-7.0,2041-2060,-4.439300000000003,54.4801,-241.3755000000001,0.11929999999999907,8.0259,0.4778000000000002,34.2761,53.874587500000004,-213.10982500000003,0.17337499999999917,7.545375,0.2282375000000001,33.672825,1.3658608356672617,1.652712876568879
121.6,25.1,195.5677,SSP3-7.0,2041-2060,4.198599999999999,56.66380000000001,-165.57990000000018,0.4045999999999985,7.7148,0.4944000000000006,35.4739,55.6795125,-250.2532125,0.01758749999999898,6.9530125,-0.36181249999999987,34.928799999999995,1.3658608356672617,1.7159086569386703
121.6,25.15,243.72,SSP3-7.0,2041-2060,3.937000000000012,56.5814,-378.3710000000001,-0.30840000000000245,6.5426,-1.3629999999999995,35.6609,56.854625,-308.9153125,-0.28928750000000125,6.310425,-0.7576499999999997,35.25705,1.3658608356672617,1.7791044373084572
121.6,25.2,221.5467,SSP3-7.0,2041-2060,-3.6400999999999897,57.7666,-555.6621,-1.4818000000000033,6.175900000000002,-1.605599999999999,34.7565,57.611225000000005,-377.08731249999994,-0.6159250000000012,6.100475,-1.314825,35.2,1.3658608356672617,1.8423002176782488
121.6,25.25,184.373,SSP3-7.0,2041-2060,0.5906999999999982,59.0637,-521.2824999999998,-1.5069000000000017,6.055600000000002,-1.7741000000000007,35.0522,58.2612625,-353.66739999999993,-0.6531875000000014,6.172912500000001,-1.2152749999999999,35.289950000000005,1.3658608356672617,1.9054959980480402
121.6,25.3,165.5419,SSP3-7.0,2041-2060,2.3292000000000144,57.9778,-315.09180000000015,-0.7470999999999997,6.225900000000003,-0.9295999999999989,34.73479999999999,58.635287500000004,-352.73233749999986,-0.6364875000000012,5.979637500000001,-1.333575,35.4067875,1.3658608356672617,1.9686917784178315
121.65,24.0,214.1692,SSP3-7.0,2041-2060,11.802100000000024,70.966,-51.75410000000011,1.3340999999999994,10.818500000000004,2.1758999999999995,35.73910000000001,73.15719999999999,-79.99126249999995,1.3743750000000001,9.9307625,1.6574125000000002,36.2367,1.4715546757485132,0.32560148880327683
121.65,24.05,230.0174,SSP3-7.0,2041-2060,9.657099999999986,70.75,-52.928300000000036,1.1461000000000006,9.590699999999998,1.6352000000000002,35.637,69.6549125,-80.45382499999997,1.4343500000000002,9.8733625,1.7587875,33.3038125,1.4715546757485132,0.3887972691730683
121.65,24.1,254.4267,SSP3-7.0,2041-2060,-0.5423000000000116,73.8012,-71.90009999999984,1.462600000000002,10.383299999999998,1.764800000000001,37.1522,69.32839999999999,-78.83359999999999,1.4232125,9.497900000000001,1.6921374999999999,32.7766375,1.4715546757485132,0.4519930495428597
121.65,24.15,260.1308,SSP3-7.0,2041-2060,2.384999999999991,75.4865,-79.65279999999984,1.5427999999999997,10.3444,1.8480999999999996,36.7087,66.9398375,-70.71543750000001,1.3868874999999998,8.8722125,1.6706000000000003,31.200275,1.4715546757485132,0.5151888299126467
121.65,24.2,290.2077,SSP3-7.0,2041-2060,-6.90949999999998,64.3895,-58.60680000000002,1.5883000000000003,9.283300000000004,1.7667000000000002,27.0826,65.6269375,-63.28526249999999,1.4437000000000002,8.405787499999999,1.7094750000000003,30.120112499999998,1.4715546757485132,0.578384610282438
121.65,24.25,300.6087,SSP3-7.0,2041-2060,-10.332299999999975,54.0817,3.8144999999999527,1.3789999999999978,6.472199999999997,1.5333000000000006,22.712999999999997,60.472387499999996,-22.495525000000043,1.4476875000000007,6.464825000000001,1.8877375,26.401362499999998,1.4715546757485132,0.6415803906522295
121.65,24.3,313.9771,SSP3-7.0,2041-2060,-7.129400000000032,52.234,68.58849999999984,1.2683999999999997,2.3685000000000045,2.0684999999999993,21.123900000000003,58.6523625,-0.20129999999997494,1.342975,5.206949999999999,1.8319625000000002,25.2603375,1.4715546757485132,0.704776171022021
121.65,24.35,348.9838,SSP3-7.0,2041-2060,-12.663299999999992,65.3229,16.838400000000092,1.2613999999999983,3.9389000000000003,1.7518999999999991,28.984799999999996,57.206175,12.05283750000001,1.2188000000000003,3.6319375,1.8546500000000001,24.51875,1.4715546757485132,0.7679719513918124
121.65,24.4,363.9797,SSP3-7.0,2041-2060,-10.593899999999962,60.3067,-10.70069999999987,1.190100000000001,3.8352000000000004,1.5610999999999997,26.1152,59.52655,-6.435937499999966,1.1322999999999994,3.4506874999999995,1.7972500000000002,26.083149999999996,1.4715546757485132,0.8311677317615993
121.65,24.45,377.9533,SSP3-7.0,2041-2060,-3.310699999999997,57.583200000000005,-21.11110000000008,1.0951999999999984,3.4610999999999983,1.8204000000000011,24.717399999999998,52.941625,-19.845649999999978,1.1145625,3.7534625,1.8294125,22.9681875,1.4715546757485132,0.8943635121313908
121.65,24.5,398.5396,SSP3-7.0,2041-2060,-1.771600000000035,44.3129,-32.826400000000376,1.1149999999999984,5.144400000000001,1.501900000000001,18.054299999999998,52.537462500000004,-26.03907499999991,1.07335,4.7370375000000005,1.8340375000000002,23.275824999999998,1.4715546757485132,0.9575592925011822
121.65,24.55,427.1516,SSP3-7.0,2041-2060,-0.22589999999996735,54.92980000000001,-12.133600000000115,1.1088000000000022,6.850000000000001,1.8352000000000004,24.3761,51.926275000000004,-35.879887499999995,1.1137124999999997,5.5527750000000005,1.3967625000000001,24.320375,1.4715546757485132,1.0207550728709736
121.65,24.6,341.5363,SSP3-7.0,2041-2060,30.372500000000002,58.882600000000004,-13.647200000000339,1.3889999999999993,5.9888999999999974,1.0795999999999992,30.121700000000004,58.9038375,-54.65153750000002,1.1084125,6.5763750000000005,0.59375,29.1492,1.4715546757485132,1.0839508532407651
121.65,24.65,255.9377,SSP3-7.0,2041-2060,22.088899999999967,63.5075,-23.573700000000372,1.3598999999999997,6.748100000000001,-0.5889000000000006,33.432599999999994,61.367824999999996,-110.06655000000006,1.0141375000000004,6.8324,-0.08403749999999999,31.76985,1.4715546757485132,1.147146633610552
121.65,24.7,239.1876,SSP3-7.0,2041-2060,1.2308999999999912,62.601499999999994,-186.1531,0.6738999999999997,7.2833000000000006,-1.0,32.4109,60.984849999999994,-151.7927375000001,0.8455874999999997,6.8942,-0.3208375000000001,31.909525,1.4715546757485132,1.2103424139803434
121.65,24.75,251.2344,SSP3-7.0,2041-2060,-10.633899999999983,57.101,-284.5051000000003,0.19269999999999854,5.6463,0.0018999999999991246,29.667399999999997,59.464887499999996,-168.8492875,0.7048375000000004,6.8909625000000005,-0.46204999999999985,31.3309875,1.4715546757485132,1.273538194350135
121.65,24.8,277.4363,SSP3-7.0,2041-2060,-3.52109999999999,55.8907,-184.19880000000012,0.5904000000000025,6.611099999999999,0.17220000000000013,30.063000000000002,56.54495,-176.20002500000004,0.5389499999999989,6.2532375,-0.2777875000000003,30.489937499999996,1.4715546757485132,1.3367339747199263
121.65,24.85,311.7786,SSP3-7.0,2041-2060,-6.570699999999988,53.1678,-161.07439999999997,0.4822999999999986,5.409300000000002,-0.913000000000002,29.6304,52.9667375,-178.08905000000004,0.38936249999999983,6.28795,-0.2088000000000001,29.4869375,1.4715546757485132,1.3999297550897176
121.65,24.9,257.8623,SSP3-7.0,2041-2060,-2.608699999999999,47.99719999999999,-208.16089999999986,0.0257000000000005,6.075899999999999,-0.16109999999999935,26.789100000000005,50.244524999999996,-210.6774625000001,0.14529999999999932,6.179874999999999,-0.24722500000000025,28.8877625,1.4715546757485132,1.4631255354595045
121.65,24.95,233.9441,SSP3-7.0,2041-2060,-1.1296999999999855,47.86129999999999,-252.69270000000006,-0.36299999999999955,5.777799999999999,0.011100000000000776,27.4109,49.20462499999999,-241.18253750000008,0.04997499999999944,6.7051,-0.11735000000000007,28.7342375,1.4715546757485132,1.526321315829296
121.65,25.0,229.1821,SSP3-7.0,2041-2060,5.489699999999999,50.01989999999999,-237.90920000000006,0.10729999999999862,5.8352,0.45369999999999955,29.7674,51.042775,-241.24000000000007,0.04724999999999957,7.033575000000001,-0.28539999999999965,30.3046375,1.4715546757485132,1.5895170961990874
121.65,25.05,220.8446,SSP3-7.0,2041-2060,5.520299999999992,55.3227,-225.1639,0.0995999999999988,7.0333000000000006,-0.34440000000000026,33.1174,53.136112499999996,-217.28661250000005,0.20838749999999928,7.0055625,-0.09027499999999966,32.3057125,1.4715546757485132,1.652712876568879
121.65,25.1,207.0185,SSP3-7.0,2041-2060,8.107100000000003,55.6172,-274.23979999999983,-0.04320000000000235,6.924099999999999,-0.7592999999999996,34.9978,55.359825,-246.95120000000009,0.04667499999999958,6.5916625,-0.4020749999999995,33.71875,1.4715546757485132,1.7159086569386703
121.65,25.15,218.6738,SSP3-7.0,2041-2060,5.906100000000009,56.4306,-538.6219000000001,-1.1798000000000002,6.1129999999999995,-1.4925999999999995,33.7565,56.383900000000004,-287.5994375000001,-0.18822500000000097,6.208324999999999,-0.5090374999999996,34.4633125,1.4715546757485132,1.7791044373084572
121.65,25.2,190.889,SSP3-7.0,2041-2060,0.5603999999999871,57.7365,-431.2317000000003,-0.8371000000000031,6.131499999999999,-0.7980999999999998,34.9457,56.83035,-363.29662499999995,-0.5780000000000012,6.1532374999999995,-0.9983999999999997,34.56303750000001,1.4715546757485132,1.8423002176782488
121.65,25.25,171.5283,SSP3-7.0,2041-2060,1.9447000000000116,56.7675,-290.6247999999996,-0.503700000000002,6.587,-0.8963000000000001,34.6935,57.6419375,-394.86772500000006,-0.7985500000000005,5.9986125,-1.0574124999999996,34.6432,1.4715546757485132,1.9054959980480402
121.7,24.2,275.0358,SSP3-7.0,2041-2060,0.15190000000001191,77.6683,-94.51930000000016,1.5747,9.331499999999998,1.8407,38.2326,65.83215,-66.78008749999998,1.4873625000000006,8.0701375,1.7039374999999999,30.1837,1.5772485158297345,0.578384610282438
121.7,24.25,277.3466,SSP3-7.0,2041-2060,-3.6964000000000397,68.6267,-81.55079999999998,1.5076,7.605600000000003,1.7018999999999993,30.617400000000004,64.481375,-49.53145000000006,1.4687875000000004,6.7293875,1.71505,29.25625,1.5772485158297345,0.6415803906522295
121.7,24.3,295.0345,SSP3-7.0,2041-2060,-7.554299999999955,57.38949999999999,-54.812400000000025,1.3647000000000027,5.411099999999998,1.8092999999999995,24.287,64.452875,-39.560137499999996,1.3858999999999995,6.0488375,1.6956124999999997,29.125,1.5772485158297345,0.704776171022021
121.7,24.35,335.7223,SSP3-7.0,2041-2060,-11.92840000000001,62.0597,-50.066899999999805,1.0657999999999994,5.479600000000001,1.501900000000001,26.467399999999998,61.2796,-27.59081249999997,1.27975,4.9428125000000005,1.6900624999999994,27.1983625,1.5772485158297345,0.7679719513918124
121.7,24.4,358.8934,SSP3-7.0,2041-2060,-10.328499999999963,53.8357,-40.38329999999996,1.1605999999999987,4.953699999999998,1.4018999999999995,23.113,62.4034125,-29.312737499999912,1.2045874999999997,4.8481375,1.5622874999999998,27.704349999999998,1.5772485158297345,0.8311677317615993
121.7,24.45,364.1507,SSP3-7.0,2041-2060,-9.797499999999957,59.5138,-32.94309999999996,1.2631000000000014,4.8759000000000015,1.3315000000000001,26.1739,56.07362500000001,-34.74957499999999,1.1963624999999998,4.827999999999999,1.4176125,24.6671125,1.5772485158297345,0.8943635121313908
121.7,24.5,374.8033,SSP3-7.0,2041-2060,-8.520199999999988,44.03990000000001,-42.71549999999979,1.134599999999999,4.881499999999999,1.3741000000000003,18.226100000000002,57.181775,-36.82041250000003,1.1378875000000002,5.5793875,1.3699250000000003,25.8549,1.5772485158297345,0.9575592925011822
121.7,24.55,416.0153,SSP3-7.0,2041-2060,-2.2069000000000187,57.47930000000001,-69.3485999999998,0.9345999999999997,6.092600000000001,1.1241000000000003,27.595699999999997,55.2983625,-42.05420000000004,1.1049250000000002,5.9678125,1.0629625000000003,25.8983625,1.5772485158297345,1.0207550728709736
121.7,24.6,327.1352,SSP3-7.0,2041-2060,25.680000000000007,62.3662,-88.404,0.8987000000000016,6.064800000000002,0.21480000000000032,31.5304,60.1256375,-75.72248750000006,0.9720875000000002,6.365724999999999,0.4025375,30.0497375,1.5772485158297345,1.0839508532407651
121.7,24.65,278.3812,SSP3-7.0,2041-2060,4.694999999999993,64.5668,-184.36400000000003,0.8450999999999986,6.683299999999999,-1.25,33.4022,61.8610125,-99.11146250000013,0.9215000000000009,6.363175,-0.03057500000000002,32.231525000000005,1.5772485158297345,1.147146633610552
121.7,24.7,241.0741,SSP3-7.0,2041-2060,-1.265199999999993,61.0148,-116.06910000000016,1.0840000000000032,6.9056,-0.09259999999999913,33.0783,62.0069625,-150.35880000000014,0.6808624999999995,6.330525,-0.21528750000000008,32.6712,1.5772485158297345,1.2103424139803434
121.7,24.75,229.8429,SSP3-7.0,2041-2060,-14.14269999999999,62.7819,-121.5305000000003,0.8210999999999977,6.683300000000003,0.5722000000000005,32.863,60.178025,-146.14623750000004,0.6721500000000002,6.162487499999999,-0.0013999999999998458,32.129900000000006,1.5772485158297345,1.273538194350135
121.7,24.8,247.45,SSP3-7.0,2041-2060,-7.5335999999999785,59.174899999999994,-119.91699999999992,0.6700999999999979,5.640699999999999,-0.5204000000000004,30.769599999999997,57.578562500000004,-132.67863750000004,0.6079999999999997,5.763887499999999,0.2023124999999999,31.2402,1.5772485158297345,1.3367339747199263
121.7,24.85,271.1531,SSP3-7.0,2041-2060,2.855700000000013,52.7396,-80.92090000000007,0.6020000000000003,5.807399999999998,0.14259999999999984,29.658700000000003,54.091274999999996,-130.57236249999994,0.5592875000000004,5.6317125,-0.17015000000000002,29.7266125,1.5772485158297345,1.3999297550897176
121.7,24.9,277.5127,SSP3-7.0,2041-2060,-2.9227000000000203,49.7379,-108.44039999999995,0.48329999999999984,7.018500000000001,-0.5,28.404300000000003,50.47319999999999,-159.7107125,0.40367500000000023,5.5840375,-0.27429999999999977,28.414675000000003,1.5772485158297345,1.4631255354595045
121.7,24.95,261.6735,SSP3-7.0,2041-2060,3.9406000000000176,49.60459999999999,-179.76909999999998,0.529399999999999,6.9315,-0.32589999999999897,28.037,49.0891,-207.751175,0.26465000000000005,6.09445,-0.5291624999999995,28.2179375,1.5772485158297345,1.526321315829296
121.7,25.0,245.8166,SSP3-7.0,2041-2060,10.643100000000004,49.6152,-237.82889999999998,0.3376999999999981,6.874100000000002,-0.5037000000000003,29.15,50.953224999999996,-214.41048750000004,0.2557749999999994,6.336575,-0.8909499999999992,29.520675000000004,1.5772485158297345,1.5895170961990874
121.7,25.05,221.6028,SSP3-7.0,2041-2060,22.74279999999999,53.277300000000004,-119.06449999999995,0.5443999999999996,6.674100000000003,-1.2536999999999985,31.4174,52.999075000000005,-224.19577500000003,0.2002749999999991,6.18125,-0.8386374999999997,31.13425,1.5772485158297345,1.652712876568879
121.7,25.1,199.8942,SSP3-7.0,2041-2060,12.873099999999994,54.2899,-148.14010000000007,0.3603000000000023,5.349999999999998,0.055600000000000094,32.2848,55.3142625,-228.17850000000004,0.07048749999999915,5.914575,-0.8515999999999995,32.577712500000004,1.5772485158297345,1.7159086569386703
121.7,25.15,183.4885,SSP3-7.0,2041-2060,9.653900000000021,55.83279999999999,-159.29280000000017,0.33340000000000103,5.2795999999999985,0.2093000000000007,33.763,56.435249999999996,-249.05436250000008,-0.05368750000000011,5.522912499999999,-0.4113374999999997,33.1263625,1.5772485158297345,1.7791044373084572
121.7,25.2,173.4387,SSP3-7.0,2041-2060,8.155599999999993,56.583000000000006,-188.2781,0.06640000000000157,5.548099999999998,-0.3056000000000001,33.8239,56.64255,-293.10390000000007,-0.2768875000000004,5.6043875,-0.42892499999999956,33.4366875,1.5772485158297345,1.8423002176782488
121.75,24.25,262.9529,SSP3-7.0,2041-2060,5.816800000000001,73.77250000000001,-121.17150000000015,1.8130000000000024,8.009299999999996,1.5296000000000003,37.1609,67.0427,-64.2357125,1.4594874999999998,7.7060125,1.7347249999999999,30.895112500000003,1.6829423559109558,0.6415803906522295
121.75,24.3,280.3745,SSP3-7.0,2041-2060,5.809699999999964,74.2558,-89.47770000000014,1.6964000000000006,7.479599999999998,1.670399999999999,36.982600000000005,65.8059875,-56.118187499999976,1.3507250000000002,6.437962500000001,1.6979250000000001,30.45545,1.6829423559109558,0.704776171022021
121.75,24.35,323.1967,SSP3-7.0,2041-2060,0.424699999999973,65.2697,-63.45559999999978,1.0955999999999975,7.037000000000003,1.8073999999999995,28.95,65.89193750000001,-57.067475,1.2341875000000004,5.919437499999999,1.5750250000000001,31.18805,1.6829423559109558,0.7679719513918124
121.75,24.4,357.6013,SSP3-7.0,2041-2060,-6.322599999999966,61.62250000000001,-47.32369999999992,1.200800000000001,4.5184999999999995,1.4499999999999993,28.030399999999997,65.42387500000001,-45.559099999999944,1.1804375,5.783325,1.493775,30.733425000000004,1.6829423559109558,0.8311677317615993
121.75,24.45,339.8916,SSP3-7.0,2041-2060,-4.617899999999963,67.5488,-25.739199999999983,1.4647000000000006,5.6389,1.274099999999999,32.1957,60.6168375,-52.91158749999994,1.1472625000000005,5.492824999999999,1.3893625,28.148362499999998,1.6829423559109558,0.8943635121313908
121.75,24.5,338.6862,SSP3-7.0,2041-2060,-11.31959999999998,59.33930000000001,-57.196699999999964,1.209900000000001,6.1907,0.9573999999999998,26.884800000000002,59.961312500000005,-59.48782499999987,1.0929875000000004,5.885199999999999,1.3088000000000002,28.342125000000003,1.6829423559109558,0.9575592925011822
121.75,24.55,384.9637,SSP3-7.0,2041-2060,10.44380000000001,56.747099999999996,-43.26459999999997,0.9117999999999995,6.381499999999999,1.1148000000000007,26.8413,58.84195000000001,-66.24118749999985,0.9981875000000002,5.862275,0.9229125000000002,28.2535375,1.6829423559109558,1.0207550728709736
121.75,24.6,318.566,SSP3-7.0,2041-2060,20.336600000000033,61.7691,-46.24559999999974,1.0716,6.2407,0.4259000000000004,31.152200000000004,61.152437500000005,-90.53013749999991,0.8353250000000001,5.889125,0.40856250000000016,30.848374999999997,1.6829423559109558,1.0839508532407651
121.75,24.65,279.9552,SSP3-7.0,2041-2060,-6.718000000000018,63.1229,-213.20260000000007,0.1559000000000026,5.9407,-0.5204000000000004,33.4761,62.5409875,-82.90233749999999,1.0050875000000001,6.169437500000001,0.1590250000000002,32.44485,1.6829423559109558,1.147146633610552
121.75,24.7,227.1843,SSP3-7.0,2041-2060,-1.1324000000000183,61.6235,-105.59640000000036,0.7390000000000008,5.7333,0.2370000000000001,32.650000000000006,62.634862500000004,-116.25642499999998,0.8102624999999999,6.2324,0.10740000000000016,33.144850000000005,1.6829423559109558,1.2103424139803434
121.75,24.75,201.423,SSP3-7.0,2041-2060,-4.339300000000009,60.7506,-83.94499999999971,0.6592999999999982,5.925899999999999,0.8259000000000007,33.4674,62.148575,-100.4982,0.8534000000000002,6.0581,0.24836250000000026,32.9521875,1.6829423559109558,1.273538194350135
121.75,24.8,217.8323,SSP3-7.0,2041-2060,-7.653999999999996,63.2672,-88.78539999999975,0.7678000000000011,5.553699999999999,0.3648000000000007,34.9326,59.960162499999996,-88.42342499999995,0.7798374999999993,5.578474999999999,0.30925000000000025,32.1638625,1.6829423559109558,1.3367339747199263
121.75,24.85,258.6382,SSP3-7.0,2041-2060,2.026200000000017,54.929700000000004,-56.46900000000005,0.7484000000000002,4.4741,0.4519000000000002,29.6391,56.156124999999996,-102.18091249999992,0.7018000000000004,5.2502375,-0.009962499999999874,30.804900000000004,1.6829423559109558,1.3999297550897176
121.75,24.9,295.6983,SSP3-7.0,2041-2060,-2.5558000000000334,48.5648,-117.5329999999999,0.7063000000000024,4.270400000000002,-0.2555999999999994,27.5848,51.909475,-151.78193750000003,0.5112875000000003,5.293987499999999,-0.22937499999999988,28.9779875,1.6829423559109558,1.4631255354595045
121.75,24.95,291.636,SSP3-7.0,2041-2060,-1.3927000000000476,48.9206,-221.0657000000001,0.4983000000000004,5.925899999999999,-1.1443999999999992,28.567400000000003,49.6055,-218.22917499999994,0.3052250000000005,5.619225,-0.6962874999999997,28.0948375,1.6829423559109558,1.526321315829296
121.75,25.0,272.5216,SSP3-7.0,2041-2060,2.0112000000000307,49.995900000000006,-278.3786,0.3216000000000001,6.9777999999999984,-2.1332999999999984,28.0696,51.061212499999996,-235.8288875,0.24542499999999956,5.8076375,-1.0958124999999994,29.323375000000002,1.6829423559109558,1.5895170961990874
121.75,25.05,229.8115,SSP3-7.0,2041-2060,4.6422000000000025,52.6235,-201.2402000000002,0.30859999999999843,5.536999999999999,-2.390699999999999,29.7783,53.5665125,-221.36755,0.21003749999999988,5.653250000000001,-1.0073874999999994,30.7068,1.6829423559109558,1.652712876568879
121.75,25.1,211.3809,SSP3-7.0,2041-2060,7.563700000000011,56.5083,-190.66550000000007,0.11029999999999873,4.918500000000002,-1.0869999999999997,31.908700000000003,55.315012499999995,-164.1256125000001,0.3541000000000003,5.156012499999999,-0.5011374999999993,31.679900000000004,1.6829423559109558,1.7159086569386703
121.75,25.15,200.9515,SSP3-7.0,2041-2060,7.240899999999982,56.901700000000005,-117.13940000000002,0.39059999999999917,4.837,0.3056000000000001,31.8826,56.5647125,-177.4533500000001,0.2586750000000011,5.019674999999999,-0.18054999999999977,32.5095125,1.6829423559109558,1.7791044373084572
121.8,24.3,281.1604,SSP3-7.0,2041-2060,12.983600000000024,74.66040000000001,-75.2775999999999,1.4695999999999998,9.0278,1.7481000000000009,38.295700000000004,68.085725,-69.96663750000002,1.3073375000000005,6.438425,1.6298875,32.0992,1.788636195992177,0.704776171022021
121.8,24.35,308.6296,SSP3-7.0,2041-2060,5.244100000000003,72.43540000000002,-71.19920000000002,1.2210999999999999,6.564800000000002,1.4167000000000005,36.7413,66.80396250000001,-55.83378749999994,1.232675,6.276612499999999,1.59955,31.75815,1.788636195992177,0.7679719513918124
121.8,24.4,346.0626,SSP3-7.0,2041-2060,2.6020000000000323,70.87650000000001,-27.99900000000025,0.6945000000000014,3.920399999999997,1.6019000000000005,35.587,66.3849375,-62.2637499999999,1.2658749999999999,6.542825,1.5120375,31.812224999999998,1.788636195992177,0.8311677317615993
121.8,24.45,295.8852,SSP3-7.0,2041-2060,-2.3512000000000057,71.85140000000001,-52.686499999999796,1.4781000000000013,7.796299999999999,1.6148000000000007,36.6391,65.5236375,-62.941824999999994,1.1033125000000008,5.636112499999999,1.3194499999999998,31.478812499999997,1.788636195992177,0.8943635121313908
121.8,24.5,300.6507,SSP3-7.0,2041-2060,-12.343799999999987,63.85560000000001,-122.04489999999987,1.0365000000000002,6.805599999999998,1.3833000000000002,30.532599999999995,61.36305,-71.99739999999991,0.9751750000000001,6.0574125,1.1831,29.52175,1.788636195992177,0.9575592925011822
121.8,24.55,308.9933,SSP3-7.0,2041-2060,2.859300000000019,58.654599999999995,-87.1601999999998,0.520500000000002,4.609300000000001,1.2537000000000003,28.532600000000002,62.7092375,-78.76654999999994,0.8846249999999998,6.2201375,0.9784625,30.9785375,1.788636195992177,1.0207550728709736
121.8,24.6,258.7833,SSP3-7.0,2041-2060,2.7615000000000123,63.23159999999999,-16.81399999999985,1.1790999999999983,6.013000000000002,0.6500000000000004,31.5739,61.8102625,-84.9256499999999,0.7639625000000003,5.634712500000001,0.6703750000000002,31.5818,1.788636195992177,1.0839508532407651
121.8,24.65,237.7586,SSP3-7.0,2041-2060,7.7783000000000015,63.051,-21.68309999999974,1.2368999999999986,5.3278,0.6814999999999998,33.8348,62.930400000000006,-79.22963749999997,0.9037125000000006,5.8754375,0.4129624999999999,32.75217500000001,1.788636195992177,1.147146633610552
121.8,24.7,213.9866,SSP3-7.0,2041-2060,0.005799999999993588,62.7049,-84.04250000000002,0.9863,6.3870000000000005,0.40559999999999974,32.337,62.454012500000005,-92.03708749999993,0.8850125000000006,5.9199,0.25670000000000015,33.2557125,1.788636195992177,1.2103424139803434
121.8,24.75,181.712,SSP3-7.0,2041-2060,7.018400000000014,63.086,-105.21459999999979,0.6935000000000002,6.005600000000001,0.2370000000000001,32.7,62.6618,-77.07844999999992,0.9380624999999996,5.9580874999999995,0.5379500000000002,33.444025,1.788636195992177,1.273538194350135
121.8,24.8,184.8057,SSP3-7.0,2041-2060,5.46629999999999,63.535399999999996,-62.830099999999675,1.0654000000000003,5.555599999999998,0.7833000000000006,34.287,59.521675,-96.1662874999999,0.7288250000000001,5.1314875,0.24027500000000024,31.927175,1.788636195992177,1.3367339747199263
121.8,24.85,211.9242,SSP3-7.0,2041-2060,-1.022500000000008,62.68319999999999,-76.5603000000001,0.9788999999999994,4.5352,-0.018499999999999517,33.9261,56.794825,-103.6149999999999,0.7164500000000009,4.8629750000000005,0.21851250000000033,31.153812499999997,1.788636195992177,1.3999297550897176
121.8,24.9,270.9585,SSP3-7.0,2041-2060,-5.353200000000015,49.546,-162.4602,0.340600000000002,3.6204,-0.07590000000000074,26.8761,54.3044,-167.93748749999997,0.5509125000000004,4.4678249999999995,-0.1777749999999998,30.0641375,1.788636195992177,1.4631255354595045
121.8,24.95,286.0704,SSP3-7.0,2041-2060,-3.8367999999999824,47.1142,-328.56989999999996,-0.09059999999999846,4.038899999999998,-0.3648000000000007,26.715200000000003,51.8778375,-237.60982499999994,0.2817625000000006,4.8201374999999995,-0.8233749999999997,28.999475,1.788636195992177,1.526321315829296
121.8,25.0,255.9441,SSP3-7.0,2041-2060,-3.5108999999999924,52.665400000000005,-332.85329999999976,-0.18649999999999878,5.222200000000001,-1.4110999999999994,29.9217,52.1011125,-266.42998750000004,0.1644249999999996,5.049524999999999,-1.2078499999999999,29.1329,1.788636195992177,1.5895170961990874
121.8,25.05,234.9002,SSP3-7.0,2041-2060,-2.8817999999999984,54.668899999999994,-266.23950000000013,0.022099999999998232,5.2574000000000005,-1.3721999999999994,30.999999999999996,55.102225000000004,-228.14646249999998,0.19434999999999958,5.0199,-1.1106249999999998,30.5377875,1.788636195992177,1.652712876568879
121.8,25.1,217.2597,SSP3-7.0,2041-2060,3.782199999999989,57.51120000000001,-197.76999999999998,0.17040000000000077,3.951900000000002,-0.3536999999999999,31.902200000000004,56.4668375,-134.3928125000001,0.48632499999999945,4.719424999999999,-0.4631749999999999,31.240775,1.788636195992177,1.7159086569386703
121.8,25.15,197.1041,SSP3-7.0,2041-2060,10.086500000000001,57.41479999999999,-104.11840000000029,0.703000000000003,4.361099999999997,0.7907000000000011,31.410899999999998,57.1806375,-54.5332375000001,0.8442374999999995,4.425225,0.13382499999999986,31.8462,1.788636195992177,1.7791044373084572
121.85,24.5,290.1548,SSP3-7.0,2041-2060,-11.638100000000009,68.99719999999999,-119.08879999999999,0.7359000000000009,6.574100000000001,1.140699999999999,35.684799999999996,63.05276250000001,-74.88158749999991,0.9032750000000003,6.1657375,1.227775,31.1323375,1.8943300360733983,0.9575592925011822
121.85,24.55,274.5239,SSP3-7.0,2041-2060,-11.583000000000027,63.7261,-148.1277,0.34589999999999677,6.3870000000000005,0.7352000000000007,31.1696,63.1810875,-51.57968749999992,0.9629375000000002,5.943075,1.0981374999999998,32.0239125,1.8943300360733983,1.0207550728709736
121.85,24.6,253.7975,SSP3-7.0,2041-2060,-2.6663000000000068,64.0079,-77.35010000000011,0.5863000000000014,5.168500000000002,1.420399999999999,33.98910000000001,62.973812499999994,-38.66459999999984,1.0462749999999996,5.699075000000001,0.7275500000000001,32.36985,1.8943300360733983,1.0839508532407651
121.85,24.65,236.8816,SSP3-7.0,2041-2060,8.825500000000005,63.403400000000005,-42.37129999999979,1.2828000000000017,5.0222000000000016,0.2519000000000009,33.658699999999996,63.392362500000004,-68.14093749999995,0.9144124999999996,5.965962500000001,0.5356499999999997,33.0160375,1.8943300360733983,1.147146633610552
121.85,24.7,202.0537,SSP3-7.0,2041-2060,5.512699999999995,63.5799,-48.21459999999979,1.2287,6.498100000000001,0.43329999999999913,33.180400000000006,62.71877500000001,-91.67569999999995,0.7925000000000004,5.688875,0.4423625,33.264137500000004,1.8943300360733983,1.2103424139803434
121.85,24.85,194.3985,SSP3-7.0,2041-2060,-1.4704000000000121,62.735800000000005,-75.97879999999986,0.9720000000000013,5.296300000000002,0.6574000000000009,33.1065,57.524825,-108.96502499999991,0.7992124999999997,4.139587499999999,0.09838750000000007,31.191037499999997,1.8943300360733983,1.3999297550897176
121.85,24.9,219.6486,SSP3-7.0,2041-2060,-10.79649999999998,59.04010000000001,-183.94259999999986,0.5290999999999997,4.325900000000001,-0.32039999999999935,33.1457,54.9867875,-180.93123749999995,0.4917000000000007,4.0173749999999995,-0.17986250000000004,29.9744625,1.8943300360733983,1.4631255354595045
121.85,24.95,244.5554,SSP3-7.0,2041-2060,1.8734000000000037,50.446799999999996,-283.38059999999996,0.06489999999999796,2.875899999999998,-0.4278000000000013,27.8283,55.1370625,-253.83984999999996,0.19641250000000054,4.2870375,-0.4750000000000001,30.084512500000002,1.8943300360733983,1.526321315829296
121.85,25.0,223.7946,SSP3-7.0,2041-2060,12.563600000000008,55.8431,-321.2646,-0.020199999999999108,5.342600000000001,-0.8185000000000002,30.002200000000002,54.7663125,-257.77817500000003,0.0942999999999996,4.396749999999999,-0.5511625000000002,29.8663125,1.8943300360733983,1.5895170961990874
121.85,25.05,209.6039,SSP3-7.0,2041-2060,6.811199999999985,57.19590000000001,-231.30079999999998,0.21069999999999922,4.4407,-1.0111000000000008,31.1022,57.061075,-169.76047499999999,0.39048749999999943,4.7509250000000005,-0.23517500000000013,30.871475,1.8943300360733983,1.652712876568879
121.85,25.1,189.4712,SSP3-7.0,2041-2060,8.609499999999997,58.474500000000006,-71.69869999999992,0.6398999999999972,3.7684999999999995,0.32039999999999935,31.6174,57.947475,-12.810662500000092,1.0817750000000002,4.4525500000000005,0.33889999999999976,31.297849999999997,1.8943300360733983,1.7159086569386703
121.85,25.15,170.9226,SSP3-7.0,2041-2060,12.271100000000018,57.94709999999999,107.25999999999976,1.5054000000000016,4.635200000000001,0.7388999999999992,31.226099999999995,57.931775,-27.736500000000035,0.9815749999999996,4.2472125,0.27964999999999973,31.549475,1.8943300360733983,1.7791044373084572
121.9,24.55,236.2946,SSP3-7.0,2041-2060,1.5175999999999874,66.2401,-11.221999999999753,1.1372,5.986999999999998,1.3425999999999991,34.4696,63.698874999999994,-68.58123749999993,0.9104000000000001,5.8231625000000005,0.91435,32.4635875,2.00002387615465,1.0207550728709736
121.9,24.6,197.3731,SSP3-7.0,2041-2060,14.909999999999997,63.7146,64.30709999999999,1.5961999999999996,6.005600000000001,0.4795999999999996,34.5674,64.52965,-60.60894999999988,0.9665999999999997,5.872212500000001,0.8319499999999997,33.4451125,2.00002387615465,1.0839508532407651
121.9,24.9,208.899,SSP3-7.0,2041-2060,-10.481200000000001,60.2425,-182.86429999999973,0.6799999999999997,3.6814999999999998,-0.3407,32.82169999999999,57.0521875,-155.64766250000002,0.6176124999999997,4.131475,0.04420000000000002,30.41495,2.00002387615465,1.4631255354595045
121.9,24.95,213.5584,SSP3-7.0,2041-2060,4.356799999999993,58.56100000000001,-220.10280000000012,0.2815000000000012,3.8203999999999994,-0.6129999999999995,30.937,56.049212499999996,-232.155325,0.29306249999999956,4.3254624999999995,-0.15347500000000025,30.26305,2.00002387615465,1.526321315829296
121.9,25.0,206.9323,SSP3-7.0,2041-2060,4.756699999999995,58.084199999999996,-298.66110000000026,0.0373999999999981,4.244399999999999,0.1443999999999992,30.256499999999996,57.8684875,-163.39350000000002,0.5043249999999999,4.7842625,0.023612499999999592,30.7714875,2.00002387615465,1.5895170961990874
121.9,25.05,177.6348,SSP3-7.0,2041-2060,8.420299999999997,59.394099999999995,-101.11740000000009,0.4148999999999994,5.274100000000001,0.6463000000000001,31.1696,58.9016625,-89.15497500000004,0.8075124999999996,4.939575,0.2643624999999996,31.063325,2.00002387615465,1.652712876568879
121.9,25.1,136.3095,SSP3-7.0,2041-2060,23.63119999999998,59.847199999999994,231.52080000000024,2.0458999999999996,4.946300000000001,0.9629999999999992,31.102199999999996,58.7335125,-41.559562500000084,0.9487749999999997,4.337725,0.5219999999999994,31.40545,2.00002387615465,1.7159086569386703
121.9,25.15,122.7288,SSP3-7.0,2041-2060,32.19540000000001,59.6006,459.27999999999975,3.5817999999999994,2.7536999999999985,2.3092999999999986,31.469599999999996,58.6806625,-45.711625000000026,0.8399875000000003,4.6263875,0.43449999999999966,31.503825,2.00002387615465,1.7791044373084572
121.95,24.85,139.3408,SSP3-7.0,2041-2060,39.49850000000001,59.774899999999995,136.78690000000006,1.986399999999998,4.048099999999998,0.7352000000000007,31.004299999999997,59.1944875,-146.79283749999996,0.6949374999999998,4.4277875,-0.003937499999999927,31.7997375,2.105717716235871,1.3999297550897176
121.95,25.0,171.8806,SSP3-7.0,2041-2060,10.039600000000007,58.2287,-157.4421000000002,0.7289999999999992,4.820399999999999,0.25370000000000026,30.165200000000002,59.6603,-122.80933750000003,0.6918875000000002,5.047924999999999,0.2574124999999998,31.4894125,2.105717716235871,1.5895170961990874
121.95,25.05,156.8258,SSP3-7.0,2041-2060,11.00630000000001,61.66049999999999,1.531500000000051,1.0297000000000018,5.633299999999998,1.381499999999999,32.5,59.480962500000004,5.285424999999918,1.2664374999999994,4.858337499999999,0.6206124999999996,31.1867,2.105717716235871,1.652712876568879
122.0,25.0,141.2376,SSP3-7.0,2041-2060,14.42610000000002,61.6178,5.9288000000001375,1.3240999999999996,6.066700000000001,0.7777999999999992,32.4674,59.737175,-74.13252500000004,0.8757625,4.842599999999999,0.4145874999999999,31.3391375,2.2114115563170924,1.5895170961990874
122.0,25.05,132.0459,SSP3-7.0,2041-2060,22.183100000000024,61.8792,134.07519999999977,1.787700000000001,6.320399999999999,0.8815000000000008,31.760900000000003,59.6242625,-9.882787500000063,1.1805374999999998,4.694912499999999,0.7328749999999995,31.2584375,2.2114115563170924,1.652712876568879
122.1,25.65,212.7383,SSP3-7.0,2041-2060,-16.09450000000001,64.0134,-83.51080000000002,-0.11159999999999926,7.735199999999999,0.9222000000000001,33.282599999999995,58.5642375,34.676999999999964,1.2283000000000002,4.8650375,0.6002374999999998,32.1380625,2.422799236479535,2.4110622410063627
119.45,23.2,88.1242,SSP3-7.0,2081-2100,6.9805999999999955,179.81879999999998,73.71800000000007,1.4542999999999981,6.955600000000004,1.287,101.6283,179.25673749999999,77.51345,1.4389249999999993,3.4060375,2.0824125,101.3220125,-3.1789742878254956,-0.6855309971133726
119.5,23.35,140.2317,SSP3-7.0,2081-2100,17.8887,179.1965,77.21569999999997,1.5620999999999974,2.501899999999992,2.2241,101.93910000000001,179.33452499999999,77.07623750000002,1.4254499999999994,3.9627500000000015,1.965275,101.2831625,-3.073280447744274,-0.4959436560039983
119.5,23.4,139.9822,SSP3-7.0,2081-2100,16.36009999999999,179.2708,73.3143,1.4254999999999995,2.485199999999992,2.1925999999999997,101.7435,179.47355,71.0716625,1.3300999999999992,3.251875000000002,1.8826375,101.65652500000002,-3.073280447744274,-0.43274787563421135
119.5,23.5,143.6065,SSP3-7.0,2081-2100,6.261200000000002,180.3735,60.5684,0.9510000000000005,2.027799999999999,2.1185,103.1022,179.4197125,70.74324999999999,1.4122124999999994,2.5646000000000004,1.9782499999999998,101.5508125,-3.073280447744274,-0.3063563148946285
119.5,23.6,133.4372,SSP3-7.0,2081-2100,7.086600000000004,179.4968,73.97550000000001,1.1936,1.3278000000000105,1.7000000000000002,102.2435,179.378275,70.01099999999998,1.4182374999999996,2.7727000000000004,1.8856499999999998,101.54457500000001,-3.073280447744274,-0.17996475415504562
119.5,23.65,131.2561,SSP3-7.0,2081-2100,7.302599999999984,179.9717,77.59840000000008,1.4074999999999989,1.7759000000000071,1.8018999999999998,101.9565,179.0082625,72.41992499999996,1.4531499999999995,2.9507125,1.7951374999999998,101.49295,-3.073280447744274,-0.11676897378525869
119.55,23.35,139.2331,SSP3-7.0,2081-2100,13.37899999999999,179.334,70.80330000000004,1.381499999999999,3.0759000000000043,1.8519000000000005,101.67830000000001,179.3173375,77.87778750000001,1.4480249999999992,3.891,2.0118,101.3157625,-2.967586607663053,-0.4959436560039983
119.55,23.55,151.4465,SSP3-7.0,2081-2100,5.497500000000002,180.0984,58.31089999999995,1.202099999999998,3.8092999999999932,2.2074,101.6152,179.32004999999998,70.9205625,1.3975499999999998,2.4923750000000027,1.8587999999999998,101.4269125,-2.967586607663053,-0.24316053452483705
119.55,23.65,133.0819,SSP3-7.0,2081-2100,6.2450000000000045,179.1249,77.92999999999995,1.3933,1.977800000000002,1.7369999999999992,101.40870000000001,179.2249375,72.17173749999998,1.4854874999999996,3.036587500000003,1.8074124999999999,101.43995,-2.967586607663053,-0.11676897378525869
119.6,23.25,136.6252,SSP3-7.0,2081-2100,12.280599999999993,178.3785,92.76139999999998,1.3979,3.216700000000003,1.6258999999999997,100.5913,179.436775,75.13302500000002,1.4459749999999991,3.8734,2.04005,101.4516375,-2.8618927675818315,-0.6223352167435812
119.6,23.55,143.8459,SSP3-7.0,2081-2100,5.866800000000012,179.0919,61.2201,1.4983000000000004,3.1000000000000085,2.0462999999999996,100.4543,179.24021249999998,70.80215,1.3954874999999993,2.7840500000000006,1.857875,101.24403749999999,-2.8618927675818315,-0.24316053452483705
119.6,23.6,141.1564,SSP3-7.0,2081-2100,6.050900000000013,179.1067,66.38109999999995,1.6153000000000013,3.538899999999998,1.9166999999999996,101.0457,179.079375,72.42299999999999,1.4584624999999996,3.0125250000000037,1.8173499999999998,101.1282625,-2.8618927675818315,-0.17996475415504562
119.6,23.65,136.5514,SSP3-7.0,2081-2100,5.8086999999999875,178.7856,74.8365,1.6933000000000007,3.959299999999999,1.6944,100.67830000000001,178.8856375,76.01142499999997,1.5253374999999996,2.997462500000003,1.7324124999999997,101.43288749999999,-2.8618927675818315,-0.11676897378525869
119.6,23.7,132.8465,SSP3-7.0,2081-2100,5.865700000000004,178.4735,83.24259999999992,1.585099999999997,1.992599999999996,1.5630000000000006,102.0957,178.97526249999999,76.55508749999998,1.500775,3.0217750000000034,1.7055499999999997,101.47936250000001,-2.8618927675818315,-0.053573193415467256
119.6,23.75,131.5149,SSP3-7.0,2081-2100,4.820299999999975,177.8883,83.46269999999993,1.4441999999999986,3.8999999999999915,1.4962999999999997,102.4022,179.04841249999998,76.52757499999998,1.5183874999999998,2.783350000000004,1.7138874999999998,101.44105,-2.8618927675818315,0.009622586954324176
119.65,23.25,154.9015,SSP3-7.0,2081-2100,17.329000000000008,178.31029999999998,125.91350000000011,2.093,7.031500000000008,2.3926000000000007,99.4522,179.22244999999998,75.53477500000001,1.3888249999999986,3.120849999999999,1.8446875,101.41006250000001,-2.7561989275005803,-0.6223352167435812
119.65,23.55,137.1792,SSP3-7.0,2081-2100,5.417000000000002,178.6093,74.85450000000003,1.428099999999997,2.231499999999997,1.8556,100.5261,179.05422499999997,72.24721249999997,1.5214374999999998,3.3190000000000026,1.8127249999999997,100.9217375,-2.7561989275005803,-0.24316053452483705
119.65,23.6,135.7117,SSP3-7.0,2081-2100,5.594499999999982,178.6532,76.44770000000005,1.5702999999999996,2.905600000000007,1.7685000000000004,100.6696,178.84562499999998,75.16452499999997,1.5515374999999993,3.0076500000000017,1.7430624999999997,100.9638625,-2.7561989275005803,-0.17996475415504562
119.65,23.65,133.1052,SSP3-7.0,2081-2100,6.039000000000016,178.7749,81.8087999999999,1.6887000000000008,4.788900000000012,1.5295999999999994,101.4304,178.8304125,74.49438749999999,1.5367374999999992,2.772237500000001,1.7729249999999999,100.8687625,-2.7561989275005803,-0.11676897378525869
119.7,23.55,133.6888,SSP3-7.0,2081-2100,5.941100000000006,178.79819999999998,81.0426,1.5101999999999975,2.472200000000001,1.6018999999999997,100.07169999999999,179.03061250000002,71.47369999999998,1.5111749999999997,3.288912500000002,1.8444374999999997,100.9785375,-2.6505050874193588,-0.24316053452483705
120.0,23.45,147.1014,SSP3-7.0,2081-2100,15.870899999999978,180.1243,123.49079999999992,1.8439999999999976,3.9147999999999996,1.9389000000000003,104.7761,179.8581125,156.75359999999998,2.8974375,2.775224999999999,2.0009125,107.95925,-2.016342046932001,-0.3695520952644199
120.05,23.05,151.7014,SSP3-7.0,2081-2100,32.83949999999999,182.0644,156.22939999999994,3.6448,3.6443999999999903,0.9667000000000003,107.3957,182.1068875,188.81633749999997,4.365774999999999,6.733100000000003,1.5013875000000003,109.89511250000001,-1.9106482068507795,-0.8751183382227424
120.05,23.1,160.5833,SSP3-7.0,2081-2100,31.450799999999987,182.3656,136.3898999999999,3.5061999999999998,7.590700000000012,1.0889000000000006,106.7761,181.9163125,174.86113749999998,3.9354999999999993,5.932874999999999,1.4930500000000002,109.6013625,-1.9106482068507795,-0.811922557852951
120.05,23.15,161.5848,SSP3-7.0,2081-2100,31.923599999999993,178.8909,146.97839999999997,3.2406000000000006,7.7333,1.2796000000000003,104.9435,181.7077875,173.7565,3.7443999999999993,6.047462500000002,1.5115750000000003,108.9443,-1.9106482068507795,-0.748726777483164
120.05,23.5,152.7158,SSP3-7.0,2081-2100,17.190499999999986,180.9379,130.09730000000002,1.9425999999999988,3.0999999999999943,2.1258999999999997,108.3348,179.7471375,151.15946249999996,3.117625,2.3242875000000005,1.9095,108.3494625,-1.9106482068507795,-0.3063563148946285
120.1,23.05,164.0755,SSP3-7.0,2081-2100,41.5179,182.1438,198.9701,4.553099999999997,5.138900000000007,1.3111000000000006,111.2065,182.52122500000002,195.4251,4.5250625,6.438425000000001,1.5361250000000002,110.3165875,-1.8049543667695582,-0.8751183382227424
120.1,23.1,164.0134,SSP3-7.0,2081-2100,35.598600000000005,183.50039999999998,161.2681,4.177299999999999,8.524100000000004,1.2407000000000004,111.04129999999999,182.1808125,179.78034999999994,4.142962499999999,5.9905,1.4949125000000003,109.692125,-1.8049543667695582,-0.811922557852951
120.1,23.15,162.4066,SSP3-7.0,2081-2100,36.175700000000006,183.36829999999998,160.07940000000008,3.4160000000000004,7.727799999999995,1.9703999999999997,110.60650000000001,181.608325,174.83981249999997,4.024299999999999,6.043750000000004,1.4587875000000001,109.5008125,-1.8049543667695582,-0.748726777483164
120.1,23.2,171.3221,SSP3-7.0,2081-2100,31.589200000000005,178.9967,196.09370000000013,3.1872000000000007,4.101900000000008,1.5907,106.43700000000001,180.3092125,175.00019999999998,3.7273749999999994,6.4368125,1.6587875,108.4839625,-1.8049543667695582,-0.6855309971133726
120.1,23.25,167.5961,SSP3-7.0,2081-2100,28.546400000000006,177.6682,203.72379999999998,3.2241999999999997,6.324100000000001,1.9852000000000007,105.1196,179.33723750000001,180.1478875,3.5746625,5.108575000000003,1.6627124999999998,107.9133125,-1.8049543667695582,-0.6223352167435812
120.1,23.3,161.8927,SSP3-7.0,2081-2100,24.367500000000007,177.27030000000002,192.97519999999986,2.8983999999999988,3.583299999999994,2.0907,105.0826,178.75147500000003,179.9080875,3.431050000000001,4.963912500000001,1.7502125,106.95762500000001,-1.8049543667695582,-0.5591394363737897
120.1,23.35,160.5993,SSP3-7.0,2081-2100,19.810300000000012,179.5599,168.79949999999985,2.4238,0.5704000000000065,1.8832999999999993,106.63040000000001,179.0334,173.1075875,3.482887500000001,4.984262499999999,1.9053,107.22038749999999,-1.8049543667695582,-0.4959436560039983
120.1,23.55,158.8799,SSP3-7.0,2081-2100,13.051800000000014,178.7081,147.05730000000005,2.3994,0.7240999999999929,1.9203999999999999,108.29570000000001,179.0250625,157.00372499999997,3.2401999999999997,0.9615624999999994,1.822925,108.4144125,-1.8049543667695582,-0.24316053452483705
120.1,23.65,147.0171,SSP3-7.0,2081-2100,15.546300000000002,176.4975,167.87560000000008,3.417300000000001,-3.3241000000000014,1.5093000000000005,103.8609,176.8434875,161.29702500000002,3.4635750000000005,1.3645875000000007,1.7048625,107.5190375,-1.8049543667695582,-0.11676897378525869
120.15,22.9,182.8242,SSP3-7.0,2081-2100,35.67620000000002,181.4176,221.3705,5.485500000000002,7.9184999999999945,1.2444000000000006,109.963,184.943625,243.37797500000002,5.726012500000001,8.3777625,1.54815,113.9097875,-1.699260526688307,-1.0647056793321166
120.15,22.95,183.9828,SSP3-7.0,2081-2100,38.1532,179.66039999999998,227.38120000000004,5.522499999999997,8.981499999999997,1.3388999999999998,109.7957,183.1737875,246.310875,5.616137500000002,7.656237500000001,1.7766250000000001,112.4054375,-1.699260526688307,-1.0015098989623252
120.15,23.0,179.0614,SSP3-7.0,2081-2100,45.009000000000015,181.5275,244.54680000000008,5.496400000000001,6.388900000000007,1.7167000000000003,110.95,182.1410375,235.2066375,5.4235875,7.334712500000002,1.7606500000000005,111.469575,-1.699260526688307,-0.9383141185925338
120.15,23.05,168.845,SSP3-7.0,2081-2100,52.030400000000014,182.2475,260.3255999999999,5.518000000000001,5.496300000000005,1.7574000000000005,111.42830000000001,182.914375,212.121675,5.047124999999999,6.7770875,1.6833375000000004,112.0861375,-1.699260526688307,-0.8751183382227424
120.15,23.1,171.8789,SSP3-7.0,2081-2100,39.77010000000001,182.81109999999998,201.97239999999988,5.018599999999999,5.264799999999994,1.6463,112.2087,182.9733625,198.3202,4.632662499999999,6.726637500000002,1.6324125000000005,111.786675,-1.699260526688307,-0.811922557852951
120.15,23.15,172.6805,SSP3-7.0,2081-2100,31.16980000000001,183.5549,177.29759999999987,4.246399999999998,5.327799999999996,1.9389000000000003,112.9717,182.19016249999999,180.2704625,4.260187500000001,6.622462500000001,1.5965250000000002,110.9777125,-1.699260526688307,-0.748726777483164
120.15,23.2,173.6379,SSP3-7.0,2081-2100,31.3339,180.60320000000002,179.74829999999997,4.265000000000001,4.668500000000009,1.5740999999999996,110.4217,180.6605,178.16761250000002,3.9789375,6.699325000000002,1.68055,109.652725,-1.699260526688307,-0.6855309971133726
120.15,23.25,176.7822,SSP3-7.0,2081-2100,29.49630000000002,177.6175,177.9308000000001,4.351099999999999,7.605600000000003,1.1906999999999996,107.68480000000001,178.8375875,181.86019999999996,3.6851750000000005,5.795375000000001,1.7053124999999998,107.9396875,-1.699260526688307,-0.6223352167435812
120.15,23.3,164.996,SSP3-7.0,2081-2100,26.142799999999994,178.1051,193.7899,3.530800000000003,6.1815,1.7481000000000009,106.6087,178.436175,176.47913749999998,3.5307,5.085662500000001,1.705075,107.2103375,-1.699260526688307,-0.5591394363737897
120.15,23.35,166.8912,SSP3-7.0,2081-2100,22.420600000000007,180.2992,179.6269000000002,3.375600000000002,3.3851999999999975,1.8111000000000006,108.01089999999999,178.5992625,163.81739999999996,3.5063875000000007,5.1886624999999995,1.822425,107.110325,-1.699260526688307,-0.4959436560039983
120.15,23.4,167.3857,SSP3-7.0,2081-2100,19.67409999999998,180.4395,159.4858999999999,3.7950000000000017,4.433300000000003,2.2036999999999995,107.35,179.35568750000002,161.92520000000002,3.4959500000000006,4.786812499999998,1.8129374999999999,108.07365,-1.699260526688307,-0.43274787563421135
120.15,23.45,169.7463,SSP3-7.0,2081-2100,15.613500000000016,180.8336,142.18529999999987,3.2070000000000007,3.4184999999999945,1.825899999999999,110.1087,180.105,155.713975,3.6037250000000003,4.047674999999999,1.8893500000000003,108.919025,-1.699260526688307,-0.3695520952644199
120.15,23.5,182.3152,SSP3-7.0,2081-2100,5.639899999999983,180.81640000000002,133.80140000000006,3.137699999999999,2.987000000000009,2.146300000000001,109.8609,179.9026,156.81936249999995,3.3936375000000005,2.374299999999997,1.861125,109.61848749999999,-1.699260526688307,-0.3063563148946285
120.15,23.55,169.2276,SSP3-7.0,2081-2100,6.652600000000007,178.50830000000002,154.03379999999993,3.067,-0.10930000000000462,1.9333,108.8348,179.2466,159.749375,3.4272,1.645837499999999,1.7886875,109.5057125,-1.699260526688307,-0.24316053452483705
120.15,23.6,154.9187,SSP3-7.0,2081-2100,13.600599999999986,176.673,182.46370000000013,3.585699999999999,0.22590000000000998,1.6555999999999997,107.08909999999999,178.13408750000002,160.9292125,3.3857500000000007,0.7819499999999984,1.658575,108.2714875,-1.699260526688307,-0.17996475415504562
120.15,23.65,152.2337,SSP3-7.0,2081-2100,14.43119999999999,176.4838,182.2686,4.114999999999998,1.1814999999999998,1.4666999999999994,106.8891,176.91055,159.505775,3.5942375,0.8761500000000026,1.5826375000000001,107.2116875,-1.699260526688307,-0.11676897378525869
120.15,23.7,159.0972,SSP3-7.0,2081-2100,12.452700000000021,176.0644,163.01710000000003,3.933,-0.5555999999999983,1.8869999999999996,105.92830000000001,176.29765,158.73917500000005,3.6661000000000006,1.5597250000000038,1.4534875,107.1418375,-1.699260526688307,-0.053573193415467256
120.15,23.75,155.5938,SSP3-7.0,2081-2100,10.106500000000011,174.75730000000001,139.06579999999997,3.299400000000002,3.1093000000000046,1.5648,107.7022,175.3457,143.52196250000003,3.5975374999999996,2.2069375000000004,1.4254749999999998,108.06031250000001,-1.699260526688307,0.009622586954324176
120.15,23.8,149.9186,SSP3-7.0,2081-2100,10.449399999999997,172.553,120.25329999999997,3.1590999999999987,3.231499999999997,1.2740999999999998,108.45649999999999,173.5312375,123.97661250000003,3.3329750000000007,1.9284750000000024,1.5131875,107.9910375,-1.699260526688307,0.0728183673241156
120.2,22.8,197.0965,SSP3-7.0,2081-2100,34.905699999999996,193.73160000000001,228.25980000000004,5.488699999999998,9.290700000000001,1.0852000000000004,118.9109,191.7449,235.86317500000004,5.2981750000000005,9.218974999999999,1.4432625000000001,118.29592500000001,-1.5935666866070857,-1.191097240071695
120.2,22.85,199.0056,SSP3-7.0,2081-2100,36.005000000000024,190.3705,232.09289999999987,5.866400000000002,9.748099999999994,1.0407000000000002,117.1348,187.638825,236.50410000000005,5.484750000000002,8.427525,1.422675,115.70027499999999,-1.5935666866070857,-1.1279014597019037
120.2,22.9,190.9749,SSP3-7.0,2081-2100,39.550100000000015,185.6809,225.20500000000015,5.476400000000002,9.279600000000002,1.8610999999999995,114.9391,184.984875,243.07025,5.847925000000001,8.576374999999999,1.500925,113.8220125,-1.5935666866070857,-1.0647056793321166
120.2,22.95,197.0414,SSP3-7.0,2081-2100,38.90969999999999,181.51749999999998,246.50549999999998,5.2021000000000015,8.151800000000001,1.885200000000001,110.7761,183.3899125,243.00767500000003,5.750050000000001,8.003,1.7627375,112.781525,-1.5935666866070857,-1.0015098989623252
120.2,23.0,195.1873,SSP3-7.0,2081-2100,38.28110000000001,182.02290000000002,231.48669999999993,5.415400000000002,8.6796,2.4537000000000004,111.04350000000001,182.98461250000003,246.80741250000003,5.62095,7.208562500000002,1.8352000000000004,112.50925,-1.5935666866070857,-0.9383141185925338
120.2,23.05,177.4156,SSP3-7.0,2081-2100,45.75659999999999,182.285,242.58920000000012,5.423199999999998,6.870400000000004,1.9019000000000004,112.12610000000001,183.65685000000002,225.63792499999997,5.40795,6.567125000000001,1.7965375000000003,113.03696250000002,-1.5935666866070857,-0.8751183382227424
120.2,23.1,182.2399,SSP3-7.0,2081-2100,38.751299999999986,183.3401,204.5525,5.1358,6.614799999999995,1.2352000000000007,112.53909999999999,183.59705,207.65206249999997,4.976424999999999,6.1088125,1.7509375000000003,113.30380000000001,-1.5935666866070857,-0.811922557852951
120.2,23.15,197.3576,SSP3-7.0,2081-2100,26.470100000000002,183.3469,181.47910000000002,4.5915,8.113000000000007,1.7037000000000004,112.3739,182.491625,185.25654999999995,4.607537499999999,6.005549999999999,1.6817250000000001,112.70705000000001,-1.5935666866070857,-0.748726777483164
120.2,23.2,193.4613,SSP3-7.0,2081-2100,21.603399999999993,181.5546,156.97019999999998,4.2901000000000025,7.964799999999997,1.8110999999999997,112.1935,180.53140000000002,176.88164999999998,4.334899999999999,6.162500000000003,1.6650500000000001,111.31901250000001,-1.5935666866070857,-0.6855309971133726
120.2,23.25,181.3037,SSP3-7.0,2081-2100,23.701700000000017,179.1769,171.7663,4.524999999999999,6.429600000000008,1.2536999999999994,109.8348,178.6426625,165.47089999999997,3.9715875000000005,6.530787500000001,1.7407375,109.8369625,-1.5935666866070857,-0.6223352167435812
120.2,23.3,176.4082,SSP3-7.0,2081-2100,13.594099999999997,177.32569999999998,159.8141999999998,3.5607000000000006,7.10929999999999,1.5888999999999989,107.81960000000001,178.3657,160.35981250000006,3.9258375000000005,5.992362500000003,1.6488250000000002,108.74267499999999,-1.5935666866070857,-0.5591394363737897
120.2,23.35,181.8558,SSP3-7.0,2081-2100,13.857200000000006,178.57170000000002,157.19640000000004,3.886800000000001,5.677800000000005,1.8369999999999997,107.5,178.769625,155.32722500000006,3.722400000000001,5.933337499999998,1.7921125,108.34892500000001,-1.5935666866070857,-0.4959436560039983
120.2,23.4,177.111,SSP3-7.0,2081-2100,17.777800000000013,179.0796,155.8773000000001,3.9452999999999996,6.8703999999999965,1.7407000000000004,107.98259999999999,179.7290875,151.45086250000003,3.7202750000000004,5.188649999999998,1.8134124999999999,108.68832499999999,-1.5935666866070857,-0.43274787563421135
120.2,23.45,179.4661,SSP3-7.0,2081-2100,13.731499999999983,178.9731,143.54369999999994,3.7148000000000003,6.494399999999992,1.9425999999999997,107.95219999999999,180.6896375,152.5356,3.69795,4.594212499999999,1.875925,109.78858749999999,-1.5935666866070857,-0.3695520952644199
120.2,23.5,174.421,SSP3-7.0,2081-2100,15.300300000000021,181.8739,166.75749999999994,3.9052000000000007,3.0,1.6519000000000004,110.4804,180.58241249999998,148.12607499999996,3.4564250000000003,3.321287499999997,1.9338000000000002,110.55381249999999,-1.5935666866070857,-0.3063563148946285
120.2,23.55,178.3221,SSP3-7.0,2081-2100,9.142499999999984,181.45000000000002,163.30409999999983,3.449300000000001,0.21299999999999386,1.9203999999999999,112.337,179.73899999999998,155.62908750000003,3.4588125000000005,2.1495250000000006,1.7852000000000001,109.96875,-1.5935666866070857,-0.24316053452483705
120.2,23.6,175.7264,SSP3-7.0,2081-2100,5.70859999999999,176.9405,161.99689999999987,3.459600000000002,1.6166999999999945,1.5704000000000002,108.487,178.591525,157.683675,3.5069625,1.8131875000000015,1.670375,109.37743750000001,-1.5935666866070857,-0.17996475415504562
120.2,23.65,157.1646,SSP3-7.0,2081-2100,13.760999999999996,176.6125,160.47300000000007,3.8495000000000026,4.724100000000007,1.6406999999999998,106.92609999999999,177.3056125,158.7237125,3.6959375,1.760875000000004,1.425475,108.134225,-1.5935666866070857,-0.11676897378525869
120.2,23.7,156.8797,SSP3-7.0,2081-2100,15.486099999999993,175.8827,158.02980000000002,4.147199999999998,0.6093000000000046,1.0037000000000003,106.77170000000001,176.290575,147.95962500000002,3.5959125000000007,2.9037000000000024,1.525925,108.05352500000001,-1.5935666866070857,-0.053573193415467256
120.2,23.75,158.5914,SSP3-7.0,2081-2100,10.275599999999997,175.0514,136.3040000000001,3.2112000000000016,-0.00560000000000116,1.7351999999999999,108.3239,174.8949,133.69397500000002,3.51675,2.511350000000002,1.3983875,108.3125,-1.5935666866070857,0.009622586954324176
120.2,23.8,159.4839,SSP3-7.0,2081-2100,8.255099999999999,173.4806,113.91070000000013,3.150199999999998,2.240700000000004,1.5851999999999995,109.25,173.069175,121.1340625,3.269062500000001,2.6514000000000006,1.4111124999999998,108.02064999999999,-1.5935666866070857,0.0728183673241156
120.2,23.85,150.5228,SSP3-7.0,2081-2100,10.091800000000006,170.19619999999998,104.3999,3.0854999999999997,2.1241000000000128,1.1722000000000001,107.04560000000001,171.353375,112.35262500000003,3.3384875000000003,1.6500000000000004,1.4344999999999999,106.827175,-1.5935666866070857,0.13601414769390704
120.25,22.6,206.2164,SSP3-7.0,2081-2100,24.813500000000005,204.93220000000002,169.21849999999995,4.474600000000002,12.559299999999993,2.4222,124.6652,200.896925,166.65407499999998,4.342650000000001,11.915737499999997,2.8129625000000003,121.73425,-1.4878728465258642,-1.4438803615508562
120.25,22.65,214.8677,SSP3-7.0,2081-2100,29.004199999999997,199.6923,197.99710000000005,5.0261,12.155599999999993,2.2684999999999995,122.387,200.51386250000002,181.11538749999997,4.5237125,11.480324999999997,2.4057874999999997,122.1654875,-1.4878728465258642,-1.3806845811810693
120.25,22.7,222.8883,SSP3-7.0,2081-2100,32.63240000000002,195.95589999999999,228.91200000000003,5.043600000000001,9.236999999999995,1.8389000000000006,119.15869999999998,198.002725,204.3392375,4.854675,11.296074999999998,1.9185124999999998,121.3144125,-1.4878728465258642,-1.317488800811278
120.25,22.75,220.3806,SSP3-7.0,2081-2100,34.34300000000002,196.1136,232.78430000000003,4.9605,9.6815,1.5315000000000012,119.8826,195.978725,227.3367375,5.14555,10.049074999999998,1.6365625000000001,120.402725,-1.4878728465258642,-1.2542930204414864
120.25,22.8,217.3803,SSP3-7.0,2081-2100,31.825400000000002,194.83180000000002,238.85390000000007,5.198400000000003,7.525899999999993,1.3425999999999991,119.97830000000002,192.3704375,238.6835,5.3514875,9.350462499999999,1.5087750000000004,118.8326125,-1.4878728465258642,-1.191097240071695
120.25,22.85,205.1626,SSP3-7.0,2081-2100,34.43690000000001,189.8158,230.2455,5.908999999999999,9.137,1.248099999999999,117.53909999999999,189.8642125,237.36670000000004,5.523737500000001,8.713187499999997,1.4594875,117.521475,-1.4878728465258642,-1.1279014597019037
120.25,22.9,205.1656,SSP3-7.0,2081-2100,34.317499999999995,185.85520000000002,252.54780000000005,5.956000000000003,7.731499999999997,1.3666999999999998,116.137,186.46822500000002,247.6395625,5.859987500000001,8.862025,1.6780000000000002,115.21385,-1.4878728465258642,-1.0647056793321166
120.25,22.95,208.7716,SSP3-7.0,2081-2100,33.61349999999999,185.12120000000002,288.4991,6.379300000000001,7.6037000000000035,1.9277999999999995,114.0065,184.8282125,244.8283,5.929087500000001,8.185875,2.0064875000000004,114.7193,-1.4878728465258642,-1.0015098989623252
120.25,23.0,207.0415,SSP3-7.0,2081-2100,32.341699999999975,185.83360000000002,253.02430000000004,6.268899999999999,7.440700000000007,2.1926000000000005,115.4174,184.2451,236.56155,5.584250000000001,7.578012499999998,2.1252375,114.4970125,-1.4878728465258642,-0.9383141185925338
120.25,23.05,201.4759,SSP3-7.0,2081-2100,32.77940000000001,185.6842,211.58760000000007,5.1572,6.735199999999992,1.9611,115.57390000000001,184.7789875,215.6773625,5.4011375,6.953475,1.9606625000000002,115.223375,-1.4878728465258642,-0.8751183382227424
120.25,23.1,193.5872,SSP3-7.0,2081-2100,30.7012,185.78789999999998,197.60749999999985,5.253299999999999,5.916700000000006,1.4093,115.13480000000001,184.09806250000003,198.08786250000003,4.9384375,6.709037499999998,1.7900625000000001,114.8883,-1.4878728465258642,-0.811922557852951
120.25,23.15,192.8901,SSP3-7.0,2081-2100,29.324600000000004,183.0589,188.35750000000007,4.603200000000001,5.1462999999999965,1.6889000000000003,114.613,182.60781250000002,186.77671249999995,4.743175000000001,6.879174999999999,1.717375,113.766575,-1.4878728465258642,-0.748726777483164
120.25,23.2,198.0553,SSP3-7.0,2081-2100,20.728200000000015,179.22230000000002,175.54639999999995,4.0478999999999985,7.140699999999995,2.1500000000000004,111.57390000000001,180.57049999999998,179.2802625,4.433725000000001,6.062962500000002,1.7847250000000001,112.5231,-1.4878728465258642,-0.6855309971133726
120.25,23.25,200.0552,SSP3-7.0,2081-2100,18.05019999999999,177.6706,162.92719999999986,4.049099999999999,4.868500000000012,1.8204000000000011,111.0783,178.5823125,154.8917375,3.9377874999999998,6.727774999999998,1.9247625,111.136425,-1.4878728465258642,-0.6223352167435812
120.25,23.3,181.8647,SSP3-7.0,2081-2100,14.374099999999999,177.0423,117.04020000000014,3.678000000000001,6.7074,2.0426,111.3152,178.10263750000001,143.05445000000003,3.8210875,6.114812500000001,1.767575,109.7973,-1.4878728465258642,-0.5591394363737897
120.25,23.35,175.3702,SSP3-7.0,2081-2100,19.7183,178.44230000000002,122.60080000000016,4.010300000000001,7.083300000000001,1.487,107.9087,178.14723750000002,134.28968750000007,3.7289000000000003,6.625712499999998,1.7974374999999998,109.79593750000001,-1.4878728465258642,-0.4959436560039983
120.25,23.4,177.6964,SSP3-7.0,2081-2100,19.64239999999998,179.4233,154.38260000000014,3.883499999999998,5.696299999999994,1.7147999999999994,109.7957,179.11939999999998,140.95872500000004,3.8404250000000006,6.131025,1.7648000000000001,109.5282625,-1.4878728465258642,-0.43274787563421135
120.25,23.45,174.0829,SSP3-7.0,2081-2100,21.1995,180.85,152.58529999999996,3.889199999999999,5.320399999999999,1.685200000000001,110.8804,180.2222,152.36656250000001,3.8244625,5.811574999999999,1.862275,110.30381249999999,-1.4878728465258642,-0.3695520952644199
120.25,23.5,175.4561,SSP3-7.0,2081-2100,14.919900000000013,182.20080000000002,155.20949999999993,3.820700000000002,5.027799999999999,2.0389,111.85000000000001,180.61432499999998,152.45472499999994,3.641675,4.2391124999999965,1.9150625000000003,110.9712,-1.4878728465258642,-0.3063563148946285
120.25,23.55,180.6196,SSP3-7.0,2081-2100,7.684600000000017,181.0271,140.34550000000013,3.3657000000000004,3.2184999999999917,1.9778000000000002,112.6065,180.0429125,158.16569999999993,3.604400000000001,3.346524999999998,1.7794125000000003,110.7223,-1.4878728465258642,-0.24316053452483705
120.25,23.6,176.2028,SSP3-7.0,2081-2100,7.3023000000000025,179.87199999999999,150.4244000000001,3.328900000000001,1.229600000000005,1.3073999999999995,110.5413,178.621975,152.30179999999996,3.518162500000001,3.255324999999999,1.7368000000000001,110.163325,-1.4878728465258642,-0.17996475415504562
120.25,23.65,168.6701,SSP3-7.0,2081-2100,5.6113,178.1055,128.15629999999987,3.294599999999999,3.8222000000000094,1.4611,109.79560000000001,177.55248749999998,155.3921125,3.663275000000001,3.2238500000000023,1.4219875000000002,109.160875,-1.4878728465258642,-0.11676897378525869
120.25,23.7,176.4131,SSP3-7.0,2081-2100,7.625500000000017,178.423,143.43290000000002,3.703500000000002,5.957400000000007,1.0519000000000007,109.57169999999999,176.29341250000002,145.51707500000003,3.5881000000000003,3.108100000000001,1.464575,108.9070625,-1.4878728465258642,-0.053573193415467256
120.25,23.75,176.3085,SSP3-7.0,2081-2100,4.454599999999999,174.82670000000002,130.95929999999998,3.3611000000000004,4.996299999999991,1.3999999999999995,109.29129999999999,175.19712500000003,136.37072500000005,3.5413,2.4506875000000017,1.3694625,108.8201125,-1.4878728465258642,0.009622586954324176
120.25,23.8,169.3849,SSP3-7.0,2081-2100,9.996400000000023,173.1715,100.88290000000006,3.3805000000000014,0.5019000000000062,1.4203999999999999,109.5283,172.70302500000003,125.07605000000004,3.3724625,2.5523,1.4305625,107.75815,-1.4878728465258642,0.0728183673241156
120.25,23.85,157.8286,SSP3-7.0,2081-2100,10.708100000000002,170.7018,103.27319999999997,3.2429000000000023,3.0167,1.3407,106.8587,170.769175,115.68586250000001,3.405275,1.8379625000000033,1.3544125,106.05245,-1.4878728465258642,0.13601414769390704
120.25,23.9,148.1982,SSP3-7.0,2081-2100,11.878799999999984,169.04450000000003,89.06999999999994,3.165399999999998,2.2667,1.3333000000000004,104.6456,169.648125,109.50218750000002,3.344525000000001,1.9273250000000033,1.20695,104.792675,-1.4878728465258642,0.19920992806369398
120.3,22.5,208.2381,SSP3-7.0,2081-2100,17.312600000000003,199.798,133.98880000000008,4.473300000000002,15.10929999999999,2.6037,119.22389999999999,201.6452875,143.09108749999996,4.283675000000001,13.815512499999997,2.871525,121.08342499999999,-1.3821790064446429,-1.570271922290439
120.3,22.55,225.1234,SSP3-7.0,2081-2100,18.293299999999988,201.3219,158.4031,4.356100000000001,13.198100000000004,3.1537000000000006,120.8152,201.6935125,145.98028749999997,4.306087500000001,13.566912499999995,2.788425,121.29456249999998,-1.3821790064446429,-1.5070761419206478
120.3,22.6,230.9354,SSP3-7.0,2081-2100,26.73980000000003,204.385,184.44939999999997,4.687200000000001,13.198099999999997,3.5073999999999996,124.04999999999998,201.1350875,160.80069999999995,4.345375000000001,12.198624999999998,2.6206,122.0366875,-1.3821790064446429,-1.4438803615508562
120.3,22.65,240.0305,SSP3-7.0,2081-2100,23.145200000000017,200.9601,192.72749999999996,4.494399999999999,11.192599999999999,2.4758999999999993,122.31739999999999,200.26045,171.94449999999998,4.491625000000001,12.081249999999997,2.4914375,122.348375,-1.3821790064446429,-1.3806845811810693
120.3,22.7,248.9375,SSP3-7.0,2081-2100,21.727599999999995,197.314,197.31589999999983,5.277999999999999,12.138900000000007,1.3851999999999993,120.96300000000001,197.6265,203.42085,4.7303625,10.9898125,2.1122625,121.215775,-1.3821790064446429,-1.317488800811278
120.3,22.75,241.4981,SSP3-7.0,2081-2100,36.12269999999998,194.8237,251.66910000000007,5.2333,11.58890000000001,1.4981000000000009,119.0457,195.3544125,223.25768749999997,5.0201875000000005,9.891437499999999,1.8548625,120.5421125,-1.3821790064446429,-1.2542930204414864
120.3,22.8,228.2381,SSP3-7.0,2081-2100,33.05729999999997,194.0627,227.00990000000002,4.5794999999999995,8.405599999999993,1.6759000000000004,120.48910000000001,191.83757500000002,243.62630000000001,5.430462500000001,9.100925,1.7198875000000002,118.4078875,-1.3821790064446429,-1.191097240071695
120.3,22.85,215.0137,SSP3-7.0,2081-2100,47.399899999999974,188.2602,249.04480000000012,5.161900000000003,8.385199999999998,1.3481000000000005,117.3587,188.36382500000002,235.6269625,5.707725000000002,8.479862499999998,1.7909749999999998,116.7106,-1.3821790064446429,-1.1279014597019037
120.3,22.9,209.3031,SSP3-7.0,2081-2100,44.05699999999999,186.12080000000003,245.91949999999997,6.462600000000002,9.338899999999995,1.9556000000000004,115.2239,185.429425,233.962825,5.945662500000001,8.9263875,1.7481375,114.960325,-1.3821790064446429,-1.0647056793321166
120.3,22.95,218.45,SSP3-7.0,2081-2100,31.80450000000002,184.8589,263.6042,6.4222,9.251899999999992,2.157400000000001,114.73259999999999,185.492625,221.0991,6.068650000000002,8.810187500000001,1.9194499999999997,115.69185,-1.3821790064446429,-1.0015098989623252
120.3,23.0,219.9452,SSP3-7.0,2081-2100,24.240199999999987,186.7359,240.33339999999998,6.2291000000000025,5.6129999999999995,2.179599999999999,119.48479999999999,185.29242500000004,201.58096250000003,5.5910875,9.0826375,2.0914375,115.652175,-1.3821790064446429,-0.9383141185925338
120.3,23.05,227.2896,SSP3-7.0,2081-2100,16.945699999999988,185.7352,167.88670000000002,4.445499999999999,7.718499999999992,2.5351999999999997,118.2326,185.329725,193.55686250000002,5.418500000000001,7.9949125,1.964125,116.03832500000001,-1.3821790064446429,-0.8751183382227424
120.3,23.1,210.2699,SSP3-7.0,2081-2100,26.7217,186.4913,187.93859999999995,5.0379000000000005,6.774099999999997,1.7777999999999992,117.80869999999999,183.550925,187.65205000000003,4.9592875,7.331012499999998,1.9301000000000004,115.11086250000001,-1.3821790064446429,-0.811922557852951
120.3,23.15,200.9192,SSP3-7.0,2081-2100,29.01140000000001,182.8429,200.31169999999997,5.113200000000003,5.700000000000003,1.5167000000000002,115.8391,181.6364375,189.30998749999998,4.7549375000000005,6.894674999999998,1.9775500000000001,113.8241875,-1.3821790064446429,-0.748726777483164
120.3,23.2,201.7078,SSP3-7.0,2081-2100,25.7586,178.2765,189.80769999999984,4.4757,6.809299999999993,2.1351999999999993,112.6696,179.66230000000002,182.962425,4.373025,5.720587500000001,2.1064750000000005,112.6663,-1.3821790064446429,-0.6855309971133726
120.3,23.25,203.524,SSP3-7.0,2081-2100,17.498899999999992,178.6367,182.6224000000002,3.821999999999999,3.472200000000001,2.3481000000000005,111.5826,177.72935,154.13633749999997,3.9060999999999995,6.2749999999999995,2.2583374999999997,111.70218750000001,-1.3821790064446429,-0.6223352167435812
120.3,23.3,183.7246,SSP3-7.0,2081-2100,18.44719999999998,177.4235,85.56650000000013,3.102899999999998,8.188899999999997,2.0685000000000002,112.1022,177.2441875,146.41881250000003,3.8269875,5.559487500000001,2.188875,110.66522499999999,-1.3821790064446429,-0.5591394363737897
120.3,23.35,177.6045,SSP3-7.0,2081-2100,17.889199999999988,177.5737,101.94180000000006,3.611900000000002,6.088899999999995,1.737,110.5522,177.27991250000002,134.84795000000005,3.7318875,6.1764,2.000925,110.6809875,-1.3821790064446429,-0.4959436560039983
120.3,23.4,171.67,SSP3-7.0,2081-2100,19.93040000000002,178.7381,142.49850000000015,4.162100000000002,6.666700000000006,1.6499999999999995,111.3,178.1197125,137.73577500000002,3.7042375,5.213199999999999,1.9608750000000001,110.6331625,-1.3821790064446429,-0.43274787563421135
120.3,23.45,181.7201,SSP3-7.0,2081-2100,17.430000000000007,180.7267,151.42599999999993,3.503,4.8463000000000065,2.0389,112.14999999999999,178.735375,144.92373750000002,3.7503625,5.670374999999998,1.9858875,110.8866875,-1.3821790064446429,-0.3695520952644199
120.3,23.5,190.8068,SSP3-7.0,2081-2100,8.385999999999996,180.7621,149.23739999999998,3.6610999999999976,7.890699999999995,2.1204,110.9196,178.60955,148.61863749999998,3.6462375000000002,4.904387499999998,2.1201375000000002,110.6195625,-1.3821790064446429,-0.3063563148946285
120.3,23.55,178.1936,SSP3-7.0,2081-2100,10.19550000000001,179.2517,152.4382999999998,3.645100000000003,2.9295999999999935,1.9833000000000007,110.4435,178.01765,156.01746250000002,3.6667625,5.613174999999999,1.9879625,109.664675,-1.3821790064446429,-0.24316053452483705
120.3,23.6,169.0598,SSP3-7.0,2081-2100,11.538600000000002,177.9923,165.95749999999998,3.5653000000000006,4.8648000000000025,1.6426000000000007,110.7196,177.5465125,150.63321249999998,3.581675,4.3678,1.8245250000000002,109.0551625,-1.3821790064446429,-0.17996475415504562
120.3,23.65,174.8116,SSP3-7.0,2081-2100,5.208300000000008,177.5962,145.7428,3.5162000000000013,4.653700000000001,1.6981000000000002,109.9913,177.3774125,154.8082875,3.59235,4.189112500000002,1.5882,108.927175,-1.3821790064446429,-0.11676897378525869
120.3,23.7,183.594,SSP3-7.0,2081-2100,4.298699999999997,177.10070000000002,157.07960000000003,3.7360000000000007,2.1351999999999975,1.4611,110.2783,176.4774125,144.620975,3.4321625,4.209950000000001,1.4912125,108.87689999999999,-1.3821790064446429,-0.053573193415467256
120.3,23.75,182.2375,SSP3-7.0,2081-2100,4.818299999999994,175.1716,147.3918000000001,3.5889999999999986,3.9296000000000006,1.3167,109.8783,175.0531875,141.63751249999999,3.4276500000000003,3.3231624999999987,1.421775,108.44647499999999,-1.3821790064446429,0.009622586954324176
120.3,23.8,182.4818,SSP3-7.0,2081-2100,6.408500000000004,173.2955,133.93409999999994,3.4128000000000007,4.236999999999995,1.3815,106.9587,172.5406625,131.7751,3.4461625000000002,2.2879750000000003,1.3650625,107.2193125,-1.3821790064446429,0.0728183673241156
120.3,23.85,168.7682,SSP3-7.0,2081-2100,12.42689999999999,168.9004,130.43540000000007,3.9269999999999996,-0.12040000000000362,1.5130000000000008,104.4587,170.7562375,116.75947499999998,3.3310375000000003,2.527325000000001,1.2382,105.48723749999999,-1.3821790064446429,0.13601414769390704
120.3,23.9,154.9006,SSP3-7.0,2081-2100,15.483599999999996,167.9238,104.69150000000002,3.4716000000000022,2.0685000000000002,1.2740999999999998,103.0957,169.6455375,108.7113125,3.3249125000000004,2.7981500000000006,1.1645875,103.9638625,-1.3821790064446429,0.19920992806369398
120.3,23.95,146.4972,SSP3-7.0,2081-2100,13.444500000000005,167.45319999999998,77.2088,3.032600000000002,2.770399999999995,1.1684999999999999,101.3957,168.5921625,90.95040000000002,3.2095,2.806475,0.9509375000000001,102.491575,-1.3821790064446429,0.26240570843348543
120.3,24.0,144.2081,SSP3-7.0,2081-2100,13.152199999999993,167.26799999999997,65.14430000000004,2.799299999999999,2.1721999999999895,0.8204000000000002,101.75869999999999,168.550375,80.81192500000003,3.1400750000000004,3.272687499999999,0.7963,101.74293750000001,-1.3821790064446429,0.32560148880327683
120.35,22.35,196.0512,SSP3-7.0,2081-2100,7.646199999999993,203.22610000000003,108.03770000000009,4.241599999999998,22.3889,2.3888999999999996,124.85,199.79807499999998,168.82309999999998,4.506712500000001,13.875699999999995,2.5203625,119.48967499999999,-1.2764851663634216,-1.759859263399809
120.35,22.5,221.2971,SSP3-7.0,2081-2100,7.388499999999993,199.59859999999998,157.27689999999984,4.407600000000002,14.864799999999995,2.6925999999999997,118.26089999999999,200.899325,139.9007125,4.3368625000000005,14.218524999999996,2.8122625,120.4144,-1.2764851663634216,-1.570271922290439
120.35,22.55,236.2247,SSP3-7.0,2081-2100,10.059699999999992,200.4101,127.22799999999984,3.8824000000000005,12.509299999999996,3.174100000000001,118.85869999999998,200.991825,134.06792499999997,4.335175000000001,14.247687499999998,2.7837875,120.735325,-1.2764851663634216,-1.5070761419206478
120.35,22.6,228.3469,SSP3-7.0,2081-2100,17.534699999999987,203.7556,123.0625,3.6553000000000004,13.348199999999999,3.222200000000001,122.91739999999999,200.80535,136.88566249999997,4.241575000000001,12.756012499999997,2.7557875000000003,121.4730875,-1.2764851663634216,-1.4438803615508562
120.35,22.65,238.678,SSP3-7.0,2081-2100,20.810000000000002,200.6945,120.45299999999997,3.5961,10.486999999999995,2.8629999999999995,123.3696,199.70183749999998,155.82998749999996,4.36015,12.461812499999999,2.5955874999999997,122.0062375,-1.2764851663634216,-1.3806845811810693
120.35,22.7,246.6065,SSP3-7.0,2081-2100,17.893699999999995,195.3541,154.1476,4.1721,13.5259,2.4240999999999993,121.2761,197.4451625,182.61478749999998,4.6267125,11.054637500000002,2.2990625000000002,121.33885000000001,-1.2764851663634216,-1.317488800811278
120.35,22.75,250.3008,SSP3-7.0,2081-2100,33.13550000000001,197.4178,248.67619999999988,5.316800000000001,10.050000000000004,1.9981000000000009,122.2891,193.04737500000002,201.568325,4.937799999999999,10.615062500000002,2.3291625,119.054075,-1.2764851663634216,-1.2542930204414864
120.35,22.8,246.0041,SSP3-7.0,2081-2100,34.389999999999986,191.78539999999998,258.3616999999999,5.6126000000000005,8.566700000000004,2.6426,120.29999999999998,187.83785,223.262075,5.3512375,9.4771,2.187712500000001,115.032075,-1.2764851663634216,-1.191097240071695
120.35,22.85,228.9874,SSP3-7.0,2081-2100,37.59709999999998,181.6523,239.37490000000003,6.0512000000000015,7.872199999999999,2.1500000000000004,110.8696,184.0279375,217.93251249999994,5.574300000000001,9.3507125,2.2909625,112.8337,-1.2764851663634216,-1.1279014597019037
120.35,22.9,228.3372,SSP3-7.0,2081-2100,29.269900000000007,182.7866,192.70249999999987,5.892500000000002,9.261099999999999,1.946299999999999,113.14779999999999,181.753775,201.69973749999997,5.765550000000001,9.957650000000001,2.2178125000000004,111.315225,-1.2764851663634216,-1.0647056793321166
120.35,22.95,240.1659,SSP3-7.0,2081-2100,12.948399999999992,185.0852,155.68380000000002,5.793200000000002,12.168500000000009,1.8407,115.8913,183.00695000000002,181.84601249999994,5.749450000000001,9.807424999999999,2.2597249999999995,113.0244625,-1.2764851663634216,-1.0015098989623252
120.35,23.0,244.5636,SSP3-7.0,2081-2100,6.760499999999979,186.4025,140.0824,5.567600000000002,11.324100000000001,1.946299999999999,116.2261,183.7568125,167.231675,5.300575,9.4296375,2.3118125000000003,114.5312625,-1.2764851663634216,-0.9383141185925338
120.35,23.05,239.9779,SSP3-7.0,2081-2100,13.006299999999982,183.61860000000001,132.27960000000007,4.694800000000001,10.418500000000002,2.1704000000000008,115.137,183.8933125,165.29121250000003,5.131312500000001,8.703949999999999,2.28705,115.2288125,-1.2764851663634216,-0.8751183382227424
120.35,23.1,232.6515,SSP3-7.0,2081-2100,13.886599999999987,182.0838,185.60150000000021,5.139200000000002,9.736999999999995,2.0759000000000007,113.52390000000001,182.32641249999998,167.06394999999998,4.847275000000001,7.857874999999999,2.3106625000000003,114.62201250000001,-1.2764851663634216,-0.811922557852951
120.35,23.15,235.644,SSP3-7.0,2081-2100,13.630200000000002,179.5959,217.58429999999998,5.267900000000001,7.2759,2.0833000000000013,112.8326,180.4489375,164.88365,4.688550000000001,7.305562499999998,2.4111124999999998,113.42446249999999,-1.2764851663634216,-0.748726777483164
120.35,23.2,227.8857,SSP3-7.0,2081-2100,18.065999999999974,178.5749,172.03639999999996,4.214400000000001,6.357399999999998,2.5,112.437,178.64565,169.16907499999996,4.3842875,6.04675,2.5849374999999997,112.295375,-1.2764851663634216,-0.6855309971133726
120.35,23.25,212.9953,SSP3-7.0,2081-2100,17.57940000000002,177.6962,164.31349999999998,3.8664999999999985,5.803699999999999,2.744399999999999,111.37389999999999,177.29193750000002,151.0857375,3.9468374999999996,5.72175,2.6516124999999997,111.779625,-1.2764851663634216,-0.6223352167435812
120.35,23.3,200.8874,SSP3-7.0,2081-2100,19.150499999999994,175.9285,165.8527999999999,3.8142999999999994,4.324100000000001,2.605599999999999,111.0674,176.4281875,148.3277375,3.8171,5.410175000000001,2.6800749999999995,111.1980875,-1.2764851663634216,-0.5591394363737897
120.35,23.35,194.7958,SSP3-7.0,2081-2100,21.477499999999992,174.9632,154.05179999999996,3.7638,6.127800000000001,2.7259,110.4435,175.9215125,142.90259999999998,3.8072625000000007,4.7685249999999995,2.286575,111.1505375,-1.2764851663634216,-0.4959436560039983
120.35,23.4,185.5828,SSP3-7.0,2081-2100,17.58190000000002,176.2781,136.79039999999986,3.440200000000001,4.616700000000002,1.713000000000001,111.5152,176.0236625,146.6241375,3.812125000000001,4.066437499999999,2.3842624999999997,110.9095125,-1.2764851663634216,-0.43274787563421135
120.35,23.45,185.7078,SSP3-7.0,2081-2100,20.930300000000017,176.7004,128.10750000000007,3.532,1.9258999999999915,2.5851999999999995,111.8196,176.2498,144.5471125,3.6858625000000003,4.886575,2.071075,110.23558750000001,-1.2764851663634216,-0.3695520952644199
120.35,23.5,192.3627,SSP3-7.0,2081-2100,14.534100000000024,174.9302,140.57870000000003,3.6141000000000005,8.218499999999999,2.3796,109.01299999999999,175.59826249999998,148.0205625,3.6627124999999996,4.378224999999999,2.206025,108.7532625,-1.2764851663634216,-0.3063563148946285
120.35,23.55,191.5476,SSP3-7.0,2081-2100,12.949700000000007,173.18949999999998,168.25829999999996,3.800099999999997,7.748100000000001,2.2722000000000007,106.1935,174.69375,152.2362625,3.7199625,5.549762499999998,2.0354125000000005,106.941575,-1.2764851663634216,-0.24316053452483705
120.35,23.6,171.1946,SSP3-7.0,2081-2100,18.262900000000002,174.1672,178.12840000000006,4.1782,6.7074,2.1648000000000005,105.4739,174.34846249999998,149.42401249999998,3.6498500000000003,5.074299999999999,1.9402625000000002,106.2174125,-1.2764851663634216,-0.17996475415504562
120.35,23.65,182.5119,SSP3-7.0,2081-2100,9.020600000000002,177.1629,141.57169999999996,3.5245999999999995,4.633299999999998,1.7314999999999996,107.3957,174.8614,155.57801250000003,3.6602625000000004,4.790287499999999,1.8518375000000002,106.3492,-1.2764851663634216,-0.11676897378525869
120.35,23.7,187.8699,SSP3-7.0,2081-2100,7.020499999999998,176.1957,173.71550000000002,3.4076999999999984,4.162999999999997,1.8852000000000002,107.6413,175.146025,142.09266250000002,3.4241750000000004,3.7669000000000015,1.658325,106.7687625,-1.2764851663634216,-0.053573193415467256
120.35,23.75,178.4038,SSP3-7.0,2081-2100,8.943200000000019,174.3377,145.99749999999995,3.060600000000001,1.5241000000000042,1.3851999999999993,107.45,174.39518750000002,143.492325,3.3542749999999995,3.2798625,1.5282500000000003,106.325275,-1.2764851663634216,0.009622586954324176
120.35,23.8,179.6057,SSP3-7.0,2081-2100,8.165099999999995,173.0747,147.09829999999988,3.358999999999998,3.0703999999999922,1.3889000000000005,106.8522,172.06615,134.8186625,3.351325,2.099537500000003,1.3370625,104.7260875,-1.2764851663634216,0.0728183673241156
120.35,23.85,175.2072,SSP3-7.0,2081-2100,17.873099999999994,170.1409,148.16239999999993,3.6492000000000004,1.3852000000000118,1.1555999999999997,103.437,170.18040000000002,123.2171125,3.3011375000000003,1.979849999999999,1.1090499999999999,103.489675,-1.2764851663634216,0.13601414769390704
120.35,23.9,162.5015,SSP3-7.0,2081-2100,14.554100000000005,168.6972,106.96340000000009,2.966899999999999,3.6722000000000037,0.6110999999999995,102.5217,168.71033749999998,110.36740000000002,3.354012500000001,2.199537500000001,1.0208499999999998,102.095125,-1.2764851663634216,0.19920992806369398
120.35,23.95,156.0889,SSP3-7.0,2081-2100,14.627900000000011,168.9308,80.64320000000009,3.2025000000000006,5.157400000000003,0.8130000000000006,101.43480000000001,168.3756125,86.16903750000002,3.0665250000000004,2.9006874999999983,0.7393624999999998,101.553,-1.2764851663634216,0.26240570843348543
120.35,24.0,149.0506,SSP3-7.0,2081-2100,15.881200000000007,169.3969,61.31819999999993,3.123100000000001,3.3074000000000012,0.5518999999999998,101.0674,168.194275,74.86596250000004,3.0115374999999998,3.4083374999999974,0.6263875,100.921475,-1.2764851663634216,0.32560148880327683
120.35,24.05,146.5864,SSP3-7.0,2081-2100,15.282700000000006,167.8791,53.65340000000003,3.0455000000000005,3.1462999999999965,0.2907000000000002,99.70649999999999,167.92902500000002,65.41643750000003,3.0044874999999998,2.909262499999996,0.625475,100.2723,-1.2764851663634216,0.3887972691730683
120.4,22.5,207.384,SSP3-7.0,2081-2100,8.319200000000023,199.0504,145.19959999999992,4.432299999999998,15.092599999999997,2.5907,119.037,199.56130000000002,151.19093749999993,4.470675000000001,14.192374999999995,2.5173625,119.49754999999999,-1.1707913262821703,-1.570271922290439
120.4,22.55,229.0997,SSP3-7.0,2081-2100,11.074999999999989,199.7085,79.89070000000015,4.373900000000003,15.753699999999995,2.209299999999999,120.06300000000002,199.8557,138.3099499999999,4.33915,13.945387499999999,2.7161875000000006,119.81168749999999,-1.1707913262821703,-1.5070761419206478
120.4,22.6,239.1591,SSP3-7.0,2081-2100,22.27150000000003,200.3166,90.27239999999983,4.2957,13.416699999999999,2.290700000000001,121.5152,199.31111249999998,129.44389999999996,4.1370000000000005,12.433112499999998,2.8148250000000004,120.21385,-1.1707913262821703,-1.4438803615508562
120.4,22.65,245.7498,SSP3-7.0,2081-2100,22.918600000000026,198.6461,141.6612,4.2468,12.292599999999993,2.372200000000001,120.79560000000001,197.7363,135.28406249999995,4.03275,11.2599625,2.9344875000000004,120.615225,-1.1707913262821703,-1.3806845811810693
120.4,22.7,249.8626,SSP3-7.0,2081-2100,23.20859999999999,196.8832,163.00340000000006,4.0517,10.581499999999998,3.0869999999999997,122.21519999999998,193.98551250000003,148.97917499999997,4.3045124999999995,10.661350000000002,2.7349625,118.4279875,-1.1707913262821703,-1.317488800811278
120.4,22.75,262.3101,SSP3-7.0,2081-2100,12.941900000000032,192.82190000000003,145.41200000000003,4.796599999999998,10.105600000000003,2.713000000000001,119.7152,189.0377375,183.30701249999996,4.778375,10.184037500000002,2.8988375,115.40163749999999,-1.1707913262821703,-1.2542930204414864
120.4,22.8,252.613,SSP3-7.0,2081-2100,28.678600000000017,181.334,215.62699999999995,5.778599999999997,10.007400000000004,3.2074,108.42830000000001,183.60387500000002,202.66919999999996,5.328412500000001,9.3183,2.699775,111.4625125,-1.1707913262821703,-1.191097240071695
120.4,22.85,245.8822,SSP3-7.0,2081-2100,27.39699999999999,172.3302,209.28269999999998,5.892000000000003,9.401899999999998,2.911100000000001,102.06089999999999,180.151125,210.36937499999993,5.548287500000001,9.131475000000002,2.6719874999999997,109.2274625,-1.1707913262821703,-1.1279014597019037
120.4,22.9,260.1326,SSP3-7.0,2081-2100,12.710299999999961,175.5436,145.51199999999972,5.214700000000001,11.438900000000004,2.6407000000000007,105.6609,178.7170125,185.50493749999998,5.492762500000001,10.069437500000001,2.5363374999999997,108.2554375,-1.1707913262821703,-1.0647056793321166
120.4,22.95,265.6406,SSP3-7.0,2081-2100,2.043900000000008,180.179,105.17599999999993,5.1266,11.803700000000006,2.7388999999999992,108.7239,180.41905,154.80784999999995,5.251762500000002,11.2814875,2.54235,110.0722875,-1.1707913262821703,-1.0015098989623252
120.4,23.0,259.5552,SSP3-7.0,2081-2100,5.407999999999959,181.42829999999998,121.43810000000008,5.080300000000001,10.427799999999998,2.513,110.9957,181.85165,136.70303749999994,4.9569125000000005,11.449312500000003,2.6305625,111.63941249999999,-1.1707913262821703,-0.9383141185925338
120.4,23.05,257.5938,SSP3-7.0,2081-2100,5.6743999999999915,182.4134,151.45159999999987,4.6129,8.035200000000003,2.359300000000001,113.0522,181.5773375,134.93091250000003,4.9161125000000006,10.969449999999998,2.610425,112.3524625,-1.1707913262821703,-0.8751183382227424
120.4,23.1,258.2545,SSP3-7.0,2081-2100,8.562700000000007,179.8561,127.5974000000001,4.937999999999999,10.0019,2.9093,112.50649999999999,180.32305000000002,148.89662500000003,4.737525000000001,9.330549999999999,2.6141125000000005,112.298375,-1.1707913262821703,-0.811922557852951
120.4,23.15,265.9338,SSP3-7.0,2081-2100,7.072499999999991,178.0579,151.46169999999984,4.668000000000003,6.938899999999997,3.1333,111.5674,178.550075,147.05120000000008,4.58715,8.544212499999999,2.785175,111.41358749999999,-1.1707913262821703,-0.748726777483164
120.4,23.2,247.6968,SSP3-7.0,2081-2100,5.429100000000005,177.40810000000002,104.31420000000003,3.921999999999997,6.1259000000000015,3.2407000000000004,111.0435,177.107125,157.49319999999997,4.314937500000001,7.071300000000001,3.060175,110.73695000000001,-1.1707913262821703,-0.6855309971133726
120.4,23.25,241.2646,SSP3-7.0,2081-2100,14.705299999999994,176.651,142.93709999999987,3.939,6.248100000000008,3.4777999999999993,111.4543,175.8461875,153.09004999999996,4.0587125,5.614587500000001,3.1430499999999997,110.37663749999999,-1.1707913262821703,-0.6223352167435812
120.4,23.3,229.3535,SSP3-7.0,2081-2100,18.865800000000007,175.43630000000002,165.54880000000003,4.2844000000000015,4.248100000000001,2.8369999999999997,111.8804,174.727475,162.71412499999994,3.9310125,4.8527875000000025,3.4726874999999997,110.2687375,-1.1707913262821703,-0.5591394363737897
120.4,23.35,217.5594,SSP3-7.0,2081-2100,22.049299999999988,173.04489999999998,189.63999999999987,4.1463,3.1037000000000035,3.5019,110.1956,174.17681249999998,159.24496249999993,3.7990500000000007,3.5782499999999997,3.0657375,110.6815125,-1.1707913262821703,-0.4959436560039983
120.4,23.4,194.6296,SSP3-7.0,2081-2100,21.49109999999999,172.949,155.38199999999983,3.896000000000001,0.9110999999999905,2.1796000000000006,110.5913,173.86102499999998,154.86626249999995,3.6569250000000006,3.5155125,3.0926125,110.602975,-1.1707913262821703,-0.43274787563421135
120.4,23.45,191.9373,SSP3-7.0,2081-2100,24.523300000000006,173.4933,149.94550000000004,3.8819000000000017,2.8611000000000004,2.6555999999999997,110.2239,173.07998750000002,140.33769999999996,3.4862375,3.8247624999999985,2.4944500000000005,108.942925,-1.1707913262821703,-0.3695520952644199
120.4,23.5,197.1109,SSP3-7.0,2081-2100,15.880500000000012,172.1209,130.51840000000016,3.3284999999999982,3.0814999999999984,1.8315000000000001,106.1717,171.742825,145.8839,3.6757125,5.4861,2.5979124999999996,106.495375,-1.1707913262821703,-0.3063563148946285
120.4,23.55,194.6141,SSP3-7.0,2081-2100,18.516899999999993,168.54149999999998,154.23310000000015,3.9499999999999993,3.742600000000003,2.1610999999999994,102.1043,171.0233875,147.1466,3.6966999999999994,6.693287499999999,2.3157250000000005,103.883425,-1.1707913262821703,-0.24316053452483705
120.4,23.6,169.4447,SSP3-7.0,2081-2100,18.167599999999993,169.7841,146.79829999999993,3.8173999999999992,6.962999999999994,2.000000000000001,100.68700000000001,171.17714999999998,145.26822500000003,3.712925,6.0826375,2.108325,103.0478375,-1.1707913262821703,-0.17996475415504562
120.4,23.65,188.9892,SSP3-7.0,2081-2100,8.87129999999999,171.2695,120.39210000000003,3.3801000000000023,5.0593,2.0332999999999997,102.20439999999999,172.2507375,143.55586250000002,3.6157874999999993,5.369449999999998,1.9243125000000003,103.09675000000001,-1.1707913262821703,-0.11676897378525869
120.4,23.7,189.6133,SSP3-7.0,2081-2100,5.855799999999988,174.7855,156.8099000000002,3.6812000000000005,3.7759,1.9296000000000006,103.7978,172.49855,130.81144999999998,3.2536124999999996,4.084975000000002,1.7250125,103.2434875,-1.1707913262821703,-0.053573193415467256
120.4,23.75,184.6684,SSP3-7.0,2081-2100,6.7050000000000125,173.7441,121.75589999999988,2.9056999999999995,4.42410000000001,1.711100000000001,103.15429999999999,172.348225,135.141925,3.186987499999999,2.772937500000001,1.6347375,103.32255,-1.1707913262821703,0.009622586954324176
120.4,23.8,181.3336,SSP3-7.0,2081-2100,8.7286,171.7937,110.1534999999999,2.742799999999999,0.5037000000000091,1.1519000000000004,102.0413,171.5635,134.15479999999997,3.2318624999999996,2.452575000000003,1.410425,102.7092375,-1.1707913262821703,0.0728183673241156
120.4,23.85,177.2337,SSP3-7.0,2081-2100,16.53649999999999,169.1453,140.71870000000013,3.523500000000002,0.9129999999999967,1.0814999999999992,100.4304,170.359575,123.31522499999997,3.1448749999999994,1.9845000000000015,1.114125,102.20054999999999,-1.1707913262821703,0.13601414769390704
120.4,23.9,165.6823,SSP3-7.0,2081-2100,15.249300000000005,168.6126,111.74199999999996,3.0055000000000014,1.4943999999999988,0.4703999999999997,101.5587,168.92576250000002,114.61182500000002,3.2648125,2.2092750000000017,0.9062499999999999,100.9119625,-1.1707913262821703,0.19920992806369398
120.4,23.95,168.0032,SSP3-7.0,2081-2100,15.665700000000015,168.5757,89.33719999999994,3.020199999999999,3.927800000000005,0.6906999999999996,100.95,168.190975,92.60656250000004,3.0917375000000002,2.171062499999999,0.5671499999999998,100.3279875,-1.1707913262821703,0.26240570843348543
120.4,24.0,160.5416,SSP3-7.0,2081-2100,17.77260000000001,169.07750000000001,72.94690000000014,3.1129999999999995,3.792599999999993,0.32779999999999987,100.0761,167.59855,75.04067500000001,3.037225,2.1453749999999987,0.4500124999999999,99.5679375,-1.1707913262821703,0.32560148880327683
120.4,24.05,156.3616,SSP3-7.0,2081-2100,21.169099999999986,167.67270000000002,53.03049999999996,2.9122999999999983,2.6277999999999935,0.28889999999999993,99.5283,167.42305,63.02557499999999,2.9183124999999994,2.0826499999999974,0.4150499999999999,99.1508125,-1.1707913262821703,0.3887972691730683
120.4,24.1,153.5601,SSP3-7.0,2081-2100,19.025199999999984,168.0325,42.72260000000006,2.924199999999999,3.6814999999999998,0.5869999999999997,99.1413,167.0796,54.42616250000003,2.8366499999999992,2.231949999999996,0.4439749999999999,98.8665875,-1.1707913262821703,0.4519930495428597
120.4,24.15,150.4574,SSP3-7.0,2081-2100,19.959299999999985,166.3563,43.37689999999998,2.7804,2.1944000000000017,0.4443999999999999,98.81739999999999,166.85285,46.14875000000005,2.7189624999999995,2.0583374999999986,0.40602499999999997,98.0742,-1.1707913262821703,0.5151888299126467
120.45,22.45,184.9807,SSP3-7.0,2081-2100,19.570299999999975,200.89860000000002,187.0664999999999,4.618400000000001,14.41109999999999,2.4925999999999995,121.0087,198.69822499999998,196.71581250000006,4.651675,13.868062499999997,2.4585500000000002,119.0676625,-1.0650974862009488,-1.6334677026602307
120.45,22.5,186.9582,SSP3-7.0,2081-2100,15.483800000000002,198.7651,166.98360000000002,4.834399999999999,15.538899999999998,2.037000000000001,118.35,198.5695875,182.49608749999996,4.50225,13.361812499999996,2.6905124999999996,119.1426625,-1.0650974862009488,-1.570271922290439
120.45,22.55,220.504,SSP3-7.0,2081-2100,11.740200000000016,198.4221,155.38069999999993,4.7362,15.035199999999996,2.5500000000000007,119.31299999999999,198.3023375,147.39306249999996,4.3445875,12.799087499999999,2.63865,119.277725,-1.0650974862009488,-1.5070761419206478
120.45,22.6,233.7048,SSP3-7.0,2081-2100,21.234199999999987,198.52710000000002,141.07589999999982,4.4693000000000005,11.757400000000004,3.1722,120.24130000000001,196.30521249999998,132.76178749999997,4.114050000000001,11.518762500000001,2.7965375000000003,118.180975,-1.0650974862009488,-1.4438803615508562
120.45,22.65,252.1399,SSP3-7.0,2081-2100,20.0557,194.32489999999999,146.79919999999993,4.135999999999999,8.281500000000008,2.9556000000000004,116.1522,194.09855,139.84191249999995,4.000662500000001,9.7972375,3.183325,117.514675,-1.0650974862009488,-1.3806845811810693
120.45,22.7,261.5788,SSP3-7.0,2081-2100,15.26600000000002,192.0344,143.45849999999996,3.8857999999999997,8.6815,3.4611,117.2348,188.651325,137.9622625,4.138274999999999,9.441225000000003,3.2414500000000004,113.325275,-1.0650974862009488,-1.317488800811278
120.45,22.75,267.5862,SSP3-7.0,2081-2100,8.134299999999996,180.5904,91.22569999999996,4.285899999999998,11.866700000000009,3.092599999999999,106.59129999999999,184.231025,158.07766250000003,4.507462499999999,9.47015,3.3574124999999997,110.61088749999999,-1.0650974862009488,-1.2542930204414864
120.45,22.8,246.563,SSP3-7.0,2081-2100,21.939700000000016,176.9026,191.9559999999999,5.1235,8.192599999999999,3.277799999999999,104.8783,178.425,164.8868375,4.8254,10.187975000000002,3.1768625,106.1986625,-1.0650974862009488,-1.191097240071695
120.45,22.85,241.4185,SSP3-7.0,2081-2100,28.719100000000026,175.3304,237.06439999999998,5.5487,8.490699999999997,2.812999999999999,104.9957,176.1447875,183.7243875,5.0427,10.22755,3.1465125,104.76795,-1.0650974862009488,-1.1279014597019037
120.45,22.9,252.5991,SSP3-7.0,2081-2100,17.9503,175.8741,202.3565000000001,5.1645,9.2222,2.6981,105.5391,175.82299999999998,173.71658749999997,5.008625,10.474775000000001,3.0407374999999996,104.73587500000001,-1.0650974862009488,-1.0647056793321166
120.45,22.95,275.3526,SSP3-7.0,2081-2100,3.649000000000001,176.4983,142.39869999999996,4.473400000000002,12.3352,3.1925999999999988,104.8152,177.71101249999998,160.5999625,4.982275,11.398850000000003,2.9497625,106.3407625,-1.0650974862009488,-1.0015098989623252
120.45,23.0,285.0495,SSP3-7.0,2081-2100,8.983299999999986,179.73380000000003,138.2887999999998,4.8279,14.074100000000001,3.5610999999999997,108.3022,179.13813750000003,148.07196249999993,4.738975,11.256262500000002,2.9750125,107.777725,-1.0650974862009488,-0.9383141185925338
120.45,23.05,283.224,SSP3-7.0,2081-2100,9.666600000000017,180.88240000000002,128.26339999999982,4.558899999999998,11.435200000000002,3.2352000000000007,110.9674,179.631575,141.11531250000002,4.7273499999999995,11.481962500000002,2.969225,109.397025,-1.0650974862009488,-0.8751183382227424
120.45,23.1,284.2293,SSP3-7.0,2081-2100,8.809799999999996,178.6132,105.89610000000016,4.522199999999998,10.336999999999996,2.472199999999999,111.1609,178.7890375,145.46311249999997,4.644450000000001,10.354187500000002,3.1138875,109.9282625,-1.0650974862009488,-0.811922557852951
120.45,23.15,288.1429,SSP3-7.0,2081-2100,3.718900000000019,177.3192,118.63480000000027,4.436300000000003,10.466700000000003,3.3833,110.1456,177.1037875,139.5230625,4.5302875,9.2534875,3.052075,109.36468749999999,-1.0650974862009488,-0.748726777483164
120.45,23.2,282.192,SSP3-7.0,2081-2100,8.08499999999998,174.9494,144.74489999999992,4.257200000000001,8.051899999999996,3.6167,107.6587,175.3334,142.21149999999994,4.228875,7.753475000000003,3.297675,108.572825,-1.0650974862009488,-0.6855309971133726
120.45,23.25,276.5424,SSP3-7.0,2081-2100,12.466700000000003,174.01250000000002,148.23289999999997,3.8702000000000005,5.427800000000005,3.5426,108.4261,173.700725,134.30693749999992,4.1047125,6.981937500000002,3.4097125,107.741575,-1.0650974862009488,-0.6223352167435812
120.45,23.3,256.2755,SSP3-7.0,2081-2100,20.105399999999975,172.7636,159.67689999999993,4.2407,4.577800000000003,4.0573999999999995,109.1261,172.3468125,132.82817499999993,3.8412375000000005,6.0305500000000025,3.7666625,107.627975,-1.0650974862009488,-0.5591394363737897
120.45,23.35,241.0817,SSP3-7.0,2081-2100,20.270699999999977,172.7599,177.00800000000004,3.8073000000000015,3.209299999999999,5.1259,110.063,171.84867500000001,126.63041249999992,3.6457250000000005,4.5043875,3.4536875,108.510325,-1.0650974862009488,-0.4959436560039983
120.45,23.4,221.4944,SSP3-7.0,2081-2100,14.538399999999996,172.3359,159.6489999999999,3.1457000000000015,0.6111000000000004,3.281500000000001,110.7652,171.6604875,130.01654999999997,3.6026125000000007,4.2921249999999995,3.532175,108.98558750000001,-1.0650974862009488,-0.43274787563421135
120.45,23.45,203.6636,SSP3-7.0,2081-2100,25.83340000000001,171.3125,143.73789999999985,3.5382,5.668500000000002,3.1518999999999995,109.7978,170.9412625,126.80955,3.4630375,3.580312499999999,2.8712875,107.457875,-1.0650974862009488,-0.3695520952644199
120.45,23.5,216.1281,SSP3-7.0,2081-2100,21.88250000000002,168.0129,127.93769999999995,3.395199999999999,5.564800000000005,2.8332999999999995,101.86959999999999,169.78752500000002,133.86146250000004,3.673925,4.884025,2.70695,105.1804125,-1.0650974862009488,-0.3063563148946285
120.45,23.55,203.0046,SSP3-7.0,2081-2100,16.413600000000002,167.76229999999998,154.27250000000004,3.694200000000002,8.159300000000002,2.7443999999999997,100.9413,168.943075,130.60573750000003,3.5949999999999993,5.237962499999999,2.4625,102.3173875,-1.0650974862009488,-0.24316053452483705
120.45,23.6,193.698,SSP3-7.0,2081-2100,11.990199999999987,168.22,130.68049999999994,3.745899999999999,7.103699999999996,2.3,100.71740000000001,169.20601249999999,130.06815000000003,3.5809375000000006,5.739125,2.3476875,100.9481,-1.0650974862009488,-0.17996475415504562
120.45,23.65,187.914,SSP3-7.0,2081-2100,12.028100000000023,169.1043,114.6092000000001,3.430299999999999,5.507399999999997,1.4593000000000007,99.3522,170.23805,124.18621250000001,3.47235,5.710187499999999,2.2648125,100.70816250000001,-1.0650974862009488,-0.11676897378525869
120.45,23.7,196.2103,SSP3-7.0,2081-2100,4.550400000000025,168.58620000000002,106.13339999999994,3.1409999999999982,4.1019000000000005,1.9241000000000001,99.7087,170.93746249999998,117.47371250000003,3.2803750000000003,5.131712500000003,1.925925,100.39537499999999,-1.0650974862009488,-0.053573193415467256
120.45,23.75,176.8161,SSP3-7.0,2081-2100,9.972899999999981,169.588,122.31629999999996,3.1788999999999987,3.2667000000000073,1.670399999999999,99.04129999999999,171.0389625,116.77837500000001,3.0769499999999996,4.2051000000000025,1.8243125,100.717375,-1.0650974862009488,0.009622586954324176
120.45,23.8,172.7138,SSP3-7.0,2081-2100,13.762200000000007,170.4243,118.91100000000006,2.924699999999998,1.7777999999999992,1.7425999999999995,100.0478,170.857025,121.29633749999999,3.0993625000000002,3.464137500000003,1.5034750000000001,100.78857500000001,-1.0650974862009488,0.0728183673241156
120.45,23.85,172.6274,SSP3-7.0,2081-2100,16.53540000000001,172.053,128.27829999999994,3.2532999999999994,3.259300000000003,1.1481000000000012,101.2609,169.5637375,116.87932500000002,3.124725,2.4780124999999984,1.3180625,100.66058749999999,-1.0650974862009488,0.13601414769390704
120.45,23.9,166.1502,SSP3-7.0,2081-2100,19.328099999999978,168.08020000000002,115.21289999999999,3.2576,0.7129999999999939,1.2443999999999997,99.8848,168.3386375,112.5563875,3.2919625000000003,2.3865749999999997,0.9340249999999999,100.02553750000001,-1.0650974862009488,0.19920992806369398
120.45,23.95,174.7063,SSP3-7.0,2081-2100,16.95689999999999,165.783,107.57850000000008,3.2453000000000003,-1.3537000000000035,0.5055999999999994,97.3761,167.429975,94.51872499999999,3.1628249999999998,2.431024999999998,0.6569499999999997,99.620375,-1.0650974862009488,0.26240570843348543
120.45,24.0,172.2528,SSP3-7.0,2081-2100,23.05499999999998,166.9496,84.44740000000002,2.8200000000000003,0.5852000000000004,0.0129999999999999,98.7043,166.67255,80.58629999999998,3.076824999999999,1.642837499999997,0.49629999999999974,98.7424,-1.0650974862009488,0.32560148880327683
120.45,24.05,163.1144,SSP3-7.0,2081-2100,23.395100000000014,165.60060000000001,70.31700000000001,2.9288999999999987,-0.23520000000000607,0.4462999999999999,97.7761,167.21145,63.39176250000001,2.8391749999999987,1.9768749999999962,0.4030124999999998,98.906525,-1.0650974862009488,0.3887972691730683
120.45,24.1,157.3901,SSP3-7.0,2081-2100,22.226799999999997,166.4553,43.97719999999981,2.609099999999998,1.7667000000000002,0.5092999999999996,98.5022,166.7561375,53.09582500000003,2.7676374999999993,1.7601874999999971,0.5286875,98.4318,-1.0650974862009488,0.4519930495428597
120.45,24.15,154.1392,SSP3-7.0,2081-2100,21.687900000000013,166.5342,33.68150000000014,2.5776000000000003,3.231499999999997,0.6074000000000002,97.9457,166.89336250000002,46.973700000000036,2.7179374999999997,2.0337875000000007,0.4835625,98.30000000000001,-1.0650974862009488,0.5151888299126467
120.45,24.2,153.3517,SSP3-7.0,2081-2100,22.962500000000006,166.5749,42.8561000000002,2.7273999999999994,2.033299999999997,0.00930000000000053,96.437,166.486825,45.35540000000003,2.7540750000000003,2.3217500000000024,0.5275375000000001,98.04429999999999,-1.0650974862009488,0.578384610282438
120.5,22.4,199.1072,SSP3-7.0,2081-2100,14.757900000000006,199.6391,197.3751000000002,4.5981999999999985,11.679599999999994,2.0333000000000006,120.7217,196.79534999999998,226.11252500000003,4.6670125,13.191675,2.6576499999999994,117.56141249999999,-0.9594036461197276,-1.696663483030022
120.5,22.45,202.3235,SSP3-7.0,2081-2100,20.398899999999998,200.22469999999998,235.46630000000005,4.807100000000002,11.799999999999997,2.5389,120.45649999999999,197.2956125,216.59405,4.6349625,13.288424999999997,2.539575,117.8116875,-0.9594036461197276,-1.6334677026602307
120.5,22.5,214.1717,SSP3-7.0,2081-2100,21.0171,198.3708,245.42869999999994,4.616800000000001,12.009299999999996,2.6925999999999988,118.61089999999999,197.244175,193.7304125,4.4941125,12.974999999999998,2.8159625000000004,118.0241875,-0.9594036461197276,-1.570271922290439
120.5,22.55,231.1404,SSP3-7.0,2081-2100,12.014299999999992,197.87550000000002,170.27019999999993,4.100999999999999,11.488900000000008,3.3315,118.89569999999999,194.9917375,182.19698749999998,4.198375,11.007187499999997,3.0367875,117.091575,-0.9594036461197276,-1.5070761419206478
120.5,22.6,229.9008,SSP3-7.0,2081-2100,13.53819999999999,193.80470000000003,140.02340000000004,3.633300000000002,7.3352,2.7851999999999997,117.5087,191.751575,154.41286249999993,3.9548375,9.904400000000003,3.5231500000000002,114.93017499999999,-0.9594036461197276,-1.4438803615508562
120.5,22.65,250.338,SSP3-7.0,2081-2100,17.923399999999987,187.3433,137.79649999999992,3.3895000000000017,8.546300000000002,3.8778000000000006,111.20439999999999,188.5689125,153.0079499999999,3.9245499999999995,8.0840375,3.7203749999999998,113.33995,-0.9594036461197276,-1.3806845811810693
120.5,22.7,257.1677,SSP3-7.0,2081-2100,23.45889999999997,185.233,161.44399999999996,4.033199999999997,5.7667,4.420399999999999,109.4022,181.99958750000002,141.25201249999992,4.08295,9.132187500000004,3.8231625,107.95925,-0.9594036461197276,-1.317488800811278
120.5,22.75,253.0183,SSP3-7.0,2081-2100,15.327799999999968,173.3678,116.3561000000002,4.166499999999999,8.08890000000001,3.4130000000000003,100.5261,178.9953375,155.16094999999993,4.386799999999999,9.904175,3.9240749999999993,106.028825,-0.9594036461197276,-1.2542930204414864
120.5,22.8,254.5648,SSP3-7.0,2081-2100,14.42840000000001,175.2713,127.36430000000018,4.223800000000001,14.336999999999996,3.2796000000000003,102.487,175.0815125,164.23757499999994,4.5638499999999995,9.750000000000002,3.7821874999999996,103.3837125,-0.9594036461197276,-1.191097240071695
120.5,22.85,255.6571,SSP3-7.0,2081-2100,14.500499999999988,176.35399999999998,176.76249999999982,3.911100000000001,9.205600000000004,3.985199999999999,104.7848,174.8464875,183.903975,4.860775,10.879137499999999,3.4032374999999995,103.6331625,-0.9594036461197276,-1.1279014597019037
120.5,22.9,262.6279,SSP3-7.0,2081-2100,17.253299999999967,175.5485,200.9341000000004,5.0334,10.014799999999994,3.1722,104.3043,175.0336,185.14734999999993,4.7984375,11.181012500000003,3.2766249999999992,103.58695,-0.9594036461197276,-1.0647056793321166
120.5,22.95,278.503,SSP3-7.0,2081-2100,8.771400000000028,174.8,172.6023,4.8690999999999995,11.107400000000005,2.8721999999999994,102.54129999999999,176.21652500000002,191.0333875,4.9224499999999995,12.374312500000002,3.19445,104.180425,-0.9594036461197276,-1.0015098989623252
120.5,23.0,297.2332,SSP3-7.0,2081-2100,10.199199999999962,178.5808,198.4919,4.541699999999999,13.101900000000008,3.4018999999999995,104.6587,177.04090000000002,169.24026249999994,4.873525,12.503487500000002,3.1745374999999996,105.2154875,-0.9594036461197276,-0.9383141185925338
120.5,23.05,299.1761,SSP3-7.0,2081-2100,13.250499999999988,178.3229,164.75369999999975,4.648900000000001,11.8037,3.487,106.4674,177.8515875,160.26340000000008,4.812212499999999,12.499787500000004,3.1034749999999995,106.94049999999999,-0.9594036461197276,-0.8751183382227424
120.5,23.1,303.6556,SSP3-7.0,2081-2100,14.046800000000019,178.1041,121.00490000000036,4.646899999999999,14.074100000000008,3.049999999999999,108.03259999999999,177.095425,156.55513749999997,4.747400000000001,11.2977,3.2152625,107.5182125,-0.9594036461197276,-0.811922557852951
120.5,23.15,302.0877,SSP3-7.0,2081-2100,26.620900000000006,175.3563,200.5373999999997,4.6457000000000015,10.077800000000003,3.3537,106.687,176.0232,141.8520000000001,4.608862500000001,10.7335875,3.141425,107.3323375,-0.9594036461197276,-0.748726777483164
120.5,23.2,316.0196,SSP3-7.0,2081-2100,19.112799999999993,174.48520000000002,160.62789999999995,4.642299999999999,8.4204,2.6407000000000007,106.26089999999999,173.77662500000002,138.66253749999996,4.273275000000002,9.306725,3.4189875,106.0029875,-0.9594036461197276,-0.6855309971133726
120.5,23.25,308.7537,SSP3-7.0,2081-2100,25.796100000000024,169.37699999999998,110.94599999999991,3.7074999999999996,8.322200000000002,3.6092999999999993,102.9978,172.529675,116.87758749999998,4.071675000000001,8.352325,3.3893500000000003,105.6127875,-0.9594036461197276,-0.6223352167435812
120.5,23.3,307.9355,SSP3-7.0,2081-2100,27.795000000000016,168.5352,85.6596999999997,3.8446,9.8611,3.7981,101.51089999999999,171.00673749999999,96.58126250000001,3.7270625000000006,7.3759250000000005,3.7083375,105.45434999999999,-0.9594036461197276,-0.5591394363737897
120.5,23.35,284.4778,SSP3-7.0,2081-2100,12.196500000000015,168.95770000000002,42.652900000000045,3.130600000000001,7.824100000000001,4.2407,104.4957,170.5204625,85.32028749999995,3.4684250000000003,6.262725,3.5979125,106.559775,-0.9594036461197276,-0.4959436560039983
120.5,23.4,236.4689,SSP3-7.0,2081-2100,10.252800000000008,170.7668,54.83400000000006,2.477499999999999,4.8980999999999995,3.7333,109.5174,169.7930625,85.88769999999994,3.4448250000000002,5.7416624999999994,3.4398250000000004,106.85188749999999,-0.9594036461197276,-0.43274787563421135
120.5,23.45,227.6155,SSP3-7.0,2081-2100,22.536599999999993,169.99980000000002,126.93209999999999,3.943100000000001,5.8611,3.6685,107.0,168.9250875,81.76163749999995,3.2489749999999997,4.9893374999999995,3.0257,106.3961875,-0.9594036461197276,-0.3695520952644199
120.5,23.5,227.3932,SSP3-7.0,2081-2100,26.91549999999998,167.85150000000002,109.2777000000001,3.6363999999999983,4.853699999999996,2.786999999999999,103.5239,168.21355,101.3865625,3.5247125,5.764800000000001,3.06575,104.20597500000001,-0.9594036461197276,-0.3063563148946285
120.5,23.55,216.9757,SSP3-7.0,2081-2100,27.449300000000022,167.2184,101.97450000000003,3.4191000000000003,4.8444,2.6556000000000015,101.68039999999999,168.23138749999998,111.95747500000002,3.5232,5.800224999999999,2.9534624999999997,102.07853750000001,-0.9594036461197276,-0.24316053452483705
120.5,23.6,221.8191,SSP3-7.0,2081-2100,16.069800000000015,169.7953,143.4257,3.467500000000001,5.75,3.131500000000001,101.7848,168.414925,116.756575,3.5295875000000003,6.0090125,2.674075,99.94591249999999,-0.9594036461197276,-0.17996475415504562
120.5,23.65,203.9974,SSP3-7.0,2081-2100,15.756699999999995,170.1727,104.83979999999997,3.488900000000001,5.8870000000000005,2.596300000000001,98.8304,168.758625,120.1662375,3.40385,6.0196749999999986,2.4324125,98.8266375,-0.9594036461197276,-0.11676897378525869
120.5,23.7,192.0714,SSP3-7.0,2081-2100,6.659899999999993,169.29109999999997,84.41000000000008,3.056799999999999,7.040700000000001,2.2036999999999995,97.93480000000001,168.8456375,120.10225000000003,3.3264625,5.821075000000001,2.187975,97.574175,-0.9594036461197276,-0.053573193415467256
120.5,23.75,173.0611,SSP3-7.0,2081-2100,16.21119999999999,169.5445,114.65650000000005,3.121100000000002,6.0926000000000045,1.8037,98.84779999999999,169.612325,116.13940000000005,3.1309999999999993,5.5310375,2.093075,98.14185,-0.9594036461197276,0.009622586954324176
120.5,23.8,165.0206,SSP3-7.0,2081-2100,20.732499999999987,170.1423,121.39679999999998,3.042300000000001,5.924099999999996,2.1277999999999997,100.2065,170.65015,118.93405000000004,3.1094125,5.3581125000000025,1.7076375000000001,99.15923749999999,-0.9594036461197276,0.0728183673241156
120.5,23.85,168.0732,SSP3-7.0,2081-2100,16.99279999999999,170.8453,111.0947000000001,3.0273000000000003,3.3295999999999992,1.3333000000000004,101.3261,170.22641249999998,117.92417500000002,3.17035,5.062049999999998,1.6141125,99.8413,-0.9594036461197276,0.13601414769390704
120.5,23.9,169.8942,SSP3-7.0,2081-2100,19.8407,167.46620000000001,105.80500000000006,3.4741,5.1684999999999945,1.3925999999999998,99.7891,169.0424875,116.16784999999999,3.3225124999999998,3.1729125,1.1601625000000002,99.7421125,-0.9594036461197276,0.19920992806369398
120.5,23.95,184.0378,SSP3-7.0,2081-2100,18.879999999999995,164.228,105.89669999999978,3.7865,2.3537000000000035,0.8499999999999996,97.513,168.2496,101.30311250000003,3.2077999999999993,2.0837999999999974,0.8638874999999998,99.54945000000001,-0.9594036461197276,0.26240570843348543
120.5,24.0,179.1759,SSP3-7.0,2081-2100,18.344499999999982,166.45,70.76170000000002,2.8256999999999977,1.4129999999999967,0.26669999999999927,98.48700000000001,167.559525,88.90836249999995,3.1611749999999996,0.9467624999999993,0.5900374999999999,99.10325,-0.9594036461197276,0.32560148880327683
120.5,24.05,168.6595,SSP3-7.0,2081-2100,23.768100000000004,165.99290000000002,74.82189999999991,2.7826999999999984,0.6166999999999945,0.5944000000000003,98.2326,167.91955,66.50437499999998,2.8390499999999994,1.5817249999999987,0.47291249999999974,99.2989125,-0.9594036461197276,0.3887972691730683
120.5,24.1,158.9785,SSP3-7.0,2081-2100,24.889100000000013,167.0611,64.42590000000018,2.726399999999998,1.3314999999999912,0.6369999999999996,98.58040000000001,167.4165125,54.09274999999997,2.7247,1.8347250000000006,0.6245250000000001,98.98315,-0.9594036461197276,0.4519930495428597
120.5,24.15,158.5858,SSP3-7.0,2081-2100,21.026600000000002,166.7988,42.390300000000025,2.5086000000000013,0.6333000000000055,0.6241000000000003,97.4326,167.205025,48.545750000000055,2.7601875,2.5858750000000006,0.4949000000000001,98.35978750000001,-0.9594036461197276,0.5151888299126467
120.5,24.2,160.4429,SSP3-7.0,2081-2100,23.58449999999999,165.69330000000002,46.10590000000002,2.7661000000000016,1.1611000000000047,-0.014800000000000146,97.0261,167.29702500000002,51.5170375000001,2.8299875000000005,2.407162500000002,0.5877250000000003,98.12256249999999,-0.9594036461197276,0.578384610282438
120.5,24.25,164.6783,SSP3-7.0,2081-2100,25.94829999999999,163.9512,56.40800000000013,2.8857,1.8573999999999984,0.4333,96.4739,166.38203750000002,56.571225000000055,2.871912500000001,2.427537500000004,0.3370500000000002,97.46577500000001,-0.9594036461197276,0.6415803906522295
120.5,24.3,159.7178,SSP3-7.0,2081-2100,25.515299999999996,162.98540000000003,62.289400000000114,2.9788999999999994,3.3907000000000096,0.07779999999999987,96.1413,165.10365000000002,73.63395000000003,2.966537500000001,2.9594875000000025,0.25926250000000006,97.3478375,-0.9594036461197276,0.704776171022021
120.55,22.4,227.6629,SSP3-7.0,2081-2100,11.360099999999989,197.84619999999998,199.27010000000018,4.695399999999999,16.220399999999998,2.3074000000000012,118.60000000000001,193.3476625,230.55421250000006,4.695024999999999,12.518974999999998,2.7932875,114.88204999999999,-0.8537098060385062,-1.696663483030022
120.55,22.45,239.3253,SSP3-7.0,2081-2100,15.419600000000003,197.2674,228.6224000000002,4.493000000000002,13.5685,2.9185,117.4522,195.4695625,234.8071125,4.6765625,12.12685,2.65625,116.40651249999999,-0.8537098060385062,-1.6334677026602307
120.55,22.5,259.2096,SSP3-7.0,2081-2100,9.782199999999989,194.0061,241.26599999999985,4.3323,11.303699999999992,3.118500000000001,115.75649999999999,193.6162875,219.06052499999998,4.582187500000001,11.528000000000002,3.0180499999999997,115.0777375,-0.8537098060385062,-1.570271922290439
120.55,22.55,253.096,SSP3-7.0,2081-2100,8.400699999999972,190.4939,164.7876000000001,4.0305,10.6537,3.5406999999999993,112.96090000000001,190.6573125,201.07857499999997,4.2658000000000005,9.451162499999999,3.3071624999999996,114.178275,-0.8537098060385062,-1.5070761419206478
120.55,22.6,244.0175,SSP3-7.0,2081-2100,10.878599999999977,187.54410000000001,202.6300000000001,2.934199999999997,4.424099999999996,4.3980999999999995,113.9913,186.301275,153.31759999999997,4.129412500000001,9.817125,3.607175,111.2445875,-0.8537098060385062,-1.4438803615508562
120.55,22.65,251.6719,SSP3-7.0,2081-2100,12.961500000000001,179.4817,116.5627999999997,3.8420000000000023,9.048099999999998,4.359299999999999,106.68260000000001,182.7227125,160.20687499999997,3.988624999999999,8.0041875,3.8175874999999997,109.3016375,-0.8537098060385062,-1.3806845811810693
120.55,22.7,265.5977,SSP3-7.0,2081-2100,21.24580000000003,177.6014,172.06979999999976,4.462599999999998,9.377800000000008,4.2111,105.5065,176.81821250000002,153.94593749999993,4.13615,8.718062500000002,4.007425,104.3136,-0.8537098060385062,-1.317488800811278
120.55,22.75,253.8176,SSP3-7.0,2081-2100,24.8613,171.2528,205.74749999999995,4.4953,9.166699999999999,5.2148,99.7761,174.798,155.7095875,4.390324999999999,9.473850000000002,3.8555625000000004,102.9155125,-0.8537098060385062,-1.2542930204414864
120.55,22.8,251.6414,SSP3-7.0,2081-2100,17.53540000000001,173.0768,148.02179999999976,4.584299999999999,11.844399999999993,4.4352,102.3544,172.916125,161.21231250000002,4.440849999999999,10.540287500000002,3.869675,101.7000125,-0.8537098060385062,-1.191097240071695
120.55,22.85,255.2334,SSP3-7.0,2081-2100,16.742199999999997,173.7773,146.76659999999993,4.395499999999998,11.144400000000005,4.0259,103.163,173.9971,168.72158750000003,4.664299999999999,11.96805,3.6689749999999997,102.72121250000001,-0.8537098060385062,-1.1279014597019037
120.55,22.9,262.1451,SSP3-7.0,2081-2100,21.572799999999972,172.9909,216.76809999999978,4.8125,13.787000000000006,3.524099999999999,101.34349999999999,174.5129,169.20959999999997,4.811824999999999,12.250700000000002,3.4608749999999997,102.93721249999999,-0.8537098060385062,-1.0647056793321166
120.55,22.95,287.6154,SSP3-7.0,2081-2100,16.71509999999995,174.6438,186.45969999999988,5.212699999999998,14.155600000000007,3.1019000000000005,101.513,174.963225,186.340175,4.9273375,12.805087500000003,3.2196749999999996,102.7576125,-0.8537098060385062,-1.0015098989623252
120.55,23.0,310.5027,SSP3-7.0,2081-2100,20.797300000000007,175.862,242.5693000000001,5.313500000000001,12.303700000000006,2.903699999999999,102.9674,175.7072625,169.07623749999993,4.929325,13.213212500000001,3.1340375000000003,103.460325,-0.8537098060385062,-0.9383141185925338
120.55,23.05,330.9167,SSP3-7.0,2081-2100,21.6044,175.584,178.5862000000002,5.0838,12.813000000000002,3.0426,104.15,176.44097499999998,172.496125,4.883025,12.587050000000001,3.0483874999999996,104.89918750000001,-0.8537098060385062,-0.8751183382227424
120.55,23.1,343.1903,SSP3-7.0,2081-2100,25.995300000000043,175.4524,169.00660000000016,5.002799999999997,11.859299999999998,3.1610999999999994,105.2848,176.08745,174.29453749999993,4.921700000000001,11.815287500000002,3.16135,105.650275,-0.8537098060385062,-0.811922557852951
120.55,23.15,328.4217,SSP3-7.0,2081-2100,29.243100000000027,175.233,186.76289999999972,5.080600000000004,11.588900000000002,3.5870000000000015,105.2826,175.5107375,164.29306250000002,4.726375,11.063675,3.119225,106.12175,-0.8537098060385062,-0.748726777483164
120.55,23.2,306.4682,SSP3-7.0,2081-2100,21.094499999999982,174.0291,128.13790000000017,4.282600000000002,11.0704,3.2204000000000015,104.8326,173.8891875,144.10616249999993,4.448112500000001,10.0881875,3.1636625,105.4728375,-0.8537098060385062,-0.6855309971133726
120.55,23.25,309.7694,SSP3-7.0,2081-2100,21.652799999999957,169.93650000000002,71.30349999999999,3.906100000000002,9.448099999999997,3.0389,101.9935,172.58657499999998,103.11578750000001,4.123900000000001,10.0173625,3.1513875000000002,104.94375,-0.8537098060385062,-0.6223352167435812
120.55,23.3,305.6043,SSP3-7.0,2081-2100,18.423299999999983,171.52589999999998,36.63700000000017,3.529700000000002,9.961100000000002,3.1999999999999993,105.09349999999999,170.8474,81.04429999999996,3.9384750000000004,9.195587499999998,3.1129625,103.7127625,-0.8537098060385062,-0.5591394363737897
120.55,23.35,287.5638,SSP3-7.0,2081-2100,21.722699999999975,168.7208,26.19290000000001,3.624399999999998,10.236999999999995,2.8519000000000005,101.4391,170.8852875,57.946399999999954,3.6713875000000007,8.01875,3.1242875000000003,105.212775,-0.8537098060385062,-0.4959436560039983
120.55,23.4,269.8697,SSP3-7.0,2081-2100,17.88839999999999,166.75560000000002,-17.095200000000204,3.0775000000000006,6.746299999999998,2.7352000000000007,104.963,170.2824375,59.45304999999999,3.5842,6.839112500000001,3.1159625,105.5076125,-0.8537098060385062,-0.43274787563421135
120.55,23.45,262.998,SSP3-7.0,2081-2100,17.449299999999994,167.5023,28.023999999999887,3.2917999999999985,5.7759,2.463000000000001,106.2913,169.16895,50.618412500000005,3.408275,5.727075,3.2242875,105.1589625,-0.8537098060385062,-0.3695520952644199
120.55,23.5,257.6796,SSP3-7.0,2081-2100,20.39440000000002,166.8632,47.728000000000065,3.429500000000001,5.796299999999995,3.2203999999999997,104.44130000000001,169.00369999999998,66.13333750000004,3.4465375,4.926375000000001,3.3671250000000006,103.3377625,-0.8537098060385062,-0.3063563148946285
120.55,23.55,237.0578,SSP3-7.0,2081-2100,23.53970000000004,167.03699999999998,80.48580000000015,3.4865999999999993,4.448100000000004,3.7889,101.62610000000001,169.563275,72.13247500000003,3.3690625000000005,5.028699999999999,3.3578750000000004,101.9307,-0.8537098060385062,-0.24316053452483705
120.55,23.6,218.2215,SSP3-7.0,2081-2100,22.876000000000005,170.3089,101.85189999999989,3.330300000000001,4.725899999999996,2.8222000000000005,101.7239,169.3524625,86.07735000000002,3.408912500000001,5.363887500000001,3.4826500000000005,99.4899375,-0.8537098060385062,-0.17996475415504562
120.55,23.65,208.916,SSP3-7.0,2081-2100,15.45259999999999,167.49580000000003,145.33839999999987,3.641400000000001,7.396300000000004,3.0259,94.6956,169.00827500000003,99.99538750000002,3.377450000000001,5.859024999999999,3.2236124999999998,98.36631249999999,-0.8537098060385062,-0.11676897378525869
120.55,23.7,192.3829,SSP3-7.0,2081-2100,15.31049999999999,167.2674,134.88080000000014,3.4176,6.531499999999994,2.592599999999999,94.6957,168.70962500000002,116.61703750000004,3.3819500000000007,6.403237500000002,2.9046250000000002,96.68015,-0.8537098060385062,-0.053573193415467256
120.55,23.75,181.1643,SSP3-7.0,2081-2100,14.751900000000006,169.0062,118.0436000000002,3.192499999999999,7.785200000000003,2.4314999999999998,95.4217,169.456175,123.52308750000006,3.24725,6.361575,2.48635,96.9405,-0.8537098060385062,0.009622586954324176
120.55,23.8,162.2805,SSP3-7.0,2081-2100,23.142000000000024,172.5931,123.02330000000006,3.0942000000000007,7.820399999999999,2.0519,98.0783,170.00887500000002,117.95285000000007,3.13355,6.362725000000001,2.0513875,97.7714625,-0.8537098060385062,0.0728183673241156
120.55,23.85,169.5102,SSP3-7.0,2081-2100,15.48259999999999,171.1468,115.14869999999996,3.0833000000000013,9.533300000000004,1.4796000000000005,99.25,170.4165625,112.20543750000007,3.153025,5.672212499999998,1.8613499999999998,98.70135,-0.8537098060385062,0.13601414769390704
120.55,23.9,177.276,SSP3-7.0,2081-2100,21.046399999999977,169.90540000000001,115.61740000000009,3.2333,6.299999999999997,1.7259000000000002,100.213,169.7171375,108.97822500000001,3.3526499999999997,4.885387499999999,1.4425750000000002,99.2247125,-0.8537098060385062,0.19920992806369398
120.55,23.95,179.6715,SSP3-7.0,2081-2100,17.675399999999996,170.2982,130.51559999999995,3.6934999999999967,1.2481000000000009,0.9944000000000006,101.113,169.262275,94.25742500000001,3.238225,3.661562499999998,1.1569374999999997,99.35841249999999,-0.8537098060385062,0.26240570843348543
120.55,24.0,185.4935,SSP3-7.0,2081-2100,13.63639999999998,171.0642,80.4864,3.1129,2.5962999999999994,0.7684999999999995,100.8283,169.39800000000002,84.07582499999995,3.1159749999999997,2.424762499999999,0.799975,99.94211250000001,-0.8537098060385062,0.32560148880327683
120.55,24.05,167.6183,SSP3-7.0,2081-2100,18.881699999999995,170.55970000000002,57.203399999999874,2.9196000000000026,1.7630000000000052,0.5480999999999998,101.2826,170.1162375,68.40182500000003,2.8168874999999995,2.586112499999998,0.6865499999999998,100.34321249999999,-0.8537098060385062,0.3887972691730683
120.55,24.1,160.576,SSP3-7.0,2081-2100,23.036699999999996,169.21589999999998,60.41599999999994,2.7698,3.4333000000000027,0.5944000000000003,100.2304,170.19795,61.00206250000002,2.7546625000000002,3.0377375000000004,0.8036874999999999,100.63423750000001,-0.8537098060385062,0.4519930495428597
120.55,24.15,170.3301,SSP3-7.0,2081-2100,26.734700000000004,168.1747,49.93470000000002,2.7013,3.468500000000006,1.0722000000000005,100.463,169.6083375,58.53350000000006,2.8481500000000004,3.137262500000002,0.6516124999999999,99.8443,-0.8537098060385062,0.5151888299126467
120.55,24.2,170.34,SSP3-7.0,2081-2100,30.734199999999987,167.9308,46.968700000000126,3.203800000000001,4.261100000000006,0.5444000000000004,97.6935,168.155975,58.53196250000005,2.827475000000001,2.5763875000000027,0.639125,99.10353749999999,-0.8537098060385062,0.578384610282438
120.55,24.25,176.9566,SSP3-7.0,2081-2100,34.62729999999999,167.2197,67.1418000000001,2.947700000000001,1.3926000000000016,0.7648000000000001,97.27390000000001,166.49948750000001,66.54792500000005,2.9842250000000012,2.9833250000000042,0.3057875,98.18996250000001,-0.8537098060385062,0.6415803906522295
120.55,24.3,164.6762,SSP3-7.0,2081-2100,33.45170000000002,165.222,80.35389999999984,2.981300000000001,3.0389000000000053,0.3056000000000001,97.5261,163.9978375,74.00681250000005,2.970100000000001,3.5039250000000024,0.2363375000000001,96.9410375,-0.8537098060385062,0.704776171022021
120.55,24.35,156.3234,SSP3-7.0,2081-2100,28.4657,162.7061,65.78749999999991,2.8759000000000015,4.540700000000001,0.14260000000000073,95.9761,162.745375,84.36360000000005,3.0407875000000004,3.7465125000000024,0.2090249999999999,96.1358625,-0.8537098060385062,0.7679719513918124
120.55,24.4,152.6448,SSP3-7.0,2081-2100,28.480999999999995,159.08339999999998,67.15329999999994,2.7970000000000006,5.1648,0.029600000000000293,95.1565,162.2695625,87.15117500000002,3.1053,3.8738250000000027,0.17407499999999987,95.7972875,-0.8537098060385062,0.8311677317615993
120.6,22.35,235.3471,SSP3-7.0,2081-2100,8.213399999999979,193.7793,202.38800000000015,4.662399999999998,14.313000000000002,2.6351999999999993,117.42169999999999,185.4310875,214.84761250000003,4.665637499999999,15.338887499999998,2.8014,108.4839625,-0.7480159659572849,-1.759859263399809
120.6,22.4,257.9927,SSP3-7.0,2081-2100,13.855599999999981,194.4042,243.91820000000007,4.5518,11.635200000000005,2.959299999999999,114.9478,189.4835,224.17166250000005,4.762049999999999,13.906474999999999,2.80995,111.38505,-0.7480159659572849,-1.696663483030022
120.6,22.45,287.9199,SSP3-7.0,2081-2100,12.824700000000007,191.5716,266.7399999999998,4.891199999999998,11.575900000000004,2.7166999999999994,111.99350000000001,186.9213,243.79145000000003,4.8465875,12.9916625,3.043275,108.62933749999999,-0.7480159659572849,-1.6334677026602307
120.6,22.5,316.9811,SSP3-7.0,2081-2100,8.144299999999987,187.6938,248.99249999999984,4.919700000000002,10.790700000000008,2.8832999999999984,110.1652,185.5471125,241.81578749999997,4.87245,11.78425,3.24235,107.4703875,-0.7480159659572849,-1.570271922290439
120.6,22.55,316.2605,SSP3-7.0,2081-2100,7.288700000000006,185.43259999999998,192.17650000000003,4.798200000000001,10.336999999999996,3.5221999999999998,110.087,183.120275,228.18014999999994,4.790724999999999,10.139125,3.5819249999999996,106.795375,-0.7480159659572849,-1.5070761419206478
120.6,22.6,287.5262,SSP3-7.0,2081-2100,13.554899999999975,180.5309,167.84130000000005,4.790899999999997,7.920399999999994,3.7258999999999993,108.41090000000001,180.9373875,189.02229999999992,4.65735,10.083324999999999,3.7826375,106.126625,-0.7480159659572849,-1.4438803615508562
120.6,22.65,297.1287,SSP3-7.0,2081-2100,16.057800000000043,175.4476,137.08249999999998,4.4498999999999995,13.2074,3.7148000000000003,104.2065,178.83078749999999,179.1644124999999,4.577287499999999,9.2592625,3.8909749999999996,105.6603125,-0.7480159659572849,-1.3806845811810693
120.6,22.7,285.9173,SSP3-7.0,2081-2100,26.591799999999978,174.2767,162.76749999999993,4.215399999999999,7.455600000000004,3.407400000000001,104.18260000000001,175.8512125,172.81496249999987,4.636900000000001,11.074300000000001,4.02015,103.407875,-0.7480159659572849,-1.317488800811278
120.6,22.75,274.4394,SSP3-7.0,2081-2100,28.3587,168.1428,193.8105999999998,4.497399999999999,8.464800000000004,3.6519000000000013,98.5283,175.574675,169.81949999999998,4.764537499999999,11.2412125,4.12245,103.4304375,-0.7480159659572849,-1.2542930204414864
120.6,22.8,270.2769,SSP3-7.0,2081-2100,21.685900000000004,171.4142,163.8426000000004,4.939399999999999,10.455599999999997,4.0259,100.337,174.68521249999998,163.64759999999987,4.8672499999999985,11.742587499999999,3.9791625000000006,103.260875,-0.7480159659572849,-1.191097240071695
120.6,22.85,272.7929,SSP3-7.0,2081-2100,29.49920000000003,173.7488,159.04829999999993,4.897799999999997,13.459299999999999,3.3611000000000004,103.99780000000001,175.44575,152.54772499999993,4.990212499999999,12.218500000000002,3.7939749999999997,103.8252875,-0.7480159659572849,-1.1279014597019037
120.6,22.9,290.1625,SSP3-7.0,2081-2100,25.51419999999996,173.57229999999998,157.03099999999995,4.912099999999999,12.64070000000001,3.5684999999999985,102.1609,175.828775,149.2957874999999,4.952862499999999,13.5166625,3.4314875000000002,104.3315125,-0.7480159659572849,-1.0647056793321166
120.6,22.95,313.2142,SSP3-7.0,2081-2100,25.533900000000017,173.6585,154.0722999999998,5.262900000000002,16.277799999999992,3.6000000000000014,101.0326,175.67093749999998,161.73372499999994,4.8309125,12.675225000000003,3.2224625,104.083425,-0.7480159659572849,-1.0015098989623252
120.6,23.0,334.2407,SSP3-7.0,2081-2100,32.20089999999999,174.6928,148.25239999999985,4.673500000000001,13.2074,2.7148000000000003,103.0522,175.3916125,151.82068750000002,4.838775,13.037275000000001,3.02825,104.00325000000001,-0.7480159659572849,-0.9383141185925338
120.6,23.05,362.2545,SSP3-7.0,2081-2100,38.61349999999999,175.3753,149.39139999999998,5.142000000000003,13.238900000000001,2.8519000000000005,104.26740000000001,174.97797500000001,158.51396250000005,4.803775,11.9474625,2.9071625,104.34185,-0.7480159659572849,-0.8751183382227424
120.6,23.1,383.8683,SSP3-7.0,2081-2100,40.10820000000001,175.1375,186.49879999999985,5.094900000000003,11.107399999999998,2.816700000000001,104.46300000000001,175.2335,161.49168750000007,4.9373375,12.0143625,3.0722125,105.3472875,-0.7480159659572849,-0.811922557852951
120.6,23.15,369.5087,SSP3-7.0,2081-2100,44.6918,175.5865,206.8209999999999,5.030799999999999,9.8185,3.1018999999999988,105.8522,175.352325,167.0425625000001,4.877375000000001,11.313212499999999,3.1962875000000004,106.25787500000001,-0.7480159659572849,-0.748726777483164
120.6,23.2,315.9903,SSP3-7.0,2081-2100,30.486699999999985,175.9348,141.71000000000004,4.465,12.081499999999998,3.6092999999999993,107.5609,175.035575,144.35767500000003,4.634287500000001,10.453,3.0247625000000005,106.33667499999999,-0.7480159659572849,-0.6855309971133726
120.6,23.25,305.9738,SSP3-7.0,2081-2100,28.6764,175.2042,74.14060000000018,4.1068999999999996,10.948099999999997,2.368500000000001,107.14779999999999,173.3433625,108.19670000000008,4.351200000000001,10.219449999999998,2.951625,105.528525,-0.7480159659572849,-0.6223352167435812
120.6,23.3,334.1415,SSP3-7.0,2081-2100,29.622299999999996,171.6012,87.06719999999996,4.412600000000001,9.4741,2.764800000000001,104.1456,172.73727499999998,90.16477500000002,4.233700000000001,9.545124999999999,2.551625,104.9915625,-0.7480159659572849,-0.5591394363737897
120.6,23.35,322.9772,SSP3-7.0,2081-2100,38.6816,174.4466,150.39159999999993,4.775100000000002,7.450000000000003,2.2315000000000005,105.9717,171.796925,60.31959999999998,4.063475,8.687974999999998,2.5048625,104.6005375,-0.7480159659572849,-0.4959436560039983
120.6,23.4,338.4893,SSP3-7.0,2081-2100,36.77449999999999,174.4933,23.423999999999978,4.1235,7.935200000000002,2.290700000000001,106.00439999999999,171.27134999999998,55.303099999999915,3.8835249999999997,7.300699999999999,2.4759375000000006,104.5527125,-0.7480159659572849,-0.43274787563421135
120.6,23.45,332.1796,SSP3-7.0,2081-2100,31.352199999999982,167.3722,23.172900000000027,3.3076000000000008,4.731500000000004,3.4481,103.3413,170.9341625,22.123224999999934,3.6746874999999997,6.515974999999999,2.6335750000000004,103.86441250000001,-0.7480159659572849,-0.3695520952644199
120.6,23.5,343.8021,SSP3-7.0,2081-2100,26.352800000000002,169.24919999999997,36.67380000000003,3.2711000000000006,4.994400000000006,3.911100000000001,102.48039999999999,171.11425,29.92111250000002,3.5787499999999994,5.262737499999999,3.0409750000000004,102.63887500000001,-0.7480159659572849,-0.3063563148946285
120.6,23.55,327.9692,SSP3-7.0,2081-2100,20.224199999999996,175.79919999999998,22.525900000000092,3.2165999999999997,3.9018999999999977,4.2148,100.7587,170.975825,35.85986250000002,3.4772750000000006,4.921062499999999,3.2858875000000003,101.47392500000001,-0.7480159659572849,-0.24316053452483705
120.6,23.6,256.096,SSP3-7.0,2081-2100,32.17790000000002,169.4205,13.602300000000014,3.182000000000002,5.3629999999999995,4.1204,99.0522,170.9827125,62.644375000000025,3.427512500000001,4.847925,3.66435,99.6429375,-0.7480159659572849,-0.17996475415504562
120.6,23.65,200.8481,SSP3-7.0,2081-2100,29.157600000000002,167.8808,76.42640000000006,3.369200000000003,5.320399999999999,4.3278,97.4913,169.1625375,84.24703749999998,3.430962500000001,5.318524999999999,3.6361124999999994,97.69538750000001,-0.7480159659572849,-0.11676897378525869
120.6,23.7,198.1259,SSP3-7.0,2081-2100,20.503199999999993,167.9295,140.52620000000002,3.7073,6.253700000000002,3.994399999999999,95.4174,168.03587500000003,112.3321,3.4403375000000005,5.797925,3.4689875,96.0171125,-0.7480159659572849,-0.053573193415467256
120.6,23.75,189.4702,SSP3-7.0,2081-2100,15.416699999999992,168.3564,148.69540000000006,3.4784000000000006,5.450000000000003,2.8537,94.8022,169.5124,123.32240000000002,3.352725,6.023149999999999,2.9844999999999997,96.08668750000001,-0.7480159659572849,0.009622586954324176
120.6,23.8,177.3559,SSP3-7.0,2081-2100,15.547500000000014,170.5251,120.59570000000008,3.060299999999998,5.779600000000002,2.263,95.5413,170.185675,116.16085000000001,3.230475,6.830550000000001,2.486575,96.4861375,-0.7480159659572849,0.0728183673241156
120.6,23.85,177.3776,SSP3-7.0,2081-2100,15.27109999999999,170.5044,93.99140000000011,3.0631999999999984,7.007399999999997,2.1185,96.7761,171.21390000000002,106.88805000000002,3.1594875000000004,6.1935,2.0974625,97.3989,-0.7480159659572849,0.13601414769390704
120.6,23.9,169.1613,SSP3-7.0,2081-2100,21.102599999999995,171.3507,106.11920000000009,3.2295000000000016,4.048099999999998,1.8777999999999997,97.6804,171.46575,98.3417375,3.2491124999999994,5.781224999999999,1.7259125000000006,98.9184625,-0.7480159659572849,0.19920992806369398
120.6,23.95,169.1359,SSP3-7.0,2081-2100,22.445099999999996,171.8975,103.25450000000001,3.463799999999999,6.394399999999997,1.4944000000000006,100.35,171.871675,89.684425,3.17585,3.4277624999999983,1.4219875000000002,99.87526249999999,-0.7480159659572849,0.26240570843348543
120.6,24.0,185.8405,SSP3-7.0,2081-2100,13.725899999999996,171.7362,66.11850000000004,2.780000000000001,1.018499999999996,0.8795999999999999,100.00649999999999,172.4071625,79.32423749999995,3.0934125000000003,3.4335499999999994,1.133775,101.2356125,-0.7480159659572849,0.32560148880327683
120.6,24.05,185.0339,SSP3-7.0,2081-2100,12.985500000000002,174.0215,64.03430000000003,2.676000000000002,4.590699999999998,0.7721999999999998,102.5522,172.425975,62.59219999999999,2.8750625000000007,3.550225000000001,0.9131749999999997,101.66794999999999,-0.7480159659572849,0.3887972691730683
120.6,24.1,179.1346,SSP3-7.0,2081-2100,15.83529999999999,175.3881,66.14990000000012,2.8615999999999993,5.688900000000004,0.9795999999999996,103.8283,172.51167500000003,55.614599999999996,2.746425000000001,4.387725000000002,0.8715125,102.229075,-0.7480159659572849,0.4519930495428597
120.6,24.15,188.8,SSP3-7.0,2081-2100,22.079399999999993,173.58679999999998,69.05610000000001,2.8611000000000004,6.209299999999999,1.2018999999999993,102.70219999999999,171.9967125,51.85772500000007,2.8286375000000006,4.0108625000000035,0.7555375000000002,101.860875,-0.7480159659572849,0.5151888299126467
120.6,24.2,189.5597,SSP3-7.0,2081-2100,30.86100000000002,171.1919,72.75520000000006,3.0878000000000014,2.3796000000000035,0.6463000000000001,101.26089999999999,170.50055,53.672825000000074,2.8232250000000008,3.087500000000002,0.7527750000000002,100.77691250000001,-0.7480159659572849,0.578384610282438
120.6,24.25,180.3961,SSP3-7.0,2081-2100,34.50670000000002,168.6314,64.46370000000002,2.861500000000003,3.509300000000003,0.3852000000000002,100.1957,168.23781250000002,72.93986250000006,2.957037500000001,2.2863250000000015,0.47801249999999995,99.4483875,-0.7480159659572849,0.6415803906522295
120.6,24.3,169.6259,SSP3-7.0,2081-2100,34.167699999999996,166.3899,103.03860000000009,3.1087000000000025,4.268500000000003,0.06849999999999934,99.2022,165.072875,85.03312500000001,3.0169375000000005,2.6650375000000013,0.3178375,97.5163125,-0.7480159659572849,0.704776171022021
120.6,24.35,166.0059,SSP3-7.0,2081-2100,43.00229999999999,161.0156,105.77220000000011,3.305399999999999,3.9074000000000026,-0.011099999999999888,95.1087,162.329025,89.47772499999999,3.0243500000000005,3.8215125000000008,0.20809999999999984,96.1760875,-0.7480159659572849,0.7679719513918124
120.6,24.4,157.7691,SSP3-7.0,2081-2100,30.452399999999983,158.75369999999998,68.36360000000013,2.6949000000000005,6.140699999999995,0.27590000000000003,94.5804,161.111075,91.55337500000002,3.2271,4.501837500000001,0.19953749999999992,95.0557125,-0.7480159659572849,0.8311677317615993
120.65,22.25,217.9816,SSP3-7.0,2081-2100,6.743600000000015,192.349,128.77610000000004,4.1129999999999995,22.7759,2.403699999999999,116.62830000000001,177.89408749999998,162.55461250000002,4.215575000000001,21.2250125,2.87175,104.5163125,-0.6423221258760335,-1.8862508241393918
120.65,22.3,240.0325,SSP3-7.0,2081-2100,7.29910000000001,190.03629999999998,180.51960000000008,4.2621,21.4593,2.6815000000000015,113.1652,176.69097499999998,180.48097500000003,4.5162249999999995,18.9726875,2.9113374999999997,102.71087499999999,-0.6423221258760335,-1.8230550437696005
120.65,22.35,297.1076,SSP3-7.0,2081-2100,9.887,184.2745,203.10959999999977,4.366800000000001,16.7611,3.0852000000000004,107.5109,170.8274,212.18836250000004,4.7172624999999995,17.1921375,3.1546375,97.361675,-0.6423221258760335,-1.759859263399809
120.65,22.4,339.4786,SSP3-7.0,2081-2100,8.987700000000018,175.8889,228.6577000000002,5.224199999999996,14.275899999999993,3.4259000000000004,100.3065,174.19793750000002,246.45972499999996,4.9337625,14.443525000000001,3.2423874999999995,99.0048875,-0.6423221258760335,-1.696663483030022
120.65,22.45,364.378,SSP3-7.0,2081-2100,13.0274,175.601,267.21039999999994,5.165199999999999,12.857399999999998,3.3574,97.0739,171.3178375,278.6495,5.2662125,13.080787500000001,3.5185249999999995,96.07933750000001,-0.6423221258760335,-1.6334677026602307
120.65,22.5,376.5089,SSP3-7.0,2081-2100,14.161100000000033,172.6628,292.39429999999993,5.391100000000002,13.281500000000008,3.3758999999999997,94.7326,172.28837499999997,289.94262499999996,5.514587499999999,11.644437499999999,3.6893499999999997,96.6703875,-0.6423221258760335,-1.570271922290439
120.65,22.55,414.5796,SSP3-7.0,2081-2100,25.162999999999954,177.3415,281.3290999999999,5.878099999999996,10.696299999999994,3.3888999999999996,99.7065,170.6762,281.19506249999995,5.6654375,11.096300000000001,3.913637499999999,96.0888625,-0.6423221258760335,-1.5070761419206478
120.65,22.6,455.9923,SSP3-7.0,2081-2100,32.8535,174.6891,226.20039999999972,6.0489999999999995,12.0426,4.2241,98.6391,170.7451625,260.19453749999997,5.6890625,10.232874999999998,3.6064749999999997,97.17636250000001,-0.6423221258760335,-1.4438803615508562
120.65,22.65,403.1326,SSP3-7.0,2081-2100,32.44029999999998,177.0686,191.40949999999975,5.276900000000005,10.257400000000004,3.1129999999999995,102.73910000000001,170.54002499999999,244.02352499999995,5.694424999999999,10.483574999999998,3.5148124999999997,97.482325,-0.6423221258760335,-1.3806845811810693
120.65,22.7,389.3107,SSP3-7.0,2081-2100,28.739700000000028,179.4538,193.8340000000003,5.047299999999996,13.548099999999998,3.6889000000000003,105.1304,170.9538,226.2610249999999,5.523312499999999,10.654175000000002,3.3287125,98.33641250000001,-0.6423221258760335,-1.317488800811278
120.65,22.75,360.4782,SSP3-7.0,2081-2100,22.644999999999982,178.36100000000002,172.0029999999997,5.023800000000001,15.524099999999997,4.2074,104.6935,172.9371625,206.80495000000008,5.450487499999998,10.605325,3.4752375000000004,99.79565,-0.6423221258760335,-1.2542930204414864
120.65,22.8,369.6386,SSP3-7.0,2081-2100,30.16500000000002,179.1607,140.26980000000003,5.3481999999999985,12.557400000000001,3.7889,105.463,170.6221875,173.06197500000002,5.329349999999998,12.0252375,3.5053250000000005,98.57555,-0.6423221258760335,-1.191097240071695
120.65,22.85,361.9481,SSP3-7.0,2081-2100,47.24649999999997,179.9615,143.51319999999987,5.695699999999999,11.779600000000002,3.1481000000000012,108.1109,171.8235375,141.98050000000006,5.107012499999998,12.6039375,3.5539375,99.8671125,-0.6423221258760335,-1.1279014597019037
120.65,22.9,342.0699,SSP3-7.0,2081-2100,33.84209999999996,179.6123,104.16869999999972,5.234000000000002,13.538899999999998,3.8352000000000004,107.6696,172.4715,120.00855000000007,4.733812499999999,13.4949,3.4763875000000004,101.248625,-0.6423221258760335,-1.0647056793321166
120.65,22.95,353.0599,SSP3-7.0,2081-2100,32.865099999999984,178.2371,83.56940000000031,4.111799999999999,13.990699999999997,2.855599999999999,107.8217,173.07385,105.89494999999994,4.421312500000001,12.837037500000001,3.41435,102.2035375,-0.6423221258760335,-1.0015098989623252
120.65,23.0,336.8459,SSP3-7.0,2081-2100,35.93670000000003,175.75629999999998,155.05119999999988,4.377199999999998,7.777799999999999,3.2759,106.1391,171.6125375,71.716025,4.214925000000001,13.700912499999998,3.0176,101.75652500000001,-0.6423221258760335,-0.9383141185925338
120.65,23.05,374.8571,SSP3-7.0,2081-2100,46.47890000000001,174.01590000000002,64.86599999999999,4.206299999999999,13.740699999999997,2.5944000000000003,104.1348,172.142925,99.45024999999998,4.471074999999999,12.2657375,2.739125,102.8948375,-0.6423221258760335,-0.8751183382227424
120.65,23.1,387.8653,SSP3-7.0,2081-2100,49.148300000000006,173.3229,123.28120000000035,4.678199999999997,12.770399999999995,2.748099999999999,104.5435,172.944175,136.66312499999998,4.861475,11.9634125,2.8868124999999996,104.31031250000001,-0.6423221258760335,-0.811922557852951
120.65,23.15,368.115,SSP3-7.0,2081-2100,58.2389,177.298,213.21820000000025,5.2742,10.285200000000003,3.4906999999999986,109.26299999999999,173.44275,172.16355000000004,5.001425,11.361112499999999,2.9902875,105.30625,-0.6423221258760335,-0.748726777483164
120.65,23.2,339.2139,SSP3-7.0,2081-2100,53.95069999999998,176.4109,187.72490000000016,5.1407000000000025,9.742600000000003,2.937000000000001,108.8326,173.94650000000001,159.7899,4.850175,10.7275375,2.9685249999999996,106.168475,-0.6423221258760335,-0.6855309971133726
120.65,23.25,301.5406,SSP3-7.0,2081-2100,43.40129999999999,176.5864,86.75239999999985,4.2524000000000015,10.7222,2.4536999999999995,107.48910000000001,174.4824375,129.9373000000001,4.68435,10.3708375,2.8807875000000003,106.714125,-0.6423221258760335,-0.6223352167435812
120.65,23.3,315.2784,SSP3-7.0,2081-2100,46.422600000000045,170.7221,126.24070000000029,4.820499999999999,9.255599999999994,2.3888999999999996,104.2804,176.05145,108.51749999999998,4.512437500000001,9.5837875,2.4597125,107.154875,-0.6423221258760335,-0.5591394363737897
120.65,23.35,338.7004,SSP3-7.0,2081-2100,44.746699999999976,174.7557,149.65949999999975,4.854499999999998,8.338899999999995,1.8796,106.5174,175.54183749999999,85.64331250000004,4.382037500000001,8.8497875,2.4335625,106.47798749999998,-0.6423221258760335,-0.4959436560039983
120.65,23.4,378.3673,SSP3-7.0,2081-2100,35.91379999999998,175.8008,50.43069999999989,4.065100000000001,7.555599999999998,1.9277999999999995,104.3609,174.4546375,75.75793749999997,4.23005,7.946312500000001,2.387025,105.83533750000001,-0.6423221258760335,-0.43274787563421135
120.65,23.45,414.5657,SSP3-7.0,2081-2100,32.46199999999999,174.8168,31.648400000000038,4.072199999999999,7.570399999999999,2.2704000000000004,103.537,171.98742499999997,24.126899999999978,3.8907375,7.001637500000002,2.5631874999999997,103.69783749999999,-0.6423221258760335,-0.3695520952644199
120.65,23.5,438.6241,SSP3-7.0,2081-2100,24.8818,171.99210000000002,-23.84790000000021,4.066799999999997,5.753699999999995,2.25,98.837,172.810375,27.861187500000028,3.7292875000000003,5.546775000000001,2.9462875000000004,102.585325,-0.6423221258760335,-0.3063563148946285
120.65,23.55,361.7503,SSP3-7.0,2081-2100,24.645399999999995,177.5312,29.631800000000112,3.7589000000000006,4.1240999999999985,2.6722,102.2783,173.27783750000003,16.29781250000002,3.5527125,4.8178374999999996,3.253475,101.10353750000002,-0.6423221258760335,-0.24316053452483705
120.65,23.6,293.7536,SSP3-7.0,2081-2100,38.15620000000001,175.4045,0.7532000000001062,3.293000000000003,4.162999999999997,3.501900000000001,101.35220000000001,174.5191125,46.61454999999998,3.460287500000001,4.52525,3.8118,100.7725625,-0.6423221258760335,-0.17996475415504562
120.65,23.65,246.2337,SSP3-7.0,2081-2100,39.75380000000001,166.4043,44.141599999999926,3.3241000000000014,4.703700000000005,4.9611,97.21740000000001,173.92005,65.58530000000002,3.409187500000001,4.7615875,3.839125,100.1991875,-0.6423221258760335,-0.11676897378525869
120.65,23.7,209.2149,SSP3-7.0,2081-2100,28.08590000000001,169.06940000000003,92.88189999999986,3.5519999999999996,3.4110999999999976,4.070399999999999,97.4087,171.69367499999998,96.01427499999997,3.429162500000001,5.440975000000001,3.8145750000000005,98.447275,-0.6423221258760335,-0.053573193415467256
120.65,23.75,199.5551,SSP3-7.0,2081-2100,15.387599999999992,168.80669999999998,138.24869999999987,3.5474999999999994,5.785199999999996,3.488900000000001,96.4043,170.986875,107.37689999999998,3.349975,5.189337500000001,3.2231375,96.945925,-0.6423221258760335,0.009622586954324176
120.65,23.8,200.0373,SSP3-7.0,2081-2100,11.48490000000001,170.9018,118.3789999999999,3.2504000000000026,4.8185,2.9833,95.7261,169.9605625,103.58596249999997,3.2363999999999997,6.025675,2.7511500000000004,95.99510000000001,-0.6423221258760335,0.0728183673241156
120.65,23.85,194.0294,SSP3-7.0,2081-2100,16.07159999999999,170.17000000000002,73.75669999999991,3.1342999999999996,6.444400000000002,2.4852000000000007,95.4304,171.15732500000001,97.667825,3.1846000000000005,5.3235875,2.3205999999999998,96.521725,-0.6423221258760335,0.13601414769390704
120.65,23.9,181.6138,SSP3-7.0,2081-2100,25.176600000000008,173.1183,82.46440000000007,3.1906,4.803699999999999,1.9130000000000003,97.2717,172.04410000000001,85.87387499999997,3.2226000000000004,4.8335375,1.9250000000000003,98.0244375,-0.6423221258760335,0.19920992806369398
120.65,23.95,181.2748,SSP3-7.0,2081-2100,20.860600000000005,174.68540000000002,71.98519999999985,3.1309000000000005,4.518499999999996,1.5963000000000012,100.9435,172.9678,83.1704125,3.2257750000000005,2.7766125000000006,1.5106625,99.6388375,-0.6423221258760335,0.26240570843348543
120.65,24.0,179.1852,SSP3-7.0,2081-2100,17.48569999999998,172.815,64.16869999999994,3.036100000000001,2.8888999999999996,1.6203999999999992,100.9457,173.8745625,73.85969999999998,3.10845,2.80485,1.211575,101.55597499999999,-0.6423221258760335,0.32560148880327683
120.65,24.05,190.7765,SSP3-7.0,2081-2100,14.572699999999998,173.9158,62.94579999999996,2.714500000000001,3.468499999999999,1.2759,101.86959999999999,174.2502,61.48936250000003,2.9976375,3.517587500000001,1.0606499999999994,102.9049,-0.6423221258760335,0.3887972691730683
120.65,24.1,194.7942,SSP3-7.0,2081-2100,10.204000000000008,174.7129,43.24890000000005,2.806000000000001,7.544400000000003,0.6388999999999996,104.3522,174.5559625,52.054700000000054,2.8366375,4.840737500000001,1.0006874999999997,103.4660375,-0.6423221258760335,0.4519930495428597
120.65,24.15,204.3697,SSP3-7.0,2081-2100,14.135400000000004,175.9061,38.077600000000075,2.5230999999999995,4.624100000000006,0.8685000000000009,104.3804,173.7204,47.73846250000008,2.843375000000001,3.978225000000001,0.7937499999999997,103.48425,-0.6423221258760335,0.5151888299126467
120.65,24.2,200.7228,SSP3-7.0,2081-2100,18.61839999999998,173.4533,37.3108000000002,2.6757000000000026,0.6869999999999976,0.7000000000000002,102.6783,171.636975,50.956937500000066,2.792325000000001,2.9057875000000015,0.6726875,102.3891375,-0.6423221258760335,0.578384610282438
120.65,24.25,198.4469,SSP3-7.0,2081-2100,30.364800000000002,169.10160000000002,56.42920000000004,2.8115999999999985,0.548099999999998,0.48519999999999985,100.8283,168.65786250000002,76.15138750000008,2.8735000000000013,1.7106375000000007,0.48194999999999966,100.7877875,-0.6423221258760335,0.6415803906522295
120.65,24.3,177.468,SSP3-7.0,2081-2100,34.8365,165.3933,119.52070000000003,2.8397000000000006,1.7147999999999968,0.30929999999999946,99.12389999999999,164.97966250000002,95.93456250000006,3.0945125000000004,2.1807750000000015,0.2520874999999996,98.0019125,-0.6423221258760335,0.704776171022021
120.65,24.35,175.6112,SSP3-7.0,2081-2100,46.32419999999999,161.2933,120.79600000000005,3.5123999999999995,2.6685000000000016,0.16109999999999935,94.09779999999999,162.062525,106.19513750000004,3.1774375,3.6310000000000002,0.20047499999999951,96.09185,-0.6423221258760335,0.7679719513918124
120.65,24.4,177.823,SSP3-7.0,2081-2100,37.7663,159.7905,90.80819999999994,3.3848999999999982,3.0352000000000032,0.3721999999999994,93.7457,160.2580125,95.03937500000004,3.3891625,5.559237499999999,0.2636749999999999,94.59755,-0.6423221258760335,0.8311677317615993
120.65,24.45,163.5848,SSP3-7.0,2081-2100,33.324299999999994,158.7012,71.70080000000007,3.0746,5.072199999999995,0.47409999999999997,93.6913,158.85623750000002,84.62888750000002,3.335025,6.459249999999999,0.2849499999999999,93.52881249999999,-0.6423221258760335,0.8943635121313908
120.65,24.5,160.682,SSP3-7.0,2081-2100,30.853800000000007,158.2551,71.72040000000015,2.8240000000000016,6.520400000000002,0.25370000000000026,93.3761,157.48382500000002,70.90989999999996,3.28655,7.014587499999998,0.26249999999999996,92.55924999999999,-0.6423221258760335,0.9575592925011822
120.7,21.95,230.9297,SSP3-7.0,2081-2100,-2.5449999999999875,188.8514,39.17549999999983,2.2775,23.8778,3.2721999999999998,115.8956,188.565475,49.84196250000002,2.2723875000000002,23.0233875,3.46575,116.0173875,-0.5366282857948123,-2.265425506358136
120.7,22.0,237.8747,SSP3-7.0,2081-2100,-4.339799999999997,189.6911,94.0139999999999,2.075400000000002,16.992599999999996,2.846300000000001,116.9783,187.8545875,64.18012499999998,2.4111874999999996,22.2680625,3.23705,115.302425,-0.5366282857948123,-2.2022297259883445
120.7,22.05,245.2909,SSP3-7.0,2081-2100,-1.433099999999996,190.87910000000002,101.0581000000002,2.1826000000000008,20.059299999999993,2.2573999999999987,116.3913,187.5151,93.9529624999999,2.6473,20.2236125,2.92755,114.6953625,-0.5366282857948123,-2.139033945618553
120.7,22.1,238.3069,SSP3-7.0,2081-2100,7.089499999999987,189.692,156.47239999999988,2.5808,15.635199999999998,2.1500000000000004,114.7891,184.907125,105.32048749999998,3.1112625000000005,20.021537499999997,2.68935,112.392125,-0.5366282857948123,-2.0758381652487614
120.7,22.15,223.9088,SSP3-7.0,2081-2100,6.172699999999992,186.80450000000002,139.44489999999996,3.0665000000000013,15.1648,2.014800000000001,112.54780000000001,182.40238749999997,128.588325,3.526325000000001,19.640049999999995,2.5835624999999998,109.9519125,-0.5366282857948123,-2.0126423848789745
120.7,22.2,211.7954,SSP3-7.0,2081-2100,11.387900000000002,188.8618,116.00589999999988,3.9222,20.9167,2.472200000000001,114.5783,178.85112500000002,144.18142500000005,3.767287500000001,20.2238375,2.6192124999999997,106.46685000000001,-0.5366282857948123,-1.9494466045091832
120.7,22.25,217.0396,SSP3-7.0,2081-2100,11.83159999999998,183.039,137.1994000000002,4.183100000000003,20.5278,2.472199999999999,109.187,175.9824125,153.02751250000003,4.2372499999999995,22.078249999999997,2.980775,103.38288750000001,-0.5366282857948123,-1.8862508241393918
120.7,22.3,259.9265,SSP3-7.0,2081-2100,8.186599999999999,171.7462,164.3581999999999,4.349400000000003,22.8204,2.9259000000000004,97.75,171.1424,175.1363,4.405474999999999,20.8289375,2.9919000000000002,98.7728375,-0.5366282857948123,-1.8230550437696005
120.7,22.35,330.0179,SSP3-7.0,2081-2100,14.883699999999976,149.7879,199.1905999999999,4.7353999999999985,19.103700000000003,3.2019,80.6261,163.20667500000002,209.811925,4.7610125,18.0932875,3.3166625000000005,91.3698375,-0.5366282857948123,-1.759859263399809
120.7,22.4,431.5457,SSP3-7.0,2081-2100,12.144200000000012,150.0091,271.1242000000002,5.184600000000003,15.646299999999997,3.8240999999999996,80.3065,156.07251250000002,247.5116999999999,5.198174999999999,15.456249999999997,3.5689875000000004,84.85435000000001,-0.5366282857948123,-1.696663483030022
120.7,22.45,438.457,SSP3-7.0,2081-2100,18.383399999999995,154.15589999999997,317.9967999999999,5.912700000000001,13.655599999999993,4.1593,82.1587,152.04621250000002,288.8204125,5.5613625,13.964825,3.8423625,81.4412875,-0.5366282857948123,-1.6334677026602307
120.7,22.5,444.0645,SSP3-7.0,2081-2100,26.1044,144.15640000000002,359.3723,6.054400000000001,13.785200000000003,4.803699999999999,74.0239,153.8662375,315.768175,5.856050000000001,12.288675,3.867825,83.376075,-0.5366282857948123,-1.570271922290439
120.7,22.55,488.9889,SSP3-7.0,2081-2100,35.25269999999995,162.3542,385.7234000000003,6.497199999999999,9.4574,4.683300000000001,88.1544,148.842875,315.8357874999999,6.068625000000001,12.167837500000001,3.8374999999999995,80.8910125,-0.5366282857948123,-1.5070761419206478
120.7,22.6,562.3419,SSP3-7.0,2081-2100,60.7201,157.8898,376.8597999999997,6.823,11.1556,4.090699999999998,84.4978,151.11928749999998,302.50215,6.2214625,10.7256875,3.3757,83.6228125,-0.5366282857948123,-1.4438803615508562
120.7,22.65,544.4473,SSP3-7.0,2081-2100,73.77289999999994,149.8961,349.13419999999996,6.9983,8.831499999999998,2.6129999999999995,79.6087,158.1964375,292.6907749999999,6.343074999999999,11.261325,3.1245374999999997,88.516825,-0.5366282857948123,-1.3806845811810693
120.7,22.7,490.1472,SSP3-7.0,2081-2100,63.2346,172.1362,338.46849999999995,7.181599999999996,9.7074,2.653699999999999,95.18260000000001,164.32425,276.64371249999994,6.20815,11.137262499999999,2.983575,92.5122125,-0.5366282857948123,-1.317488800811278
120.7,22.75,464.0424,SSP3-7.0,2081-2100,49.972500000000025,172.3014,265.41240000000016,6.543199999999999,11.785200000000003,3.2684999999999995,97.55,166.30621250000002,252.40476249999995,5.974012499999999,11.114574999999999,3.0766375,94.03885,-0.5366282857948123,-1.2542930204414864
120.7,22.8,459.2751,SSP3-7.0,2081-2100,51.23009999999999,166.6115,196.03420000000006,5.831399999999995,10.868499999999997,3.316700000000001,91.99130000000001,161.60276249999998,197.58994999999993,5.536562499999999,11.4817125,3.2344999999999997,91.65461250000001,-0.5366282857948123,-1.191097240071695
120.7,22.85,452.4225,SSP3-7.0,2081-2100,50.2826,154.43630000000002,90.83150000000023,5.206099999999999,13.864799999999995,3.0630000000000006,83.3956,162.384775,146.70034999999996,4.990612499999999,11.7437375,3.4551000000000003,93.5663,-0.5366282857948123,-1.1279014597019037
120.7,22.9,392.5271,SSP3-7.0,2081-2100,43.524699999999996,176.0322,124.61790000000019,4.487099999999998,13.4463,3.472200000000001,103.9217,164.3272875,78.53686250000004,4.355125,12.794425,3.671075,95.0812375,-0.5366282857948123,-1.0647056793321166
120.7,22.95,420.996,SSP3-7.0,2081-2100,28.630100000000027,170.12529999999998,47.38480000000027,3.297000000000004,12.5,4.7425999999999995,99.5478,168.3832875,39.57567499999993,3.9987999999999997,12.6868,3.3030125000000004,99.08070000000001,-0.5366282857948123,-1.0015098989623252
120.7,23.0,394.6266,SSP3-7.0,2081-2100,30.130299999999977,161.1411,-43.41870000000017,3.1266999999999996,13.307400000000001,2.105600000000001,94.1044,167.21893749999998,14.202374999999961,3.8427499999999997,12.42545,3.1742999999999997,99.22743750000001,-0.5366282857948123,-0.9383141185925338
120.7,23.05,410.8476,SSP3-7.0,2081-2100,40.23750000000001,165.6543,-30.389400000000023,3.899199999999997,13.3444,2.6758999999999986,100.0913,166.772425,28.739687499999945,4.114999999999998,12.3907375,2.6918875,99.306525,-0.5366282857948123,-0.8751183382227424
120.7,23.1,402.7462,SSP3-7.0,2081-2100,49.10430000000002,176.0632,106.93510000000015,4.776899999999998,13.3722,2.7241,106.4978,168.39517500000002,74.8579125,4.562062499999998,12.4979125,2.7997499999999995,101.616025,-0.5366282857948123,-0.811922557852951
120.7,23.15,376.2442,SSP3-7.0,2081-2100,55.22290000000004,164.4227,195.96389999999974,5.467500000000001,10.799999999999997,2.838899999999999,99.913,171.560725,138.01078750000016,4.926124999999999,11.828475000000001,2.8483624999999995,104.07907499999999,-0.5366282857948123,-0.748726777483164
120.7,23.2,364.7975,SSP3-7.0,2081-2100,59.66739999999999,170.6635,228.37350000000015,5.357400000000002,11.1963,3.1463,104.787,170.2315875,146.86568750000004,4.9673,10.877087500000002,2.7060125,103.1807,-0.5366282857948123,-0.6855309971133726
120.7,23.25,319.5886,SSP3-7.0,2081-2100,58.2534,175.8759,131.3395999999998,4.847200000000001,9.968500000000006,2.738900000000001,107.3348,170.5975625,127.20808750000015,4.7683625,10.57385,2.5497625,103.2676625,-0.5366282857948123,-0.6223352167435812
120.7,23.3,324.5851,SSP3-7.0,2081-2100,50.39159999999998,179.4469,62.901900000000296,4.3245000000000005,10.299999999999997,3.092599999999999,109.62389999999999,172.7692375,112.39644999999996,4.63415,9.924075,2.1999874999999998,104.8029875,-0.5366282857948123,-0.5591394363737897
120.7,23.35,357.7791,SSP3-7.0,2081-2100,41.58409999999998,180.4947,125.88720000000012,4.526299999999999,9.468499999999999,2.1480999999999995,109.0087,174.68012499999998,91.57867499999992,4.405725,9.066912499999999,2.3073999999999995,106.616575,-0.5366282857948123,-0.4959436560039983
120.7,23.4,387.3973,SSP3-7.0,2081-2100,25.315300000000036,177.32909999999998,58.80319999999983,4.008700000000001,9.359300000000005,2.6240999999999985,108.4283,174.4349875,83.87592499999988,4.320437500000001,8.2490875,2.1449,105.81902500000001,-0.5366282857948123,-0.43274787563421135
120.7,23.45,410.6323,SSP3-7.0,2081-2100,20.78739999999999,171.9287,43.07670000000007,4.172500000000003,8.716700000000003,2.2036999999999995,103.8739,173.041675,37.878087499999936,4.0588999999999995,7.158125,2.2354249999999993,104.0709375,-0.5366282857948123,-0.3695520952644199
120.7,23.5,447.641,SSP3-7.0,2081-2100,22.3005,167.734,-18.718199999999797,4.110599999999998,6.966700000000003,1.8499999999999996,102.2565,174.9219,29.84931249999994,3.9022375,5.601174999999999,2.4090375,103.402725,-0.5366282857948123,-0.3063563148946285
120.7,23.55,377.4282,SSP3-7.0,2081-2100,32.0924,178.0517,54.87819999999965,3.924800000000001,3.3684999999999974,3.0,102.15650000000001,175.28535000000002,12.528037500000039,3.5575749999999995,4.640062499999999,2.7287124999999994,102.8600625,-0.5366282857948123,-0.24316053452483705
120.7,23.6,340.1265,SSP3-7.0,2081-2100,31.99449999999996,178.57150000000001,44.51520000000028,3.3568,4.031500000000001,3.179599999999999,101.93480000000001,177.0442625,40.929812499999855,3.4031500000000006,4.2858875,3.5199125,102.8644,-0.5366282857948123,-0.17996475415504562
120.7,23.65,260.59,SSP3-7.0,2081-2100,46.13240000000002,182.4937,87.19499999999971,3.549900000000001,5.3889,4.018500000000001,105.2913,175.83297500000003,57.106150000000014,3.2936625,4.167600000000002,3.7025499999999996,101.25053750000001,-0.5366282857948123,-0.11676897378525869
120.7,23.7,217.806,SSP3-7.0,2081-2100,42.93769999999998,180.5905,68.7822000000001,3.263300000000001,4.161100000000005,3.5,103.6456,173.210875,86.69576249999994,3.391475,4.9548625,3.8685125000000005,98.90107499999999,-0.5366282857948123,-0.053573193415467256
120.7,23.75,202.2517,SSP3-7.0,2081-2100,28.155400000000014,171.0875,64.09870000000001,3.1936,6.464799999999997,3.372200000000001,97.30869999999999,172.497275,105.2211125,3.387275,4.305324999999999,3.475925,97.5747125,-0.5366282857948123,0.009622586954324176
120.7,23.8,190.7907,SSP3-7.0,2081-2100,19.56050000000002,169.4348,105.05609999999979,3.2944999999999993,5.175899999999999,2.748100000000001,95.71740000000001,170.0474875,97.25162499999996,3.2549875000000004,4.872212499999999,3.2145875000000004,95.6369375,-0.5366282857948123,0.0728183673241156
120.7,23.85,192.2506,SSP3-7.0,2081-2100,20.366800000000012,170.7996,84.24499999999989,3.1194000000000024,6.098100000000002,2.679599999999999,95.9804,170.8889375,84.41903749999994,3.2380625000000003,4.221525000000001,2.5981625000000004,96.2671125,-0.5366282857948123,0.13601414769390704
120.7,23.9,185.3979,SSP3-7.0,2081-2100,18.83160000000001,172.6239,70.49180000000001,3.268900000000002,4.8574000000000055,1.9815000000000005,97.4804,172.44227500000002,66.32196249999993,3.2069375000000004,3.1761500000000007,2.0840500000000004,98.09455,-0.5366282857948123,0.19920992806369398
120.7,23.95,181.8069,SSP3-7.0,2081-2100,18.905599999999993,174.3213,83.14719999999988,3.370799999999999,-0.6999999999999957,1.1667000000000005,99.5543,174.09947499999998,61.18101249999995,3.270687500000001,1.962975000000001,1.7676125000000003,100.53995,-0.5366282857948123,0.26240570843348543
120.7,24.0,180.7551,SSP3-7.0,2081-2100,21.62440000000001,175.8795,89.59899999999993,3.4665,-1.0980999999999952,1.1518999999999995,103.82169999999999,174.553875,55.621974999999935,3.2481375000000003,1.6851875000000005,1.5416750000000001,102.25979999999998,-0.5366282857948123,0.32560148880327683
120.7,24.05,191.374,SSP3-7.0,2081-2100,21.85990000000001,174.5393,49.793100000000095,3.265099999999997,4.246300000000005,1.355599999999999,103.35,174.61357500000003,48.86596249999994,3.1780375000000007,2.3932875000000005,1.2974499999999995,103.61795,-0.5366282857948123,0.3887972691730683
120.7,24.1,200.5656,SSP3-7.0,2081-2100,19.12360000000001,174.90910000000002,48.80250000000001,3.0898000000000003,3.261099999999999,1.0869999999999997,104.3826,174.133275,30.243387499999983,2.9865125,4.547450000000001,0.9951375,104.11521249999998,-0.5366282857948123,0.4519930495428597
120.7,24.15,211.7542,SSP3-7.0,2081-2100,14.957899999999995,174.18099999999998,17.578300000000127,2.701900000000002,6.6370000000000005,0.4648000000000003,104.663,173.40435,30.155212500000005,2.8906875000000003,3.489812500000001,0.7682874999999999,104.246725,-0.5366282857948123,0.5151888299126467
120.7,24.2,215.4407,SSP3-7.0,2081-2100,19.0907,172.3401,27.006000000000085,2.6631,-0.5814999999999984,0.6314999999999991,104.0065,171.291325,40.11762500000003,2.812925000000001,2.7613375000000007,0.5884250000000002,103.24347499999999,-0.5366282857948123,0.578384610282438
120.7,24.25,214.8046,SSP3-7.0,2081-2100,32.6592,168.1569,62.289400000000114,2.828500000000002,-0.07959999999999923,0.6981000000000002,101.0761,168.327225,69.31321250000002,2.863725,1.501362499999999,0.45488749999999956,101.6682125,-0.5366282857948123,0.6415803906522295
120.7,24.3,200.8877,SSP3-7.0,2081-2100,29.58930000000001,163.70610000000002,122.82670000000007,2.9229999999999983,1.786999999999999,0.41669999999999874,98.75869999999999,165.1209,95.05928750000001,3.1172375000000008,1.8448874999999996,0.33751249999999966,98.8244625,-0.5366282857948123,0.704776171022021
120.7,24.35,177.1856,SSP3-7.0,2081-2100,40.19730000000001,161.5425,131.86069999999995,3.405000000000001,0.8370000000000033,-0.18700000000000117,94.7478,162.67796250000004,104.3600625,3.3600749999999997,4.4312375,0.38543749999999966,96.994575,-0.5366282857948123,0.7679719513918124
120.7,24.4,173.267,SSP3-7.0,2081-2100,39.5933,159.9086,107.37040000000002,3.7578999999999994,7.357399999999998,0.3593000000000002,93.4674,160.4505125,93.4673875,3.4869625,5.7117875,0.34653749999999983,94.8193,-0.5366282857948123,0.8311677317615993
120.7,24.45,170.5324,SSP3-7.0,2081-2100,43.7851,157.5026,68.14599999999996,3.543099999999999,8.683299999999996,0.43520000000000003,92.1587,158.8013625,80.64987500000001,3.3921875000000004,7.034724999999999,0.3502375000000001,93.928275,-0.5366282857948123,0.8943635121313908
120.7,24.5,157.9655,SSP3-7.0,2081-2100,40.916,156.83540000000002,65.64269999999988,3.409600000000001,8.274099999999997,0.11479999999999979,93.1544,156.8997625,73.12360000000001,3.2095625000000005,7.037274999999998,0.26736250000000006,92.2032625,-0.5366282857948123,0.9575592925011822
120.7,24.55,154.1484,SSP3-7.0,2081-2100,32.2989,157.4864,62.19869999999992,3.1781000000000006,6.8093,-0.04070000000000018,91.8739,156.76273750000001,69.49109999999996,3.0575500000000004,7.147224999999999,0.2874875000000001,91.90055000000001,-0.5366282857948123,1.0207550728709736
120.7,24.6,152.1908,SSP3-7.0,2081-2100,29.253100000000018,159.3391,71.87459999999987,3.0442,8.629600000000003,0.4759000000000002,92.0783,155.76768750000002,65.10888749999998,2.8903749999999997,6.145374999999999,0.09305000000000008,91.2885875,-0.5366282857948123,1.0839508532407651
120.75,21.9,240.7403,SSP3-7.0,2081-2100,-0.6602000000000032,187.0289,15.917599999999993,2.3613,23.966700000000003,3.4406999999999996,115.4239,188.74062500000002,17.006387499999988,2.313225,24.068512499999997,3.8588125,115.86167499999999,-0.4309344457135909,-2.3286212867279272
120.75,21.95,248.0101,SSP3-7.0,2081-2100,-9.735299999999995,188.1633,29.611500000000206,2.0167,23.9463,3.7056000000000004,115.8783,188.38975,29.96792499999995,2.3532625,23.6379625,3.6546375,115.9703625,-0.4309344457135909,-2.265425506358136
120.75,22.0,264.8936,SSP3-7.0,2081-2100,-11.366600000000005,189.3759,76.4719,2.379999999999999,22.6241,4.0815,115.63040000000001,187.7433375,44.994999999999976,2.3206,23.0236125,3.3722374999999998,115.71575,-0.4309344457135909,-2.2022297259883445
120.75,22.05,259.2501,SSP3-7.0,2081-2100,-0.8224999999999909,188.9784,96.58159999999998,2.5280999999999985,22.911100000000005,2.8259000000000007,115.64999999999999,186.27685000000002,73.79101249999997,2.713175,21.210424999999997,3.186825,114.42308750000001,-0.4309344457135909,-2.139033945618553
120.75,22.1,243.7158,SSP3-7.0,2081-2100,3.8286999999999978,185.75119999999998,135.02509999999984,3.4206000000000003,21.868499999999997,2.7278000000000002,113.3261,182.4681875,93.73226249999999,3.13065,19.8020875,2.7921375,111.03857500000001,-0.4309344457135909,-2.0758381652487614
120.75,22.15,227.9635,SSP3-7.0,2081-2100,18.053699999999992,170.36200000000002,147.21769999999992,3.9525000000000006,18.8463,2.5426,99.5804,180.712875,115.144725,3.5997500000000007,19.874299999999998,2.801625,109.30109999999999,-0.4309344457135909,-2.0126423848789745
120.75,22.2,222.212,SSP3-7.0,2081-2100,20.086000000000013,176.5097,154.29950000000008,3.825800000000001,19.594399999999993,2.8295999999999992,105.2435,174.3644375,130.83173750000003,4.0367750000000004,20.714125,2.91065,103.39675,-0.4309344457135909,-1.9494466045091832
120.75,22.25,227.0294,SSP3-7.0,2081-2100,19.258399999999995,166.0222,164.77650000000017,4.319700000000001,26.5167,3.3667,96.4391,170.700375,147.42878750000003,4.281475,21.412499999999998,3.088875,99.4502875,-0.4309344457135909,-1.8862508241393918
120.75,22.3,268.0443,SSP3-7.0,2081-2100,15.723199999999963,162.66299999999998,180.16820000000007,4.495499999999996,21.203699999999998,3.140699999999999,92.2565,160.200725,171.43466250000003,4.5881625,21.057175,3.3377375000000002,90.11767499999999,-0.4309344457135909,-1.8230550437696005
120.75,22.35,330.0234,SSP3-7.0,2081-2100,19.540200000000027,140.9673,207.3503999999998,4.768199999999997,18.283299999999997,3.5833000000000013,74.3696,152.038325,207.70578750000007,4.878175000000001,18.3363375,3.48705,82.831525,-0.4309344457135909,-1.759859263399809
120.75,22.4,426.5289,SSP3-7.0,2081-2100,17.29069999999996,130.06810000000002,243.20749999999998,5.4373000000000005,14.296299999999995,3.8667000000000016,65.2935,145.7745625,255.50394999999997,5.2567,16.072687499999997,3.7437625,77.3616875,-0.4309344457135909,-1.696663483030022
120.75,22.45,402.7515,SSP3-7.0,2081-2100,23.150800000000004,137.8365,313.37059999999974,5.9756,14.416699999999999,3.8721999999999994,71.49560000000001,139.18118750000002,295.8068125,5.584925,14.643537499999999,4.057650000000001,72.7842375,-0.4309344457135909,-1.6334677026602307
120.75,22.5,383.3252,SSP3-7.0,2081-2100,33.61310000000003,130.1469,335.2262999999998,6.058500000000002,13.159300000000002,4.212999999999999,68.29780000000001,140.4997875,323.52142499999997,5.8119125,13.911825,4.1291625,74.15678750000001,-0.4309344457135909,-1.570271922290439
120.75,22.55,401.9101,SSP3-7.0,2081-2100,40.50689999999997,120.83110000000002,332.89450000000033,5.970000000000006,10.785200000000003,3.8926,65.3891,140.598025,329.48454999999996,5.996137500000001,13.6314875,3.9321624999999996,74.5864125,-0.4309344457135909,-1.5070761419206478
120.75,22.6,437.8793,SSP3-7.0,2081-2100,72.11989999999997,113.0254,322.40959999999995,6.3248999999999995,12.436999999999998,2.7111,61.8413,143.19585,325.3162,6.188825000000001,12.2136625,3.5073999999999996,76.83449999999999,-0.4309344457135909,-1.4438803615508562
120.75,22.65,487.3667,SSP3-7.0,2081-2100,81.68070000000006,133.7483,330.9164999999998,6.777299999999997,11.298099999999998,2.3796,72.90429999999999,144.47405,318.3786125,6.4864125,11.725462499999999,2.9828624999999995,78.13341249999999,-0.4309344457135909,-1.3806845811810693
120.75,22.7,485.5615,SSP3-7.0,2081-2100,90.1703,157.5603,361.42790000000014,7.2646000000000015,9.644399999999997,2.135200000000001,87.2,150.7112,294.5053499999999,6.417999999999998,10.890049999999999,2.8236124999999994,82.25460000000001,-0.4309344457135909,-1.317488800811278
120.75,22.75,433.8144,SSP3-7.0,2081-2100,82.6925,166.2045,349.01219999999967,6.733799999999995,8.209299999999999,2.462999999999999,90.27170000000001,153.06345,256.95235,6.025537499999999,10.692574999999998,2.838425,84.558425,-0.4309344457135909,-1.2542930204414864
120.75,22.8,441.5667,SSP3-7.0,2081-2100,65.96629999999999,130.9617,268.18849999999975,5.361400000000003,8.857399999999998,2.3592999999999993,72.3783,149.6087125,199.28878750000007,5.3785624999999975,10.2703625,3.0888999999999998,81.5584125,-0.4309344457135909,-1.191097240071695
120.75,22.85,461.3478,SSP3-7.0,2081-2100,47.78800000000001,131.435,151.48900000000003,4.380299999999998,9.2759,3.5778,71.37389999999999,145.759075,146.51305000000008,4.641824999999999,10.9205875,3.2113500000000004,80.7228125,-0.4309344457135909,-1.1279014597019037
120.75,22.9,460.7495,SSP3-7.0,2081-2100,36.04599999999999,155.3033,45.321500000000015,3.5867999999999967,13.625900000000001,4.1426,87.6217,145.127925,80.43253750000008,3.9428875000000003,11.3275375,3.58635,80.6203625,-0.4309344457135909,-1.0647056793321166
120.75,22.95,447.1037,SSP3-7.0,2081-2100,26.1909,165.5075,-37.983200000000124,3.3293000000000035,13.779600000000002,4.0037,95.1087,149.29081250000002,14.093199999999968,3.4936125000000002,12.4194375,3.2993125,84.3584125,-0.4309344457135909,-1.0015098989623252
120.75,23.0,452.9206,SSP3-7.0,2081-2100,33.90470000000005,155.4765,-114.72140000000036,3.7375000000000007,12.0278,2.7333,90.2587,151.15926249999998,-33.322512500000016,3.3817625000000007,12.787025000000002,2.9655249999999995,86.660875,-0.4309344457135909,-0.9383141185925338
120.75,23.05,440.0337,SSP3-7.0,2081-2100,35.00759999999997,152.9786,-54.158400000000256,3.783699999999996,12.242600000000003,2.513,90.7174,153.72281249999997,-45.40718750000002,3.826224999999999,12.926837500000001,2.2986125,88.7614125,-0.4309344457135909,-0.8751183382227424
120.75,23.1,430.4859,SSP3-7.0,2081-2100,35.176999999999964,165.4249,-7.917500000000018,4.233499999999996,13.887,2.8407,98.0565,160.34292499999998,2.497299999999939,4.3310625,12.6449,2.2428249999999994,95.09700000000001,-0.4309344457135909,-0.811922557852951
120.75,23.15,392.1154,SSP3-7.0,2081-2100,49.98159999999996,174.04410000000001,93.99929999999995,4.953900000000001,12.913000000000004,2.696299999999999,106.20870000000001,162.9491625,68.47637500000002,4.694874999999999,12.377537499999999,2.3217499999999998,96.53450000000001,-0.4309344457135909,-0.748726777483164
120.75,23.2,370.2086,SSP3-7.0,2081-2100,53.43380000000002,159.2583,158.4716000000003,4.994199999999996,10.461100000000002,2.2036999999999995,94.4435,168.1665375,103.93653749999993,4.8247375,11.808575000000001,2.4833374999999998,100.7220125,-0.4309344457135909,-0.6855309971133726
120.75,23.25,348.2569,SSP3-7.0,2081-2100,52.8193,157.95640000000003,107.45560000000023,4.808299999999999,12.124100000000006,2.2889,91.9609,170.3496875,101.72210000000007,4.665137499999999,10.9537125,2.444675,102.10381249999999,-0.4309344457135909,-0.6223352167435812
120.75,23.3,342.7216,SSP3-7.0,2081-2100,44.787499999999966,173.736,59.74409999999989,4.448899999999998,10.788899999999998,1.8870000000000005,104.7239,171.4658875,89.45280000000002,4.5095624999999995,9.9752375,2.3293999999999997,103.49267499999999,-0.4309344457135909,-0.5591394363737897
120.75,23.35,367.3666,SSP3-7.0,2081-2100,40.2629,172.0267,112.09249999999975,4.5151,8.725900000000003,1.8148,107.1087,173.9486875,73.62276250000002,4.2787,9.214825000000001,2.3196624999999997,105.995925,-0.4309344457135909,-0.4959436560039983
120.75,23.4,402.595,SSP3-7.0,2081-2100,29.671099999999967,173.62369999999999,112.75679999999966,4.208500000000001,8.211100000000002,2.8443999999999985,107.8891,173.51745,70.99809999999997,4.1764125000000005,8.139600000000002,2.0226875,106.1592375,-0.4309344457135909,-0.43274787563421135
120.75,23.45,407.0928,SSP3-7.0,2081-2100,20.078599999999994,172.0328,45.45559999999978,4.1493,7.4056,2.070400000000001,104.2565,170.9544875,56.91998750000005,3.9603000000000006,7.497475000000001,2.193974999999999,104.36711249999999,-0.4309344457135909,-0.3695520952644199
120.75,23.5,408.9241,SSP3-7.0,2081-2100,23.71339999999998,171.0041,46.4961000000003,3.789999999999999,4.442599999999999,2.0462999999999987,103.0022,170.8770375,38.267537499999946,3.7939750000000005,6.7780249999999995,2.2893625,103.2540625,-0.4309344457135909,-0.3063563148946285
120.75,23.55,389.5544,SSP3-7.0,2081-2100,33.23130000000003,182.01780000000002,11.455599999999777,3.2834000000000003,3.4277999999999977,2.7592999999999996,109.2804,169.99307500000003,39.887962500000015,3.5368374999999994,5.919912500000001,2.6877374999999994,101.5614125,-0.4309344457135909,-0.24316053452483705
120.75,23.6,347.3933,SSP3-7.0,2081-2100,35.07670000000002,178.0276,9.938499999999749,2.801099999999998,4.211100000000002,3.5703999999999994,103.9391,174.75209999999998,58.28424999999987,3.37795,5.334487500000001,3.16575,103.383425,-0.4309344457135909,-0.17996475415504562
120.75,23.65,258.0759,SSP3-7.0,2081-2100,42.82260000000002,176.4233,89.44459999999981,3.289999999999999,4.900000000000006,3.6759000000000004,101.4,177.6100375,60.0779,3.188462499999999,4.940750000000002,3.3689874999999994,103.77472499999999,-0.4309344457135909,-0.11676897378525869
120.75,23.7,222.1197,SSP3-7.0,2081-2100,41.6713,182.1727,106.39200000000028,3.4689999999999976,3.759300000000003,3.1610999999999994,103.1065,177.102475,67.71769999999998,3.1637124999999995,5.393750000000001,3.5055500000000004,102.01928749999999,-0.4309344457135909,-0.053573193415467256
120.75,23.75,210.2625,SSP3-7.0,2081-2100,31.856099999999998,169.2294,71.16360000000009,3.2057,5.225899999999996,4.200000000000001,93.07169999999999,175.3001375,79.87391250000007,3.202699999999999,4.8187625,3.2289250000000003,99.93125,-0.4309344457135909,0.009622586954324176
120.75,23.8,191.8796,SSP3-7.0,2081-2100,26.921599999999984,169.7729,140.86540000000014,3.5157999999999987,2.1055999999999955,3.6555999999999997,95.5174,171.86348750000002,69.70179999999999,3.088575,5.131937499999999,3.1414250000000004,97.1108625,-0.4309344457135909,0.0728183673241156
120.75,23.85,195.4845,SSP3-7.0,2081-2100,18.765600000000006,169.612,87.25589999999988,3.0732,2.0352000000000032,2.8519000000000005,95.6565,171.858175,53.168312499999956,3.1225750000000003,4.7569375,2.7754625,97.37555,-0.4309344457135909,0.13601414769390704
120.75,23.9,188.8619,SSP3-7.0,2081-2100,27.5548,171.4778,-2.9170000000001437,3.1768,3.531500000000001,2.1667000000000005,97.337,173.97413749999998,33.179524999999956,3.0730000000000004,3.1824000000000012,2.2722375,99.81575000000001,-0.4309344457135909,0.19920992806369398
120.75,23.95,183.7087,SSP3-7.0,2081-2100,26.063900000000018,175.35379999999998,50.63830000000007,3.459500000000002,-1.3222000000000023,1.8130000000000006,102.5826,175.7670125,23.539762499999938,3.1589250000000004,2.2446750000000026,1.8604250000000002,102.142125,-0.4309344457135909,0.26240570843348543
120.75,24.0,188.7842,SSP3-7.0,2081-2100,24.572699999999998,176.84210000000002,63.01769999999988,3.436200000000003,-2.4758999999999958,1.8980999999999995,103.937,175.7457625,24.19822499999998,3.2948374999999994,2.328237500000002,1.618075,104.0516375,-0.4309344457135909,0.32560148880327683
120.75,24.05,206.2086,SSP3-7.0,2081-2100,24.80280000000002,173.9583,-0.7202000000002045,3.571999999999999,2.8573999999999984,1.6074000000000002,104.89569999999999,175.3648875,37.81129999999999,3.3117875,2.5236125000000023,1.4458374999999997,104.558975,-0.4309344457135909,0.3887972691730683
120.75,24.1,208.7482,SSP3-7.0,2081-2100,32.1893,173.8759,19.865299999999934,3.3032000000000004,2.6999999999999957,1.0999999999999996,104.7391,173.72958749999998,25.795049999999975,3.2144749999999993,4.066662500000002,1.2474625,104.40788749999999,-0.4309344457135909,0.4519930495428597
120.75,24.15,208.3345,SSP3-7.0,2081-2100,30.515000000000015,171.9769,11.158299999999826,3.0062999999999995,4.301900000000003,0.6500000000000004,104.6717,172.7113125,29.47229999999999,3.0388125,3.6152750000000005,1.0099624999999999,104.1874875,-0.4309344457135909,0.5151888299126467
120.75,24.2,219.7389,SSP3-7.0,2081-2100,29.151099999999985,170.0605,15.77229999999986,3.058299999999999,5.381500000000003,0.4703999999999997,104.76299999999999,170.445375,38.96258750000004,2.906450000000001,2.6541625,0.8634249999999999,103.2065125,-0.4309344457135909,0.578384610282438
120.75,24.25,239.7277,SSP3-7.0,2081-2100,26.5796,167.4943,82.32510000000002,2.8980000000000032,-0.009300000000003195,0.37040000000000006,102.887,167.4845375,55.3567625,2.9425749999999997,2.9671249999999993,0.7219999999999995,101.77635000000001,-0.4309344457135909,0.6415803906522295
120.75,24.3,219.9145,SSP3-7.0,2081-2100,27.645899999999983,165.0686,93.31489999999985,3.040399999999998,2.4833,0.2555999999999994,100.3,164.7863125,86.88971250000003,3.196850000000001,2.658549999999999,0.5824124999999996,99.74022500000001,-0.4309344457135909,0.704776171022021
120.75,24.35,201.6784,SSP3-7.0,2081-2100,39.053499999999985,162.91670000000002,93.93830000000003,3.602300000000003,6.596299999999999,0.6074000000000002,97.5348,163.099475,94.53002499999997,3.4420124999999997,4.7268375,0.4282749999999994,98.26495,-0.4309344457135909,0.7679719513918124
120.75,24.4,212.2149,SSP3-7.0,2081-2100,41.352000000000004,163.3466,86.30529999999999,3.8200000000000003,9.807400000000001,0.6019000000000005,98.9283,160.503625,89.85467499999999,3.6049625000000005,6.202299999999999,0.43264999999999976,95.3586875,-0.4309344457135909,0.8311677317615993
120.75,24.45,202.2433,SSP3-7.0,2081-2100,35.24519999999998,158.51069999999999,84.18380000000002,3.5534,8.994399999999999,0.30740000000000034,93.65,158.235375,81.16294999999997,3.5574625000000006,7.379174999999998,0.4358875,93.8676625,-0.4309344457135909,0.8943635121313908
120.75,24.5,168.5485,SSP3-7.0,2081-2100,33.32090000000002,155.06279999999998,67.4674,3.313100000000002,7.216699999999996,0.3185000000000002,91.41300000000001,156.2468375,75.24939999999995,3.2643125,7.167824999999998,0.29698750000000007,91.99946249999999,-0.4309344457135909,0.9575592925011822
120.75,24.55,153.7346,SSP3-7.0,2081-2100,25.219300000000004,155.981,57.131599999999935,2.8355999999999995,8.031500000000001,0.11850000000000005,90.78699999999999,156.145275,71.77911249999994,3.062925000000001,6.696299999999998,0.12729999999999997,91.57037500000001,-0.4309344457135909,1.0207550728709736
120.75,24.6,158.1567,SSP3-7.0,2081-2100,24.929399999999987,157.72,68.78749999999991,2.7867999999999995,5.5852,0.2370000000000001,91.0217,155.51405,60.20377500000001,2.8510374999999994,6.477774999999999,0.06897500000000012,91.22064999999999,-0.4309344457135909,1.0839508532407651
120.75,24.65,147.2359,SSP3-7.0,2081-2100,21.5146,155.1133,61.72240000000011,2.751299999999997,4.781500000000001,0.6037000000000008,90.3283,155.014275,55.00822499999998,2.7992249999999994,7.33635,0.018962499999999993,90.998625,-0.4309344457135909,1.147146633610552
120.8,21.95,265.6306,SSP3-7.0,2081-2100,-14.899800000000027,188.48680000000002,-14.550700000000006,2.160700000000002,27.311100000000003,4.4666999999999994,116.7478,188.1334375,-0.06470000000001619,2.4170249999999998,24.5532375,3.9261625,115.50868750000001,-0.32524060563236956,-2.265425506358136
120.8,22.0,268.3165,SSP3-7.0,2081-2100,-12.849500000000006,185.9203,-0.3683000000000902,2.4742999999999995,26.3759,4.1019000000000005,115.4391,186.740875,-4.818187500000022,2.5445875,23.533787500000003,3.8650624999999996,115.21629999999999,-0.32524060563236956,-2.2022297259883445
120.8,22.05,256.5459,SSP3-7.0,2081-2100,-1.789100000000019,180.97629999999998,14.4382999999998,2.849499999999999,22.714800000000004,3.501899999999999,112.74560000000001,184.866425,6.195599999999956,3.014275,22.494675,3.674075,114.06332499999999,-0.32524060563236956,-2.139033945618553
120.8,22.1,269.4312,SSP3-7.0,2081-2100,7.764400000000023,177.9289,13.216600000000199,3.7422000000000004,23.412999999999997,3.8278,110.0848,179.97224999999997,32.93933749999994,3.476925,20.520125,3.2523125,110.24293750000001,-0.32524060563236956,-2.0758381652487614
120.8,22.15,254.6277,SSP3-7.0,2081-2100,26.665300000000002,174.1243,81.42849999999999,4.143000000000001,19.672199999999997,3.2166999999999994,106.5196,175.1713125,60.50050000000002,3.8561375000000004,20.277074999999996,3.3423625,105.9356125,-0.32524060563236956,-2.0126423848789745
120.8,22.2,256.7233,SSP3-7.0,2081-2100,25.89640000000003,166.0306,125.26490000000013,4.0969000000000015,22.729599999999998,3.1740999999999993,97.3196,169.61835,93.56353750000005,4.1884625,20.3076375,3.5182874999999996,100.889675,-0.32524060563236956,-1.9494466045091832
120.8,22.25,258.5786,SSP3-7.0,2081-2100,22.449299999999994,159.6711,135.3161,4.610299999999999,21.338900000000002,4.0259,91.0022,167.04325,122.0657375000001,4.313549999999999,21.0706,3.5451499999999996,97.80597499999999,-0.32524060563236956,-1.8862508241393918
120.8,22.3,280.0734,SSP3-7.0,2081-2100,18.80830000000003,157.0816,166.81809999999996,4.768599999999999,22.1685,3.6704000000000008,88.26520000000001,160.97152499999999,151.2112250000001,4.550649999999999,20.3425875,3.6784749999999997,91.7176625,-0.32524060563236956,-1.8230550437696005
120.8,22.35,315.6494,SSP3-7.0,2081-2100,16.726400000000012,153.2905,196.4680000000003,4.970600000000001,17.698099999999997,3.4556000000000004,83.3022,152.62995,188.92207500000006,4.75455,18.1509125,3.7088,84.1481,-0.32524060563236956,-1.759859263399809
120.8,22.4,345.9948,SSP3-7.0,2081-2100,15.63130000000001,141.6602,240.31150000000025,5.084000000000003,13.753700000000002,3.8110999999999997,74.8522,145.756625,235.00933750000002,5.133925,16.862024999999996,3.8215375000000007,77.85896249999999,-0.32524060563236956,-1.696663483030022
120.8,22.45,333.4543,SSP3-7.0,2081-2100,19.556500000000028,138.4891,298.2194999999997,5.422499999999996,16.024099999999997,4.0426,71.7826,139.2253375,267.1495125,5.4176625000000005,15.915049999999999,3.8838,73.2752625,-0.32524060563236956,-1.6334677026602307
120.8,22.5,323.4253,SSP3-7.0,2081-2100,24.7706,124.7638,300.9964,5.525399999999998,16.827800000000003,3.7407000000000004,65.5587,139.8426375,282.93705,5.4765250000000005,15.9412125,3.8652875,73.79672500000001,-0.32524060563236956,-1.570271922290439
120.8,22.55,332.3605,SSP3-7.0,2081-2100,26.81400000000002,141.4113,279.59789999999975,5.137500000000003,16.342599999999997,3.8389000000000006,74.6913,136.82325,276.694925,5.504975000000001,15.603237500000002,3.5361,72.5720125,-0.32524060563236956,-1.5070761419206478
120.8,22.6,358.4882,SSP3-7.0,2081-2100,44.00389999999999,151.03640000000001,275.6907000000001,5.548200000000001,15.887,3.3758999999999997,79.62610000000001,135.695175,263.82724999999994,5.518250000000001,14.4111125,3.2483750000000002,72.4067875,-0.32524060563236956,-1.4438803615508562
120.8,22.65,398.7711,SSP3-7.0,2081-2100,56.78120000000001,128.39960000000002,271.71259999999984,5.759100000000004,13.951900000000002,3.1852,69.8043,138.65236249999998,254.7623875,5.707274999999999,13.281924999999998,2.9536875,74.453525,-0.32524060563236956,-1.3806845811810693
120.8,22.7,419.3707,SSP3-7.0,2081-2100,62.861699999999985,125.8486,251.32560000000012,5.991599999999998,12.188899999999997,3.0981000000000005,67.3065,144.36601249999998,238.86621249999996,5.6023249999999996,11.696062499999998,2.8708375,78.43531250000001,-0.32524060563236956,-1.317488800811278
120.8,22.75,393.7862,SSP3-7.0,2081-2100,59.088300000000004,157.1549,200.06079999999974,5.359099999999998,11.1481,2.9277999999999995,85.40870000000001,140.8129875,215.43322500000005,5.253,10.939812499999999,2.8372624999999996,77.26032500000001,-0.32524060563236956,-1.2542930204414864
120.8,22.8,391.1317,SSP3-7.0,2081-2100,62.11779999999999,141.933,174.70090000000027,4.671399999999998,11.340699999999998,2.9481,79.45,133.76356249999998,177.20825000000002,4.675687499999999,9.904174999999999,3.0009374999999996,71.8116875,-0.32524060563236956,-1.191097240071695
120.8,22.85,437.2961,SSP3-7.0,2081-2100,53.678399999999954,106.79310000000001,166.76930000000038,4.303199999999997,5.670400000000001,3.1463,53.0261,128.50728750000002,128.69133750000003,4.0321125,11.162725,3.1828749999999997,69.45026250000001,-0.32524060563236956,-1.1279014597019037
120.8,22.9,451.4754,SSP3-7.0,2081-2100,43.66120000000001,134.00150000000002,105.64059999999972,3.6872000000000007,9.6907,3.2425999999999995,73.99780000000001,123.25857500000001,73.56098750000007,3.5255249999999996,11.473375,3.3275499999999996,64.8559625,-0.32524060563236956,-1.0647056793321166
120.8,22.95,394.1903,SSP3-7.0,2081-2100,23.93240000000003,122.6925,-5.289600000000064,2.8529000000000018,12.392600000000002,3.4425999999999988,64.5913,127.6647625,21.42362499999996,3.3045625000000003,12.161100000000001,2.9912,67.95135,-0.32524060563236956,-1.0015098989623252
120.8,23.0,377.9689,SSP3-7.0,2081-2100,24.083799999999997,119.55409999999999,-46.78949999999986,3.1737,12.364800000000002,2.513,60.823899999999995,128.731475,-24.6239250000001,3.2537625000000006,12.5074,2.6125,69.24267499999999,-0.32524060563236956,-0.9383141185925338
120.8,23.05,422.9678,SSP3-7.0,2081-2100,29.58789999999999,151.6207,-95.9360999999999,3.5916000000000032,12.364800000000002,1.7278000000000002,88.3022,127.755775,-48.12456250000008,3.525449999999999,12.5826375,2.1937499999999996,68.158425,-0.32524060563236956,-0.8751183382227424
120.8,23.1,456.3283,SSP3-7.0,2081-2100,29.83159999999998,134.8477,-131.01999999999998,4.070699999999999,12.746299999999998,1.0684999999999985,71.95649999999999,144.332725,-30.939137500000072,3.822362499999999,12.721525000000002,2.1030125,81.8804375,-0.32524060563236956,-0.811922557852951
120.8,23.15,421.4172,SSP3-7.0,2081-2100,38.7629,163.1121,-65.41600000000017,4.105,13.375900000000001,1.6981000000000002,97.0891,152.89345,8.101412500000038,4.173962499999998,11.9768625,2.0009249999999996,87.4964625,-0.32524060563236956,-0.748726777483164
120.8,23.2,386.4121,SSP3-7.0,2081-2100,41.90749999999997,169.80089999999998,62.42039999999997,4.553799999999999,13.1815,2.053699999999999,99.5326,161.6227375,46.189099999999996,4.3012999999999995,11.3527875,2.160425,94.5991875,-0.32524060563236956,-0.6855309971133726
120.8,23.25,363.5412,SSP3-7.0,2081-2100,42.307500000000005,169.45669999999998,77.35599999999977,4.5047999999999995,10.909299999999995,2.4055999999999997,98.94999999999999,164.160325,58.15777500000007,4.317974999999999,11.043299999999999,2.1254625,96.29266249999999,-0.32524060563236956,-0.6223352167435812
120.8,23.3,350.1428,SSP3-7.0,2081-2100,42.661599999999964,164.5593,33.169700000000375,4.2902999999999984,10.824100000000001,2.0296000000000003,97.4348,167.1639,64.61251249999992,4.294387499999999,10.2002375,2.1868125000000003,99.7116875,-0.32524060563236956,-0.5591394363737897
120.8,23.35,359.2459,SSP3-7.0,2081-2100,38.40519999999998,171.9105,65.41989999999987,4.259999999999998,7.481499999999997,2.1167,106.5196,169.57695,62.79838749999999,4.225225,9.1976875,2.1647999999999996,102.61248749999999,-0.32524060563236956,-0.4959436560039983
120.8,23.4,378.8655,SSP3-7.0,2081-2100,32.215599999999995,170.48930000000001,70.29930000000013,4.162400000000002,7.285200000000003,1.8148,104.33909999999999,170.7294375,67.6989999999999,4.049212499999999,8.067599999999999,2.1254625,104.246725,-0.32524060563236956,-0.43274787563421135
120.8,23.45,349.367,SSP3-7.0,2081-2100,30.464099999999974,171.9278,46.95040000000017,3.617000000000001,6.674099999999996,1.3888999999999996,105.7391,170.45318749999998,61.72087499999998,3.8197875,7.661125,2.2810124999999997,103.4828625,-0.32524060563236956,-0.3695520952644199
120.8,23.5,415.8918,SSP3-7.0,2081-2100,43.547799999999995,163.5992,95.69560000000001,3.6127000000000002,8.324100000000001,2.7796000000000003,99.4087,171.6450125,25.66826249999997,3.4684375,7.405337499999998,2.0949124999999995,103.92634999999999,-0.32524060563236956,-0.3063563148946285
120.8,23.55,403.9372,SSP3-7.0,2081-2100,42.6583,159.7243,27.346399999999903,3.4815000000000005,9.340699999999998,2.263,99.06089999999999,173.2030375,28.213612499999982,3.2137374999999992,6.8555625,2.535424999999999,104.19863749999999,-0.32524060563236956,-0.24316053452483705
120.8,23.6,307.6143,SSP3-7.0,2081-2100,36.06149999999997,163.2322,58.95190000000002,3.2171999999999983,6.674100000000003,2.812999999999999,100.73259999999999,176.709025,32.320924999999875,3.070499999999999,6.624062500000001,2.8488499999999997,105.254625,-0.32524060563236956,-0.17996475415504562
120.8,23.65,246.432,SSP3-7.0,2081-2100,29.708200000000005,177.5023,92.48709999999983,2.919999999999998,5.544400000000003,3.6167,107.2109,176.81776250000001,45.7244125,3.0564999999999984,5.886350000000002,2.9953749999999992,103.0619625,-0.32524060563236956,-0.11676897378525869
120.8,23.7,246.221,SSP3-7.0,2081-2100,29.778700000000015,178.2898,12.361300000000028,2.930399999999999,5.755600000000001,3.092599999999999,104.337,177.96485,62.04691250000005,3.0259999999999985,5.168287500000002,3.18055,101.95435,-0.32524060563236956,-0.053573193415467256
120.8,23.75,219.1426,SSP3-7.0,2081-2100,33.429,181.2033,56.20910000000026,2.9567999999999977,5.709299999999999,2.5685000000000002,103.8891,174.6296875,61.00720000000007,3.066524999999999,4.6243125,3.12755,98.7752875,-0.32524060563236956,0.009622586954324176
120.8,23.8,200.978,SSP3-7.0,2081-2100,22.657099999999986,169.8496,85.22649999999999,2.9982000000000006,5.418500000000002,3.7333,95.92830000000001,174.5149625,49.13536250000007,2.9631124999999994,4.675012499999999,2.8650625,99.44863749999999,-0.32524060563236956,0.0728183673241156
120.8,23.85,204.2281,SSP3-7.0,2081-2100,23.57679999999999,173.6917,4.3595000000000255,2.8672000000000004,4.927799999999998,2.9778000000000002,99.3348,173.5088625,32.89574999999999,2.9144374999999996,4.7768500000000005,2.56275,99.944575,-0.32524060563236956,0.13601414769390704
120.8,23.9,212.8352,SSP3-7.0,2081-2100,30.950700000000012,177.2151,-61.980800000000045,2.739799999999999,5.9407,2.2611000000000008,101.7087,175.1379375,6.284099999999967,2.857425,3.993525,2.2664625000000003,103.2540875,-0.32524060563236956,0.19920992806369398
120.8,23.95,221.66,SSP3-7.0,2081-2100,31.836600000000004,178.1757,-52.72070000000008,2.6851999999999983,3.6221999999999994,2.446300000000001,106.2283,175.58331249999998,3.1121124999999665,3.020337500000001,3.4328625000000006,1.9307874999999999,104.03725,-0.32524060563236956,0.26240570843348543
120.8,24.0,207.341,SSP3-7.0,2081-2100,34.55199999999999,179.6007,-0.3190999999999349,3.127200000000002,4.279600000000002,1.8110999999999997,107.06960000000001,175.3350125,1.273612499999956,3.2437375000000004,3.7898125,1.702775,105.2345375,-0.32524060563236956,0.32560148880327683
120.8,24.05,221.4278,SSP3-7.0,2081-2100,40.3612,174.1375,-25.83179999999993,3.412399999999998,6.740700000000004,1.5925999999999991,104.9109,174.629725,19.261212499999942,3.3636625,4.25185,1.483325,105.3252875,-0.32524060563236956,0.3887972691730683
120.8,24.1,221.0414,SSP3-7.0,2081-2100,47.0822,173.135,57.563699999999926,3.3938999999999986,2.5352000000000032,1.5704000000000011,104.26089999999999,173.19678749999997,8.980562499999934,3.369262499999999,5.390512500000001,1.3479249999999998,105.38804999999999,-0.32524060563236956,0.4519930495428597
120.8,24.15,223.0379,SSP3-7.0,2081-2100,48.04229999999998,172.9996,48.01649999999995,3.2744,1.9537000000000049,1.6518999999999995,104.1283,171.42648749999998,18.480412499999943,3.1860249999999994,5.482412500000001,1.3389000000000002,104.4831375,-0.32524060563236956,0.5151888299126467
120.8,24.2,239.039,SSP3-7.0,2081-2100,32.82769999999999,170.1893,1.1738000000000284,2.8259000000000007,7.035199999999996,1.1037,102.5565,169.6735875,31.38108749999998,3.0956,3.874525000000001,1.3391374999999999,103.366575,-0.32524060563236956,0.578384610282438
120.8,24.25,249.2116,SSP3-7.0,2081-2100,23.436000000000007,166.2249,62.15330000000017,3.0534999999999997,1.9758999999999958,1.3369999999999997,101.663,167.3089625,40.77726249999995,3.0225375000000003,4.1453500000000005,1.023175,102.008425,-0.32524060563236956,0.6415803906522295
120.8,24.3,229.2985,SSP3-7.0,2081-2100,28.364199999999983,164.12990000000002,58.31769999999983,3.1479,5.735199999999999,0.8629999999999995,101.087,165.02036250000003,65.1607875,3.2629625000000004,3.2738125,0.8259374999999998,100.579625,-0.32524060563236956,0.704776171022021
120.8,24.35,222.7878,SSP3-7.0,2081-2100,35.164199999999994,164.1192,81.40650000000005,3.7165999999999997,4.425899999999999,0.5536999999999992,100.1674,163.42810000000003,69.42613749999995,3.46385,5.321975000000001,0.7308124999999999,99.4353375,-0.32524060563236956,0.7679719513918124
120.8,24.4,232.9193,SSP3-7.0,2081-2100,40.53,162.9743,74.83799999999997,3.7253000000000007,5.381500000000003,0.5629999999999988,98.663,161.30528750000002,74.4994375,3.5828,6.72405,0.71945,97.0122375,-0.32524060563236956,0.8311677317615993
120.8,24.45,204.9742,SSP3-7.0,2081-2100,33.653099999999995,156.5544,77.0936999999999,3.536100000000001,7.342599999999997,0.8222000000000005,92.4804,159.11818749999998,72.77992500000002,3.456475,6.9905,0.6111125000000001,94.85,-0.32524060563236956,0.8943635121313908
120.8,24.5,151.3938,SSP3-7.0,2081-2100,28.0231,153.6983,102.44010000000003,3.3545999999999996,4.970399999999998,0.2721999999999998,90.67609999999999,156.16895,65.244925,3.1159375000000007,7.187262499999999,0.45115000000000005,92.2589625,-0.32524060563236956,0.9575592925011822
120.8,24.55,150.1773,SSP3-7.0,2081-2100,25.941299999999984,153.4059,85.15859999999998,2.7040000000000006,4.236999999999995,0.3463000000000003,91.2152,155.1092125,55.932612500000005,2.9409375000000004,7.108574999999999,0.09094999999999986,91.2480875,-0.32524060563236956,1.0207550728709736
120.8,24.6,168.016,SSP3-7.0,2081-2100,16.739800000000002,155.61430000000001,50.663299999999936,2.713000000000001,7.848099999999995,-0.7056000000000004,91.13040000000001,154.2082375,54.79880000000003,2.778862499999999,6.4125125,0.13448749999999998,90.96493749999999,-0.32524060563236956,1.0839508532407651
120.8,24.65,152.9264,SSP3-7.0,2081-2100,17.894200000000012,153.98520000000002,69.56630000000018,2.7445999999999984,3.5962999999999994,0.07040000000000024,90.7978,153.79402499999998,48.069950000000006,2.7547749999999995,6.764587499999999,0.09187500000000004,90.80080000000001,-0.32524060563236956,1.147146633610552
120.85,21.9,269.1639,SSP3-7.0,2081-2100,-11.97040000000004,190.651,-20.804599999999937,2.5523999999999987,26.3759,4.1944,114.3261,187.7979375,-8.61608750000002,2.4466,24.929625,4.0347375,115.7983625,-0.21954676555114824,-2.3286212867279272
120.85,21.95,276.0158,SSP3-7.0,2081-2100,-15.365400000000022,188.7852,-67.4982,2.5687999999999995,25.044399999999996,4.2019,115.9978,187.51125000000002,-17.341200000000015,2.54285,24.538187500000003,4.069450000000001,115.3616875,-0.21954676555114824,-2.265425506358136
120.85,22.0,274.2275,SSP3-7.0,2081-2100,-13.668700000000001,186.2915,-73.02300000000014,2.7052000000000014,24.214799999999997,4.411100000000001,115.4783,186.44,-19.893362500000052,2.6932875,24.126150000000003,3.9347374999999998,115.3616625,-0.21954676555114824,-2.2022297259883445
120.85,22.05,274.0325,SSP3-7.0,2081-2100,-7.074400000000026,182.8696,-100.57690000000002,3.1477000000000004,19.503700000000002,3.7258999999999993,113.6022,184.07608749999997,-30.398812500000076,3.1115375000000003,23.7092625,3.8199125,114.3154875,-0.21954676555114824,-2.139033945618553
120.85,22.1,267.8106,SSP3-7.0,2081-2100,14.089799999999968,181.8156,-97.76220000000012,3.716100000000001,19.046300000000002,3.6906999999999996,113.2957,180.87239999999997,-13.627512500000023,3.5289750000000004,21.8229125,3.5562499999999995,111.916575,-0.21954676555114824,-2.0758381652487614
120.85,22.15,245.2124,SSP3-7.0,2081-2100,26.36039999999997,174.9006,-12.837399999999889,4.0579,19.598099999999995,3.787000000000001,107.2239,177.45086249999997,6.313312499999995,3.8762875000000006,21.0888875,3.562975,108.2174125,-0.21954676555114824,-2.0126423848789745
120.85,22.2,286.3185,SSP3-7.0,2081-2100,22.55200000000002,168.0719,19.579799999999977,4.037099999999999,17.1204,4.1593,101.4109,173.4061875,46.54142500000006,4.180675000000001,20.7455875,3.5722125,103.66522499999999,-0.21954676555114824,-1.9494466045091832
120.85,22.25,275.7984,SSP3-7.0,2081-2100,28.036,167.285,58.727600000000166,4.561399999999999,19.774100000000004,4.218499999999999,99.6978,170.1176625,78.43977500000005,4.263325,20.72985,3.6338125000000003,99.4665875,-0.21954676555114824,-1.8862508241393918
120.85,22.3,270.1267,SSP3-7.0,2081-2100,23.767499999999984,172.682,106.89130000000023,4.403400000000001,19.4574,3.8019,101.8152,166.6475125,115.35766250000006,4.300212500000001,19.9935125,3.7743125,95.44728749999999,-0.21954676555114824,-1.8230550437696005
120.85,22.35,289.6063,SSP3-7.0,2081-2100,15.915100000000052,165.1911,159.99170000000004,4.276100000000003,18.4685,3.8352000000000004,94.8587,161.2608,151.77665000000007,4.337775000000001,18.743499999999997,3.79585,89.98750000000001,-0.21954676555114824,-1.759859263399809
120.85,22.4,297.7591,SSP3-7.0,2081-2100,15.123699999999985,150.7263,206.63790000000017,4.8033,17.575899999999997,3.9611,81.4739,154.99435,190.77247500000004,4.5144375000000005,17.7821625,3.9037125,84.6480875,-0.21954676555114824,-1.696663483030022
120.85,22.45,293.1296,SSP3-7.0,2081-2100,15.04480000000001,149.4841,254.82910000000038,5.4178,18.1333,3.9556000000000004,80.29560000000001,146.63155,212.100675,4.77035,17.977075,3.8472125,78.3296125,-0.21954676555114824,-1.6334677026602307
120.85,22.5,279.1767,SSP3-7.0,2081-2100,15.921600000000012,149.1168,242.6168,5.0394000000000005,19.157400000000003,3.6500000000000004,78.9348,145.534225,216.27901249999996,4.834325,18.326612500000003,3.7252375,77.274175,-0.21954676555114824,-1.570271922290439
120.85,22.55,288.674,SSP3-7.0,2081-2100,14.479700000000037,151.4253,206.74170000000004,4.790900000000001,19.5111,3.4574,79.487,148.1208625,205.82713749999996,4.7595624999999995,17.282625000000003,3.5157375,78.5638625,-0.21954676555114824,-1.5070761419206478
120.85,22.6,319.2749,SSP3-7.0,2081-2100,17.351699999999994,154.24030000000002,196.98339999999962,4.782499999999999,17.061100000000003,3.248099999999999,81.4413,148.2111875,180.567525,4.715325000000002,15.684025,3.346075,78.55924999999999,-0.21954676555114824,-1.4438803615508562
120.85,22.65,354.9169,SSP3-7.0,2081-2100,21.452499999999986,142.4801,169.36180000000013,4.6038,13.901899999999998,3.2741000000000007,73.6957,143.051375,158.91407500000003,4.8111125,14.0740625,3.224525,76.8771625,-0.21954676555114824,-1.3806845811810693
120.85,22.7,364.6054,SSP3-7.0,2081-2100,28.697900000000004,131.27949999999998,129.98360000000002,4.365300000000001,13.836999999999996,3.407399999999999,71.613,137.1498625,137.49782500000003,4.6886875,12.748149999999999,3.0819375,73.94945000000001,-0.21954676555114824,-1.317488800811278
120.85,22.75,340.672,SSP3-7.0,2081-2100,32.45859999999999,138.1009,98.45430000000033,3.9556000000000004,11.577799999999996,3.1944,76.5848,130.6575375,123.08278750000005,4.3942749999999995,12.728225,3.0055374999999995,70.65188750000002,-0.21954676555114824,-1.2542930204414864
120.85,22.8,329.8324,SSP3-7.0,2081-2100,34.4726,134.6154,90.3728000000001,3.6803000000000026,11.863,3.092599999999999,73.2783,124.70575,115.4182000000001,4.110649999999999,12.1247625,2.9025374999999993,66.0728125,-0.21954676555114824,-1.191097240071695
120.85,22.85,336.1172,SSP3-7.0,2081-2100,37.092299999999966,104.843,93.31910000000016,3.6317999999999984,12.631500000000003,3.2462999999999997,52.1717,120.7824,109.91540000000009,3.805875,12.1345,2.8708374999999995,63.48015,-0.21954676555114824,-1.1279014597019037
120.85,22.9,320.1834,SSP3-7.0,2081-2100,33.17840000000001,94.96539999999999,100.4983000000002,3.2577,12.0167,2.8537,45.3304,119.63455,96.40037500000003,3.5825875,12.178012500000001,2.8102,62.0785125,-0.21954676555114824,-1.0647056793321166
120.85,22.95,269.1855,SSP3-7.0,2081-2100,15.926800000000014,104.5288,74.36349999999993,2.8622000000000014,12.394400000000005,2.2074,49.6239,115.80938749999999,80.99128750000003,3.4595625,12.68265,2.64005,58.904875000000004,-0.21954676555114824,-1.0015098989623252
120.85,23.0,259.6237,SSP3-7.0,2081-2100,13.0745,91.98100000000001,45.059200000000146,2.8020999999999994,11.3889,2.2333,40.8457,113.331775,52.795187500000026,3.4962000000000004,13.091900000000003,2.2731500000000002,56.7796125,-0.21954676555114824,-0.9383141185925338
120.85,23.05,309.4019,SSP3-7.0,2081-2100,24.20119999999997,85.0662,-8.325400000000172,3.0707999999999984,13.468499999999999,2.0389,34.4935,113.18301249999999,23.51372500000008,3.7043875,12.529875,1.8608749999999998,56.6176625,-0.21954676555114824,-0.8751183382227424
120.85,23.1,386.2774,SSP3-7.0,2081-2100,37.262099999999975,116.71719999999999,-67.12350000000015,3.3316000000000017,12.535200000000003,1.6092999999999993,58.115199999999994,125.11103749999998,8.340100000000035,3.8383624999999997,12.0574125,1.70925,66.7174,-0.21954676555114824,-0.811922557852951
120.85,23.15,410.2421,SSP3-7.0,2081-2100,37.55619999999999,145.698,-42.635499999999865,3.5087999999999973,10.985199999999999,1.700000000000001,82.0609,141.599325,12.11975000000001,3.9546125,11.18705,1.6465249999999994,78.86005,-0.21954676555114824,-0.748726777483164
120.85,23.2,392.642,SSP3-7.0,2081-2100,39.01210000000003,157.35649999999998,-1.3834999999999127,3.7452000000000005,9.105599999999995,1.8351999999999986,89.5978,156.07225,26.589812499999937,3.901675,10.855562499999998,2.028475,90.7328875,-0.21954676555114824,-0.6855309971133726
120.85,23.25,389.0688,SSP3-7.0,2081-2100,39.71809999999999,166.0998,41.66529999999966,3.7902000000000022,10.948099999999997,2.4556000000000004,96.4826,160.7675125,32.15528750000004,3.9288624999999997,10.139149999999997,2.1599499999999994,93.589675,-0.21954676555114824,-0.6223352167435812
120.85,23.3,367.6713,SSP3-7.0,2081-2100,39.83230000000003,164.5154,3.719000000000051,3.9129000000000005,10.912999999999997,2.25,96.1652,163.5320125,47.89692500000001,3.947437499999999,9.6571875,2.2474499999999997,96.361425,-0.21954676555114824,-0.5591394363737897
120.85,23.35,360.5144,SSP3-7.0,2081-2100,39.075999999999965,161.6097,49.44770000000017,4.114899999999999,9.711100000000002,2.2759,95.7826,165.4790625,57.7312500000001,4.0387249999999995,8.8646,2.0370375,98.52554999999998,-0.21954676555114824,-0.4959436560039983
120.85,23.4,364.9905,SSP3-7.0,2081-2100,35.14550000000003,176.0555,61.1579999999999,4.148799999999998,7.122199999999999,2.4018999999999995,107.45649999999999,164.382725,63.34881250000012,3.885299999999999,8.571774999999999,1.8456,98.5013625,-0.21954676555114824,-0.43274787563421135
120.85,23.45,354.3272,SSP3-7.0,2081-2100,31.60759999999999,166.6488,48.3110999999999,3.3800999999999988,9.209299999999999,2.0907,99.2217,165.74134999999998,53.89780000000013,3.6798375,8.322,1.9275499999999999,99.46982499999999,-0.21954676555114824,-0.3695520952644199
120.85,23.5,342.8322,SSP3-7.0,2081-2100,35.1807,170.1721,13.594500000000153,3.1065000000000005,9.288899999999998,2.1999999999999993,102.28909999999999,167.89805,29.764762500000046,3.2956749999999997,8.9108875,1.9555500000000001,100.984775,-0.21954676555114824,-0.3063563148946285
120.85,23.55,318.4764,SSP3-7.0,2081-2100,28.2706,179.6324,-34.263600000000224,2.9396999999999984,9.453699999999998,1.9406999999999996,108.5609,169.7843125,29.680412500000074,3.0653125,8.9673625,2.2405124999999995,102.1608625,-0.21954676555114824,-0.24316053452483705
120.85,23.6,262.9637,SSP3-7.0,2081-2100,21.190699999999993,177.93890000000002,23.84030000000007,2.959299999999999,9.022199999999998,2.1740999999999993,106.37610000000001,176.12239999999997,31.584862499999957,2.911237499999999,8.519437500000002,2.6020874999999997,105.835875,-0.21954676555114824,-0.17996475415504562
120.85,23.65,233.8112,SSP3-7.0,2081-2100,15.572999999999979,182.4056,38.318500000000085,2.8889999999999993,7.0926000000000045,2.7906999999999993,106.20870000000001,177.5657625,40.31279999999995,2.868362499999999,7.744675,2.7671374999999996,105.4377875,-0.21954676555114824,-0.11676897378525869
120.85,23.7,232.6723,SSP3-7.0,2081-2100,18.13899999999998,176.05200000000002,26.54819999999995,2.8959999999999972,5.675899999999999,2.6852,98.3957,180.6863625,35.03503749999999,2.794087499999999,6.949087500000001,2.8617999999999997,106.6144125,-0.21954676555114824,-0.053573193415467256
120.85,23.75,216.9823,SSP3-7.0,2081-2100,15.167399999999986,178.7302,15.812200000000075,2.5814999999999984,3.438900000000004,2.7462999999999997,102.3522,177.0317625,29.480025000000012,2.8302499999999995,6.7222375,2.5537,102.65246250000001,-0.21954676555114824,0.009622586954324176
120.85,23.8,214.1326,SSP3-7.0,2081-2100,23.270700000000005,172.9409,29.6884,2.935600000000001,5.6148000000000025,1.7462999999999997,97.4935,176.8288125,13.270387500000055,2.669812499999999,6.559737500000001,2.55,103.33533750000001,-0.21954676555114824,0.0728183673241156
120.85,23.85,223.7883,SSP3-7.0,2081-2100,38.280700000000024,180.9393,-12.271199999999908,2.569099999999999,8.342599999999997,2.1740999999999993,108.2739,173.43755,10.89885000000001,2.657737499999999,6.009487500000001,2.1412125,101.66550000000001,-0.21954676555114824,0.13601414769390704
120.85,23.9,218.0876,SSP3-7.0,2081-2100,44.7423,176.26330000000002,-2.7011999999999716,2.3069999999999986,5.225900000000003,1.9129999999999985,107.6413,174.43821250000002,-9.865837500000026,2.635662499999999,5.755324999999999,1.917375,104.4456625,-0.21954676555114824,0.19920992806369398
120.85,23.95,241.0315,SSP3-7.0,2081-2100,40.02320000000003,175.5899,-21.370800000000145,2.7214000000000027,5.5852,1.7889,108.9783,173.985475,-1.4650624999999877,2.743687499999999,5.38655,1.5671375,104.3366875,-0.21954676555114824,0.26240570843348543
120.85,24.0,223.3904,SSP3-7.0,2081-2100,42.4221,172.3238,0.5298000000000229,3.1948000000000008,6.698099999999997,1.7943999999999996,103.0435,174.38547499999999,-7.134700000000009,2.9034874999999998,6.10555,1.2699125,105.39973750000001,-0.21954676555114824,0.32560148880327683
120.85,24.05,219.5046,SSP3-7.0,2081-2100,49.28970000000001,176.29899999999998,-3.353399999999965,3.468399999999999,8.613,0.6814999999999998,107.3,173.168625,6.323424999999986,3.1182,6.685637500000001,1.2835625000000002,104.82283749999999,-0.21954676555114824,0.3887972691730683
120.85,24.1,219.5583,SSP3-7.0,2081-2100,53.64149999999998,171.003,17.505899999999883,3.413599999999999,8.807400000000001,1.4037000000000006,107.3565,172.842875,8.023599999999988,3.2729249999999994,6.367837500000002,1.3356625,104.71035,-0.21954676555114824,0.4519930495428597
120.85,24.15,242.29,SSP3-7.0,2081-2100,57.2098,171.3241,5.203899999999976,3.5037999999999982,7.149999999999999,2.0962999999999994,105.1022,170.55,26.45580000000001,3.2139374999999997,6.061350000000002,1.4578875000000002,103.53098750000001,-0.21954676555114824,0.5151888299126467
120.85,24.2,229.9375,SSP3-7.0,2081-2100,43.716499999999996,169.8472,19.60010000000011,2.9832,5.948100000000004,2.316700000000001,102.4152,168.79255,27.96096250000005,3.1680625,4.9550875,1.5673624999999998,102.0350625,-0.21954676555114824,0.578384610282438
120.85,24.25,226.4111,SSP3-7.0,2081-2100,35.90059999999997,167.46120000000002,6.81919999999991,2.987300000000001,4.294400000000003,1.8203999999999994,101.3022,166.6669625,38.21691250000009,3.1452375,4.578,1.33565,100.91575,-0.21954676555114824,0.6415803906522295
120.85,24.3,224.8746,SSP3-7.0,2081-2100,31.015000000000015,164.2207,48.89499999999998,3.2393,2.294400000000003,0.9852000000000007,100.75649999999999,165.10180000000003,39.56003750000005,3.3405375,4.079850000000001,1.2002374999999998,100.13288750000001,-0.21954676555114824,0.704776171022021
120.85,24.35,234.397,SSP3-7.0,2081-2100,36.105500000000006,162.6573,52.43399999999997,3.5662999999999982,4.1296000000000035,0.6777999999999995,100.0261,163.55756250000002,39.54671250000004,3.4662624999999996,4.993975000000002,1.0150625,99.2538125,-0.21954676555114824,0.7679719513918124
120.85,24.4,232.7173,SSP3-7.0,2081-2100,41.86359999999999,162.1107,47.36590000000001,3.5692999999999984,6.1480999999999995,1.2926000000000002,98.18700000000001,161.30127499999998,49.48921250000001,3.4916375,6.052300000000002,0.8907499999999999,97.08477500000001,-0.21954676555114824,0.8311677317615993
120.85,24.45,199.7521,SSP3-7.0,2081-2100,49.4212,160.2267,73.26800000000003,3.298400000000001,6.348100000000002,0.8925999999999998,95.1239,158.8177625,46.774887500000006,3.3808875,6.9384125,0.8553250000000001,94.9304375,-0.21954676555114824,0.8943635121313908
120.85,24.5,193.6135,SSP3-7.0,2081-2100,29.497900000000016,157.0154,46.37090000000012,3.0177000000000014,7.057400000000001,0.6407000000000007,92.1587,155.93199999999996,47.94849999999997,3.1106625,7.041887499999999,0.500925,92.75868750000001,-0.21954676555114824,0.9575592925011822
120.85,24.55,175.2682,SSP3-7.0,2081-2100,23.671899999999994,152.5947,31.28539999999998,2.6692,8.270400000000002,0.16299999999999848,91.2435,154.50563749999998,31.52860000000001,2.9159749999999995,6.890962499999998,0.11062499999999997,91.72852499999999,-0.21954676555114824,1.0207550728709736
120.85,24.6,177.8317,SSP3-7.0,2081-2100,12.076299999999975,153.1872,23.31470000000013,2.8374999999999986,7.8889,-0.3167,91.5543,153.05438750000002,26.876137500000027,2.7459749999999996,6.827312499999999,-0.025012500000000326,91.03558749999999,-0.21954676555114824,1.0839508532407651
120.85,24.65,172.7335,SSP3-7.0,2081-2100,11.182800000000015,151.67860000000002,41.4239,2.9018999999999977,8.909300000000002,-0.1463000000000001,90.77170000000001,153.4149875,32.23043750000005,2.7028624999999993,6.779625,-0.05025000000000002,90.6668375,-0.21954676555114824,1.147146633610552
120.85,24.7,147.7511,SSP3-7.0,2081-2100,15.263000000000005,152.6088,57.303899999999885,2.5302000000000007,8.201900000000002,0.41849999999999987,89.8478,153.874325,36.76758750000005,2.5591624999999985,6.569675,-0.10788749999999969,91.1440125,-0.21954676555114824,1.2103424139803434
120.9,22.0,253.4294,SSP3-7.0,2081-2100,-6.025999999999982,188.3316,-35.489500000000135,2.9057999999999993,25.9537,3.868500000000001,115.7913,185.9597125,-53.029450000000054,2.9579625000000003,23.564574999999998,3.9354125,114.97853749999999,-0.11385292546989689,-2.2022297259883445
120.9,22.05,241.9081,SSP3-7.0,2081-2100,2.4724000000000217,186.77429999999998,-31.573499999999967,3.0595,23.481499999999997,3.5296000000000003,116.9391,183.0738,-47.2958000000001,3.3267750000000005,22.153925,3.730775,113.2943,-0.11385292546989689,-2.139033945618553
120.9,22.1,234.1006,SSP3-7.0,2081-2100,17.70240000000001,184.5702,-32.62890000000016,3.439700000000002,24.4741,3.627799999999999,114.75,182.46075,-40.4518875,3.5580625,21.656475,3.6546125,112.4119625,-0.11385292546989689,-2.0758381652487614
120.9,22.15,234.4953,SSP3-7.0,2081-2100,24.010100000000023,184.83499999999998,-40.48680000000013,3.792300000000001,21.725899999999996,3.2333,113.4674,178.832475,-6.109399999999994,3.8296125000000005,20.5648125,3.6166625,109.2788125,-0.11385292546989689,-2.0126423848789745
120.9,22.2,248.2464,SSP3-7.0,2081-2100,17.019299999999987,182.23039999999997,-18.105399999999918,4.042999999999999,20.5296,3.5740999999999996,108.8913,175.108375,26.17157500000002,4.016575000000001,20.989575,3.6081,105.11223749999999,-0.11385292546989689,-1.9494466045091832
120.9,22.25,245.4047,SSP3-7.0,2081-2100,17.866199999999992,178.1725,43.02390000000014,4.140600000000003,20.5963,3.3481000000000005,105.2,173.4079625,53.054812500000025,4.0652,19.98125,3.8317249999999996,102.192125,-0.11385292546989689,-1.8862508241393918
120.9,22.3,252.972,SSP3-7.0,2081-2100,13.951299999999975,177.00119999999998,48.729499999999916,4.006700000000002,21.8981,3.316700000000001,101.8283,170.03590000000003,95.71301250000005,4.107337500000001,19.7988375,3.849775,98.3864,-0.11385292546989689,-1.8230550437696005
120.9,22.35,261.906,SSP3-7.0,2081-2100,18.593999999999994,175.4871,113.78639999999996,3.0673999999999992,18.005599999999998,4.3241,99.4239,164.1770375,128.03948750000006,4.309725000000002,19.483537499999997,3.6905125000000005,92.64347500000001,-0.11385292546989689,-1.759859263399809
120.9,22.4,260.687,SSP3-7.0,2081-2100,12.600099999999998,162.1575,134.5704999999998,3.598200000000002,19.3907,4.0259,88.9391,161.6681875,141.37930000000006,4.2055125,19.051137499999996,3.8187625,89.1834125,-0.11385292546989689,-1.696663483030022
120.9,22.45,272.293,SSP3-7.0,2081-2100,13.534899999999993,154.1952,128.0030999999999,4.2789,20.7833,3.7795999999999994,83.7304,158.12145,156.15325000000004,4.1541749999999995,18.4259125,3.866675,85.56628749999999,-0.11385292546989689,-1.6334677026602307
120.9,22.5,250.163,SSP3-7.0,2081-2100,20.22399999999999,151.9435,145.44970000000012,4.411099999999998,20.3037,3.7667,81.3652,155.371475,149.0144125,4.1839125,18.5242875,3.5414375,83.016025,-0.11385292546989689,-1.570271922290439
120.9,22.55,262.9983,SSP3-7.0,2081-2100,11.053900000000056,152.5615,116.39469999999983,3.6905,18.687000000000005,3.2203999999999997,81.2826,155.66173750000002,138.05523750000003,4.1279875,17.46295,3.4935124999999996,83.01033749999999,-0.11385292546989689,-1.5070761419206478
120.9,22.6,319.0565,SSP3-7.0,2081-2100,4.538099999999986,159.8933,88.88750000000027,3.9419000000000004,13.994399999999999,3.2851999999999997,85.6109,154.9428375,106.99547500000003,3.9916250000000004,15.746287500000001,3.375225,82.2674125,-0.11385292546989689,-1.4438803615508562
120.9,22.65,370.8145,SSP3-7.0,2081-2100,8.183499999999981,158.482,36.153299999999945,4.250700000000002,13.1963,3.131500000000001,84.2761,150.02576249999998,83.85996250000011,3.9325625,13.50855,3.4416624999999996,80.31495000000001,-0.11385292546989689,-1.3806845811810693
120.9,22.7,378.5575,SSP3-7.0,2081-2100,9.114599999999996,135.2313,20.575900000000274,3.849599999999999,12.4759,3.0648,75.3391,144.1239875,68.70896250000004,3.9284875,12.439125,3.2733749999999997,77.2323375,-0.11385292546989689,-1.317488800811278
120.9,22.75,333.0307,SSP3-7.0,2081-2100,13.859699999999975,111.5015,52.33829999999989,3.7399999999999984,13.544400000000003,2.7795999999999985,59.180400000000006,135.07226250000002,69.53406250000003,3.8371000000000004,12.535662499999999,3.1076249999999996,72.613575,-0.11385292546989689,-1.2542930204414864
120.9,22.8,290.6291,SSP3-7.0,2081-2100,19.1182,107.6961,65.30439999999999,3.4969,15.427800000000005,2.7258999999999993,53.6391,131.9655875,77.01286250000004,3.86375,13.1227,2.8541499999999997,70.544825,-0.11385292546989689,-1.191097240071695
120.9,22.85,268.2432,SSP3-7.0,2081-2100,19.68950000000001,129.6235,72.39850000000001,3.7272,15.657399999999996,2.251899999999999,69.1217,123.76242500000001,94.35863750000007,3.8542125000000005,13.753725000000003,2.7819374999999997,64.43123750000001,-0.11385292546989689,-1.1279014597019037
120.9,22.9,250.9295,SSP3-7.0,2081-2100,16.454199999999986,116.63119999999999,103.63840000000005,3.623100000000001,15.409300000000002,2.7056000000000004,59.9978,122.682725,125.34288750000005,3.9936249999999998,13.465975,2.480325,62.67552500000001,-0.11385292546989689,-1.0647056793321166
120.9,22.95,233.7078,SSP3-7.0,2081-2100,13.180200000000013,137.9628,160.3632,3.9730999999999987,13.577799999999996,2.238900000000001,74.09779999999999,105.829275,156.39953750000004,4.0899375,13.3233875,2.3567125000000004,50.753262500000005,-0.11385292546989689,-1.0015098989623252
120.9,23.0,235.3136,SSP3-7.0,2081-2100,18.418999999999983,108.6866,184.80970000000002,4.306699999999999,14.620400000000004,1.8907000000000007,51.554300000000005,95.25065,162.05978750000003,4.121425,12.88635,2.1912000000000003,42.8367,-0.11385292546989689,-0.9383141185925338
120.9,23.05,255.1994,SSP3-7.0,2081-2100,31.264100000000013,76.5425,159.16570000000024,4.1386,13.551900000000003,2.1258999999999997,30.750000000000004,99.1229375,139.55315000000002,4.1244375,12.3956125,2.0432875,45.336425,-0.11385292546989689,-0.8751183382227424
120.9,23.1,298.448,SSP3-7.0,2081-2100,41.32420000000002,105.51429999999999,139.9443000000001,4.220099999999999,10.666699999999999,1.7185000000000006,50.593500000000006,112.8817,105.25348750000006,3.9901375,11.3224625,1.906025,56.5263625,-0.11385292546989689,-0.811922557852951
120.9,23.15,343.7647,SSP3-7.0,2081-2100,45.539499999999975,138.4868,110.94380000000001,4.0013000000000005,9.299999999999997,1.5962999999999994,78.4935,134.8193,81.87161250000005,3.9010499999999997,9.9058,1.90325,72.7714625,-0.11385292546989689,-0.748726777483164
120.9,23.2,362.8426,SSP3-7.0,2081-2100,34.60509999999999,146.9591,48.5925000000002,3.6092000000000013,8.5852,1.5925999999999991,85.5022,149.65030000000002,70.97509999999994,3.7845,9.6289375,2.05765,85.614675,-0.11385292546989689,-0.6855309971133726
120.9,23.25,397.2404,SSP3-7.0,2081-2100,36.4126,148.9646,-20.208000000000084,3.1403,9.559299999999997,2.7258999999999993,87.7522,158.0342875,70.77123749999993,3.8012750000000004,9.154625,2.145375,90.9057,-0.11385292546989689,-0.6223352167435812
120.9,23.3,385.0652,SSP3-7.0,2081-2100,45.8338,164.5276,53.57619999999997,3.6743999999999986,8.035199999999996,2.3870000000000005,93.7826,158.21159999999998,64.84057499999994,3.7437499999999995,9.471749999999998,2.2060125,92.41114999999999,-0.11385292546989689,-0.5591394363737897
120.9,23.35,351.4799,SSP3-7.0,2081-2100,40.919399999999996,161.12789999999998,82.74860000000035,3.804599999999997,9.788899999999998,1.5832999999999995,94.187,159.8009625,71.53055,3.789912499999999,8.762725,2.2881875,93.380975,-0.11385292546989689,-0.4959436560039983
120.9,23.4,338.5996,SSP3-7.0,2081-2100,41.421299999999974,150.647,91.75930000000017,4.0564,9.466700000000003,1.7129999999999992,88.3196,155.3453,70.86136250000004,3.607099999999998,8.6990625,2.15855,91.99157500000001,-0.11385292546989689,-0.43274787563421135
120.9,23.45,336.646,SSP3-7.0,2081-2100,40.02420000000001,160.70080000000002,51.85420000000022,3.6869999999999976,8.9574,1.7815000000000012,93.9022,155.129525,61.67412500000006,3.3758125,8.300687499999999,2.0615625,92.3706375,-0.11385292546989689,-0.3695520952644199
120.9,23.5,305.2153,SSP3-7.0,2081-2100,29.613699999999994,162.3391,-0.12889999999970314,3.047900000000002,9.4574,1.3407,94.3043,161.7772875,40.41998750000002,3.0665624999999994,8.461575,2.1215125,96.47988749999999,-0.11385292546989689,-0.3063563148946285
120.9,23.55,255.8611,SSP3-7.0,2081-2100,22.53400000000002,178.612,2.3529000000000906,2.599499999999999,9.870400000000004,2.0593000000000004,107.68039999999999,167.7192,22.19002500000005,2.8771750000000003,8.830549999999999,2.0816874999999992,99.1929375,-0.11385292546989689,-0.24316053452483705
120.9,23.6,253.6143,SSP3-7.0,2081-2100,14.383100000000042,182.6567,15.79060000000004,2.4979000000000013,9.761099999999999,2.2943999999999996,107.4348,173.2279375,20.134625,2.808137499999999,8.993287500000001,2.3138749999999995,102.27418750000001,-0.11385292546989689,-0.17996475415504562
120.9,23.65,254.9225,SSP3-7.0,2081-2100,17.638599999999997,185.21370000000002,51.69509999999991,2.745099999999997,10.418500000000002,3.0389,109.79780000000001,170.2485125,26.21845000000002,2.835825,8.265975000000001,2.2177999999999995,99.74105,-0.11385292546989689,-0.11676897378525869
120.9,23.7,251.597,SSP3-7.0,2081-2100,15.906800000000004,179.64049999999997,40.82789999999977,2.7810000000000024,9.105599999999995,2.4222,109.2174,175.0900875,17.604712500000034,2.768999999999999,7.495137500000001,2.36735,102.43996250000001,-0.11385292546989689,-0.053573193415467256
120.9,23.75,241.5842,SSP3-7.0,2081-2100,14.249599999999987,182.5055,-27.430900000000065,2.5488999999999997,8.5278,2.618500000000001,109.9022,174.83294999999998,10.739900000000034,2.7140624999999994,7.212737500000001,2.0634250000000005,102.0693,-0.11385292546989689,0.009622586954324176
120.9,23.8,228.4438,SSP3-7.0,2081-2100,24.638800000000003,175.7725,12.409700000000157,2.5950999999999986,7.970400000000005,1.5630000000000006,102.0565,178.7407,-23.805000000000035,2.4931749999999995,7.7338000000000005,1.9576375000000001,106.13235,-0.11385292546989689,0.0728183673241156
120.9,23.85,228.7538,SSP3-7.0,2081-2100,44.47890000000001,171.9384,-28.151800000000094,2.241699999999998,8.142600000000002,2.0184999999999995,104.9457,175.8658125,-16.61131249999997,2.4615124999999995,7.408112500000001,1.525475,104.78315,-0.11385292546989689,0.13601414769390704
120.9,23.9,212.2855,SSP3-7.0,2081-2100,49.13599999999997,169.8289,48.34050000000002,2.5772999999999975,4.8352,0.9167000000000005,104.21520000000001,174.16587499999997,-22.261412500000034,2.4317875,7.362737500000001,1.4416749999999996,105.453275,-0.11385292546989689,0.19920992806369398
120.9,23.95,225.6764,SSP3-7.0,2081-2100,47.0967,168.1267,44.868600000000015,2.6835999999999984,4.6462999999999965,0.7555999999999994,101.8804,171.70991250000003,1.6275000000000261,2.5817875,6.843512500000001,1.372225,104.142125,-0.11385292546989689,0.26240570843348543
120.9,24.0,219.0071,SSP3-7.0,2081-2100,37.82949999999997,170.3496,12.26240000000007,2.634599999999999,7.8444,0.6389000000000014,102.9065,172.2058375,8.858112499999976,2.7801625000000003,6.950924999999999,1.1972124999999998,104.39375000000001,-0.11385292546989689,0.32560148880327683
120.9,24.05,219.5285,SSP3-7.0,2081-2100,42.1721,172.8047,-10.612800000000107,2.4951000000000008,7.512999999999998,0.4443999999999999,103.9239,171.3837375,15.747599999999977,3.074825,7.8032375,1.1537,104.344025,-0.11385292546989689,0.3887972691730683
120.9,24.1,217.7921,SSP3-7.0,2081-2100,55.1404,171.9947,-0.5107000000000426,3.274000000000001,9.066700000000004,1.013,105.1109,170.13636250000002,12.222824999999972,3.239375,7.5032499999999995,1.227075,103.192675,-0.11385292546989689,0.4519930495428597
120.9,24.15,240.1689,SSP3-7.0,2081-2100,56.830100000000016,170.04840000000002,-6.286599999999908,3.3613999999999997,7.370400000000004,1.635200000000001,102.9457,167.0460625,26.008087499999988,3.359025,7.1148125,1.3898249999999999,100.008975,-0.11385292546989689,0.5151888299126467
120.9,24.2,251.3502,SSP3-7.0,2081-2100,42.14380000000003,165.1828,74.58370000000014,3.1850999999999985,5.774099999999997,0.9684999999999988,99.4739,164.1111875,15.35007500000006,3.3500125,5.9027625000000015,1.7046375,96.061425,-0.11385292546989689,0.578384610282438
120.9,24.25,255.4906,SSP3-7.0,2081-2100,43.68379999999999,166.9101,32.02390000000014,3.153100000000002,4.087000000000003,1.9259000000000004,99.1087,162.4054125,21.47281250000009,3.3442124999999994,4.844200000000002,1.3296375,94.99565,-0.11385292546989689,0.6415803906522295
120.9,24.3,263.9308,SSP3-7.0,2081-2100,40.81660000000005,166.6308,8.987800000000334,3.5738999999999983,3.7741000000000042,1.1852,100.26520000000001,161.166975,20.154750000000007,3.361025,4.166187500000003,1.2657375000000002,95.0367,-0.11385292546989689,0.704776171022021
120.9,24.35,270.9366,SSP3-7.0,2081-2100,37.52350000000001,162.68099999999998,14.33789999999999,3.5257000000000005,4.216700000000003,1.238900000000001,97.4435,161.1121,13.579112500000008,3.373324999999999,5.1911875000000025,1.0951375000000003,96.00545,-0.11385292546989689,0.7679719513918124
120.9,24.4,263.7339,SSP3-7.0,2081-2100,35.13380000000001,161.5939,-17.77509999999984,3.232099999999999,7.975900000000003,1.4389000000000003,97.4609,159.26203750000002,26.406824999999913,3.3407625,6.315725000000001,1.0148125000000001,94.2679375,-0.11385292546989689,0.8311677317615993
120.9,24.45,234.5316,SSP3-7.0,2081-2100,42.0608,159.6034,40.3107,3.3325999999999993,8.598100000000002,0.9389000000000003,95.313,157.351575,9.636887499999915,3.1955624999999994,7.5104,0.9687500000000002,92.7872375,-0.11385292546989689,0.8943635121313908
120.9,24.5,247.5951,SSP3-7.0,2081-2100,31.8904,156.99169999999998,3.5548999999998614,3.279399999999999,8.033299999999997,0.8741000000000003,94.50439999999999,155.68132500000002,6.755662499999943,2.9994125,7.4668875,0.47499999999999987,91.736125,-0.11385292546989689,0.9575592925011822
120.9,24.55,236.4759,SSP3-7.0,2081-2100,12.273899999999998,154.3809,-29.523400000000038,2.7109999999999985,8.535199999999996,-0.30189999999999984,91.513,153.4417375,-10.711099999999988,2.8853624999999994,7.051387500000001,0.27083749999999973,91.2388625,-0.11385292546989689,1.0207550728709736
120.9,24.6,207.7669,SSP3-7.0,2081-2100,8.9392,151.75140000000002,-29.750299999999925,2.7105999999999995,6.557400000000001,0.07589999999999897,91.0761,152.13163749999998,-5.920162499999947,2.778962499999999,7.415987500000001,-0.07083750000000022,90.83857499999999,-0.11385292546989689,1.0839508532407651
120.9,24.65,186.1524,SSP3-7.0,2081-2100,9.324099999999987,151.02409999999998,-3.8146999999999025,2.8135000000000012,6.6648,0.2980999999999998,90.53699999999999,152.16988750000002,15.030762500000009,2.6573374999999984,7.583350000000001,-0.1287124999999999,90.6162875,-0.11385292546989689,1.147146633610552
120.9,24.7,162.078,SSP3-7.0,2081-2100,11.966999999999985,154.03560000000002,28.83789999999999,2.522199999999998,8.698100000000004,-0.8462999999999994,90.063,152.9198375,27.3614125,2.4341624999999993,5.3900500000000005,-0.10858749999999961,91.20760000000001,-0.11385292546989689,1.2103424139803434
120.9,24.75,129.2189,SSP3-7.0,2081-2100,16.30850000000001,157.0008,24.399400000000014,1.5153000000000016,5.6480999999999995,-0.3555999999999999,93.2565,154.25462499999998,34.90787499999996,2.221912499999999,5.195837500000001,-0.2143499999999997,91.66629999999999,-0.11385292546989689,1.273538194350135
120.9,24.8,125.7672,SSP3-7.0,2081-2100,17.963099999999997,155.0194,34.266200000000026,1.9504999999999981,7.324100000000001,-0.24629999999999974,92.3783,154.2663125,25.56638749999999,2.0443374999999993,5.041650000000002,-0.3161999999999999,91.953525,-0.11385292546989689,1.3367339747199263
120.9,24.85,123.3388,SSP3-7.0,2081-2100,19.280199999999994,154.64350000000002,38.31489999999985,2.081599999999998,5.716700000000003,-0.6906999999999996,92.9261,153.0422125,22.221437500000008,1.9523875000000002,7.328237500000003,-0.2305625,91.4176625,-0.11385292546989689,1.3999297550897176
120.95,22.45,244.9499,SSP3-7.0,2081-2100,13.277299999999968,169.317,73.60699999999997,3.3827999999999996,17.2407,3.6111000000000004,90.4913,159.41875,130.8235,3.90005,18.755775,3.63265,86.34645,-0.008159085388675564,-1.6334677026602307
120.95,22.5,240.3232,SSP3-7.0,2081-2100,15.921599999999984,156.7393,77.72859999999991,3.513399999999997,17.599999999999998,3.6388999999999996,83.6065,158.0350125,119.01647500000001,3.862925,18.3745125,3.4351874999999996,84.569025,-0.008159085388675564,-1.570271922290439
120.95,22.55,251.542,SSP3-7.0,2081-2100,11.203099999999978,160.13260000000002,92.19429999999988,3.3576000000000015,17.081500000000002,3.0184999999999995,86.3,158.9763625,83.45752500000012,3.6474624999999996,16.6252,3.319225,84.72093749999999,-0.008159085388675564,-1.5070761419206478
120.95,22.6,286.5512,SSP3-7.0,2081-2100,6.516300000000001,161.8028,53.8399000000004,3.187100000000001,14.994399999999999,3.8832999999999993,87.33699999999999,160.016625,79.86306250000004,3.6448125000000005,15.6522875,3.0683,85.1687625,-0.008159085388675564,-1.4438803615508562
120.95,22.65,375.6943,SSP3-7.0,2081-2100,5.361699999999985,158.41809999999998,-15.705299999999625,3.2699,11.537000000000003,3.7684999999999995,84.3196,157.557625,73.96352500000006,3.672375,13.985624999999999,3.2627375,84.4451125,-0.008159085388675564,-1.3806845811810693
120.95,22.7,384.2909,SSP3-7.0,2081-2100,8.623199999999997,156.86069999999998,26.952899999999772,3.4604,10.2667,3.6018999999999988,83.163,151.033725,69.26370000000006,3.7199625,13.323137500000001,3.2414249999999996,81.31902500000001,-0.008159085388675564,-1.317488800811278
120.95,22.75,337.9073,SSP3-7.0,2081-2100,3.282199999999989,155.8691,52.13279999999986,3.7821999999999996,11.651899999999998,3.0296000000000003,85.0261,140.38162499999999,77.77899999999997,3.7809375,13.337737500000001,3.1201249999999994,74.94210000000001,-0.008159085388675564,-1.2542930204414864
120.95,22.8,285.5942,SSP3-7.0,2081-2100,7.439900000000023,120.92510000000001,72.49579999999992,4.1065000000000005,13.185200000000002,2.7444000000000006,62.26520000000001,144.4055375,83.56193749999997,3.9920875,13.8678375,2.7587874999999995,77.5364,-0.008159085388675564,-1.191097240071695
120.95,22.85,255.1593,SSP3-7.0,2081-2100,15.097400000000022,160.24620000000002,84.59130000000005,4.2864,14.870400000000004,2.4944000000000006,86.7304,138.040775,108.17327499999999,4.297112500000001,13.896075,2.5988499999999997,73.68232499999999,-0.008159085388675564,-1.1279014597019037
120.95,22.9,236.5576,SSP3-7.0,2081-2100,26.20109999999997,150.177,144.64900000000011,4.751000000000001,14.625900000000001,2.3926,82.037,132.95473750000002,169.6435,4.7016875,13.0787125,2.4900625000000005,68.90677500000001,-0.008159085388675564,-1.0647056793321166
120.95,22.95,234.3535,SSP3-7.0,2081-2100,50.45490000000001,99.1151,272.5601999999999,5.459599999999998,11.953699999999998,2.157400000000001,42.29130000000001,119.3835875,228.5695125,5.002962500000001,12.753025000000001,2.4771,59.999725,-0.008159085388675564,-1.0015098989623252
120.95,23.0,232.8915,SSP3-7.0,2081-2100,63.91899999999998,80.5491,325.61799999999994,5.6571,14.177800000000001,2.4130000000000003,34.3457,102.1734,254.33168750000002,5.0356875,12.053725,2.2481500000000008,46.742112500000005,-0.008159085388675564,-0.9383141185925338
120.95,23.05,232.9709,SSP3-7.0,2081-2100,52.10380000000001,86.25970000000001,267.67390000000023,5.007900000000003,12.577799999999996,2.1148000000000007,36.2457,102.7186125,239.48688750000002,4.85025,11.614600000000001,2.1664375000000002,47.664675,-0.008159085388675564,-0.8751183382227424
120.95,23.1,247.647,SSP3-7.0,2081-2100,48.02780000000001,118.20940000000002,228.769,4.5992,9.729599999999998,2.3278,56.4978,113.43010000000001,201.1895375000001,4.4448625,10.606962499999998,2.0875000000000004,56.5548875,-0.008159085388675564,-0.811922557852951
120.95,23.15,269.5686,SSP3-7.0,2081-2100,46.61919999999998,136.0738,193.5599000000002,4.262899999999998,8.4315,1.7352000000000007,75.5543,133.7860125,167.42395000000005,4.1757375,9.520599999999998,2.2664375000000003,71.15625,-0.008159085388675564,-0.748726777483164
120.95,23.2,300.2097,SSP3-7.0,2081-2100,36.592899999999986,152.02609999999999,155.24969999999985,3.9314,9.2074,2.7074000000000016,84.25,144.79643750000002,125.98165000000006,3.9236875,9.2451375,2.2558,82.150275,-0.008159085388675564,-0.6855309971133726
120.95,23.25,344.9796,SSP3-7.0,2081-2100,30.576700000000017,152.4968,130.60909999999967,3.895900000000001,9.494400000000002,1.7056000000000004,90.7261,150.73136250000002,99.566575,3.754275,8.868974999999999,2.458325,85.861425,-0.008159085388675564,-0.6223352167435812
120.95,23.3,332.6699,SSP3-7.0,2081-2100,30.693600000000004,160.293,134.14159999999993,3.850999999999999,6.948099999999997,2.2295999999999996,90.73910000000001,148.0503875,78.63997499999996,3.557187499999999,9.330549999999999,2.212725,85.8473125,-0.008159085388675564,-0.5591394363737897
120.95,23.35,294.6614,SSP3-7.0,2081-2100,25.48249999999996,150.5856,96.60129999999981,3.4401999999999973,8.411099999999998,2.4222,87.45439999999999,147.2035375,84.14167500000002,3.468912499999999,9.250225,1.9631874999999999,84.48941250000001,-0.008159085388675564,-0.4959436560039983
120.95,23.4,277.6213,SSP3-7.0,2081-2100,26.931600000000003,150.1739,81.84130000000005,3.1206999999999994,9.494399999999999,2.6258999999999997,87.3478,140.86462500000002,81.91418750000003,3.330137499999999,8.9254625,1.779625,81.635075,-0.008159085388675564,-0.43274787563421135
120.95,23.45,284.7185,SSP3-7.0,2081-2100,34.94419999999997,115.86019999999999,94.92869999999994,3.160499999999999,6.8980999999999995,2.0870000000000015,70.58040000000001,147.690725,74.03603750000005,3.1254875,8.269212499999998,1.8340249999999998,85.6943,-0.008159085388675564,-0.3695520952644199
120.95,23.5,293.0801,SSP3-7.0,2081-2100,39.21229999999997,149.1396,101.92900000000009,2.9856000000000016,5.468499999999999,2.0332999999999988,89.4457,152.5005875,55.612750000000034,2.8850874999999996,8.157174999999999,2.0675875,88.9565125,-0.008159085388675564,-0.3063563148946285
120.95,23.55,264.764,SSP3-7.0,2081-2100,29.334799999999973,173.45239999999998,44.653099999999995,2.6736000000000004,8.546299999999995,2.7796000000000003,100.1587,161.2817,39.12118750000002,2.7351375,8.568750000000001,2.0127249999999997,94.76738750000001,-0.008159085388675564,-0.24316053452483705
120.95,23.6,284.1808,SSP3-7.0,2081-2100,22.37910000000005,146.4224,12.105199999999968,2.806899999999999,9.646300000000004,1.890699999999999,84.9739,173.74095,29.461000000000013,2.6771124999999993,8.9636625,2.2627249999999997,102.1864125,-0.008159085388675564,-0.17996475415504562
120.95,23.65,282.0884,SSP3-7.0,2081-2100,14.257499999999993,162.1461,22.375500000000102,2.8520000000000003,7.8962999999999965,1.8369999999999997,94.43700000000001,172.4177125,24.862874999999946,2.7717249999999996,9.1590375,2.0048375,102.17745,-0.008159085388675564,-0.11676897378525869
120.95,23.7,267.0414,SSP3-7.0,2081-2100,10.17149999999998,154.7259,29.941400000000158,3.0045,7.927800000000005,1.6481000000000012,90.8848,177.4898875,10.11602499999998,2.7141499999999996,9.029399999999999,1.9967500000000002,105.963325,-0.008159085388675564,-0.053573193415467256
120.95,23.75,234.9577,SSP3-7.0,2081-2100,10.847700000000003,178.9417,-16.42229999999995,2.634999999999998,8.9833,1.5741000000000014,107.5413,175.70721249999997,-11.972974999999991,2.6028625,9.3430625,1.8703625000000006,104.9076125,-0.008159085388675564,0.009622586954324176
120.95,23.8,217.9916,SSP3-7.0,2081-2100,26.601499999999987,181.85989999999998,-52.88629999999989,2.2837999999999994,8.985199999999999,2.122200000000001,108.613,176.25385,-56.70697500000003,2.3618,9.490275,1.6583375000000002,105.46957499999999,-0.008159085388675564,0.0728183673241156
120.95,23.85,229.2761,SSP3-7.0,2081-2100,42.34209999999999,182.0697,-98.77810000000045,2.1498000000000026,9.8352,0.6610999999999994,109.937,172.3654125,-63.75223749999995,2.2753249999999996,9.041912500000002,1.4560250000000003,102.7942875,-0.008159085388675564,0.13601414769390704
120.95,23.9,196.9245,SSP3-7.0,2081-2100,46.62380000000002,167.25199999999998,-56.692299999999705,2.2744,8.455600000000004,1.1074000000000002,100.0348,171.20524999999998,-54.730375000000066,2.3175875,8.675237500000001,1.0993125,102.617125,-0.008159085388675564,0.19920992806369398
120.95,23.95,185.3342,SSP3-7.0,2081-2100,48.20439999999999,171.1477,-2.9945000000000164,2.5073000000000008,8.668500000000002,1.1148000000000007,101.9348,169.52495,-11.764487499999973,2.5029999999999992,8.3465375,1.0842750000000003,102.03151249999999,-0.008159085388675564,0.26240570843348543
120.95,24.0,189.1248,SSP3-7.0,2081-2100,42.2192,170.9241,35.64609999999993,2.4375,7.435200000000002,1.7036999999999995,104.3826,170.35604999999998,13.953325000000063,2.7286249999999996,8.128924999999999,1.0879625000000002,102.41086250000001,-0.008159085388675564,0.32560148880327683
120.95,24.05,208.9561,SSP3-7.0,2081-2100,54.90750000000003,170.4308,28.15190000000007,2.7332,6.448099999999997,1.2943999999999996,103.7065,170.064875,36.08178750000002,3.06645,8.155800000000001,1.1171375,102.310325,-0.008159085388675564,0.3887972691730683
120.95,24.1,221.9666,SSP3-7.0,2081-2100,66.763,167.7449,35.74879999999985,3.4425000000000026,7.512999999999998,0.6999999999999993,100.9457,166.72741249999999,38.52790000000007,3.3142500000000004,7.9826500000000005,1.2101874999999997,98.387775,-0.008159085388675564,0.4519930495428597
120.95,24.15,244.2324,SSP3-7.0,2081-2100,63.887399999999985,161.43599999999998,31.42489999999998,3.497,6.6111,1.5610999999999997,94.26089999999999,163.5721875,47.28267500000001,3.478112500000001,7.811125,1.1694624999999996,94.37446249999999,-0.008159085388675564,0.5151888299126467
120.95,24.2,259.8112,SSP3-7.0,2081-2100,63.85740000000004,157.8358,24.508100000000013,3.5730000000000004,6.048099999999998,1.0593000000000004,85.40650000000001,156.7924375,38.1690875000001,3.4682375000000003,7.3801000000000005,1.3229124999999997,88.117125,-0.008159085388675564,0.578384610282438
120.95,24.25,269.7017,SSP3-7.0,2081-2100,60.274599999999964,148.0267,9.507100000000264,3.741299999999999,5.713000000000001,1.222199999999999,77.95,155.98823750000003,21.8440250000001,3.4151124999999998,6.610875000000001,1.1842625,87.60842500000001,-0.008159085388675564,0.6415803906522295
120.95,24.3,302.1375,SSP3-7.0,2081-2100,49.1044,160.0381,-21.11850000000004,3.4705999999999975,4.907400000000003,1.079600000000001,92.39569999999999,152.6686625,8.287862500000074,3.4302000000000006,5.786350000000002,1.0962875,85.19865,-0.008159085388675564,0.704776171022021
120.95,24.35,321.8954,SSP3-7.0,2081-2100,32.51920000000001,157.34070000000003,18.33939999999984,3.204600000000003,3.6870000000000047,1.1759000000000004,91.3109,154.72764999999998,-13.135825000000011,3.2543374999999997,6.411812500000002,1.0233750000000004,88.04050000000001,-0.008159085388675564,0.7679719513918124
120.95,24.4,287.059,SSP3-7.0,2081-2100,37.608799999999974,154.3046,-28.495600000000195,3.130499999999998,8.613,0.9259000000000004,87.6413,153.8048375,-0.855037500000094,3.073387500000001,6.390725000000001,1.0296250000000002,87.8345125,-0.008159085388675564,0.8311677317615993
120.95,24.45,301.5276,SSP3-7.0,2081-2100,41.58359999999999,155.17190000000002,-6.305700000000343,3.098700000000001,8.785199999999996,0.9758999999999993,89.0978,151.51313749999997,-20.519137500000028,2.972912499999999,7.9252125,0.8923750000000004,86.6510875,-0.008159085388675564,0.8943635121313908
120.95,24.5,291.8077,SSP3-7.0,2081-2100,40.02339999999998,151.3977,-40.888200000000325,2.938399999999998,7.122199999999999,0.7093000000000007,88.1239,151.2838625,-34.06958750000001,2.9366,8.21225,0.47755000000000014,86.7589625,-0.008159085388675564,0.9575592925011822
120.95,24.55,261.5396,SSP3-7.0,2081-2100,10.359399999999994,155.0599,-60.47239999999988,2.9293000000000013,5.018500000000003,-0.21850000000000058,91.31519999999999,150.44617499999998,-52.367999999999995,2.789099999999999,8.4319375,0.2699125,87.77420000000001,-0.008159085388675564,1.0207550728709736
120.95,24.6,233.6375,SSP3-7.0,2081-2100,7.480800000000016,149.5359,-59.103799999999865,2.7007999999999974,6.463000000000001,0.23889999999999922,89.93480000000001,151.55587500000001,-35.257874999999984,2.7074625,7.8053125,-0.009500000000000064,89.8760875,-0.008159085388675564,1.0839508532407651
120.95,24.65,207.5133,SSP3-7.0,2081-2100,9.653700000000015,149.5918,9.528999999999996,2.668499999999998,7.577800000000003,-0.2832999999999988,89.8391,151.795175,-5.642887499999972,2.593137499999999,7.452075,-0.08658750000000004,90.636425,-0.008159085388675564,1.147146633610552
120.95,24.7,171.6327,SSP3-7.0,2081-2100,14.196400000000011,154.9698,48.690799999999854,2.386999999999997,6.3703999999999965,-0.170399999999999,91.84349999999999,152.58695,15.840212500000007,2.40395,5.218725000000001,-0.2143624999999998,91.199175,-0.008159085388675564,1.2103424139803434
120.95,24.75,131.9503,SSP3-7.0,2081-2100,20.5907,154.8154,19.373800000000074,2.0883000000000003,-8.024099999999997,-0.06299999999999972,92.26299999999999,154.26395,29.178200000000004,2.1567624999999992,6.959012500000001,-0.3212999999999997,91.7845125,-0.008159085388675564,1.273538194350135
120.95,24.8,131.9864,SSP3-7.0,2081-2100,20.317499999999995,154.74089999999998,36.62290000000007,1.8336000000000006,7.557400000000001,-0.12589999999999968,91.9152,154.00971249999998,21.790787499999965,1.9999499999999995,4.964112500000002,-0.2333375000000001,92.091575,-0.008159085388675564,1.3367339747199263
120.95,24.85,128.2105,SSP3-7.0,2081-2100,19.23920000000001,152.21859999999998,18.358999999999924,1.8368000000000002,8.435200000000002,-0.1889000000000003,91.687,152.31776250000001,20.93950000000001,2.0637874999999997,7.193987500000003,-0.34166249999999987,91.14863749999999,-0.008159085388675564,1.3999297550897176
120.95,24.9,128.708,SSP3-7.0,2081-2100,20.2337,151.1893,42.259500000000116,2.4085,4.8426000000000045,-0.35740000000000016,90.4935,150.52288750000002,14.447062499999987,2.0753874999999997,8.6377375,-0.3164374999999998,90.3364,-0.008159085388675564,1.4631255354595045
121.0,22.55,233.2394,SSP3-7.0,2081-2100,8.9692,165.2107,100.02629999999999,3.556000000000001,18.748099999999997,2.5519,87.1109,158.563475,99.43105000000006,3.6491874999999996,16.829375,3.2979249999999998,84.744025,0.09753475469254576,-1.5070761419206478
121.0,22.6,228.2414,SSP3-7.0,2081-2100,10.1421,165.24169999999998,101.03880000000004,3.6098,17.136999999999997,2.4388999999999994,87.1348,161.69253750000001,83.26120000000009,3.5422375000000006,15.554375,3.1611124999999998,86.5152375,0.09753475469254576,-1.4438803615508562
121.0,22.65,255.3947,SSP3-7.0,2081-2100,15.180900000000008,160.19310000000002,119.91489999999999,3.482099999999999,14.837,3.131500000000001,85.31519999999999,161.5254375,66.96330000000006,3.6426250000000007,14.565737500000001,3.0824124999999998,86.0127875,0.09753475469254576,-1.3806845811810693
121.0,22.7,283.8308,SSP3-7.0,2081-2100,12.736499999999978,162.7561,144.3449999999998,3.5974000000000004,14.9833,3.5648,87.3848,161.080425,79.23841250000007,3.6753625000000003,14.170850000000002,2.96065,85.906525,0.09753475469254576,-1.317488800811278
121.0,22.75,295.801,SSP3-7.0,2081-2100,7.943300000000022,165.8186,144.35470000000032,3.7878000000000007,14.359300000000001,3.461099999999999,89.7109,156.08687500000002,94.14219999999992,3.8948875000000003,13.6872875,2.9381874999999997,83.14075,0.09753475469254576,-1.2542930204414864
121.0,22.8,290.8779,SSP3-7.0,2081-2100,6.7683999999999855,162.2636,95.86499999999978,4.2089,12.459299999999999,3.0184999999999995,88.8543,157.3013625,109.52676249999999,4.2444875,13.996075000000001,2.7749875,84.31766250000001,0.09753475469254576,-1.191097240071695
121.0,22.85,280.0154,SSP3-7.0,2081-2100,17.9289,162.22570000000002,101.51049999999987,4.907299999999999,12.9722,2.3093000000000004,88.02829999999999,155.5781125,144.2942875,4.687787500000001,13.575475,2.7449,83.996725,0.09753475469254576,-1.1279014597019037
121.0,22.9,269.019,SSP3-7.0,2081-2100,45.314700000000016,154.78400000000002,209.5246000000002,5.556000000000001,11.4315,2.6426,85.5152,142.7287875,206.25271249999994,5.138525,12.739350000000002,2.6261625000000004,74.26384999999999,0.09753475469254576,-1.0647056793321166
121.0,22.95,260.8454,SSP3-7.0,2081-2100,80.1343,103.04940000000002,352.56129999999985,6.0808,8.757400000000004,3.1204,45.4717,131.31097499999998,262.5467,5.4536375,12.3270875,2.4891375,67.4956625,0.09753475469254576,-1.0015098989623252
121.0,23.0,243.1891,SSP3-7.0,2081-2100,70.52390000000003,103.22860000000001,347.39189999999985,6.075900000000001,9.4241,2.4130000000000003,46.978300000000004,110.55362500000001,288.50579999999997,5.3768625,11.8280125,2.3634375000000003,52.712500000000006,0.09753475469254576,-0.9383141185925338
121.0,23.05,229.3887,SSP3-7.0,2081-2100,58.772999999999996,102.54249999999999,290.12760000000003,5.242900000000002,11.9667,1.924100000000001,46.547799999999995,117.157725,266.25886249999996,5.0390625,11.127775,2.3368124999999997,57.646750000000004,0.09753475469254576,-0.8751183382227424
121.0,23.1,224.4784,SSP3-7.0,2081-2100,51.2893,126.4759,240.06889999999999,4.561499999999999,8.779600000000002,2.5184999999999995,64.05,124.41238750000001,225.07158750000008,4.5032125,10.821774999999999,2.3560250000000003,63.094,0.09753475469254576,-0.811922557852951
121.0,23.15,227.905,SSP3-7.0,2081-2100,45.5676,135.5453,208.0322000000001,4.1236999999999995,9.581499999999998,2.9667000000000012,70.2043,141.37995,193.85920000000002,4.181049999999999,10.159025,2.547225,75.61711249999999,0.09753475469254576,-0.748726777483164
121.0,23.2,240.4428,SSP3-7.0,2081-2100,45.458999999999975,147.07119999999998,207.79120000000012,4.359500000000001,10.314800000000002,2.7036999999999995,79.6587,148.1112,155.9001,3.938675,10.522225,2.6162250000000005,82.8826125,0.09753475469254576,-0.6855309971133726
121.0,23.25,273.4078,SSP3-7.0,2081-2100,30.401900000000012,152.77390000000003,128.53250000000025,3.9967000000000006,8.694400000000002,3.0203999999999986,89.3109,146.23467499999998,133.5263374999999,3.836525,10.706475,2.5449125,82.52691250000001,0.09753475469254576,-0.6223352167435812
121.0,23.3,255.5978,SSP3-7.0,2081-2100,10.241800000000012,133.2354,88.85689999999977,3.4716999999999985,9.607399999999998,2.3000000000000007,75.8957,144.64905000000002,105.33137499999995,3.6114125,10.473600000000001,2.3675999999999995,83.2046375,0.09753475469254576,-0.5591394363737897
121.0,23.35,232.374,SSP3-7.0,2081-2100,6.322499999999991,120.69130000000001,68.40319999999997,3.0336999999999996,11.053700000000006,1.5573999999999995,67.6696,144.2570125,93.09413749999993,3.3020624999999995,9.9715125,2.2203749999999998,82.2788125,0.09753475469254576,-0.4959436560039983
121.0,23.4,219.7043,SSP3-7.0,2081-2100,11.308100000000024,136.93220000000002,71.80629999999996,2.7388000000000012,9.607399999999998,1.3093000000000004,77.9739,136.5083375,90.22369999999995,3.023649999999999,9.12105,2.0124874999999998,78.1065375,0.09753475469254576,-0.43274787563421135
121.0,23.45,223.7154,SSP3-7.0,2081-2100,21.224400000000003,130.372,97.21189999999979,2.719899999999999,7.220399999999998,1.7832999999999988,72.9935,137.038,91.18533749999997,2.8141249999999998,7.953687499999999,1.9648125,79.62581250000001,0.09753475469254576,-0.3695520952644199
121.0,23.5,235.9735,SSP3-7.0,2081-2100,27.97919999999999,141.2212,96.01519999999982,2.6476000000000006,6.481499999999997,2.0852000000000004,81.2674,139.94675,81.31303750000001,2.6862624999999998,7.183324999999999,2.1782249999999994,81.24157500000001,0.09753475469254576,-0.3063563148946285
121.0,23.55,239.3606,SSP3-7.0,2081-2100,26.13149999999999,157.447,58.014900000000125,2.544699999999999,7.825899999999997,2.6240999999999985,90.76520000000001,149.4694625,60.70878749999997,2.6564625,7.980100000000001,2.0775374999999996,86.9788125,0.09753475469254576,-0.24316053452483705
121.0,23.6,244.608,SSP3-7.0,2081-2100,21.795900000000017,172.4156,26.890599999999722,2.7509999999999977,10.038900000000005,1.774099999999999,102.2674,158.5823625,37.77203750000007,2.6494625,8.3534875,2.0860874999999997,91.58370000000001,0.09753475469254576,-0.17996475415504562
121.0,23.65,252.8218,SSP3-7.0,2081-2100,10.362900000000025,177.9841,13.915300000000116,2.7531,7.3519000000000005,1.6944,104.95,162.21201250000001,26.017349999999993,2.7487249999999994,9.020387500000002,1.6659499999999998,95.25925,0.09753475469254576,-0.11676897378525869
121.0,23.7,255.6359,SSP3-7.0,2081-2100,4.4775000000000205,180.2828,7.736899999999878,2.834299999999999,9.022199999999998,1.2759,107.89349999999999,169.68311250000002,14.431962500000054,2.683325,8.784962499999999,1.6310125000000002,100.6307125,0.09753475469254576,-0.053573193415467256
121.0,23.75,236.0405,SSP3-7.0,2081-2100,9.468999999999994,173.2047,-11.76929999999993,2.5638000000000005,10.9296,1.513,103.9674,174.411325,-15.830424999999963,2.5452875,9.650925,1.5104125000000006,104.1157625,0.09753475469254576,0.009622586954324176
121.0,23.8,228.8837,SSP3-7.0,2081-2100,19.767499999999984,177.6659,-94.6132,2.211500000000001,12.2759,1.8000000000000007,106.7261,175.170475,-60.816475,2.3138750000000012,9.8354125,1.3358875000000001,104.34755,0.09753475469254576,0.0728183673241156
121.0,23.85,254.3969,SSP3-7.0,2081-2100,39.96889999999999,167.9324,-188.8998999999999,1.9486000000000026,9.257400000000004,1.5184999999999995,98.68039999999999,171.9315125,-80.08853750000003,2.232962500000001,10.6801,1.1770875000000003,101.90326250000001,0.09753475469254576,0.13601414769390704
121.0,23.9,211.885,SSP3-7.0,2081-2100,42.259900000000016,166.67329999999998,-149.5246000000002,2.0702,12.413000000000004,0.6019000000000005,97.0826,167.5731375,-70.72497499999997,2.346975000000001,10.154399999999999,1.1548625000000001,99.12365,0.09753475469254576,0.19920992806369398
121.0,23.95,184.7052,SSP3-7.0,2081-2100,51.6703,171.9249,-62.703199999999924,2.3622000000000014,11.603699999999996,1.2073999999999998,102.26089999999999,164.7259375,-25.15534999999997,2.6061624999999995,10.202787500000001,1.2895875000000006,97.610325,0.09753475469254576,0.26240570843348543
121.0,24.0,216.031,SSP3-7.0,2081-2100,65.69920000000002,171.1201,33.6866,2.9841999999999977,9.538900000000005,1.7426000000000013,103.4891,164.448875,13.625912500000084,2.8721124999999996,9.765274999999999,1.3476875,96.725,0.09753475469254576,0.32560148880327683
121.0,24.05,236.8337,SSP3-7.0,2081-2100,76.78580000000002,166.94389999999999,68.9676000000004,3.428799999999999,8.768500000000003,1.5055999999999994,99.18480000000001,164.8797,47.72393749999995,3.2031375,9.2217625,1.3212874999999997,96.5461875,0.09753475469254576,0.3887972691730683
121.0,24.1,256.4605,SSP3-7.0,2081-2100,77.4298,168.637,113.46630000000005,3.834900000000001,7.566699999999997,1.1888999999999985,98.5391,157.44650000000001,57.10843750000001,3.487825,9.4807875,1.1347249999999995,88.85706250000001,0.09753475469254576,0.4519930495428597
121.0,24.15,278.4557,SSP3-7.0,2081-2100,62.0256,151.5238,83.62260000000015,3.8896000000000015,10.5167,1.0389,79.4304,155.5743,62.96019999999993,3.6431375000000004,8.810412499999998,1.1796374999999995,86.24022500000001,0.09753475469254576,0.5151888299126467
121.0,24.2,281.4165,SSP3-7.0,2081-2100,60.49600000000004,155.6101,53.129199999999855,3.264400000000002,8.633299999999998,1.7518999999999991,83.1435,146.424375,54.8657750000001,3.7780375,8.9308,1.0312499999999996,77.3070625,0.09753475469254576,0.578384610282438
121.0,24.25,322.664,SSP3-7.0,2081-2100,66.07740000000001,135.60160000000002,27.34790000000021,3.654,10.3352,0.4795999999999996,68.6239,146.670675,24.41137500000002,3.6393999999999997,7.888425,1.18705,77.80109999999999,0.09753475469254576,0.6415803906522295
121.0,24.3,337.0487,SSP3-7.0,2081-2100,58.84820000000002,140.0966,-24.709899999999834,3.4467999999999996,9.327800000000003,1.0241000000000007,72.45,143.435275,2.1029624999999896,3.5451625000000004,6.832412500000001,0.8435124999999999,75.9505625,0.09753475469254576,0.704776171022021
121.0,24.35,312.3891,SSP3-7.0,2081-2100,36.6087,144.0618,-19.531200000000354,3.1422000000000025,5.149999999999999,0.5184999999999995,74.437,145.4707625,-21.57901250000009,3.2593,6.829625000000002,0.8879625000000004,78.9581625,0.09753475469254576,0.7679719513918124
121.0,24.4,298.9119,SSP3-7.0,2081-2100,32.17779999999999,148.4144,-16.782000000000153,2.512900000000002,7.329599999999999,0.7759,82.2304,145.97650000000002,-12.596112500000118,3.0600625000000004,6.539350000000001,0.9222125000000001,78.92637500000001,0.09753475469254576,0.8311677317615993
121.0,24.45,317.0633,SSP3-7.0,2081-2100,34.65979999999996,141.5716,-19.434299999999894,2.5382999999999996,5.383299999999998,1.174100000000001,75.3826,144.6746,-28.08523750000012,2.9082874999999992,8.020374999999998,0.7777750000000001,78.9736375,0.09753475469254576,0.8943635121313908
121.0,24.5,319.3667,SSP3-7.0,2081-2100,29.369600000000048,138.2278,-84.64349999999968,2.819099999999999,10.3463,0.30189999999999984,72.5522,145.3098125,-50.7534625000001,2.857325,8.208324999999999,0.669675,80.37445,0.09753475469254576,0.9575592925011822
121.0,24.55,305.1535,SSP3-7.0,2081-2100,21.431399999999996,149.2637,-116.04300000000012,2.7844000000000015,10.9981,0.07590000000000074,84.3935,146.0278125,-69.24913749999999,2.7799499999999995,8.3664375,0.4520999999999997,82.6106,0.09753475469254576,1.0207550728709736
121.0,24.6,252.4526,SSP3-7.0,2081-2100,21.0968,152.0203,-62.54669999999987,2.3690999999999995,9.399999999999999,0.18520000000000003,90.09570000000001,149.44095,-50.51656249999999,2.7056000000000004,8.1490625,0.36482499999999973,87.33803749999998,0.09753475469254576,1.0839508532407651
121.0,24.65,214.3513,SSP3-7.0,2081-2100,13.59389999999999,149.3549,10.558499999999867,2.673300000000001,7.6907,0.09259999999999913,90.2391,150.56745,-12.618812499999962,2.5027624999999993,7.605325,0.19005000000000005,89.676375,0.09753475469254576,1.147146633610552
121.0,24.7,179.7886,SSP3-7.0,2081-2100,14.491199999999992,151.6694,21.985200000000077,2.5686,7.772199999999998,-0.5666999999999991,91.3022,151.2585375,12.15901249999996,2.4128124999999994,4.8618,-0.0006875000000000631,90.8342375,0.09753475469254576,1.2103424139803434
121.0,24.75,146.3956,SSP3-7.0,2081-2100,20.60990000000001,153.2036,15.852599999999939,2.381899999999998,5.722200000000001,0.009299999999999642,92.09349999999999,152.4071875,17.876800000000003,2.2640624999999996,4.8819375,-0.23797499999999994,91.4198375,0.09753475469254576,1.273538194350135
121.0,24.8,140.3764,SSP3-7.0,2081-2100,23.518900000000002,153.4721,22.77060000000006,2.094999999999999,6.579600000000006,-0.2685000000000004,91.4239,151.952325,8.402724999999975,2.139325,5.015275000000001,-0.23727500000000012,91.3377625,0.09753475469254576,1.3367339747199263
121.0,24.85,133.1036,SSP3-7.0,2081-2100,22.617199999999997,151.7043,0.9897999999998319,2.0502000000000002,8.311100000000003,-0.06300000000000061,90.7043,150.6391625,13.958237500000052,2.1470625,7.717587500000002,-0.25231249999999994,90.52635000000001,0.09753475469254576,1.3999297550897176
121.0,24.9,136.3656,SSP3-7.0,2081-2100,19.63409999999999,148.9923,-1.8958999999999833,1.9292000000000016,9.927800000000005,-0.23889999999999922,89.4826,147.60303749999997,19.388337500000006,2.28705,8.73195,-0.1683,89.06139999999999,0.09753475469254576,1.4631255354595045
121.0,24.95,138.7093,SSP3-7.0,2081-2100,15.141299999999973,148.1488,17.97199999999998,2.1571,11.074099999999994,-0.6018999999999997,88.2652,145.8698375,15.731837499999983,2.3484624999999997,9.017825000000002,-0.12778749999999994,88.2758125,0.09753475469254576,1.526321315829296
121.0,25.0,142.3879,SSP3-7.0,2081-2100,13.326400000000007,143.8324,-5.076600000000099,2.2432000000000016,11.800000000000004,-0.6463000000000001,86.6587,143.4816625,28.701224999999994,2.5603625,9.2134375,-0.32639999999999947,87.25245000000001,0.09753475469254576,1.5895170961990874
121.05,22.65,227.0661,SSP3-7.0,2081-2100,7.305900000000008,165.1336,82.58699999999999,3.9459000000000017,18.259300000000003,2.0851999999999995,88.7435,162.4221375,91.23787500000009,3.6501750000000004,15.40855,2.9324,86.32175,0.2032285947737671,-1.3806845811810693
121.05,22.7,229.6971,SSP3-7.0,2081-2100,8.237599999999986,163.5085,106.49480000000017,3.8198000000000008,16.151900000000005,2.1852,85.7435,163.0352125,108.63568749999999,3.8101125000000002,15.297225000000001,2.8502375,87.11385,0.2032285947737671,-1.317488800811278
121.05,22.75,241.0917,SSP3-7.0,2081-2100,6.608800000000002,162.8417,117.17550000000006,3.854800000000001,16.3037,2.4222,85.2304,163.891775,128.892725,4.0258375,14.7564875,2.7951374999999996,88.0983625,0.2032285947737671,-1.2542930204414864
121.05,22.8,266.0909,SSP3-7.0,2081-2100,8.938000000000045,163.6702,137.67579999999998,4.3291,14.496299999999998,2.9388999999999994,87.4587,162.0259625,132.627825,4.269674999999999,14.153462500000002,2.7041625,87.391025,0.2032285947737671,-1.191097240071695
121.05,22.85,291.6802,SSP3-7.0,2081-2100,16.315699999999993,166.8143,166.27769999999987,4.901799999999998,14.1296,2.8000000000000007,90.0913,158.78193750000003,151.9093375,4.6829375,13.854175000000001,2.6789375,85.826075,0.2032285947737671,-1.1279014597019037
121.05,22.9,281.962,SSP3-7.0,2081-2100,31.416300000000035,165.7445,243.27510000000007,5.3626000000000005,13.4056,2.9277999999999995,89.0217,148.252475,194.91381249999995,5.009,13.264812500000001,2.6583375,78.2154875,0.2032285947737671,-1.0647056793321166
121.05,22.95,248.7601,SSP3-7.0,2081-2100,45.1242,134.4581,284.59659999999985,5.358699999999999,11.200000000000003,2.8074000000000003,70.4391,145.4543875,243.33126249999998,5.2152125,12.827325000000002,2.658125,76.03993750000001,0.2032285947737671,-1.0015098989623252
121.05,23.0,231.4066,SSP3-7.0,2081-2100,45.80069999999998,162.4314,272.7582,5.408200000000001,12.3981,2.1593,89.337,126.80272500000001,260.37538749999993,5.012225,11.712050000000001,2.56715,63.60515,0.2032285947737671,-0.9383141185925338
121.05,23.05,226.0089,SSP3-7.0,2081-2100,41.8887,116.02369999999999,242.15059999999994,4.799699999999998,11.592600000000001,2.2111,57.0217,136.52621249999999,236.433575,4.66075,11.2317125,2.44955,71.206525,0.2032285947737671,-0.8751183382227424
121.05,23.1,222.386,SSP3-7.0,2081-2100,38.79130000000001,144.084,205.6404,4.202999999999999,10.342599999999997,2.536999999999999,76.6978,137.3336375,203.20595000000006,4.2478,11.1588125,2.5680625000000004,72.0146625,0.2032285947737671,-0.811922557852951
121.05,23.15,228.6602,SSP3-7.0,2081-2100,31.2098,156.5607,164.61910000000012,3.7864000000000004,12.3519,3.0315000000000003,85.9826,147.2355375,184.17300000000003,4.0598,10.7944375,2.680325,78.97255,0.2032285947737671,-0.748726777483164
121.05,23.2,215.6993,SSP3-7.0,2081-2100,27.089799999999997,150.5385,155.17539999999985,3.7444999999999986,12.114799999999999,2.816700000000001,82.2457,150.48578750000001,156.56432500000008,4.013237500000001,11.978250000000003,2.8139000000000003,82.94863749999999,0.2032285947737671,-0.6855309971133726
121.05,23.25,211.5235,SSP3-7.0,2081-2100,22.278299999999973,148.8745,111.42290000000003,3.767900000000001,14.301900000000003,2.946299999999999,84.78699999999999,143.6334375,134.43624999999997,3.9114250000000004,12.05485,2.7520875,80.07175000000001,0.2032285947737671,-0.6223352167435812
121.05,23.3,207.615,SSP3-7.0,2081-2100,17.7791,125.34190000000001,84.96389999999997,3.670300000000001,13.662999999999997,2.9499999999999993,71.913,144.8262625,113.18564999999998,3.6679500000000003,11.676150000000002,2.55255,82.1359,0.2032285947737671,-0.5591394363737897
121.05,23.35,199.6455,SSP3-7.0,2081-2100,11.173699999999997,146.1354,87.97649999999999,3.2356000000000016,11.2222,2.1092999999999993,83.037,142.538375,105.31799999999993,3.3540125000000005,11.168512500000002,2.3206125,80.64077499999999,0.2032285947737671,-0.4959436560039983
121.05,23.4,191.6569,SSP3-7.0,2081-2100,11.422299999999979,151.3587,98.56529999999998,2.8881999999999977,10.8185,1.8167000000000009,83.86959999999999,143.11635,105.11699999999996,3.0043125,9.660175,1.9935249999999998,80.89756249999999,0.2032285947737671,-0.43274787563421135
121.05,23.45,190.2957,SSP3-7.0,2081-2100,17.273899999999998,126.8896,96.2614000000001,2.590399999999999,7.850000000000001,1.6981000000000002,71.9,141.8765125,103.7092999999999,2.7451624999999997,8.7398125,1.9484,80.6741875,0.2032285947737671,-0.3695520952644199
121.05,23.5,195.1576,SSP3-7.0,2081-2100,20.421899999999994,124.7286,88.13549999999987,2.3811999999999998,7.011099999999999,2.062999999999999,74.6217,139.1792125,93.87753749999999,2.5821624999999995,7.720375,2.0254624999999997,78.562775,0.2032285947737671,-0.3063563148946285
121.05,23.55,201.5322,SSP3-7.0,2081-2100,20.98010000000002,141.6846,69.36980000000017,2.4342000000000006,6.646300000000004,2.3574,79.4674,141.070875,74.92079999999996,2.5509375,8.2926,1.9444624999999998,81.0410375,0.2032285947737671,-0.24316053452483705
121.05,23.6,207.0804,SSP3-7.0,2081-2100,20.72630000000001,146.6913,46.57190000000014,2.5716,10.001900000000006,1.6370000000000005,83.6283,150.16931250000002,54.796812500000016,2.582875,8.506025000000001,1.9504624999999998,86.38423750000001,0.2032285947737671,-0.17996475415504562
121.05,23.65,216.5508,SSP3-7.0,2081-2100,13.417399999999986,162.83100000000002,35.17059999999992,2.5595999999999997,8.912999999999997,1.8684999999999992,94.28909999999999,157.461125,40.953262499999994,2.659725,9.068762500000002,1.615275,92.048925,0.2032285947737671,-0.11676897378525869
121.05,23.7,233.9575,SSP3-7.0,2081-2100,4.352199999999982,172.181,27.346700000000055,2.6098999999999997,8.716700000000003,1.3963,103.7,164.82675,31.88092499999999,2.603575,9.175462499999998,1.5657375,96.92228750000001,0.2032285947737671,-0.053573193415467256
121.05,23.75,243.289,SSP3-7.0,2081-2100,8.2971,175.4504,14.897799999999961,2.4887000000000015,9.561099999999996,1.5167000000000002,105.2761,169.3126625,5.191637500000013,2.469625,10.067125,1.374775,99.844025,0.2032285947737671,0.009622586954324176
121.05,23.8,226.6518,SSP3-7.0,2081-2100,11.632999999999981,174.183,-42.644399999999905,2.2946000000000026,11.735199999999999,0.75,102.2913,164.7645125,-34.40787499999999,2.310012500000001,10.1636375,1.2923749999999998,96.42308750000001,0.2032285947737671,0.0728183673241156
121.05,23.85,227.46,SSP3-7.0,2081-2100,23.518900000000002,167.722,-90.02929999999992,2.1467000000000027,9.396299999999997,1.0314999999999994,98.4739,161.8821125,-60.38997500000002,2.313300000000001,11.354162500000001,1.0007125000000001,93.4527,0.2032285947737671,0.13601414769390704
121.05,23.9,222.2441,SSP3-7.0,2081-2100,32.67359999999999,158.02630000000002,-55.540100000000166,2.4327000000000005,12.3444,1.342600000000001,92.0674,158.90155,-55.96494999999996,2.4965125000000006,10.98565,0.8023374999999999,91.4831375,0.2032285947737671,0.19920992806369398
121.05,23.95,236.7169,SSP3-7.0,2081-2100,56.4606,154.5101,-10.162399999999707,2.954099999999997,11.674099999999996,1.2556000000000012,89.6,160.4968625,-19.389987500000018,2.7804125,11.312275000000001,0.9849625000000004,93.097825,0.2032285947737671,0.26240570843348543
121.05,24.0,249.6501,SSP3-7.0,2081-2100,63.22059999999999,158.1539,4.338400000000092,3.1889000000000003,11.092599999999997,1.4481000000000002,92.2913,158.2775875,22.817375000000027,3.1129124999999993,10.938437500000001,1.0609000000000002,90.6472875,0.2032285947737671,0.32560148880327683
121.05,24.05,247.8418,SSP3-7.0,2081-2100,69.19050000000001,151.55560000000003,47.76339999999982,3.3648999999999987,12.4315,1.2518999999999991,80.4391,159.10922499999998,53.03083749999996,3.4115374999999997,10.377324999999999,1.0879625000000002,90.6095125,0.2032285947737671,0.3887972691730683
121.05,24.1,264.8585,SSP3-7.0,2081-2100,73.51679999999999,160.4712,82.98999999999978,3.6389999999999993,11.7481,1.2407000000000004,88.5761,149.5249,68.20468749999998,3.6540500000000002,10.7389125,0.7717749999999997,80.786675,0.2032285947737671,0.4519930495428597
121.05,24.15,276.5115,SSP3-7.0,2081-2100,64.64420000000001,129.4658,78.19830000000002,3.9075999999999986,11.8093,0.48519999999999897,64.313,147.9687375,79.25893749999989,3.7440500000000005,10.3199125,1.0134249999999998,79.031525,0.2032285947737671,0.5151888299126467
121.05,24.2,296.6736,SSP3-7.0,2081-2100,65.25529999999998,143.3936,84.2159999999999,3.986699999999999,10.5537,1.4499999999999993,74.737,139.0819875,80.89625000000001,3.7975875000000006,10.4650625,0.8867999999999998,71.09292500000001,0.2032285947737671,0.578384610282438
121.05,24.25,308.0691,SSP3-7.0,2081-2100,67.68610000000001,144.1117,100.10130000000026,3.975100000000001,9.859299999999998,0.9536999999999995,73.7348,136.52,45.05828749999989,3.6943125,9.490275,0.978475,70.076625,0.2032285947737671,0.6415803906522295
121.05,24.3,333.5907,SSP3-7.0,2081-2100,73.30269999999996,124.25280000000001,-30.34230000000025,3.6572999999999993,8.064799999999998,0.9556000000000004,62.591300000000004,135.64006250000003,13.902012499999955,3.5924500000000013,8.261575,0.5659749999999999,69.07418750000001,0.2032285947737671,0.704776171022021
121.05,24.35,308.0292,SSP3-7.0,2081-2100,64.66309999999999,134.0488,-67.48000000000002,3.5162000000000013,6.942600000000006,0.36299999999999955,66.5609,135.21750000000003,-19.80266250000011,3.266337500000001,7.121975,0.6548750000000003,70.142125,0.2032285947737671,0.7679719513918124
121.05,24.4,289.6841,SSP3-7.0,2081-2100,45.171400000000006,145.2701,-2.04320000000007,3.1355000000000004,5.764800000000001,0.803700000000001,76.4848,136.24565,-22.495775000000037,3.0312875000000004,6.4627125,0.7849625,70.661975,0.2032285947737671,0.8311677317615993
121.05,24.45,294.0646,SSP3-7.0,2081-2100,38.453599999999994,136.0425,24.18170000000009,2.7144999999999975,7.988900000000001,1.4406999999999996,70.4957,136.7689375,-33.46709999999996,2.9804625,7.763649999999999,0.7970000000000004,71.510875,0.2032285947737671,0.8943635121313908
121.05,24.5,317.0719,SSP3-7.0,2081-2100,32.13639999999998,128.5678,-69.70540000000028,2.9166999999999987,8.212999999999994,0.28889999999999993,65.16300000000001,139.29492499999998,-51.530562499999974,2.916525,9.503,0.8881875000000001,74.1214875,0.2032285947737671,0.9575592925011822
121.05,24.55,334.6958,SSP3-7.0,2081-2100,40.96889999999996,145.4034,-117.36040000000003,2.9383000000000017,12.157399999999996,0.9110999999999994,79.0239,141.5085125,-62.21774999999997,2.789975,10.182175,0.7830999999999999,77.5671375,0.2032285947737671,1.0207550728709736
121.05,24.6,295.7651,SSP3-7.0,2081-2100,30.184799999999996,148.0097,-59.272699999999986,2.6279000000000003,8.211100000000002,1.1999999999999993,84.67609999999999,147.82801249999997,-44.44410000000002,2.599487500000001,9.75415,0.8687499999999999,84.8679375,0.2032285947737671,1.0839508532407651
121.05,24.65,221.7964,SSP3-7.0,2081-2100,20.849199999999996,149.30829999999997,-11.967699999999923,2.322300000000002,7.075899999999997,0.9018999999999995,89.28259999999999,148.59949999999998,-9.829324999999983,2.4962000000000004,8.2867875,0.5812499999999998,87.963325,0.2032285947737671,1.147146633610552
121.05,24.7,182.9404,SSP3-7.0,2081-2100,12.603699999999975,149.43439999999998,11.735400000000027,2.3779000000000003,7.972200000000001,0.014799999999999258,90.437,148.869375,3.3752374999999404,2.4396250000000004,7.0194374999999996,0.16645,89.7277125,0.2032285947737671,1.2103424139803434
121.05,24.75,161.2503,SSP3-7.0,2081-2100,17.87979999999999,149.39010000000002,-6.500300000000152,2.403299999999998,4.509299999999996,-0.5074000000000005,90.6761,149.26525,1.1545250000000067,2.3533375000000003,7.323600000000002,-0.20277500000000015,90.2116875,0.2032285947737671,1.273538194350135
121.05,24.8,152.8326,SSP3-7.0,2081-2100,25.852599999999995,150.7654,-11.663999999999987,2.3588000000000022,6.3185,-0.21670000000000034,91.4978,148.5673125,-6.570162500000038,2.2677874999999994,7.366675000000001,-0.2953625000000002,89.6086875,0.2032285947737671,1.3367339747199263
121.05,24.85,141.2455,SSP3-7.0,2081-2100,20.790899999999993,148.7803,-5.811999999999898,2.1616999999999997,7.2926,-0.7425999999999995,89.86519999999999,147.2582875,-0.7600999999999942,2.3144250000000004,8.6620375,-0.09953750000000006,88.814925,0.2032285947737671,1.3999297550897176
121.05,24.9,136.1488,SSP3-7.0,2081-2100,18.491299999999995,144.9544,11.025800000000118,2.5528999999999975,10.786999999999999,0.12040000000000006,87.8456,145.65952499999997,8.462649999999968,2.313975,9.097237499999999,-0.12177499999999986,88.1711875,0.2032285947737671,1.4631255354595045
121.05,24.95,139.4281,SSP3-7.0,2081-2100,22.16810000000001,142.24699999999999,35.68139999999994,2.358999999999998,9.949999999999996,0.2481,87.4739,144.1124375,17.894525000000016,2.4541125000000004,9.5007,-0.2601874999999997,87.330975,0.2032285947737671,1.526321315829296
121.05,25.0,144.7718,SSP3-7.0,2081-2100,18.691899999999976,142.43189999999998,34.57629999999995,2.634499999999999,8.1537,-0.24259999999999948,86.0022,143.15198750000002,25.359825,2.5894125,9.776625,-0.33194999999999963,87.1298875,0.2032285947737671,1.5895170961990874
121.05,25.05,148.9552,SSP3-7.0,2081-2100,27.342300000000023,141.7022,34.4058,3.0013000000000005,11.124099999999999,-0.575899999999999,85.95,142.7559875,33.75942499999999,2.5979875,8.9268625,-0.3252499999999998,86.85842500000001,0.2032285947737671,1.652712876568879
121.1,22.7,209.7102,SSP3-7.0,2081-2100,4.013500000000022,164.61509999999998,102.79939999999988,4.380500000000001,17.3241,2.0648,88.1087,164.4002875,127.3252875,3.8512625000000003,15.493050000000002,2.6518500000000005,88.0353125,0.30892243485498844,-1.317488800811278
121.1,22.75,218.2794,SSP3-7.0,2081-2100,8.389099999999985,166.0628,130.9561000000001,3.9719999999999978,16.044400000000003,2.4704000000000006,89.2543,164.92475,133.66348750000003,4.061050000000001,14.815750000000001,2.579625,88.58885,0.30892243485498844,-1.2542930204414864
121.1,22.8,239.6302,SSP3-7.0,2081-2100,8.332599999999985,162.4393,168.65100000000007,4.1112,12.2333,2.6574,88.2717,162.71605,137.02716249999995,4.2614,14.855075000000001,2.5118,87.7608625,0.30892243485498844,-1.191097240071695
121.1,22.85,261.6494,SSP3-7.0,2081-2100,4.067299999999989,147.7417,136.23209999999995,4.413600000000002,14.725900000000003,2.4943999999999997,79.68700000000001,161.1341375,154.23893749999996,4.4400625,14.742825,2.5627375,86.74945,0.30892243485498844,-1.1279014597019037
121.1,22.9,261.195,SSP3-7.0,2081-2100,7.210100000000011,151.3865,122.54060000000004,4.5748,19.1093,2.4425999999999988,79.7717,156.2025375,183.78024999999994,4.4950624999999995,13.9763875,2.6374875,83.14376250000001,0.30892243485498844,-1.0647056793321166
121.1,22.95,241.7306,SSP3-7.0,2081-2100,31.347700000000003,165.5601,186.06709999999998,4.279,13.7926,2.6500000000000004,86.7196,154.5646875,211.31404999999998,4.5545375,13.717375,2.6162124999999996,82.0168375,0.30892243485498844,-1.0015098989623252
121.1,23.0,222.7341,SSP3-7.0,2081-2100,34.365999999999985,157.4506,212.53129999999987,4.384399999999999,14.300000000000004,2.909299999999999,85.5043,147.9535875,218.071675,4.361224999999999,11.9689875,2.5500125000000002,77.2779875,0.30892243485498844,-0.9383141185925338
121.1,23.05,218.2652,SSP3-7.0,2081-2100,29.287300000000016,132.1088,167.57670000000007,3.8764000000000003,12.663,2.501899999999999,70.1587,153.30689999999998,203.86795,4.2181999999999995,11.4229125,2.5731624999999996,81.4211875,0.30892243485498844,-0.8751183382227424
121.1,23.1,223.2152,SSP3-7.0,2081-2100,32.043799999999976,163.8879,155.37360000000012,3.533700000000003,9.979600000000001,2.6333,90.37830000000001,150.5960625,177.69250000000002,4.014474999999999,12.101862500000001,2.7078875,80.1630375,0.30892243485498844,-0.811922557852951
121.1,23.15,245.1815,SSP3-7.0,2081-2100,24.334399999999988,165.52429999999998,157.6989000000001,4.0581,12.355600000000003,2.7574000000000005,91.7739,152.7299375,159.8804875,3.884125,12.131937500000001,2.6977,81.971475,0.30892243485498844,-0.748726777483164
121.1,23.2,221.9474,SSP3-7.0,2081-2100,14.911400000000015,144.7572,143.60339999999997,3.894400000000001,12.887,2.5092999999999996,76.7717,151.755225,145.6280875,3.9718499999999994,13.918762500000001,2.6801000000000004,83.00354999999999,0.30892243485498844,-0.6855309971133726
121.1,23.25,201.5175,SSP3-7.0,2081-2100,19.150599999999997,152.7792,130.81439999999998,4.119199999999999,15.338900000000002,2.5759000000000007,85.1,142.90045,135.84076249999995,3.97945,13.776625,2.6680624999999996,78.45598749999999,0.30892243485498844,-0.6223352167435812
121.1,23.3,201.1787,SSP3-7.0,2081-2100,25.901200000000017,142.5702,135.75229999999988,4.035100000000002,13.8185,3.1407000000000007,79.6783,149.4866,137.60051249999998,3.9369250000000005,13.358799999999999,2.6039375,84.0578875,0.30892243485498844,-0.5591394363737897
121.1,23.35,193.4156,SSP3-7.0,2081-2100,23.982199999999978,161.55020000000002,153.7265,3.6837000000000018,9.372200000000003,2.7704000000000004,91.6087,153.0954875,141.28284999999997,3.682125,12.380325,2.6245374999999997,86.2693,0.30892243485498844,-0.4959436560039983
121.1,23.4,184.9147,SSP3-7.0,2081-2100,21.469799999999992,168.6271,140.4695999999999,3.310600000000001,11.407400000000003,2.7203999999999997,96.5174,152.43066249999998,143.80357500000002,3.2362124999999997,10.065962500000001,2.3041625,85.7106,0.30892243485498844,-0.43274787563421135
121.1,23.45,184.3021,SSP3-7.0,2081-2100,21.0719,153.733,125.0806,2.721799999999998,9.548099999999998,2.0,85.4804,142.6928125,132.56685,2.8881749999999995,8.979637500000003,2.149775,80.75516250000001,0.30892243485498844,-0.3695520952644199
121.1,23.5,183.5907,SSP3-7.0,2081-2100,24.878299999999996,128.0393,112.38999999999987,2.5532000000000004,7.824100000000001,1.8093000000000004,72.6696,135.14775,118.18510000000003,2.6505499999999995,7.907412500000001,1.984025,75.6130375,0.30892243485498844,-0.3063563148946285
121.1,23.55,185.1699,SSP3-7.0,2081-2100,24.7337,134.047,96.67650000000003,2.445499999999999,8.366700000000002,1.8463000000000012,73.95870000000001,130.51912499999997,100.78640000000001,2.6135125,8.32385,1.89075,73.34675,0.30892243485498844,-0.24316053452483705
121.1,23.6,187.5404,SSP3-7.0,2081-2100,22.464200000000005,123.977,74.67180000000008,2.5127000000000024,8.790700000000001,1.7166999999999994,69.15,139.1003875,85.44273750000005,2.6337625,8.923625000000001,1.8763750000000003,78.205175,0.30892243485498844,-0.17996475415504562
121.1,23.65,193.9438,SSP3-7.0,2081-2100,16.165599999999984,130.9682,63.664999999999964,2.662200000000002,10.114800000000002,1.7222000000000008,76.2261,148.2173125,76.74132500000002,2.6563999999999997,8.9227,1.800925,85.275275,0.30892243485498844,-0.11676897378525869
121.1,23.7,206.6394,SSP3-7.0,2081-2100,11.838700000000017,155.189,66.8279,2.5829999999999984,8.512999999999998,1.7056000000000004,88.5761,155.65378750000002,69.44443749999999,2.6134250000000003,8.638425000000002,1.7601750000000003,90.9701,0.30892243485498844,-0.053573193415467256
121.1,23.75,220.3771,SSP3-7.0,2081-2100,3.3382999999999754,162.7038,64.60320000000002,2.3839000000000006,8.9981,1.2295999999999996,94.2,158.9380875,47.51037500000001,2.5057250000000004,8.973624999999998,1.5757000000000003,92.9062375,0.30892243485498844,0.009622586954324176
121.1,23.8,201.3441,SSP3-7.0,2081-2100,7.241900000000015,159.09109999999998,24.045299999999997,2.276,10.3463,1.3277999999999999,91.3978,149.0645625,18.607499999999987,2.4101000000000012,9.534025,1.1724625000000002,84.56710000000001,0.30892243485498844,0.0728183673241156
121.1,23.85,203.6382,SSP3-7.0,2081-2100,11.854399999999998,134.3458,6.502399999999852,2.4608999999999988,10.544400000000003,0.4018999999999995,72.66300000000001,147.42557499999998,-2.581575000000015,2.456375000000001,10.824774999999999,0.9590375000000002,82.24889999999999,0.30892243485498844,0.13601414769390704
121.1,23.9,215.4339,SSP3-7.0,2081-2100,34.58539999999999,157.13909999999998,17.55470000000014,2.8119000000000014,11.916699999999999,0.2629999999999999,86.713,142.16051249999998,0.19267499999997995,2.7210625,11.009712500000001,0.7095125,78.644825,0.30892243485498844,0.19920992806369398
121.1,23.95,231.9823,SSP3-7.0,2081-2100,52.837999999999965,150.9648,29.542699999999968,3.217500000000001,11.079600000000006,0.13889999999999958,86.3913,149.3345875,17.40107500000005,2.9827125,10.9824125,0.6789375000000002,83.4573375,0.30892243485498844,0.26240570843348543
121.1,24.0,228.2982,SSP3-7.0,2081-2100,56.329399999999964,149.9725,27.52559999999994,3.175699999999999,10.509300000000003,1.135200000000001,84.48700000000001,150.064875,34.82467500000001,3.2482,10.976637499999999,0.5182874999999998,82.9336875,0.30892243485498844,0.32560148880327683
121.1,24.05,224.8174,SSP3-7.0,2081-2100,58.5814,149.2288,47.91869999999972,3.4159000000000006,11.901899999999998,0.25,79.3261,149.559575,42.94952499999994,3.3707,10.8389,0.6613250000000002,81.3288125,0.30892243485498844,0.3887972691730683
121.1,24.1,239.5316,SSP3-7.0,2081-2100,63.12100000000001,148.34640000000002,45.35349999999971,3.6249000000000002,11.892599999999995,0.19260000000000055,78.98259999999999,142.791175,52.367949999999894,3.5459,11.4203875,0.5289249999999999,74.425825,0.30892243485498844,0.4519930495428597
121.1,24.15,254.6405,SSP3-7.0,2081-2100,63.4872,130.49790000000002,60.347099999999955,3.7658000000000023,11.024100000000004,0.2611000000000008,66.0783,139.37346250000002,65.24606249999988,3.6866999999999996,11.034962499999999,0.5923499999999997,72.025275,0.30892243485498844,0.5151888299126467
121.1,24.2,271.6774,SSP3-7.0,2081-2100,69.25740000000002,125.26989999999999,110.94679999999971,3.947099999999999,10.624099999999999,0.9832999999999998,62.76519999999999,136.438725,78.73251249999998,3.7438250000000006,10.5979375,0.5976874999999997,69.06684999999999,0.30892243485498844,0.578384610282438
121.1,24.25,272.0958,SSP3-7.0,2081-2100,70.73770000000002,140.57510000000002,133.4767999999999,3.9771,10.918500000000002,1.1407000000000007,70.65429999999999,132.18428749999998,54.39574999999991,3.6456000000000004,9.299787499999999,0.5761624999999997,67.09673750000002,0.30892243485498844,0.6415803906522295
121.1,24.3,259.7439,SSP3-7.0,2081-2100,63.30029999999999,127.36030000000002,6.401799999999639,3.621100000000002,7.464799999999997,0.04260000000000019,65.6478,127.58602499999999,23.13862499999999,3.527400000000001,8.540975000000001,0.38612499999999983,63.86087500000001,0.30892243485498844,0.704776171022021
121.1,24.35,265.8524,SSP3-7.0,2081-2100,57.27019999999999,119.2646,-44.39060000000018,3.4071000000000033,6.0944,0.005599999999999383,60.48480000000001,127.22266250000001,-13.326624999999979,3.301825000000001,7.586100000000002,0.40533750000000035,64.167675,0.30892243485498844,0.7679719513918124
121.1,24.4,270.9881,SSP3-7.0,2081-2100,39.900900000000036,133.0194,-27.023899999999685,3.207799999999999,7.779600000000002,1.1130000000000013,66.8109,127.63475,-11.2654,3.1530250000000004,7.113875000000002,0.610425,64.76306249999999,0.30892243485498844,0.8311677317615993
121.1,24.45,294.4583,SSP3-7.0,2081-2100,36.55329999999998,133.5421,-9.50590000000011,3.211299999999998,5.033299999999997,0.8888999999999996,68.89349999999999,131.37635,-8.504237499999988,3.1346874999999996,8.536112500000002,0.9520750000000004,67.3818,0.30892243485498844,0.8943635121313908
121.1,24.5,335.8741,SSP3-7.0,2081-2100,41.129700000000014,125.53829999999999,-38.598599999999806,3.502100000000002,12.259300000000003,1.0296000000000003,64.56960000000001,134.32572499999998,-27.23405000000014,3.000149999999999,9.309262499999999,1.0779999999999998,70.18532499999999,0.30892243485498844,0.9575592925011822
121.1,24.55,340.5173,SSP3-7.0,2081-2100,32.956500000000005,144.76999999999998,-50.84050000000025,2.824200000000001,11.857400000000002,1.2833000000000006,77.6609,136.85717499999998,-47.22750000000002,2.8490875,10.39815,1.2300874999999998,73.5630375,0.30892243485498844,1.0207550728709736
121.1,24.6,306.6514,SSP3-7.0,2081-2100,24.014699999999948,145.6705,-16.091599999999744,2.4762999999999984,10.172200000000004,1.8999999999999986,81.4261,144.482075,-47.98978750000009,2.548025000000001,10.066424999999999,1.3548625,81.0448375,0.30892243485498844,1.0839508532407651
121.1,24.65,236.5661,SSP3-7.0,2081-2100,22.92610000000002,146.83299999999997,8.738599999999906,2.4080000000000013,8.6815,1.6000000000000014,86.8217,146.24688749999999,-26.985025000000036,2.3858375000000005,8.711087500000001,1.0280124999999996,85.1703875,0.30892243485498844,1.147146633610552
121.1,24.7,177.9282,SSP3-7.0,2081-2100,22.37899999999999,145.8038,6.2586999999998625,2.4685000000000024,6.3944000000000045,0.22409999999999997,88.70870000000001,146.283975,-16.63973750000008,2.3516000000000004,8.105787499999998,0.4907499999999998,87.55461249999999,0.30892243485498844,1.2103424139803434
121.1,24.75,159.3,SSP3-7.0,2081-2100,24.229299999999995,145.39190000000002,-17.923700000000053,2.2911,8.3093,-0.42220000000000013,88.6978,145.81542499999998,-26.812400000000054,2.3044500000000006,8.128699999999998,0.06388749999999976,88.31683749999999,0.30892243485498844,1.273538194350135
121.1,24.8,160.3747,SSP3-7.0,2081-2100,25.40470000000002,144.38139999999999,-39.77859999999987,2.2849000000000004,9.520400000000002,-0.3963000000000001,87.53259999999999,144.4457375,-39.00905000000006,2.2482125,8.591437499999998,-0.06434999999999991,87.5633,0.30892243485498844,1.3367339747199263
121.1,24.85,141.9203,SSP3-7.0,2081-2100,29.025499999999994,142.2148,-22.159700000000157,2.4741999999999997,8.688899999999997,0.027800000000000047,85.87610000000001,143.1698,-31.493637499999977,2.3016875,9.499075,-0.034962499999999785,86.9054125,0.30892243485498844,1.3999297550897176
121.1,24.9,133.3081,SSP3-7.0,2081-2100,25.750699999999995,141.58159999999998,34.631200000000035,2.7702000000000027,9.162999999999997,0.2389000000000001,86.1565,141.7538,-17.452274999999986,2.364924999999999,9.422224999999997,-0.09514999999999973,86.44183749999999,0.30892243485498844,1.4631255354595045
121.1,24.95,141.1648,SSP3-7.0,2081-2100,24.4443,141.6071,8.294399999999996,2.610199999999999,8.370399999999997,0.15739999999999998,87.5457,141.377025,16.363612500000045,2.5653499999999996,8.781949999999998,-0.19583749999999966,86.240475,0.30892243485498844,1.526321315829296
121.1,25.0,145.5255,SSP3-7.0,2081-2100,24.2851,141.351,43.62900000000013,2.7356000000000016,6.729600000000005,-0.8684999999999992,86.6913,141.492025,30.222425000000015,2.7322249999999997,8.555575,-0.22014999999999973,86.4135875,0.30892243485498844,1.5895170961990874
121.1,25.05,141.6811,SSP3-7.0,2081-2100,25.70490000000001,141.37300000000002,56.94679999999994,3.056000000000001,8.3778,-0.4888999999999992,86.6087,141.375325,34.144637500000044,2.7485124999999995,7.9933000000000005,-0.2884249999999998,86.19675000000001,0.30892243485498844,1.652712876568879
121.15,22.75,204.2117,SSP3-7.0,2081-2100,10.87469999999999,172.2672,148.47799999999984,4.026900000000001,15.131500000000003,2.698100000000001,94.3391,164.3795125,124.55096249999997,4.179437500000001,14.947675,2.3101875000000005,88.9239,0.41461627493623976,-1.2542930204414864
121.15,22.8,211.0309,SSP3-7.0,2081-2100,11.200400000000002,164.2374,143.67869999999994,4.1783,12.5259,2.2093,89.8478,162.504825,131.69167499999995,4.1388,14.980550000000001,2.4303125000000003,88.19810000000001,0.41461627493623976,-1.191097240071695
121.15,22.85,229.0423,SSP3-7.0,2081-2100,7.840099999999978,158.0931,115.74339999999984,4.4147,15.4833,2.0611000000000006,86.17830000000001,160.46200000000002,133.16993749999997,4.170225,14.566675000000002,2.4206,86.252175,0.41461627493623976,-1.1279014597019037
121.15,22.9,228.9635,SSP3-7.0,2081-2100,14.316999999999979,156.6878,136.0691999999999,3.6479999999999997,16.5593,2.4648000000000003,83.3544,157.656,149.621075,4.1905125000000005,14.2574125,2.463425,83.1679375,0.41461627493623976,-1.0647056793321166
121.15,22.95,213.8064,SSP3-7.0,2081-2100,34.51080000000002,154.52069999999998,201.98080000000004,3.5821000000000005,12.514799999999994,2.8944,79.6587,157.6971625,175.2550625,4.261225,13.302800000000001,2.4963124999999997,82.255975,0.41461627493623976,-1.0015098989623252
121.15,23.0,216.1364,SSP3-7.0,2081-2100,29.240700000000004,153.8379,216.76060000000007,4.1175,10.251900000000006,2.3240999999999996,79.04780000000001,154.86676250000002,189.32085000000004,4.1178875,11.707649999999997,2.6395999999999997,80.512225,0.41461627493623976,-0.9383141185925338
121.15,23.05,219.7358,SSP3-7.0,2081-2100,21.4683,164.68800000000002,172.68280000000004,3.4681999999999995,11.338899999999995,2.8519000000000005,85.8413,153.9452,179.66880000000003,4.0856625,11.033100000000001,2.6347375,80.73995000000001,0.41461627493623976,-0.8751183382227424
121.15,23.1,237.045,SSP3-7.0,2081-2100,16.72150000000002,164.05169999999998,153.04610000000002,3.8308999999999997,11.1796,2.9593,87.5413,155.7546375,164.25218750000005,3.7733250000000003,11.4551,2.74515,82.1742,0.41461627493623976,-0.811922557852951
121.15,23.15,249.418,SSP3-7.0,2081-2100,10.237799999999993,161.7273,158.1253999999999,4.0931,14.990700000000004,2.8130000000000006,86.28699999999999,154.0745,151.21538750000002,3.7569375000000003,11.8601875,2.6400625,81.585325,0.41461627493623976,-0.748726777483164
121.15,23.2,231.0542,SSP3-7.0,2081-2100,11.209699999999998,136.23219999999998,143.4604999999999,3.9869999999999983,13.209299999999999,2.2815000000000003,69.8674,152.9590875,146.45501250000004,3.9545374999999994,13.1833375,2.5787125000000004,82.442925,0.41461627493623976,-0.6855309971133726
121.15,23.25,215.7752,SSP3-7.0,2081-2100,15.742999999999995,141.8051,143.70810000000006,4.218599999999999,16.686999999999998,2.2184999999999997,77.9848,148.5518375,148.75194999999997,4.1030875,13.152325,2.5657500000000004,80.8230875,0.41461627493623976,-0.6223352167435812
121.15,23.3,208.7432,SSP3-7.0,2081-2100,27.14529999999999,153.084,168.63959999999997,4.517800000000001,13.531499999999998,2.4814999999999996,84.4,154.7304625,174.56302499999998,4.0840499999999995,12.5444375,2.7115625000000003,86.5568,0.41461627493623976,-0.5591394363737897
121.15,23.35,210.3023,SSP3-7.0,2081-2100,34.108000000000004,166.3225,219.55219999999986,4.282299999999999,12.753699999999998,2.7796000000000003,93.6326,160.996175,192.89059999999998,3.8333750000000006,11.029625000000001,2.7250000000000005,90.72120000000001,0.41461627493623976,-0.4959436560039983
121.15,23.4,202.4417,SSP3-7.0,2081-2100,31.0976,171.3241,194.3434000000002,3.5170999999999992,11.8278,2.9981,97.1065,157.8723875,201.606025,3.4655375,9.42175,2.5138875,88.6043375,0.41461627493623976,-0.43274787563421135
121.15,23.45,199.0466,SSP3-7.0,2081-2100,32.21709999999999,142.1318,174.92270000000008,2.970600000000001,7.135200000000005,2.261099999999999,79.05,151.5497,182.53342499999997,3.13,9.1513875,2.3710750000000003,84.65541250000001,0.41461627493623976,-0.3695520952644199
121.15,23.5,195.4459,SSP3-7.0,2081-2100,33.6095,128.44330000000002,155.4468999999999,2.894099999999998,7.963000000000001,1.8315000000000001,70.3065,142.336275,163.20329999999998,2.8695375,8.35185,2.0733875,78.613575,0.41461627493623976,-0.3063563148946285
121.15,23.55,189.8661,SSP3-7.0,2081-2100,36.4383,129.5241,139.58740000000012,2.7666000000000004,8.738900000000001,1.8148,70.1196,134.2855375,143.75006249999996,2.8073499999999996,8.423837500000001,1.9270999999999998,74.0611375,0.41461627493623976,-0.24316053452483705
121.15,23.6,186.0783,SSP3-7.0,2081-2100,35.986699999999985,121.06479999999999,120.11789999999996,2.7944999999999993,9.614799999999995,1.8963,66.8109,137.4119,127.93138750000003,2.8051000000000004,8.627312500000002,1.7412,76.1823375,0.41461627493623976,-0.17996475415504562
121.15,23.65,185.8847,SSP3-7.0,2081-2100,33.2405,145.9921,112.38280000000009,2.8358999999999988,8.992600000000003,1.868500000000001,81.1413,138.58772499999998,121.98954999999998,2.822825,8.30255,1.922,78.8225625,0.41461627493623976,-0.11676897378525869
121.15,23.7,194.7473,SSP3-7.0,2081-2100,30.638599999999997,157.8123,130.8409999999999,2.783999999999999,7.838900000000002,2.3185000000000002,94.9065,142.667325,106.79218749999998,2.7364750000000004,7.697225,1.8886625000000004,80.9619625,0.41461627493623976,-0.053573193415467256
121.15,23.75,198.8984,SSP3-7.0,2081-2100,17.534599999999983,137.29149999999998,106.64840000000004,2.5832000000000015,5.972200000000001,2.161100000000001,78.0217,141.7904125,83.72499999999997,2.596025,7.875474999999999,1.810425,80.5106,0.41461627493623976,0.009622586954324176
121.15,23.8,191.5716,SSP3-7.0,2081-2100,13.67840000000001,140.3064,52.12030000000004,2.426400000000001,9.105599999999995,1.4296000000000006,79.0804,127.0378625,55.08188749999994,2.5095,8.692124999999999,1.4599625,68.31711250000001,0.41461627493623976,0.0728183673241156
121.15,23.85,194.29,SSP3-7.0,2081-2100,17.546099999999996,100.5136,36.76159999999982,2.4964000000000013,10.959299999999999,0.8593000000000011,46.5304,131.4379625,37.58897499999995,2.5825749999999994,10.098849999999999,1.0127374999999998,70.082325,0.41461627493623976,0.13601414769390704
121.15,23.9,210.7855,SSP3-7.0,2081-2100,27.105199999999996,122.4231,37.079299999999876,2.7662999999999975,10.794400000000003,0.6684999999999999,61.437000000000005,133.628075,40.282487499999945,2.854925,10.771075,0.5201624999999999,71.03177500000001,0.41461627493623976,0.19920992806369398
121.15,23.95,221.0313,SSP3-7.0,2081-2100,42.83390000000003,148.77839999999998,47.38720000000012,3.2939000000000007,11.2852,-0.022200000000001552,81.99560000000001,141.2737875,53.82863750000001,3.1214000000000004,10.457875000000001,0.21088750000000012,76.1467375,0.41461627493623976,0.26240570843348543
121.15,24.0,208.2416,SSP3-7.0,2081-2100,47.590299999999985,145.67329999999998,71.02590000000009,3.2382000000000026,8.242600000000003,-0.6593,79.0674,143.85385,55.41863749999999,3.3839250000000005,10.6277875,0.24167500000000008,77.5888625,0.41461627493623976,0.32560148880327683
121.15,24.05,227.0086,SSP3-7.0,2081-2100,50.849199999999996,141.6541,40.783500000000004,3.3122000000000007,10.105600000000003,0.48329999999999984,74.3587,141.7689375,47.87119999999993,3.4342875,10.350475,0.13495000000000035,74.8019125,0.41461627493623976,0.3887972691730683
121.15,24.1,226.4273,SSP3-7.0,2081-2100,53.59559999999999,140.64960000000002,23.815900000000056,3.4217999999999975,10.688900000000004,0.19810000000000016,72.42830000000001,139.3680375,37.64053749999982,3.4827625,10.498399999999998,0.28147500000000036,71.9062625,0.41461627493623976,0.4519930495428597
121.15,24.15,233.0759,SSP3-7.0,2081-2100,58.00080000000003,138.8064,37.1266999999998,3.5400000000000027,11.6537,0.06109999999999971,69.887,134.425,41.400212499999895,3.4647999999999994,9.969925,0.26295,68.335325,0.41461627493623976,0.5151888299126467
121.15,24.2,239.0644,SSP3-7.0,2081-2100,60.4632,128.5848,59.321300000000065,3.4265000000000008,9.3093,0.1277999999999988,64.513,134.022175,55.78286249999985,3.3841875000000003,9.931725,0.3222125,67.49918749999999,0.41461627493623976,0.578384610282438
121.15,24.25,228.7634,SSP3-7.0,2081-2100,56.27940000000001,136.0745,77.07259999999997,3.3718000000000004,9.6556,0.30189999999999984,68.6174,129.7771125,45.78784999999988,3.1944875000000006,9.056725,0.20808749999999976,65.438025,0.41461627493623976,0.6415803906522295
121.15,24.3,218.3997,SSP3-7.0,2081-2100,50.0711,128.42669999999998,27.448499999999967,3.1792000000000016,8.866700000000002,-0.20560000000000045,64.1674,121.3795125,23.094124999999906,3.072225000000001,8.509262500000002,0.11644999999999994,60.72635,0.41461627493623976,0.704776171022021
121.15,24.35,226.7928,SSP3-7.0,2081-2100,39.97109999999998,93.934,-10.777299999999741,3.1354000000000006,7.925900000000006,-0.4259000000000004,44.0761,121.4602,2.1724250000000325,2.999762500000001,8.051850000000002,0.39861250000000026,61.047825,0.41461627493623976,0.7679719513918124
121.15,24.4,243.9756,SSP3-7.0,2081-2100,30.25460000000004,131.4692,-2.796599999999671,2.962100000000003,7.8796000000000035,0.5963000000000012,67.0022,117.55181250000001,1.4657250000000204,3.03425,7.763412500000002,0.686825,58.5394125,0.41461627493623976,0.8311677317615993
121.15,24.45,280.6583,SSP3-7.0,2081-2100,33.319500000000005,127.50670000000001,22.6886999999997,3.1420999999999992,9.281500000000001,1.2111,64.1065,125.7992625,6.314062500000091,3.1386125,8.323600000000003,1.0967625000000003,63.719300000000004,0.41461627493623976,0.8943635121313908
121.15,24.5,332.4719,SSP3-7.0,2081-2100,39.04950000000002,123.59679999999999,25.26339999999982,3.496699999999997,9.122200000000003,1.1333000000000002,64.4217,129.4471125,-6.358487500000081,3.0419125,9.3736125,1.2877375,66.5807125,0.41461627493623976,0.9575592925011822
121.15,24.55,331.7236,SSP3-7.0,2081-2100,32.83800000000002,135.1765,-42.59400000000005,2.7574000000000005,10.8204,1.4666999999999994,71.7174,130.77364999999998,-20.83865000000003,2.8316999999999997,10.587487500000002,1.5256875,69.0932,0.41461627493623976,1.0207550728709736
121.15,24.6,323.2732,SSP3-7.0,2081-2100,22.502300000000048,142.8944,-59.46070000000009,2.077300000000001,12.229599999999998,1.9111000000000011,77.5065,136.68669999999997,-36.23010000000008,2.53415,10.187725000000002,1.63565,75.044025,0.41461627493623976,1.0839508532407651
121.15,24.65,257.0223,SSP3-7.0,2081-2100,28.00460000000004,143.4613,-51.16090000000031,2.428799999999999,9.4981,1.5648,81.6696,140.9203875,-35.19828750000002,2.3470000000000004,9.4881875,1.4101875,80.61493750000001,0.41461627493623976,1.147146633610552
121.15,24.7,207.5158,SSP3-7.0,2081-2100,18.66239999999999,145.3927,-35.920700000000124,2.3077000000000005,8.135199999999998,0.5073999999999987,87.6565,143.3657625,-29.567675000000094,2.3738250000000005,8.8148125,1.0375125,84.5790625,0.41461627493623976,1.2103424139803434
121.15,24.75,181.2701,SSP3-7.0,2081-2100,25.904599999999988,141.06009999999998,-30.118600000000015,2.2737000000000016,10.6648,0.26670000000000016,85.1956,143.399175,-41.091000000000065,2.2357375000000004,9.1013875,0.5638999999999996,86.5766125,0.41461627493623976,1.273538194350135
121.15,24.8,173.8362,SSP3-7.0,2081-2100,24.202600000000018,140.2955,-108.51110000000017,1.960799999999999,11.514799999999997,0.6185000000000009,84.8304,141.14192500000001,-47.13232500000004,2.1453750000000005,9.871525,0.4101999999999998,85.5353125,0.41461627493623976,1.3367339747199263
121.15,24.85,173.5678,SSP3-7.0,2081-2100,21.6319,137.6678,-109.38300000000004,2.062100000000001,11.433300000000003,0.46110000000000007,83.86739999999999,139.1905875,-41.47652500000001,2.1495624999999996,10.02825,0.24258749999999996,84.490475,0.41461627493623976,1.3999297550897176
121.15,24.9,151.5627,SSP3-7.0,2081-2100,20.43889999999999,136.93200000000002,-22.457400000000007,2.2620999999999967,9.963000000000001,-0.36299999999999955,83.64779999999999,138.0354375,-35.48442499999999,2.296875,9.476624999999999,0.07383750000000011,83.9782625,0.41461627493623976,1.4631255354595045
121.15,24.95,146.9294,SSP3-7.0,2081-2100,16.07850000000002,139.627,-34.80769999999984,2.4372000000000007,8.892599999999995,-0.670399999999999,85.413,138.5987125,-0.4254374999999584,2.5339375,8.330562500000001,-0.2208374999999999,84.55189999999999,0.41461627493623976,1.526321315829296
121.15,25.0,148.0878,SSP3-7.0,2081-2100,26.251100000000008,141.8913,28.630300000000034,2.7713,6.616700000000002,-0.029600000000000293,86.6935,139.8750625,13.528362500000043,2.689125,7.986575000000001,-0.3969999999999997,85.282875,0.41461627493623976,1.5895170961990874
121.15,25.05,138.5894,SSP3-7.0,2081-2100,32.2937,141.0567,78.05210000000011,2.988299999999999,6.959300000000006,-0.15930000000000089,85.6217,140.43557500000003,25.096925000000027,2.6986625,7.7888875,-0.3363499999999998,85.5263625,0.41461627493623976,1.652712876568879
121.15,25.1,133.6598,SSP3-7.0,2081-2100,24.210700000000003,139.9269,30.13070000000016,2.6427999999999976,7.992599999999996,-0.4278000000000004,85.6609,140.21347500000002,27.663825000000003,2.7135125,7.8868125000000004,-0.23588749999999992,84.9695625,0.41461627493623976,1.7159086569386703
121.2,22.8,206.7171,SSP3-7.0,2081-2100,9.273500000000013,171.2562,119.72949999999992,4.392600000000002,15.951900000000002,2.3907,93.7696,164.36665,129.58319999999995,4.0786125,14.071525000000001,2.3856500000000005,88.6529875,0.520310115017461,-1.191097240071695
121.2,22.85,221.465,SSP3-7.0,2081-2100,2.949399999999997,165.4905,97.67409999999995,4.131399999999999,13.714800000000004,2.2056000000000004,90.7304,160.9666125,134.22128749999996,4.172775,14.397,2.3585624999999997,85.9190375,0.520310115017461,-1.1279014597019037
121.2,22.9,210.415,SSP3-7.0,2081-2100,13.665600000000012,164.4566,140.78430000000003,3.9118999999999993,11.713000000000001,2.5,84.5848,161.46335,136.04532499999996,4.1348125,15.006487499999999,2.402775,85.767125,0.520310115017461,-1.0647056793321166
121.2,22.95,200.492,SSP3-7.0,2081-2100,35.415700000000015,153.99880000000002,195.9462000000001,4.2166,13.005599999999994,2.459299999999999,78.01299999999999,159.4899,157.99367500000002,4.2948375,13.129637500000001,2.4708375,82.85735,0.520310115017461,-1.0015098989623252
121.2,23.0,206.371,SSP3-7.0,2081-2100,30.268599999999992,158.199,191.34120000000007,4.957599999999999,7.6907,2.2203999999999997,81.0522,157.2104625,177.44255000000007,4.328312499999999,11.879874999999998,2.6138999999999997,80.84591250000001,0.520310115017461,-0.9383141185925338
121.2,23.05,215.9436,SSP3-7.0,2081-2100,21.80959999999999,152.4081,186.4407000000001,4.178799999999999,8.355599999999995,2.6296,77.15,158.50504999999998,167.25718750000004,4.317,11.110412499999999,2.6965500000000002,82.0,0.520310115017461,-0.8751183382227424
121.2,23.1,235.1445,SSP3-7.0,2081-2100,10.771500000000003,149.6176,154.28019999999992,3.806000000000001,13.8444,2.9000000000000004,75.087,158.7590625,158.20742500000003,3.9419249999999995,10.858562499999998,2.816225,82.3777125,0.520310115017461,-0.811922557852951
121.2,23.15,236.1311,SSP3-7.0,2081-2100,8.623400000000004,156.0751,161.83920000000012,3.1723,8.113,2.8741000000000003,80.7174,152.9208125,144.23298749999998,3.9113749999999996,12.9254625,2.6907625,78.9260875,0.520310115017461,-0.748726777483164
121.2,23.2,238.2312,SSP3-7.0,2081-2100,8.79910000000001,152.45000000000002,140.4212,3.7730999999999995,13.312999999999995,2.2056000000000004,80.54560000000001,150.51355,143.51962500000005,4.0482,12.656712500000001,2.6433,78.42011249999999,0.520310115017461,-0.6855309971133726
121.2,23.25,247.1971,SSP3-7.0,2081-2100,12.482799999999969,148.5545,135.4295000000002,4.307499999999997,11.781500000000001,2.6759000000000004,80.363,151.6767,159.2813875,4.172225,12.971775,2.5641375,80.6198375,0.520310115017461,-0.6223352167435812
121.2,23.3,235.7734,SSP3-7.0,2081-2100,29.07759999999999,157.98739999999998,191.89469999999983,4.1906,11.338900000000002,2.6556000000000006,89.8587,158.447875,201.0128875,4.234275,12.208337499999999,2.7701374999999997,86.587775,0.520310115017461,-0.5591394363737897
121.2,23.35,238.803,SSP3-7.0,2081-2100,46.38209999999998,166.27460000000002,285.6265000000001,3.8354,9.264800000000001,2.8758999999999997,94.2283,163.3877,232.79764999999998,4.004887500000001,10.972462499999999,2.743525,90.5459125,0.520310115017461,-0.4959436560039983
121.2,23.4,231.2304,SSP3-7.0,2081-2100,44.916799999999995,166.5518,272.6722,3.5767000000000007,7.675899999999999,2.157400000000001,92.3717,160.48578750000001,249.6078625,3.6804875,9.509500000000001,2.7972124999999997,89.57445,0.520310115017461,-0.43274787563421135
121.2,23.45,227.5312,SSP3-7.0,2081-2100,44.483900000000006,137.7881,240.79790000000003,3.3431999999999995,8.2167,2.5463000000000005,75.9456,158.087075,234.85805000000002,3.3470500000000003,8.3569375,2.6682875,87.91955,0.520310115017461,-0.3695520952644199
121.2,23.5,225.2992,SSP3-7.0,2081-2100,45.629099999999966,157.89090000000002,219.06679999999983,3.1233000000000004,8.7481,2.9055999999999997,86.8456,148.7613625,219.86724999999998,3.1457875,7.671300000000001,2.5041624999999996,82.3464625,0.520310115017461,-0.3063563148946285
121.2,23.55,220.2388,SSP3-7.0,2081-2100,45.4127,155.536,197.10449999999992,3.0321,8.237000000000002,1.4036999999999988,84.8391,141.29435,202.23824999999997,3.0723374999999997,8.17985,2.4685249999999996,77.9888625,0.520310115017461,-0.24316053452483705
121.2,23.6,206.7954,SSP3-7.0,2081-2100,48.52279999999999,125.28599999999999,174.52610000000004,3.103399999999999,7.846299999999999,2.0073999999999987,67.9087,143.7192875,184.52432499999998,3.0678874999999994,8.426612500000001,2.0703625,79.3106,0.520310115017461,-0.17996475415504562
121.2,23.65,192.5687,SSP3-7.0,2081-2100,51.9307,153.9648,164.837,3.0824,7.931500000000003,1.5500000000000007,86.11519999999999,138.06484999999998,169.2255875,3.0672249999999996,7.753937500000001,2.081475,77.7225625,0.520310115017461,-0.11676897378525869
121.2,23.7,197.9342,SSP3-7.0,2081-2100,50.913700000000006,140.43970000000002,180.4296999999999,3.0604000000000013,5.770400000000002,2.459299999999999,80.887,138.45671249999998,133.71008750000001,2.8822375,6.720612500000001,2.0495250000000005,78.08042499999999,0.520310115017461,-0.053573193415467256
121.2,23.75,198.2544,SSP3-7.0,2081-2100,20.497199999999992,114.7895,94.94349999999986,2.700800000000001,5.285199999999996,2.4130000000000003,62.5283,133.213825,105.1330375,2.7182125,6.5213125000000005,1.91365,74.576075,0.520310115017461,0.009622586954324176
121.2,23.8,189.9227,SSP3-7.0,2081-2100,17.137500000000017,103.9915,55.98910000000001,2.553699999999999,7.1462999999999965,1.5999999999999996,52.5087,121.3129,68.26622499999996,2.6068875,7.904649999999998,1.7257000000000002,63.783150000000006,0.520310115017461,0.0728183673241156
121.2,23.85,191.8552,SSP3-7.0,2081-2100,19.74000000000001,103.5761,51.16159999999991,2.6210999999999984,10.285199999999996,1.6869999999999994,48.687000000000005,121.0806625,57.74326249999993,2.7243374999999994,9.583812499999999,1.1919125,62.162499999999994,0.520310115017461,0.13601414769390704
121.2,23.9,205.9578,SSP3-7.0,2081-2100,25.6181,130.63060000000002,56.25909999999976,2.744299999999999,10.651899999999998,0.7241,68.1717,123.9184875,68.51637499999995,2.9936999999999996,10.347,0.7650624999999998,63.1375125,0.520310115017461,0.19920992806369398
121.2,23.95,219.311,SSP3-7.0,2081-2100,41.4263,143.0762,77.0906,3.1934000000000005,9.446299999999997,0.10930000000000106,77.1022,132.23138749999998,99.20890000000003,3.3769625000000003,9.860187500000002,0.13611249999999964,68.79565000000001,0.520310115017461,0.26240570843348543
121.2,24.0,211.048,SSP3-7.0,2081-2100,58.48320000000001,130.3107,114.55120000000034,3.823900000000002,11.022199999999998,-0.6926000000000005,65.8043,137.2206875,120.09617500000002,3.6937,8.8090375,0.03356250000000016,71.9581625,0.520310115017461,0.32560148880327683
121.2,24.05,239.5331,SSP3-7.0,2081-2100,56.06650000000002,136.8453,58.54959999999983,3.6388999999999996,9.672199999999997,0.5315000000000012,71.2457,134.04272500000002,124.53330000000005,3.8425874999999996,8.47455,-0.11182500000000006,68.6228375,0.520310115017461,0.3887972691730683
121.2,24.1,223.0383,SSP3-7.0,2081-2100,50.66930000000002,133.1249,-5.770800000000236,3.134999999999998,8.874099999999999,0.12410000000000032,67.0739,133.225,107.37684999999993,3.8215249999999994,8.4884375,0.20877499999999993,67.50083749999999,0.520310115017461,0.4519930495428597
121.2,24.15,218.2223,SSP3-7.0,2081-2100,50.859700000000004,136.4405,16.815999999999804,3.4293999999999976,8.862999999999996,0.3481000000000005,68.29780000000001,130.51692500000001,68.24028749999997,3.4355499999999997,8.3439875,0.06712499999999944,65.4149625,0.520310115017461,0.5151888299126467
121.2,24.2,229.8587,SSP3-7.0,2081-2100,47.11989999999997,132.486,20.371900000000096,2.9679,8.4833,-0.13150000000000084,66.5435,129.9781375,44.61342499999989,2.99385,8.309975000000001,0.11064999999999947,64.92935,0.520310115017461,0.578384610282438
121.2,24.25,214.5532,SSP3-7.0,2081-2100,33.23349999999999,132.02710000000002,-9.895000000000437,2.0744000000000007,8.231500000000004,-0.38700000000000045,67.14999999999999,128.841825,27.38307500000002,2.6675,8.155575,0.07429999999999937,64.30488749999999,0.520310115017461,0.6415803906522295
121.2,24.3,210.2561,SSP3-7.0,2081-2100,31.6053,123.487,18.23070000000007,2.3626000000000005,8.555599999999998,0.09440000000000026,62.062999999999995,121.292775,15.979149999999947,2.5012375000000002,8.218762500000002,0.13381249999999945,59.990762499999995,0.520310115017461,0.704776171022021
121.2,24.35,213.7987,SSP3-7.0,2081-2100,29.7551,98.3135,14.634000000000015,2.6282999999999994,9.227800000000002,0.1593,47.1174,115.5859125,15.756275000000073,2.6016125000000008,8.144212500000002,0.518975,56.95298749999999,0.520310115017461,0.7679719513918124
121.2,24.4,230.6327,SSP3-7.0,2081-2100,22.11869999999999,110.3409,24.875500000000102,2.6298999999999992,8.546300000000002,1.3833000000000002,55.089099999999995,110.199475,17.875225,2.771962500000001,8.437262500000003,0.7713125000000001,53.8549,0.520310115017461,0.8311677317615993
121.2,24.45,269.3947,SSP3-7.0,2081-2100,25.734699999999975,124.4933,41.22530000000006,2.9121000000000024,8.218500000000006,1.1593,61.736999999999995,115.18213750000001,23.690262500000017,2.945475,8.3618,1.1379625000000002,57.1230875,0.520310115017461,0.8943635121313908
121.2,24.5,324.1016,SSP3-7.0,2081-2100,34.851399999999956,124.39410000000001,37.07330000000002,3.186899999999998,7.75,1.4703999999999997,61.2304,121.629325,17.06839999999994,2.9431875,8.905325000000001,1.38705,61.7964625,0.520310115017461,0.9575592925011822
121.2,24.55,335.3871,SSP3-7.0,2081-2100,27.05970000000002,120.1559,-10.316200000000208,2.799199999999999,9.768500000000003,1.7926000000000002,62.730399999999996,127.36576249999999,1.066250000000025,2.7517624999999994,9.516425,1.6458499999999998,65.99510000000001,0.520310115017461,1.0207550728709736
121.2,24.6,331.4024,SSP3-7.0,2081-2100,16.017499999999984,119.1692,-53.73829999999998,2.2909000000000006,11.540700000000001,1.6852,63.2,132.77625,-27.64521250000007,2.4918375,9.9625,1.8189875,70.88696250000001,0.520310115017461,1.0839508532407651
121.2,24.65,302.8522,SSP3-7.0,2081-2100,22.93670000000003,138.2572,-73.83789999999999,2.2883999999999993,9.163000000000004,1.7926000000000002,75.1261,136.3380125,-37.16018750000006,2.3978125,10.214574999999998,1.6231499999999999,75.8481,0.520310115017461,1.147146633610552
121.2,24.7,276.8722,SSP3-7.0,2081-2100,21.9255,143.3423,-57.534400000000005,2.4589,9.588899999999995,1.6610999999999994,84.4739,139.90255,-29.937687500000067,2.4437875000000004,9.9243125,1.347,80.4364125,0.520310115017461,1.2103424139803434
121.2,24.75,236.2187,SSP3-7.0,2081-2100,31.185699999999997,142.7765,-20.963200000000143,2.3732000000000006,8.218499999999999,1.6129999999999995,85.93910000000001,140.8438875,-32.599187500000056,2.3197625,10.315512499999997,1.0775625,83.634225,0.520310115017461,1.273538194350135
121.2,24.8,178.2848,SSP3-7.0,2081-2100,23.95150000000001,139.8093,-54.35500000000002,1.7408000000000001,11.129600000000003,0.7055999999999987,84.7739,138.600275,-38.114962500000075,2.1742875,10.4803125,1.0159875000000003,83.3937375,0.520310115017461,1.3367339747199263
121.2,24.85,172.0038,SSP3-7.0,2081-2100,18.429699999999997,135.83360000000002,-82.3768,1.6630000000000003,11.0074,1.0259,82.39999999999999,135.9523375,-40.80183750000006,2.097012499999999,10.3793875,0.5277875000000003,82.44563749999999,0.520310115017461,1.3999297550897176
121.2,24.9,157.3468,SSP3-7.0,2081-2100,17.63929999999999,132.4765,-36.80479999999989,2.040499999999998,9.238900000000001,0.08329999999999949,80.7065,134.43551250000002,-41.095699999999994,2.1888875,10.320362500000002,0.07315000000000049,81.754875,0.520310115017461,1.4631255354595045
121.2,24.95,144.8226,SSP3-7.0,2081-2100,17.369799999999998,133.2751,-41.269000000000005,2.3175999999999988,9.018500000000003,-0.7332999999999998,79.8609,135.6243875,-16.26898749999995,2.4331625,9.299775,-0.16158749999999966,82.701875,0.520310115017461,1.526321315829296
121.2,25.0,141.6057,SSP3-7.0,2081-2100,21.496999999999986,139.6751,-18.057199999999966,2.764000000000003,7.544400000000003,-0.2519,85.113,137.4064375,4.080387500000029,2.5519374999999997,8.640287500000001,-0.26806249999999976,83.2942875,0.520310115017461,1.5895170961990874
121.2,25.05,139.4125,SSP3-7.0,2081-2100,26.025300000000016,141.0355,15.438499999999976,2.604099999999999,8.0,-0.16109999999999935,85.40870000000001,139.1519375,22.868637500000034,2.6487125,8.128712499999999,-0.19191250000000015,84.316575,0.520310115017461,1.652712876568879
121.2,25.1,131.6031,SSP3-7.0,2081-2100,25.286399999999986,140.1577,18.06230000000005,2.5580999999999996,8.881499999999996,-0.2889000000000008,85.2565,138.7370875,25.07328750000002,2.6110124999999997,7.9011625,-0.11528749999999988,83.292125,0.520310115017461,1.7159086569386703
121.25,22.9,216.8963,SSP3-7.0,2081-2100,5.8629999999999995,171.2613,85.58690000000001,4.206499999999998,15.211100000000002,2.2889,91.9174,160.6163,132.76285,4.302375,14.9956125,2.4034874999999998,84.4907625,0.6260039550986825,-1.0647056793321166
121.25,22.95,205.0974,SSP3-7.0,2081-2100,18.05880000000002,160.39839999999998,135.63249999999994,4.486599999999999,17.6111,2.4574,82.5152,161.42703749999998,146.84097500000004,4.3739875,13.6395875,2.5273250000000003,83.841575,0.6260039550986825,-1.0015098989623252
121.25,23.0,198.2906,SSP3-7.0,2081-2100,27.880200000000002,156.5575,155.79390000000012,5.448499999999999,13.485199999999999,2.6167,80.7283,159.49101249999998,149.71772500000003,4.629625,12.930099999999998,2.5530124999999995,82.163025,0.6260039550986825,-0.9383141185925338
121.25,23.05,204.9055,SSP3-7.0,2081-2100,25.11700000000002,161.27429999999998,154.30290000000014,5.1282,8.475899999999996,2.6777999999999995,83.813,157.174325,150.6357125,4.5367375,12.687499999999998,2.7043875,80.50761250000001,0.6260039550986825,-0.8751183382227424
121.25,23.1,235.0819,SSP3-7.0,2081-2100,9.620800000000003,159.8144,139.84979999999996,3.7790999999999997,12.616700000000002,3.0222000000000007,82.8891,154.50809999999998,145.43697500000005,4.2323,11.618749999999999,2.749075,78.5282625,0.6260039550986825,-0.811922557852951
121.25,23.15,250.155,SSP3-7.0,2081-2100,9.034200000000027,150.0336,139.37249999999995,3.8847999999999985,11.798099999999998,2.7018999999999993,74.78259999999999,154.3855875,129.88137500000005,3.8557,12.5409875,2.7379625,78.9285375,0.6260039550986825,-0.748726777483164
121.25,23.2,265.027,SSP3-7.0,2081-2100,8.45410000000004,149.43970000000002,125.30820000000017,4.1370000000000005,12.451900000000002,2.6426,74.40870000000001,153.3147625,131.30950000000004,4.013924999999999,11.614587499999999,2.7602,78.752175,0.6260039550986825,-0.6855309971133726
121.25,23.25,255.8634,SSP3-7.0,2081-2100,17.860799999999983,160.2409,140.9136000000001,4.5853,12.2222,2.9389000000000003,82.95,154.1413,157.7928,4.118625,11.315750000000001,2.7673750000000004,80.23613750000001,0.6260039550986825,-0.6223352167435812
121.25,23.3,241.7888,SSP3-7.0,2081-2100,36.47200000000001,162.17430000000002,219.90519999999992,3.9684000000000026,11.020399999999999,3.0889000000000006,84.9435,158.18936250000002,202.1853375,4.262287499999999,10.828925000000002,2.8882125,84.0279875,0.6260039550986825,-0.5591394363737897
121.25,23.35,238.2871,SSP3-7.0,2081-2100,52.82279999999997,169.1271,294.3283999999999,4.158899999999999,10.4056,3.1018999999999988,94.19999999999999,160.94889999999998,236.7426125,3.9606125000000008,10.236324999999999,2.7402875000000004,85.8320625,0.6260039550986825,-0.4959436560039983
121.25,23.4,249.908,SSP3-7.0,2081-2100,50.4401,160.5304,301.0455000000002,3.827300000000001,9.2259,2.6852,87.8543,162.1298125,246.783775,3.7271374999999995,9.743974999999999,2.84445,87.6391375,0.6260039550986825,-0.43274787563421135
121.25,23.45,255.8864,SSP3-7.0,2081-2100,53.29009999999997,170.38770000000002,286.2462999999998,3.5090999999999983,7.2463000000000015,3.1296,94.5783,160.4711125,240.34833750000004,3.4188625000000004,8.762475,2.8731625000000003,87.336125,0.6260039550986825,-0.3695520952644199
121.25,23.5,265.0738,SSP3-7.0,2081-2100,53.865200000000016,167.4366,275.1206000000002,3.358200000000002,7.0333000000000006,3.3778000000000006,95.2435,158.8669625,240.224575,3.2350000000000003,7.6814625,2.9768625,87.48585,0.6260039550986825,-0.3063563148946285
121.25,23.55,268.8578,SSP3-7.0,2081-2100,58.4982,158.8433,289.71169999999984,3.2924000000000007,6.800000000000001,3.6685,88.6891,153.5897125,235.96793750000003,3.1712249999999997,7.177975,2.6150624999999996,85.532325,0.6260039550986825,-0.24316053452483705
121.25,23.6,227.2408,SSP3-7.0,2081-2100,63.32390000000001,141.86579999999998,244.32859999999982,3.246199999999998,8.694399999999998,2.2462999999999997,77.987,149.0850375,228.70083750000003,3.2562125,7.336787500000002,2.3439875,83.5013375,0.6260039550986825,-0.17996475415504562
121.25,23.65,198.6305,SSP3-7.0,2081-2100,60.52099999999999,142.9634,208.12470000000008,3.4930000000000003,8.4037,2.1148000000000007,78.78259999999999,140.6298,208.909925,3.264225,7.0129625,2.0,79.2092375,0.6260039550986825,-0.11676897378525869
121.25,23.7,192.2125,SSP3-7.0,2081-2100,47.430800000000005,129.0947,183.0539000000001,3.2204000000000015,4.870400000000004,1.7407000000000004,73.3565,137.12861250000003,158.11751249999998,3.1196375,6.544225000000001,2.0520875000000003,76.8782625,0.6260039550986825,-0.053573193415467256
121.25,23.75,196.7212,SSP3-7.0,2081-2100,19.90719999999999,125.7454,68.84940000000006,2.3581999999999983,4.470400000000005,2.2295999999999996,69.7913,129.918675,123.55866249999997,3.0294500000000006,6.522012499999999,1.85625,71.2519125,0.6260039550986825,0.009622586954324176
121.25,23.8,188.5517,SSP3-7.0,2081-2100,27.1396,131.0291,63.132499999999936,2.7593999999999994,6.996299999999998,1.3704,68.0565,119.82737500000002,84.2227125,2.8835249999999992,7.912524999999999,1.8726874999999998,62.91035,0.6260039550986825,0.0728183673241156
121.25,23.85,197.332,SSP3-7.0,2081-2100,26.231600000000014,117.2516,72.51250000000005,2.9095999999999975,10.162999999999997,1.6555999999999997,57.5696,121.58827500000001,84.65509999999995,3.02425,9.79215,1.4606499999999996,62.58425,0.6260039550986825,0.13601414769390704
121.25,23.9,202.9011,SSP3-7.0,2081-2100,28.77339999999998,122.49939999999998,88.09169999999995,3.1386000000000003,10.853700000000003,1.2277999999999984,63.9457,122.38372500000001,103.96224999999993,3.2257124999999993,10.1317375,1.0819625,62.1997375,0.6260039550986825,0.19920992806369398
121.25,23.95,198.7248,SSP3-7.0,2081-2100,41.674800000000005,133.2295,138.04649999999992,3.5303000000000004,8.988900000000001,-0.06479999999999997,67.8326,126.9851625,141.358,3.6186625000000006,9.3465375,0.5368124999999999,65.2557125,0.6260039550986825,0.26240570843348543
121.25,24.0,184.3078,SSP3-7.0,2081-2100,76.22270000000003,124.3061,241.23030000000017,4.4802,7.0426,-0.09259999999999913,62.1109,127.44510000000001,170.365225,3.93545,7.871524999999998,0.21042500000000008,64.77555000000001,0.6260039550986825,0.32560148880327683
121.25,24.05,199.552,SSP3-7.0,2081-2100,88.1251,124.20259999999999,286.6558,4.862499999999997,5.6889,-0.01670000000000016,61.95219999999999,126.87202500000001,181.55073750000003,4.1415375,7.157174999999998,0.05070000000000019,63.6375125,0.6260039550986825,0.3887972691730683
121.25,24.1,183.641,SSP3-7.0,2081-2100,62.185900000000004,132.4205,223.9746,4.466899999999999,6.1314999999999955,-0.238900000000001,66.187,124.2080625,160.4198624999999,4.029899999999998,6.645374999999998,0.2578750000000001,61.855712499999996,0.6260039550986825,0.4519930495428597
121.25,24.15,209.9447,SSP3-7.0,2081-2100,45.96519999999998,114.781,171.29269999999997,3.900500000000001,5.1037,0.3036999999999992,55.65,126.08937500000002,97.39296249999995,3.4848124999999985,7.0668999999999995,0.08934999999999982,62.7502875,0.6260039550986825,0.5151888299126467
121.25,24.2,229.0998,SSP3-7.0,2081-2100,26.577500000000015,123.28220000000002,15.789999999999964,2.625799999999998,6.507400000000004,0.09259999999999913,61.037,125.051675,53.62779999999998,2.8008124999999997,7.0680625,0.053462499999999524,62.1532625,0.6260039550986825,0.578384610282438
121.25,24.25,225.2069,SSP3-7.0,2081-2100,22.0385,129.82860000000002,-10.616899999999987,1.5823999999999998,7.1556,0.036999999999999034,64.28259999999999,125.49788749999999,18.498862499999973,2.27995,7.1886625,0.14421249999999963,62.605437499999994,0.6260039550986825,0.6415803906522295
121.25,24.3,209.9772,SSP3-7.0,2081-2100,26.742199999999997,128.5648,11.446500000000015,1.8237999999999985,6.711099999999998,0.27779999999999916,63.215199999999996,121.8844875,10.824487499999918,2.0737,7.734287500000001,0.40624999999999956,60.62743749999999,0.6260039550986825,0.704776171022021
121.25,24.35,223.0774,SSP3-7.0,2081-2100,21.172799999999995,123.17300000000002,28.52079999999978,2.214600000000001,7.975900000000003,1.3129999999999988,61.3,114.1807,10.918362499999972,2.1868125,7.796312499999999,0.8462875000000001,56.0980875,0.6260039550986825,0.7679719513918124
121.25,24.4,225.9841,SSP3-7.0,2081-2100,24.440399999999983,85.29169999999999,29.102100000000064,2.505300000000002,8.692600000000002,1.118500000000001,38.710899999999995,113.65030000000002,13.088912499999935,2.3885250000000005,8.084725,1.1101874999999999,56.15815,0.6260039550986825,0.8311677317615993
121.25,24.45,242.0057,SSP3-7.0,2081-2100,25.402199999999993,97.4144,20.404799999999796,2.6758000000000024,8.296299999999995,1.0389,46.7891,115.15801250000001,23.633837500000027,2.623575,7.6682875,1.3375000000000001,56.4481,0.6260039550986825,0.8943635121313908
121.25,24.5,273.7845,SSP3-7.0,2081-2100,27.783000000000015,121.44330000000002,32.91090000000031,2.965,7.325899999999997,1.1518999999999995,59.6348,118.05078750000001,29.29967499999995,2.7298875000000002,8.149775000000002,1.6513874999999998,58.9505375,0.6260039550986825,0.9575592925011822
121.25,24.55,315.5168,SSP3-7.0,2081-2100,22.66840000000002,123.2477,46.964300000000094,2.7972,8.409300000000002,2.1426,63.2348,123.41567500000001,21.091412500000047,2.7005499999999993,8.4671125,1.9284874999999995,62.72580000000001,0.6260039550986825,1.0207550728709736
121.25,24.6,338.8761,SSP3-7.0,2081-2100,13.418200000000013,129.0041,22.11110000000008,2.4426999999999985,8.9333,2.2055999999999987,67.01520000000001,126.94555,-1.7360125000000153,2.5813,9.5891125,2.0745375,66.58097500000001,0.6260039550986825,1.0839508532407651
121.25,24.65,318.885,SSP3-7.0,2081-2100,14.337199999999996,130.0129,-52.86740000000009,2.343700000000002,10.877799999999997,1.6759000000000004,68.09570000000001,131.96044999999998,-14.351850000000013,2.6077999999999997,10.006012499999999,1.9488624999999997,71.65950000000001,0.6260039550986825,1.147146633610552
121.25,24.7,287.2491,SSP3-7.0,2081-2100,31.38839999999999,137.4272,-8.710199999999986,2.8324999999999996,10.912999999999997,1.7741000000000007,77.1674,135.509375,-21.497662500000047,2.5865625000000003,10.469224999999998,1.6969999999999998,75.71792500000001,0.6260039550986825,1.2103424139803434
121.25,24.75,249.5033,SSP3-7.0,2081-2100,38.6473,140.8325,34.077400000000125,2.702300000000001,11.924099999999996,1.5815000000000001,82.6413,136.9906375,-20.520187500000077,2.4794124999999996,10.280325,1.5620624999999997,79.3065125,0.6260039550986825,1.273538194350135
121.25,24.8,195.4141,SSP3-7.0,2081-2100,29.69920000000002,138.5915,0.2790999999997439,2.281399999999998,8.6537,1.5056000000000012,82.3348,136.8490625,-14.075900000000019,2.2798375,10.895125,1.3426124999999998,81.1271625,0.6260039550986825,1.3367339747199263
121.25,24.85,154.826,SSP3-7.0,2081-2100,25.21010000000001,131.74470000000002,12.076499999999896,2.0778,10.425899999999999,1.0556,79.9413,134.781225,-23.489787500000034,2.1714999999999995,10.5812375,0.9176000000000002,81.3315125,0.6260039550986825,1.3999297550897176
121.25,24.9,142.2652,SSP3-7.0,2081-2100,19.363400000000013,130.1014,-7.2590000000000146,2.3506,10.675900000000002,0.15560000000000151,79.463,131.9866,-28.705900000000014,2.208725,10.552075000000002,0.36180000000000034,80.08477500000001,0.6260039550986825,1.4631255354595045
121.25,24.95,139.2897,SSP3-7.0,2081-2100,16.959599999999995,130.3025,-43.28919999999994,2.340700000000002,11.146300000000004,-0.3462999999999994,79.4456,132.2019875,-14.972849999999994,2.3873874999999996,9.8953625,0.08540000000000048,80.41194999999999,0.6260039550986825,1.526321315829296
121.25,25.0,141.6408,SSP3-7.0,2081-2100,18.75969999999998,133.98930000000001,3.893100000000004,2.498899999999999,10.320399999999996,0.12959999999999994,81.1326,134.3669625,-3.7140875000000335,2.4762375,9.367112500000001,-0.04607499999999942,81.3195625,0.6260039550986825,1.5895170961990874
121.25,25.05,137.2724,SSP3-7.0,2081-2100,23.97059999999999,138.0741,25.99499999999989,2.4574,8.168500000000002,-0.17409999999999926,82.77829999999999,136.683225,18.640162499999974,2.5603124999999998,8.915049999999999,0.12013750000000012,82.34945,0.6260039550986825,1.652712876568879
121.25,25.1,130.315,SSP3-7.0,2081-2100,24.909099999999995,138.4444,16.24279999999999,2.5089000000000006,8.546299999999995,-0.3332999999999995,82.2761,137.32029999999997,24.644412499999987,2.5457874999999994,8.6814875,0.06318750000000017,82.26060000000001,0.6260039550986825,1.7159086569386703
121.3,22.95,212.7497,SSP3-7.0,2081-2100,15.6267,169.2477,84.45920000000001,4.161300000000001,18.392599999999998,2.463,89.8217,160.659175,144.33801250000002,4.64195,13.578249999999999,2.5074124999999996,82.96875,0.7316977951799037,-1.0015098989623252
121.3,23.0,206.4605,SSP3-7.0,2081-2100,22.722700000000003,163.1747,118.83529999999996,4.5074000000000005,17.1037,2.775900000000001,84.9565,160.9402375,137.46632500000004,4.687525,13.851612499999998,2.627325,83.2796125,0.7316977951799037,-0.9383141185925338
121.3,23.05,210.6232,SSP3-7.0,2081-2100,23.94120000000001,157.22709999999998,130.78379999999993,5.400500000000001,12.805599999999998,2.7406999999999995,79.98259999999999,159.7136875,140.41028750000004,4.305949999999999,13.4757,2.885875,82.555425,0.7316977951799037,-0.8751183382227424
121.3,23.1,220.1791,SSP3-7.0,2081-2100,18.381699999999995,160.3962,127.76080000000002,4.216000000000001,15.598099999999995,2.7295999999999996,82.21520000000001,157.3871375,126.06626250000002,4.1834875,13.222925,2.920375,80.666575,0.7316977951799037,-0.811922557852951
121.3,23.15,238.9551,SSP3-7.0,2081-2100,11.902600000000007,149.0328,108.7157000000002,4.0718,13.959299999999999,2.7388999999999992,74.47829999999999,155.57068750000002,112.65195,3.9213124999999995,12.8349625,2.8566999999999996,79.29918749999999,0.7316977951799037,-0.748726777483164
121.3,23.2,262.8138,SSP3-7.0,2081-2100,6.373899999999992,158.2589,80.8759,3.8903,10.4315,2.7906999999999993,81.087,153.09613750000003,119.34075000000004,4.160337499999999,11.979625,2.7847375,77.4475625,0.7316977951799037,-0.6855309971133726
121.3,23.25,259.1125,SSP3-7.0,2081-2100,13.74369999999999,151.8723,142.9083999999998,4.426299999999998,11.298099999999998,3.1555999999999997,75.09349999999999,155.36180000000002,147.92231250000003,4.181750000000001,11.0,2.8229125,79.085875,0.7316977951799037,-0.6223352167435812
121.3,23.3,251.4089,SSP3-7.0,2081-2100,31.74170000000001,152.39329999999998,225.59930000000008,4.255800000000001,8.890700000000002,2.9241,75.5891,158.644,185.43157499999998,4.313000000000001,11.399525,2.9534875000000005,81.6307125,0.7316977951799037,-0.5591394363737897
121.3,23.35,264.1773,SSP3-7.0,2081-2100,35.45530000000002,159.0648,200.78230000000008,4.3385,11.429599999999997,2.777800000000001,79.94130000000001,158.450475,213.60847499999997,4.097262500000001,11.23425,2.8645875,81.7491875,0.7316977951799037,-0.4959436560039983
121.3,23.4,271.1424,SSP3-7.0,2081-2100,37.341399999999965,162.6146,196.4151999999999,3.6921999999999997,13.0444,2.7574000000000005,81.86959999999999,160.429975,209.61223750000002,3.994975,10.8328625,2.89885,84.15733750000001,0.7316977951799037,-0.43274787563421135
121.3,23.45,263.8152,SSP3-7.0,2081-2100,46.82470000000001,165.2298,197.4014000000002,3.363100000000001,10.668500000000002,3.4093,87.9783,160.747425,203.44515,3.7223375,9.9974375,2.8662,85.0464625,0.7316977951799037,-0.3695520952644199
121.3,23.5,266.137,SSP3-7.0,2081-2100,60.23599999999999,165.7267,220.26710000000003,3.0669000000000004,5.487000000000002,3.1463,90.5804,161.0842125,215.17152500000003,3.5826,9.212725,3.1912125000000002,87.30108750000001,0.7316977951799037,-0.3063563148946285
121.3,23.55,253.8481,SSP3-7.0,2081-2100,77.63,159.5332,271.2009000000003,3.1499000000000006,6.048099999999998,3.605600000000001,90.43039999999999,158.03785,227.08114999999998,3.4232875,8.097675,2.8446875,86.5986375,0.7316977951799037,-0.24316053452483705
121.3,23.6,231.6263,SSP3-7.0,2081-2100,72.064,155.4425,286.12890000000016,3.2897999999999996,5.329600000000003,2.2278000000000002,90.4239,150.765725,230.269525,3.3982999999999994,8.2583125,2.6988625000000006,83.55461249999999,0.7316977951799037,-0.17996475415504562
121.3,23.65,198.8598,SSP3-7.0,2081-2100,64.75810000000001,141.11110000000002,237.97289999999998,3.6067,8.098100000000002,2.174100000000001,80.82169999999999,145.18509999999998,208.1738625,3.32655,7.6240625,2.1900500000000003,80.71629999999999,0.7316977951799037,-0.11676897378525869
121.3,23.7,198.088,SSP3-7.0,2081-2100,50.02280000000002,137.8338,200.00229999999988,3.504500000000002,7.562999999999995,1.5944000000000003,76.1739,140.5923375,174.84290000000004,3.229425,6.637037500000002,2.2909750000000004,78.87825,0.7316977951799037,-0.053573193415467256
121.3,23.75,206.5757,SSP3-7.0,2081-2100,39.72289999999998,140.18120000000002,109.78060000000005,3.151099999999998,4.831499999999998,1.8815000000000008,79.9261,138.5619125,147.74606249999997,3.2410375000000005,7.1447,2.10925,75.85625,0.7316977951799037,0.009622586954324176
121.3,23.8,210.7696,SSP3-7.0,2081-2100,39.0008,141.9899,101.1377,3.285300000000001,9.713000000000001,1.7906999999999993,76.5783,132.4412125,129.8929,3.3111124999999992,7.964612499999999,2.054175,70.9405,0.7316977951799037,0.0728183673241156
121.3,23.85,217.8147,SSP3-7.0,2081-2100,45.94059999999999,111.09380000000002,119.40730000000008,3.4884000000000004,11.4056,1.7241,55.6935,132.50305,125.9734125,3.47985,9.8058,1.7793999999999994,69.81225,0.7316977951799037,0.13601414769390704
121.3,23.9,216.9464,SSP3-7.0,2081-2100,48.20579999999998,127.89580000000001,142.06179999999995,3.603200000000001,11.2852,1.5610999999999997,67.0326,124.04935,141.97025000000002,3.6055124999999997,9.557875,1.4363499999999996,63.417412500000005,0.7316977951799037,0.19920992806369398
121.3,23.95,210.6926,SSP3-7.0,2081-2100,47.94879999999998,112.31620000000001,175.15859999999975,3.715399999999999,8.8278,1.2592999999999996,55.508700000000005,126.91437499999999,173.3231375000001,3.8168375,8.176612500000001,0.9048499999999999,64.9117,0.7316977951799037,0.26240570843348543
121.3,24.0,204.0411,SSP3-7.0,2081-2100,67.01039999999998,124.84630000000001,236.42070000000012,4.250300000000003,5.642599999999998,0.19810000000000016,62.36959999999999,122.5989875,203.03928750000006,4.042062499999999,6.5347124999999995,0.6013875000000002,61.4016375,0.7316977951799037,0.32560148880327683
121.3,24.05,201.9381,SSP3-7.0,2081-2100,77.71009999999998,114.73400000000001,276.4488000000001,4.468899999999998,3.6832999999999956,0.3592999999999993,56.389100000000006,122.81331250000001,224.87876250000005,4.290962499999999,5.838424999999999,0.28123750000000025,61.256,0.7316977951799037,0.3887972691730683
121.3,24.1,183.4887,SSP3-7.0,2081-2100,64.3332,118.3884,307.00149999999985,4.868199999999998,5.1889,0.21670000000000122,57.9196,119.46865,199.09641249999999,4.114299999999999,5.497912499999998,0.2856499999999995,59.092675,0.7316977951799037,0.4519930495428597
121.3,24.15,195.9269,SSP3-7.0,2081-2100,42.1044,115.1478,172.36529999999993,3.935799999999997,6.088899999999999,0.19629999999999903,56.31739999999999,118.94606250000001,133.47783749999996,3.5449875,5.991200000000001,0.2372749999999999,58.8396875,0.7316977951799037,0.5151888299126467
121.3,24.2,225.1123,SSP3-7.0,2081-2100,21.984199999999987,117.42470000000002,28.595200000000204,2.4495000000000005,6.398100000000003,0.10740000000000016,58.6261,120.058925,65.56198749999999,2.7986874999999998,6.481725000000001,0.33679999999999954,59.5092375,0.7316977951799037,0.578384610282438
121.3,24.25,236.656,SSP3-7.0,2081-2100,22.393500000000017,122.2777,40.09320000000025,2.066600000000001,6.220399999999998,-0.04630000000000045,60.3587,121.655175,12.70483749999994,2.203775,6.771075000000001,0.5615624999999997,60.460325,0.7316977951799037,0.6415803906522295
121.3,24.3,221.4116,SSP3-7.0,2081-2100,22.689099999999996,124.43359999999998,23.35839999999962,1.8689999999999998,6.401899999999998,1.1463,61.849999999999994,122.42996250000002,2.238249999999965,2.0023625,7.255112499999999,0.7022999999999995,60.657875,0.7316977951799037,0.704776171022021
121.3,24.35,219.0711,SSP3-7.0,2081-2100,20.607799999999997,121.53540000000001,-17.729299999999967,1.7916999999999987,8.105599999999999,0.9332999999999991,60.8978,118.3545625,-10.729200000000105,2.0189500000000002,7.3759375,1.131475,58.022837499999994,0.7316977951799037,0.7679719513918124
121.3,24.4,223.1844,SSP3-7.0,2081-2100,23.5694,121.4787,-16.57100000000014,1.8839000000000006,6.1296,1.6574000000000009,59.841300000000004,113.3053875,-18.21862500000003,2.0911750000000002,8.17895,1.1810124999999998,55.736149999999995,0.7316977951799037,0.8311677317615993
121.3,24.45,221.8939,SSP3-7.0,2081-2100,28.884899999999988,112.4532,9.351199999999835,2.3719,8.177799999999998,1.237,56.4935,113.99691250000001,-6.91357499999998,2.3039125,7.493062499999999,1.3122749999999999,55.720662499999996,0.7316977951799037,0.8943635121313908
121.3,24.5,233.9166,SSP3-7.0,2081-2100,30.42530000000002,121.3689,31.103399999999965,2.5336,6.505600000000001,1.5221999999999998,58.8478,117.3807625,25.893500000000017,2.5511375000000003,7.65255,1.6425999999999996,58.6915875,0.7316977951799037,0.9575592925011822
121.3,24.55,262.7394,SSP3-7.0,2081-2100,22.81990000000002,120.87880000000001,58.59130000000005,2.5624000000000002,8.072200000000002,2.8480999999999987,60.54130000000001,122.0353,40.33850000000004,2.7032249999999998,7.224074999999999,1.9731624999999995,61.93696250000001,0.7316977951799037,1.0207550728709736
121.3,24.6,277.6191,SSP3-7.0,2081-2100,23.31189999999998,130.9111,50.995800000000145,2.8236999999999988,7.840699999999998,2.751899999999999,68.60650000000001,124.3719375,33.56738749999994,2.6971000000000007,8.801150000000002,2.225225,64.3220125,0.7316977951799037,1.0839508532407651
121.3,24.65,301.9903,SSP3-7.0,2081-2100,27.46840000000003,132.9316,20.32029999999986,2.7449000000000012,11.040700000000001,1.9074000000000009,71.113,127.9250375,16.567174999999963,2.8139499999999997,9.500224999999999,2.1562624999999995,67.89375000000001,0.7316977951799037,1.147146633610552
121.3,24.7,308.3239,SSP3-7.0,2081-2100,32.5206,124.64089999999999,-14.421200000000226,2.9803999999999995,11.0278,1.8129999999999988,66.57390000000001,133.83870000000002,8.776374999999973,2.8203,11.1745375,1.8340375000000002,73.36331249999999,0.7316977951799037,1.2103424139803434
121.3,24.75,270.9052,SSP3-7.0,2081-2100,40.43520000000001,131.2811,-6.754899999999907,2.800699999999999,11.913000000000004,1.5314999999999994,71.7804,135.39375,2.805324999999982,2.6948374999999993,10.638662499999999,1.8122875000000003,77.2576125,0.7316977951799037,1.273538194350135
121.3,24.8,216.2419,SSP3-7.0,2081-2100,30.301300000000026,138.0563,-1.7017000000000735,2.3674,10.798100000000002,1.8925999999999998,81.4087,135.06608749999998,-1.7919374999999889,2.4861499999999994,10.645375,1.5231625000000002,78.8739125,0.7316977951799037,1.3367339747199263
121.3,24.85,177.3614,SSP3-7.0,2081-2100,25.3707,134.4585,7.3904999999999745,2.5135000000000005,11.744400000000002,1.3352000000000004,80.13260000000001,132.99215,-13.878612500000003,2.283112499999999,10.089350000000001,1.1659750000000004,79.78423749999999,0.7316977951799037,1.3999297550897176
121.3,24.9,149.5874,SSP3-7.0,2081-2100,23.605699999999985,128.9227,-13.090599999999995,2.4147999999999996,11.401899999999998,0.6370000000000005,79.4326,130.800325,-22.987899999999996,2.2754375,10.404612500000002,0.5544000000000004,79.28586250000001,0.7316977951799037,1.4631255354595045
121.3,24.95,142.3323,SSP3-7.0,2081-2100,20.839100000000002,128.87920000000003,-32.283800000000156,2.3019,10.4333,-0.16299999999999848,78.75869999999999,129.86130000000003,-17.08167499999999,2.3329124999999995,10.5314875,0.3641125000000005,79.19375,0.7316977951799037,1.526321315829296
121.3,25.0,140.2247,SSP3-7.0,2081-2100,21.429299999999984,130.2966,25.088500000000067,2.4107999999999983,10.529599999999999,0.8259000000000007,78.8283,131.3401875,-13.177437500000025,2.3798999999999997,10.1564875,0.09628750000000041,79.5429375,0.7316977951799037,1.5895170961990874
121.3,25.05,133.8473,SSP3-7.0,2081-2100,21.413100000000014,133.39759999999998,38.66449999999986,2.6133999999999986,10.0963,0.6352000000000002,80.363,133.725325,9.61092499999998,2.4553249999999998,9.608112499999997,0.19791250000000027,79.9796375,0.7316977951799037,1.652712876568879
121.3,25.1,127.6105,SSP3-7.0,2081-2100,26.535799999999995,136.4696,49.78879999999981,2.5243,7.401899999999998,0.40559999999999974,80.4174,135.51305,13.625562500000001,2.48765,9.323149999999998,0.0800875000000002,80.7135875,0.7316977951799037,1.7159086569386703
121.3,25.15,130.2116,SSP3-7.0,2081-2100,22.134600000000006,135.21439999999998,2.995600000000195,2.398299999999999,8.5963,0.17960000000000065,79.06089999999999,136.1702,20.308949999999953,2.491925,9.211812499999997,0.12546250000000014,81.226625,0.7316977951799037,1.7791044373084572
121.35,23.05,216.5907,SSP3-7.0,2081-2100,18.148200000000003,164.2217,119.6563000000001,3.7014999999999993,16.753700000000002,3.1129999999999995,86.1087,159.6498125,128.9009,4.2567375,13.478712499999999,2.944425,82.08721249999999,0.837391635261125,-0.8751183382227424
121.35,23.1,223.9805,SSP3-7.0,2081-2100,16.557699999999983,159.8626,120.6425999999999,3.4880999999999993,15.416700000000002,3.5221999999999998,82.5826,157.594075,125.09940000000006,4.040487499999999,13.83335,2.9476749999999994,80.3489125,0.837391635261125,-0.811922557852951
121.35,23.15,217.1935,SSP3-7.0,2081-2100,19.769499999999994,157.63060000000002,95.2065,4.0139,13.9574,2.8462999999999994,80.6957,155.359275,114.32930000000005,3.8168999999999995,13.158349999999999,2.9641,78.600275,0.837391635261125,-0.748726777483164
121.35,23.2,235.3941,SSP3-7.0,2081-2100,12.530100000000004,149.1295,72.1993,3.961299999999998,10.409300000000002,2.5981000000000005,75.7326,154.5564,121.53445000000002,3.9936249999999998,12.575,2.9187624999999997,77.76605,0.837391635261125,-0.6855309971133726
121.35,23.25,226.3064,SSP3-7.0,2081-2100,18.4623,157.3897,130.10180000000014,4.202300000000001,9.740700000000004,2.6556000000000006,81.4391,154.005075,146.52517499999996,4.1147875,11.8249875,2.9798625,77.0182125,0.837391635261125,-0.6223352167435812
121.35,23.3,217.9439,SSP3-7.0,2081-2100,34.90359999999998,153.86810000000003,188.47519999999986,4.453600000000002,12.833300000000001,2.9444,76.537,155.6652,177.40436250000002,4.206087500000001,11.453912500000001,3.0627500000000003,78.6124875,0.837391635261125,-0.5591394363737897
121.35,23.35,247.5784,SSP3-7.0,2081-2100,31.689700000000016,155.41479999999999,166.0377000000001,4.370699999999999,12.246300000000002,2.9648000000000003,77.9413,157.024875,187.09302499999995,4.0884125000000004,11.894412500000001,3.0263875000000002,79.9222875,0.837391635261125,-0.4959436560039983
121.35,23.4,262.7087,SSP3-7.0,2081-2100,33.73659999999995,151.4812,117.06129999999985,4.0512000000000015,12.207399999999996,2.4499999999999993,75.0587,158.39055,174.72560000000001,4.006025,12.19975,3.0261500000000003,81.6616875,0.837391635261125,-0.43274787563421135
121.35,23.45,243.0505,SSP3-7.0,2081-2100,42.18430000000001,152.20399999999998,113.99500000000012,4.340999999999999,13.2333,2.6722,75.7065,158.45401249999998,163.07652499999995,3.8001125,11.614575,2.8838,82.270375,0.837391635261125,-0.3695520952644199
121.35,23.5,239.3016,SSP3-7.0,2081-2100,44.816899999999976,155.5982,117.41020000000003,3.9327999999999985,12.5019,2.7111,79.4804,157.1303875,171.91198750000004,3.7878249999999998,10.6249875,2.9257125,82.80895000000001,0.837391635261125,-0.3063563148946285
121.35,23.55,232.5434,SSP3-7.0,2081-2100,62.303799999999995,159.4409,170.2860999999998,3.714299999999998,10.1704,2.9556000000000004,86.3022,155.5492875,185.44011250000003,3.651475,9.33355,2.6282625,82.8334,0.837391635261125,-0.24316053452483705
121.35,23.6,240.6029,SSP3-7.0,2081-2100,64.74749999999997,159.9488,213.39599999999996,3.4856999999999996,8.764800000000001,2.424100000000001,84.0826,151.32566250000002,198.62521250000003,3.5712374999999996,8.9020625,2.541925,82.57987499999999,0.837391635261125,-0.17996475415504562
121.35,23.65,236.2236,SSP3-7.0,2081-2100,54.76660000000001,142.41930000000002,207.13530000000014,3.198199999999998,9.087,2.4018999999999995,81.34129999999999,150.10413749999998,195.01207499999995,3.5276125000000005,8.493275,2.2206125000000005,80.883675,0.837391635261125,-0.11676897378525869
121.35,23.7,250.289,SSP3-7.0,2081-2100,52.28610000000003,151.9125,123.22119999999995,3.1746000000000016,8.2796,2.7704000000000004,83.5826,146.4656625,196.83391249999997,3.5112875,8.151387499999998,2.2206124999999997,80.01466249999999,0.837391635261125,-0.053573193415467256
121.35,23.75,267.4969,SSP3-7.0,2081-2100,63.075199999999995,151.3111,260.60519999999997,3.6332000000000004,5.055600000000002,3.0147999999999993,83.4239,144.9495625,160.34596249999996,3.4815625,8.819225,2.1919125,78.525825,0.837391635261125,0.009622586954324176
121.35,23.8,253.1649,SSP3-7.0,2081-2100,56.214800000000025,139.5788,181.96629999999982,3.9926999999999992,10.209299999999999,2.3629999999999995,75.887,141.55468750000003,156.42515000000003,3.5776250000000003,8.9234,2.2601875,76.2674125,0.837391635261125,0.0728183673241156
121.35,23.85,261.0585,SSP3-7.0,2081-2100,68.46100000000001,143.33870000000002,162.88940000000002,4.196300000000001,10.5852,2.1944,77.1761,134.708075,160.07432500000007,3.6534874999999998,9.6528,2.1463,70.741325,0.837391635261125,0.13601414769390704
121.35,23.9,256.0584,SSP3-7.0,2081-2100,68.73230000000001,136.4411,195.99540000000025,3.9536999999999978,8.640699999999999,2.0721999999999987,72.2522,126.629275,161.44103750000002,3.7695625,9.2602,1.7682875000000002,64.6079,0.837391635261125,0.19920992806369398
121.35,23.95,241.2656,SSP3-7.0,2081-2100,61.695899999999995,116.2245,183.66060000000016,3.9117999999999995,6.998100000000001,1.4222000000000001,57.3609,127.36906250000001,173.36667500000004,3.7216249999999995,7.965975,1.3625,64.6568,0.837391635261125,0.26240570843348543
121.35,24.0,253.4908,SSP3-7.0,2081-2100,57.96419999999998,129.8723,161.07810000000018,3.666599999999999,5.961100000000002,0.9148000000000014,66.3891,122.846825,171.60888750000004,3.8274625,6.8303125,0.9152749999999998,61.489962500000004,0.837391635261125,0.32560148880327683
121.35,24.05,255.8123,SSP3-7.0,2081-2100,58.5394,125.9067,162.03560000000016,3.700800000000001,5.087,1.0296000000000003,63.669599999999996,121.84027500000002,179.4258625,4.000624999999999,6.286562499999999,0.47130000000000005,60.719562499999995,0.837391635261125,0.3887972691730683
121.35,24.1,214.4599,SSP3-7.0,2081-2100,40.83509999999998,102.56360000000001,180.6334999999999,4.0322,5.9648,0.23889999999999922,49.45,122.3701125,157.59922499999993,3.905774999999999,6.3268499999999985,0.4280124999999999,60.8956625,0.837391635261125,0.4519930495428597
121.35,24.15,215.3173,SSP3-7.0,2081-2100,27.221900000000005,125.993,119.36499999999978,3.546800000000001,6.235199999999999,0.41300000000000026,63.1261,118.32696250000001,103.12549999999993,3.419937499999999,6.9097124999999995,0.45556249999999987,58.527987499999995,0.837391635261125,0.5151888299126467
121.35,24.2,255.9653,SSP3-7.0,2081-2100,16.584799999999973,116.71509999999999,21.170200000000023,2.4700000000000024,6.400000000000002,0.764800000000001,58.721700000000006,121.14515,42.23263750000001,2.8160499999999993,7.2344875,0.5731499999999994,60.2869625,0.837391635261125,0.578384610282438
121.35,24.25,256.3137,SSP3-7.0,2081-2100,17.185100000000034,112.44600000000001,-4.963600000000042,2.261599999999998,8.142600000000002,0.9332999999999991,56.580400000000004,119.890175,3.259162500000002,2.341312500000001,6.8800875,0.7576374999999997,59.508700000000005,0.837391635261125,0.6415803906522295
121.35,24.3,226.5923,SSP3-7.0,2081-2100,27.752200000000016,120.54639999999999,16.85889999999972,2.5481000000000016,6.451899999999998,1.1333000000000002,59.3696,118.5704375,-10.359612499999997,2.0963874999999996,7.2511624999999995,0.7916499999999995,58.6769,0.837391635261125,0.704776171022021
121.35,24.35,215.3445,SSP3-7.0,2081-2100,18.413399999999996,121.0678,-45.70360000000005,1.7301000000000002,7.277799999999999,1.0370000000000008,59.258700000000005,120.1103,-28.34308750000008,2.0345125,7.329637499999999,1.0210499999999998,59.499737499999995,0.837391635261125,0.7679719513918124
121.35,24.4,218.0868,SSP3-7.0,2081-2100,24.034599999999983,122.28050000000002,-132.84569999999985,1.5767999999999986,9.366700000000002,1.3684999999999992,60.63699999999999,122.0469375,-30.363500000000073,2.0103124999999995,7.686112499999999,1.1050875,60.933425,0.837391635261125,0.8311677317615993
121.35,24.45,218.0459,SSP3-7.0,2081-2100,28.72980000000001,123.22710000000001,-36.84929999999986,1.863199999999999,7.538900000000002,1.4018999999999995,61.8022,123.5349,-25.777925000000067,2.16715,7.4182999999999995,1.297225,61.77119999999999,0.837391635261125,0.8943635121313908
121.35,24.5,238.1233,SSP3-7.0,2081-2100,40.14559999999997,119.4707,17.43619999999987,2.427699999999998,6.088899999999995,1.2388999999999992,59.5022,122.241725,12.565337499999941,2.415175,7.476400000000001,1.6872749999999999,61.5220125,0.837391635261125,0.9575592925011822
121.35,24.55,256.441,SSP3-7.0,2081-2100,36.22900000000004,120.91090000000001,58.33860000000004,2.7459000000000024,7.311100000000003,2.0815,61.534800000000004,119.397875,42.92768749999996,2.6621999999999995,6.484274999999999,2.0740749999999997,60.520387500000005,0.837391635261125,1.0207550728709736
121.35,24.6,250.5095,SSP3-7.0,2081-2100,35.04789999999997,109.9257,62.847699999999804,2.8900000000000006,5.377800000000001,2.6906999999999996,57.1196,123.16128750000001,52.28591249999994,2.793475,7.788187500000001,2.3205999999999998,63.56086250000001,0.837391635261125,1.0839508532407651
121.35,24.65,265.6146,SSP3-7.0,2081-2100,34.67439999999999,128.06380000000001,52.23319999999967,3.0500000000000007,10.387,2.25,65.9217,125.01047500000001,38.92135000000002,2.886525,8.2060125,2.326625,66.14320000000001,0.837391635261125,1.147146633610552
121.35,24.7,295.0779,SSP3-7.0,2081-2100,33.123699999999985,133.4146,20.34840000000031,3.1485999999999983,10.644399999999997,2.0889000000000006,72.64999999999999,130.020925,26.461299999999937,2.8777375000000003,10.1868,2.011125,69.7809625,0.837391635261125,1.2103424139803434
121.35,24.75,290.8384,SSP3-7.0,2081-2100,36.79790000000003,136.7459,11.5641999999998,2.9396999999999984,11.696299999999997,1.8629999999999995,77.53699999999999,131.4924375,8.734912500000064,2.7396374999999997,10.2516125,1.8044125,73.1768875,0.837391635261125,1.273538194350135
121.35,24.8,259.6651,SSP3-7.0,2081-2100,30.83699999999999,133.4411,-18.993399999999838,2.3064,9.451900000000002,1.9796000000000014,77.7478,133.5498375,-6.815712499999961,2.5859999999999994,10.480550000000001,1.4782499999999996,76.714125,0.837391635261125,1.3367339747199263
121.35,24.85,214.0627,SSP3-7.0,2081-2100,27.920600000000007,133.4334,-53.97489999999971,2.2673999999999985,9.353700000000003,1.3332999999999995,78.87610000000001,132.9925375,-22.49941249999995,2.3324874999999996,9.969450000000002,1.2437375000000002,79.0663,0.837391635261125,1.3999297550897176
121.35,24.9,163.7108,SSP3-7.0,2081-2100,25.314999999999998,129.64610000000002,-28.364900000000034,2.199099999999998,9.953700000000005,0.7684999999999995,79.0696,130.668975,-42.74991249999994,2.2714125000000003,10.155325000000001,0.8833125000000004,78.935325,0.837391635261125,1.4631255354595045
121.35,24.95,153.6637,SSP3-7.0,2081-2100,20.374200000000002,127.83679999999998,-38.19839999999999,2.1525,9.503700000000002,0.29630000000000045,78.60000000000001,129.218,-31.265224999999987,2.2869374999999996,10.2243125,0.7541500000000005,78.6973,0.837391635261125,1.526321315829296
121.35,25.0,151.0352,SSP3-7.0,2081-2100,15.276199999999989,127.795,-35.43290000000002,2.2958999999999996,10.720399999999998,0.4463000000000008,77.5783,129.7590875,-19.541575000000023,2.3923249999999996,10.4324125,0.5023125000000003,78.762775,0.837391635261125,1.5895170961990874
121.35,25.05,144.0754,SSP3-7.0,2081-2100,19.524100000000004,130.447,-24.767799999999852,2.378499999999999,10.863000000000003,-0.05370000000000097,77.687,132.09438749999998,0.8203749999999275,2.4753624999999992,10.08335,0.4847250000000001,79.2693,0.837391635261125,1.652712876568879
121.35,25.1,135.6902,SSP3-7.0,2081-2100,23.92609999999999,134.2866,16.079899999999952,2.5679000000000016,10.314799999999998,0.33700000000000063,79.1391,133.6751375,-0.23873750000001337,2.4464499999999996,10.0109,0.23934999999999984,79.577725,0.837391635261125,1.7159086569386703
121.35,25.15,133.6245,SSP3-7.0,2081-2100,22.21599999999998,134.08259999999999,15.73219999999992,2.418700000000001,9.118499999999997,0.33890000000000065,79.1478,133.687375,-9.915949999999981,2.3249499999999994,9.308812499999998,0.06618749999999973,79.4013625,0.837391635261125,1.7791044373084572
121.4,23.1,213.0608,SSP3-7.0,2081-2100,20.371700000000004,157.8186,143.82550000000015,3.520699999999998,11.855599999999999,3.2407000000000004,79.56299999999999,156.08112500000001,113.09947500000004,3.8549499999999997,14.21135,2.9550875,79.369575,0.9430854753423764,-0.811922557852951
121.4,23.15,207.1675,SSP3-7.0,2081-2100,24.90780000000001,154.6112,134.99680000000012,3.6204,13.120399999999997,3.1499999999999995,76.8587,155.6689375,117.46455000000003,3.8101624999999992,13.805575000000001,3.009025,78.954625,0.9430854753423764,-0.748726777483164
121.4,23.2,202.9342,SSP3-7.0,2081-2100,28.627999999999986,153.76440000000002,125.61779999999999,3.7666000000000004,14.475899999999996,2.9426000000000005,76.28479999999999,155.949075,124.21641250000005,3.9216624999999996,11.972000000000001,2.9705999999999997,78.89972499999999,0.9430854753423764,-0.6855309971133726
121.4,23.25,192.7873,SSP3-7.0,2081-2100,34.96340000000001,153.8913,153.8526999999999,3.9574,13.616700000000002,3.0704000000000002,76.1913,154.7754375,149.63815000000002,3.9794375000000004,12.138875,3.0328625000000002,78.3152125,0.9430854753423764,-0.6223352167435812
121.4,23.3,189.4785,SSP3-7.0,2081-2100,42.75120000000001,158.86280000000002,182.67280000000005,4.207000000000001,12.644400000000005,3.4129999999999994,79.63040000000001,156.3523,163.98013749999998,4.0106,12.0358625,3.0680500000000004,79.97988749999999,0.9430854753423764,-0.5591394363737897
121.4,23.35,214.6207,SSP3-7.0,2081-2100,49.5068,156.4326,217.2799,3.8907000000000025,11.764800000000001,3.5407,83.07390000000001,156.3909125,155.76602499999998,3.9811500000000004,12.070575000000002,3.0242999999999998,79.2804375,0.9430854753423764,-0.4959436560039983
121.4,23.4,225.7963,SSP3-7.0,2081-2100,46.657700000000006,161.4816,168.4581999999998,3.8183000000000007,12.340700000000002,3.4036999999999997,87.6783,155.369975,142.52835000000002,4.0125125,12.079149999999998,2.8939624999999998,79.145375,0.9430854753423764,-0.43274787563421135
121.4,23.45,214.7204,SSP3-7.0,2081-2100,47.57129999999998,154.68220000000002,137.43509999999992,4.233699999999999,12.870399999999997,2.683299999999999,79.1043,154.8122625,128.64818749999998,4.0264375,12.0641,2.7747624999999996,79.24212499999999,0.9430854753423764,-0.3695520952644199
121.4,23.5,220.4992,SSP3-7.0,2081-2100,52.63629999999998,150.8178,150.16369999999984,4.242700000000001,13.796300000000002,2.5093000000000005,76.413,154.117275,121.46960000000001,4.088587499999999,11.9648125,2.6729125,79.09537499999999,0.9430854753423764,-0.3063563148946285
121.4,23.55,226.6173,SSP3-7.0,2081-2100,52.21629999999999,149.4085,114.54660000000013,4.190999999999999,12.725900000000003,2.4240999999999993,75.95649999999999,153.6862875,129.06382499999998,3.9142875,10.9807875,2.5634375,79.099175,0.9430854753423764,-0.24316053452483705
121.4,23.6,249.4343,SSP3-7.0,2081-2100,51.22800000000001,147.9186,110.4074999999998,3.8530000000000015,10.014800000000001,1.9778000000000002,75.3,152.41036250000002,150.5478375,3.7489624999999993,10.481937499999999,2.492375,79.6934625,0.9430854753423764,-0.17996475415504562
121.4,23.65,262.2052,SSP3-7.0,2081-2100,41.78770000000003,155.3312,191.32349999999997,3.567,9.7426,2.5685000000000002,80.06299999999999,150.45292500000002,158.3722625,3.6887749999999997,9.5914125,2.2974749999999995,78.7459125,0.9430854753423764,-0.11676897378525869
121.4,23.7,262.7116,SSP3-7.0,2081-2100,43.65650000000005,151.33460000000002,197.64429999999993,3.7395999999999994,10.1537,2.027799999999999,76.6217,150.528525,179.37482499999996,3.6194499999999996,9.3356375,2.3345124999999998,80.3,0.9430854753423764,-0.053573193415467256
121.4,23.75,249.325,SSP3-7.0,2081-2100,46.38650000000001,152.20299999999997,170.20719999999983,3.6899999999999995,10.6796,2.1018999999999988,81.7457,148.96185,169.8783,3.5767625,9.3807875,2.3997874999999995,79.0693,0.9430854753423764,0.009622586954324176
121.4,23.8,285.1217,SSP3-7.0,2081-2100,39.66250000000002,144.5627,198.8081000000002,3.3146999999999984,9.124099999999999,3.0055999999999994,77.6913,148.2727875,151.80073749999997,3.6995750000000003,10.0664375,2.2868,78.87257500000001,0.9430854753423764,0.0728183673241156
121.4,23.85,276.9052,SSP3-7.0,2081-2100,56.614599999999996,147.7571,128.5657000000001,3.862000000000002,9.9926,2.368500000000001,77.9044,140.58238749999998,160.4094625000001,3.711099999999999,9.4379625,2.2703625,73.14158750000001,0.9430854753423764,0.13601414769390704
121.4,23.9,283.5294,SSP3-7.0,2081-2100,72.92559999999997,128.3454,212.6523000000002,3.727899999999998,6.8519000000000005,2.2852000000000015,62.8913,136.12892499999998,151.75718750000004,3.8459375,9.0553125,1.91295,69.6905125,0.9430854753423764,0.19920992806369398
121.4,23.95,272.3215,SSP3-7.0,2081-2100,69.54219999999998,126.0627,167.1325999999999,3.6514999999999986,8.135200000000001,1.3315000000000001,63.295700000000004,132.2157,151.6821750000001,3.696725,7.9356375,1.58495,66.667125,0.9430854753423764,0.26240570843348543
121.4,24.0,285.9052,SSP3-7.0,2081-2100,53.3732,133.1727,96.4339,3.2044000000000015,8.383300000000002,1.2777999999999992,67.51520000000001,129.51012500000002,129.96715,3.7138999999999998,7.6571750000000005,1.0923500000000004,65.6443125,0.9430854753423764,0.32560148880327683
121.4,24.05,298.1246,SSP3-7.0,2081-2100,37.78110000000004,129.5115,75.58030000000008,3.7165999999999997,7.8851999999999975,0.4443999999999999,65.8109,125.6057375,120.59167499999995,3.6899875000000004,7.2942,0.786575,63.2608625,0.9430854753423764,0.3887972691730683
121.4,24.1,280.8568,SSP3-7.0,2081-2100,25.72399999999999,121.63340000000002,101.8100999999997,3.7977999999999987,7.583299999999998,0.12040000000000006,59.913000000000004,123.8631625,101.77991249999991,3.661175,7.037962499999999,0.6340249999999998,62.23072500000001,0.9430854753423764,0.4519930495428597
121.4,24.15,300.9809,SSP3-7.0,2081-2100,9.604199999999992,127.6461,46.18719999999985,3.211299999999998,8.863,0.6443999999999992,64.0196,122.10536250000001,72.95537499999989,3.3536625000000004,7.2011375,0.7166874999999999,60.5880375,0.9430854753423764,0.5151888299126467
121.4,24.2,324.1519,SSP3-7.0,2081-2100,0.7652999999999679,127.0966,-32.759000000000015,2.5946999999999996,8.790699999999998,1.355599999999999,63.256499999999996,124.2111375,24.459687499999944,2.8617,7.428700000000001,0.8833374999999999,62.09485,0.9430854753423764,0.578384610282438
121.4,24.25,276.7358,SSP3-7.0,2081-2100,10.494000000000028,121.1293,-31.022199999999884,2.4620999999999995,7.1370000000000005,0.9814999999999987,60.01090000000001,120.641625,-23.762850000000043,2.4339125000000004,7.655550000000002,1.0321749999999998,59.85245,0.9430854753423764,0.6415803906522295
121.4,24.3,230.4741,SSP3-7.0,2081-2100,19.72750000000002,109.49800000000002,-40.2213999999999,2.270500000000002,7.2407,0.6184999999999992,53.8761,115.58501249999999,-36.36446250000006,2.2462749999999994,7.162962500000001,0.9907374999999996,56.608162500000006,0.9430854753423764,0.704776171022021
121.4,24.35,225.9675,SSP3-7.0,2081-2100,19.686000000000007,116.17569999999998,-6.6884000000000015,2.319499999999998,7.483299999999996,0.7295999999999996,56.5826,113.989375,-47.68167500000004,2.1238875,7.161112500000001,0.9594874999999998,55.8587125,0.9430854753423764,0.7679719513918124
121.4,24.4,220.9495,SSP3-7.0,2081-2100,22.852000000000004,124.9341,-52.906200000000126,2.0166000000000004,7.4574,0.5815000000000001,62.9435,116.2579125,-36.3576875,2.143037499999999,7.49375,1.1430624999999999,57.3222875,0.9430854753423764,0.8311677317615993
121.4,24.45,228.7963,SSP3-7.0,2081-2100,25.829700000000003,135.50349999999997,-75.81140000000028,2.105599999999999,9.3185,1.263,69.64779999999999,122.9091375,-17.68539999999996,2.2568124999999997,7.2944625,1.2514,61.5165875,0.9430854753423764,0.8943635121313908
121.4,24.5,258.4791,SSP3-7.0,2081-2100,42.18270000000001,130.7896,14.020100000000184,2.4211000000000027,6.3019,1.5093000000000014,66.2565,125.8890125,11.807362499999954,2.4432124999999996,7.6812625,1.6099625,63.80244999999999,0.9430854753423764,0.9575592925011822
121.4,24.55,271.0039,SSP3-7.0,2081-2100,43.48290000000003,112.8018,41.77879999999959,2.717699999999997,6.585199999999997,1.6351999999999993,57.0522,123.6121125,48.451550000000026,2.668587500000001,6.94215,2.0618,63.1701125,0.9430854753423764,1.0207550728709736
121.4,24.6,252.2096,SSP3-7.0,2081-2100,49.607699999999994,109.0364,66.64820000000009,2.9213999999999984,5.1019000000000005,2.3963,56.237,122.36737500000001,67.80171249999995,2.798975000000001,7.622450000000001,2.3518375000000002,63.057325,0.9430854753423764,1.0839508532407651
121.4,24.65,243.4296,SSP3-7.0,2081-2100,52.87049999999999,129.7559,69.38110000000006,2.7818000000000005,5.966700000000003,2.6944,67.4804,118.78618750000001,63.09511250000003,2.8900250000000005,8.1208125,2.3754625000000003,61.885325,0.9430854753423764,1.147146633610552
121.4,24.7,262.8641,SSP3-7.0,2081-2100,47.12810000000002,129.4676,35.2505000000001,2.801400000000001,8.6481,2.2704000000000004,69.3652,124.67841250000001,56.445937500000014,2.8557750000000004,9.181000000000001,2.2032499999999997,66.197825,0.9430854753423764,1.2103424139803434
121.4,24.75,272.7705,SSP3-7.0,2081-2100,38.46879999999999,127.2806,44.11720000000014,2.923000000000002,10.814800000000002,1.7592999999999996,68.4761,127.7182875,31.596862500000043,2.7016,9.031699999999999,1.9308,70.66331249999999,0.9430854753423764,1.273538194350135
121.4,24.8,272.6348,SSP3-7.0,2081-2100,30.212199999999996,134.3573,12.034400000000005,2.589199999999998,8.7148,1.0999999999999996,77.413,130.4177875,-2.685162499999933,2.5152375,9.0257,1.6354249999999997,74.412225,0.9430854753423764,1.3367339747199263
121.4,24.85,248.1649,SSP3-7.0,2081-2100,27.32800000000003,132.7856,-67.20049999999992,2.287099999999999,8.8093,1.011099999999999,78.0891,130.8366875,-34.48269999999991,2.24335,8.561350000000003,1.2761500000000001,77.2774375,0.9430854753423764,1.3999297550897176
121.4,24.9,199.7681,SSP3-7.0,2081-2100,31.561999999999983,132.2727,-70.06909999999971,1.982400000000002,8.881500000000003,1.225900000000001,79.237,128.9692875,-68.75506249999995,2.1441999999999997,9.174775,1.012025,77.88477500000002,0.9430854753423764,1.4631255354595045
121.4,24.95,168.4861,SSP3-7.0,2081-2100,14.705000000000013,126.7629,-74.57249999999999,2.251700000000003,11.114799999999995,1.3907000000000007,78.35650000000001,127.8264125,-69.84927499999998,2.0969249999999997,9.572012500000001,0.8451375000000003,77.949475,0.9430854753423764,1.526321315829296
121.4,25.0,155.8292,SSP3-7.0,2081-2100,11.059300000000007,129.16879999999998,-21.39650000000006,2.4388999999999967,8.7593,0.9018999999999995,78.3174,127.58008749999999,-61.08356249999997,2.228375,10.6095125,0.6460625000000002,77.965775,0.9430854753423764,1.5895170961990874
121.4,25.05,152.3147,SSP3-7.0,2081-2100,15.442599999999999,131.28379999999999,-28.866600000000062,2.5909000000000013,12.159300000000002,0.18520000000000003,79.19130000000001,129.766325,-38.58837500000001,2.307537499999999,10.146087499999998,0.49119999999999975,78.4693125,0.9430854753423764,1.652712876568879
121.4,25.1,155.8915,SSP3-7.0,2081-2100,16.00909999999999,134.0571,-37.36270000000013,2.3607999999999976,10.685199999999998,0.14069999999999894,80.31960000000001,131.95585,-16.74551249999996,2.354325,10.142149999999999,0.23587499999999972,79.130975,0.9430854753423764,1.7159086569386703
121.4,25.15,151.4827,SSP3-7.0,2081-2100,17.55590000000001,134.44899999999998,-18.09389999999985,2.2866999999999997,11.166699999999999,0.08329999999999949,80.43480000000001,132.7306625,-24.428825000000046,2.163099999999999,9.026625,0.13793749999999994,79.345375,0.9430854753423764,1.7791044373084572
121.4,25.2,142.1568,SSP3-7.0,2081-2100,16.46199999999999,131.90970000000002,-50.37910000000011,2.0046,6.4407,-0.5055999999999994,78.7717,133.0953,-54.67893749999999,1.9841499999999987,9.068774999999999,-0.08843750000000017,79.5125,0.9430854753423764,1.8423002176782488
121.45,23.3,182.6812,SSP3-7.0,2081-2100,46.50670000000002,154.14520000000002,145.76160000000004,3.733599999999999,12.1222,3.0185000000000004,76.9652,156.79465,154.05768749999996,3.894462500000001,12.121737500000002,3.1812499999999995,80.3095125,1.0487793154235978,-0.5591394363737897
121.45,23.35,188.4775,SSP3-7.0,2081-2100,49.608900000000006,158.1951,141.87400000000002,3.658200000000001,11.6222,2.946299999999999,80.013,156.8542625,146.3519125,3.8986,11.9263625,3.1641125,80.810875,1.0487793154235978,-0.4959436560039983
121.45,23.4,205.0619,SSP3-7.0,2081-2100,51.03,157.67849999999999,135.78740000000016,3.5565999999999995,10.548100000000002,3.053699999999999,80.4196,156.14611250000002,124.09491249999994,3.8162375,11.963874999999998,3.0305375,80.7625,1.0487793154235978,-0.43274787563421135
121.45,23.45,199.9067,SSP3-7.0,2081-2100,52.27449999999999,156.8714,110.75639999999999,3.9979999999999976,12.140699999999999,2.8407,81.8457,154.9443625,101.92229999999995,3.86305,11.69675,2.8476875,79.82092499999999,1.0487793154235978,-0.3695520952644199
121.45,23.5,207.711,SSP3-7.0,2081-2100,48.05509999999998,152.3654,115.55330000000004,4.270899999999999,9.744399999999999,2.5573999999999995,77.3348,153.632225,87.58328750000004,3.9130624999999997,12.213425,2.7081,78.7508125,1.0487793154235978,-0.3063563148946285
121.45,23.55,219.2241,SSP3-7.0,2081-2100,46.941100000000034,152.3676,91.77410000000009,4.027000000000001,12.331499999999998,2.5389,77.0326,151.6499375,85.62335000000007,3.8108125,11.0071625,2.68565,77.5239,1.0487793154235978,-0.24316053452483705
121.45,23.6,240.6733,SSP3-7.0,2081-2100,42.46399999999997,151.03300000000002,63.519700000000284,3.7879000000000005,10.522199999999998,2.8332999999999995,76.8478,151.4968375,112.20826250000002,3.705725,10.6062375,2.4955999999999996,77.4035125,1.0487793154235978,-0.17996475415504562
121.45,23.65,240.973,SSP3-7.0,2081-2100,43.583500000000015,149.3336,152.40139999999974,4.020599999999998,10.511099999999999,1.7925999999999984,75.9217,150.8263625,138.01938750000002,3.6743625,9.817350000000001,2.4023125,76.873075,1.0487793154235978,-0.11676897378525869
121.45,23.7,232.4353,SSP3-7.0,2081-2100,47.808099999999996,149.723,199.25270000000023,4.250599999999999,9.3981,2.1518999999999995,76.2696,151.67386249999998,145.8499374999999,3.6047125000000007,10.462262500000001,2.0500124999999993,78.2556875,1.0487793154235978,-0.053573193415467256
121.45,23.75,240.1365,SSP3-7.0,2081-2100,37.590599999999995,151.9945,130.85209999999984,3.421400000000002,11.9315,1.8741000000000003,80.0522,150.79042499999997,125.9797125,3.5151125,10.118974999999999,2.1370499999999995,78.41005,1.0487793154235978,0.009622586954324176
121.45,23.8,259.8564,SSP3-7.0,2081-2100,33.8811,151.27759999999998,66.67650000000003,3.087299999999999,10.894399999999997,1.9907000000000004,79.0261,151.189525,100.48296249999999,3.4613000000000005,10.429862499999999,2.1407499999999997,79.530175,1.0487793154235978,0.0728183673241156
121.45,23.85,273.9441,SSP3-7.0,2081-2100,43.32900000000001,148.7215,112.64350000000013,3.7136999999999993,11.1833,2.3870000000000005,75.76520000000001,146.28584999999998,96.55827500000004,3.4458625,9.4527875,2.0819375,75.905175,1.0487793154235978,0.13601414769390704
121.45,23.9,282.4909,SSP3-7.0,2081-2100,61.17320000000001,132.39329999999998,151.64420000000018,3.7025000000000006,8.014800000000001,1.864799999999999,64.4435,144.11498749999998,90.97882499999994,3.6316249999999997,9.6699125,1.8530125000000002,74.1318125,1.0487793154235978,0.19920992806369398
121.45,23.95,282.5981,SSP3-7.0,2081-2100,62.92160000000001,138.0925,111.52609999999959,3.775999999999998,8.892600000000002,1.6630000000000003,69.3261,138.21826249999998,86.88741250000004,3.5574875,9.125925,1.5715249999999998,69.96033750000001,1.0487793154235978,0.26240570843348543
121.45,24.0,299.6006,SSP3-7.0,2081-2100,54.221100000000035,143.1838,100.46680000000015,3.6309000000000022,9.7426,1.1796000000000006,73.1587,133.6688625,66.16583749999995,3.6013625,8.96875,1.2414375,68.11985000000001,1.0487793154235978,0.32560148880327683
121.45,24.05,329.8432,SSP3-7.0,2081-2100,32.40299999999996,127.22699999999999,78.25709999999981,3.657,8.555599999999998,0.7537000000000003,66.1435,130.3019375,68.38784999999996,3.669175000000001,8.31735,0.9039250000000001,65.65732500000001,1.0487793154235978,0.3887972691730683
121.45,24.1,358.1538,SSP3-7.0,2081-2100,17.132600000000025,121.2864,84.01829999999973,3.8302000000000014,7.075900000000001,0.7777999999999992,59.84780000000001,128.40635000000003,66.56331249999994,3.6817249999999997,7.7868125,0.7444375000000002,64.86766250000001,1.0487793154235978,0.4519930495428597
121.45,24.15,381.7394,SSP3-7.0,2081-2100,6.838400000000036,130.77100000000002,68.16229999999996,3.5945,6.6370000000000005,0.7704000000000004,65.7783,129.058225,50.7613874999999,3.4086999999999996,7.67685,0.9638999999999999,63.973637499999995,1.0487793154235978,0.5151888299126467
121.45,24.2,365.9708,SSP3-7.0,2081-2100,0.43470000000002074,130.78379999999999,41.24260000000004,2.9631000000000007,8.9222,1.2926000000000002,64.6109,129.4362125,0.5948499999999797,2.9598749999999994,7.402312500000001,1.1421499999999996,64.44512499999999,1.0487793154235978,0.578384610282438
121.45,24.25,299.3308,SSP3-7.0,2081-2100,3.308899999999994,128.2048,-64.46400000000017,2.3842,7.0926000000000045,1.2667000000000002,63.9109,124.724875,-50.96277499999999,2.4949500000000002,7.8761375000000005,1.1370499999999997,61.690225,1.0487793154235978,0.6415803906522295
121.45,24.3,235.0949,SSP3-7.0,2081-2100,14.53909999999999,119.8423,-126.9665,1.979099999999999,8.203700000000005,0.8925999999999998,58.4935,115.5582125,-61.465112500000004,2.2980375,7.195124999999999,0.9960749999999994,56.721475,1.0487793154235978,0.704776171022021
121.45,24.35,234.2998,SSP3-7.0,2081-2100,23.73090000000002,85.2678,-27.966300000000047,2.285499999999999,5.5147999999999975,0.9518999999999984,38.658699999999996,117.087525,-53.218362499999984,2.2322875,7.052075,0.9321749999999998,57.783425,1.0487793154235978,0.7679719513918124
121.45,24.4,252.4848,SSP3-7.0,2081-2100,27.18739999999997,108.47810000000001,28.297399999999925,2.5843999999999987,5.775900000000004,1.092600000000001,53.6326,116.18843749999999,-22.628687499999984,2.3417375,6.729637499999999,1.1523249999999996,57.341575000000006,1.0487793154235978,0.8311677317615993
121.45,24.45,279.4547,SSP3-7.0,2081-2100,27.600300000000004,118.06280000000001,6.705800000000181,2.679199999999998,7.674099999999999,1.3000000000000007,58.358700000000006,123.2825875,-4.643212499999947,2.444337500000001,6.6185375,1.4810250000000003,62.003524999999996,1.0487793154235978,0.8943635121313908
121.45,24.5,305.3852,SSP3-7.0,2081-2100,38.343200000000024,136.0302,14.658500000000004,2.485500000000002,8.151900000000001,1.5184999999999995,69.0,125.72873750000001,21.712237500000043,2.5869250000000004,7.4041875,1.9206000000000005,64.1320625,1.0487793154235978,0.9575592925011822
121.45,24.55,288.5667,SSP3-7.0,2081-2100,45.97019999999998,141.1051,68.20170000000007,2.520900000000001,8.781500000000001,2.4407000000000014,73.5217,125.2107125,52.24967500000008,2.7369000000000008,7.459512500000001,2.1388875,64.478275,1.0487793154235978,1.0207550728709736
121.45,24.6,263.3209,SSP3-7.0,2081-2100,49.71940000000001,121.62830000000001,85.46140000000014,2.936200000000003,8.4222,2.618499999999999,62.1891,126.4143125,79.62257500000004,2.7243875,7.671075,2.2486,65.995925,1.0487793154235978,1.0839508532407651
121.45,24.65,265.1685,SSP3-7.0,2081-2100,70.72199999999998,114.7475,104.17120000000023,2.7493000000000016,8.1481,2.4037000000000006,59.6391,121.9622875,70.63860000000005,2.7036750000000005,7.7824125,2.0974500000000003,63.3948375,1.0487793154235978,1.147146633610552
121.45,24.7,259.908,SSP3-7.0,2081-2100,61.59499999999997,104.00559999999999,77.80029999999988,2.6233000000000004,8.236999999999998,2.2851999999999997,51.960899999999995,125.1772,59.1258375000001,2.5919375000000007,8.160875,1.9541625000000002,66.3951,1.0487793154235978,1.2103424139803434
121.45,24.75,277.3872,SSP3-7.0,2081-2100,43.216499999999996,123.4134,71.95190000000002,2.6305000000000014,7.553699999999999,2.2814999999999994,65.9174,124.9476875,36.69480000000004,2.5288250000000003,8.2983625,1.6828750000000001,68.1880375,1.0487793154235978,1.273538194350135
121.45,24.8,281.618,SSP3-7.0,2081-2100,38.18470000000002,126.90079999999999,42.81860000000006,2.5737000000000023,7.307400000000001,1.5777999999999999,72.71520000000001,129.54897499999998,-5.545949999999948,2.3892625,8.093512500000001,1.4856499999999997,73.18232499999999,1.0487793154235978,1.3367339747199263
121.45,24.85,269.4379,SSP3-7.0,2081-2100,31.448699999999974,129.3415,-51.76440000000002,2.194099999999999,7.218500000000002,1.2777999999999992,75.9391,129.25877499999999,-52.50561249999993,2.1587500000000004,7.919912500000001,1.1680500000000003,75.49617500000001,1.0487793154235978,1.3999297550897176
121.45,24.9,229.719,SSP3-7.0,2081-2100,24.899200000000008,127.3006,-107.54790000000003,1.834500000000002,7.609300000000001,0.9463000000000008,77.22170000000001,127.3250375,-99.34999999999988,1.999,8.7673625,1.0273000000000003,76.25515,1.0487793154235978,1.4631255354595045
121.45,24.95,184.5371,SSP3-7.0,2081-2100,8.9897,124.6474,-128.41699999999992,1.9671999999999983,9.835200000000004,1.0722000000000005,76.92609999999999,125.44613749999999,-108.58266249999994,1.9004375000000007,9.3833375,1.0342500000000003,76.48070000000001,1.0487793154235978,1.526321315829296
121.45,25.0,167.6302,SSP3-7.0,2081-2100,6.152600000000007,123.9439,-129.36750000000006,1.9049000000000014,11.312999999999995,1.1037,76.6457,125.51052499999999,-83.04288749999998,2.062225,10.1375,0.9217625,77.0442875,1.0487793154235978,1.5895170961990874
121.45,25.05,152.8315,SSP3-7.0,2081-2100,11.125599999999991,127.9239,-29.045799999999872,2.285399999999999,9.366699999999998,0.7278000000000002,78.74130000000001,127.3344125,-64.97943750000005,2.089925,10.560187499999998,0.7131874999999994,77.75925,1.0487793154235978,1.652712876568879
121.45,25.1,152.66,SSP3-7.0,2081-2100,17.797799999999995,130.50830000000002,-47.41370000000006,2.227999999999998,9.1463,0.32589999999999897,79.3261,130.4403125,-29.32537499999995,2.1329624999999997,10.3088125,0.4328624999999997,79.08397500000001,1.0487793154235978,1.7159086569386703
121.45,25.15,161.2244,SSP3-7.0,2081-2100,19.814599999999984,132.66559999999998,-17.588399999999865,2.0784999999999982,9.0019,-0.05740000000000123,79.38040000000001,132.008175,-56.24431250000001,1.9675499999999992,9.203712499999998,-0.022250000000000325,79.510875,1.0487793154235978,1.7791044373084572
121.45,25.2,155.7339,SSP3-7.0,2081-2100,16.516599999999983,131.2597,-67.1101000000001,1.8847999999999985,9.0963,-0.055600000000000094,77.88260000000001,131.59096250000002,-110.02589999999998,1.667337499999999,7.955575,-0.5507000000000002,79.0402125,1.0487793154235978,1.8423002176782488
121.45,25.25,147.3289,SSP3-7.0,2081-2100,16.450099999999992,131.1182,-116.80179999999996,1.7115999999999971,7.570399999999996,-0.5925999999999991,77.4239,130.98087500000003,-175.15648750000005,1.3624749999999994,7.226862499999999,-0.9361125000000003,78.37117500000001,1.0487793154235978,1.9054959980480402
121.5,22.05,131.3531,SSP3-7.0,2081-2100,22.064899999999994,186.1727,31.80100000000016,1.8293,11.309299999999997,3.5999999999999996,108.20219999999999,182.32957499999998,11.590712499999938,2.6790125,16.378475,3.9050874999999996,107.8068125,1.154473155504819,-2.139033945618553
121.5,22.65,147.1573,SSP3-7.0,2081-2100,36.483000000000004,183.017,23.08719999999994,3.699300000000001,12.472199999999997,2.8222000000000005,99.34570000000001,167.3269125,119.50289999999995,4.1869375,15.0314875,2.401625,89.69075000000001,1.154473155504819,-1.3806845811810693
121.5,23.4,176.4399,SSP3-7.0,2081-2100,58.34220000000002,153.9472,44.06129999999985,3.613900000000001,11.603699999999996,3.0778000000000008,78.93260000000001,156.74045,121.93879999999999,3.790475,11.7446625,2.9955874999999996,81.35245,1.154473155504819,-0.43274787563421135
121.5,23.45,180.9229,SSP3-7.0,2081-2100,59.1832,153.4136,27.13279999999986,3.583500000000001,11.246300000000002,2.7333,78.48700000000001,154.73239999999998,95.32685000000004,3.8680499999999993,11.6624875,2.832175,79.402175,1.154473155504819,-0.3695520952644199
121.5,23.5,187.6755,SSP3-7.0,2081-2100,56.72290000000001,155.1686,36.786600000000135,3.5847999999999978,11.424100000000003,2.763,80.1978,153.69288749999998,78.3104875,3.8237500000000004,11.624299999999998,2.737725,78.74239999999999,1.154473155504819,-0.3063563148946285
121.5,23.55,203.4472,SSP3-7.0,2081-2100,50.608000000000004,156.3281,32.07100000000037,3.4438000000000013,11.1722,3.1722,80.9696,152.334775,75.54801250000006,3.7006499999999996,10.7544,2.7124999999999995,77.914925,1.154473155504819,-0.24316053452483705
121.5,23.6,219.3545,SSP3-7.0,2081-2100,43.870599999999996,150.1595,61.9384,3.112399999999999,8.657400000000003,3.248099999999999,77.1717,152.67402500000003,84.92470000000006,3.5420250000000006,10.3622625,2.6405125,78.046725,1.154473155504819,-0.17996475415504562
121.5,23.65,212.1956,SSP3-7.0,2081-2100,49.192499999999995,151.1276,143.20360000000005,3.431000000000001,9.694400000000002,2.2425999999999995,76.81299999999999,151.29438750000003,102.30147500000001,3.4837625,9.572675,2.6747749999999995,77.16628750000001,1.154473155504819,-0.11676897378525869
121.5,23.7,215.9641,SSP3-7.0,2081-2100,46.7843,149.9834,136.8653999999999,3.6534000000000013,10.355600000000003,2.1685,75.8978,151.6198875,104.60216249999996,3.4069375000000006,9.981925,2.2738625,77.8274375,1.154473155504819,-0.053573193415467256
121.5,23.75,228.4385,SSP3-7.0,2081-2100,36.306599999999975,152.083,44.30199999999991,3.314700000000002,10.629600000000003,1.6241000000000003,78.93039999999999,152.2571375,74.39001249999998,3.2851750000000006,10.346525,2.1655125,78.69945,1.154473155504819,0.009622586954324176
121.5,23.8,243.236,SSP3-7.0,2081-2100,24.302599999999984,155.1561,-5.9184999999999945,3.0706000000000024,9.716699999999996,2.0259,81.09779999999999,153.1821625,42.51782499999996,3.2553375000000004,10.8523125,1.8875,80.0394,1.154473155504819,0.0728183673241156
121.5,23.85,239.7198,SSP3-7.0,2081-2100,29.300399999999996,157.0383,24.40359999999987,3.3033,10.1815,1.7388999999999992,83.0544,151.22272500000003,32.06570000000002,3.32235,10.571525,1.8254499999999998,78.7649375,1.154473155504819,0.13601414769390704
121.5,23.9,261.2974,SSP3-7.0,2081-2100,25.485600000000034,153.7563,-4.365700000000288,3.4985999999999997,10.846300000000003,1.3758999999999997,81.1326,150.30345,41.57201249999997,3.5048999999999992,10.60255,1.7400499999999997,78.0888625,1.154473155504819,0.19920992806369398
121.5,23.95,290.0911,SSP3-7.0,2081-2100,26.04630000000003,153.14610000000002,-24.727499999999964,3.5199999999999996,11.2759,1.6740999999999993,79.68480000000001,146.9523375,41.06197499999993,3.5226875,10.267825000000002,1.5372624999999998,75.7119625,1.154473155504819,0.26240570843348543
121.5,24.0,294.3171,SSP3-7.0,2081-2100,40.17900000000003,135.68579999999997,-4.137299999999868,3.5241000000000007,9.757399999999997,1.5832999999999995,67.5609,141.3587625,33.11964999999992,3.587225,10.100700000000002,1.4037125000000001,72.6078875,1.154473155504819,0.32560148880327683
121.5,24.05,317.0389,SSP3-7.0,2081-2100,25.973700000000008,126.4526,29.26150000000007,3.761300000000002,8.864800000000002,1.2037000000000013,65.6217,135.87705,39.823062499999935,3.630062500000001,9.0439875,1.1868,68.30245,1.154473155504819,0.3887972691730683
121.5,24.1,372.9615,SSP3-7.0,2081-2100,10.945899999999995,131.48930000000001,63.66919999999982,3.8881000000000014,7.2463000000000015,0.644400000000001,65.83040000000001,131.02201250000002,46.28706249999999,3.6859625000000005,8.236812500000001,1.1784875000000001,65.537225,1.154473155504819,0.4519930495428597
121.5,24.15,449.7831,SSP3-7.0,2081-2100,-9.820699999999988,132.51989999999998,69.57880000000023,3.8271999999999977,6.659300000000002,1.3740999999999994,65.82390000000001,132.8432125,42.57146249999994,3.4920000000000004,7.7493,1.1578750000000002,65.96277500000001,1.154473155504819,0.5151888299126467
121.5,24.2,430.1145,SSP3-7.0,2081-2100,-16.31280000000004,140.0103,32.34389999999985,3.1571999999999996,6.274100000000004,1.501900000000001,68.487,129.0204125,6.75120000000004,3.1241499999999998,7.972675000000001,1.3310250000000001,64.3981125,1.154473155504819,0.578384610282438
121.5,24.25,318.813,SSP3-7.0,2081-2100,-3.5740000000000123,128.11169999999998,-83.26819999999998,2.447800000000001,7.7647999999999975,1.2425999999999995,64.2739,124.87877499999999,-36.254962500000005,2.679775,8.024062500000003,1.3863500000000002,61.91278749999999,1.154473155504819,0.6415803906522295
121.5,24.3,252.8969,SSP3-7.0,2081-2100,11.369100000000032,121.327,-167.05140000000006,2.0851000000000006,8.675899999999999,1.2111,60.51299999999999,116.12253749999999,-44.32398749999996,2.4154125,7.027312500000001,1.3037249999999996,56.9812625,1.154473155504819,0.704776171022021
121.5,24.35,255.5467,SSP3-7.0,2081-2100,28.40780000000001,114.75139999999999,-71.03899999999999,2.1296,6.651899999999998,0.9666999999999994,55.945699999999995,115.9441,-21.847874999999902,2.3933750000000003,6.1909625,1.4111249999999997,56.745374999999996,1.154473155504819,0.7679719513918124
121.5,24.4,300.0776,SSP3-7.0,2081-2100,35.02499999999998,121.69359999999999,10.828600000000279,2.4735000000000014,4.927800000000001,1.364799999999999,60.2804,113.8022,23.810650000000095,2.511,5.6294,1.58775,55.6244625,1.154473155504819,0.8311677317615993
121.5,24.45,350.4436,SSP3-7.0,2081-2100,41.565999999999974,113.11860000000001,35.84740000000011,2.724400000000003,4.8093,2.0610999999999997,56.315200000000004,119.87125,39.13056250000017,2.5866000000000002,6.039825,1.8532375000000003,59.523912499999994,1.154473155504819,0.8943635121313908
121.5,24.5,385.5678,SSP3-7.0,2081-2100,50.64770000000004,115.713,-12.080099999999675,2.7436000000000007,6.2056000000000004,2.4574000000000016,57.9522,125.3806625,61.422737500000096,2.635025000000001,7.250712500000001,2.0437375,63.682325,1.154473155504819,0.9575592925011822
121.5,24.55,323.3038,SSP3-7.0,2081-2100,48.61899999999997,138.7355,95.03560000000016,2.7829000000000015,9.557400000000001,2.6981,73.95219999999999,128.49329999999998,68.67345000000012,2.7134000000000014,8.072012500000001,2.2104125,66.114125,1.154473155504819,1.0207550728709736
121.5,24.6,281.8765,SSP3-7.0,2081-2100,54.045199999999966,136.9509,112.47490000000016,2.886800000000001,9.350000000000001,2.277799999999999,73.187,130.9410875,81.99998750000009,2.6492375000000012,8.66065,2.0925875,68.4700875,1.154473155504819,1.0839508532407651
121.5,24.65,268.169,SSP3-7.0,2081-2100,70.48830000000004,128.1814,79.28909999999996,2.4343000000000004,7.877800000000001,1.4426000000000005,66.8978,124.263275,59.43868750000007,2.5678875000000008,8.6326375,1.7416624999999997,64.88749999999999,1.154473155504819,1.147146633610552
121.5,24.7,256.3934,SSP3-7.0,2081-2100,67.2484,116.67219999999999,38.803300000000036,2.2441999999999993,8.655599999999998,0.7944000000000013,59.8413,124.4678875,31.48578750000007,2.3919375000000005,8.05995,1.3773125,66.15435000000001,1.154473155504819,1.2103424139803434
121.5,24.75,276.5896,SSP3-7.0,2081-2100,55.75829999999996,131.899,30.04240000000027,2.1709999999999994,7.622200000000003,1.987,73.5435,123.0424,4.972849999999994,2.3416125000000005,7.8467625,0.9027750000000001,66.6125,1.154473155504819,1.273538194350135
121.5,24.8,293.3549,SSP3-7.0,2081-2100,51.61200000000002,128.9984,12.691699999999855,2.3048,6.3870000000000005,1.6889000000000003,72.1891,127.328575,-36.00066249999992,2.1562875000000004,7.546987500000001,0.8974500000000001,71.9877625,1.154473155504819,1.3367339747199263
121.5,24.85,271.892,SSP3-7.0,2081-2100,36.9504,128.316,-96.24029999999993,2.014400000000002,7.627800000000001,0.7796000000000003,73.8913,125.390575,-85.77774999999997,1.8821125000000003,7.255775000000002,0.9599500000000003,73.1252375,1.154473155504819,1.3999297550897176
121.5,24.9,229.5603,SSP3-7.0,2081-2100,22.967899999999986,123.1388,-146.53179999999975,1.6838999999999977,8.022200000000002,1.014800000000001,73.21300000000001,123.5542125,-142.90589999999997,1.6254750000000007,7.93125,0.7953625000000004,74.17552500000001,1.154473155504819,1.4631255354595045
121.5,24.95,183.2088,SSP3-7.0,2081-2100,11.917300000000012,121.33539999999999,-160.0043999999998,1.6112000000000002,8.6296,0.4463000000000008,74.3891,121.1614375,-162.12640000000002,1.5476500000000004,9.264587500000001,0.9011500000000003,74.3355875,1.154473155504819,1.526321315829296
121.5,25.0,174.3547,SSP3-7.0,2081-2100,7.681699999999978,119.64599999999999,-159.17160000000013,1.4960000000000022,10.736999999999998,1.2443999999999988,74.4652,121.7835375,-128.59891249999995,1.7198624999999996,9.981024999999999,0.7738500000000004,75.4782625,1.154473155504819,1.5895170961990874
121.5,25.05,175.4995,SSP3-7.0,2081-2100,9.22229999999999,123.316,-62.86869999999999,1.8565000000000005,10.4981,1.4055999999999997,75.9674,123.8129625,-90.256475,1.8358499999999998,10.249537499999999,0.7641124999999998,76.693475,1.154473155504819,1.652712876568879
121.5,25.1,162.8556,SSP3-7.0,2081-2100,21.7868,126.7514,-33.38819999999987,1.8434000000000026,11.1833,0.39809999999999945,77.84129999999999,127.05326249999999,-41.49453749999995,1.9481499999999987,9.088437500000001,0.5131999999999999,78.1364125,1.154473155504819,1.7159086569386703
121.5,25.15,204.7554,SSP3-7.0,2081-2100,18.22919999999999,133.0757,-7.388699999999972,1.761499999999998,8.409299999999998,0.579600000000001,80.7957,128.51232499999998,-86.24006249999996,1.7467124999999992,8.456262500000001,-0.2597250000000004,78.5747125,1.154473155504819,1.7791044373084572
121.5,25.2,226.1129,SSP3-7.0,2081-2100,14.886799999999994,134.0545,-188.81809999999996,1.3705999999999996,7.501899999999999,-1.144400000000001,80.7152,129.8483,-141.49038750000003,1.4586749999999986,7.6738625,-0.6620375000000001,78.34428750000001,1.154473155504819,1.8423002176782488
121.5,25.25,168.2755,SSP3-7.0,2081-2100,17.0693,131.5355,-211.06690000000026,1.2178000000000004,7.437000000000005,-1.0222000000000016,77.0783,130.5670375,-239.55603749999997,0.9633624999999988,6.851637499999999,-1.2067124999999999,77.77090000000001,1.154473155504819,1.9054959980480402
121.5,25.3,156.1099,SSP3-7.0,2081-2100,16.913399999999996,131.695,-181.57230000000004,1.2573000000000008,5.161099999999998,-1.0777999999999999,76.9804,130.3836,-270.621675,0.7650624999999991,6.79885,-1.3215125,77.4652,1.154473155504819,1.9686917784178315
121.55,22.05,157.5298,SSP3-7.0,2081-2100,27.8502,184.71519999999998,52.809799999999996,1.3700999999999972,7.892599999999998,4.542599999999998,105.6957,182.51176249999997,8.964612499999959,2.7364125,16.8055625,3.7872624999999998,108.120125,1.2601669955860404,-2.139033945618553
121.55,23.55,183.7436,SSP3-7.0,2081-2100,48.208800000000025,153.43200000000002,54.97129999999993,3.4101999999999997,10.959299999999999,2.4722,78.92389999999999,153.1490625,67.88745000000011,3.5553125000000003,10.1949,2.8981499999999993,78.4274375,1.2601669955860404,-0.24316053452483705
121.55,23.6,193.2841,SSP3-7.0,2081-2100,48.25999999999999,154.74360000000001,65.29409999999984,3.221000000000002,9.6704,2.8630000000000004,79.8543,152.09910000000002,80.90568750000006,3.3787625,9.8729,2.7627249999999997,77.7518875,1.2601669955860404,-0.17996475415504562
121.55,23.65,201.9305,SSP3-7.0,2081-2100,45.2655,153.0267,76.16240000000016,2.9947000000000017,8.036999999999999,3.209299999999999,78.01089999999999,151.80630000000002,88.1646624999999,3.3338875000000003,9.9377375,2.5104124999999997,77.65051249999999,1.2601669955860404,-0.11676897378525869
121.55,23.7,203.7558,SSP3-7.0,2081-2100,41.571,152.3523,62.97769999999991,2.8294999999999995,9.4296,3.131500000000001,77.3565,152.28218750000002,83.6868,3.354250000000001,9.853925,2.2801124999999995,78.20894999999999,1.2601669955860404,-0.053573193415467256
121.55,23.75,207.1175,SSP3-7.0,2081-2100,38.061199999999985,153.3184,27.665399999999863,2.9930000000000003,10.2241,2.1647999999999996,79.2652,153.2025,47.35507499999997,3.186700000000001,10.2342625,2.169225,79.44591249999999,1.2601669955860404,0.009622586954324176
121.55,23.8,221.5869,SSP3-7.0,2081-2100,33.001799999999974,154.2518,-23.251199999999926,2.9756,10.822199999999999,1.816699999999999,80.6304,154.94476250000002,16.397212499999966,3.181187500000001,10.8189875,1.8032374999999998,81.5380375,1.2601669955860404,0.0728183673241156
121.55,23.85,225.5658,SSP3-7.0,2081-2100,28.980800000000016,156.7722,-43.14930000000004,3.233699999999999,10.951899999999998,1.5037000000000003,83.5913,155.0559,14.619200000000006,3.250400000000001,11.2729125,1.8321749999999999,81.5252625,1.2601669955860404,0.13601414769390704
121.55,23.9,230.093,SSP3-7.0,2081-2100,24.723700000000008,157.453,2.2461000000000695,3.296800000000001,12.142600000000002,1.6388999999999996,84.4326,156.6103625,-2.124225000000024,3.2927,11.574075,1.6314875,82.770375,1.2601669955860404,0.19920992806369398
121.55,23.95,240.3488,SSP3-7.0,2081-2100,28.21169999999998,158.8107,-2.0106000000000677,3.493199999999998,12.177800000000005,1.4499999999999993,84.413,153.8710375,1.351349999999968,3.2613125000000003,11.330312500000002,1.6361124999999999,80.66006250000001,1.2601669955860404,0.26240570843348543
121.55,24.0,270.0113,SSP3-7.0,2081-2100,39.37110000000001,156.2433,-26.8738000000003,3.2593999999999994,10.5685,1.5426000000000002,81.22829999999999,147.098025,8.852787500000034,3.4029000000000003,10.913187500000003,1.6215374999999999,76.07173750000001,1.2601669955860404,0.32560148880327683
121.55,24.05,304.0508,SSP3-7.0,2081-2100,18.144499999999994,127.7141,-0.9423999999999069,3.6000000000000014,10.727800000000002,1.763,61.287,145.5080625,15.499312499999974,3.4501250000000003,9.815275,1.450225,74.649725,1.2601669955860404,0.3887972691730683
121.55,24.1,363.4706,SSP3-7.0,2081-2100,6.298000000000002,144.1867,24.126600000000053,3.6508000000000003,8.677799999999998,1.25,71.363,139.28985,18.585675000000037,3.5761375,9.599775000000001,1.5030125,69.9211875,1.2601669955860404,0.4519930495428597
121.55,24.15,449.7768,SSP3-7.0,2081-2100,-8.755499999999984,138.0184,17.834299999999985,3.566700000000001,8.6963,1.5352000000000006,68.43260000000001,138.917025,25.017187500000006,3.474237499999999,8.6882125,1.4611000000000003,68.9339625,1.2601669955860404,0.5151888299126467
121.55,24.2,421.1452,SSP3-7.0,2081-2100,-11.440799999999967,126.19980000000001,9.17450000000008,3.285399999999999,8.4648,1.4907000000000004,63.352199999999996,132.63805000000002,18.554975000000013,3.2607249999999994,8.62015,1.6263875000000003,65.3087,1.2601669955860404,0.578384610282438
121.55,24.25,339.8152,SSP3-7.0,2081-2100,-3.5649999999999977,117.5539,-4.250699999999824,2.924299999999999,9.544400000000003,1.6759000000000004,59.002199999999995,126.6758125,15.114162499999992,2.9656625,7.8307875,1.7111125000000003,62.3701125,1.2601669955860404,0.6415803906522295
121.55,24.3,289.102,SSP3-7.0,2081-2100,15.73090000000002,115.1083,-10.068099999999959,2.6598000000000006,7.0147999999999975,1.7592999999999996,56.932599999999994,122.58487500000001,21.156475000000057,2.7279875000000002,7.054862499999999,1.718525,60.12582499999999,1.2601669955860404,0.704776171022021
121.55,24.35,289.7415,SSP3-7.0,2081-2100,33.11310000000003,120.1401,33.43090000000029,2.5130000000000017,4.4315,1.6740999999999993,58.632600000000004,125.40785,43.03203750000009,2.6415750000000005,5.705549999999999,1.8509375000000001,61.26875,1.2601669955860404,0.7679719513918124
121.55,24.4,338.5587,SSP3-7.0,2081-2100,49.84250000000003,135.6956,84.71240000000034,2.566600000000001,4.9833,2.342600000000001,66.81960000000001,123.56354999999999,65.22790000000012,2.6555750000000002,4.738899999999999,1.9673749999999999,60.4986375,1.2601669955860404,0.8311677317615993
121.55,24.45,413.7522,SSP3-7.0,2081-2100,54.9042,114.90320000000001,100.49659999999994,2.6052999999999997,5.194400000000002,2.3130000000000006,56.6326,120.508325,70.0590875000002,2.6963875000000006,4.9319625,2.3576375,59.622825,1.2601669955860404,0.8943635121313908
121.55,24.5,429.3974,SSP3-7.0,2081-2100,52.96319999999997,108.39349999999999,79.42530000000033,2.5547000000000004,5.4056,2.4369999999999994,53.5152,119.63787500000001,79.41348750000009,2.724500000000001,6.4796375,2.3775500000000003,60.361962500000004,1.2601669955860404,0.9575592925011822
121.55,24.55,348.8081,SSP3-7.0,2081-2100,46.89869999999996,132.69639999999998,91.01099999999997,2.727300000000003,8.4315,1.5815000000000001,68.163,122.1202625,83.98398750000013,2.7601875000000007,7.6893625,2.3636625,62.938874999999996,1.2601669955860404,1.0207550728709736
121.55,24.6,312.6147,SSP3-7.0,2081-2100,44.65769999999998,135.429,110.23489999999993,2.8522,9.8278,2.3518999999999988,71.3848,130.90255000000002,76.74333750000011,2.647862500000001,8.453475000000001,1.67755,68.7027125,1.2601669955860404,1.0839508532407651
121.55,24.65,274.1065,SSP3-7.0,2081-2100,48.477900000000034,135.0055,22.595000000000255,2.1907999999999994,8.238899999999997,1.2036999999999995,72.013,130.46392500000002,25.086675000000014,2.4677500000000006,8.7009375,1.0095,69.0369625,1.2601669955860404,1.147146633610552
121.55,24.7,255.6028,SSP3-7.0,2081-2100,47.7321,129.6672,-76.03150000000005,2.0603000000000016,8.1815,-0.001900000000000901,68.8848,129.0811625,-20.731387499999926,2.1991625,8.3801,0.5835625000000004,69.212775,1.2601669955860404,1.2103424139803434
121.55,24.75,270.7445,SSP3-7.0,2081-2100,52.41629999999998,128.82350000000002,-57.93209999999999,2.276,8.6204,-0.5832999999999995,70.3783,127.2282875,-61.17806249999995,2.0381625000000003,8.008100000000002,0.2685000000000004,69.3266375,1.2601669955860404,1.273538194350135
121.55,24.8,274.097,SSP3-7.0,2081-2100,48.136300000000006,125.8581,-70.31939999999986,2.0200999999999993,7.831500000000002,-0.8203999999999994,71.01299999999999,126.8273125,-89.03436249999993,1.9191500000000001,7.5990625000000005,0.5555500000000002,71.375825,1.2601669955860404,1.3367339747199263
121.55,24.85,277.8704,SSP3-7.0,2081-2100,30.501899999999978,124.0763,-156.5619999999999,1.3704999999999998,6.5944,0.6796000000000006,72.5043,122.41708750000001,-131.25606249999998,1.6783125,7.387487500000001,0.5736000000000001,70.9932,1.2601669955860404,1.3999297550897176
121.55,24.9,245.9151,SSP3-7.0,2081-2100,23.281499999999994,117.5101,-209.0068000000001,1.0753000000000021,7.075900000000001,1.3148,70.2065,118.952775,-190.33468749999997,1.3296875000000004,7.6421125,0.4731375000000002,71.2565125,1.2601669955860404,1.4631255354595045
121.55,24.95,202.4474,SSP3-7.0,2081-2100,21.23830000000001,115.9064,-233.70440000000008,0.9366000000000021,8.859300000000001,-0.15369999999999884,72.32610000000001,116.5909625,-206.51364999999998,1.2430250000000007,8.712250000000001,0.7606375000000001,71.26547500000001,1.2601669955860404,1.526321315829296
121.55,25.0,190.5201,SSP3-7.0,2081-2100,7.260399999999976,117.19830000000002,-183.26420000000007,1.4827999999999975,10.6648,0.6667000000000005,73.6804,117.9802875,-183.75597499999998,1.3283250000000013,9.6273125,0.6335625,72.8486375,1.2601669955860404,1.5895170961990874
121.55,25.05,191.5299,SSP3-7.0,2081-2100,13.179300000000012,119.997,-102.11929999999984,1.714299999999998,10.6815,0.9222000000000001,75.15,121.3463,-130.12436250000002,1.5615125000000005,10.165962500000001,0.8206125,75.0298875,1.2601669955860404,1.652712876568879
121.55,25.1,186.7833,SSP3-7.0,2081-2100,23.204800000000006,124.5349,-38.28150000000005,1.7319999999999993,8.9037,0.7241,77.6978,124.316925,-108.96528749999999,1.6102499999999993,9.2310125,0.36760000000000015,76.78751249999999,1.2601669955860404,1.7159086569386703
121.55,25.15,265.0967,SSP3-7.0,2081-2100,26.12529999999998,124.40470000000002,-27.25019999999995,1.9289999999999985,6.700000000000003,-0.5221999999999998,78.03259999999999,126.99185,-189.09432499999997,1.198562499999999,8.1801,-0.4409624999999997,77.92473749999999,1.2601669955860404,1.7791044373084572
121.55,25.2,258.9274,SSP3-7.0,2081-2100,23.753800000000012,123.9195,-270.07029999999986,0.9073999999999991,6.116699999999998,-1.7462999999999997,77.7217,129.1742375,-275.21092500000003,0.8082249999999989,7.249550000000001,-1.1252125,77.98179999999999,1.2601669955860404,1.8423002176782488
121.55,25.25,189.9007,SSP3-7.0,2081-2100,22.391699999999986,130.8075,-414.64670000000024,0.17879999999999896,7.0593,-1.8796,78.43910000000001,130.0168875,-292.166875,0.6349249999999995,6.475925,-1.366425,77.1114,1.2601669955860404,1.9054959980480402
121.55,25.3,158.4971,SSP3-7.0,2081-2100,21.536100000000005,131.7704,-183.72559999999976,0.7816999999999972,5.748100000000001,-1.235199999999999,77.1,129.52948750000002,-312.02997500000004,0.6021874999999994,6.6483875,-1.378,76.86737500000001,1.2601669955860404,1.9686917784178315
121.6,21.95,197.4578,SSP3-7.0,2081-2100,32.230199999999996,168.9862,75.5,1.6254999999999988,7.366700000000002,4.9556000000000004,95.9783,184.4778875,6.128337499999958,2.7044875,16.871299999999998,3.7356374999999993,109.3348,1.3658608356672617,-2.265425506358136
121.6,22.0,183.9167,SSP3-7.0,2081-2100,33.012,177.40709999999999,81.50739999999996,1.5398999999999994,7.661099999999999,4.661099999999999,100.48700000000001,183.425275,5.377412499999963,2.7151875,16.8345,3.77245,108.7712125,1.3658608356672617,-2.2022297259883445
121.6,23.85,204.8463,SSP3-7.0,2081-2100,35.49599999999998,156.4595,14.951900000000023,3.150100000000002,11.811100000000003,1.7389000000000001,82.9065,156.4159375,-4.016400000000004,3.1901625000000005,11.2511625,1.7088,82.66493750000001,1.3658608356672617,0.13601414769390704
121.6,23.9,210.4865,SSP3-7.0,2081-2100,33.448800000000006,157.6107,-3.756099999999833,2.994500000000002,13.479599999999998,1.935200000000001,83.18260000000001,157.1703875,8.062637499999937,3.2466,11.335425,1.59815,83.44863749999999,1.3658608356672617,0.19920992806369398
121.6,23.95,217.6648,SSP3-7.0,2081-2100,35.82579999999999,159.28910000000002,21.659900000000107,3.148199999999999,11.868500000000001,1.635200000000001,84.1978,156.57845,4.8956749999999545,3.2051000000000003,11.889112500000001,1.7472249999999998,82.8095125,1.3658608356672617,0.26240570843348543
121.6,24.0,232.4058,SSP3-7.0,2081-2100,37.805499999999995,157.784,50.76519999999982,2.8489000000000004,10.703700000000001,1.7036999999999995,83.8609,150.7956375,5.791474999999991,3.288275,11.446525000000001,1.7416749999999999,78.32554999999999,1.3658608356672617,0.32560148880327683
121.6,24.05,270.6114,SSP3-7.0,2081-2100,20.885299999999972,157.9018,0.9535000000000764,3.3275000000000006,11.929600000000004,1.959299999999999,81.9478,151.1322,12.759449999999958,3.248875,11.08265,1.7349625,78.4511,1.3658608356672617,0.3887972691730683
121.6,24.1,329.3079,SSP3-7.0,2081-2100,8.350799999999992,154.321,-13.770399999999881,3.3408999999999978,10.774099999999997,1.7148000000000003,79.78479999999999,148.3447875,8.769312500000012,3.3890875000000005,11.0752375,1.736125,75.4366875,1.3658608356672617,0.4519930495428597
121.6,24.15,347.4789,SSP3-7.0,2081-2100,10.542500000000018,145.9017,-17.89910000000009,3.2973999999999997,11.900000000000002,1.8296000000000001,70.6413,145.1181875,14.040275000000008,3.4381999999999997,10.408349999999999,1.7078625,73.0241875,1.3658608356672617,0.5151888299126467
121.6,24.2,361.3219,SSP3-7.0,2081-2100,10.80759999999998,136.7075,32.91399999999999,3.346899999999998,9.5093,1.8833000000000002,66.1891,135.0743875,28.661225,3.3615625,10.065275000000002,1.75855,66.68833749999999,1.3658608356672617,0.578384610282438
121.6,24.25,343.2496,SSP3-7.0,2081-2100,9.648599999999988,122.281,101.18679999999995,3.5183,8.613,1.9685000000000006,59.6196,126.62971250000001,63.87363750000003,3.17665,8.3168875,1.91805,61.675012499999994,1.3658608356672617,0.6415803906522295
121.6,24.3,326.3621,SSP3-7.0,2081-2100,32.55450000000002,123.66090000000001,205.68180000000007,3.224800000000002,6.329599999999999,2.631500000000001,59.5935,125.13298750000001,80.58471250000002,3.0382749999999996,6.7784625,1.9157500000000003,60.9149625,1.3658608356672617,0.704776171022021
121.6,24.35,329.0514,SSP3-7.0,2081-2100,32.4178,132.853,154.5616,2.980999999999998,4.427799999999998,2.3778000000000006,63.426100000000005,129.269575,102.86503750000003,2.943450000000001,5.37845,2.0636750000000004,62.804625,1.3658608356672617,0.7679719513918124
121.6,24.4,358.1433,SSP3-7.0,2081-2100,42.44419999999997,138.173,136.6304,3.0122,2.633300000000002,2.1537000000000006,66.6391,130.5918125,99.52033750000004,2.8627749999999996,5.303699999999999,2.1662250000000003,63.751099999999994,1.3658608356672617,0.8311677317615993
121.6,24.45,401.4136,SSP3-7.0,2081-2100,45.917100000000005,132.8755,121.06670000000031,2.8055999999999983,4.835199999999997,2.8278,66.1174,120.66876250000001,95.90036250000003,2.8061125000000002,5.435875,2.2592625,58.990224999999995,1.3658608356672617,0.8943635121313908
121.6,24.5,433.8064,SSP3-7.0,2081-2100,53.78370000000001,98.40379999999999,104.04199999999992,2.6905,5.6556,3.2166999999999994,49.3435,119.9317125,95.17456250000004,2.7431000000000005,6.5326375,2.0539375000000004,59.3600625,1.3658608356672617,0.9575592925011822
121.6,24.55,376.8988,SSP3-7.0,2081-2100,49.566599999999994,110.65699999999998,99.88869999999997,2.7164,7.1480999999999995,1.8648000000000007,54.4196,121.09663749999999,90.74462499999998,2.760162500000001,7.5439875,1.9303375,61.7195625,1.3658608356672617,1.0207550728709736
121.6,24.6,322.8684,SSP3-7.0,2081-2100,53.48219999999998,132.67940000000002,82.85060000000021,2.854400000000002,8.364799999999999,1.6056000000000008,69.7565,129.7804875,72.98801249999997,2.6671250000000004,8.179174999999999,1.2456124999999998,67.63341249999999,1.3658608356672617,1.0839508532407651
121.6,24.65,286.5627,SSP3-7.0,2081-2100,46.033799999999985,132.3143,30.801800000000185,2.59,8.659300000000002,0.7462999999999997,71.2326,133.2517125,-5.049287500000048,2.3977625000000002,8.364349999999998,0.49862499999999965,70.94075,1.3658608356672617,1.147146633610552
121.6,24.7,260.2413,SSP3-7.0,2081-2100,25.505999999999972,131.81699999999998,-177.72970000000032,1.8198000000000008,8.6907,-1.140699999999999,71.1109,131.4120125,-65.93398749999994,2.1072625,8.224775,0.10833749999999953,70.7307,1.3658608356672617,1.2103424139803434
121.6,24.75,281.6095,SSP3-7.0,2081-2100,26.245799999999974,127.93639999999999,-131.7208999999998,1.8672000000000004,8.6759,0.21850000000000058,68.68480000000001,128.3831625,-123.0150625,1.8644750000000005,8.0506875,-0.4023125000000001,70.208975,1.3658608356672617,1.273538194350135
121.6,24.8,281.1558,SSP3-7.0,2081-2100,25.1884,124.97800000000001,-115.16039999999975,1.8179000000000016,8.020400000000002,-0.5777999999999999,69.34570000000001,124.3922625,-132.90875,1.7325749999999998,7.509475,-0.058800000000000185,69.83505,1.3658608356672617,1.3367339747199263
121.6,24.85,272.1187,SSP3-7.0,2081-2100,28.625499999999988,119.5909,-197.39330000000018,1.5313999999999979,7.244399999999999,0.2518999999999991,70.4696,119.345725,-143.04694999999998,1.4892250000000002,7.162487500000001,0.15807499999999974,68.9630375,1.3658608356672617,1.3999297550897176
121.6,24.9,251.0524,SSP3-7.0,2081-2100,21.475899999999996,110.9464,-228.08820000000014,0.9786999999999999,6.890699999999999,0.9369999999999994,67.6174,115.2429625,-193.41062500000004,1.1317250000000003,7.110875,0.23286249999999975,68.5923875,1.3658608356672617,1.4631255354595045
121.6,24.95,228.8761,SSP3-7.0,2081-2100,26.3365,108.31200000000001,-304.1531,0.5108000000000033,7.2684999999999995,-0.17040000000000077,65.6413,113.4836875,-207.027825,1.1068875,8.080324999999998,0.6275500000000003,69.20897500000001,1.3658608356672617,1.526321315829296
121.6,25.0,212.0405,SSP3-7.0,2081-2100,20.155999999999977,114.64070000000001,-261.88909999999987,1.1055000000000028,10.409300000000002,0.6315000000000008,70.9109,115.704075,-197.2693375,1.168675,8.7055625,0.42871250000000005,71.0407625,1.3658608356672617,1.5895170961990874
121.6,25.05,211.386,SSP3-7.0,2081-2100,16.98320000000001,120.68879999999999,-186.13720000000012,1.3957000000000015,9.935199999999998,0.7425999999999995,73.9391,119.70558750000001,-163.189725,1.3985499999999993,9.13195,0.49283750000000026,73.6891375,1.3658608356672617,1.652712876568879
121.6,25.1,195.5677,SSP3-7.0,2081-2100,25.20689999999999,123.9943,-115.99440000000004,1.5801999999999978,8.996300000000002,0.7519000000000009,75.737,122.58032499999999,-202.58586250000008,1.2076499999999992,8.328700000000001,-0.20809999999999995,75.3108625,1.3658608356672617,1.7159086569386703
121.6,25.15,243.72,SSP3-7.0,2081-2100,28.019199999999984,122.3075,-336.5756000000001,0.8013999999999974,7.444400000000002,-1.3369999999999997,76.837,124.897825,-266.8470500000001,0.845899999999999,7.36875,-0.7108749999999995,76.0461875,1.3658608356672617,1.7791044373084572
121.6,25.2,221.5467,SSP3-7.0,2081-2100,16.220700000000022,127.297,-522.2377999999999,-0.40800000000000125,6.885200000000001,-1.7536999999999985,76.0522,126.34246250000001,-341.44961250000006,0.5011374999999987,6.7763875,-1.3687374999999997,76.33885000000001,1.3658608356672617,1.8423002176782488
121.6,25.25,184.373,SSP3-7.0,2081-2100,18.57990000000001,129.9115,-493.7033999999999,-0.38530000000000086,6.5593,-1.9222000000000001,75.9043,128.78761250000002,-320.70193750000004,0.4641499999999992,6.6356375000000005,-1.3303124999999998,76.47309999999999,1.3658608356672617,1.9054959980480402
121.6,25.3,165.5419,SSP3-7.0,2081-2100,17.93289999999999,129.95170000000002,-286.1406000000002,0.3379000000000012,6.3980999999999995,-1.0296000000000003,75.3391,129.305925,-318.15992499999993,0.512049999999999,6.4770875000000006,-1.4613374999999997,76.776625,1.3658608356672617,1.9686917784178315
121.65,24.0,214.1692,SSP3-7.0,2081-2100,34.668300000000016,155.1203,28.570199999999886,3.0778999999999996,12.953700000000001,2.2944000000000004,82.7674,157.1047625,8.647312499999998,3.1415625,11.69745,1.76275,82.68995000000001,1.4715546757485132,0.32560148880327683
121.65,24.05,230.0174,SSP3-7.0,2081-2100,33.5052,155.6,29.112300000000005,2.8759000000000015,11.588900000000002,1.7055999999999996,83.2022,152.0223125,8.080787499999985,3.285875,11.7588,1.8888875,78.36359999999999,1.4715546757485132,0.3887972691730683
121.65,24.1,254.4267,SSP3-7.0,2081-2100,27.049399999999963,158.0882,11.08789999999999,3.3371999999999993,12.666699999999999,1.9055999999999997,84.1152,152.056925,10.256049999999988,3.3185125,11.537737500000002,1.8296249999999998,77.5828875,1.4715546757485132,0.4519930495428597
121.65,24.15,260.1308,SSP3-7.0,2081-2100,31.249599999999987,159.3474,5.881399999999985,3.4572000000000003,12.4148,1.9407000000000005,82.50439999999999,147.8844125,18.564587499999988,3.3236624999999993,11.1808,1.8256999999999999,74.7288125,1.4715546757485132,0.5151888299126467
121.65,24.2,290.2077,SSP3-7.0,2081-2100,20.069600000000037,144.0765,25.073899999999867,3.520500000000002,12.063000000000002,1.9425999999999988,68.4522,145.03536250000002,27.105199999999968,3.415412499999999,10.8048625,1.8740625000000004,72.70245,1.4715546757485132,0.578384610282438
121.65,24.25,300.6087,SSP3-7.0,2081-2100,18.69749999999999,127.21640000000001,92.28870000000006,3.3226999999999975,8.8259,1.6852,61.5022,136.71615,68.71022499999995,3.3905750000000006,8.9914375,2.0520750000000003,66.6350625,1.4715546757485132,0.6415803906522295
121.65,24.3,313.9771,SSP3-7.0,2081-2100,21.793499999999995,122.5144,160.17499999999995,3.128800000000002,4.783300000000004,2.275900000000001,58.376099999999994,134.098275,93.80429999999996,3.2671249999999996,7.631937499999999,1.9960750000000003,64.7877875,1.4715546757485132,0.704776171022021
121.65,24.35,348.9838,SSP3-7.0,2081-2100,21.557600000000036,143.39679999999998,117.35349999999971,3.2582999999999984,6.587,1.9093,69.8283,131.4472125,111.0630625,3.1255875000000004,5.9490625,2.0419125000000005,63.2138625,1.4715546757485132,0.7679719513918124
121.65,24.4,363.9797,SSP3-7.0,2081-2100,27.351300000000037,135.4675,95.0043999999998,3.184100000000001,6.2647999999999975,1.763,65.6152,134.4333625,99.08272500000004,3.039112499999999,5.731012499999999,2.0185375000000003,65.35761249999999,1.4715546757485132,0.8311677317615993
121.65,24.45,377.9533,SSP3-7.0,2081-2100,35.825800000000015,129.4028,89.53659999999991,2.988299999999999,5.7056000000000004,2.122200000000001,62.937000000000005,121.6486875,89.77862500000003,2.9608499999999998,5.969199999999999,2.0507125000000004,59.3355875,1.4715546757485132,0.8943635121313908
121.65,24.5,398.5396,SSP3-7.0,2081-2100,44.662499999999966,104.9107,77.35519999999997,2.847200000000001,7.644400000000001,1.725900000000001,50.4196,120.5662625,84.13159999999999,2.7937374999999998,6.477549999999999,1.9636750000000003,59.675275,1.4715546757485132,0.9575592925011822
121.65,24.55,427.1516,SSP3-7.0,2081-2100,47.4837,125.6146,102.61639999999989,2.700000000000003,7.8963,1.5593000000000004,62.676100000000005,118.305075,64.97312499999992,2.6922125,7.0974375,1.4953750000000003,60.033699999999996,1.4715546757485132,1.0207550728709736
121.65,24.6,341.5363,SSP3-7.0,2081-2100,70.4608,130.6457,78.42159999999967,2.8550000000000004,7.125899999999998,0.9648000000000003,68.4978,129.94785,33.455212500000016,2.556,7.7544,0.6881999999999999,67.840225,1.4715546757485132,1.0839508532407651
121.65,24.65,255.9377,SSP3-7.0,2081-2100,51.54609999999997,135.8814,48.334699999999884,2.7052999999999976,8.105599999999999,-0.30740000000000123,72.68039999999999,133.7431,-37.83269999999999,2.3370000000000006,8.028224999999999,0.1041749999999999,71.742125,1.4715546757485132,1.147146633610552
121.65,24.7,239.1876,SSP3-7.0,2081-2100,24.354299999999995,134.8885,-129.06989999999996,1.8443000000000005,8.3796,-0.6870000000000012,73.1978,132.805225,-90.09583749999996,2.0868,8.1493,-0.00832500000000036,71.933975,1.4715546757485132,1.2103424139803434
121.65,24.75,251.2344,SSP3-7.0,2081-2100,10.61360000000002,126.7793,-234.44900000000007,1.3242000000000012,6.936999999999998,0.27779999999999916,68.7739,130.1586375,-110.88323749999995,1.8847375000000008,8.067575000000001,-0.10902499999999993,71.31931250000001,1.4715546757485132,1.273538194350135
121.65,24.8,277.4363,SSP3-7.0,2081-2100,24.975899999999967,124.25370000000001,-123.42849999999999,1.7531999999999996,7.744400000000001,0.31479999999999997,68.9674,124.69005000000001,-117.94357500000001,1.7204750000000004,7.3372625000000005,0.0678249999999998,69.66114999999999,1.4715546757485132,1.3367339747199263
121.65,24.85,311.7786,SSP3-7.0,2081-2100,28.400000000000034,117.8199,-91.4648000000002,1.718,6.427800000000001,-0.8093000000000021,67.8891,118.2971625,-119.95282500000002,1.5693875,7.225687499999999,0.16295000000000015,68.086425,1.4715546757485132,1.3999297550897176
121.65,24.9,257.8623,SSP3-7.0,2081-2100,26.984699999999975,109.3233,-150.3454999999999,1.1800999999999995,6.7147999999999985,0.22589999999999932,64.1609,113.45320000000001,-152.7138750000001,1.3438875000000001,7.109487499999998,0.1360999999999999,67.17580000000001,1.4715546757485132,1.4631255354595045
121.65,24.95,233.9441,SSP3-7.0,2081-2100,22.838400000000036,109.4048,-204.65509999999995,0.7310999999999979,6.701899999999998,0.5241000000000007,65.54129999999999,111.5712,-186.07557499999996,1.2722375000000006,7.792349999999999,0.2861,67.28314999999999,1.4715546757485132,1.526321315829296
121.65,25.0,229.1821,SSP3-7.0,2081-2100,31.05000000000001,112.93950000000001,-185.26929999999993,1.3649999999999984,7.325900000000001,0.8741000000000003,69.2283,114.489525,-190.62327499999998,1.2422125000000008,8.237274999999999,0.06852499999999995,69.230975,1.4715546757485132,1.5895170961990874
121.65,25.05,220.8446,SSP3-7.0,2081-2100,27.35499999999999,121.18579999999999,-178.85210000000006,1.2131000000000007,8.2074,0.0240999999999989,72.81960000000001,118.4923875,-171.34413750000004,1.380925,8.2731625,0.13403750000000025,71.7481,1.4715546757485132,1.652712876568879
121.65,25.1,207.0185,SSP3-7.0,2081-2100,27.736800000000017,123.15419999999999,-239.8479000000002,0.9954999999999998,7.866700000000002,-0.6518999999999995,74.28909999999999,122.22615,-207.6120250000002,1.1481124999999999,7.6201375,-0.3252249999999999,73.55109999999999,1.4715546757485132,1.7159086569386703
121.65,25.15,218.6738,SSP3-7.0,2081-2100,28.008399999999995,124.36970000000001,-511.62310000000025,-0.11980000000000146,6.890699999999999,-1.566699999999999,73.7217,124.88717499999998,-255.67997500000018,0.8509374999999997,6.96875,-0.5486124999999997,74.53479999999999,1.4715546757485132,1.7791044373084572
121.65,25.2,190.889,SSP3-7.0,2081-2100,18.167900000000003,127.50829999999999,-409.4712000000004,0.15090000000000003,6.590699999999998,-0.9222000000000001,75.11739999999999,125.8327875,-334.68747500000006,0.46716249999999926,6.786575000000001,-1.0983874999999996,74.81739999999999,1.4715546757485132,1.8423002176782488
121.65,25.25,171.5283,SSP3-7.0,2081-2100,16.05600000000001,127.51100000000001,-268.25639999999976,0.5466999999999977,6.850000000000001,-1.0536999999999992,74.937,127.74463750000001,-367.88480000000015,0.2576624999999999,6.522449999999999,-1.1969874999999999,75.1714625,1.4715546757485132,1.9054959980480402
121.7,24.2,275.0358,SSP3-7.0,2081-2100,27.81850000000003,161.164,-10.29060000000004,3.5477999999999987,12.118499999999997,1.9389000000000003,83.9435,145.6514625,19.67747499999996,3.4347250000000003,10.5699125,1.8467500000000001,72.63233749999999,1.5772485158297345,0.578384610282438
121.7,24.25,277.3466,SSP3-7.0,2081-2100,24.434499999999957,149.57670000000002,1.6724999999999,3.495799999999999,10.390700000000002,1.840700000000001,73.1043,142.58409999999998,37.23661249999995,3.3817375000000003,9.3016125,1.8486125,70.672025,1.5772485158297345,0.6415803906522295
121.7,24.3,295.0345,SSP3-7.0,2081-2100,19.304900000000032,133.7482,33.26839999999993,3.341700000000003,8.124099999999999,1.935200000000001,63.80219999999999,142.2265125,49.42509999999996,3.2956749999999992,8.502987500000001,1.820825,70.33125,1.5772485158297345,0.704776171022021
121.7,24.35,335.7223,SSP3-7.0,2081-2100,18.4289,140.0532,44.421100000000024,2.994399999999999,7.7574000000000005,1.6204,67.4261,137.013025,66.85098749999995,3.2064,7.279612500000001,1.8414374999999998,67.254075,1.5772485158297345,0.7679719513918124
121.7,24.4,358.8934,SSP3-7.0,2081-2100,24.572600000000023,125.1075,58.76180000000022,3.137699999999999,7.272199999999998,1.5777999999999999,60.8326,138.31672500000002,69.74409999999995,3.1123999999999996,6.966425,1.7567249999999996,68.03042500000001,1.5772485158297345,0.8311677317615993
121.7,24.45,364.1507,SSP3-7.0,2081-2100,28.232700000000023,133.6051,70.33010000000013,3.1354000000000006,6.6296,1.5593000000000004,65.6543,126.6334,65.23183749999998,3.0385,6.92615,1.6402875,62.2978125,1.5772485158297345,0.8943635121313908
121.7,24.5,374.8033,SSP3-7.0,2081-2100,29.825000000000045,104.6464,55.03839999999991,2.8740999999999985,6.8185,1.5815000000000001,50.063,128.32361250000002,64.60238750000002,2.8313375000000005,7.2111125,1.4301125000000003,64.09129999999999,1.5772485158297345,0.9575592925011822
121.7,24.55,416.0153,SSP3-7.0,2081-2100,38.745799999999974,129.3249,30.533899999999903,2.4395999999999987,7.131499999999999,0.9778000000000002,66.1913,124.4402125,50.916387499999985,2.6494750000000007,7.2856375,0.9963000000000004,63.2032625,1.5772485158297345,1.0207550728709736
121.7,24.6,327.1352,SSP3-7.0,2081-2100,57.44709999999998,135.1727,-8.345400000000154,2.2605000000000004,6.890699999999999,0.025900000000000034,71.5783,132.480525,6.586174999999969,2.3797875000000004,7.3986125000000005,0.36434999999999995,69.4076125,1.5772485158297345,1.0839508532407651
121.7,24.65,278.3812,SSP3-7.0,2081-2100,29.609500000000025,137.9385,-119.03899999999976,2.181799999999999,7.838900000000002,-0.9667000000000012,74.187,134.90885,-33.05275000000006,2.2100750000000007,7.5006875,0.0918874999999999,72.6010875,1.5772485158297345,1.147146633610552
121.7,24.7,241.0741,SSP3-7.0,2081-2100,19.18530000000004,134.4887,-60.55159999999978,2.2902000000000022,8.2759,0.2851999999999997,74.3761,134.7390375,-96.29582500000004,1.8804500000000002,7.64375,0.07499999999999951,73.47472499999999,1.5772485158297345,1.2103424139803434
121.7,24.75,229.8429,SSP3-7.0,2081-2100,4.033100000000019,135.2862,-76.41300000000001,1.9159000000000006,8.011100000000003,0.8203999999999994,74.4261,131.65657499999998,-95.76456250000001,1.8113875000000008,7.514799999999999,0.31481249999999994,72.7361375,1.5772485158297345,1.273538194350135
121.7,24.8,247.45,SSP3-7.0,2081-2100,13.738800000000026,127.6206,-72.99189999999999,1.769400000000001,6.7425999999999995,-0.10559999999999903,70.4457,126.5182125,-79.96583750000008,1.7537250000000002,7.0161875,0.4597249999999997,70.91955,1.5772485158297345,1.3367339747199263
121.7,24.85,271.1531,SSP3-7.0,2081-2100,31.52260000000001,117.50910000000002,-23.95530000000008,1.8198000000000008,6.6389,0.4667000000000012,67.2543,119.7200625,-73.92813750000005,1.7249124999999998,6.6511499999999995,0.08701249999999994,68.394025,1.5772485158297345,1.3999297550897176
121.7,24.9,277.5127,SSP3-7.0,2081-2100,28.717100000000016,112.15530000000001,-48.259500000000116,1.7045999999999992,7.809299999999999,-0.20929999999999893,66.4304,113.4201875,-102.21267500000005,1.5978249999999998,6.4557875,0.021750000000000158,66.31575,1.5772485158297345,1.4631255354595045
121.7,24.95,261.6735,SSP3-7.0,2081-2100,29.905100000000004,111.8872,-123.74170000000004,1.7567000000000021,7.894399999999997,0.09810000000000052,66.56299999999999,111.1997,-153.51397499999996,1.456612499999999,7.0030125,-0.23171249999999977,66.24565,1.5772485158297345,1.526321315829296
121.7,25.0,245.8166,SSP3-7.0,2081-2100,37.58100000000002,112.3652,-186.85819999999967,1.5764999999999993,8.0259,-0.09810000000000052,67.713,114.23231249999999,-166.87001250000003,1.4024624999999995,7.306949999999999,-0.6451374999999997,68.325275,1.5772485158297345,1.5895170961990874
121.7,25.05,221.6028,SSP3-7.0,2081-2100,48.08749999999998,117.4317,-78.69970000000012,1.648299999999999,7.4556000000000004,-1.2036999999999995,70.7196,118.7178375,-184.08542500000004,1.2948499999999994,7.1875,-0.6995374999999999,70.374725,1.5772485158297345,1.652712876568879
121.7,25.1,199.8942,SSP3-7.0,2081-2100,34.98749999999998,122.7247,-116.0573000000004,1.380700000000001,6.170400000000001,0.025900000000000034,71.4478,123.19906250000001,-197.21748750000012,1.0924375,6.729637500000001,-0.8782499999999998,72.3429375,1.5772485158297345,1.7159086569386703
121.7,25.15,183.4885,SSP3-7.0,2081-2100,28.455600000000004,125.1067,-136.95680000000038,1.285300000000003,5.8611,-0.038899999999999935,73.187,126.57249999999999,-224.66656250000017,0.9333374999999999,6.1777750000000005,-0.5231624999999998,73.0336875,1.5772485158297345,1.7791044373084572
121.7,25.2,173.4387,SSP3-7.0,2081-2100,24.865399999999994,127.00469999999999,-168.29880000000003,1.0214999999999996,5.935199999999998,-0.46300000000000097,73.6109,126.88415,-268.88035000000013,0.7259625000000001,6.185875,-0.5842624999999995,73.5516375,1.5772485158297345,1.8423002176782488
121.75,24.25,262.9529,SSP3-7.0,2081-2100,32.5505,156.4508,-44.76700000000005,3.655800000000003,10.564799999999998,1.640699999999999,81.3891,146.3011375,21.120837499999936,3.3796999999999993,10.218512500000001,1.8516124999999999,73.07935,1.6829423559109558,0.6415803906522295
121.75,24.3,280.3745,SSP3-7.0,2081-2100,35.42500000000001,155.4493,-2.276600000000144,3.5421999999999976,10.175899999999999,1.75,80.4848,144.4136,29.249524999999977,3.2360500000000005,8.806012500000001,1.8247499999999999,72.3692875,1.6829423559109558,0.704776171022021
121.75,24.35,323.1967,SSP3-7.0,2081-2100,31.3288,143.1545,26.533600000000206,2.967399999999998,8.938900000000004,1.8443999999999985,70.53909999999999,143.829725,30.172499999999957,3.0797375000000002,8.07175,1.7157375,72.9198375,1.6829423559109558,0.7679719513918124
121.75,24.4,357.6013,SSP3-7.0,2081-2100,25.366000000000042,137.26600000000002,45.98779999999988,3.091000000000001,6.090700000000002,1.6758999999999986,68.5543,142.5662625,43.719850000000065,2.9810250000000003,7.8076375,1.6719999999999997,72.25053750000001,1.6829423559109558,0.8311677317615993
121.75,24.45,339.8916,SSP3-7.0,2081-2100,26.982799999999997,144.1879,68.7856999999999,3.2803000000000004,7.757399999999997,1.5592999999999986,73.6891,133.9627625,34.94138750000002,2.8912875000000002,7.318974999999998,1.5930624999999998,67.6094875,1.6829423559109558,0.8943635121313908
121.75,24.5,338.6862,SSP3-7.0,2081-2100,23.835300000000018,132.0784,31.38480000000027,2.9053000000000004,7.855599999999999,1.1166999999999998,66.2717,132.4031375,28.007349999999974,2.717925,7.440974999999998,1.4194624999999998,67.4209125,1.6829423559109558,0.9575592925011822
121.75,24.55,384.9637,SSP3-7.0,2081-2100,53.30169999999998,127.46450000000002,46.276400000000194,2.3546000000000014,7.0685,0.8204000000000011,64.8913,130.47835,12.266062499999975,2.4780874999999996,7.0752375,0.9460625,67.250275,1.6829423559109558,1.0207550728709736
121.75,24.6,318.566,SSP3-7.0,2081-2100,50.52030000000002,134.9887,24.583700000000135,2.3991000000000007,6.9852000000000025,0.1759000000000004,71.22829999999999,134.372525,-21.581999999999994,2.1655625,6.8513874999999995,0.44235,71.143225,1.6829423559109558,1.0839508532407651
121.75,24.65,279.9552,SSP3-7.0,2081-2100,14.624900000000025,137.98590000000002,-159.03830000000016,1.4029000000000025,7.036999999999999,-0.30930000000000035,74.9087,136.4162625,-26.48144999999994,2.247725,7.248375000000001,0.3120125,73.78778750000001,1.6829423559109558,1.147146633610552
121.75,24.7,227.1843,SSP3-7.0,2081-2100,16.849699999999984,135.2192,-58.75680000000011,1.9233000000000011,7.2056000000000004,0.5870000000000015,74.3413,136.3845875,-68.78283749999991,1.9800375000000003,7.5006875,0.3925749999999997,74.7369625,1.6829423559109558,1.2103424139803434
121.75,24.75,201.423,SSP3-7.0,2081-2100,11.280699999999996,133.9333,-41.9353000000001,1.745899999999999,7.6351999999999975,1.1852,75.2826,134.9018375,-56.628424999999936,1.975787500000001,7.425225,0.5634125000000001,74.2758125,1.6829423559109558,1.273538194350135
121.75,24.8,217.8323,SSP3-7.0,2081-2100,12.668800000000005,136.0693,-44.933500000000095,1.840600000000002,7.1981,0.6610999999999994,76.5043,130.268325,-43.73021249999999,1.8903500000000002,6.8801000000000005,0.6152750000000005,72.40326250000001,1.6829423559109558,1.3367339747199263
121.75,24.85,258.6382,SSP3-7.0,2081-2100,27.14580000000001,120.4949,-3.1473000000000866,1.9121999999999986,5.537000000000003,0.7611000000000008,68.2587,123.21888750000001,-53.200725000000034,1.8384250000000004,6.3833375,0.24512500000000048,69.8173875,1.6829423559109558,1.3999297550897176
121.75,24.9,295.6983,SSP3-7.0,2081-2100,28.977199999999982,110.02350000000001,-56.85410000000002,1.921199999999999,5.0352,-0.14259999999999984,64.4957,115.8360875,-100.02542500000004,1.6779875000000004,6.2169,-1.2499999999304734e-05,67.152425,1.6829423559109558,1.4631255354595045
121.75,24.95,291.636,SSP3-7.0,2081-2100,29.843899999999962,110.8988,-163.5376000000001,1.743500000000001,6.696299999999997,-0.9499999999999993,66.363,112.18131249999999,-169.12272499999995,1.459825,6.460175,-0.5453749999999997,66.0581375,1.6829423559109558,1.526321315829296
121.75,25.0,272.5216,SSP3-7.0,2081-2100,28.79940000000005,112.48719999999999,-232.33249999999998,1.4308999999999976,7.7148,-2.0778,66.0326,114.855775,-193.85049999999995,1.3626125000000004,6.67685,-1.0009124999999996,68.0703625,1.6829423559109558,1.5895170961990874
121.75,25.05,229.8115,SSP3-7.0,2081-2100,28.922499999999985,117.6235,-167.87210000000005,1.3310999999999993,6.459299999999999,-2.4499999999999993,69.3348,120.0920625,-188.13557500000002,1.2560499999999997,6.5094875000000005,-1.0141125,69.95732500000001,1.6829423559109558,1.652712876568879
121.75,25.1,211.3809,SSP3-7.0,2081-2100,29.189999999999998,127.26260000000002,-165.59400000000005,1.065999999999999,5.729600000000001,-1.2425999999999995,72.1326,124.214775,-138.6336250000001,1.3410250000000006,5.895850000000001,-0.6330999999999998,71.42555,1.6829423559109558,1.7159086569386703
121.75,25.15,200.9515,SSP3-7.0,2081-2100,26.896899999999988,129.4583,-98.29419999999982,1.3200000000000003,5.366700000000002,0.1036999999999999,72.5391,127.1541125,-155.43266250000016,1.2321625000000003,5.708337500000001,-0.3340375,72.3372375,1.6829423559109558,1.7791044373084572
121.8,24.3,281.1604,SSP3-7.0,2081-2100,40.55020000000002,156.02349999999998,2.696799999999712,3.2994999999999983,11.1111,1.8758999999999997,82.8065,147.67785,14.671587499999987,3.1535875000000004,8.749300000000002,1.7402625,74.52472499999999,1.788636195992177,0.704776171022021
121.8,24.35,308.6296,SSP3-7.0,2081-2100,34.61619999999999,153.7875,9.995800000000145,3.0050000000000026,8.777800000000003,1.5648,81.5109,144.71105,30.881899999999973,3.0450249999999994,8.334249999999999,1.7492999999999996,73.62445,1.788636195992177,0.7679719513918124
121.8,24.4,346.0626,SSP3-7.0,2081-2100,32.30860000000001,149.2026,48.52489999999989,2.2264000000000017,5.2647999999999975,1.725900000000001,77.9413,143.66537499999998,22.78309999999999,3.0676625,8.5710625,1.7006874999999992,73.68639999999999,1.788636195992177,0.8311677317615993
121.8,24.45,295.8852,SSP3-7.0,2081-2100,23.216799999999978,151.4318,22.4058,3.1016000000000012,10.062999999999995,1.9240999999999993,80.4109,141.7994375,20.782987500000047,2.8055750000000006,7.379624999999999,1.5092624999999997,72.8344875,1.788636195992177,0.8943635121313908
121.8,24.5,300.6507,SSP3-7.0,2081-2100,13.377400000000023,138.36430000000001,-52.902500000000146,2.6587999999999994,8.557399999999998,1.5832999999999995,71.1478,134.401075,7.710050000000024,2.523625,7.576862499999999,1.3356624999999998,69.2771625,1.788636195992177,0.9575592925011822
121.8,24.55,308.9933,SSP3-7.0,2081-2100,32.55560000000003,130.2002,-16.409000000000106,1.899000000000001,5.501899999999999,1.3499999999999996,67.3196,137.128,-12.086499999999944,2.2714374999999998,7.325,0.9953625000000001,71.949175,1.788636195992177,1.0207550728709736
121.8,24.6,258.7833,SSP3-7.0,2081-2100,26.390800000000013,139.0512,34.24459999999999,2.3882999999999974,6.8611,0.7574000000000005,74.20219999999999,135.7542875,-26.555675000000008,2.021375000000001,6.51065,0.6791500000000001,72.5391375,1.788636195992177,1.0839508532407651
121.8,24.65,237.7586,SSP3-7.0,2081-2100,24.1918,137.8423,19.120800000000145,2.3978,6.4815000000000005,0.8833000000000002,75.8674,137.535575,-31.568174999999997,2.077675,6.8004625,0.5194250000000002,74.6029875,1.788636195992177,1.147146633610552
121.8,24.7,213.9866,SSP3-7.0,2081-2100,18.199799999999982,136.62879999999998,-43.10789999999997,2.1407999999999987,7.4481,0.7480999999999991,74.52170000000001,136.6219625,-48.30662499999994,2.0251000000000006,7.1321875,0.5182750000000003,75.0554375,1.788636195992177,1.2103424139803434
121.8,24.75,181.712,SSP3-7.0,2081-2100,21.812100000000015,136.973,-69.29839999999967,1.7650000000000006,7.277799999999999,0.4944000000000006,74.3261,136.257725,-35.806337499999984,2.0508125,7.3155125000000005,0.8287,75.1747125,1.788636195992177,1.273538194350135
121.8,24.8,184.8057,SSP3-7.0,2081-2100,20.85130000000001,136.9289,-26.974299999999857,2.161100000000001,7.2425999999999995,1.0167000000000002,75.26520000000001,129.4947875,-53.14591250000001,1.8211375000000003,6.443975,0.5201125000000004,72.0712,1.788636195992177,1.3367339747199263
121.8,24.85,211.9242,SSP3-7.0,2081-2100,18.618499999999983,133.4006,-35.12620000000015,2.0335,5.9556000000000004,0.28330000000000055,73.9674,124.5679125,-57.912825,1.8370500000000005,5.988875,0.4462875000000004,70.31004999999999,1.788636195992177,1.3999297550897176
121.8,24.9,270.9585,SSP3-7.0,2081-2100,22.34359999999998,112.0438,-116.51099999999997,1.4572000000000003,4.444400000000002,-0.009299999999999642,64.1761,119.99435,-123.78719999999998,1.6536125000000004,5.4338,-0.011124999999999607,68.6467375,1.788636195992177,1.4631255354595045
121.8,24.95,286.0704,SSP3-7.0,2081-2100,25.504999999999995,108.29899999999999,-285.9247999999998,0.9964000000000013,4.7593,-0.44069999999999965,64.2065,116.108525,-197.197425,1.3594125000000004,5.585175,-0.7627374999999998,67.17255,1.788636195992177,1.526321315829296
121.8,25.0,255.9441,SSP3-7.0,2081-2100,22.781999999999982,118.18929999999999,-302.5,0.8351000000000006,5.998100000000001,-1.4832999999999998,68.8478,117.154075,-232.30638749999997,1.2014500000000004,5.854175,-1.2402749999999998,67.813575,1.788636195992177,1.5895170961990874
121.8,25.05,234.9002,SSP3-7.0,2081-2100,21.081399999999974,122.15149999999998,-241.66989999999987,1.013300000000001,6.1259000000000015,-1.4795999999999996,70.8152,123.05845000000001,-202.40913750000004,1.1664124999999994,5.845137500000001,-1.2129625,70.0714625,1.788636195992177,1.652712876568879
121.8,25.1,217.2597,SSP3-7.0,2081-2100,24.67439999999999,128.1243,-181.37300000000005,1.0976,4.855600000000003,-0.553700000000001,71.95,127.01329999999999,-113.15371249999998,1.4395499999999997,5.480325000000001,-0.6062499999999997,71.31902500000001,1.788636195992177,1.7159086569386703
121.8,25.15,197.1041,SSP3-7.0,2081-2100,29.334400000000016,131.0975,-88.14600000000019,1.6519000000000013,4.872199999999999,0.5315000000000012,71.41090000000001,128.2499375,-34.27772500000003,1.7878125,5.187037500000001,0.0006999999999999229,71.87555,1.788636195992177,1.7791044373084572
121.85,24.5,290.1548,SSP3-7.0,2081-2100,12.921399999999949,145.90370000000001,-55.842699999999695,2.1423999999999985,8.1037,1.2889,77.90650000000001,137.571775,-7.379025000000013,2.32065,7.4303374999999985,1.3208374999999999,72.078525,1.8943300360733983,0.9575592925011822
121.85,24.55,274.5239,SSP3-7.0,2081-2100,11.1952,139.2957,-89.95900000000029,1.6316999999999986,7.446300000000001,1.0443999999999996,73.6652,137.655,7.949375000000032,2.2728249999999997,7.028474999999999,1.1349625,73.1407625,1.8943300360733983,1.0207550728709736
121.85,24.6,253.7975,SSP3-7.0,2081-2100,17.362300000000005,139.8775,-34.477300000000014,1.6913000000000018,5.722200000000001,1.1759000000000004,76.2804,137.517025,13.967987499999992,2.2698374999999995,6.69145,0.825925,73.97665,1.8943300360733983,1.0839508532407651
121.85,24.65,236.8816,SSP3-7.0,2081-2100,28.054399999999987,138.3795,-2.542699999999968,2.3946000000000005,5.842600000000001,0.2926000000000002,76.15220000000001,138.419,-22.326362500000016,2.0824,6.9354125,0.6974374999999999,75.17146249999999,1.8943300360733983,1.147146633610552
121.85,24.7,202.0537,SSP3-7.0,2081-2100,22.1473,138.1538,-13.45069999999987,2.2810999999999986,7.3019,0.7278000000000002,75.1891,137.1049375,-48.75448749999998,1.9327000000000005,6.83125,0.6321500000000002,75.21005,1.8943300360733983,1.2103424139803434
121.85,24.85,194.3985,SSP3-7.0,2081-2100,14.303999999999974,135.4228,-41.22370000000001,2.045300000000001,6.761099999999999,0.8907000000000007,73.6087,126.1001,-72.76193749999999,1.8216750000000002,5.1604125,0.2833125000000003,70.417125,1.8943300360733983,1.3999297550897176
121.85,24.9,219.6486,SSP3-7.0,2081-2100,8.46090000000001,128.05100000000002,-149.70339999999987,1.5390000000000015,5.053699999999999,-0.07409999999999961,72.9174,121.7071875,-142.66019999999992,1.5420625000000001,4.966675,-0.08913749999999987,68.61359999999999,1.8943300360733983,1.4631255354595045
121.85,24.95,244.5554,SSP3-7.0,2081-2100,25.214200000000034,113.36420000000001,-254.78049999999985,1.0378000000000007,3.6722,-0.4167000000000005,65.3565,122.6264625,-223.46307499999995,1.1910500000000006,5.0851875,-0.46828749999999997,69.0266375,1.8943300360733983,1.526321315829296
121.85,25.0,223.7946,SSP3-7.0,2081-2100,33.58940000000001,123.81039999999999,-301.3603000000003,0.9106000000000023,6.066700000000001,-0.9481000000000002,69.19130000000001,122.61792500000001,-232.22728749999987,1.0522375,5.242825,-0.634725,68.9967375,1.8943300360733983,1.5895170961990874
121.85,25.05,209.6039,SSP3-7.0,2081-2100,27.125799999999998,128.598,-210.97339999999986,1.1479999999999997,5.338899999999999,-1.1593,71.20870000000001,126.81213749999999,-149.96198750000002,1.3099124999999998,5.573375000000001,-0.34096250000000006,70.63287500000001,1.8943300360733983,1.652712876568879
121.85,25.1,189.4712,SSP3-7.0,2081-2100,25.40779999999998,128.3723,-57.26780000000008,1.511999999999997,4.598100000000002,0.21110000000000007,71.87389999999999,129.97872500000003,6.261312500000031,2.0106,5.2301,0.22292500000000004,71.3125125,1.8943300360733983,1.7159086569386703
121.85,25.15,170.9226,SSP3-7.0,2081-2100,30.536900000000003,131.5427,124.58770000000004,2.4741,5.3519000000000005,0.6351999999999993,71.23700000000001,129.8614125,-8.56087500000001,1.9095624999999996,4.99305,0.14907500000000007,71.7407625,1.8943300360733983,1.7791044373084572
121.9,24.55,236.2946,SSP3-7.0,2081-2100,20.388300000000015,141.8618,34.64859999999999,2.322899999999997,7.2277999999999984,1.5518999999999998,76.6413,138.69861250000002,-13.728962500000023,2.1914249999999997,6.90255,1.00555,74.17636250000001,2.00002387615465,1.0207550728709736
121.9,24.6,197.3731,SSP3-7.0,2081-2100,33.82680000000002,138.51680000000002,108.05690000000004,2.7253000000000007,7.185199999999998,0.5518999999999998,76.737,140.04568749999999,-13.532299999999964,2.156262499999999,6.8733875,0.9652750000000001,75.7380375,2.00002387615465,1.0839508532407651
121.9,24.9,208.899,SSP3-7.0,2081-2100,8.10759999999999,132.61430000000001,-155.23169999999982,1.6217000000000006,4.424099999999999,-0.18520000000000003,72.40220000000001,126.11739999999999,-127.62903749999998,1.578425,4.992812499999999,0.1043750000000001,69.7353375,2.00002387615465,1.4631255354595045
121.9,24.95,213.5584,SSP3-7.0,2081-2100,26.40269999999998,128.48930000000001,-195.62959999999975,1.223399999999998,4.6815,-0.6926000000000005,70.6957,124.767675,-206.88249999999994,1.2297750000000005,5.0581125,-0.16388749999999996,69.4095125,2.00002387615465,1.526321315829296
121.9,25.0,206.9323,SSP3-7.0,2081-2100,24.8973,129.5146,-280.8438000000001,0.9450000000000003,5.2536999999999985,0.08699999999999974,69.7761,128.3287875,-144.33083749999992,1.3849624999999997,5.44005,-0.0766125000000002,70.252725,2.00002387615465,1.5895170961990874
121.9,25.05,177.6348,SSP3-7.0,2081-2100,23.604499999999973,132.3375,-85.49629999999979,1.2188999999999979,6.113000000000003,0.5074000000000005,71.0674,130.39375,-71.69811250000004,1.6956124999999997,5.59675,0.1814874999999998,70.970375,2.00002387615465,1.652712876568879
121.9,25.1,136.3095,SSP3-7.0,2081-2100,40.65809999999999,131.99720000000002,250.8152,2.9467999999999996,5.575900000000001,0.9314999999999998,71.5413,130.95822500000003,-23.88462499999997,1.8527249999999993,5.155100000000001,0.41921249999999977,71.3019125,2.00002387615465,1.7159086569386703
121.9,25.15,122.7288,SSP3-7.0,2081-2100,48.637,133.98110000000003,482.34619999999995,4.5342,3.6073999999999984,2.3704,71.2696,130.9081,-28.738774999999976,1.7426624999999993,5.353475000000001,0.2949124999999999,71.540225,2.00002387615465,1.7791044373084572
121.95,24.85,139.3408,SSP3-7.0,2081-2100,57.31899999999999,131.9031,159.3788999999997,2.8108999999999984,4.953699999999998,0.8907000000000007,70.9935,129.522225,-119.50563749999992,1.6437125000000001,5.2592625,0.08077500000000004,71.4271875,2.105717716235871,1.3999297550897176
121.95,25.0,171.8806,SSP3-7.0,2081-2100,26.447300000000013,130.1504,-141.7192,1.5687999999999995,5.122199999999999,0.1593,70.3587,131.5198,-104.17851249999995,1.5666874999999998,5.72015,0.20254999999999979,71.132075,2.105717716235871,1.5895170961990874
121.95,25.05,156.8258,SSP3-7.0,2081-2100,26.28830000000002,135.1953,17.94340000000011,1.8919999999999995,6.122199999999999,1.2555999999999994,72.0326,132.096975,22.664862500000027,2.1354499999999996,5.5138875,0.5615749999999999,71.1391375,2.105717716235871,1.652712876568879
122.0,25.0,141.2376,SSP3-7.0,2081-2100,26.40440000000001,134.6852,17.36920000000009,2.0801999999999996,6.403700000000001,0.6814999999999998,72.1109,131.9763,-55.04262499999993,1.7572874999999994,5.4986125,0.3722249999999998,71.2068,2.2114115563170924,1.5895170961990874
122.0,25.05,132.0459,SSP3-7.0,2081-2100,35.8237,135.5118,149.8209999999999,2.6417,6.696300000000001,0.9147999999999996,71.7804,132.043825,8.098137500000064,2.0511624999999993,5.3599499999999995,0.6625124999999998,71.1065375,2.2114115563170924,1.652712876568879
122.1,25.65,212.7383,SSP3-7.0,2081-2100,10.022300000000001,138.4221,-37.08259999999996,1.071200000000001,8.307400000000001,0.6943999999999999,74.10220000000001,130.8772875,53.20013749999998,2.1661124999999997,5.435875,0.509725,72.207625,2.422799236479535,2.4110622410063627
119.45,23.2,88.1242,SSP5-8.5,2021-2040,-7.818700000000007,45.4617,-9.366599999999949,-0.34860000000000113,4.513800000000003,0.5930999999999997,22.209600000000002,45.0263375,-38.522212499999966,-0.9998,-0.18082500000000312,1.371775,22.2115375,-3.1789742878254956,-0.6855309971133726
119.5,23.35,140.2317,SSP5-8.5,2021-2040,-6.666499999999985,44.8017,-40.351999999999975,-0.9238,-1.2897000000000105,1.4775999999999998,21.9865,45.1088375,-34.64903749999996,-0.9279000000000002,0.5446124999999986,1.2612124999999998,22.239424999999997,-3.073280447744274,-0.4959436560039983
119.5,23.4,139.9822,SSP5-8.5,2021-2040,-8.56450000000001,44.4351,-41.54870000000005,-1.0094999999999992,-1.4207000000000107,1.4931,22.521200000000004,45.2581875,-37.417449999999974,-0.9874375,-0.13878750000000117,1.2081999999999997,22.44495,-3.073280447744274,-0.43274787563421135
119.5,23.5,143.6065,SSP5-8.5,2021-2040,-16.163700000000006,45.6605,-48.667100000000005,-1.439700000000002,-1.8345000000000056,1.4654999999999996,23.675,45.1595125,-37.88271250000001,-0.9261124999999995,-1.1243500000000033,1.3747875,22.599525000000003,-3.073280447744274,-0.3063563148946285
119.5,23.6,133.4372,SSP5-8.5,2021-2040,-14.279599999999988,44.9739,-29.575699999999983,-1.064899999999998,-2.2964999999999947,1.1707,22.7077,45.335049999999995,-36.229412500000024,-0.8816500000000005,-0.9827625000000015,1.3200375,22.894237500000003,-3.073280447744274,-0.17996475415504562
119.5,23.65,131.2561,SSP5-8.5,2021-2040,-13.787700000000001,45.5385,-25.556500000000028,-0.8210000000000015,-1.6293000000000006,1.3155000000000001,22.942300000000003,45.1331375,-32.86036250000002,-0.8242249999999998,-0.8540875000000003,1.242025,22.95025,-3.073280447744274,-0.11676897378525869
119.55,23.35,139.2331,SSP5-8.5,2021-2040,-9.163100000000014,45.4137,-44.13609999999994,-1.0421999999999976,-0.47759999999999536,1.1431000000000004,22.165399999999998,45.0323375,-34.17602499999997,-0.9131000000000005,0.4430999999999967,1.3030249999999999,22.2170625,-2.967586607663053,-0.4959436560039983
119.55,23.55,151.4465,SSP5-8.5,2021-2040,-18.256999999999977,45.4773,-52.382799999999975,-1.1692,0.29999999999999716,1.5413999999999994,22.6712,45.31245,-35.10751250000001,-0.9079125000000001,-1.1903000000000006,1.2952625,22.750725000000003,-2.967586607663053,-0.24316053452483705
119.55,23.65,133.0819,SSP5-8.5,2021-2040,-14.467699999999994,45.159099999999995,-25.877200000000016,-0.8385999999999996,-1.5655000000000001,1.2241,22.480800000000002,45.274225,-33.39783750000002,-0.8009999999999997,-0.6536624999999994,1.252375,22.8454375,-2.967586607663053,-0.11676897378525869
119.6,23.25,136.6252,SSP5-8.5,2021-2040,-10.12830000000001,44.5667,-27.4135,-1.0177000000000014,0.734499999999997,0.8465999999999996,21.8154,45.138212499999995,-36.26634999999996,-0.9161625,0.29158749999999767,1.3400874999999999,22.2608125,-2.8618927675818315,-0.6223352167435812
119.6,23.55,143.8459,SSP5-8.5,2021-2040,-16.120900000000006,45.71,-47.44579999999996,-0.8933999999999997,-0.7603000000000009,1.4276,22.3288,45.2259875,-36.438512500000016,-0.9501375000000003,-0.7357750000000003,1.2655249999999998,22.718287500000002,-2.8618927675818315,-0.24316053452483705
119.6,23.6,141.1564,SSP5-8.5,2021-2040,-15.594999999999985,45.180499999999995,-40.32300000000009,-0.6884999999999977,-0.332800000000006,1.3483,23.157700000000002,45.293975,-33.807312499999995,-0.8552374999999999,-0.492662499999998,1.2407374999999998,22.580062499999997,-2.8618927675818315,-0.17996475415504562
119.6,23.65,136.5514,SSP5-8.5,2021-2040,-14.979299999999995,45.011300000000006,-29.38810000000001,-0.5501000000000005,-0.018999999999991246,1.1638000000000002,22.332699999999996,45.236937499999996,-28.60687500000003,-0.74865,-0.6202500000000004,1.1909375,23.0714,-2.8618927675818315,-0.11676897378525869
119.6,23.7,132.8465,SSP5-8.5,2021-2040,-14.465199999999996,44.9432,-20.1948000000001,-0.652700000000003,-2.020700000000005,1.0741000000000005,23.565400000000004,45.153437499999995,-27.522275000000022,-0.7572624999999995,-0.5620624999999979,1.1700375,22.964675,-2.8618927675818315,-0.053573193415467256
119.6,23.75,131.5149,SSP5-8.5,2021-2040,-14.823800000000006,44.6098,-17.695500000000038,-0.7363999999999997,-0.1379000000000019,0.9862000000000002,24.357699999999998,45.19511249999999,-27.83468750000003,-0.7467999999999999,-0.7974124999999983,1.181025,22.8656375,-2.8618927675818315,0.009622586954324176
119.65,23.25,154.9015,SSP5-8.5,2021-2040,-7.223399999999998,44.145700000000005,-6.231699999999819,-0.5029000000000003,3.301700000000004,1.5793,20.528799999999997,45.056062499999996,-34.15115,-0.9599750000000005,-0.1791000000000036,1.1599249999999999,22.361787500000002,-2.7561989275005803,-0.6223352167435812
119.65,23.55,137.1792,SSP5-8.5,2021-2040,-15.869000000000014,45.2658,-34.026700000000005,-0.9671000000000021,-1.0845000000000056,1.2466,22.380800000000004,45.2669875,-34.35970000000002,-0.8036999999999996,-0.1833999999999989,1.2338375,22.6062625,-2.7561989275005803,-0.24316053452483705
119.65,23.6,135.7117,SSP5-8.5,2021-2040,-15.125900000000001,45.3953,-29.446199999999976,-0.7904000000000018,-0.044799999999995066,1.1741000000000001,22.680799999999998,45.1840375,-30.908762500000037,-0.761225,-0.6034500000000005,1.1844875,22.6805375,-2.7561989275005803,-0.17996475415504562
119.65,23.65,133.1052,SSP5-8.5,2021-2040,-14.328299999999999,45.3591,-22.31600000000003,-0.5681999999999974,1.5293000000000063,0.9775999999999998,23.057699999999997,45.1885625,-31.80003750000003,-0.7890000000000006,-0.8002125000000007,1.20905,22.633425000000003,-2.7561989275005803,-0.11676897378525869
119.7,23.55,133.6888,SSP5-8.5,2021-2040,-15.93079999999999,44.843300000000006,-27.69850000000008,-0.9312000000000005,-0.5741000000000014,1.0137999999999998,22.140400000000003,45.3198,-35.15072500000001,-0.8081874999999998,-0.24719999999999942,1.2629375,22.6363125,-2.6505050874193588,-0.24316053452483705
120.0,23.45,147.1014,SSP5-8.5,2021-2040,-5.982200000000006,44.24720000000001,-14.351200000000063,-1.0816000000000017,1.3948000000000036,1.3052000000000001,23.0288,45.2413125,-3.13239999999999,-0.37263749999999973,-0.17156250000000028,1.2892249999999998,22.963224999999998,-2.016342046932001,-0.3695520952644199
120.05,23.05,151.7014,SSP5-8.5,2021-2040,7.134500000000003,43.481,-24.175500000000056,0.05030000000000001,1.1051999999999964,0.3224,19.4115,44.30025,-8.083125000000024,0.5580249999999998,4.085562500000004,0.7995625,20.6516625,-1.9106482068507795,-0.8751183382227424
120.05,23.1,160.5833,SSP5-8.5,2021-2040,3.7058999999999855,43.9295,-50.59050000000002,-0.14000000000000057,5.4121000000000095,0.38620000000000054,19.3577,44.6875125,-14.491062500000027,0.28723749999999937,3.4739250000000013,0.7967624999999997,21.152137499999995,-1.9106482068507795,-0.811922557852951
120.05,23.15,161.5848,SSP5-8.5,2021-2040,4.0656999999999925,42.9205,-41.56709999999998,-0.38370000000000104,5.537900000000008,0.5845000000000002,19.3846,44.649274999999996,-14.015512500000028,0.1273499999999994,3.6319000000000017,0.8064499999999998,21.0471,-1.9106482068507795,-0.748726777483164
120.05,23.5,152.7158,SSP5-8.5,2021-2040,-4.662299999999988,45.22449999999999,-11.529800000000023,-1.037700000000001,0.3499999999999943,1.5051999999999994,24.586499999999997,44.9138875,-0.8799375000000254,-0.056462500000000304,-0.7879249999999995,1.2485000000000002,23.7858125,-1.9106482068507795,-0.3063563148946285
120.1,23.05,164.0755,SSP5-8.5,2021-2040,12.520600000000002,43.443299999999994,-1.5812000000000808,0.6866999999999983,2.4000000000000057,0.5603000000000007,20.915399999999998,44.438625,-2.3479625000000226,0.6936374999999999,3.7418250000000013,0.8502124999999998,20.612000000000002,-1.8049543667695582,-0.8751183382227424
120.1,23.1,164.0134,SSP5-8.5,2021-2040,7.800600000000003,44.972199999999994,-29.46849999999995,0.42579999999999885,5.827600000000004,0.5292999999999992,21.2788,44.567,-11.902025000000066,0.44822499999999943,3.4314750000000034,0.8012875,20.8266625,-1.8049543667695582,-0.811922557852951
120.1,23.15,162.4066,SSP5-8.5,2021-2040,8.900900000000007,46.1707,-21.42820000000006,-0.024499999999999744,5.358600000000003,1.2809999999999988,21.801899999999996,44.7146875,-16.78355000000002,0.3498124999999992,3.665737500000003,0.748925,21.3766625,-1.8049543667695582,-0.748726777483164
120.1,23.2,171.3221,SSP5-8.5,2021-2040,2.315499999999986,44.4684,7.100100000000111,-0.4280000000000008,2.1034000000000006,0.8965999999999994,21.194199999999995,45.039337499999995,-11.753512500000028,0.14878749999999963,4.002800000000002,0.9428749999999997,21.7930125,-1.8049543667695582,-0.6855309971133726
120.1,23.25,167.5961,SSP5-8.5,2021-2040,-0.3645999999999958,43.715199999999996,17.790700000000015,-0.317499999999999,3.8654999999999973,1.2378999999999998,20.863500000000002,45.321175,-4.229212500000017,-0.007374999999999687,2.6012875000000024,0.9409374999999998,22.065125,-1.8049543667695582,-0.6223352167435812
120.1,23.3,161.8927,SSP5-8.5,2021-2040,-3.136499999999984,44.184799999999996,19.327099999999973,-0.5260999999999996,0.8171999999999997,1.3499999999999996,20.6923,44.972049999999996,0.9464749999999924,-0.09603749999999911,2.419387500000001,1.0049499999999998,21.7694625,-1.8049543667695582,-0.5591394363737897
120.1,23.35,160.5993,SSP5-8.5,2021-2040,-6.717399999999998,45.4508,3.0495999999998276,-0.9181999999999988,-2.148300000000006,1.1033999999999997,21.2904,44.887587499999995,-0.35058749999996053,0.003262500000000834,2.1687500000000037,1.1601249999999999,22.088699999999996,-1.8049543667695582,-0.4959436560039983
120.1,23.55,158.8799,SSP5-8.5,2021-2040,-9.755599999999987,44.88459999999999,0.18110000000001492,-0.6828000000000003,-2.593100000000007,1.3345000000000002,24.440399999999997,44.75008750000001,7.939099999999939,0.07788749999999967,-2.1068875000000027,1.2146625,24.061775,-1.8049543667695582,-0.24316053452483705
120.1,23.65,147.0171,SSP5-8.5,2021-2040,-7.947399999999988,44.123999999999995,26.648500000000013,0.39450000000000074,-6.482800000000012,0.9793000000000003,22.1,43.81592499999999,16.58274999999996,0.35589999999999966,-1.9232625000000017,1.1396625,23.748312499999997,-1.8049543667695582,-0.11676897378525869
120.15,22.9,182.8242,SSP5-8.5,2021-2040,5.339500000000015,42.661300000000004,-0.010800000000017462,1.0831000000000017,4.453399999999988,0.5569000000000006,19.5385,44.844800000000006,8.873275000000064,1.2199249999999995,4.918324999999997,0.939875,20.9915875,-1.699260526688307,-1.0647056793321166
120.15,22.95,183.9828,SSP5-8.5,2021-2040,6.931900000000013,42.55120000000001,5.110200000000077,1.1884999999999977,5.5275999999999925,0.6793000000000005,19.5327,44.071275,16.629800000000017,1.2141875000000004,4.3624874999999985,1.13815,20.5093625,-1.699260526688307,-1.0015098989623252
120.15,23.0,179.0614,SSP5-8.5,2021-2040,13.680900000000008,43.38869999999999,26.073200000000043,1.2689000000000021,3.4930999999999983,1.0171999999999999,20.2865,43.655525000000004,13.44441249999997,1.186575,4.1732749999999985,1.0795375000000003,20.234612499999997,-1.699260526688307,-0.9383141185925338
120.15,23.05,168.845,SSP5-8.5,2021-2040,22.160200000000003,44.547000000000004,48.93439999999987,1.425699999999999,2.179300000000012,1.0759000000000007,20.5115,44.5763125,0.37391249999996035,1.0304875000000004,3.8754374999999994,0.9982624999999998,20.999987499999996,-1.699260526688307,-0.8751183382227424
120.15,23.1,171.8789,SSP5-8.5,2021-2040,12.545000000000016,45.0301,4.9628999999999905,1.2053000000000011,2.4758999999999958,0.9620999999999995,21.676900000000003,45.3687875,-3.5079500000000507,0.7886749999999996,4.029100000000002,0.937275,21.6434875,-1.699260526688307,-0.811922557852951
120.15,23.15,172.6805,SSP5-8.5,2021-2040,5.099999999999994,47.0139,-9.771000000000186,0.7659999999999982,2.9827999999999975,1.2378999999999998,23.5538,45.796812499999994,-17.401637499999993,0.4925500000000005,4.131025000000001,0.8993624999999997,22.2591,-1.699260526688307,-0.748726777483164
120.15,23.2,173.6379,SSP5-8.5,2021-2040,3.2912000000000035,45.9396,-13.35310000000004,0.6663999999999994,2.586200000000005,0.8345000000000002,23.6519,45.8743,-15.445024999999987,0.27990000000000004,4.190087500000001,0.9799499999999999,22.553099999999997,-1.699260526688307,-0.6855309971133726
120.15,23.25,176.7822,SSP5-8.5,2021-2040,-1.4067000000000007,45.3978,-15.557999999999993,0.5838999999999999,5.046600000000005,0.4878999999999998,23.117299999999997,45.09665,-5.9389500000000055,0.04606250000000056,3.2874875,0.9801749999999999,22.1591125,-1.699260526688307,-0.6223352167435812
120.15,23.3,164.996,SSP5-8.5,2021-2040,-2.301200000000023,44.863299999999995,11.248599999999897,-0.06829999999999714,3.8345000000000056,1.0137999999999998,21.661499999999997,45.03815,-4.147349999999989,-0.04563749999999933,2.343750000000001,0.9713124999999999,21.9951875,-1.699260526688307,-0.5591394363737897
120.15,23.35,166.8912,SSP5-8.5,2021-2040,-4.124599999999987,46.0771,8.079800000000205,-0.09039999999999893,0.7741000000000042,1.0637999999999996,22.0288,44.8380375,-10.275162500000022,0.015725000000000655,2.3327500000000008,1.0726125,21.9600875,-1.699260526688307,-0.4959436560039983
120.15,23.4,167.3857,SSP5-8.5,2021-2040,-6.914500000000004,45.275999999999996,-4.102499999999964,0.4873000000000012,1.2931000000000097,1.3931000000000004,21.8558,45.2517125,-9.248337499999991,0.02600000000000069,1.7993500000000031,1.0713249999999999,22.6456625,-1.699260526688307,-0.43274787563421135
120.15,23.45,169.7463,SSP5-8.5,2021-2040,-11.401399999999995,45.357200000000006,-16.976100000000088,-0.13919999999999888,0.48969999999999914,1.1258999999999997,24.165399999999998,45.5604625,-6.822687499999972,0.27752499999999936,0.890712500000002,1.1724125,23.402387499999996,-1.699260526688307,-0.3695520952644199
120.15,23.5,182.3152,SSP5-8.5,2021-2040,-20.55709999999999,45.475500000000004,-23.088399999999865,-0.07400000000000162,-0.3551999999999964,1.4379,24.646199999999997,45.3147625,2.5673249999999115,0.1688875000000003,-0.9165875000000012,1.225225,24.3386875,-1.699260526688307,-0.3063563148946285
120.15,23.55,169.2276,SSP5-8.5,2021-2040,-17.55109999999999,44.5701,4.1185999999997875,-0.13510000000000133,-3.0241000000000042,1.3810000000000002,24.194199999999995,45.004962500000005,8.523262499999987,0.24088749999999992,-1.7560375000000032,1.1670375000000002,24.489175,-1.699260526688307,-0.24316053452483705
120.15,23.6,154.9187,SSP5-8.5,2021-2040,-9.202799999999996,43.137,35.64549999999997,0.4298000000000002,-2.8033999999999963,1.1138000000000003,23.201900000000002,44.5281125,13.342974999999939,0.2300749999999998,-2.5189625000000024,1.0838375,24.0624875,-1.699260526688307,-0.17996475415504562
120.15,23.65,152.2337,SSP5-8.5,2021-2040,-8.633199999999988,43.937400000000004,39.77609999999993,1.0311999999999983,-1.812100000000001,0.8620999999999999,23.617300000000004,43.8837625,14.845799999999969,0.5006499999999998,-2.3446000000000016,1.0258500000000002,23.425462500000002,-1.699260526688307,-0.11676897378525869
120.15,23.7,159.0972,SSP5-8.5,2021-2040,-12.526599999999974,43.698299999999996,22.88810000000001,0.9648000000000003,-4.094800000000006,1.3137999999999996,22.457699999999996,43.72908749999999,17.216037499999985,0.6238874999999995,-1.568537499999998,0.8926750000000001,23.7064875,-1.699260526688307,-0.053573193415467256
120.15,23.75,155.5938,SSP5-8.5,2021-2040,-14.356299999999976,42.954,4.6952,0.3642000000000003,-0.13100000000000023,1.0414000000000003,24.671200000000002,43.6572375,5.590087499999996,0.6430999999999996,-1.1114249999999988,0.8698374999999998,24.418262500000004,-1.699260526688307,0.009622586954324176
120.15,23.8,149.9186,SSP5-8.5,2021-2040,-13.542699999999996,42.4575,-8.250999999999976,0.386099999999999,-0.33450000000000557,0.7827999999999999,25.475,43.0958625,-9.900637500000002,0.43277500000000035,-1.6249874999999978,0.9775874999999998,25.036775,-1.699260526688307,0.0728183673241156
120.2,22.8,197.0965,SSP5-8.5,2021-2040,0.2785000000000082,48.135400000000004,-1.9488999999998668,0.8593000000000011,5.082799999999992,0.4724000000000004,22.3846,47.5678875,-9.137599999999935,0.7961624999999999,5.101712499999998,0.8269625,22.600499999999997,-1.5935666866070857,-1.191097240071695
120.2,22.85,199.0056,SSP5-8.5,2021-2040,2.4735000000000014,47.413000000000004,-5.4565000000000055,1.1630000000000003,5.7930999999999955,0.3828000000000005,21.888499999999997,45.783275,-0.7733124999999177,0.9601500000000001,4.684262499999995,0.8368625,21.602175,-1.5935666866070857,-1.1279014597019037
120.2,22.9,190.9749,SSP5-8.5,2021-2040,7.3566000000000145,45.2122,-9.139799999999923,0.9429999999999978,6.058599999999998,1.2862,21.315399999999997,44.897125,7.5870750000000555,1.3430125,5.013799999999995,0.8920375,20.9966375,-1.5935666866070857,-1.0647056793321166
120.2,22.95,197.0414,SSP5-8.5,2021-2040,4.80619999999999,42.7958,10.573000000000093,0.7467000000000006,4.8344999999999985,1.2965999999999998,19.3192,44.2044375,11.527412500000025,1.3242125000000002,4.710549999999997,1.1137875000000002,20.666099999999997,-1.5935666866070857,-1.0015098989623252
120.2,23.0,195.1873,SSP5-8.5,2021-2040,3.9890000000000043,43.398900000000005,4.043099999999868,1.1602000000000032,5.637899999999995,1.7413999999999996,19.936499999999995,44.355250000000005,19.501350000000002,1.3248249999999997,3.9758750000000003,1.1888,20.5175375,-1.5935666866070857,-0.9383141185925338
120.2,23.05,177.4156,SSP5-8.5,2021-2040,15.322399999999988,43.9898,26.908500000000004,1.3375999999999983,4.082799999999992,1.2275999999999998,20.571199999999997,45.2284875,5.846474999999941,1.2655000000000012,3.5407375000000014,1.125425,21.2442125,-1.5935666866070857,-0.8751183382227424
120.2,23.1,182.2399,SSP5-8.5,2021-2040,10.649299999999982,45.659099999999995,-9.55230000000006,1.0919000000000025,3.744800000000005,0.5533999999999999,21.6865,46.054725000000005,-3.660575000000051,0.991975,3.2724375000000006,1.07975,22.120662499999998,-1.5935666866070857,-0.811922557852951
120.2,23.15,197.3576,SSP5-8.5,2021-2040,-4.067599999999999,47.1543,-32.10529999999994,0.600200000000001,5.6569,1.0328000000000008,22.828799999999998,46.260025,-19.46538750000005,0.7140250000000008,3.319400000000001,0.9790999999999999,22.9418,-1.5935666866070857,-0.748726777483164
120.2,23.2,193.4613,SSP5-8.5,2021-2040,-6.676400000000001,46.98009999999999,-45.36869999999999,0.40330000000000155,5.294799999999995,1.1052,23.953799999999998,46.04384999999999,-24.914000000000016,0.48087500000000016,3.469187500000004,0.9510875000000003,23.236024999999998,-1.5935666866070857,-0.6855309971133726
120.2,23.25,181.3037,SSP5-8.5,2021-2040,-4.086199999999991,46.09400000000001,-24.21979999999985,0.6557999999999993,3.2121000000000066,0.5603000000000007,23.111499999999996,45.284375,-28.62790000000004,0.20836250000000112,3.9209000000000014,1.0110000000000001,23.08915,-1.5935666866070857,-0.6223352167435812
120.2,23.3,176.4082,SSP5-8.5,2021-2040,-12.9332,44.5278,-20.03650000000016,-0.017099999999999227,4.586199999999991,0.8430999999999997,22.144199999999998,45.1434625,-26.088837499999954,0.23578750000000115,3.184487500000004,0.9252000000000002,22.821849999999998,-1.5935666866070857,-0.5591394363737897
120.2,23.35,181.8558,SSP5-8.5,2021-2040,-12.893,44.857699999999994,-21.611699999999928,0.26450000000000173,2.5966000000000093,1.1241000000000003,22.7135,45.032775,-20.52464999999995,0.20031250000000078,3.038350000000001,1.039425,22.6220875,-1.5935666866070857,-0.4959436560039983
120.2,23.4,177.111,SSP5-8.5,2021-2040,-9.876599999999996,44.7694,-16.560599999999795,0.4157999999999973,3.679300000000005,0.9724000000000004,22.7288,45.46225,-17.925149999999974,0.28162500000000046,2.0911500000000025,1.084475,23.031724999999998,-1.5935666866070857,-0.43274787563421135
120.2,23.45,179.4661,SSP5-8.5,2021-2040,-13.615700000000004,45.2348,-20.502800000000207,0.3735999999999997,3.060300000000005,1.2138,22.6923,45.769775,-10.793287499999934,0.3637999999999999,1.296750000000002,1.1530125,23.954075,-1.5935666866070857,-0.3695520952644199
120.2,23.5,174.421,SSP5-8.5,2021-2040,-10.192800000000005,46.3635,11.533500000000004,0.7439,-0.7052000000000049,0.8966000000000003,24.7538,45.815137500000006,-9.901012500000064,0.17656250000000018,0.060549999999999216,1.2833999999999999,24.5769125,-1.5935666866070857,-0.3063563148946285
120.2,23.55,178.3221,SSP5-8.5,2021-2040,-17.015000000000015,46.175000000000004,8.918399999999792,0.15360000000000085,-3.2172000000000054,1.3121,25.982699999999998,45.1995625,2.8491499999999945,0.2626750000000002,-1.2605625000000007,1.1704625,24.5134375,-1.5935666866070857,-0.24316053452483705
120.2,23.6,175.7264,SSP5-8.5,2021-2040,-19.167900000000003,43.8714,10.45900000000006,0.19819999999999993,-2.229300000000009,1.0276000000000005,23.934600000000003,44.671287500000005,9.532949999999929,0.35588750000000013,-1.3943874999999988,1.0881375,24.4490125,-1.5935666866070857,-0.17996475415504562
120.2,23.65,157.1646,SSP5-8.5,2021-2040,-10.693399999999997,43.474599999999995,14.898399999999924,0.6768999999999998,1.301700000000011,1.0431,23.469199999999997,44.18631250000001,13.948700000000002,0.6220624999999997,-1.426712499999999,0.8622750000000001,23.853825,-1.5935666866070857,-0.11676897378525869
120.2,23.7,156.8797,SSP5-8.5,2021-2040,-8.187700000000007,43.5016,17.706299999999942,1.116699999999998,-2.2516999999999996,0.43789999999999996,23.017300000000002,43.8728375,7.387274999999988,0.5958000000000001,-0.2956874999999979,0.961425,24.2338875,-1.5935666866070857,-0.053573193415467256
120.2,23.75,158.5914,SSP5-8.5,2021-2040,-12.976100000000002,43.240199999999994,1.3894000000000233,0.30549999999999855,-3.413799999999995,1.1620999999999997,24.763500000000004,43.585375,-3.303862499999994,0.5787750000000003,-0.921974999999998,0.8553874999999999,24.7600875,-1.5935666866070857,0.009622586954324176
120.2,23.8,159.4839,SSP5-8.5,2021-2040,-16.29230000000001,43.4378,-17.83719999999994,0.27609999999999957,-1.9413999999999874,1.0413999999999994,26.1519,42.99665,-12.096962500000018,0.3847125,-0.8030124999999995,0.8905249999999999,25.3057625,-1.5935666866070857,0.0728183673241156
120.2,23.85,150.5228,SSP5-8.5,2021-2040,-13.988199999999978,41.9312,-21.754400000000032,0.29699999999999704,-1.1568999999999932,0.7138,25.469199999999997,42.389975,-17.654537500000004,0.47688750000000013,-1.8907374999999984,0.9260875,24.9182625,-1.5935666866070857,0.13601414769390704
120.25,22.6,206.2164,SSP5-8.5,2021-2040,-8.557400000000001,51.0493,-51.76440000000002,0.6297999999999995,6.739699999999999,1.8361999999999998,23.299999999999997,48.7646375,-69.43692500000003,0.4477125000000006,6.4739249999999995,2.0291000000000006,22.4168125,-1.4878728465258642,-1.4438803615508562
120.25,22.65,214.8677,SSP5-8.5,2021-2040,-5.809200000000004,49.2053,-30.486200000000053,0.9801000000000002,7.215499999999992,1.6431000000000004,24.198099999999997,49.187062499999996,-58.235637500000024,0.4895750000000003,6.224787500000001,1.6931125000000002,23.161524999999997,-1.4878728465258642,-1.3806845811810693
120.25,22.7,222.8883,SSP5-8.5,2021-2040,-5.704399999999993,47.48069999999999,-11.578400000000101,0.6575000000000024,4.053399999999996,1.2741000000000007,22.8423,49.0243375,-38.19228749999999,0.6293125000000002,6.179100000000001,1.273075,23.5103375,-1.4878728465258642,-1.317488800811278
120.25,22.75,220.3806,SSP5-8.5,2021-2040,-3.4920999999999935,48.9139,-12.991700000000037,0.5296000000000021,5.1861999999999995,0.9845000000000006,23.040399999999998,48.6385375,-19.225262499999985,0.7544375000000003,5.244812499999997,0.9806125000000001,23.444462499999997,-1.4878728465258642,-1.2542930204414864
120.25,22.8,217.3803,SSP5-8.5,2021-2040,-4.391199999999998,48.9348,-3.8988999999999123,0.6033000000000008,2.8654999999999973,0.7982999999999993,22.817299999999996,47.7782625,-9.231274999999954,0.8477874999999999,5.1969749999999975,0.8765250000000003,22.8175625,-1.4878728465258642,-1.191097240071695
120.25,22.85,205.1626,SSP5-8.5,2021-2040,-0.6784999999999854,46.831199999999995,-8.739199999999983,1.3633999999999986,5.396599999999992,0.7258999999999993,22.4231,47.05120000000001,-3.894037499999911,0.997125,4.821112499999996,0.8510875,22.3754875,-1.4878728465258642,-1.1279014597019037
120.25,22.9,205.1656,SSP5-8.5,2021-2040,0.7686999999999955,45.5821,9.337500000000091,1.3862999999999985,4.165499999999994,0.8102999999999998,22.4481,45.693712500000004,6.464837500000073,1.33785,5.398499999999998,1.087525,21.5603375,-1.4878728465258642,-1.0647056793321166
120.25,22.95,208.7716,SSP5-8.5,2021-2040,0.8033000000000072,44.98420000000001,43.227800000000116,1.6996000000000002,4.077600000000004,1.3207000000000004,20.7192,45.331787500000004,6.663950000000028,1.5062625000000005,4.944612499999998,1.3920375,21.7410875,-1.4878728465258642,-1.0015098989623252
120.25,23.0,207.0415,SSP5-8.5,2021-2040,-2.3510000000000275,45.8569,13.57809999999995,1.8641000000000005,4.270700000000005,1.4983000000000004,21.5519,45.3618125,2.5020000000000095,1.2828500000000003,4.3629374999999975,1.4972125,21.748549999999998,-1.4878728465258642,-0.9383141185925338
120.25,23.05,201.4759,SSP5-8.5,2021-2040,-0.3702999999999861,46.7284,-18.394400000000132,1.067499999999999,3.3414,1.3948,21.648099999999996,46.188024999999996,-10.72663750000001,1.213725000000001,3.8963374999999987,1.3030124999999997,22.510087499999997,-1.4878728465258642,-0.8751183382227424
120.25,23.1,193.5872,SSP5-8.5,2021-2040,-1.2949999999999875,47.2188,-22.873199999999997,1.0404000000000018,3.1828000000000003,0.7602999999999991,22.6558,46.5643375,-21.84526250000002,0.8750000000000004,3.8135875000000006,1.1379374999999998,22.737487499999997,-1.4878728465258642,-0.811922557852951
120.25,23.15,192.8901,SSP5-8.5,2021-2040,-0.43949999999998113,46.7555,-26.946500000000015,0.49310000000000187,2.2776000000000067,0.9466000000000001,23.519199999999998,46.4173,-27.09008750000004,0.6986000000000008,4.0916000000000015,1.0469874999999997,22.993,-1.4878728465258642,-0.748726777483164
120.25,23.2,198.0553,SSP5-8.5,2021-2040,-7.7017999999999915,45.48309999999999,-32.82120000000009,0.04579999999999984,4.010300000000001,1.4328000000000003,22.8365,45.807425,-29.393249999999995,0.4415750000000007,3.2168250000000045,1.0765250000000002,23.166312499999997,-1.4878728465258642,-0.6855309971133726
120.25,23.25,200.0552,SSP5-8.5,2021-2040,-10.579800000000006,44.51259999999999,-44.53710000000001,0.03580000000000183,1.9810000000000088,1.0759000000000007,23.269199999999998,44.968825,-42.146124999999984,0.11455000000000037,3.7666000000000004,1.2058125,23.176412499999998,-1.4878728465258642,-0.6223352167435812
120.25,23.3,181.8647,SSP5-8.5,2021-2040,-13.208699999999993,44.5707,-68.59719999999993,0.01710000000000278,4.0276,1.2948000000000004,24.0788,44.601387499999994,-45.308299999999946,0.11997500000000061,3.0995750000000015,1.0504125000000002,22.934124999999998,-1.4878728465258642,-0.5591394363737897
120.25,23.35,175.3702,SSP5-8.5,2021-2040,-8.162500000000023,44.774499999999996,-53.515300000000025,0.4878999999999998,4.003399999999992,0.7810000000000006,22.594199999999997,44.68492499999999,-44.07961249999991,0.17145000000000055,3.5398750000000003,1.0626875,23.3274,-1.4878728465258642,-0.4959436560039983
120.25,23.4,177.6964,SSP5-8.5,2021-2040,-7.6270000000000095,45.4034,-20.71349999999984,0.37020000000000053,2.1086000000000027,0.9533999999999994,23.8846,45.361475,-31.651849999999968,0.36128749999999954,3.0116250000000013,1.0458875,23.386062499999998,-1.4878728465258642,-0.43274787563421135
120.25,23.45,174.0829,SSP5-8.5,2021-2040,-6.312099999999987,46.717299999999994,-14.059099999999944,0.49909999999999854,2.4033999999999978,1.0207000000000006,24.319200000000002,45.9549375,-14.676187499999969,0.42553749999999946,2.410537500000002,1.14245,24.05865,-1.4878728465258642,-0.3695520952644199
120.25,23.5,175.4561,SSP5-8.5,2021-2040,-10.46769999999998,46.79590000000001,-2.379599999999982,0.6073000000000022,1.4603000000000037,1.4240999999999993,25.2788,46.2340375,-9.044000000000068,0.32189999999999985,0.9077374999999988,1.2362250000000001,24.605287499999996,-1.4878728465258642,-0.3063563148946285
120.25,23.55,180.6196,SSP5-8.5,2021-2040,-19.934499999999986,46.1953,-15.239100000000008,0.12720000000000198,-0.332800000000006,1.3516999999999992,25.336499999999997,45.63368750000001,3.4074624999999514,0.38357500000000044,-0.157112500000002,1.148075,24.8661,-1.4878728465258642,-0.24316053452483705
120.25,23.6,176.2028,SSP5-8.5,2021-2040,-19.813999999999993,45.1878,1.7436999999999898,0.2041000000000004,-2.0947999999999922,0.7309999999999999,24.761499999999998,44.934937500000004,2.7817624999999424,0.37516250000000095,-0.1446125000000027,1.14505,24.881,-1.4878728465258642,-0.17996475415504562
120.25,23.65,168.6701,SSP5-8.5,2021-2040,-18.66489999999999,44.69310000000001,-13.597999999999956,0.35940000000000083,0.8276000000000039,0.9103000000000003,25.0288,44.47465,9.470974999999981,0.5713750000000002,-0.08728749999999863,0.8549500000000002,24.625225,-1.4878728465258642,-0.11676897378525869
120.25,23.7,176.4131,SSP5-8.5,2021-2040,-17.7714,45.4639,-3.031099999999924,0.6722999999999999,3.0448000000000093,0.5017000000000005,24.8115,44.066925,4.05771249999998,0.5726250000000004,-0.12219999999999853,0.910125,25.072100000000002,-1.4878728465258642,-0.053573193415467256
120.25,23.75,176.3085,SSP5-8.5,2021-2040,-19.732200000000006,43.5212,-7.919900000000098,0.3921000000000028,1.9120999999999952,0.8568999999999996,25.051900000000003,44.030125,-2.798899999999989,0.5658499999999997,-0.9963499999999952,0.8252124999999999,25.540125,-1.4878728465258642,0.009622586954324176
120.25,23.8,169.3849,SSP5-8.5,2021-2040,-15.276199999999989,43.648700000000005,-34.681299999999965,0.4579000000000022,-3.5792999999999893,0.8671999999999995,26.444199999999995,43.007425,-9.665762500000014,0.4566499999999998,-0.9157374999999996,0.9129374999999998,25.396137500000002,-1.4878728465258642,0.0728183673241156
120.25,23.85,157.8286,SSP5-8.5,2021-2040,-13.496700000000004,42.3355,-25.985000000000014,0.40460000000000207,-0.5948000000000064,0.8241000000000005,25.284600000000005,42.4125125,-15.654762500000018,0.49968749999999984,-1.605612499999996,0.8653124999999998,24.7860375,-1.4878728465258642,0.13601414769390704
120.25,23.9,148.1982,SSP5-8.5,2021-2040,-12.1447,41.4357,-30.27550000000008,0.41000000000000014,-0.7103000000000037,0.8828000000000005,24.0346,41.8116625,-19.912662499999996,0.4591250000000002,-1.4881499999999992,0.7400874999999999,24.259362499999998,-1.4878728465258642,0.19920992806369398
120.3,22.5,208.2381,SSP5-8.5,2021-2040,-13.906200000000013,48.10510000000001,-82.07400000000007,0.7767000000000017,9.013800000000003,1.9017,19.7385,48.360037500000004,-86.70456250000001,0.5387500000000007,8.087287500000002,2.0409500000000005,20.698549999999997,-1.3821790064446429,-1.570271922290439
120.3,22.55,225.1234,SSP5-8.5,2021-2040,-14.933300000000003,48.453199999999995,-73.90149999999994,0.5792999999999999,6.975900000000003,2.3276000000000003,20.678799999999995,48.637575,-85.23437500000003,0.5118625000000012,7.906687500000002,1.9935375000000002,21.1334125,-1.3821790064446429,-1.5070761419206478
120.3,22.6,230.9354,SSP5-8.5,2021-2040,-10.093399999999974,50.2321,-56.0612000000001,0.8351000000000006,7.481000000000009,2.6000000000000005,22.684600000000003,48.9941375,-74.69855000000001,0.4523625,6.728899999999999,1.8659625000000002,22.5858,-1.3821790064446429,-1.4438803615508562
120.3,22.65,240.0305,SSP5-8.5,2021-2040,-14.33669999999998,49.465599999999995,-49.75170000000003,0.45700000000000074,6.198300000000003,1.7637999999999998,23.936500000000002,48.9980625,-65.76633750000002,0.49829999999999997,6.65625,1.7653125000000003,23.3064875,-1.3821790064446429,-1.3806845811810693
120.3,22.7,248.9375,SSP5-8.5,2021-2040,-18.986099999999993,48.499500000000005,-57.968200000000024,0.8999999999999986,6.834500000000006,0.7327999999999992,23.578799999999998,48.719674999999995,-41.79676250000003,0.5604375000000004,5.934899999999999,1.4191875000000003,23.7935125,-1.3821790064446429,-1.317488800811278
120.3,22.75,241.4981,SSP5-8.5,2021-2040,-5.6436999999999955,48.464099999999995,-6.174399999999878,0.8583999999999996,6.772400000000005,0.7431000000000001,23.273099999999996,48.446775,-29.065787500000027,0.6304500000000002,5.0372625,1.2077750000000003,23.520424999999996,-1.3821790064446429,-1.2542930204414864
120.3,22.8,228.2381,SSP5-8.5,2021-2040,-4.6267,48.6605,-24.34089999999992,0.21249999999999858,4.1240999999999985,0.9466000000000001,23.475,47.4926625,-10.27442499999998,0.9483999999999999,4.771537499999998,1.0827750000000003,22.793749999999996,-1.3821790064446429,-1.191097240071695
120.3,22.85,215.0137,SSP5-8.5,2021-2040,9.003800000000012,46.113400000000006,-2.359399999999823,0.6961000000000013,4.617199999999997,0.7483000000000004,22.571199999999997,46.427462500000004,-13.01019999999997,1.2090624999999995,4.542674999999997,1.1750124999999998,22.26345,-1.3821790064446429,-1.1279014597019037
120.3,22.9,209.3031,SSP5-8.5,2021-2040,9.495499999999993,46.3582,6.654600000000073,2.113500000000002,5.862099999999998,1.3637999999999995,22.1038,45.4096625,-12.885362499999928,1.42725,5.385787499999998,1.129975,21.907925,-1.3821790064446429,-1.0647056793321166
120.3,22.95,218.45,SSP5-8.5,2021-2040,-2.4177999999999997,45.8417,16.958200000000033,1.9774999999999991,6.548299999999998,1.5759000000000007,22.1423,46.1031875,-21.376262499999967,1.638287500000001,5.4573374999999995,1.2734999999999999,22.5345875,-1.3821790064446429,-1.0015098989623252
120.3,23.0,219.9452,SSP5-8.5,2021-2040,-9.48259999999999,47.60849999999999,1.3069000000000415,1.8588000000000022,2.179299999999998,1.5638000000000005,25.111499999999996,46.516025,-37.736075,1.302925,5.9588375000000005,1.4163875000000001,22.4084,-1.3821790064446429,-0.9383141185925338
120.3,23.05,227.2896,SSP5-8.5,2021-2040,-17.004400000000004,47.5472,-64.60709999999995,0.4148999999999994,4.201699999999995,1.8568999999999996,24.5404,46.9924375,-38.511262500000015,1.2361500000000007,4.9282375,1.2987,22.630525,-1.3821790064446429,-0.8751183382227424
120.3,23.1,210.2699,SSP5-8.5,2021-2040,-7.371000000000009,48.224999999999994,-34.61709999999994,0.9419000000000004,3.8706999999999994,1.2223999999999986,24.026899999999998,46.565349999999995,-37.510475000000014,0.8864750000000008,4.303237500000002,1.245475,22.468512500000003,-1.3821790064446429,-0.811922557852951
120.3,23.15,200.9192,SSP5-8.5,2021-2040,-2.679699999999997,46.4554,-15.447900000000118,1.052900000000001,3.332800000000006,0.8689999999999998,23.078799999999998,45.96442499999999,-29.7986875,0.6997250000000008,3.878675000000002,1.291175,22.5447,-1.3821790064446429,-0.748726777483164
120.3,23.2,201.7078,SSP5-8.5,2021-2040,-2.6281999999999925,44.16259999999999,-23.935000000000173,0.4123999999999981,3.639700000000005,1.4000000000000004,22.8769,45.248174999999996,-29.042325000000005,0.3967875000000012,2.848712500000004,1.40455,22.613437499999996,-1.3821790064446429,-0.6855309971133726
120.3,23.25,203.524,SSP5-8.5,2021-2040,-11.153600000000012,44.344899999999996,-22.58569999999986,-0.1208999999999989,0.33970000000000766,1.622399999999999,22.692300000000003,44.295474999999996,-47.876949999999994,0.07986250000000039,3.398275000000001,1.5584125,22.9442125,-1.3821790064446429,-0.6223352167435812
120.3,23.3,183.7246,SSP5-8.5,2021-2040,-8.219300000000004,43.5874,-99.60489999999982,-0.4800000000000004,5.0223999999999975,1.3879000000000001,23.7173,44.0018125,-46.30266249999997,0.1331875000000009,2.6422375000000002,1.5021499999999999,22.969225,-1.3821790064446429,-0.5591394363737897
120.3,23.35,177.6045,SSP5-8.5,2021-2040,-9.9649,44.112199999999994,-76.35539999999992,0.1338000000000008,3.0551999999999992,1.0085999999999995,23.230800000000002,44.185575,-47.63252499999993,0.16840000000000055,3.087912499999998,1.3083875000000003,23.5639375,-1.3821790064446429,-0.4959436560039983
120.3,23.4,171.67,SSP5-8.5,2021-2040,-6.965899999999976,45.6508,-29.1570999999999,0.6673000000000009,3.2430999999999983,0.9172000000000002,24.1212,44.93933749999999,-39.09959999999995,0.21067499999999972,2.1454499999999985,1.26465,23.854325000000003,-1.3821790064446429,-0.43274787563421135
120.3,23.45,181.7201,SSP5-8.5,2021-2040,-10.724400000000003,46.775099999999995,-21.452800000000025,0.04829999999999757,2.051700000000004,1.3293,24.6885,45.55997500000001,-25.74503749999994,0.30723749999999983,2.418075,1.2881375,24.2021625,-1.3821790064446429,-0.3695520952644199
120.3,23.5,190.8068,SSP5-8.5,2021-2040,-18.854900000000015,46.64660000000001,-18.176600000000008,0.1778999999999975,4.386200000000002,1.4328000000000003,24.321199999999997,45.5133625,-16.783150000000006,0.3030624999999998,1.7594499999999993,1.4588249999999998,24.304074999999997,-1.3821790064446429,-0.3063563148946285
120.3,23.55,178.1936,SSP5-8.5,2021-2040,-16.554699999999997,45.7647,-3.373500000000149,0.45160000000000267,-0.38450000000000273,1.3327999999999998,24.748099999999997,45.015412500000004,-2.406862500000017,0.40754999999999963,2.3094625000000004,1.351275,24.1769125,-1.3821790064446429,-0.24316053452483705
120.3,23.6,169.0598,SSP5-8.5,2021-2040,-13.574999999999989,44.264599999999994,18.534799999999905,0.532,1.5275999999999925,1.0276000000000005,25.1481,44.93425,-0.8778250000000298,0.43662500000000026,1.2318875,1.219175,24.488925000000002,-1.3821790064446429,-0.17996475415504562
120.3,23.65,174.8116,SSP5-8.5,2021-2040,-21.024100000000004,45.040800000000004,1.6540999999999713,0.5024000000000015,1.3499999999999943,1.1551999999999998,25.400000000000002,44.8835125,8.051437499999992,0.5169874999999999,1.1267125000000036,1.0034375000000002,24.94085,-1.3821790064446429,-0.11676897378525869
120.3,23.7,183.594,SSP5-8.5,2021-2040,-20.750200000000007,44.9925,13.802599999999984,0.6684000000000019,-1.3465999999999951,0.9155000000000006,26.459600000000002,44.6810625,0.7940375000000017,0.40085000000000015,1.2157375000000012,0.9424499999999999,25.371375,-1.3821790064446429,-0.053573193415467256
120.3,23.75,182.2375,SSP5-8.5,2021-2040,-21.400200000000012,44.071400000000004,4.528800000000047,0.5595999999999997,0.6430999999999969,0.7999999999999998,27.3865,44.30596250000001,0.4138374999999712,0.40776250000000047,0.10796250000000196,0.893525,25.4259375,-1.3821790064446429,0.009622586954324176
120.3,23.8,182.4818,SSP5-8.5,2021-2040,-19.757800000000003,43.884899999999995,-4.268700000000081,0.47029999999999816,0.8740999999999985,0.8758999999999997,25.2865,43.252625,-5.96231250000001,0.4467125000000012,-1.0577500000000013,0.8598999999999999,25.208875,-1.3821790064446429,0.0728183673241156
120.3,23.85,168.7682,SSP5-8.5,2021-2040,-16.01770000000002,41.63719999999999,-5.479100000000017,0.9480000000000004,-3.648300000000006,1.0293,23.775,42.487737499999994,-14.784212500000024,0.41172500000000056,-0.8271625,0.7573375,24.553825,-1.3821790064446429,0.13601414769390704
120.3,23.9,154.9006,SSP5-8.5,2021-2040,-10.581600000000009,40.92719999999999,-20.116600000000062,0.6268999999999991,-0.903499999999994,0.819,23.417300000000004,41.81035,-19.952187500000008,0.4413750000000003,-0.5118500000000035,0.6987125,23.962725,-1.3821790064446429,0.19920992806369398
120.3,23.95,146.4972,SSP5-8.5,2021-2040,-10.540599999999984,40.251099999999994,-39.59050000000002,0.30349999999999966,-0.23100000000000875,0.8258999999999999,22.6,41.22602499999999,-31.33565,0.39282499999999976,-0.3987125000000029,0.5090500000000001,23.64375,-1.3821790064446429,0.26240570843348543
120.3,24.0,144.2081,SSP5-8.5,2021-2040,-10.904200000000003,40.2196,-46.24739999999997,0.11759999999999948,-0.913800000000009,0.4500000000000002,23.8212,41.266975,-37.873962500000005,0.35158749999999994,0.1467749999999972,0.3823375000000001,23.536050000000003,-1.3821790064446429,0.32560148880327683
120.35,22.35,196.0512,SSP5-8.5,2021-2040,-22.26739999999998,51.5904,-81.53739999999993,1.0059000000000005,15.515499999999996,1.4966000000000008,23.136499999999998,48.571425,-47.51198750000003,0.9031000000000007,8.084050000000001,1.6743375,20.508650000000003,-1.2764851663634216,-1.759859263399809
120.35,22.5,221.2971,SSP5-8.5,2021-2040,-23.205299999999994,46.65560000000001,-70.02089999999998,0.5878000000000014,9.060300000000005,1.908599999999999,18.8654,48.1122625,-86.27948750000002,0.6710375000000011,8.5004375,1.9500000000000006,20.441824999999998,-1.2764851663634216,-1.570271922290439
120.35,22.55,236.2247,SSP5-8.5,2021-2040,-21.745100000000008,47.4248,-107.94690000000014,0.16510000000000247,6.562100000000001,2.2707000000000015,19.084600000000002,47.92235,-96.45203750000002,0.5881375000000006,8.503012500000004,1.9469750000000001,20.6052875,-1.2764851663634216,-1.5070761419206478
120.35,22.6,228.3469,SSP5-8.5,2021-2040,-14.884500000000003,49.0178,-112.28679999999986,-0.052599999999998204,7.882799999999996,2.3259000000000007,21.776899999999998,48.208299999999994,-102.11771250000004,0.4127875000000003,7.236862500000001,1.9127125000000003,21.791337499999997,-1.2764851663634216,-1.4438803615508562
120.35,22.65,238.678,SSP5-8.5,2021-2040,-14.72059999999999,48.837599999999995,-113.48270000000002,-0.039800000000003166,5.422399999999996,2.0275999999999996,24.132700000000003,48.42495,-89.6502625,0.3603500000000004,7.087300000000003,1.8099125000000003,23.008650000000003,-1.2764851663634216,-1.3806845811810693
120.35,22.7,246.6065,SSP5-8.5,2021-2040,-18.51940000000002,47.6622,-92.50279999999998,0.07629999999999981,7.6207000000000065,1.6828000000000003,23.9385,48.580462499999996,-69.84549999999999,0.4632624999999999,6.054312499999999,1.548275,23.5795625,-1.2764851663634216,-1.317488800811278
120.35,22.75,250.3008,SSP5-8.5,2021-2040,-9.89240000000001,49.727999999999994,-17.406200000000126,0.9644000000000013,5.010299999999994,1.2345000000000006,24.986499999999996,47.635837499999994,-57.92176249999997,0.5818499999999993,5.767450000000002,1.619625,22.925725,-1.2764851663634216,-1.2542930204414864
120.35,22.8,246.0041,SSP5-8.5,2021-2040,-5.30589999999998,47.694599999999994,-11.839200000000119,1.0999999999999979,4.603400000000001,2.0086000000000013,23.4846,45.9383,-38.88847499999994,0.8705749999999997,5.007737499999998,1.4620875000000004,21.633174999999998,-1.2764851663634216,-1.191097240071695
120.35,22.85,228.9874,SSP5-8.5,2021-2040,1.0837999999999965,43.2613,-18.786399999999958,1.4719999999999978,3.720700000000001,1.4190000000000005,19.7538,44.6818375,-39.78903749999998,1.1055625,5.325199999999999,1.6142375000000002,21.023562499999997,-1.2764851663634216,-1.1279014597019037
120.35,22.9,228.3372,SSP5-8.5,2021-2040,-5.463799999999992,44.097,-52.469100000000026,1.4215000000000018,5.603499999999997,1.3275999999999986,21.6019,44.0400375,-50.25022499999994,1.3316750000000002,6.3528,1.5403125000000004,20.6278875,-1.2764851663634216,-1.0647056793321166
120.35,22.95,240.1659,SSP5-8.5,2021-2040,-22.6687,46.5664,-90.25229999999988,1.401600000000002,8.956900000000005,1.1120999999999999,23.603800000000003,45.1431,-63.90812500000001,1.406000000000001,6.478674999999999,1.595475,21.4793125,-1.2764851663634216,-1.0015098989623252
120.35,23.0,244.5636,SSP5-8.5,2021-2040,-27.886800000000022,47.7722,-102.3936000000001,1.3609000000000009,8.543099999999995,1.1913999999999998,23.136499999999998,46.130050000000004,-73.74349999999998,1.0514625000000004,6.221550000000001,1.624775,22.2668125,-1.2764851663634216,-0.9383141185925338
120.35,23.05,239.9779,SSP5-8.5,2021-2040,-22.631100000000004,46.83120000000001,-100.00530000000003,0.6372999999999998,7.731000000000002,1.3810000000000002,21.924999999999997,46.690124999999995,-69.6035,0.9773125000000005,5.406674999999998,1.5928875,22.710324999999997,-1.2764851663634216,-0.8751183382227424
120.35,23.1,232.6515,SSP5-8.5,2021-2040,-19.537000000000006,45.698499999999996,-44.691499999999905,1.1183000000000014,6.306899999999999,1.377600000000001,20.988500000000002,46.3208,-61.08177500000002,0.7758000000000003,4.660775,1.6088375,22.489649999999997,-1.2764851663634216,-0.811922557852951
120.35,23.15,235.644,SSP5-8.5,2021-2040,-21.122500000000002,45.2878,-7.117899999999963,1.267400000000002,4.051700000000004,1.377600000000001,21.3923,45.518762499999994,-57.360224999999986,0.6670500000000001,4.1888125,1.7120875,22.2882125,-1.2764851663634216,-0.748726777483164
120.35,23.2,227.8857,SSP5-8.5,2021-2040,-13.834900000000005,44.884100000000004,-45.38709999999992,0.2785000000000011,3.689700000000002,1.8120999999999992,22.0615,44.83568749999999,-46.58117500000003,0.44793750000000054,2.994200000000002,1.8924625000000002,22.21585,-1.2764851663634216,-0.6855309971133726
120.35,23.25,212.9953,SSP5-8.5,2021-2040,-11.79049999999998,44.262,-37.49520000000007,0.12170000000000059,3.106899999999996,2.0999999999999996,22.0577,44.1525125,-56.53929999999997,0.13692499999999974,2.7834125000000007,1.9624999999999997,22.7401375,-1.2764851663634216,-0.6223352167435812
120.35,23.3,200.8874,SSP5-8.5,2021-2040,-10.49690000000001,42.901300000000006,-30.637899999999945,0.20759999999999934,1.708599999999997,1.963799999999999,22.6558,43.7245375,-50.30122499999999,0.13242500000000046,2.468325,2.01895,22.90625,-1.2764851663634216,-0.5591394363737897
120.35,23.35,194.7958,SSP5-8.5,2021-2040,-8.336300000000023,42.5363,-36.69749999999999,0.182500000000001,2.9155000000000015,2.170700000000001,23.174999999999997,43.610262500000005,-45.02129999999997,0.24961250000000046,1.800212499999998,1.5969749999999998,23.4187625,-1.2764851663634216,-0.4959436560039983
120.35,23.4,185.5828,SSP5-8.5,2021-2040,-9.14239999999998,44.0602,-42.136799999999994,-0.1053999999999995,1.6740999999999957,0.9983000000000004,24.2846,44.095175,-35.81906249999997,0.30096250000000024,0.9758624999999999,1.7027999999999999,23.6752625,-1.2764851663634216,-0.43274787563421135
120.35,23.45,185.7078,SSP5-8.5,2021-2040,-7.374899999999997,45.13570000000001,-47.866399999999885,0.06899999999999906,-1.0483000000000047,1.855199999999999,24.6577,44.577175,-31.04038749999998,0.21084999999999976,1.7230500000000006,1.3827625000000001,23.738,-1.2764851663634216,-0.3695520952644199
120.35,23.5,192.3627,SSP5-8.5,2021-2040,-12.991199999999992,44.0699,-31.471199999999953,0.17249999999999943,5.117200000000004,1.7034000000000002,22.75,44.423112499999995,-22.6982625,0.24703749999999935,1.2359749999999998,1.5375125,23.595687499999997,-1.2764851663634216,-0.3063563148946285
120.35,23.55,191.5476,SSP5-8.5,2021-2040,-15.091099999999983,42.653,1.5764999999998963,0.4494999999999969,4.808599999999998,1.6534000000000004,22.653799999999997,43.9488125,-8.457512500000007,0.4486874999999997,2.315712499999999,1.3771625000000003,23.2089125,-1.2764851663634216,-0.24316053452483705
120.35,23.6,171.1946,SSP5-8.5,2021-2040,-7.063199999999995,44.3102,26.156600000000026,0.9898999999999987,3.6034000000000006,1.4862000000000002,23.1654,43.595225,-3.836700000000036,0.4965375000000001,1.9715374999999975,1.3140125,23.600725,-1.2764851663634216,-0.17996475415504562
120.35,23.65,182.5119,SSP5-8.5,2021-2040,-18.4606,45.6291,-5.942900000000009,0.40889999999999915,2.077600000000004,1.1327999999999996,24.817300000000003,43.954674999999995,8.611262499999981,0.5831,1.635324999999999,1.2482625,24.194,-1.2764851663634216,-0.11676897378525869
120.35,23.7,187.8699,SSP5-8.5,2021-2040,-20.44890000000001,44.5269,26.745799999999917,0.3008999999999986,1.3741000000000057,1.3224,25.3346,44.313975,-2.091912499999978,0.35904999999999987,0.6573250000000002,1.0905125,24.762262500000002,-1.2764851663634216,-0.053573193415467256
120.35,23.75,178.4038,SSP5-8.5,2021-2040,-17.833499999999987,44.5021,3.9155000000000655,0.011199999999998766,-1.5033999999999992,0.8602999999999996,25.140400000000003,44.0176,2.169174999999967,0.29852499999999926,0.07368750000000013,1.0135875000000003,24.7132125,-1.2764851663634216,0.009622586954324176
120.35,23.8,179.6057,SSP5-8.5,2021-2040,-18.750800000000027,43.907500000000006,8.74779999999987,0.2890000000000015,0.08789999999999054,0.9483000000000006,24.8788,43.022037499999996,-4.171724999999981,0.2986249999999995,-1.2163874999999997,0.8392374999999999,24.0637,-1.2764851663634216,0.0728183673241156
120.35,23.85,175.2072,SSP5-8.5,2021-2040,-12.538000000000011,42.3974,9.17470000000003,0.5113000000000021,-1.779299999999992,0.6930999999999994,23.7096,42.120462499999995,-10.103700000000032,0.3324374999999997,-1.3056250000000018,0.6435624999999999,23.604325,-1.2764851663634216,0.13601414769390704
120.35,23.9,162.5015,SSP5-8.5,2021-2040,-13.02709999999999,41.364999999999995,-20.86909999999989,0.12379999999999924,-0.012100000000003774,0.14829999999999988,23.375,41.243224999999995,-18.302875,0.43526250000000033,-0.9299625000000002,0.5594874999999998,23.210812500000003,-1.2764851663634216,0.19920992806369398
120.35,23.95,156.0889,SSP5-8.5,2021-2040,-11.641699999999986,41.176,-42.324299999999994,0.3595000000000006,2.0068999999999946,0.3102999999999998,23.636499999999998,41.1120125,-34.053625,0.2704499999999994,-0.19633750000000294,0.323075,23.4379875,-1.2764851663634216,0.26240570843348543
120.35,24.0,149.0506,SSP5-8.5,2021-2040,-9.008100000000013,41.9697,-51.54040000000009,0.34280000000000044,0.09659999999999513,0.21550000000000047,24.196199999999997,40.982425,-42.463499999999954,0.24982499999999952,0.26788749999999606,0.21163750000000003,23.403599999999997,-1.2764851663634216,0.32560148880327683
120.35,24.05,146.5864,SSP5-8.5,2021-2040,-8.763499999999993,40.9613,-54.643100000000004,0.34380000000000166,0.1414000000000044,-0.039699999999999847,23.225,40.938787500000004,-49.08117499999997,0.2594749999999997,-0.17542500000000594,0.21767500000000017,23.384375,-1.2764851663634216,0.3887972691730683
120.4,22.5,207.384,SSP5-8.5,2021-2040,-22.45519999999999,46.89719999999999,-69.6857,0.8694999999999986,9.681000000000004,1.7172,19.5173,47.852900000000005,-74.70708750000006,0.8431750000000013,8.47005,1.6508500000000002,20.563225000000003,-1.1707913262821703,-1.570271922290439
120.4,22.55,229.0997,SSP5-8.5,2021-2040,-19.2183,47.150299999999994,-151.96910000000003,0.6960000000000015,10.3155,1.3414000000000001,19.680799999999998,47.3026375,-91.39682500000004,0.6751875000000007,8.4066875,1.8590500000000003,20.540862500000003,-1.1707913262821703,-1.5070761419206478
120.4,22.6,239.1591,SSP5-8.5,2021-2040,-14.506299999999982,46.8675,-155.61710000000016,0.41329999999999956,7.613800000000005,1.4534000000000002,21.9,47.5132,-110.02120000000002,0.3861625000000002,7.1215625,1.9642375000000003,21.3403875,-1.1707913262821703,-1.4438803615508562
120.4,22.65,245.7498,SSP5-8.5,2021-2040,-15.1798,47.235299999999995,-108.21149999999989,0.1963000000000008,7.32589999999999,1.5172000000000008,22.2327,47.6805875,-110.36100000000002,0.16064999999999952,6.028662500000003,2.1508624999999997,22.730537500000004,-1.1707913262821703,-1.3806845811810693
120.4,22.7,249.8626,SSP5-8.5,2021-2040,-18.058099999999996,48.4196,-84.80279999999993,0.05740000000000123,5.741400000000006,2.4033999999999995,24.0212,47.514937499999995,-105.5356625,0.19412499999999921,5.5183124999999995,1.9627125,22.5762,-1.1707913262821703,-1.317488800811278
120.4,22.75,262.3101,SSP5-8.5,2021-2040,-29.185799999999972,47.994,-120.9665,0.31240000000000023,5.1292999999999935,1.9638000000000009,22.474999999999998,46.552275,-78.1966875,0.4973624999999995,5.3038750000000014,2.1752124999999998,22.072587499999997,-1.1707913262821703,-1.2542930204414864
120.4,22.8,252.613,SSP5-8.5,2021-2040,-12.27600000000001,43.6922,-64.77929999999992,1.1377999999999986,5.3138000000000005,2.4758999999999993,19.159599999999998,44.7866375,-60.96761250000003,0.8996874999999993,4.697399999999999,1.9633625000000003,20.837725,-1.1707913262821703,-1.191097240071695
120.4,22.85,245.8822,SSP5-8.5,2021-2040,-10.659100000000024,39.59289999999999,-56.29469999999992,1.311,5.3740999999999985,2.1655000000000015,17.3712,43.452299999999994,-50.51582500000006,1.1215624999999996,4.8301625,1.9681125,20.205512499999998,-1.1707913262821703,-1.1279014597019037
120.4,22.9,260.1326,SSP5-8.5,2021-2040,-24.06680000000003,41.2459,-112.88430000000017,0.8521000000000001,7.103400000000001,1.877600000000001,18.4212,42.938087499999995,-67.91455000000002,1.117775,6.1506500000000015,1.8566749999999999,19.954550000000005,-1.1707913262821703,-1.0647056793321166
120.4,22.95,265.6406,SSP5-8.5,2021-2040,-36.54230000000001,43.3405,-145.0374999999999,0.8295999999999992,8.639700000000005,2.0603,19.055799999999998,44.2026125,-95.32480000000007,0.9490500000000006,7.5920250000000005,1.8637874999999997,20.4632,-1.1707913262821703,-1.0015098989623252
120.4,23.0,259.5552,SSP5-8.5,2021-2040,-31.76830000000001,44.88080000000001,-123.40020000000004,0.834100000000003,7.350000000000001,1.8034,20.2615,45.3634125,-109.88007500000003,0.7238249999999993,7.924787500000002,1.9327499999999997,20.8898875,-1.1707913262821703,-0.9383141185925338
120.4,23.05,257.5938,SSP5-8.5,2021-2040,-30.39519999999999,46.4241,-84.91070000000013,0.45789999999999864,4.1655000000000015,1.6448,21.494199999999996,45.606025,-107.53810000000001,0.7407624999999998,7.497837499999999,1.8838375,21.184375,-1.1707913262821703,-0.8751183382227424
120.4,23.1,258.2545,SSP5-8.5,2021-2040,-28.175100000000015,45.36469999999999,-103.51469999999995,0.8316999999999979,6.636199999999995,2.0828000000000007,22.1231,45.363074999999995,-87.17940000000002,0.6337500000000005,5.7176625,1.9036625000000003,21.364174999999996,-1.1707913262821703,-0.811922557852951
120.4,23.15,265.9338,SSP5-8.5,2021-2040,-31.74120000000002,44.43099999999999,-78.4335000000001,0.6024000000000029,3.296599999999998,2.4361999999999995,21.3365,44.8703125,-82.71967499999994,0.5597375000000007,5.068312499999999,2.0732875,21.4966375,-1.1707913262821703,-0.748726777483164
120.4,23.2,247.6968,SSP5-8.5,2021-2040,-28.710399999999993,44.9288,-112.85499999999979,0.09829999999999828,2.7378999999999962,2.496600000000001,21.8135,44.377337499999996,-66.57235000000006,0.3793000000000015,3.807337500000001,2.3956875,21.6098375,-1.1707913262821703,-0.6855309971133726
120.4,23.25,241.2646,SSP5-8.5,2021-2040,-20.179599999999994,44.813,-74.77920000000017,0.1493000000000002,3.4483000000000033,2.8379000000000003,22.4788,43.7712875,-61.81697500000001,0.28150000000000075,2.5398749999999986,2.4965624999999996,22.0661125,-1.1707913262821703,-0.6223352167435812
120.4,23.3,229.3535,SSP5-8.5,2021-2040,-14.283199999999994,43.598000000000006,-42.52960000000007,0.5502000000000002,1.6809999999999974,2.1792999999999996,23.625000000000004,43.23218750000001,-43.861162500000034,0.29650000000000043,1.7786749999999998,2.8612124999999997,22.403612499999998,-1.1707913262821703,-0.5591394363737897
120.4,23.35,217.5594,SSP5-8.5,2021-2040,-12.228700000000003,42.5425,-12.362300000000005,0.5228000000000002,0.1775999999999982,2.8448,22.2731,43.09715,-36.24646250000001,0.2747000000000006,0.5015124999999987,2.4381625,23.257212499999998,-1.1707913262821703,-0.4959436560039983
120.4,23.4,194.6296,SSP5-8.5,2021-2040,-9.154800000000023,42.4297,-27.386400000000094,0.5006000000000022,-2.1602999999999994,1.4758999999999993,23.442299999999996,43.432550000000006,-33.60937499999997,0.16267499999999968,0.3364124999999998,2.441825,23.5653875,-1.1707913262821703,-0.43274787563421135
120.4,23.45,191.9373,SSP5-8.5,2021-2040,-6.141999999999996,43.5791,-35.274599999999964,0.2834000000000003,-0.4275999999999982,2.0206999999999997,23.813499999999998,43.373825,-39.21629999999999,0.06142499999999984,0.7364125000000001,1.80605,23.273787499999997,-1.1707913262821703,-0.3695520952644199
120.4,23.5,197.1109,SSP5-8.5,2021-2040,-11.984799999999979,43.406,-43.2675999999999,-0.057800000000000296,-0.10000000000000142,1.1844999999999999,22.4827,42.7700625,-29.352012499999972,0.24803749999999924,2.396537500000001,1.9202624999999998,22.7144125,-1.1707913262821703,-0.3063563148946285
120.4,23.55,194.6141,SSP5-8.5,2021-2040,-10.518400000000014,41.4247,-13.751099999999951,0.5544000000000011,0.601700000000001,1.4914000000000005,21.400000000000002,42.451175,-18.226624999999984,0.39041249999999916,3.6454625,1.645675,22.151675,-1.1707913262821703,-0.24316053452483705
120.4,23.6,169.4447,SSP5-8.5,2021-2040,-6.653500000000008,41.703799999999994,-2.3115000000000236,0.7689999999999984,3.774099999999997,1.3586,21.6558,42.5164625,-12.926149999999978,0.4744999999999995,3.1454625,1.4437375,22.494225,-1.1707913262821703,-0.17996475415504562
120.4,23.65,188.9892,SSP5-8.5,2021-2040,-18.59530000000001,42.2811,-27.079999999999927,0.3045000000000009,2.0171999999999954,1.3602999999999996,22.982699999999998,43.099275,-6.665649999999999,0.47688749999999924,2.4849000000000006,1.2930875,22.979574999999997,-1.1707913262821703,-0.11676897378525869
120.4,23.7,189.6133,SSP5-8.5,2021-2040,-21.413900000000012,44.517500000000005,11.387699999999995,0.5976999999999997,0.7828000000000017,1.3603000000000005,23.4058,43.064499999999995,-14.463799999999992,0.15268749999999898,1.2189500000000013,1.1258499999999998,23.2478375,-1.1707913262821703,-0.053573193415467256
120.4,23.75,184.6684,SSP5-8.5,2021-2040,-20.546999999999997,43.4773,-19.00109999999995,-0.18030000000000257,1.2379000000000033,1.1397000000000004,22.505800000000004,43.065825000000004,-5.033187500000025,0.122187499999999,-0.23103750000000112,1.0999875000000001,23.414175,-1.1707913262821703,0.009622586954324176
120.4,23.8,181.3336,SSP5-8.5,2021-2040,-18.289699999999982,42.7628,-24.589500000000044,-0.3174000000000028,-3.0638000000000005,0.7465999999999999,22.448099999999997,42.719750000000005,-3.063512499999973,0.17371249999999971,-0.6476374999999992,0.8838375,23.1761875,-1.1707913262821703,0.0728183673241156
120.4,23.85,177.2337,SSP5-8.5,2021-2040,-13.474799999999988,41.4432,2.345600000000104,0.3863000000000021,-2.4913999999999987,0.569,22.257699999999996,42.1664125,-8.687412499999994,0.17336249999999964,-1.144612500000001,0.635575,23.071387499999997,-1.1707913262821703,0.13601414769390704
120.4,23.9,165.6823,SSP5-8.5,2021-2040,-12.974099999999993,41.0359,-16.600000000000136,0.13260000000000005,-1.2879000000000005,0.012099999999999334,23.3962,41.4212625,-14.330937499999948,0.3215625000000002,-0.9222000000000001,0.42693749999999986,22.51825,-1.1707913262821703,0.19920992806369398
120.4,23.95,168.0032,SSP5-8.5,2021-2040,-11.923299999999983,41.0778,-33.83279999999991,0.21399999999999864,0.8948000000000036,0.21720000000000006,22.8942,41.08443749999999,-30.079337499999994,0.23807499999999981,-0.8034375000000038,0.12091249999999987,22.6814875,-1.1707913262821703,0.26240570843348543
120.4,24.0,160.5416,SSP5-8.5,2021-2040,-8.984199999999987,42.0498,-43.6321999999999,0.30239999999999867,0.7861999999999938,-0.10339999999999971,23.8038,40.704975000000005,-43.032199999999975,0.23508750000000012,-0.842450000000003,0.022612500000000035,22.612975,-1.1707913262821703,0.32560148880327683
120.4,24.05,156.3616,SSP5-8.5,2021-2040,-6.372500000000002,40.758799999999994,-58.56859999999995,0.2339999999999982,-0.5293000000000063,-0.11549999999999994,23.873099999999997,40.7457625,-50.74351250000001,0.1506375000000002,-0.9019375000000025,0.0006375000000001796,22.8670625,-1.1707913262821703,0.3887972691730683
120.4,24.1,153.5601,SSP5-8.5,2021-2040,-6.648500000000013,41.3791,-64.42309999999998,0.25489999999999924,0.5585999999999984,0.17930000000000046,23.5596,40.6142,-55.38698749999996,0.1458375000000003,-0.7911500000000018,0.023262499999999964,23.0233125,-1.1707913262821703,0.4519930495428597
120.4,24.15,150.4574,SSP5-8.5,2021-2040,-5.494400000000013,40.110200000000006,-61.863200000000006,0.14220000000000255,-1.0172000000000025,0.11719999999999953,23.0,40.7186375,-59.62023749999997,0.06918749999999996,-1.1913749999999999,-0.03728750000000003,22.8178,-1.1707913262821703,0.5151888299126467
120.45,22.45,184.9807,SSP5-8.5,2021-2040,-9.739300000000014,50.56360000000001,-17.50610000000006,1.1676000000000002,8.662099999999995,1.6585999999999999,22.169200000000004,48.9583125,-26.346024999999997,1.0266375000000005,7.9674625,1.572625,21.203599999999998,-1.0650974862009488,-1.6334677026602307
120.45,22.5,186.9582,SSP5-8.5,2021-2040,-13.122199999999992,47.6176,-36.3107,1.4992000000000019,10.091399999999993,1.1155000000000008,20.3731,48.5919875,-44.48451250000002,0.8899000000000004,7.6157375,1.8129249999999997,21.421875,-1.0650974862009488,-1.570271922290439
120.45,22.55,220.504,SSP5-8.5,2021-2040,-21.72829999999999,47.141400000000004,-76.47109999999998,1.1431000000000004,9.539700000000003,1.6913999999999998,20.6192,47.4259875,-82.63177500000003,0.7247375000000003,7.3180999999999985,1.7756374999999998,21.3473625,-1.0650974862009488,-1.5070761419206478
120.45,22.6,233.7048,SSP5-8.5,2021-2040,-14.281800000000004,46.7992,-102.83540000000016,0.7760999999999996,6.822400000000002,2.3896999999999995,22.1904,46.863262500000005,-108.99811249999999,0.34587499999999993,6.123499999999999,1.9314625,21.4137,-1.0650974862009488,-1.4438803615508562
120.45,22.65,252.1399,SSP5-8.5,2021-2040,-19.4983,46.4992,-106.9661000000001,0.20509999999999806,3.101700000000008,2.1500000000000004,21.0058,46.772325,-109.5971625,0.12343750000000009,4.685562499999998,2.3512874999999998,22.1185,-1.0650974862009488,-1.3806845811810693
120.45,22.7,261.5788,SSP5-8.5,2021-2040,-26.504400000000004,47.34160000000001,-114.39429999999993,-0.15060000000000073,4.024100000000004,2.774099999999999,22.878800000000002,45.9000625,-118.09051249999999,0.06919999999999993,4.3185375,2.4178875,21.056974999999998,-1.0650974862009488,-1.317488800811278
120.45,22.75,267.5862,SSP5-8.5,2021-2040,-31.58820000000003,44.821600000000004,-170.35519999999997,-0.011100000000002552,6.512100000000004,2.3516999999999992,18.959600000000002,44.9861875,-103.02981249999996,0.3211124999999999,4.6700375,2.5810375,20.8826875,-1.0650974862009488,-1.2542930204414864
120.45,22.8,246.563,SSP5-8.5,2021-2040,-18.004399999999976,43.0584,-69.49369999999999,0.8047000000000004,3.6051999999999964,2.470699999999999,19.1519,43.085575000000006,-97.79633749999999,0.5354625,5.378000000000002,2.4157375,19.725,-1.0650974862009488,-1.191097240071695
120.45,22.85,241.4185,SSP5-8.5,2021-2040,-11.116099999999989,42.142300000000006,-22.59900000000016,1.2440999999999995,3.6241000000000057,2.0930999999999997,20.5192,42.1777625,-78.05553749999999,0.7743125000000002,5.726275,2.3754375000000003,19.1810125,-1.0650974862009488,-1.1279014597019037
120.45,22.9,252.5991,SSP5-8.5,2021-2040,-20.973799999999983,42.4267,-51.27560000000017,0.9403000000000006,5.0672,2.0724,19.5519,41.88655,-83.8104625,0.7658749999999999,6.157750000000002,2.2939625,18.935812499999997,-1.0650974862009488,-1.0647056793321166
120.45,22.95,275.3526,SSP5-8.5,2021-2040,-34.0814,42.0776,-106.60180000000014,0.32209999999999894,8.219000000000001,2.603399999999999,18.178800000000003,42.8434125,-96.16753749999995,0.7227874999999999,7.365725000000001,2.2252125,18.82235,-1.0650974862009488,-1.0015098989623252
120.45,23.0,285.0495,SSP5-8.5,2021-2040,-33.99270000000001,44.5543,-123.32150000000001,0.45979999999999777,9.893100000000004,2.9223999999999997,18.95,43.765675,-104.65684999999999,0.5090749999999993,7.323500000000001,2.2637874999999994,19.21465,-1.0650974862009488,-0.9383141185925338
120.45,23.05,283.224,SSP5-8.5,2021-2040,-32.03629999999998,45.340999999999994,-126.51790000000005,0.321399999999997,7.25,2.5465999999999998,20.775,44.45975,-109.46891249999996,0.4951124999999994,7.5439625,2.2581874999999996,19.949037500000003,-1.0650974862009488,-0.8751183382227424
120.45,23.1,284.2293,SSP5-8.5,2021-2040,-32.96240000000003,44.405499999999996,-136.4601,0.3626000000000005,6.2723999999999975,1.7654999999999994,21.3154,44.544025,-100.78573750000001,0.45784999999999965,6.45755,2.4172499999999997,20.672825,-1.0650974862009488,-0.811922557852951
120.45,23.15,288.1429,SSP5-8.5,2021-2040,-38.028099999999995,44.485499999999995,-119.29829999999993,0.3027000000000015,6.667200000000001,2.700000000000001,21.686500000000002,44.111425,-102.32174999999998,0.3991875000000005,5.4900875,2.379525,20.7807625,-1.0650974862009488,-0.748726777483164
120.45,23.2,282.192,SSP5-8.5,2021-2040,-33.341200000000015,43.907599999999995,-92.43280000000004,0.2184000000000026,4.1845,2.9741,20.592299999999998,43.44195,-95.41166250000009,0.20010000000000083,4.160775000000001,2.6551750000000003,20.901425000000003,-1.0650974862009488,-0.6855309971133726
120.45,23.25,276.5424,SSP5-8.5,2021-2040,-27.04139999999998,42.947700000000005,-77.63480000000027,0.0940000000000012,2.0138000000000034,2.9276,21.2731,42.8527625,-98.31718750000007,0.21173750000000036,3.4161624999999987,2.792675,21.084125,-1.0650974862009488,-0.6223352167435812
120.45,23.3,256.2755,SSP5-8.5,2021-2040,-16.90930000000003,42.74080000000001,-55.5634,0.6833000000000027,1.1965999999999966,3.519,22.45,42.204175000000006,-89.79961250000008,0.12334999999999985,2.5510874999999995,3.1618625,21.511300000000002,-1.0650974862009488,-0.5591394363737897
120.45,23.35,241.0817,SSP5-8.5,2021-2040,-14.534300000000002,43.11390000000001,-25.718999999999824,0.4107999999999983,-0.33789999999999765,4.5259,22.8654,42.2766625,-80.67673750000006,0.10123750000000076,1.1004499999999977,2.8588500000000003,22.4747625,-1.0650974862009488,-0.4959436560039983
120.45,23.4,221.4944,SSP5-8.5,2021-2040,-19.058100000000024,43.397,-29.301100000000133,-0.23199999999999932,-2.6655000000000015,2.6723999999999997,23.5596,42.5733625,-64.75928749999997,0.14615000000000045,0.8961250000000005,2.9151125,23.100975,-1.0650974862009488,-0.43274787563421135
120.45,23.45,203.6636,SSP5-8.5,2021-2040,-6.838600000000014,43.09570000000001,-39.51729999999998,0.17029999999999745,2.403400000000005,2.4466,23.894199999999998,42.49195,-58.557950000000005,0.050587500000000674,0.31832499999999975,2.22545,22.926925,-1.0650974862009488,-0.3695520952644199
120.45,23.5,216.1281,SSP5-8.5,2021-2040,-10.021699999999981,41.3964,-52.78359999999998,-0.025800000000000267,2.6707000000000036,2.1121,21.1192,42.037462500000004,-46.346037499999966,0.2624500000000003,1.6547375000000004,2.05195,22.46755,-1.0650974862009488,-0.3063563148946285
120.45,23.55,203.0046,SSP5-8.5,2021-2040,-13.857200000000006,40.806000000000004,-15.728399999999965,0.31099999999999994,5.046599999999998,2.079299999999999,21.4269,41.670525,-41.192812499999974,0.2773875000000001,2.1637874999999998,1.7984875000000002,21.887975000000004,-1.0650974862009488,-0.24316053452483705
120.45,23.6,193.698,SSP5-8.5,2021-2040,-16.5377,41.2641,-27.983799999999974,0.5150000000000006,4.243099999999998,1.5879000000000003,21.959600000000002,41.640075,-32.76396249999999,0.3433625,2.6678749999999996,1.689425,21.853125,-1.0650974862009488,-0.17996475415504562
120.45,23.65,187.914,SSP5-8.5,2021-2040,-15.682799999999986,41.7635,-40.656099999999924,0.2627999999999986,2.765500000000003,0.7585999999999995,21.548099999999998,42.094187500000004,-28.641725000000008,0.33118749999999997,2.646099999999999,1.6023500000000002,22.1151375,-1.0650974862009488,-0.11676897378525869
120.45,23.7,196.2103,SSP5-8.5,2021-2040,-22.99429999999998,41.079100000000004,-40.721000000000004,-0.02909999999999968,1.2585999999999942,1.3379000000000003,21.95,42.325075,-27.032200000000017,0.2074874999999996,2.128862500000002,1.274775,22.0346125,-1.0650974862009488,-0.053573193415467256
120.45,23.75,176.8161,SSP5-8.5,2021-2040,-16.766899999999993,41.2569,-12.970600000000104,0.14259999999999806,0.5241000000000042,1.0947999999999993,21.703799999999998,42.358149999999995,-20.820525000000004,0.05241249999999953,1.0967624999999996,1.2122875,22.216825,-1.0650974862009488,0.009622586954324176
120.45,23.8,172.7138,SSP5-8.5,2021-2040,-12.447000000000003,41.9738,-12.781199999999899,-0.01740000000000208,-1.3086000000000055,1.1293000000000006,22.451900000000002,42.0789875,-12.086312499999991,0.08822499999999955,0.30601250000000135,0.9338500000000001,22.23605,-1.0650974862009488,0.0728183673241156
120.45,23.85,172.6274,SSP5-8.5,2021-2040,-12.016099999999994,42.7998,-3.938799999999901,0.2469999999999999,0.051700000000003854,0.6362000000000005,22.761499999999998,41.41285,-12.137750000000011,0.18014999999999937,-0.6385750000000012,0.7776000000000001,22.320674999999998,-1.0650974862009488,0.13601414769390704
120.45,23.9,166.1502,SSP5-8.5,2021-2040,-7.253000000000014,41.089099999999995,-8.643199999999979,0.41799999999999926,-1.8447999999999993,0.7706999999999997,21.549999999999997,40.697925,-14.835450000000009,0.34965,-0.7458999999999998,0.4334125,21.877875,-1.0650974862009488,0.19920992806369398
120.45,23.95,174.7063,SSP5-8.5,2021-2040,-12.05080000000001,40.02179999999999,-16.559600000000046,0.31259999999999977,-4.203400000000009,0.07069999999999954,19.9615,40.2797875,-28.7537875,0.2785624999999996,-0.5443874999999991,0.18362499999999982,21.987975,-1.0650974862009488,0.26240570843348543
120.45,24.0,172.2528,SSP5-8.5,2021-2040,-8.213400000000007,39.9682,-40.46589999999992,-0.08709999999999951,-1.9690000000000012,-0.4569000000000001,21.532700000000002,40.084050000000005,-38.93166249999999,0.22537499999999966,-1.4648625000000024,0.05064999999999997,21.861525,-1.0650974862009488,0.32560148880327683
120.45,24.05,163.1144,SSP5-8.5,2021-2040,-6.341499999999996,39.7062,-46.32289999999989,0.16110000000000113,-3.1776000000000053,-0.02069999999999972,21.584600000000002,40.511849999999995,-50.96658749999999,0.05888749999999954,-1.0855625000000027,-0.033625000000000016,22.748075,-1.0650974862009488,0.3887972691730683
120.45,24.1,157.3901,SSP5-8.5,2021-2040,-3.695300000000003,40.07449999999999,-63.83960000000013,-0.03480000000000061,-1.1293000000000006,0.0378999999999996,23.1615,40.4791,-55.834549999999965,0.0770000000000004,-1.3877000000000015,0.10150000000000003,22.7262125,-1.0650974862009488,0.4519930495428597
120.45,24.15,154.1392,SSP5-8.5,2021-2040,-4.208499999999987,40.65149999999999,-70.88799999999992,-0.02430000000000021,0.5328000000000088,0.13100000000000023,22.707699999999996,40.6085,-58.51496249999998,0.045787500000000314,-1.4071125000000002,0.048049999999999926,22.87285,-1.0650974862009488,0.5151888299126467
120.45,24.2,153.3517,SSP5-8.5,2021-2040,-2.6784999999999854,40.688,-58.28019999999992,0.10650000000000048,-1.1914000000000016,-0.4068999999999994,21.7327,40.5335,-60.080549999999974,0.07021249999999979,-1.2885749999999971,0.06528749999999994,22.7706875,-1.0650974862009488,0.578384610282438
120.5,22.4,199.1072,SSP5-8.5,2021-2040,-14.886799999999994,50.6231,-12.869699999999966,0.9833999999999996,5.963800000000006,1.108600000000001,22.1096,49.138275,-8.948774999999983,0.8721875000000003,6.943324999999999,1.7920249999999993,21.702875,-0.9594036461197276,-1.696663483030022
120.5,22.45,202.3235,SSP5-8.5,2021-2040,-10.903699999999986,50.6844,16.31809999999996,1.1754999999999995,5.637900000000002,1.713799999999999,22.211499999999997,49.154875000000004,-14.433712499999984,0.911900000000001,7.296787499999998,1.6361999999999999,21.681974999999998,-0.9594036461197276,-1.6334677026602307
120.5,22.5,214.1717,SSP5-8.5,2021-2040,-11.865899999999982,49.40240000000001,18.185199999999895,1.0733000000000033,5.915499999999994,1.767199999999999,21.813499999999998,48.6614,-35.781375,0.8677750000000004,7.091399999999999,1.9323374999999998,21.789175,-0.9594036461197276,-1.570271922290439
120.5,22.55,231.1404,SSP5-8.5,2021-2040,-23.04079999999999,48.48420000000001,-66.18399999999997,0.48309999999999675,5.848300000000002,2.4223999999999997,22.775000000000002,47.242850000000004,-52.428,0.5947125000000013,5.416174999999997,2.138375,21.875,-0.9594036461197276,-1.5070761419206478
120.5,22.6,229.9008,SSP5-8.5,2021-2040,-19.638800000000003,46.189499999999995,-96.63739999999984,-0.012599999999999056,2.2568999999999875,1.9982999999999986,22.5288,46.186437500000004,-89.10985000000002,0.2709999999999999,4.295912500000001,2.600225,21.5846125,-0.9594036461197276,-1.4438803615508562
120.5,22.65,250.338,SSP5-8.5,2021-2040,-19.84099999999998,45.3387,-109.92859999999996,-0.3572999999999986,2.9861999999999966,2.877600000000001,20.5673,45.4277,-98.05112500000004,0.12038749999999965,2.776287499999998,2.8202624999999992,21.598062499999997,-0.9594036461197276,-1.3806845811810693
120.5,22.7,257.1677,SSP5-8.5,2021-2040,-18.13670000000002,45.9872,-104.35020000000009,0.06489999999999796,0.713799999999992,3.3965999999999994,20.6288,43.866225,-114.88138750000005,0.14000000000000012,3.689862500000002,2.9437375,20.1420625,-0.9594036461197276,-1.317488800811278
120.5,22.75,253.0183,SSP5-8.5,2021-2040,-23.79940000000002,40.904900000000005,-139.14319999999998,0.08590000000000231,3.0379000000000076,2.6828000000000003,18.565399999999997,43.578475,-104.84255000000002,0.35408749999999944,4.7991375000000005,3.0476124999999996,20.0617625,-0.9594036461197276,-1.2542930204414864
120.5,22.8,254.5648,SSP5-8.5,2021-2040,-24.718699999999984,42.491600000000005,-126.30849999999987,0.2563999999999993,9.794800000000002,2.481,20.1808,42.27787500000001,-94.04072500000004,0.5124750000000002,4.619387500000004,2.9474124999999995,19.4788375,-0.9594036461197276,-1.191097240071695
120.5,22.85,255.6571,SSP5-8.5,2021-2040,-24.59190000000001,43.045100000000005,-81.92430000000013,-0.05279999999999774,4.237900000000003,3.1121,20.5692,42.067475,-73.43232499999999,0.8042499999999997,6.088787500000002,2.6148624999999996,19.582925000000003,-0.9594036461197276,-1.1279014597019037
120.5,22.9,262.6279,SSP5-8.5,2021-2040,-22.305200000000013,41.869299999999996,-61.48389999999972,0.9450000000000003,5.3138000000000005,2.3483,19.0423,41.9115125,-72.22686250000004,0.7130249999999996,6.514437500000003,2.5411624999999995,19.0148875,-0.9594036461197276,-1.0647056793321166
120.5,22.95,278.503,SSP5-8.5,2021-2040,-29.29759999999999,41.7788,-83.65819999999985,0.6758999999999986,6.75,2.0914,18.3288,42.107074999999995,-71.38038749999993,0.7176624999999994,7.975875000000002,2.4963374999999997,18.13245,-0.9594036461197276,-1.0015098989623252
120.5,23.0,297.2332,SSP5-8.5,2021-2040,-31.91470000000004,42.650999999999996,-68.27909999999974,0.24549999999999983,8.808599999999998,2.6258999999999997,16.9673,42.634949999999996,-95.06404999999995,0.5776624999999989,8.244412500000003,2.4838375,18.3226,-0.9594036461197276,-0.9383141185925338
120.5,23.05,299.1761,SSP5-8.5,2021-2040,-32.16380000000004,43.631600000000006,-98.84940000000006,0.386099999999999,7.405200000000001,2.734499999999999,18.6558,43.157325,-105.7832249999999,0.45854999999999935,8.3905125,2.4252249999999993,18.9387125,-0.9594036461197276,-0.8751183382227424
120.5,23.1,303.6556,SSP5-8.5,2021-2040,-29.61360000000002,43.766,-137.01559999999972,0.38319999999999865,9.820700000000002,2.4861999999999984,19.825000000000003,43.38475,-105.96401250000002,0.4173625000000003,7.276712500000001,2.5258624999999997,19.7060125,-0.9594036461197276,-0.811922557852951
120.5,23.15,302.0877,SSP5-8.5,2021-2040,-19.085699999999974,42.908300000000004,-57.745800000000145,0.3774000000000015,6.419000000000004,2.706899999999999,19.4865,43.374925000000005,-114.82942499999993,0.3416500000000009,6.750412500000001,2.4995625,20.040374999999997,-0.9594036461197276,-0.748726777483164
120.5,23.2,316.0196,SSP5-8.5,2021-2040,-25.871500000000026,43.1795,-100.11650000000009,0.31950000000000145,4.5534000000000034,2.087900000000001,19.7538,42.5382125,-110.58507500000002,0.16146250000000117,5.425650000000001,2.7829750000000004,19.9776375,-0.9594036461197276,-0.6855309971133726
120.5,23.25,308.7537,SSP5-8.5,2021-2040,-19.58209999999997,39.8418,-142.43020000000024,-0.34280000000000044,4.149999999999999,3.0482999999999993,19.3827,42.01593750000001,-125.49712499999998,0.15233750000000112,4.5155249999999985,2.7957,20.0788375,-0.9594036461197276,-0.6223352167435812
120.5,23.3,307.9355,SSP5-8.5,2021-2040,-15.977499999999964,39.812599999999996,-165.83080000000018,0.01769999999999783,5.377599999999994,3.1982999999999997,18.576900000000002,41.195237500000005,-132.50953749999994,0.04097500000000087,3.6032499999999983,3.136875,20.833662500000003,-0.9594036461197276,-0.5591394363737897
120.5,23.35,284.4778,SSP5-8.5,2021-2040,-25.33620000000002,40.9639,-177.11099999999988,-0.4151999999999987,3.898299999999999,3.732800000000001,21.6154,41.32812500000001,-129.44733749999997,-0.033549999999999525,2.520274999999997,3.0344999999999995,21.801675,-0.9594036461197276,-0.4959436560039983
120.5,23.4,236.4689,SSP5-8.5,2021-2040,-23.046399999999977,42.7288,-135.3293000000001,-0.817499999999999,1.2982999999999976,3.2483000000000004,24.2558,41.53228750000001,-115.72786249999993,0.011175000000000157,2.112075,2.8642374999999998,22.5536,-0.9594036461197276,-0.43274787563421135
120.5,23.45,227.6155,SSP5-8.5,2021-2040,-13.400499999999994,42.1333,-65.37439999999992,0.5140000000000029,2.3171999999999997,3.0259,22.6481,41.554625,-109.81103750000003,-0.14342500000000014,1.5819,2.4528125000000003,22.830275,-0.9594036461197276,-0.3695520952644199
120.5,23.5,227.3932,SSP5-8.5,2021-2040,-8.936000000000007,40.8653,-79.74659999999994,0.2397999999999989,1.6137999999999977,2.0638000000000005,22.0942,41.193425000000005,-84.66592499999999,0.11756250000000046,2.460350000000002,2.4883625,22.0677875,-0.9594036461197276,-0.3063563148946285
120.5,23.55,216.9757,SSP5-8.5,2021-2040,-7.766599999999983,40.9896,-78.1083000000001,0.08450000000000202,1.7828000000000017,2.1034000000000006,21.980800000000002,41.21266249999999,-66.48684999999998,0.16863750000000044,2.6678875,2.3366375,21.693012500000002,-0.9594036461197276,-0.24316053452483705
120.5,23.6,221.8191,SSP5-8.5,2021-2040,-17.5497,42.314299999999996,-31.589999999999918,0.14000000000000057,2.7241,2.4862,22.4115,41.266662499999995,-50.256512500000014,0.2806375000000001,2.9954750000000008,2.048475,21.131974999999997,-0.9594036461197276,-0.17996475415504562
120.5,23.65,203.9974,SSP5-8.5,2021-2040,-14.129799999999989,41.83760000000001,-52.88630000000012,0.32069999999999865,2.6310000000000002,1.877600000000001,21.419199999999996,41.499225,-35.74334999999999,0.2612874999999999,2.9963124999999993,1.7689499999999998,20.9853375,-0.9594036461197276,-0.11676897378525869
120.5,23.7,192.0714,SSP5-8.5,2021-2040,-21.957900000000024,41.756,-57.948900000000094,0.03170000000000073,3.7379000000000033,1.4499999999999993,21.136499999999998,41.24283750000001,-24.761712500000016,0.28496249999999934,2.7780000000000005,1.5284375,20.5903875,-0.9594036461197276,-0.053573193415467256
120.5,23.75,173.0611,SSP5-8.5,2021-2040,-12.256900000000002,41.710699999999996,-17.102300000000014,0.1802000000000028,3.3345000000000056,1.1568999999999994,21.575000000000003,41.4990125,-19.288524999999993,0.17722499999999952,2.380587499999998,1.4030125,20.965125,-0.9594036461197276,0.009622586954324176
120.5,23.8,165.0206,SSP5-8.5,2021-2040,-6.732100000000003,41.587999999999994,-5.807900000000018,0.15390000000000015,2.794799999999995,1.3776000000000002,22.2615,41.8721625,-10.850899999999967,0.19392500000000013,2.2463250000000006,1.0612125,21.366325,-0.9594036461197276,0.0728183673241156
120.5,23.85,168.0732,SSP5-8.5,2021-2040,-10.170500000000004,41.593199999999996,-15.625900000000001,0.0934999999999988,0.06029999999999802,0.7500000000000009,22.375,41.5484375,-8.009924999999981,0.28157500000000013,1.8685374999999995,0.9706999999999999,21.724262500000002,-0.9594036461197276,0.13601414769390704
120.5,23.9,169.8942,SSP5-8.5,2021-2040,-7.594300000000004,39.8168,-15.399900000000116,0.5916999999999994,2.0328000000000017,0.8654999999999999,21.825,40.9203625,-8.721937499999996,0.4031625000000001,-0.060125000000000206,0.5864374999999998,21.5197,-0.9594036461197276,0.19920992806369398
120.5,23.95,184.0378,SSP5-8.5,2021-2040,-12.227800000000002,37.794900000000005,-19.072200000000066,0.8195000000000014,-1.0240999999999971,0.3465999999999996,19.551900000000003,40.62385,-21.42961249999999,0.2935124999999994,-1.0060250000000002,0.3424499999999997,21.834375,-0.9594036461197276,0.26240570843348543
120.5,24.0,179.1759,SSP5-8.5,2021-2040,-12.435100000000006,39.4058,-52.38409999999999,-0.1626000000000012,-1.943099999999994,-0.1828000000000003,21.35,40.318875,-30.758575000000008,0.2821125000000002,-2.1206875000000025,0.10991249999999997,21.8189875,-0.9594036461197276,0.32560148880327683
120.5,24.05,168.6595,SSP5-8.5,2021-2040,-8.039299999999997,39.8573,-41.080900000000156,-0.0779999999999994,-2.5224000000000046,0.19310000000000027,21.8731,40.505325,-48.470599999999976,0.031187500000000146,-1.531900000000002,0.001274999999999915,22.622837500000003,-0.9594036461197276,0.3887972691730683
120.5,24.1,158.9785,SSP5-8.5,2021-2040,-3.914199999999994,40.6013,-43.33829999999989,0.04230000000000089,-1.9362000000000066,0.17929999999999957,22.830799999999996,40.4515875,-55.4849875,-0.010949999999999793,-1.4551625000000001,0.15990000000000015,22.9024125,-0.9594036461197276,0.4519930495428597
120.5,24.15,158.5858,SSP5-8.5,2021-2040,-6.080200000000019,40.76840000000001,-60.19139999999993,-0.11619999999999919,-3.0102999999999938,0.14829999999999988,22.380800000000004,40.6968125,-57.99363749999996,0.05279999999999996,-0.9146624999999995,0.03080000000000005,22.8432875,-0.9594036461197276,0.5151888299126467
120.5,24.2,160.4429,SSP5-8.5,2021-2040,-5.945899999999995,40.8275,-57.43270000000007,0.09110000000000085,-2.825899999999997,-0.45170000000000066,22.296200000000002,41.070637500000004,-54.11728749999992,0.11274999999999924,-1.4418124999999966,0.1017125000000002,22.9529,-0.9594036461197276,0.578384610282438
120.5,24.25,164.6783,SSP5-8.5,2021-2040,-4.862800000000021,39.9293,-46.66339999999991,0.232999999999997,-2.020699999999998,-0.09480000000000022,22.276899999999998,41.092912500000004,-47.23197499999995,0.15522500000000017,-1.7170374999999973,-0.14417499999999994,22.749537500000002,-0.9594036461197276,0.6415803906522295
120.5,24.3,159.7178,SSP5-8.5,2021-2040,-2.5209000000000117,40.104299999999995,-35.63819999999987,0.32209999999999894,-1.2016999999999953,-0.39480000000000004,22.053799999999995,40.712175,-29.20506249999997,0.24178750000000004,-1.3336374999999983,-0.24632500000000013,23.3480875,-0.9594036461197276,0.704776171022021
120.55,22.4,227.6629,SSP5-8.5,2021-2040,-23.669900000000013,49.8581,-33.718799999999874,0.8518000000000008,9.925899999999999,1.4207,21.461499999999997,47.912375,-16.96282499999998,0.7389999999999999,6.285562500000001,1.8926749999999997,21.6576875,-0.8537098060385062,-1.696663483030022
120.55,22.45,239.3253,SSP5-8.5,2021-2040,-21.874599999999987,49.4423,-16.21550000000002,0.6173000000000002,6.984499999999997,2.0465999999999998,21.5231,48.6917375,-9.466174999999993,0.7729250000000008,5.9646625,1.7622749999999994,21.86345,-0.8537098060385062,-1.6334677026602307
120.55,22.5,259.2096,SSP5-8.5,2021-2040,-27.641800000000018,48.4124,-8.563400000000001,0.5111000000000026,5.325899999999997,2.1914,22.588500000000003,47.7815375,-34.847125000000005,0.6591375000000004,5.407324999999999,2.0933124999999997,21.909612499999998,-0.8537098060385062,-1.570271922290439
120.55,22.55,253.096,SSP5-8.5,2021-2040,-28.580299999999994,46.945299999999996,-81.31829999999991,0.3453000000000017,4.641400000000004,2.6189999999999998,22.0538,46.311575000000005,-54.17067499999999,0.41530000000000067,3.658837499999996,2.3547374999999997,22.1242875,-0.8537098060385062,-1.5070761419206478
120.55,22.6,244.0175,SSP5-8.5,2021-2040,-26.262200000000007,45.435,-35.47289999999998,-0.5777999999999999,-1.2638000000000034,3.3345000000000002,22.8327,44.799974999999996,-104.00601249999997,0.2999375000000004,4.036649999999998,2.6456874999999997,21.46225,-0.8537098060385062,-1.4438803615508562
120.55,22.65,251.6719,SSP5-8.5,2021-2040,-22.7971,42.8485,-133.70240000000013,0.1504000000000012,2.6913999999999945,3.3171999999999997,20.6327,43.76831249999999,-99.779575,0.13666250000000035,2.5191874999999966,2.8476374999999994,20.9954125,-0.8537098060385062,-1.3806845811810693
120.55,22.7,265.5977,SSP5-8.5,2021-2040,-20.616599999999977,42.3214,-90.0503000000001,0.5076,3.8637999999999977,3.201699999999999,20.0865,42.191762499999996,-110.35582500000007,0.21790000000000065,3.121762499999999,3.0592625,19.6999875,-0.8537098060385062,-1.317488800811278
120.55,22.75,253.8176,SSP5-8.5,2021-2040,-15.72120000000001,40.8539,-54.511000000000195,0.6900000000000013,3.301700000000004,4.194800000000001,18.4404,41.962337500000004,-109.23264999999998,0.39651250000000005,4.388137499999999,2.9506375,19.581,-0.8537098060385062,-1.2542930204414864
120.55,22.8,251.6414,SSP5-8.5,2021-2040,-22.3793,41.75209999999999,-109.2772,0.6707999999999998,6.577600000000004,3.510299999999999,20.1673,41.489625000000004,-100.15754999999999,0.4972125000000003,5.557525000000002,3.0015,19.1560125,-0.8537098060385062,-1.191097240071695
120.55,22.85,255.2334,SSP5-8.5,2021-2040,-22.20179999999999,41.64470000000001,-105.02219999999988,0.6681999999999988,6.0586000000000055,3.1638,19.4577,41.9865,-93.60792499999997,0.6569625000000001,7.1702625000000015,2.8325374999999995,19.175475,-0.8537098060385062,-1.1279014597019037
120.55,22.9,262.1451,SSP5-8.5,2021-2040,-18.172300000000007,41.154700000000005,-41.99850000000015,0.9044999999999987,8.669000000000004,2.779299999999999,18.5923,41.80225,-96.31608749999992,0.7127624999999997,7.587075000000002,2.66575,18.4819625,-0.8537098060385062,-1.0647056793321166
120.55,22.95,287.6154,SSP5-8.5,2021-2040,-25.80340000000001,41.0222,-84.73529999999982,1.0018999999999991,9.489700000000006,2.4138,16.9212,41.6028625,-85.18128749999988,0.6687874999999996,8.409062500000001,2.470925,17.7394125,-0.8537098060385062,-1.0015098989623252
120.55,23.0,310.5027,SSP5-8.5,2021-2040,-25.9837,41.10079999999999,-33.34739999999965,0.9222000000000001,8.346600000000002,2.2051999999999996,16.855800000000002,41.898025,-109.1842499999999,0.5149499999999994,9.0319,2.4069000000000003,17.7447125,-0.8537098060385062,-0.9383141185925338
120.55,23.05,330.9167,SSP5-8.5,2021-2040,-29.23689999999999,41.573299999999996,-103.48090000000002,0.5319000000000003,8.601700000000001,2.3534000000000006,17.9154,42.3219875,-111.05664999999988,0.36191249999999986,8.600000000000001,2.35755,18.208662500000003,-0.8537098060385062,-0.8751183382227424
120.55,23.1,343.1903,SSP5-8.5,2021-2040,-24.473299999999995,41.86670000000001,-117.8433,0.44180000000000064,8.131,2.496599999999999,18.9058,42.810425,-109.29083749999995,0.35341250000000013,7.8232750000000015,2.4797249999999997,18.77765,-0.8537098060385062,-0.811922557852951
120.55,23.15,328.4217,SSP5-8.5,2021-2040,-18.707799999999963,42.866099999999996,-87.51639999999998,0.615000000000002,7.467200000000005,2.9034000000000013,18.907700000000002,42.93925,-111.60034999999993,0.2664875000000002,7.140937500000001,2.4818999999999996,19.3423,-0.8537098060385062,-0.748726777483164
120.55,23.2,306.4682,SSP5-8.5,2021-2040,-24.62130000000002,42.52250000000001,-127.95239999999967,0.08999999999999986,6.9069,2.5828000000000007,19.3365,42.481775,-120.17893750000002,0.19392500000000057,6.148275,2.5375,19.5151375,-0.8537098060385062,-0.6855309971133726
120.55,23.25,309.7694,SSP5-8.5,2021-2040,-21.50229999999999,40.82620000000001,-179.66989999999987,-0.06299999999999883,5.596599999999995,2.4207,19.1558,41.674712500000005,-149.71808749999997,0.10102499999999992,5.9547374999999985,2.57695,19.6382,-0.8537098060385062,-0.6223352167435812
120.55,23.3,305.6043,SSP5-8.5,2021-2040,-24.219899999999996,40.1906,-204.77639999999974,-0.14119999999999777,6.294799999999995,2.655199999999999,19.4923,40.800112500000004,-162.11127499999992,0.10872500000000018,5.047649999999997,2.5629375000000003,20.155525,-0.8537098060385062,-0.5591394363737897
120.55,23.35,287.5638,SSP5-8.5,2021-2040,-20.88760000000002,38.937000000000005,-197.17159999999967,0.10190000000000055,6.013799999999996,2.2654999999999994,20.4346,40.979425000000006,-173.40011249999998,0.019737500000000185,3.982549999999997,2.6166,21.4170625,-0.8537098060385062,-0.4959436560039983
120.55,23.4,269.8697,SSP5-8.5,2021-2040,-21.90210000000002,39.7043,-221.88710000000015,-0.29139999999999944,2.984499999999997,2.1914,22.7788,41.1101,-158.20719999999994,0.047750000000000625,2.892249999999999,2.6288750000000003,22.3754875,-0.8537098060385062,-0.43274787563421135
120.55,23.45,262.998,SSP5-8.5,2021-2040,-22.4966,40.9132,-169.74139999999989,-0.16900000000000048,2.2828000000000017,2.0534,22.6327,40.8118125,-157.91003750000002,-0.0697624999999995,1.9683124999999997,2.7243625000000002,22.7665875,-0.8537098060385062,-0.3695520952644199
120.55,23.5,257.6796,SSP5-8.5,2021-2040,-18.8236,40.33630000000001,-150.18190000000004,-0.02179999999999893,2.0671999999999997,2.8345000000000002,22.307699999999997,40.83925,-135.85931249999993,-0.015724999999999323,1.3750125000000022,2.8523625,22.137025,-0.8537098060385062,-0.3063563148946285
120.55,23.55,237.0578,SSP5-8.5,2021-2040,-14.823499999999996,39.87689999999999,-105.89210000000003,0.07730000000000103,1.1121000000000052,3.2516999999999996,20.5327,41.119637499999996,-119.88847499999989,2.5000000000829914e-05,1.5961125000000003,2.841375,21.853125,-0.8537098060385062,-0.24316053452483705
120.55,23.6,218.2215,SSP5-8.5,2021-2040,-11.6678,42.842,-67.98839999999996,0.1136000000000017,1.8654999999999973,2.2775999999999996,21.692300000000003,41.216787499999995,-89.68147499999998,0.1917500000000003,2.0551625000000007,2.9288625,20.9192375,-0.8537098060385062,-0.17996475415504562
120.55,23.65,208.916,SSP5-8.5,2021-2040,-16.306999999999988,40.753600000000006,-12.808700000000044,0.5601999999999983,4.5172000000000025,2.451699999999999,18.4962,41.3691125,-57.132825,0.3161000000000005,2.5898499999999993,2.613575,20.6401375,-0.8537098060385062,-0.11676897378525869
120.55,23.7,192.3829,SSP5-8.5,2021-2040,-12.877100000000013,40.2212,-6.249900000000025,0.49609999999999843,2.8585999999999956,1.8017000000000003,18.6885,41.3905,-26.84717500000002,0.43360000000000065,3.269162500000001,2.27285,20.166825000000003,-0.8537098060385062,-0.053573193415467256
120.55,23.75,181.1643,SSP5-8.5,2021-2040,-14.232,41.320100000000004,-14.698799999999892,0.3461999999999996,4.3344999999999985,1.7483000000000004,19.3423,41.541475000000005,-10.20041249999997,0.35380000000000056,3.1083875,1.7900999999999998,20.2980625,-0.8537098060385062,0.009622586954324176
120.55,23.8,162.2805,SSP5-8.5,2021-2040,-3.2764999999999986,42.797,-3.129899999999907,0.29380000000000095,4.844799999999999,1.2844999999999995,20.1865,41.60265,-9.872299999999939,0.2587000000000006,3.0652874999999993,1.363375,20.6963875,-0.8537098060385062,0.0728183673241156
120.55,23.85,169.5102,SSP5-8.5,2021-2040,-11.011400000000009,41.525800000000004,-6.559700000000021,0.26550000000000296,6.129300000000001,0.6896999999999993,20.534599999999998,41.511599999999994,-11.995412499999958,0.27064999999999984,2.2752124999999985,1.178675,21.116574999999997,-0.8537098060385062,0.13601414769390704
120.55,23.9,177.276,SSP5-8.5,2021-2040,-7.309600000000017,40.7972,-7.81880000000001,0.3001000000000005,2.2483000000000004,1.0120999999999993,22.2231,40.912225,-13.156449999999978,0.45782500000000015,1.5558249999999996,0.8114249999999998,21.172825000000003,-0.8537098060385062,0.19920992806369398
120.55,23.95,179.6715,SSP5-8.5,2021-2040,-10.02430000000001,41.741099999999996,8.442700000000059,0.7690999999999981,-1.898299999999999,0.41549999999999976,23.2,40.6753625,-26.335774999999984,0.3295499999999998,0.2151000000000005,0.5730624999999996,21.412487499999997,-0.8537098060385062,0.26240570843348543
120.55,24.0,185.4935,SSP5-8.5,2021-2040,-15.138500000000022,42.150800000000004,-38.60809999999992,0.20629999999999882,-0.4707000000000008,0.24479999999999968,23.032700000000002,40.894425,-33.235900000000015,0.24256250000000001,-0.9646500000000007,0.27973749999999986,22.106,-0.8537098060385062,0.32560148880327683
120.55,24.05,167.6183,SSP5-8.5,2021-2040,-8.308300000000003,41.3107,-52.40170000000012,0.1534000000000013,-1.7000000000000028,0.08620000000000072,23.8154,41.5124125,-45.543199999999985,-0.016287500000000232,-0.810125000000002,0.2092624999999998,22.9911125,-0.8537098060385062,0.3887972691730683
120.55,24.1,160.576,SSP5-8.5,2021-2040,-5.76909999999998,40.825100000000006,-50.404199999999946,-0.02909999999999968,0.0706999999999951,0.12239999999999984,23.675,41.6695625,-48.27131250000002,-0.012412499999999937,-0.5978375000000016,0.35345000000000004,23.7264625,-0.8537098060385062,0.4519930495428597
120.55,24.15,170.3301,SSP5-8.5,2021-2040,-3.328099999999978,40.419000000000004,-58.751199999999926,-0.1197000000000017,-0.7051999999999978,0.5810000000000004,24.0212,41.8684875,-49.129024999999984,0.09204999999999997,-0.7321124999999995,0.2079749999999999,23.774062500000003,-0.8537098060385062,0.5151888299126467
120.55,24.2,170.34,SSP5-8.5,2021-2040,-1.3646999999999991,41.48760000000001,-61.0148999999999,0.39039999999999964,-0.13279999999999603,0.05340000000000078,22.321200000000005,41.5682125,-48.04807499999998,0.06689999999999952,-1.5431124999999977,0.1681124999999999,23.693525,-0.8537098060385062,0.578384610282438
120.55,24.25,176.9566,SSP5-8.5,2021-2040,0.12239999999999895,41.488200000000006,-40.50239999999985,0.19269999999999854,-2.898299999999999,0.16549999999999976,22.7173,41.2648625,-37.71467499999997,0.2309874999999999,-1.316824999999997,-0.17348750000000002,23.4899125,-0.8537098060385062,0.6415803906522295
120.55,24.3,164.6762,SSP5-8.5,2021-2040,1.6876000000000033,40.8936,-21.29989999999998,0.29850000000000065,-1.362099999999998,-0.2138,23.613500000000002,40.33,-26.848149999999947,0.262575,-0.834487499999998,-0.25322500000000003,23.24855,-0.8537098060385062,0.704776171022021
120.55,24.35,156.3234,SSP5-8.5,2021-2040,1.4199000000000126,40.0512,-26.304599999999937,0.27309999999999945,-0.029299999999999216,-0.2930999999999999,23.017300000000002,39.8337375,-16.165349999999933,0.34063750000000015,-0.6109999999999989,-0.2870625000000001,23.140625,-0.8537098060385062,0.7679719513918124
120.55,24.4,152.6448,SSP5-8.5,2021-2040,1.6023999999999887,38.559400000000004,-24.239100000000008,0.23380000000000223,1.0069000000000017,-0.32589999999999986,23.059600000000003,39.717150000000004,-12.622099999999932,0.4056875,-0.6172499999999994,-0.3282250000000001,23.11995,-0.8537098060385062,0.8311677317615993
120.6,22.35,235.3471,SSP5-8.5,2021-2040,-27.51490000000001,47.7376,-25.727300000000014,0.9832999999999998,7.9964999999999975,1.7861999999999991,21.2654,45.0086,-41.239000000000004,0.5371000000000001,8.838812500000001,1.885775,20.045899999999996,-0.7480159659572849,-1.759859263399809
120.6,22.4,257.9927,SSP5-8.5,2021-2040,-26.053600000000017,48.098299999999995,-4.455099999999902,0.517199999999999,4.919000000000004,2.162099999999999,21.761499999999998,46.131025,-37.38362500000002,0.6048874999999989,7.596337500000001,1.8678875,20.8170625,-0.7480159659572849,-1.696663483030022
120.6,22.45,287.9199,SSP5-8.5,2021-2040,-34.8809,47.319500000000005,-8.470699999999852,0.5914999999999999,5.505200000000002,1.7809999999999988,21.417299999999997,44.9871625,-36.12932500000002,0.4902249999999997,6.5722125,2.0967749999999996,20.594949999999997,-0.7480159659572849,-1.6334677026602307
120.6,22.5,316.9811,SSP5-8.5,2021-2040,-41.10560000000004,45.13570000000001,-42.1550000000002,0.47960000000000136,4.524099999999997,1.9533999999999985,21.544199999999996,44.518012500000005,-51.16614999999999,0.43978749999999955,5.572862499999999,2.2467749999999995,20.5461625,-0.7480159659572849,-1.570271922290439
120.6,22.55,316.2605,SSP5-8.5,2021-2040,-43.447599999999966,44.838499999999996,-98.93679999999995,0.5075000000000003,4.201699999999995,2.443100000000001,21.9385,43.586375,-72.22153750000004,0.3767125000000009,4.166387499999999,2.6034499999999996,20.7447125,-0.7480159659572849,-1.5070761419206478
120.6,22.6,287.5262,SSP5-8.5,2021-2040,-32.29310000000001,42.594899999999996,-103.60109999999986,0.8582000000000001,2.4620999999999995,2.727599999999999,20.973100000000002,43.03042500000001,-114.94555000000005,0.27575000000000127,4.270474999999999,2.78965,20.715137499999997,-0.7480159659572849,-1.4438803615508562
120.6,22.65,297.1287,SSP5-8.5,2021-2040,-31.416499999999985,41.1602,-141.73950000000013,0.42490000000000094,7.205200000000005,2.760299999999999,20.2288,42.4070375,-120.79441250000002,0.2826375000000012,3.671549999999999,2.9390124999999996,20.48125,-0.7480159659572849,-1.3806845811810693
120.6,22.7,285.9173,SSP5-8.5,2021-2040,-19.548100000000034,41.1196,-116.45659999999998,0.18540000000000134,1.9292999999999978,2.4845000000000006,20.1173,41.837900000000005,-121.7546000000001,0.39997500000000086,5.4547375,3.0898499999999998,19.757675,-0.7480159659572849,-1.317488800811278
120.6,22.75,274.4394,SSP5-8.5,2021-2040,-17.29309999999998,39.321099999999994,-83.01510000000007,0.4989999999999988,3.1085999999999956,2.760300000000001,18.4192,42.21124999999999,-121.35476250000002,0.5404,5.954300000000001,3.22025,19.632925,-0.7480159659572849,-1.2542930204414864
120.6,22.8,270.2769,SSP5-8.5,2021-2040,-22.43980000000002,41.800799999999995,-105.26009999999974,0.9021000000000008,6.079299999999996,3.0878999999999994,18.482699999999998,41.9940125,-123.79333750000009,0.6733499999999997,6.652787500000002,3.1168,19.470912499999997,-0.7480159659572849,-1.191097240071695
120.6,22.85,272.7929,SSP5-8.5,2021-2040,-15.431899999999985,41.8549,-106.07600000000002,0.9288999999999987,8.8414,2.529299999999999,19.1327,42.516037499999996,-131.45887500000006,0.7579999999999996,7.403225000000003,2.971125,19.326674999999998,-0.7480159659572849,-1.1279014597019037
120.6,22.9,290.1625,SSP5-8.5,2021-2040,-19.31880000000001,41.9235,-116.5349000000001,0.700800000000001,7.848300000000002,2.812099999999999,17.2365,42.330749999999995,-133.3673875,0.6881249999999994,8.929312500000002,2.6609999999999996,19.1738,-0.7480159659572849,-1.0647056793321166
120.6,22.95,313.2142,SSP5-8.5,2021-2040,-22.991300000000024,41.2795,-131.09389999999985,0.8341999999999992,12.1569,2.8552,17.167299999999997,42.073475,-121.25319999999999,0.4862124999999997,8.244837500000003,2.5054,18.463700000000003,-0.7480159659572849,-1.0015098989623252
120.6,23.0,334.2407,SSP5-8.5,2021-2040,-20.763300000000015,41.0653,-145.0544,0.12219999999999942,9.3793,2.0500000000000007,17.725,41.89915,-137.68973749999992,0.3327,8.88945,2.3286625,18.1723625,-0.7480159659572849,-0.9383141185925338
120.6,23.05,362.2545,SSP5-8.5,2021-2040,-20.497500000000002,42.1825,-158.32279999999992,0.3218999999999994,9.663800000000002,2.1310000000000002,18.276899999999998,41.88585,-137.67183749999998,0.1425749999999999,7.885549999999999,2.2390125000000003,18.3581875,-0.7480159659572849,-0.8751183382227424
120.6,23.1,383.8683,SSP5-8.5,2021-2040,-21.36099999999999,42.312,-129.74119999999994,0.0724000000000018,7.244799999999998,2.1310000000000002,18.457700000000003,42.5704,-137.59199999999998,0.17658749999999968,7.965725,2.416375,19.007225,-0.7480159659572849,-0.811922557852951
120.6,23.15,369.5087,SSP5-8.5,2021-2040,-7.519299999999987,43.2436,-101.65459999999985,0.13939999999999841,5.963799999999999,2.391399999999999,18.6962,43.06685,-120.75831249999993,0.2507999999999999,7.1986875,2.5713375000000003,19.781012500000003,-0.7480159659572849,-0.748726777483164
120.6,23.2,315.9903,SSP5-8.5,2021-2040,-16.504999999999995,43.7154,-120.73340000000007,0.30819999999999936,8.087899999999998,2.9724000000000004,20.276899999999998,43.161525,-125.71763749999991,0.2923125000000004,6.32975,2.4073375,19.964662500000003,-0.7480159659572849,-0.6855309971133726
120.6,23.25,305.9738,SSP5-8.5,2021-2040,-18.477599999999995,43.273300000000006,-171.5646999999999,0.1977000000000011,6.948299999999996,1.7690000000000001,20.4615,42.118750000000006,-145.4364999999999,0.3120875000000001,6.178237499999999,2.3816875,19.986775,-0.7480159659572849,-0.6223352167435812
120.6,23.3,334.1415,SSP5-8.5,2021-2040,-19.6318,40.861999999999995,-164.34029999999984,0.359099999999998,5.319000000000003,2.3017000000000003,19.825,41.4289125,-153.7831124999999,0.41003750000000094,5.553462499999997,2.02285,20.527162500000003,-0.7480159659572849,-0.5591394363737897
120.6,23.35,322.9772,SSP5-8.5,2021-2040,-11.222099999999955,41.884100000000004,-98.77169999999978,1.014400000000002,3.077599999999997,1.7672000000000008,21.7923,40.881425,-180.07792499999996,0.28202499999999997,4.712712499999997,2.0428875,21.161775,-0.7480159659572849,-0.4959436560039983
120.6,23.4,338.4893,SSP5-8.5,2021-2040,-16.054599999999994,41.6891,-219.15430000000015,0.4319999999999986,3.610299999999995,1.8379000000000012,23.0,41.075525,-178.75988749999996,0.1735625000000005,3.314449999999999,2.0573249999999996,22.03725,-0.7480159659572849,-0.43274787563421135
120.6,23.45,332.1796,SSP5-8.5,2021-2040,-20.510099999999966,39.6314,-203.00390000000016,-0.27860000000000085,0.6397000000000048,3.0999999999999996,22.625,40.91875,-209.16015000000002,-0.0408624999999998,2.634249999999999,2.220475,22.1072,-0.7480159659572849,-0.3695520952644199
120.6,23.5,343.8021,SSP5-8.5,2021-2040,-23.002700000000004,39.40599999999999,-188.60279999999966,-0.33459999999999823,1.2155000000000058,3.4931,22.423099999999998,41.061525,-192.07192500000002,-0.07885000000000009,1.4819000000000013,2.6293125,21.889899999999997,-0.7480159659572849,-0.3063563148946285
120.6,23.55,327.9692,SSP5-8.5,2021-2040,-28.320299999999975,42.89829999999999,-196.40499999999975,-0.2591999999999999,0.0362000000000009,3.7276000000000007,22.159599999999998,40.814775,-168.71057499999998,-0.022324999999999484,1.2484875000000004,2.8633625,21.3327,-0.7480159659572849,-0.24316053452483705
120.6,23.6,256.096,SSP5-8.5,2021-2040,-8.3082,39.305299999999995,-166.48479999999972,0.03790000000000049,1.463799999999999,3.7448000000000015,19.7558,41.61767499999999,-120.0753875,0.18158750000000046,1.3116375000000007,3.1877125,20.8906375,-0.7480159659572849,-0.17996475415504562
120.6,23.65,200.8481,SSP5-8.5,2021-2040,-3.450499999999977,41.7587,-73.27660000000014,0.5726000000000013,2.1740999999999957,3.7879000000000005,20.598100000000002,41.016825,-76.32324999999997,0.38908750000000003,1.796125,3.1275875,19.93655,-0.7480159659572849,-0.11676897378525869
120.6,23.7,198.1259,SSP5-8.5,2021-2040,-9.509800000000013,40.91780000000001,-0.6376999999999953,0.816200000000002,3.2638000000000034,3.4827999999999992,19.419200000000004,41.1473625,-31.892937500000016,0.5652499999999998,2.3435249999999987,2.8937500000000003,19.626937500000004,-0.7480159659572849,-0.053573193415467256
120.6,23.75,189.4702,SSP5-8.5,2021-2040,-13.441100000000006,41.069500000000005,14.581900000000132,0.6410000000000018,2.1602999999999994,2.2276000000000007,19.348100000000002,41.7401125,-10.105099999999993,0.5161374999999997,2.6159499999999998,2.3498,19.8487875,-0.7480159659572849,0.009622586954324176
120.6,23.8,177.3559,SSP5-8.5,2021-2040,-12.710399999999993,42.27160000000001,-5.308599999999842,0.21749999999999758,1.872399999999999,1.5396999999999998,19.769199999999998,41.8745375,-11.458912499999968,0.39978750000000085,3.5739124999999996,1.8043125000000002,20.103125,-0.7480159659572849,0.0728183673241156
120.6,23.85,177.3776,SSP5-8.5,2021-2040,-12.27170000000001,41.74229999999999,-28.457099999999855,0.17180000000000106,3.836199999999998,1.4172000000000002,20.3654,42.0279875,-17.08028749999997,0.2878250000000002,2.7390124999999994,1.3821249999999998,20.373312499999997,-0.7480159659572849,0.13601414769390704
120.6,23.9,169.1613,SSP5-8.5,2021-2040,-6.535899999999998,41.4867,-14.415199999999913,0.3429000000000002,0.5120999999999967,1.1827999999999994,19.9269,42.029575,-23.068799999999953,0.3501875000000001,2.3831874999999982,1.0357624999999997,21.2204375,-0.7480159659572849,0.19920992806369398
120.6,23.95,169.1359,SSP5-8.5,2021-2040,-4.08359999999999,41.597,-14.164299999999912,0.6085999999999991,2.7982999999999976,0.8240999999999996,21.6038,42.25495,-28.94501249999996,0.27107499999999973,0.014224999999997934,0.7943999999999997,21.7298125,-0.7480159659572849,0.26240570843348543
120.6,24.0,185.8405,SSP5-8.5,2021-2040,-15.811999999999983,42.3537,-48.82359999999994,-0.07010000000000005,-2.4328000000000003,0.29139999999999944,21.786499999999997,42.57039999999999,-35.319662499999964,0.24196250000000008,0.08276249999999763,0.5717625,22.719949999999997,-0.7480159659572849,0.32560148880327683
120.6,24.05,185.0339,SSP5-8.5,2021-2040,-16.276999999999987,43.094899999999996,-46.403099999999995,-0.09939999999999927,1.005199999999995,0.2637999999999998,23.667299999999997,42.7089,-49.27781249999998,0.059575000000000156,0.15797499999999864,0.40346249999999984,23.3564875,-0.7480159659572849,0.3887972691730683
120.6,24.1,179.1346,SSP5-8.5,2021-2040,-14.270600000000002,43.8104,-43.303300000000036,0.06029999999999802,1.7483000000000004,0.5621,25.713500000000003,42.819425,-55.066187499999984,-0.04504999999999981,0.7499999999999991,0.4017250000000001,24.117537499999997,-0.7480159659572849,0.4519930495428597
120.6,24.15,188.8,SSP5-8.5,2021-2040,-9.75460000000001,43.4945,-40.70060000000012,0.05799999999999983,2.3378999999999976,0.8137999999999996,25.5096,42.9236,-58.38013749999993,0.016262499999999402,0.06788750000000121,0.2991250000000002,24.5468875,-0.7480159659572849,0.5151888299126467
120.6,24.2,189.5597,SSP5-8.5,2021-2040,-2.736699999999985,43.13309999999999,-36.646799999999985,0.23959999999999937,-2.1085999999999956,0.2362000000000002,25.465400000000002,42.673012500000006,-56.102274999999935,-0.024775000000000436,-1.0536749999999993,0.2913625000000001,24.4004875,-0.7480159659572849,0.578384610282438
120.6,24.25,180.3961,SSP5-8.5,2021-2040,1.6437999999999988,42.4857,-43.49610000000007,-0.04329999999999856,-1.1137999999999977,-0.05339999999999989,24.8808,42.1134,-33.51326249999994,0.1262875000000001,-2.0381624999999994,-0.008637500000000076,24.3793375,-0.7480159659572849,0.6415803906522295
120.6,24.3,169.6259,SSP5-8.5,2021-2040,3.018499999999989,41.2578,0.47460000000000946,0.31650000000000134,0.23100000000000165,-0.4690000000000003,25.011499999999998,40.89335,-18.812912499999953,0.2171000000000003,-1.8153125,-0.1769250000000001,23.754575000000003,-0.7480159659572849,0.704776171022021
120.6,24.35,166.0059,SSP5-8.5,2021-2040,7.3688999999999965,38.764100000000006,1.58400000000006,0.5727000000000011,-0.6499999999999986,-0.5602999999999998,22.9712,39.886250000000004,-8.954274999999967,0.3224250000000004,-0.6989375000000004,-0.2722000000000001,23.528125,-0.7480159659572849,0.7679719513918124
120.6,24.4,157.7691,SSP5-8.5,2021-2040,2.60299999999998,38.390299999999996,-24.080600000000004,0.11949999999999861,1.6413999999999973,-0.16720000000000024,23.146200000000004,39.307212500000006,-6.59591249999994,0.5363500000000005,0.06831250000000022,-0.3058250000000001,23.086775000000003,-0.7480159659572849,0.8311677317615993
120.65,22.25,217.9816,SSP5-8.5,2021-2040,-25.616199999999992,47.60850000000001,-74.83310000000006,0.6815999999999995,15.398299999999999,1.524099999999999,20.796200000000002,41.753425,-59.129200000000026,0.5629874999999998,13.532325,2.014875,18.5223625,-0.6423221258760335,-1.8862508241393918
120.65,22.3,240.0325,SSP5-8.5,2021-2040,-28.862300000000005,46.24230000000001,-42.18769999999995,0.5121000000000002,14.5535,1.8397000000000006,19.9712,41.598462500000004,-65.18583750000005,0.5246250000000003,11.950000000000001,2.0034374999999995,18.4259625,-0.6423221258760335,-1.8230550437696005
120.65,22.35,297.1076,SSP5-8.5,2021-2040,-37.493600000000015,44.187,-64.01590000000033,0.1208999999999989,9.808599999999998,2.1586,20.6288,39.878475,-60.01997499999999,0.38149999999999995,10.2129375,2.2118624999999996,16.9401375,-0.6423221258760335,-1.759859263399809
120.65,22.4,339.4786,SSP5-8.5,2021-2040,-44.336499999999944,40.98140000000001,-75.71900000000005,0.5326999999999984,7.951700000000002,2.351700000000001,20.3846,40.991225,-51.72288750000004,0.3046124999999993,7.605824999999999,2.2629374999999996,17.903599999999997,-0.6423221258760335,-1.696663483030022
120.65,22.45,364.378,SSP5-8.5,2021-2040,-45.13529999999997,38.8992,-62.33210000000008,0.15819999999999368,6.634500000000003,2.2897,17.7462,39.990812500000004,-45.64623750000001,0.33020000000000005,6.242675,2.4889999999999994,17.679312499999998,-0.6423221258760335,-1.6334677026602307
120.65,22.5,376.5089,SSP5-8.5,2021-2040,-48.209900000000005,39.069900000000004,-45.87570000000005,0.25390000000000157,6.312100000000001,2.358599999999999,17.75,39.826499999999996,-53.766087500000026,0.427062499999999,5.2786624999999985,2.63555,17.8286,-0.6423221258760335,-1.570271922290439
120.65,22.55,414.5796,SSP5-8.5,2021-2040,-44.2081,41.217000000000006,-87.61670000000004,0.5334999999999965,4.977599999999995,2.2447999999999997,19.3519,39.0597625,-79.83127500000006,0.5284500000000012,4.900437499999999,2.9439624999999996,17.65265,-0.6423221258760335,-1.5070761419206478
120.65,22.6,455.9923,SSP5-8.5,2021-2040,-42.086599999999976,39.880799999999994,-173.16920000000027,0.6099000000000032,6.351700000000001,3.398299999999999,18.8635,39.183525,-109.6252,0.5295500000000009,4.521562499999999,2.6637874999999998,18.0281125,-0.6423221258760335,-1.4438803615508562
120.65,22.65,403.1326,SSP5-8.5,2021-2040,-34.48840000000001,41.91810000000001,-167.60860000000002,0.21230000000000615,5.358600000000003,2.1999999999999993,19.8192,39.285849999999996,-127.23906249999999,0.5685375000000006,4.761,2.6801874999999997,18.0533625,-0.6423221258760335,-1.3806845811810693
120.65,22.7,389.3107,SSP5-8.5,2021-2040,-33.50659999999999,43.138000000000005,-146.29419999999982,0.3150999999999975,7.979300000000002,2.8483,20.525,39.84095000000001,-129.43551250000002,0.5171750000000004,5.132975,2.5023625,18.120649999999998,-0.6423221258760335,-1.317488800811278
120.65,22.75,360.4782,SSP5-8.5,2021-2040,-36.41410000000002,43.142,-157.1157000000003,0.40050000000000097,10.1293,3.4361999999999995,19.909599999999998,41.0399,-134.51958749999991,0.5981374999999987,5.3997874999999995,2.6536625000000003,18.2096125,-0.6423221258760335,-1.2542930204414864
120.65,22.8,369.6386,SSP5-8.5,2021-2040,-31.07170000000002,43.5622,-191.87300000000005,0.6516999999999982,7.774100000000004,2.9983000000000004,19.3346,40.29084999999999,-156.6180125,0.5899124999999996,7.1875,2.68145,17.61995,-0.6423221258760335,-1.191097240071695
120.65,22.85,361.9481,SSP5-8.5,2021-2040,-12.869500000000016,43.8212,-183.45650000000023,0.8777000000000008,7.4310000000000045,2.3414,20.9058,41.049549999999996,-174.4655,0.4703374999999994,7.920687500000001,2.758625,17.8514375,-0.6423221258760335,-1.1279014597019037
120.65,22.9,342.0699,SSP5-8.5,2021-2040,-17.31909999999999,44.4691,-198.24860000000035,0.6881999999999984,8.7879,3.075899999999999,20.4365,41.220837499999995,-189.30837499999996,0.12093750000000014,8.9575375,2.7150875,18.4286,-0.6423221258760335,-1.0647056793321166
120.65,22.95,353.0599,SSP5-8.5,2021-2040,-23.319800000000043,43.399699999999996,-216.30809999999974,-0.3985999999999983,10.0,2.129299999999999,20.776899999999998,41.672512499999996,-192.02582500000005,-0.08817500000000011,8.3127,2.6924625,18.4896625,-0.6423221258760335,-1.0015098989623252
120.65,23.0,336.8459,SSP5-8.5,2021-2040,-18.523599999999988,42.45249999999999,-133.79840000000013,-0.05150000000000077,3.437899999999999,2.5776000000000003,19.165399999999998,41.116225,-231.08763749999997,-0.40098749999999983,9.437275,2.3295125,18.304325,-0.6423221258760335,-0.9383141185925338
120.65,23.05,374.8571,SSP5-8.5,2021-2040,-8.610799999999983,42.182700000000004,-240.43110000000024,-0.5003999999999991,9.418999999999997,1.9638000000000009,18.3,41.532225,-207.52561249999997,-0.2934750000000004,8.021525,2.0667999999999997,18.569475,-0.6423221258760335,-0.8751183382227424
120.65,23.1,387.8653,SSP5-8.5,2021-2040,-14.276700000000005,42.5335,-197.67799999999988,-0.39800000000000324,8.524099999999997,2.134499999999999,19.540399999999998,41.9909,-173.62293749999998,-0.040950000000000486,7.7829749999999995,2.2579624999999997,19.0089,-0.6423221258760335,-0.811922557852951
120.65,23.15,368.115,SSP5-8.5,2021-2040,0.40559999999999263,44.1148,-93.8089,0.261099999999999,5.955199999999998,2.956899999999999,21.5154,42.454825,-127.59421249999991,0.24423749999999922,7.217225,2.3777999999999997,19.449524999999998,-0.6423221258760335,-0.748726777483164
120.65,23.2,339.2139,SSP5-8.5,2021-2040,-2.04970000000003,44.6038,-90.79289999999992,0.6158999999999999,5.272400000000005,2.3931000000000004,21.3077,42.529925,-115.75433750000002,0.47784999999999966,6.646562499999999,2.3952625,19.899275,-0.6423221258760335,-0.6855309971133726
120.65,23.25,301.5406,SSP5-8.5,2021-2040,-5.3875999999999635,43.8419,-152.7813000000001,0.48240000000000194,6.5276,1.8414000000000001,20.3365,42.63312499999999,-128.8329875,0.5709624999999994,6.273925,2.3541,20.489175,-0.6423221258760335,-0.6223352167435812
120.65,23.3,315.2784,SSP5-8.5,2021-2040,-4.253799999999956,40.38759999999999,-122.44540000000006,0.8452999999999982,5.4206999999999965,1.8862000000000005,20.1635,43.014375,-139.31383750000003,0.6136375000000003,5.462087499999999,1.980175,21.026425,-0.6423221258760335,-0.5591394363737897
120.65,23.35,338.7004,SSP5-8.5,2021-2040,-6.291600000000017,42.0906,-103.08390000000009,0.8428000000000004,4.548299999999998,1.5776000000000003,22.3808,42.4692625,-162.997325,0.4952124999999996,4.699999999999998,1.9834,21.219225,-0.6423221258760335,-0.4959436560039983
120.65,23.4,378.3673,SSP5-8.5,2021-2040,-22.758100000000013,43.1902,-207.76440000000002,0.10770000000000124,3.5102999999999938,1.6275999999999993,21.2192,41.8025875,-171.61807500000003,0.36547500000000044,3.788150000000001,1.9810375,21.9134625,-0.6423221258760335,-0.43274787563421135
120.65,23.45,414.5657,SSP5-8.5,2021-2040,-28.403999999999996,42.2534,-228.65509999999995,0.06070000000000064,3.458600000000004,1.8758999999999997,22.434600000000003,40.543975,-223.48244999999997,-0.010312499999999947,2.877575,2.1784499999999998,21.3978375,-0.6423221258760335,-0.3695520952644199
120.65,23.5,438.6241,SSP5-8.5,2021-2040,-41.61770000000001,39.85750000000001,-287.2942000000003,-0.11050000000000182,1.9447999999999936,1.8499999999999996,20.0615,40.9869125,-209.77363749999995,-0.08011249999999936,1.5002125000000026,2.5612249999999994,21.76515,-0.6423221258760335,-0.3063563148946285
120.65,23.55,361.7503,SSP5-8.5,2021-2040,-30.08589999999998,42.7252,-195.4018000000001,0.07029999999999959,0.3138000000000005,2.3414,22.3654,40.9225625,-205.0724249999999,-0.09681249999999997,0.8217625000000002,2.8581875,21.0466375,-0.6423221258760335,-0.24316053452483705
120.65,23.6,293.7536,SSP5-8.5,2021-2040,-8.100999999999999,42.169,-187.83860000000004,-0.010799999999999699,0.005200000000002092,3.1138000000000012,21.5231,42.037825,-144.12503749999996,0.17583750000000054,0.6370624999999999,3.4002125000000003,21.2774125,-0.6423221258760335,-0.17996475415504562
120.65,23.65,246.2337,SSP5-8.5,2021-2040,-1.6814999999999998,39.9177,-120.99189999999999,0.3287000000000013,0.4690000000000012,4.550000000000001,19.7577,42.18045,-96.27664999999993,0.4276749999999998,1.0103375000000003,3.4239125,21.0536125,-0.6423221258760335,-0.11676897378525869
120.65,23.7,209.2149,SSP5-8.5,2021-2040,-5.426600000000008,42.007999999999996,-47.58600000000001,0.7707999999999977,-0.07410000000000139,3.5983,20.159599999999998,42.232150000000004,-47.03552499999998,0.6326375000000009,1.8226125,3.3627125000000007,20.790637500000003,-0.6423221258760335,-0.053573193415467256
120.65,23.75,199.5551,SSP5-8.5,2021-2040,-14.490300000000019,42.1301,5.886499999999842,0.8064,2.3085999999999984,2.9845000000000006,20.625,42.221575,-23.61703749999998,0.6002624999999999,1.7000000000000002,2.7129375000000002,20.363699999999998,-0.6423221258760335,0.009622586954324176
120.65,23.8,200.0373,SSP5-8.5,2021-2040,-16.1935,42.255100000000006,-9.116400000000112,0.3821000000000012,1.5190000000000055,2.358600000000001,20.599999999999998,42.0784125,-21.082449999999994,0.4849750000000004,2.675637499999999,2.1556,20.164675000000003,-0.6423221258760335,0.0728183673241156
120.65,23.85,194.0294,SSP5-8.5,2021-2040,-12.918700000000001,42.1564,-50.177799999999934,0.2914999999999992,3.458599999999997,1.7241,19.823100000000004,42.2267625,-22.92126250000001,0.3670250000000004,1.9250125000000002,1.64935,20.145675,-0.6423221258760335,0.13601414769390704
120.65,23.9,181.6138,SSP5-8.5,2021-2040,-4.7346,42.93410000000001,-40.11590000000001,0.20919999999999916,1.3275999999999968,1.2654999999999994,19.9231,42.4493625,-32.24634999999998,0.37262500000000065,1.5415999999999999,1.2262750000000002,20.6302875,-0.6423221258760335,0.19920992806369398
120.65,23.95,181.2748,SSP5-8.5,2021-2040,-9.221100000000007,43.7427,-45.699499999999944,0.18570000000000064,1.1654999999999944,0.9379000000000008,22.090400000000002,42.8097125,-31.906049999999993,0.3594750000000002,-0.6433125000000004,0.8543124999999998,21.1182625,-0.6423221258760335,0.26240570843348543
120.65,24.0,179.1852,SSP5-8.5,2021-2040,-10.577700000000021,42.833299999999994,-44.52170000000001,0.2254000000000005,-0.33790000000000475,1.0051999999999994,21.6558,43.4456,-39.51551249999997,0.24666250000000023,-0.6066875000000005,0.6336249999999999,22.246625,-0.6423221258760335,0.32560148880327683
120.65,24.05,190.7765,SSP5-8.5,2021-2040,-15.812600000000003,44.0927,-49.20159999999987,-0.11339999999999861,0.10000000000000142,0.7965999999999998,22.6942,43.800137500000005,-49.77588749999998,0.16327500000000006,0.0726249999999995,0.5235124999999996,23.284374999999997,-0.6423221258760335,0.3887972691730683
120.65,24.1,194.7942,SSP5-8.5,2021-2040,-20.8844,44.2945,-66.95830000000001,0.04380000000000095,4.286200000000001,0.11899999999999977,24.478799999999996,44.131487500000006,-60.42478749999995,0.0007375000000000576,1.12845,0.5211374999999998,24.0788375,-0.6423221258760335,0.4519930495428597
120.65,24.15,204.3697,SSP5-8.5,2021-2040,-20.041499999999985,45.02400000000001,-75.70879999999988,-0.25400000000000134,0.6052000000000035,0.43100000000000094,25.0788,43.9788125,-64.63228749999996,-0.017474999999999685,0.08577499999999993,0.3413874999999996,24.9045625,-0.6423221258760335,0.5151888299126467
120.65,24.2,200.7228,SSP5-8.5,2021-2040,-14.123500000000007,44.3951,-74.25359999999978,-0.20120000000000005,-3.220700000000001,0.2878999999999996,25.6212,43.42085,-62.192762499999986,-0.12518749999999956,-1.2362000000000002,0.24676249999999977,24.882925,-0.6423221258760335,0.578384610282438
120.65,24.25,198.4469,SSP5-8.5,2021-2040,-4.3507999999999925,42.589999999999996,-54.39059999999995,-0.22109999999999985,-3.301700000000004,0.05169999999999941,25.0538,42.489037499999995,-33.20898749999998,-0.02999999999999936,-2.6133625,0.0435249999999997,24.9279,-0.6423221258760335,0.6415803906522295
120.65,24.3,177.468,SSP5-8.5,2021-2040,3.8122000000000185,41.6618,19.527499999999918,-0.005099999999998772,-3.5121000000000038,-0.18100000000000005,25.2308,40.8736875,-11.523862499999979,0.20712500000000045,-2.0821125,-0.20732500000000031,23.914425,-0.6423221258760335,0.704776171022021
120.65,24.35,175.6112,SSP5-8.5,2021-2040,6.791300000000007,39.212199999999996,14.378800000000183,0.6692999999999998,-1.6552000000000007,-0.3310000000000004,22.551900000000003,39.7465625,5.717212499999988,0.4181375000000003,-0.9163875000000008,-0.3028000000000002,23.48535,-0.6423221258760335,0.7679719513918124
120.65,24.4,177.823,SSP5-8.5,2021-2040,2.2498999999999967,39.063700000000004,-10.09089999999992,0.6738,-1.9121000000000024,-0.1966000000000001,22.594199999999997,39.00255,-4.185924999999969,0.6424625000000002,1.0454749999999997,-0.24050000000000027,22.817800000000002,-0.6423221258760335,0.8311677317615993
120.65,24.45,163.5848,SSP5-8.5,2021-2040,3.1211999999999875,38.8316,-19.91469999999981,0.5366,0.5897000000000006,-0.05000000000000071,23.375,38.669850000000004,-11.084012499999972,0.6447624999999997,1.9086124999999994,-0.226275,22.680775000000004,-0.6423221258760335,0.8943635121313908
120.65,24.5,160.682,SSP5-8.5,2021-2040,2.072900000000004,38.4252,-17.03509999999983,0.3143999999999991,1.8845000000000027,-0.21549999999999958,22.930799999999998,38.387675,-18.752662499999985,0.6945999999999999,2.4157374999999996,-0.22219999999999995,22.463212499999997,-0.6423221258760335,0.9575592925011822
120.7,21.95,230.9297,SSP5-8.5,2021-2040,-36.5898,45.1579,-132.04920000000016,-0.3890999999999991,14.929299999999998,2.2189999999999994,18.775000000000002,44.9385,-128.90381249999996,-0.5166874999999997,14.145275000000002,2.4989000000000003,18.777637499999997,-0.5366282857948123,-2.265425506358136
120.7,22.0,237.8747,SSP5-8.5,2021-2040,-37.911099999999976,44.4506,-81.9647,-0.7210999999999999,7.741399999999999,1.9172000000000011,18.2923,44.881375,-117.0977,-0.41678749999999987,13.4051875,2.2812375,18.87885,-0.5366282857948123,-2.2022297259883445
120.7,22.05,245.2909,SSP5-8.5,2021-2040,-37.47839999999999,45.76330000000001,-80.81489999999985,-0.7144999999999975,11.299999999999997,1.3740999999999985,17.7962,44.580637499999995,-89.82520000000005,-0.22768750000000004,11.4144625,1.9948250000000003,18.708175,-0.5366282857948123,-2.139033945618553
120.7,22.1,238.3069,SSP5-8.5,2021-2040,-28.809300000000007,44.8809,-31.016000000000076,-0.37930000000000064,7.032799999999995,1.3447999999999993,16.8135,43.8227375,-84.87086250000004,0.12947500000000023,11.3219875,1.7831875000000004,18.688225000000003,-0.5366282857948123,-2.0758381652487614
120.7,22.15,223.9088,SSP5-8.5,2021-2040,-27.066100000000006,43.974700000000006,-52.788499999999885,0.0029000000000003467,7.506900000000002,1.239700000000001,18.9865,43.123037499999995,-67.43483750000007,0.4326750000000006,11.0474125,1.7077499999999994,18.789675,-0.5366282857948123,-2.0126423848789745
120.7,22.2,211.7954,SSP5-8.5,2021-2040,-21.11009999999999,45.3399,-83.59990000000016,0.7282999999999973,13.043100000000003,1.6414000000000009,20.575000000000003,41.9046875,-56.10918749999996,0.5279250000000006,11.95345,1.7555999999999996,18.069475,-0.5366282857948123,-1.9494466045091832
120.7,22.25,217.0396,SSP5-8.5,2021-2040,-20.338899999999995,43.2868,-67.27869999999984,0.7722000000000016,12.969000000000008,1.6292999999999989,20.1577,41.26712500000001,-61.05738750000003,0.6792749999999996,14.348062500000001,2.120475,17.84785,-0.5366282857948123,-1.8862508241393918
120.7,22.3,259.9265,SSP5-8.5,2021-2040,-32.057199999999966,38.9831,-70.64999999999986,0.33970000000000056,15.8448,2.1258999999999997,15.7788,39.8617875,-63.616437500000046,0.4976000000000007,13.361650000000001,2.0881374999999998,17.037750000000003,-0.5366282857948123,-1.8230550437696005
120.7,22.35,330.0179,SSP5-8.5,2021-2040,-38.24000000000001,32.7591,-88.47510000000011,0.18720000000000425,12.082799999999999,2.2638,12.632699999999998,37.3036875,-74.16453750000008,0.2859624999999997,10.881037500000001,2.2967625,15.4637,-0.5366282857948123,-1.759859263399809
120.7,22.4,431.5457,SSP5-8.5,2021-2040,-57.24860000000001,33.962199999999996,-97.95609999999988,-0.3049000000000035,7.575899999999997,2.6137999999999995,13.1981,34.71095,-71.62546250000014,0.30799999999999983,8.45775,2.4978375,14.253599999999999,-0.5366282857948123,-1.696663483030022
120.7,22.45,438.457,SSP5-8.5,2021-2040,-51.059799999999996,34.966899999999995,-62.35080000000016,0.18350000000000222,6.324099999999994,3.0482999999999993,14.578800000000001,33.132625,-57.079300000000046,0.3705374999999993,6.9424625,2.7127125,13.2464125,-0.5366282857948123,-1.6334677026602307
120.7,22.5,444.0645,SSP5-8.5,2021-2040,-44.99549999999999,30.392599999999995,-28.1875,0.38810000000000144,6.8293000000000035,3.6431000000000004,10.8,34.0552,-44.18677500000001,0.5014124999999989,5.633849999999999,2.8053874999999997,14.330775000000001,-0.5366282857948123,-1.570271922290439
120.7,22.55,488.9889,SSP5-8.5,2021-2040,-46.50310000000002,35.842600000000004,-40.079099999999926,0.5745999999999967,3.2327999999999975,3.681000000000001,15.2519,33.142700000000005,-66.44438750000006,0.568550000000001,5.8528125,2.8693999999999997,14.0704375,-0.5366282857948123,-1.5070761419206478
120.7,22.6,562.3419,SSP5-8.5,2021-2040,-35.36189999999999,34.723099999999995,-106.64580000000024,0.555800000000005,5.289699999999996,3.3465999999999987,14.099999999999998,34.075275000000005,-98.70546250000001,0.5474125000000001,5.0308125,2.4784375,15.1569625,-0.5366282857948123,-1.4438803615508562
120.7,22.65,544.4473,SSP5-8.5,2021-2040,-24.36480000000006,31.1738,-130.7739999999999,0.5696000000000012,3.4448000000000008,1.9069000000000003,12.561499999999999,36.4736625,-118.4846875,0.6225999999999998,5.7116375,2.3290999999999995,16.309375,-0.5366282857948123,-1.3806845811810693
120.7,22.7,490.1472,SSP5-8.5,2021-2040,-24.517800000000022,40.4964,-99.23209999999972,1.0293999999999954,3.4258999999999986,1.9689999999999994,17.0577,37.92320000000001,-122.58626250000003,0.6083249999999993,5.9398625,2.21465,16.655762499999998,-0.5366282857948123,-1.317488800811278
120.7,22.75,464.0424,SSP5-8.5,2021-2040,-30.19749999999999,40.39639999999999,-139.54250000000002,0.8162999999999982,6.4620999999999995,2.5016999999999996,16.8519,39.2220375,-129.0963625,0.587362499999998,6.032337500000001,2.3627249999999997,16.7702,-0.5366282857948123,-1.2542930204414864
120.7,22.8,459.2751,SSP5-8.5,2021-2040,-23.77140000000003,38.4847,-194.48309999999992,0.386099999999999,6.439700000000002,2.5793,14.8885,37.9530625,-165.31988750000005,0.34056249999999944,6.711625000000001,2.5221999999999998,15.912975,-0.5366282857948123,-1.191097240071695
120.7,22.85,452.4225,SSP5-8.5,2021-2040,-25.46690000000001,33.5057,-283.99509999999964,-0.09130000000000038,9.008600000000001,2.2155000000000005,12.3692,38.555049999999994,-196.88636250000008,-0.01633750000000056,7.201287500000002,2.7845000000000004,16.7685125,-0.5366282857948123,-1.1279014597019037
120.7,22.9,392.5271,SSP5-8.5,2021-2040,-21.304100000000005,42.7955,-199.2532000000001,-0.4038000000000004,8.586200000000005,2.7707000000000015,20.9308,38.798925,-252.13789999999995,-0.5411000000000001,8.34265,2.9931,17.180274999999998,-0.5366282857948123,-1.0647056793321166
120.7,22.95,420.996,SSP5-8.5,2021-2040,-37.39889999999997,41.1867,-277.74929999999995,-1.4803999999999995,7.7879000000000005,4.0672,18.909599999999998,40.0965,-270.9751875,-0.6935625000000001,8.18145,2.6581875000000004,18.153125,-0.5366282857948123,-1.0015098989623252
120.7,23.0,394.6266,SSP5-8.5,2021-2040,-26.37669999999997,38.208000000000006,-334.47389999999996,-1.1150999999999982,8.517199999999995,1.3309999999999995,16.3462,39.812275,-297.652925,-0.9121125000000001,7.97715,2.5680875,18.0709125,-0.5366282857948123,-0.9383141185925338
120.7,23.05,410.8476,SSP5-8.5,2021-2040,-23.645500000000027,39.425399999999996,-345.26760000000013,-0.9917000000000016,8.574100000000001,2.108599999999999,18.9327,39.972012500000005,-282.0689,-0.6667375000000004,7.884049999999999,2.0849125,17.742075,-0.5366282857948123,-0.8751183382227424
120.7,23.1,402.7462,SSP5-8.5,2021-2040,-15.96369999999996,44.07860000000001,-215.8685999999998,-0.30799999999999983,8.831000000000003,2.0707000000000004,20.1115,40.43226250000001,-235.1074875,-0.3205625000000012,8.065100000000001,2.2383625,18.7949625,-0.5366282857948123,-0.811922557852951
120.7,23.15,376.2442,SSP5-8.5,2021-2040,-1.0749999999999886,38.387600000000006,-103.88869999999997,0.677699999999998,6.612099999999998,2.3103,17.7808,41.92326249999999,-163.5469124999999,0.10474999999999923,7.550862500000002,2.280825,19.628362499999998,-0.5366282857948123,-0.748726777483164
120.7,23.2,364.7975,SSP5-8.5,2021-2040,0.48399999999998045,40.7641,-60.39629999999988,0.8462999999999994,7.201700000000002,2.6189999999999998,19.424999999999997,41.330575,-130.94045,0.49986249999999943,6.743550000000002,2.1709,19.21995,-0.5366282857948123,-0.6855309971133726
120.7,23.25,319.5886,SSP5-8.5,2021-2040,5.26460000000003,42.898700000000005,-121.20680000000038,0.9100000000000001,5.8759000000000015,2.3017000000000003,20.701900000000002,41.311525,-134.74804999999998,0.5718624999999995,6.514875000000001,2.03815,19.118274999999997,-0.5366282857948123,-0.6223352167435812
120.7,23.3,324.5851,SSP5-8.5,2021-2040,-2.269200000000012,44.5601,-179.18409999999994,0.48519999999999897,6.0655,2.589699999999999,21.7519,41.7374,-139.02172500000012,0.6244249999999996,5.8898874999999995,1.7635750000000003,19.6976,-0.5366282857948123,-0.5591394363737897
120.7,23.35,357.7791,SSP5-8.5,2021-2040,-14.5,44.7043,-123.57790000000023,0.6174999999999997,5.3344999999999985,1.6930999999999994,20.9615,42.210687500000006,-159.46827500000006,0.4152499999999999,4.985562499999999,1.9051749999999998,20.6805375,-0.5366282857948123,-0.4959436560039983
120.7,23.4,387.3973,SSP5-8.5,2021-2040,-32.6832,42.47670000000001,-188.74049999999988,0.10050000000000026,5.262100000000004,2.1638,21.0404,41.86653750000001,-169.46741250000014,0.3078000000000003,4.11055,1.7752249999999996,21.112012500000002,-0.5366282857948123,-0.43274787563421135
120.7,23.45,410.6323,SSP5-8.5,2021-2040,-38.52929999999998,39.691100000000006,-207.95730000000003,0.13450000000000273,4.374100000000006,1.8327999999999989,21.0731,41.031512500000005,-216.74830000000003,0.02093749999999961,2.9376999999999986,1.8612124999999995,20.6812375,-0.5366282857948123,-0.3695520952644199
120.7,23.5,447.641,SSP5-8.5,2021-2040,-46.032200000000046,38.4098,-285.3421999999996,-0.1335000000000015,2.463799999999999,1.5223999999999993,19.7404,41.468875000000004,-212.45841250000012,-0.028712499999999697,1.5265000000000004,2.0510999999999995,21.2826875,-0.5366282857948123,-0.3063563148946285
120.7,23.55,377.4282,SSP5-8.5,2021-2040,-26.12850000000003,42.88009999999999,-172.82100000000037,0.09950000000000259,-0.5,2.5965999999999987,21.299999999999997,41.5610875,-213.34267499999999,-0.16771250000000082,0.5047375000000001,2.3831875,20.8983125,-0.5366282857948123,-0.24316053452483705
120.7,23.6,340.1265,SSP5-8.5,2021-2040,-19.375,42.454499999999996,-155.79079999999976,-0.06330000000000169,-0.05519999999999925,2.8171999999999997,21.409599999999998,42.587,-151.5822250000001,0.07981250000000051,0.2379375000000019,3.1573375,21.35505,-0.5366282857948123,-0.17996475415504562
120.7,23.65,260.59,SSP5-8.5,2021-2040,1.2701000000000136,44.36280000000001,-71.82839999999987,0.6202000000000005,1.1948000000000008,3.6362000000000005,22.8731,42.483737500000004,-106.66803750000003,0.3281374999999991,0.07565000000000133,3.3543000000000003,20.9420625,-0.5366282857948123,-0.11676897378525869
120.7,23.7,217.806,SSP5-8.5,2021-2040,6.101399999999984,44.467499999999994,-66.7702999999999,0.6777999999999977,0.11030000000000229,3.2103,22.6904,42.2230875,-54.65998750000003,0.645975,1.054525,3.4935375000000004,20.5278875,-0.5366282857948123,-0.053573193415467256
120.7,23.75,202.2517,SSP5-8.5,2021-2040,-4.431999999999988,43.2331,-63.247699999999895,0.5982000000000021,2.8999999999999986,3.022400000000001,21.0135,42.261112499999996,-21.837862500000057,0.7457749999999992,0.6627124999999996,3.0726250000000004,20.2471125,-0.5366282857948123,0.009622586954324176
120.7,23.8,190.7907,SSP5-8.5,2021-2040,-9.241099999999989,41.550000000000004,-10.851500000000215,0.6984999999999992,1.8482999999999947,2.2638,19.909599999999998,41.869662500000004,-23.559500000000043,0.6012750000000007,1.5036500000000013,2.7127000000000003,19.8528875,-0.5366282857948123,0.0728183673241156
120.7,23.85,192.2506,SSP5-8.5,2021-2040,-10.203900000000004,42.47430000000001,-31.08530000000019,0.4549000000000021,3.020700000000005,2.0655,20.4635,42.1567875,-32.56657500000003,0.5092000000000003,0.907537500000001,1.9900750000000003,19.949037500000003,-0.5366282857948123,0.13601414769390704
120.7,23.9,185.3979,SSP5-8.5,2021-2040,-9.826999999999998,43.099999999999994,-44.02009999999996,0.4593000000000025,1.4638000000000062,1.101700000000001,20.2077,42.711400000000005,-49.280512500000015,0.4016500000000005,-0.07996249999999971,1.4435250000000004,20.614912500000003,-0.5366282857948123,0.19920992806369398
120.7,23.95,181.8069,SSP5-8.5,2021-2040,-10.981000000000023,43.2955,-29.951500000000124,0.4663000000000004,-3.922399999999996,0.5569000000000006,20.5615,43.5353,-52.38797499999998,0.41445000000000043,-1.3972000000000007,1.0993625000000002,21.496175,-0.5366282857948123,0.26240570843348543
120.7,24.0,180.7551,SSP5-8.5,2021-2040,-8.384999999999991,44.87740000000001,-19.23610000000008,0.6341999999999999,-4.555199999999999,0.6068999999999996,23.2808,43.8322625,-56.80226249999998,0.3644250000000002,-1.6672375000000006,0.9347125,22.0716375,-0.5366282857948123,0.32560148880327683
120.7,24.05,191.374,SSP5-8.5,2021-2040,-8.825600000000009,44.51090000000001,-62.644399999999905,0.3613999999999997,0.9879000000000033,0.7913999999999994,22.288500000000003,44.19715,-63.5213,0.3188000000000004,-1.05905,0.7288999999999995,22.9576875,-0.5366282857948123,0.3887972691730683
120.7,24.1,200.5656,SSP5-8.5,2021-2040,-15.3853,44.626,-66.31659999999988,0.15060000000000073,-0.12069999999999936,0.5482999999999993,23.403800000000004,44.100337499999995,-84.32768749999997,0.12052500000000022,0.8342750000000008,0.4706999999999999,23.5050375,-0.5366282857948123,0.4519930495428597
120.7,24.15,211.7542,SSP5-8.5,2021-2040,-20.366199999999992,44.39849999999999,-99.11989999999992,-0.15759999999999863,2.3637999999999977,-0.03790000000000049,24.275,43.9016875,-85.27137499999995,-0.017937499999999496,-0.3672374999999999,0.2885749999999999,24.4221,-0.5366282857948123,0.5151888299126467
120.7,24.2,215.4407,SSP5-8.5,2021-2040,-17.322100000000006,43.678399999999996,-89.75919999999996,-0.3332999999999977,-4.600000000000001,0.20169999999999888,24.769199999999998,43.249449999999996,-76.51242499999995,-0.17088749999999964,-1.321762500000001,0.1558124999999999,24.787012500000003,-0.5366282857948123,0.578384610282438
120.7,24.25,214.8046,SSP5-8.5,2021-2040,-7.1854999999999905,42.562599999999996,-57.7201,-0.2897999999999996,-4.072400000000002,0.3309999999999995,24.030800000000003,42.3690875,-43.445824999999985,-0.11388749999999925,-2.802800000000002,0.025637499999999647,24.9903875,-0.5366282857948123,0.6415803906522295
120.7,24.3,200.8877,SSP5-8.5,2021-2040,-5.392300000000006,40.7378,16.20180000000005,0.07659999999999911,-2.510300000000001,-0.0052000000000003155,24.4135,41.125049999999995,-15.479437499999989,0.15575000000000072,-2.426300000000002,-0.10408750000000044,23.965625,-0.5366282857948123,0.704776171022021
120.7,24.35,177.1856,SSP5-8.5,2021-2040,5.79340000000002,39.3793,30.77669999999989,0.5761000000000003,-3.5844999999999985,-0.6224000000000007,22.401899999999998,40.1895375,-0.5601499999999646,0.5070625000000004,-0.09677500000000183,-0.10668750000000016,23.4666,-0.5366282857948123,0.7679719513918124
120.7,24.4,173.267,SSP5-8.5,2021-2040,4.1603000000000065,38.7177,11.3445999999999,1.0150000000000006,2.9654999999999987,-0.2206999999999999,22.113500000000002,39.2861875,-7.088999999999942,0.6998875,1.2398624999999992,-0.1568875000000003,22.801437500000002,-0.5366282857948123,0.8311677317615993
120.7,24.45,170.5324,SSP5-8.5,2021-2040,8.876900000000006,38.3968,-27.717200000000048,0.7942999999999998,4.048299999999998,-0.1034000000000006,22.526899999999998,38.7551625,-13.62161249999997,0.7189125000000001,2.4202500000000002,-0.16207499999999986,22.790399999999998,-0.5366282857948123,0.8943635121313908
120.7,24.5,157.9655,SSP5-8.5,2021-2040,8.69750000000002,38.294599999999996,-26.36500000000001,0.783100000000001,3.7310000000000016,-0.3602999999999996,23.301900000000003,38.192274999999995,-11.834537499999982,0.7099999999999997,2.4920374999999995,-0.2092624999999999,22.304812499999997,-0.5366282857948123,0.9575592925011822
120.7,24.55,154.1484,SSP5-8.5,2021-2040,1.9321999999999946,37.820699999999995,-22.535100000000057,0.6968999999999994,2.4328000000000003,-0.4051999999999998,21.8038,38.20295,-13.235174999999998,0.5874625000000004,2.706475000000001,-0.18274999999999975,22.3451875,-0.5366282857948123,1.0207550728709736
120.7,24.6,152.1908,SSP5-8.5,2021-2040,1.4573000000000036,39.2038,-9.28729999999996,0.6328000000000031,4.493100000000005,0.015500000000000291,22.428800000000003,37.836725,-11.506487499999963,0.5196624999999999,2.0288874999999997,-0.3243499999999998,21.974275,-0.5366282857948123,1.0839508532407651
120.75,21.9,240.7403,SSP5-8.5,2021-2040,-39.452200000000005,44.227,-158.5661,-0.39590000000000103,14.989700000000006,2.463799999999999,18.9288,45.106875,-158.668225,-0.4357749999999996,15.209912499999998,2.86205,18.8584125,-0.4309344457135909,-2.3286212867279272
120.75,21.95,248.0101,SSP5-8.5,2021-2040,-45.6635,44.6609,-146.99789999999985,-0.6728999999999985,15.143099999999997,2.7379000000000016,19.232699999999998,44.9791,-146.98197500000003,-0.4143625000000002,14.7982875,2.6652875000000003,18.850225,-0.4309344457135909,-2.265425506358136
120.75,22.0,264.8936,SSP5-8.5,2021-2040,-48.45319999999998,44.8945,-105.74159999999983,-0.4024000000000001,13.853500000000004,3.0655,18.409599999999998,44.8807125,-133.50115000000002,-0.4733124999999996,14.111862499999999,2.4019250000000003,19.1528875,-0.4309344457135909,-2.2022297259883445
120.75,22.05,259.2501,SSP5-8.5,2021-2040,-40.39029999999997,45.163199999999996,-91.46990000000005,-0.3836000000000013,13.955200000000005,1.8500000000000014,17.8519,44.3958375,-110.81971250000004,-0.17133749999999992,12.288812499999999,2.2614,19.1132375,-0.4309344457135909,-2.139033945618553
120.75,22.1,243.7158,SSP5-8.5,2021-2040,-30.869799999999998,44.62199999999999,-54.53450000000021,0.513300000000001,12.650000000000006,1.7879000000000005,18.9712,43.1198,-97.87565000000006,0.14023750000000046,11.099149999999998,1.8980624999999998,18.7509625,-0.4309344457135909,-2.0758381652487614
120.75,22.15,227.9635,SSP5-8.5,2021-2040,-16.11590000000001,39.2431,-50.00060000000008,0.8847000000000023,9.674099999999996,1.5121000000000002,16.561500000000002,42.5237875,-82.55121250000008,0.5072125000000001,11.400437499999999,1.9484874999999997,18.899525,-0.4309344457135909,-2.0126423848789745
120.75,22.2,222.212,SSP5-8.5,2021-2040,-14.328399999999988,41.441500000000005,-48.149900000000116,0.6085999999999991,10.737899999999996,1.9861999999999984,19.480800000000002,40.378524999999996,-71.8057,0.7788375000000007,12.5474125,2.0407375,17.8245,-0.4309344457135909,-1.9494466045091832
120.75,22.25,227.0294,SSP5-8.5,2021-2040,-15.3168,37.302600000000005,-42.36389999999983,0.8427000000000007,17.7534,2.5500000000000007,15.823099999999998,39.49464999999999,-67.65800000000002,0.7429250000000001,13.6271625,2.22025,17.1822125,-0.4309344457135909,-1.8862508241393918
120.75,22.3,268.0443,SSP5-8.5,2021-2040,-25.857700000000023,37.2442,-54.78760000000011,0.5793999999999997,13.548300000000005,2.187899999999999,15.7635,36.29305,-67.66376249999999,0.6549500000000008,13.524137500000002,2.4530125000000003,14.932212499999999,-0.4309344457135909,-1.8230550437696005
120.75,22.35,330.0234,SSP5-8.5,2021-2040,-31.289099999999962,30.263800000000003,-74.98950000000013,0.28470000000000084,10.779300000000006,2.5517000000000003,10.528799999999999,33.9216,-74.44956249999998,0.4093125000000004,10.945475,2.4862,13.2550625,-0.4309344457135909,-1.759859263399809
120.75,22.4,426.5289,SSP5-8.5,2021-2040,-49.76840000000004,26.5655,-113.01050000000032,0.2231000000000023,6.986199999999997,2.5448000000000004,7.4558,32.029512499999996,-56.29322500000001,0.41003750000000005,8.726075,2.707975,12.2370125,-0.4309344457135909,-1.696663483030022
120.75,22.45,402.7515,SSP5-8.5,2021-2040,-42.242999999999995,29.064700000000002,-32.11079999999993,0.7736999999999981,7.094799999999999,2.774099999999999,10.073100000000002,29.619837499999996,-38.86347500000005,0.4770125000000007,7.365524999999999,2.95345,10.706975,-0.4309344457135909,-1.6334677026602307
120.75,22.5,383.3252,SSP5-8.5,2021-2040,-29.41300000000001,26.125500000000002,-1.442700000000059,0.9395000000000024,6.155200000000001,3.1258999999999997,8.5635,30.175974999999998,-18.638787500000035,0.6024375000000002,7.000662499999999,3.1125000000000003,11.65385,-0.4309344457135909,-1.570271922290439
120.75,22.55,401.9101,SSP5-8.5,2021-2040,-27.735299999999995,27.2558,-21.686299999999846,0.5944000000000003,4.339700000000001,2.9207,11.3308,29.959525,-31.583200000000033,0.6646250000000009,7.140099999999999,2.9821125000000004,11.7216375,-0.4309344457135909,-1.5070761419206478
120.75,22.6,437.8793,SSP5-8.5,2021-2040,-5.977399999999989,26.4769,-66.93119999999999,0.6732999999999976,6.5672,1.9171999999999993,11.8038,30.788337499999997,-62.65831250000002,0.6024375000000006,6.216387499999999,2.643975,12.649275,-0.4309344457135909,-1.4438803615508562
120.75,22.65,487.3667,SSP5-8.5,2021-2040,-7.290300000000002,28.837200000000003,-101.7786000000001,0.611699999999999,5.9741,1.5586000000000002,12.273100000000001,32.272925,-87.70945,0.732687499999999,6.009699999999999,2.2124999999999995,13.440125,-0.4309344457135909,-1.3806845811810693
120.75,22.7,485.5615,SSP5-8.5,2021-2040,-0.21050000000002456,36.3188,-86.2177999999999,0.9732999999999947,4.746600000000001,1.3948,16.0327,33.869325,-104.86603750000006,0.6956249999999984,5.458824999999999,2.0974125,13.8899,-0.4309344457135909,-1.317488800811278
120.75,22.75,433.8144,SSP5-8.5,2021-2040,4.501300000000015,38.4613,-51.358700000000226,0.9677999999999969,3.4240999999999957,1.8706999999999994,15.2731,35.211925,-127.96633749999995,0.4852499999999984,5.5789,2.137275,14.3461625,-0.4309344457135909,-1.2542930204414864
120.75,22.8,441.5667,SSP5-8.5,2021-2040,-8.371700000000033,30.1729,-106.19630000000006,-0.02499999999999858,4.339700000000001,1.8051999999999992,11.1404,34.24925,-166.59702499999992,0.07411249999999914,5.4558125,2.417875,13.3540875,-0.4309344457135909,-1.191097240071695
120.75,22.85,461.3478,SSP5-8.5,2021-2040,-24.982100000000003,30.562799999999996,-209.02129999999988,-0.8732000000000006,5.1240999999999985,3.0086000000000013,11.519200000000001,33.5413375,-202.4666499999999,-0.4663999999999997,6.187287500000002,2.5939625,13.455537500000002,-0.4309344457135909,-1.1279014597019037
120.75,22.9,460.7495,SSP5-8.5,2021-2040,-37.12520000000001,34.572,-292.5589,-1.4324000000000012,9.127600000000001,3.6966,14.9923,34.100624999999994,-250.3967624999999,-0.9924749999999998,6.678850000000001,2.9827375000000003,14.0569625,-0.4309344457135909,-1.0647056793321166
120.75,22.95,447.1037,SSP5-8.5,2021-2040,-40.18369999999999,38.8742,-355.7653999999998,-1.6188000000000002,9.4741,3.410300000000001,17.5327,35.101775,-295.0051,-1.1878624999999996,7.6896375,2.7305875,14.7377375,-0.4309344457135909,-1.0015098989623252
120.75,23.0,452.9206,SSP5-8.5,2021-2040,-32.47969999999998,36.001000000000005,-437.395,-1.2165,7.520699999999998,2.2741000000000007,15.0442,35.6724875,-334.1984875,-1.2193125,8.0980375,2.39395,15.408412499999999,-0.4309344457135909,-0.9383141185925338
120.75,23.05,440.0337,SSP5-8.5,2021-2040,-35.59100000000001,34.976000000000006,-374.5084999999999,-1.0390000000000015,7.603500000000004,2.0138,15.905800000000001,36.4654875,-350.5071,-0.8839500000000005,8.232099999999999,1.7342625,15.480037500000002,-0.4309344457135909,-0.8751183382227424
120.75,23.1,430.4859,SSP5-8.5,2021-2040,-33.21120000000002,39.343799999999995,-322.3977,-0.7054000000000009,9.219000000000001,2.3138000000000005,17.5231,37.962975,-305.5712874999999,-0.4640500000000012,8.099787500000001,1.7049625,17.162975,-0.4309344457135909,-0.811922557852951
120.75,23.15,392.1154,SSP5-8.5,2021-2040,-10.86280000000005,42.4943,-202.8793999999998,0.13119999999999976,8.613800000000005,2.1052,20.8615,38.653425,-231.24613749999992,-0.027137500000001147,8.03105,1.8002124999999998,17.1757125,-0.4309344457135909,-0.748726777483164
120.75,23.2,370.2086,SSP5-8.5,2021-2040,-7.600399999999979,37.453199999999995,-124.55349999999999,0.3948999999999998,6.789700000000003,1.6533999999999995,16.7423,39.945675,-175.05666250000002,0.38009999999999877,7.612075000000002,1.9948249999999998,18.0363,-0.4309344457135909,-0.6855309971133726
120.75,23.25,348.2569,SSP5-8.5,2021-2040,-5.815399999999954,36.850300000000004,-157.61209999999983,0.525699999999997,8.301700000000004,1.805200000000001,14.5135,40.82485,-160.09428750000006,0.4619999999999993,6.8435500000000005,1.9749874999999997,18.441824999999998,-0.4309344457135909,-0.6223352167435812
120.75,23.3,342.7216,SSP5-8.5,2021-2040,-10.741800000000012,42.0312,-190.2188000000001,0.37920000000000087,6.539699999999996,1.5172000000000008,18.7058,41.2107,-161.85578750000008,0.4662124999999988,5.8668125,1.8769375,18.8485625,-0.4309344457135909,-0.5591394363737897
120.75,23.35,367.3666,SSP5-8.5,2021-2040,-22.261300000000006,41.09460000000001,-141.24760000000015,0.3924999999999983,4.570700000000002,1.4862000000000002,19.817300000000003,42.098150000000004,-173.6891,0.29243750000000013,5.0293125,1.8754249999999997,19.920925000000004,-0.4309344457135909,-0.4959436560039983
120.75,23.4,402.595,SSP5-8.5,2021-2040,-34.96600000000001,41.8545,-143.06150000000025,0.16880000000000095,3.9671999999999983,2.3930999999999987,20.3654,41.52917500000001,-172.24490000000003,0.22126250000000036,3.933837500000001,1.6275874999999997,20.4692375,-0.4309344457135909,-0.43274787563421135
120.75,23.45,407.0928,SSP5-8.5,2021-2040,-42.19960000000003,40.0536,-200.39160000000038,0.13789999999999836,3.1206999999999994,1.7155000000000005,20.644199999999998,40.6268,-188.03537499999993,0.01215000000000055,3.103012500000001,1.8256499999999993,19.991600000000002,-0.4309344457135909,-0.3695520952644199
120.75,23.5,408.9241,SSP5-8.5,2021-2040,-36.97800000000001,40.1564,-192.73689999999988,-0.16410000000000124,-0.22590000000000288,1.7413999999999987,19.944200000000002,40.48813750000001,-200.26751250000007,-0.0861499999999995,2.4804000000000013,1.9683249999999997,20.137025,-0.4309344457135909,-0.3063563148946285
120.75,23.55,389.5544,SSP5-8.5,2021-2040,-28.136500000000012,44.133700000000005,-214.4094,-0.4579999999999984,-0.2740999999999971,2.4551999999999996,22.438499999999998,40.2484375,-183.56901250000004,-0.14535000000000053,1.4831875000000005,2.3762874999999997,19.619225,-0.4309344457135909,-0.24316053452483705
120.75,23.6,347.3933,SSP5-8.5,2021-2040,-18.83620000000002,42.582600000000006,-187.92750000000024,-0.4718000000000018,-0.13449999999999562,3.2241,19.7038,41.796387499999994,-130.92466250000007,0.08128750000000018,1.129312500000001,2.858625,20.779574999999998,-0.4309344457135909,-0.17996475415504562
120.75,23.65,258.0759,SSP5-8.5,2021-2040,0.05310000000002901,41.92490000000001,-61.439200000000255,0.4603999999999999,0.8293000000000035,3.3414,20.8788,42.632774999999995,-99.0477625,0.2905499999999992,0.6760750000000009,3.0655,21.071887500000003,-0.4309344457135909,-0.11676897378525869
120.75,23.7,222.1197,SSP5-8.5,2021-2040,5.005899999999997,44.345699999999994,-25.0,0.9332999999999991,-0.5448000000000022,2.9793000000000003,21.4135,42.737425,-67.9443,0.5128624999999998,1.3359750000000004,3.1905125000000005,20.868275,-0.4309344457135909,-0.053573193415467256
120.75,23.75,210.2625,SSP5-8.5,2021-2040,-3.0486999999999966,39.862399999999994,-53.07320000000004,0.649799999999999,1.3534000000000006,3.8362,17.5019,42.670587499999996,-41.81631250000001,0.6831624999999999,1.0521499999999984,2.9118500000000003,20.589425000000002,-0.4309344457135909,0.009622586954324176
120.75,23.8,191.8796,SSP5-8.5,2021-2040,-4.614699999999999,41.4701,31.807999999999993,1.0474999999999994,-1.2190000000000012,3.3499999999999996,19.076900000000002,41.912775,-44.76973750000002,0.5733875000000008,1.6211124999999988,2.7094875000000007,19.7012,-0.4309344457135909,0.0728183673241156
120.75,23.85,195.4845,SSP5-8.5,2021-2040,-11.034899999999993,41.3758,-19.470100000000002,0.5798000000000023,-1.3120999999999938,2.3603000000000005,19.7192,42.192275,-58.45396250000002,0.5227750000000007,1.3808124999999993,2.2316875000000005,19.6721125,-0.4309344457135909,0.13601414769390704
120.75,23.9,188.8619,SSP5-8.5,2021-2040,-1.8220000000000027,42.412800000000004,-118.58879999999999,0.4056999999999995,0.1741000000000028,1.4966000000000008,20.3327,42.902074999999996,-78.03740000000002,0.37246250000000103,-0.20151249999999887,1.6721875000000006,20.173075,-0.4309344457135909,0.19920992806369398
120.75,23.95,183.7087,SSP5-8.5,2021-2040,-4.222099999999983,43.2996,-59.15519999999992,0.6201000000000008,-4.551700000000004,1.1414000000000009,22.0058,43.9241125,-88.97591250000002,0.3596375000000003,-1.2489374999999985,1.2683250000000001,21.0197125,-0.4309344457135909,0.26240570843348543
120.75,24.0,188.7842,SSP5-8.5,2021-2040,-6.849500000000006,45.0825,-47.76649999999995,0.5760000000000005,-5.863799999999998,1.2396999999999991,22.473100000000002,44.073025,-88.52926250000004,0.4242999999999997,-1.1866374999999998,1.0758625,21.9512,-0.4309344457135909,0.32560148880327683
120.75,24.05,206.2086,SSP5-8.5,2021-2040,-9.585199999999986,43.8009,-115.47770000000014,0.5938999999999979,-0.9155000000000015,1.0085999999999995,22.803800000000003,44.485262500000005,-76.83442499999998,0.41723750000000015,-1.084274999999999,0.9351499999999997,22.6706875,-0.4309344457135909,0.3887972691730683
120.75,24.1,208.7482,SSP5-8.5,2021-2040,-4.984499999999997,43.9699,-98.69190000000003,0.4399000000000015,-1.0655000000000001,0.5068999999999999,22.8712,43.879887499999995,-91.80266249999997,0.2568125000000001,0.21293750000000067,0.755825,23.012500000000003,-0.4309344457135909,0.4519930495428597
120.75,24.15,208.3345,SSP5-8.5,2021-2040,-9.822299999999984,42.7113,-106.81889999999999,0.050200000000000244,0.31210000000000093,0.15000000000000036,23.55,43.580175,-89.78941249999997,0.05038750000000114,-0.4407375,0.5525875,23.64015,-0.4309344457135909,0.5151888299126467
120.75,24.2,219.7389,SSP5-8.5,2021-2040,-9.948800000000006,42.5143,-103.66370000000006,-0.03950000000000031,0.8654999999999973,0.06380000000000052,25.603800000000003,42.79962499999999,-80.85638749999998,-0.12398749999999881,-1.5131500000000004,0.4206749999999997,23.9500125,-0.4309344457135909,0.578384610282438
120.75,24.25,239.7277,SSP5-8.5,2021-2040,-16.608499999999992,41.7998,-40.42380000000003,-0.25409999999999755,-4.1259000000000015,-0.031000000000000583,25.082700000000003,41.964887499999996,-61.152225000000016,-0.07686249999999983,-1.3586250000000009,0.2973874999999997,24.335587500000003,-0.4309344457135909,0.6415803906522295
120.75,24.3,219.9145,SSP5-8.5,2021-2040,-11.186399999999992,41.57549999999999,-20.805000000000064,0.0666000000000011,-2.0172000000000025,-0.1828000000000003,24.148100000000003,41.038025000000005,-26.267312500000003,0.20313749999999997,-1.623075000000001,0.1532249999999995,24.0678,-0.4309344457135909,0.704776171022021
120.75,24.35,201.6784,SSP5-8.5,2021-2040,2.38839999999999,40.219199999999994,-15.17899999999986,0.7041000000000004,2.8585999999999956,0.13279999999999959,23.225,40.3985,-13.09698750000004,0.5010000000000003,0.2297374999999997,-0.029325000000000156,23.6663625,-0.4309344457135909,0.7679719513918124
120.75,24.4,212.2149,SSP5-8.5,2021-2040,3.0438000000000045,40.328399999999995,-19.858999999999924,0.8562000000000012,5.008600000000001,0.13100000000000023,23.455800000000004,39.3949375,-11.967175000000054,0.7353750000000003,1.7939499999999988,-0.05085000000000017,22.791825,-0.4309344457135909,0.8311677317615993
120.75,24.45,202.2433,SSP5-8.5,2021-2040,-1.1491000000000042,38.8583,-9.106700000000046,0.7886999999999986,4.5655,-0.21549999999999958,22.2808,38.6263375,-12.26980000000006,0.8597375000000007,2.795887499999999,-0.06141249999999987,22.6048125,-0.4309344457135909,0.8943635121313908
120.75,24.5,168.5485,SSP5-8.5,2021-2040,0.3096000000000174,37.52179999999999,-17.946100000000115,0.7835000000000001,2.529299999999999,-0.1689999999999996,22.2712,38.015375000000006,-8.578325000000035,0.7539750000000003,2.656249999999999,-0.17218749999999983,22.150712499999997,-0.4309344457135909,0.9575592925011822
120.75,24.55,153.7346,SSP5-8.5,2021-2040,-1.6865999999999985,38.313900000000004,-16.345599999999877,0.49990000000000023,3.3414,-0.2775999999999996,21.5519,37.926675,-6.9193000000000495,0.6716375000000008,2.4321125000000006,-0.32369999999999977,22.1045625,-0.4309344457135909,1.0207550728709736
120.75,24.6,158.1567,SSP5-8.5,2021-2040,-2.328000000000003,38.62180000000001,-7.656300000000101,0.4031999999999982,1.6983000000000033,-0.21029999999999927,21.6615,37.808387499999995,-14.589374999999933,0.5017875000000003,2.378025,-0.3362124999999999,21.9476,-0.4309344457135909,1.0839508532407651
120.75,24.65,147.2359,SSP5-8.5,2021-2040,-3.4181999999999846,37.6225,-10.467299999999796,0.4875999999999969,0.8637999999999977,0.21720000000000006,21.7827,37.6981625,-18.224187499999942,0.45153750000000015,3.3847000000000014,-0.3696124999999999,21.8026375,-0.4309344457135909,1.147146633610552
120.8,21.95,265.6306,SSP5-8.5,2021-2040,-52.96780000000001,45.31949999999999,-186.02050000000008,-0.5127999999999986,18.798299999999998,3.4586000000000006,19.1231,45.13655,-175.55820000000003,-0.3390624999999998,15.7262875,2.9308125,19.2274,-0.32524060563236956,-2.265425506358136
120.8,22.0,268.3165,SSP5-8.5,2021-2040,-51.65440000000001,45.028999999999996,-179.6549,-0.33030000000000115,17.381,3.1241000000000003,20.5865,44.88695,-182.82238750000005,-0.25077499999999997,14.993762499999999,2.8890000000000002,19.7476,-0.32524060563236956,-2.2022297259883445
120.8,22.05,256.5459,SSP5-8.5,2021-2040,-38.74510000000001,43.50129999999999,-169.0372000000002,-0.0622000000000007,13.6466,2.5344999999999995,21.565400000000004,44.4665375,-178.06942500000005,0.13953749999999987,14.1851375,2.72865,20.1226,-0.32524060563236956,-2.139033945618553
120.8,22.1,269.4312,SSP5-8.5,2021-2040,-31.295499999999976,42.025099999999995,-183.79390000000012,0.7257999999999996,14.705199999999998,2.9430999999999994,20.4712,42.7433875,-156.7320750000001,0.5185875000000002,12.521125,2.313575,19.7769125,-0.32524060563236956,-2.0758381652487614
120.8,22.15,254.6277,SSP5-8.5,2021-2040,-11.027299999999997,40.4068,-124.08420000000024,1.0481000000000016,10.9724,2.3861999999999988,19.9615,40.9076,-135.88341250000008,0.8080750000000005,12.645037499999999,2.4105499999999997,18.952887500000003,-0.32524060563236956,-2.0126423848789745
120.8,22.2,256.7233,SSP5-8.5,2021-2040,-12.664799999999985,37.499399999999994,-82.4427999999998,0.8100000000000023,14.5552,2.2585999999999995,15.936500000000002,38.82105,-108.1373000000001,1.0168250000000003,12.911187499999999,2.6056,17.8687375,-0.32524060563236956,-1.9494466045091832
120.8,22.25,258.5786,SSP5-8.5,2021-2040,-13.940300000000008,35.9749,-71.88700000000017,1.1418,13.9052,3.108600000000001,14.5942,38.0770625,-90.3824875,0.9036500000000003,13.79525,2.6486875,17.2617875,-0.32524060563236956,-1.8862508241393918
120.8,22.3,280.0734,SSP5-8.5,2021-2040,-21.904299999999978,36.1874,-62.46810000000005,0.9634,14.413800000000002,2.8241000000000014,15.171199999999999,36.5037375,-77.828375,0.8248000000000002,13.2784375,2.7721875000000002,15.9194625,-0.32524060563236956,-1.8230550437696005
120.8,22.35,315.6494,SSP5-8.5,2021-2040,-29.695899999999995,35.5867,-63.197799999999916,0.7078999999999986,10.4448,2.5707000000000004,14.7712,34.1477625,-68.68467499999997,0.647437500000001,11.1112,2.7295125,14.096149999999998,-0.32524060563236956,-1.759859263399809
120.8,22.4,345.9948,SSP5-8.5,2021-2040,-36.86180000000002,30.084599999999995,-45.05129999999963,0.5787000000000013,6.667200000000001,2.7585999999999995,11.2692,32.3713875,-44.029875000000004,0.7340125,9.796975,2.82845,12.7112875,-0.32524060563236956,-1.696663483030022
120.8,22.45,333.4543,SSP5-8.5,2021-2040,-33.30219999999997,29.54809999999999,13.785599999999704,0.8694999999999986,8.8397,3.0828000000000007,10.8442,30.024587500000003,-22.410512499999953,0.8707125000000002,8.8094875,2.846975,11.238225,-0.32524060563236956,-1.6334677026602307
120.8,22.5,323.4253,SSP5-8.5,2021-2040,-28.14100000000002,25.313300000000005,23.305499999999938,0.938600000000001,9.546599999999998,2.8103000000000016,8.946200000000001,30.2473875,-6.8858000000000175,0.880925,8.9370875,2.8737125,11.7959125,-0.32524060563236956,-1.570271922290439
120.8,22.55,332.3605,SSP5-8.5,2021-2040,-24.922000000000025,29.0238,-1.7869000000000597,0.4971000000000032,9.798299999999998,2.9397,11.405800000000001,29.650012500000003,-22.260375000000067,0.8168375000000001,8.922,2.5732625000000002,11.8603375,-0.32524060563236956,-1.5070761419206478
120.8,22.6,358.4882,SSP5-8.5,2021-2040,-15.271799999999985,31.778399999999998,-30.897899999999936,0.75,9.701699999999995,2.3931000000000004,12.901899999999998,29.445425,-56.66158750000008,0.5903625000000003,8.308187499999999,2.3659499999999998,11.9233125,-0.32524060563236956,-1.4438803615508562
120.8,22.65,398.7711,SSP5-8.5,2021-2040,-11.7808,27.672000000000004,-67.61790000000019,0.6662999999999997,7.950000000000003,2.405199999999999,11.3692,30.7773375,-89.62835000000007,0.5471374999999989,7.724562499999998,2.106025,12.597100000000001,-0.32524060563236956,-1.3806845811810693
120.8,22.7,419.3707,SSP5-8.5,2021-2040,-12.580100000000016,29.544000000000004,-113.35890000000018,0.6437999999999988,6.951699999999995,2.3672000000000004,11.6942,32.0668625,-109.55128750000006,0.40749999999999886,6.489649999999999,2.0735,13.03125,-0.32524060563236956,-1.317488800811278
120.8,22.75,393.7862,SSP5-8.5,2021-2040,-8.377299999999991,34.37350000000001,-135.26560000000018,0.2600999999999978,6.0379000000000005,2.200000000000001,14.0385,32.39082500000001,-125.40114999999997,0.18266249999999973,5.868974999999999,2.101075,13.05865,-0.32524060563236956,-1.2542930204414864
120.8,22.8,391.1317,SSP5-8.5,2021-2040,-5.015800000000013,31.908699999999996,-149.43439999999964,-0.20199999999999818,6.2276000000000025,2.280999999999999,13.065400000000002,31.040237500000003,-146.59473749999995,-0.19230000000000036,4.9838249999999995,2.3459125,11.8036125,-0.32524060563236956,-1.191097240071695
120.8,22.85,437.2961,SSP5-8.5,2021-2040,-18.39250000000004,26.300900000000006,-169.67549999999983,-0.6708999999999996,0.9224000000000032,2.6861999999999995,8.826899999999998,29.8881375,-181.02761249999986,-0.6675249999999995,6.235775,2.60065,11.2577,-0.32524060563236956,-1.1279014597019037
120.8,22.9,451.4754,SSP5-8.5,2021-2040,-27.751199999999983,30.5903,-224.13670000000002,-1.2918999999999983,4.846499999999999,2.7172,11.4308,29.3761875,-216.73239999999987,-0.9629625000000002,6.735125000000001,2.7803875,10.875475,-0.32524060563236956,-1.0647056793321166
120.8,22.95,394.1903,SSP5-8.5,2021-2040,-37.22229999999996,28.988900000000008,-283.5776000000001,-1.5094999999999992,7.680999999999997,2.9861999999999984,10.936499999999999,30.2769125,-253.79468749999995,-1.04345,7.442675,2.4351125000000002,11.177875,-0.32524060563236956,-1.0015098989623252
120.8,23.0,377.9689,SSP5-8.5,2021-2040,-33.34590000000003,28.4718,-310.89620000000014,-1.0533000000000001,7.450000000000003,2.0016999999999996,9.311500000000002,30.798875000000002,-293.60393750000003,-1.0170250000000003,7.9008625,2.0622750000000005,11.91225,-0.32524060563236956,-0.9383141185925338
120.8,23.05,422.9678,SSP5-8.5,2021-2040,-33.53059999999999,35.248900000000006,-391.34940000000006,-0.9466999999999999,7.6965,1.232800000000001,15.392299999999999,30.489,-326.3920375,-0.8659750000000006,7.9094999999999995,1.6693875,11.4036,-0.32524060563236956,-0.8751183382227424
120.8,23.1,456.3283,SSP5-8.5,2021-2040,-40.68810000000002,30.946399999999997,-446.4083999999998,-0.7349000000000032,8.048299999999998,0.5413999999999994,11.178799999999999,34.45515,-319.012075,-0.7041625000000002,8.116600000000002,1.606475,14.3726,-0.32524060563236956,-0.811922557852951
120.8,23.15,421.4172,SSP5-8.5,2021-2040,-24.1592,38.14660000000001,-364.39969999999994,-0.5010000000000012,8.819000000000003,1.2569,17.1404,36.1935375,-279.73903749999994,-0.42481250000000026,7.4933250000000005,1.5021499999999997,14.860074999999998,-0.32524060563236956,-0.748726777483164
120.8,23.2,386.4121,SSP5-8.5,2021-2040,-18.547399999999982,40.107099999999996,-212.0562,0.11329999999999885,8.727600000000002,1.6361999999999988,17.5038,38.1994125,-229.574925,-0.1693750000000005,7.0769375000000005,1.68275,15.923075,-0.32524060563236956,-0.6855309971133726
120.8,23.25,363.5412,SSP5-8.5,2021-2040,-12.133399999999995,39.9167,-178.01410000000033,0.33759999999999835,6.744799999999998,1.9240999999999993,16.363500000000002,38.7728125,-203.52238750000004,0.011837499999999945,6.8485125,1.68015,16.2579375,-0.32524060563236956,-0.6223352167435812
120.8,23.3,350.1428,SSP5-8.5,2021-2040,-14.733900000000006,38.867700000000006,-215.1244999999999,0.22949999999999804,6.8035,1.5586000000000002,16.340400000000002,39.711850000000005,-187.42598750000008,0.1335124999999997,5.9782375,1.7614125,17.2214125,-0.32524060563236956,-0.5591394363737897
120.8,23.35,359.2459,SSP5-8.5,2021-2040,-21.65840000000003,40.7932,-178.87919999999986,0.23170000000000002,3.2378999999999962,1.6569000000000003,20.3385,40.79605,-183.3198250000001,0.15683749999999996,4.9715625,1.7525749999999998,18.4952,-0.32524060563236956,-0.4959436560039983
120.8,23.4,378.8655,SSP5-8.5,2021-2040,-30.26690000000002,41.4975,-170.7262999999998,0.1271000000000022,3.0241000000000042,1.4309999999999992,19.863500000000002,40.9130125,-169.46895000000012,0.13617499999999927,3.7898749999999994,1.7465624999999998,19.4536,-0.32524060563236956,-0.43274787563421135
120.8,23.45,349.367,SSP5-8.5,2021-2040,-25.427700000000016,41.9224,-166.4387999999999,0.028400000000001313,2.546599999999998,1.0413999999999994,20.0154,40.7584,-171.46043750000007,0.0009499999999995623,3.181025,1.9573249999999998,19.520425000000003,-0.32524060563236956,-0.3695520952644199
120.8,23.5,415.8918,SSP5-8.5,2021-2040,-24.084900000000005,39.00600000000001,-149.2795000000001,-0.1645000000000003,3.4121000000000024,2.4793000000000003,17.8904,40.96615,-191.61143750000002,-0.14895000000000014,3.0316874999999994,1.8314624999999998,19.9197,-0.32524060563236956,-0.3063563148946285
120.8,23.55,403.9372,SSP5-8.5,2021-2040,-20.115400000000022,37.8084,-205.50030000000015,-0.3335000000000008,4.700000000000003,2.1034000000000006,17.9942,41.4122,-171.90263750000003,-0.16437499999999972,2.4166,2.242025,19.926199999999998,-0.32524060563236956,-0.24316053452483705
120.8,23.6,307.6143,SSP5-8.5,2021-2040,-13.840200000000038,38.689699999999995,-119.15390000000025,0.06840000000000046,2.205199999999998,2.5259,18.9712,42.3573375,-141.45945000000006,-0.023287499999999905,2.3573375000000008,2.5461124999999996,20.5209125,-0.32524060563236956,-0.17996475415504562
120.8,23.65,246.432,SSP5-8.5,2021-2040,-11.0668,42.117000000000004,-46.454299999999876,0.25659999999999883,0.9344999999999999,3.3931000000000004,20.3712,42.369725,-101.88761250000007,0.26272499999999965,1.6498000000000008,2.6528,20.1387,-0.32524060563236956,-0.11676897378525869
120.8,23.7,246.221,SSP5-8.5,2021-2040,-11.515500000000003,42.042399999999994,-119.45690000000013,0.30320000000000036,1.6983000000000033,2.7379,21.142300000000002,42.783924999999996,-65.01986249999999,0.4593249999999993,1.10065,2.859925,19.8262,-0.32524060563236956,-0.053573193415467256
120.8,23.75,219.1426,SSP5-8.5,2021-2040,-1.7395999999999958,43.889300000000006,-61.284400000000005,0.5366999999999997,1.667199999999994,2.3466000000000005,20.475,41.9118375,-55.919812500000006,0.5805624999999996,0.8303875000000005,2.7609875,19.179074999999997,-0.32524060563236956,0.009622586954324176
120.8,23.8,200.978,SSP5-8.5,2021-2040,-8.436300000000017,40.366600000000005,-19.727699999999913,0.6701000000000015,1.9568999999999974,3.384500000000001,18.9942,42.233112500000004,-61.381362499999994,0.5085875,1.0848999999999993,2.4579750000000002,19.240612499999997,-0.32524060563236956,0.0728183673241156
120.8,23.85,204.2281,SSP5-8.5,2021-2040,-8.5445,42.5507,-99.41799999999989,0.3991000000000007,1.5344999999999942,2.396600000000001,19.5327,42.0015125,-75.88037499999999,0.41271250000000004,1.1986875000000001,2.1390000000000002,19.1769125,-0.32524060563236956,0.13601414769390704
120.8,23.9,212.8352,SSP5-8.5,2021-2040,-2.0734999999999957,43.613699999999994,-175.74829999999997,0.047100000000000364,2.2671999999999954,1.7948000000000004,18.8596,42.62195,-103.87871249999998,0.24639999999999995,0.4540875,1.7728500000000005,19.9454375,-0.32524060563236956,0.19920992806369398
120.8,23.95,221.66,SSP5-8.5,2021-2040,-5.233000000000004,43.507,-165.4507000000001,-0.04690000000000083,-0.11209999999999809,1.9603000000000002,20.034599999999998,43.2406875,-109.58099999999996,0.2593874999999999,-0.18448750000000036,1.4323500000000002,20.4620375,-0.32524060563236956,0.26240570843348543
120.8,24.0,207.341,SSP5-8.5,2021-2040,-0.9384000000000015,45.504,-111.0453,0.3353999999999999,0.5568999999999988,1.3896999999999995,22.407700000000002,43.5419375,-113.817125,0.3420999999999994,0.12781249999999922,1.2053875,21.412025,-0.32524060563236956,0.32560148880327683
120.8,24.05,221.4278,SSP5-8.5,2021-2040,-0.6079000000000008,43.788900000000005,-145.2732000000001,0.4299999999999997,3.0189999999999984,1.1517,22.226900000000004,43.67305,-96.8976375,0.42119999999999935,0.40776250000000047,1.042475,22.059625,-0.32524060563236956,0.3887972691730683
120.8,24.1,221.0414,SSP5-8.5,2021-2040,2.6090999999999838,43.522499999999994,-63.70139999999992,0.4103999999999992,-1.632799999999996,1.2466000000000008,22.413500000000003,43.1809,-110.38246250000003,0.3641249999999996,1.3952749999999998,0.9250000000000003,22.467550000000003,-0.32524060563236956,0.4519930495428597
120.8,24.15,223.0379,SSP5-8.5,2021-2040,2.043599999999998,43.680099999999996,-75.06919999999991,0.215600000000002,-2.310299999999998,1.1879000000000008,23.138500000000004,42.4898,-101.04897500000001,0.1948000000000003,1.2648625000000004,0.9696250000000006,22.7149125,-0.32524060563236956,0.5151888299126467
120.8,24.2,239.039,SSP5-8.5,2021-2040,-11.89749999999998,42.25169999999999,-121.99340000000007,-0.2829999999999977,2.9741,0.7034000000000002,22.646199999999997,42.1787125,-87.09061249999999,0.09632500000000066,-0.5538750000000006,0.9547500000000002,23.4283625,-0.32524060563236956,0.578384610282438
120.8,24.25,249.2116,SSP5-8.5,2021-2040,-19.833500000000015,41.3146,-55.94659999999999,0.06009999999999849,-2.6465999999999994,0.8602999999999987,24.1077,41.63005,-74.19178750000003,0.0431625000000011,-0.34720000000000084,0.6372875000000002,23.8264375,-0.32524060563236956,0.6415803906522295
120.8,24.3,229.2985,SSP5-8.5,2021-2040,-14.469399999999979,41.0842,-55.531600000000026,0.12739999999999796,1.137900000000002,0.40690000000000026,24.9654,41.012525,-47.00628750000001,0.2842000000000007,-1.1588375000000015,0.40258749999999965,23.8603375,-0.32524060563236956,0.704776171022021
120.8,24.35,222.7878,SSP5-8.5,2021-2040,-4.667000000000002,41.206700000000005,-32.315900000000056,0.6247000000000007,-0.04140000000000299,0.15339999999999954,24.315399999999997,40.49155,-39.47946249999998,0.48580000000000023,0.8232749999999998,0.2963374999999999,23.7418375,-0.32524060563236956,0.7679719513918124
120.8,24.4,232.9193,SSP5-8.5,2021-2040,-1.3833999999999946,40.15839999999999,-34.58750000000009,0.6654000000000018,0.8793000000000006,0.10519999999999996,23.5173,39.808899999999994,-29.214949999999988,0.6595125,2.267225,0.27241249999999995,23.147850000000002,-0.32524060563236956,0.8311677317615993
120.8,24.45,204.9742,SSP5-8.5,2021-2040,-4.663499999999999,38.2231,-18.952400000000125,0.7147000000000006,2.6602999999999994,0.36380000000000035,21.953799999999998,39.107299999999995,-21.13208750000001,0.7355875000000001,2.4844625000000002,0.13728750000000023,22.68945,-0.32524060563236956,0.8943635121313908
120.8,24.5,151.3938,SSP5-8.5,2021-2040,4.406700000000001,37.36990000000001,35.92419999999993,1.2657000000000007,0.5447999999999951,-0.23789999999999978,21.698099999999997,38.155475,-19.08668750000001,0.5652000000000004,2.6594750000000005,-0.026724999999999777,22.139200000000002,-0.32524060563236956,0.9575592925011822
120.8,24.55,150.1773,SSP5-8.5,2021-2040,0.08070000000000732,36.8457,16.471199999999953,0.48850000000000193,-0.07410000000000139,-0.14139999999999997,22.088499999999996,37.8738125,-20.1145875,0.5541375000000002,2.7681000000000004,-0.35472499999999985,21.9206875,-0.32524060563236956,1.0207550728709736
120.8,24.6,168.016,SSP5-8.5,2021-2040,-10.919699999999978,37.7351,-23.960000000000036,0.3194000000000017,4.101700000000001,-1.0810000000000004,21.5827,37.4432625,-17.78908749999991,0.44557499999999983,2.29915,-0.28103749999999994,21.9375125,-0.32524060563236956,1.0839508532407651
120.8,24.65,152.9264,SSP5-8.5,2021-2040,-6.967000000000013,37.4395,-1.1937999999997828,0.4786999999999999,0.1361999999999952,-0.33619999999999983,22.021200000000004,37.1636375,-23.551024999999953,0.40464999999999973,2.7510875000000006,-0.2903125000000001,21.731975,-0.32524060563236956,1.147146633610552
120.85,21.9,269.1639,SSP5-8.5,2021-2040,-51.97970000000001,45.75149999999999,-196.5281,-0.2778999999999989,17.0948,3.1499999999999986,17.6135,45.163399999999996,-182.94716250000002,-0.2979249999999998,16.224137499999998,3.042225,19.6831625,-0.21954676555114824,-2.3286212867279272
120.85,21.95,276.0158,SSP5-8.5,2021-2040,-55.39320000000001,45.591100000000004,-240.38890000000015,-0.17970000000000041,16.737899999999996,3.2241,18.8346,45.178149999999995,-192.441825,-0.22674999999999956,15.911849999999998,3.0724,19.85505,-0.21954676555114824,-2.265425506358136
120.85,22.0,274.2275,SSP5-8.5,2021-2040,-53.65700000000001,45.7805,-244.53890000000024,-0.06429999999999936,15.680999999999997,3.4621000000000013,21.438499999999998,45.055375,-194.91497500000003,-0.09048750000000005,15.578024999999998,2.9260625,20.434849999999997,-0.21954676555114824,-2.2022297259883445
120.85,22.05,274.0325,SSP5-8.5,2021-2040,-46.89880000000002,44.184599999999996,-278.38419999999996,0.27169999999999916,12.134499999999996,2.779299999999999,21.525,44.6348625,-208.61572500000008,0.26560000000000006,15.380387499999998,2.8443875,21.4048125,-0.21954676555114824,-2.139033945618553
120.85,22.1,267.8106,SSP5-8.5,2021-2040,-25.148800000000023,44.0334,-286.4375,0.7861000000000011,13.1207,2.8171999999999997,21.7269,43.3468,-197.49971250000007,0.5926749999999998,13.988149999999997,2.6019374999999996,21.259625,-0.21954676555114824,-2.0758381652487614
120.85,22.15,245.2124,SSP5-8.5,2021-2040,-9.87809999999999,40.7927,-199.9085,1.0905999999999985,14.015499999999996,2.8414,20.051900000000003,41.8965,-185.59647500000003,0.8504750000000008,13.881899999999998,2.6344624999999997,20.098325000000003,-0.21954676555114824,-2.0126423848789745
120.85,22.2,286.3185,SSP5-8.5,2021-2040,-17.068299999999965,37.60360000000001,-181.79960000000028,1.0455000000000005,11.701699999999999,3.1379,18.423099999999998,40.38145,-148.5811,1.0561000000000007,13.895475,2.6407249999999998,18.8093625,-0.21954676555114824,-1.9494466045091832
120.85,22.25,275.7984,SSP5-8.5,2021-2040,-13.713000000000022,37.803200000000004,-146.90470000000005,1.4726,14.5293,3.3224,18.053800000000003,39.3015625,-123.95726249999996,0.9581000000000008,13.8403125,2.692875,17.9341375,-0.21954676555114824,-1.8862508241393918
120.85,22.3,270.1267,SSP5-8.5,2021-2040,-16.79570000000004,39.5346,-104.14329999999973,0.907,13.122399999999999,2.9223999999999997,19.4423,38.701612499999996,-98.51373749999999,0.8062250000000004,13.2469875,2.8581875000000005,17.5307625,-0.21954676555114824,-1.8230550437696005
120.85,22.35,289.6063,SSP5-8.5,2021-2040,-23.34779999999995,38.319900000000004,-64.35320000000002,0.6623000000000019,12.144799999999996,2.963799999999999,18.3788,37.2819875,-76.34273749999988,0.5992500000000005,12.0028,2.8642250000000002,16.5387,-0.21954676555114824,-1.759859263399809
120.85,22.4,297.7591,SSP5-8.5,2021-2040,-28.285300000000007,34.9821,-30.673899999999776,0.9809000000000019,11.227600000000002,3.082799999999999,14.7596,35.4938625,-49.21703749999995,0.6018750000000002,11.058187499999999,2.9586249999999996,15.411999999999999,-0.21954676555114824,-1.696663483030022
120.85,22.45,293.1296,SSP5-8.5,2021-2040,-30.261699999999962,34.640299999999996,12.311100000000351,1.3699999999999974,10.858599999999996,3.0569000000000006,14.878799999999998,32.7761,-31.18485000000004,0.7929500000000003,11.2801875,2.8655125,13.6370125,-0.21954676555114824,-1.6334677026602307
120.85,22.5,279.1767,SSP5-8.5,2021-2040,-28.093999999999994,33.420700000000004,7.3884999999997945,1.1611999999999973,11.939700000000002,2.6224000000000007,13.9596,32.092074999999994,-27.94277500000004,0.7900250000000004,11.6069125,2.7818875000000003,13.29375,-0.21954676555114824,-1.570271922290439
120.85,22.55,288.674,SSP5-8.5,2021-2040,-32.19719999999995,32.90019999999999,-31.544900000000098,0.8420000000000023,12.4707,2.4672,13.311499999999999,32.400287500000005,-44.22676250000006,0.6625749999999999,10.8409625,2.5616250000000003,13.5406375,-0.21954676555114824,-1.5070761419206478
120.85,22.6,319.2749,SSP5-8.5,2021-2040,-31.78770000000003,33.929300000000005,-56.27400000000034,0.6356999999999999,10.6552,2.3293,14.0654,32.16905,-87.76672499999998,0.4303375000000007,9.660125,2.429525,13.1519125,-0.21954676555114824,-1.4438803615508562
120.85,22.65,354.9169,SSP5-8.5,2021-2040,-33.30590000000001,29.468199999999996,-105.67290000000003,0.2024000000000008,8.710299999999997,2.3896999999999995,9.8269,31.9609125,-130.59375,0.31769999999999987,8.423499999999999,2.3297375,13.5067125,-0.21954676555114824,-1.3806845811810693
120.85,22.7,364.6054,SSP5-8.5,2021-2040,-33.035499999999956,29.865900000000003,-155.89550000000008,-0.11309999999999931,8.4897,2.4983000000000004,12.1788,30.7767875,-157.409675,0.14829999999999988,7.4939624999999985,2.2415999999999996,12.697824999999998,-0.21954676555114824,-1.317488800811278
120.85,22.75,340.672,SSP5-8.5,2021-2040,-24.45700000000005,31.538000000000004,-172.60329999999976,-0.30849999999999866,6.5844999999999985,2.2706999999999997,13.2577,30.125437500000004,-163.663875,-0.04372499999999979,7.5129375,2.2137874999999996,12.228349999999999,-0.21954676555114824,-1.2542930204414864
120.85,22.8,329.8324,SSP5-8.5,2021-2040,-16.801800000000014,31.317000000000007,-168.14429999999993,-0.47499999999999787,6.187899999999999,2.3207000000000004,11.8269,29.144337500000002,-157.84452499999992,-0.14533750000000012,7.067250000000001,2.1846999999999994,11.1125,-0.21954676555114824,-1.191097240071695
120.85,22.85,336.1172,SSP5-8.5,2021-2040,-16.244700000000023,25.5955,-160.49289999999974,-0.4137000000000022,7.25,2.6052,8.546199999999999,28.562350000000002,-152.8446124999999,-0.3292749999999991,7.034700000000002,2.2290874999999994,10.190375,-0.21954676555114824,-1.1279014597019037
120.85,22.9,320.1834,SSP5-8.5,2021-2040,-19.40980000000002,24.3859,-138.23609999999962,-0.6269999999999989,6.782800000000002,2.3706999999999994,7.540400000000002,28.28135,-150.44054999999997,-0.3646124999999998,7.123700000000001,2.2170249999999996,9.749274999999999,-0.21954676555114824,-1.0647056793321166
120.85,22.95,269.1855,SSP5-8.5,2021-2040,-27.156999999999982,25.729299999999995,-124.53150000000005,-0.5581999999999994,7.5190000000000055,1.4793000000000003,7.1096,27.6991125,-151.46796249999997,-0.34699999999999953,7.581025,2.0818874999999997,9.2675375,-0.21954676555114824,-1.0015098989623252
120.85,23.0,259.6237,SSP5-8.5,2021-2040,-26.00139999999999,23.5908,-146.83770000000004,-0.5495000000000019,6.820699999999995,1.5310000000000006,6.461500000000001,27.68915,-175.81447500000004,-0.2752124999999994,8.1262875,1.7293125,9.3894125,-0.21954676555114824,-0.9383141185925338
120.85,23.05,309.4019,SSP5-8.5,2021-2040,-27.1062,22.981899999999996,-234.86640000000034,-0.6980000000000004,8.891399999999997,1.5707000000000004,6.9154,27.5966875,-219.30512499999995,-0.2501375000000001,7.735987499999999,1.3077625,9.2261875,-0.21954676555114824,-0.8751183382227424
120.85,23.1,386.2774,SSP5-8.5,2021-2040,-26.761500000000012,27.600299999999997,-337.8263999999999,-0.9311999999999969,7.7224,1.1085999999999991,8.888499999999999,30.494875,-251.76087499999997,-0.3266750000000007,7.4741374999999985,1.212725,11.284849999999999,-0.21954676555114824,-0.811922557852951
120.85,23.15,410.2421,SSP5-8.5,2021-2040,-27.28989999999999,34.8494,-323.8690999999999,-0.9432000000000009,6.367199999999997,1.25,12.3538,33.5533875,-255.39087499999994,-0.33678750000000024,6.649349999999999,1.1706874999999997,12.8624875,-0.21954676555114824,-0.748726777483164
120.85,23.2,392.642,SSP5-8.5,2021-2040,-23.348799999999983,36.7538,-267.9216000000001,-0.7231999999999985,4.458599999999997,1.4085999999999999,13.828800000000001,37.0868,-238.6058125,-0.3774875000000004,6.412699999999999,1.5788624999999998,14.934137499999999,-0.21954676555114824,-0.6855309971133726
120.85,23.25,389.0688,SSP5-8.5,2021-2040,-19.34280000000001,39.13100000000001,-217.34990000000016,-0.5769999999999982,6.520699999999998,2.0586,15.5808,38.078824999999995,-225.29037500000004,-0.29838750000000047,5.7364125,1.7146249999999998,15.563937500000002,-0.21954676555114824,-0.6223352167435812
120.85,23.3,367.6713,SSP5-8.5,2021-2040,-18.683299999999974,38.988200000000006,-243.3425000000002,-0.24769999999999825,6.646599999999999,1.8034,16.848100000000002,38.9251125,-202.37605000000002,-0.2067875000000008,5.241362499999999,1.8223999999999998,16.207225,-0.21954676555114824,-0.5591394363737897
120.85,23.35,360.5144,SSP5-8.5,2021-2040,-22.65650000000005,38.8896,-192.7437,0.026099999999999568,5.263800000000003,1.8396999999999988,15.603800000000001,39.611825,-183.43413750000002,-0.011987500000000484,4.4605500000000005,1.6329624999999999,17.5187625,-0.21954676555114824,-0.4959436560039983
120.85,23.4,364.9905,SSP5-8.5,2021-2040,-24.45459999999997,43.14509999999999,-170.09370000000035,0.17919999999999803,2.9568999999999974,1.9914000000000005,20.417299999999997,39.415724999999995,-163.82021249999997,0.05744999999999978,4.063787500000001,1.4976374999999995,17.721874999999997,-0.21954676555114824,-0.43274787563421135
120.85,23.45,354.3272,SSP5-8.5,2021-2040,-26.30189999999999,39.551100000000005,-162.89550000000008,-0.07520000000000238,4.655200000000001,1.8483,18.4269,39.8090125,-162.76153749999997,0.026212500000000194,3.762287500000001,1.6131375,18.2108125,-0.21954676555114824,-0.3695520952644199
120.85,23.5,342.8322,SSP5-8.5,2021-2040,-21.247900000000016,40.803000000000004,-182.4984999999997,-0.2015999999999991,4.5379000000000005,2.0586,18.6115,40.07412500000001,-170.4246875,-0.09405000000000019,4.3336375,1.687275,18.770187500000002,-0.21954676555114824,-0.3063563148946285
120.85,23.55,318.4764,SSP5-8.5,2021-2040,-21.681700000000035,43.3006,-208.02050000000008,-0.12549999999999883,5.193099999999994,1.687899999999999,21.282700000000002,40.603925000000004,-151.4704875,-0.08292499999999992,4.2840625,1.9717625000000003,19.0954375,-0.21954676555114824,-0.24316053452483705
120.85,23.6,262.9637,SSP5-8.5,2021-2040,-16.783300000000025,42.6256,-121.19489999999996,0.2021000000000015,4.619,1.7637999999999998,20.5673,42.4989875,-125.35200000000003,0.030187499999999368,3.9338499999999987,2.3560375000000002,20.3747875,-0.21954676555114824,-0.17996475415504562
120.85,23.65,233.8112,SSP5-8.5,2021-2040,-19.422800000000024,44.365899999999996,-86.72949999999992,0.2834000000000003,2.9913999999999987,2.3999999999999986,20.930799999999998,42.724037499999994,-96.85580000000002,0.21193749999999945,3.1472249999999997,2.5002250000000004,20.454349999999998,-0.21954676555114824,-0.11676897378525869
120.85,23.7,232.6723,SSP5-8.5,2021-2040,-18.3544,42.381,-94.19899999999984,0.3227999999999973,1.5345000000000013,2.25,17.5019,43.7277625,-87.63332499999999,0.28463749999999965,2.6420500000000002,2.5860125,21.0762125,-0.21954676555114824,-0.053573193415467256
120.85,23.75,216.9823,SSP5-8.5,2021-2040,-18.329800000000006,43.3852,-91.97929999999997,0.23160000000000025,0.0397000000000034,2.3328000000000007,19.5365,42.476237499999996,-84.5885625,0.36335000000000006,2.6504375,2.2138,19.8399,-0.21954676555114824,0.009622586954324176
120.85,23.8,214.1326,SSP5-8.5,2021-2040,-8.245599999999996,41.4413,-75.73040000000015,0.4862000000000002,1.8241000000000014,1.2172,18.2654,42.5987625,-94.73502499999995,0.24611249999999973,2.7584124999999986,2.1864375000000003,19.347337500000002,-0.21954676555114824,0.0728183673241156
120.85,23.85,223.7883,SSP5-8.5,2021-2040,4.00800000000001,43.890100000000004,-121.9034999999999,0.13799999999999812,4.791399999999996,1.8240999999999996,19.8173,41.2606125,-94.06124999999997,0.22389999999999954,2.0648624999999994,1.8140000000000003,18.0661,-0.21954676555114824,0.13601414769390704
120.85,23.9,218.0876,SSP5-8.5,2021-2040,8.457899999999995,41.4417,-107.68219999999997,-0.0727000000000011,1.106900000000003,1.6844999999999999,18.35,41.83195,-118.85145,0.09756249999999911,1.8094749999999982,1.5941750000000003,18.4872625,-0.21954676555114824,0.19920992806369398
120.85,23.95,241.0315,SSP5-8.5,2021-2040,-0.5945999999999856,42.4979,-139.36120000000005,-0.051899999999999835,2.0016999999999996,1.3190000000000008,19.7712,42.031825,-110.93705,0.12037499999999923,1.3254249999999992,1.2653000000000003,18.8916,-0.21954676555114824,0.26240570843348543
120.85,24.0,223.3904,SSP5-8.5,2021-2040,-0.8326000000000136,42.0733,-117.30049999999983,0.21539999999999893,2.832799999999999,1.3931000000000004,19.4962,42.935212500000006,-120.42108750000003,0.10544999999999938,2.1827499999999986,0.9153125000000002,20.42765,-0.21954676555114824,0.32560148880327683
120.85,24.05,219.5046,SSP5-8.5,2021-2040,5.600599999999986,44.285399999999996,-120.75199999999995,0.4001999999999981,4.612099999999998,0.42929999999999957,22.484599999999997,42.875575,-108.6291625,0.21018749999999953,2.7142125000000004,0.9541125000000004,21.0351,-0.21954676555114824,0.3887972691730683
120.85,24.1,219.5583,SSP5-8.5,2021-2040,8.789799999999985,41.1459,-100.44580000000019,0.39839999999999876,4.737900000000003,1.1259000000000015,21.5269,43.1427,-110.58109999999996,0.2625624999999996,2.289225,1.0407375000000003,21.658175,-0.21954676555114824,0.4519930495428597
120.85,24.15,242.29,SSP5-8.5,2021-2040,6.428799999999995,42.064800000000005,-120.53099999999995,0.3847999999999985,2.7723999999999975,1.8397000000000006,21.1385,42.1421,-91.368875,0.22696250000000084,1.7278000000000011,1.1803875000000006,21.5814875,-0.21954676555114824,0.5151888299126467
120.85,24.2,229.9375,SSP5-8.5,2021-2040,-1.6476000000000113,41.738,-92.5456999999999,0.19720000000000226,1.1552000000000007,2.120700000000001,21.9692,41.6498375,-89.66506249999995,0.1702250000000003,0.4094874999999991,1.2515,21.854325,-0.21954676555114824,0.578384610282438
120.85,24.25,226.4111,SSP5-8.5,2021-2040,-6.042400000000015,41.6068,-101.72600000000011,0.15630000000000166,-0.453400000000002,1.4466,22.8365,41.011725,-75.38886249999996,0.18873750000000022,-0.21121250000000025,1.0056,22.4685,-0.21954676555114824,0.6415803906522295
120.85,24.3,224.8746,SSP5-8.5,2021-2040,-11.653399999999976,40.4701,-56.8451,0.3744000000000014,-2.3138000000000005,0.5707000000000004,23.3596,40.7298,-71.37939999999998,0.34102499999999925,-0.7816749999999999,0.8400874999999999,23.099512500000003,-0.21954676555114824,0.704776171022021
120.85,24.35,234.397,SSP5-8.5,2021-2040,-5.086399999999998,39.907500000000006,-52.808899999999994,0.5414999999999992,-0.5309999999999988,0.2706999999999997,23.807699999999997,40.3460375,-68.83664999999999,0.44988749999999955,0.19008750000000063,0.6506500000000002,23.2336625,-0.21954676555114824,0.7679719513918124
120.85,24.4,232.7173,SSP5-8.5,2021-2040,-2.2502000000000066,40.189099999999996,-60.2195999999999,0.5507999999999988,1.5638000000000005,0.9361999999999995,23.455799999999996,39.5521125,-53.99868750000002,0.5226624999999996,1.3825375000000006,0.5150875,22.843512500000003,-0.21954676555114824,0.8311677317615993
120.85,24.45,199.7521,SSP5-8.5,2021-2040,9.33759999999998,39.538900000000005,-25.278099999999995,0.49540000000000006,2.0534000000000034,0.40690000000000026,22.6885,38.8545375,-48.64905000000002,0.5787499999999997,2.3644249999999998,0.4569000000000002,22.620925,-0.21954676555114824,0.8943635121313908
120.85,24.5,193.6135,SSP5-8.5,2021-2040,-5.346899999999977,38.893600000000006,-37.98389999999995,0.4789999999999992,2.7310000000000016,0.14140000000000086,22.1481,37.992962500000004,-38.19008750000006,0.4889125000000003,2.481237499999999,0.06594999999999984,22.458425000000002,-0.21954676555114824,0.9575592925011822
120.85,24.55,175.2682,SSP5-8.5,2021-2040,-5.156400000000019,37.048500000000004,-43.55189999999993,0.27190000000000225,3.469000000000001,-0.3224000000000009,22.1308,37.686475,-47.36866250000003,0.4178750000000002,2.549124999999999,-0.3168000000000001,22.3084375,-0.21954676555114824,1.0207550728709736
120.85,24.6,177.8317,SSP5-8.5,2021-2040,-14.867500000000007,37.485899999999994,-49.39709999999991,0.410499999999999,3.729300000000002,-0.681,22.321199999999997,37.086400000000005,-47.67332499999995,0.3041500000000008,2.619399999999999,-0.4327625000000005,22.0517,-0.21954676555114824,1.0839508532407651
120.85,24.65,172.7335,SSP5-8.5,2021-2040,-16.579800000000006,36.168299999999995,-30.171899999999823,0.5243000000000002,5.229300000000002,-0.49659999999999993,21.942300000000003,37.2126625,-38.83086249999991,0.3370124999999997,2.7122874999999995,-0.4219875000000002,21.5867875,-0.21954676555114824,1.147146633610552
120.85,24.7,147.7511,SSP5-8.5,2021-2040,-9.05080000000001,36.617000000000004,-7.781500000000051,0.3434999999999988,4.348300000000002,0.11029999999999962,20.911500000000004,37.4921875,-29.655087499999894,0.30182499999999957,2.428025,-0.46876249999999997,21.9552875,-0.21954676555114824,1.2103424139803434
120.9,22.0,253.4294,SSP5-8.5,2021-2040,-43.971599999999995,45.8047,-201.6685,0.17490000000000094,17.2086,2.8017000000000003,20.9115,45.159375,-228.71592500000006,0.13755000000000006,15.431237499999998,2.9536499999999997,20.782937500000003,-0.11385292546989689,-2.2022297259883445
120.9,22.05,241.9081,SSP5-8.5,2021-2040,-33.28999999999999,46.1183,-198.42399999999998,0.3169000000000004,14.863799999999998,2.4207,22.5231,44.23035,-225.79256250000006,0.4434125,14.6717625,2.7683125,21.3997625,-0.11385292546989689,-2.139033945618553
120.9,22.1,234.1006,SSP5-8.5,2021-2040,-18.15469999999999,44.7866,-205.37090000000012,0.5778999999999996,16.4362,2.6517,22.0154,43.9719875,-221.18243749999996,0.6470500000000001,14.451512499999998,2.6855499999999997,21.1827,-0.11385292546989689,-2.0758381652487614
120.9,22.15,234.4953,SSP5-8.5,2021-2040,-15.0308,44.959,-220.99479999999994,0.7726000000000006,15.131,2.2585999999999995,21.9635,42.419624999999996,-192.30643750000004,0.8722750000000006,13.645687499999998,2.6506374999999998,20.576925000000003,-0.11385292546989689,-2.0126423848789745
120.9,22.2,248.2464,SSP5-8.5,2021-2040,-20.344899999999996,43.85809999999999,-199.8480999999997,1.0378000000000007,14.432799999999997,2.622399999999999,20.2885,40.899874999999994,-165.8113125,0.9410625000000006,14.370037499999999,2.64245,19.507687500000003,-0.11385292546989689,-1.9494466045091832
120.9,22.25,245.4047,SSP5-8.5,2021-2040,-17.050600000000003,41.7575,-142.57870000000003,1.0753000000000021,13.622399999999999,2.3276000000000003,19.625,40.46458749999999,-145.28723749999995,0.8504750000000003,13.71725,2.890075,19.0521625,-0.11385292546989689,-1.8862508241393918
120.9,22.3,252.972,SSP5-8.5,2021-2040,-24.648899999999998,41.997,-146.49049999999988,0.684000000000001,14.969000000000001,2.3414,19.9923,39.668025,-109.87663749999996,0.7613125000000007,13.430387499999998,2.9245625,18.482924999999998,-0.11385292546989689,-1.8230550437696005
120.9,22.35,261.906,SSP5-8.5,2021-2040,-15.593999999999994,41.98629999999999,-90.22989999999982,-0.2575000000000003,11.9466,3.4069000000000003,19.659599999999998,38.24535,-88.55477499999995,0.7376875000000012,12.88685,2.7547499999999996,17.557925,-0.11385292546989689,-1.759859263399809
120.9,22.4,260.687,SSP5-8.5,2021-2040,-21.8956,37.8972,-68.48710000000028,0.22960000000000136,13.230999999999998,3.0069,17.2442,37.8655375,-73.57994999999991,0.6365750000000006,12.704325,2.8724124999999994,17.1721,-0.11385292546989689,-1.696663483030022
120.9,22.45,272.293,SSP5-8.5,2021-2040,-27.184699999999992,35.887800000000006,-88.51369999999997,0.6545000000000023,14.332800000000002,2.822399999999999,16.25,36.8264875,-57.78801250000001,0.5955249999999994,12.185575,2.8894374999999997,16.2882125,-0.11385292546989689,-1.6334677026602307
120.9,22.5,250.163,SSP5-8.5,2021-2040,-19.056700000000006,35.074999999999996,-61.2324000000001,0.9305999999999983,14.456899999999997,2.7379,15.8231,35.6312125,-65.23005000000003,0.58405,12.220275,2.5782125,15.6115375,-0.11385292546989689,-1.570271922290439
120.9,22.55,262.9983,SSP5-8.5,2021-2040,-29.56209999999996,34.348099999999995,-89.86650000000009,0.2179000000000002,12.551700000000004,2.3378999999999994,14.890400000000001,35.379112500000005,-81.57311250000006,0.49593749999999925,11.4558375,2.5271375,15.6043375,-0.11385292546989689,-1.5070761419206478
120.9,22.6,319.0565,SSP5-8.5,2021-2040,-42.71980000000002,36.313700000000004,-144.45039999999972,0.16949999999999932,8.077600000000004,2.3224,16.332700000000003,34.58295,-129.95704999999998,0.1847000000000003,10.1407375,2.4549374999999998,14.625,-0.11385292546989689,-1.4438803615508562
120.9,22.65,370.8145,SSP5-8.5,2021-2040,-53.44540000000001,35.84799999999999,-230.29639999999972,0.09750000000000014,8.020699999999998,2.180999999999999,15.176899999999998,33.5561125,-171.19542499999997,-0.04748750000000035,8.2618625,2.5237124999999994,14.146625,-0.11385292546989689,-1.3806845811810693
120.9,22.7,378.5575,SSP5-8.5,2021-2040,-53.575800000000015,30.735999999999997,-245.95899999999983,-0.3080999999999996,7.541399999999999,2.141399999999999,14.3346,32.4393,-192.35732499999995,-0.11301249999999996,7.4504375,2.3907374999999993,13.33075,-0.11385292546989689,-1.317488800811278
120.9,22.75,333.0307,SSP5-8.5,2021-2040,-40.47990000000004,27.034600000000005,-188.50340000000006,-0.06709999999999994,8.1552,1.977599999999999,11.884599999999999,31.1212375,-180.16293749999997,-0.09613749999999976,7.541387499999999,2.271775,12.5189625,-0.11385292546989689,-1.2542930204414864
120.9,22.8,290.6291,SSP5-8.5,2021-2040,-27.264599999999973,26.223799999999997,-152.74990000000003,-0.08840000000000003,10.512100000000004,1.9240999999999993,8.803799999999999,30.769225,-154.76952499999993,0.13568749999999996,7.9918125,2.09635,11.9855625,-0.11385292546989689,-1.191097240071695
120.9,22.85,268.2432,SSP5-8.5,2021-2040,-24.148500000000013,30.179700000000004,-134.03120000000013,0.32779999999999987,10.848300000000002,1.5328,10.4769,29.34665,-122.63499999999988,0.29137499999999994,8.444837500000002,2.089225,10.5668125,-0.11385292546989689,-1.1279014597019037
120.9,22.9,250.9295,SSP5-8.5,2021-2040,-23.456799999999987,27.5925,-86.34879999999998,0.3932000000000002,9.950000000000003,2.0,9.5519,29.1787125,-80.51696249999992,0.5606374999999999,8.267900000000001,1.8278,9.877400000000002,-0.11385292546989689,-1.0647056793321166
120.9,22.95,233.7078,SSP5-8.5,2021-2040,-22.299299999999988,31.27369999999999,-20.730199999999968,0.8063000000000002,7.9724,1.7293000000000003,11.115400000000001,26.32665,-41.520299999999935,0.7318000000000002,8.181475,1.7133500000000004,8.1223375,-0.11385292546989689,-1.0015098989623252
120.9,23.0,235.3136,SSP5-8.5,2021-2040,-17.906800000000004,26.699000000000005,-0.9803999999999178,1.0557000000000016,9.144800000000004,1.3190000000000008,7.792299999999999,24.59365,-35.83272500000001,0.7326250000000001,7.938375,1.5926500000000003,7.1483,-0.11385292546989689,-0.9383141185925338
120.9,23.05,255.1994,SSP5-8.5,2021-2040,-9.999899999999997,22.1197,-39.58409999999981,0.7020000000000017,8.6552,1.5154999999999994,6.542300000000001,25.1989375,-70.6008625,0.5561249999999998,7.568962499999998,1.5062500000000003,7.413937499999999,-0.11385292546989689,-0.8751183382227424
120.9,23.1,298.448,SSP5-8.5,2021-2040,-6.675700000000006,26.096600000000002,-80.55839999999989,0.45679999999999765,6.349999999999994,1.2120999999999995,8.2423,28.1347625,-120.61600000000001,0.21740000000000048,6.695687499999998,1.4189625000000001,9.103375,-0.11385292546989689,-0.811922557852951
120.9,23.15,343.7647,SSP5-8.5,2021-2040,-10.47539999999998,33.5695,-133.05150000000003,0.051600000000000534,4.965499999999999,1.1224000000000007,12.5135,32.2934625,-153.75573749999998,-0.015724999999999767,5.390499999999998,1.4258625,11.0887,-0.11385292546989689,-0.748726777483164
120.9,23.2,362.8426,SSP5-8.5,2021-2040,-24.091099999999983,35.206799999999994,-200.9047999999998,-0.4256999999999991,4.103400000000001,1.0793,13.6038,35.6265625,-170.5392500000001,-0.2055374999999997,5.153649999999997,1.6034375000000003,13.394475,-0.11385292546989689,-0.6855309971133726
120.9,23.25,397.2404,SSP5-8.5,2021-2040,-28.80880000000002,35.7673,-279.2012,-1.0755000000000017,5.0534,2.3034,14.413499999999999,37.568400000000004,-169.5157625000001,-0.1788624999999997,4.610337499999999,1.6887750000000001,14.6536,-0.11385292546989689,-0.6223352167435812
120.9,23.3,385.0652,SSP5-8.5,2021-2040,-17.844300000000032,39.022999999999996,-205.7581,-0.5954000000000015,3.3534000000000006,2.003400000000001,15.6096,37.679325000000006,-169.59575000000012,-0.19248750000000037,4.958399999999999,1.7868499999999996,15.305050000000001,-0.11385292546989689,-0.5591394363737897
120.9,23.35,351.4799,SSP5-8.5,2021-2040,-15.570099999999968,39.01240000000001,-151.93769999999995,-0.23130000000000095,4.953400000000002,1.2344999999999988,15.407699999999998,37.987624999999994,-153.89545000000015,-0.05092500000000122,4.2702625,1.9055999999999997,16.194225000000003,-0.11385292546989689,-0.4959436560039983
120.9,23.4,338.5996,SSP5-8.5,2021-2040,-14.728800000000035,35.567499999999995,-131.61110000000008,0.21099999999999852,4.708600000000004,1.3844999999999992,15.325,36.97687499999999,-140.9327125000001,-0.038412500000001515,4.0810375,1.8284624999999999,16.501662500000002,-0.11385292546989689,-0.43274787563421135
120.9,23.45,336.646,SSP5-8.5,2021-2040,-16.702200000000005,38.092099999999995,-155.32940000000008,0.14179999999999993,4.120699999999999,1.5448000000000004,16.7942,36.778125,-136.32375000000002,-0.05681250000000082,3.610125000000001,1.761425,17.113925000000002,-0.11385292546989689,-0.3695520952644199
120.9,23.5,305.2153,SSP5-8.5,2021-2040,-19.148900000000026,38.4385,-176.11499999999978,-0.11169999999999902,4.791400000000003,0.9741,16.769199999999998,38.460025,-139.52706249999994,-0.09375,3.7558124999999993,1.8719875000000001,18.2651375,-0.11385292546989689,-0.3063563148946285
120.9,23.55,255.8611,SSP5-8.5,2021-2040,-17.289199999999994,42.47390000000001,-139.81849999999986,-0.11220000000000141,5.25,1.8190000000000008,20.988500000000002,39.948575,-139.7725499999999,-0.06293749999999898,4.146987499999999,1.8170125,18.705287499999997,-0.11385292546989689,-0.24316053452483705
120.9,23.6,253.6143,SSP5-8.5,2021-2040,-24.7337,44.98629999999999,-118.20330000000013,-0.010400000000000631,4.756899999999995,2.0500000000000007,20.9712,41.49912500000001,-123.48994999999991,0.06913750000000007,4.421574999999999,2.0588375,19.622612500000002,-0.11385292546989689,-0.17996475415504562
120.9,23.65,254.9225,SSP5-8.5,2021-2040,-22.950800000000015,46.2501,-78.9357,0.214699999999997,5.439700000000002,2.8689999999999998,21.488500000000002,40.550799999999995,-104.03431249999988,0.2361500000000003,3.612737499999999,1.9864125000000001,19.16395,-0.11385292546989689,-0.11676897378525869
120.9,23.7,251.597,SSP5-8.5,2021-2040,-22.800900000000013,42.700199999999995,-77.24839999999995,0.33810000000000073,3.989699999999999,2.4121000000000006,22.621199999999998,42.382975,-101.13857499999992,0.26562499999999956,3.1345,2.0732875,19.851675,-0.11385292546989689,-0.053573193415467256
120.9,23.75,241.5842,SSP5-8.5,2021-2040,-20.71350000000001,45.072,-138.97810000000004,0.11280000000000001,4.3759000000000015,2.1966,22.0442,42.114374999999995,-98.15511249999994,0.2668250000000003,2.9655250000000004,1.7607750000000004,19.5173,-0.11385292546989689,0.009622586954324176
120.9,23.8,228.4438,SSP5-8.5,2021-2040,-8.219400000000007,41.9171,-90.08359999999993,0.1369000000000007,4.1569,1.1654999999999998,17.675,43.5111625,-129.13772500000002,0.06107499999999977,3.6258625,1.6366375000000002,20.1692125,-0.11385292546989689,0.0728183673241156
120.9,23.85,228.7538,SSP5-8.5,2021-2040,8.85069999999999,39.7191,-134.50559999999996,-0.2563000000000031,3.544800000000002,1.8447999999999993,16.7038,42.1964375,-118.40696249999999,0.06269999999999998,3.2756500000000006,1.297825,18.56755,-0.11385292546989689,0.13601414769390704
120.9,23.9,212.2855,SSP5-8.5,2021-2040,13.0368,39.0347,-49.5942,0.38079999999999714,0.12760000000000105,1.0241000000000007,16.1481,41.56095,-126.8157625,-0.04177500000000034,3.1987000000000005,1.2127124999999999,18.374525000000002,-0.11385292546989689,0.19920992806369398
120.9,23.95,225.6764,SSP5-8.5,2021-2040,5.1144999999999925,39.842400000000005,-64.83010000000013,0.1706000000000003,0.3206999999999951,0.5897000000000006,17.0308,40.849175,-101.22096249999998,0.05993749999999931,2.6474125000000015,1.1077500000000002,18.333675,-0.11385292546989689,0.26240570843348543
120.9,24.0,219.0071,SSP5-8.5,2021-2040,-4.474800000000016,41.2378,-95.8451,-0.06670000000000087,3.503399999999999,0.2862000000000009,18.8058,41.813837500000005,-98.76022499999999,0.07102499999999923,2.8331874999999993,0.8847000000000003,19.5952,-0.11385292546989689,0.32560148880327683
120.9,24.05,219.5285,SSP5-8.5,2021-2040,-2.060200000000009,42.8183,-120.8110999999999,-0.3271000000000015,3.560299999999998,0.1966000000000001,20.6596,41.825875,-95.21021250000001,0.20612499999999967,3.6019375,0.8577500000000005,20.1701875,-0.11385292546989689,0.3887972691730683
120.9,24.1,217.7921,SSP5-8.5,2021-2040,8.952799999999996,42.913900000000005,-114.61090000000013,0.28570000000000206,5.136200000000002,0.8430999999999997,20.7442,41.558512500000006,-103.49691250000001,0.24868749999999906,3.3187374999999992,0.9898750000000005,20.212975,-0.11385292546989689,0.4519930495428597
120.9,24.15,240.1689,SSP5-8.5,2021-2040,6.492899999999992,42.0677,-123.89999999999986,0.3008999999999986,3.1569000000000003,1.431000000000001,20.4596,40.506275,-90.12740000000005,0.3552625000000007,2.6928875000000003,1.1834125000000004,19.724024999999997,-0.11385292546989689,0.5151888299126467
120.9,24.2,251.3502,SSP5-8.5,2021-2040,-4.541300000000007,39.81699999999999,-38.684600000000046,0.29050000000000153,0.6051999999999964,0.7844999999999995,19.753800000000002,39.68752500000001,-99.69743749999992,0.33667500000000006,1.3293124999999995,1.4831875000000003,19.3846,-0.11385292546989689,0.578384610282438
120.9,24.25,255.4906,SSP5-8.5,2021-2040,-3.0297999999999945,40.396,-79.46969999999965,0.23659999999999926,-0.8224000000000018,1.7585999999999995,20.753800000000002,39.224112500000004,-90.56678749999995,0.34403750000000066,-0.0633499999999998,1.0560375000000004,19.8701625,-0.11385292546989689,0.6415803906522295
120.9,24.3,263.9308,SSP5-8.5,2021-2040,-5.88719999999995,41.022200000000005,-102.0942,0.5066999999999986,-1.7792999999999992,0.8397000000000006,22.192300000000003,38.721500000000006,-89.76719999999995,0.32447500000000007,-0.7109749999999995,0.9584000000000004,20.6334,-0.11385292546989689,0.704776171022021
120.9,24.35,270.9366,SSP5-8.5,2021-2040,-9.25909999999999,39.300399999999996,-91.14229999999998,0.4748999999999981,-1.1171999999999969,0.9845000000000006,21.8173,38.79121250000001,-93.2116125,0.31954999999999956,0.3392375000000012,0.7870625000000004,21.4589,-0.11385292546989689,0.7679719513918124
120.9,24.4,263.7339,SSP5-8.5,2021-2040,-9.27970000000002,39.3372,-117.95699999999988,0.27479999999999905,3.1914000000000016,1.2086000000000006,22.2462,38.2942375,-76.84433750000005,0.3176499999999991,1.5351375000000003,0.7185375,21.420675,-0.11385292546989689,0.8311677317615993
120.9,24.45,234.5316,SSP5-8.5,2021-2040,-1.766600000000011,38.7447,-58.947400000000016,0.38989999999999725,3.9654999999999987,0.6275999999999993,22.4019,37.895337500000004,-88.91933750000001,0.26388749999999916,2.846325,0.6862000000000004,21.496650000000002,-0.11385292546989689,0.8943635121313908
120.9,24.5,247.5951,SSP5-8.5,2021-2040,-9.830299999999994,37.920300000000005,-96.4688000000001,0.28969999999999985,3.3793000000000006,0.5103000000000009,23.5462,37.7946625,-84.36635000000004,0.21067499999999972,2.840937499999999,0.14354999999999973,21.8129875,-0.11385292546989689,0.9575592925011822
120.9,24.55,236.4759,SSP5-8.5,2021-2040,-21.2397,38.2526,-114.7175000000002,-0.0045000000000001705,3.851699999999994,-0.6793000000000013,23.1596,37.213725000000004,-94.71273749999995,0.2069749999999999,2.5185250000000012,-0.07801250000000004,22.1247875,-0.11385292546989689,1.0207550728709736
120.9,24.6,207.7669,SSP5-8.5,2021-2040,-21.9144,36.9887,-108.8173999999999,0.09469999999999956,2.1293000000000006,-0.3655000000000008,21.923099999999998,36.9054125,-81.81287499999993,0.2200000000000002,3.0090500000000002,-0.40818750000000037,22.1815,-0.11385292546989689,1.0839508532407651
120.9,24.65,186.1524,SSP5-8.5,2021-2040,-19.398200000000003,36.2128,-75.44529999999986,0.2602000000000011,2.112099999999998,-0.039700000000000735,21.565399999999997,36.945562499999994,-54.70287499999992,0.25713749999999935,3.3200375000000015,-0.4689749999999999,21.7913375,-0.11385292546989689,1.147146633610552
120.9,24.7,162.078,SSP5-8.5,2021-2040,-12.739499999999992,37.599799999999995,-33.584499999999935,0.30150000000000077,4.2776,-1.1999999999999993,20.5865,37.308837499999996,-34.912199999999956,0.20723749999999974,1.0691875000000008,-0.4286874999999999,22.0930125,-0.11385292546989689,1.2103424139803434
120.9,24.75,129.2189,SSP5-8.5,2021-2040,-0.8042999999999836,38.895900000000005,-24.037000000000035,-0.22109999999999985,1.3552000000000035,-0.6379000000000001,22.9538,37.777924999999996,-20.422024999999962,0.21463750000000026,0.9355625000000005,-0.53235,22.0240375,-0.11385292546989689,1.273538194350135
120.9,24.8,125.7672,SSP5-8.5,2021-2040,1.180499999999995,37.729499999999994,-15.823999999999842,0.08719999999999928,3.3585999999999956,-0.5465999999999998,22.1308,37.832975000000005,-24.688737499999974,0.13643750000000043,0.7273750000000021,-0.6060375000000001,22.1846125,-0.11385292546989689,1.3367339747199263
120.9,24.85,123.3388,SSP5-8.5,2021-2040,2.9662999999999897,37.49040000000001,-10.051899999999932,0.22269999999999968,1.7741000000000042,-0.9638,22.7673,37.1366,-21.78382499999998,0.11857499999999987,3.0405250000000015,-0.4859875000000001,21.7709125,-0.11385292546989689,1.3999297550897176
120.95,22.45,244.9499,SSP5-8.5,2021-2040,-23.23780000000002,40.0359,-119.45710000000008,0.06780000000000186,11.6983,2.5671999999999997,17.6346,37.3416,-73.35976249999999,0.4460499999999996,12.6429,2.70495,16.825,-0.008159085388675564,-1.6334677026602307
120.95,22.5,240.3232,SSP5-8.5,2021-2040,-19.691400000000016,36.5744,-111.92330000000015,0.2815999999999974,12.125899999999998,2.634499999999999,16.3462,36.627075,-85.59973750000003,0.4076374999999999,12.413375,2.5060124999999998,16.29135,-0.008159085388675564,-1.570271922290439
120.95,22.55,251.542,SSP5-8.5,2021-2040,-27.25569999999999,37.2423,-100.23450000000003,0.0774000000000008,11.784499999999998,2.1172000000000004,17.6212,36.8004875,-123.30819999999994,0.20801249999999927,10.942250000000001,2.4351124999999993,16.198325,-0.008159085388675564,-1.5070761419206478
120.95,22.6,286.5512,SSP5-8.5,2021-2040,-38.2501,37.5773,-154.31389999999988,-0.1305000000000014,10.136200000000002,2.9861999999999993,17.375,36.969175,-133.1274249999999,0.12433750000000021,10.051300000000001,2.2228249999999994,16.2841375,-0.008159085388675564,-1.4438803615508562
120.95,22.65,375.6943,SSP5-8.5,2021-2040,-53.09530000000001,35.350199999999994,-271.4532999999997,-0.4648000000000003,6.7966000000000015,2.8309999999999995,14.7327,36.27312499999999,-153.02982499999993,0.05297499999999955,8.8407375,2.4012874999999996,16.2870125,-0.008159085388675564,-1.3806845811810693
120.95,22.7,384.2909,SSP5-8.5,2021-2040,-51.90340000000003,35.2083,-235.54440000000022,-0.3710000000000022,5.687899999999999,2.6914,14.326899999999998,34.7522,-164.5778499999999,0.059237500000000054,8.468975,2.4032249999999995,15.5562375,-0.008159085388675564,-1.317488800811278
120.95,22.75,337.9073,SSP5-8.5,2021-2040,-48.49520000000001,35.2012,-178.88940000000002,0.12049999999999983,7.1586,2.286199999999999,15.261499999999998,32.7868125,-147.49666249999999,0.23309999999999942,8.5528125,2.316375,13.950937499999998,-0.008159085388675564,-1.2542930204414864
120.95,22.8,285.5942,SSP5-8.5,2021-2040,-36.9118,28.8797,-131.51769999999988,0.7744999999999997,8.168999999999997,2.041400000000001,10.1615,33.7206125,-126.86236250000002,0.5999624999999997,9.086200000000002,2.0116374999999995,13.821612499999999,-0.008159085388675564,-1.191097240071695
120.95,22.85,255.1593,SSP5-8.5,2021-2040,-24.246399999999994,36.4081,-103.97399999999993,1.126999999999999,9.581000000000003,1.7362000000000002,14.4692,32.363925,-91.57625000000002,1.0453124999999996,9.064025,1.893325,12.493012499999999,-0.008159085388675564,-1.1279014597019037
120.95,22.9,236.5576,SSP5-8.5,2021-2040,-12.132300000000015,34.37070000000001,-39.61629999999991,1.6403999999999996,9.125900000000001,1.7155000000000005,13.634599999999999,31.374174999999997,-26.52913750000002,1.5171875,8.248275000000001,1.8043125,11.1788375,-0.008159085388675564,-1.0647056793321166
120.95,22.95,234.3535,SSP5-8.5,2021-2040,7.647700000000015,25.486800000000002,77.47649999999999,2.182500000000001,7.0638000000000005,1.4534000000000002,6.126899999999999,28.8597,35.03236250000003,1.8153875,7.751512500000001,1.8370625000000003,9.8286,-0.008159085388675564,-1.0015098989623252
120.95,23.0,232.8915,SSP5-8.5,2021-2040,19.630200000000002,22.758200000000002,126.91190000000006,2.3172999999999995,9.044799999999999,1.8379000000000012,6.7615,25.7632875,61.78151250000005,1.7878000000000003,7.153025,1.6461000000000003,7.5475875,-0.008159085388675564,-0.9383141185925338
120.95,23.05,232.9709,SSP5-8.5,2021-2040,9.768499999999989,22.808799999999998,75.49970000000008,1.6585999999999999,7.539699999999996,1.6241000000000003,6.153799999999999,25.992875,45.19201250000006,1.4902999999999995,6.8125,1.6146500000000004,7.7326999999999995,-0.008159085388675564,-0.8751183382227424
120.95,23.1,247.647,SSP5-8.5,2021-2040,4.6022000000000105,29.0559,33.850799999999936,1.1392999999999986,5.0379000000000005,1.8466000000000005,8.0962,28.049837500000002,2.983875000000012,1.0151124999999999,6.039024999999997,1.5844750000000003,8.9935125,-0.008159085388675564,-0.811922557852951
120.95,23.15,269.5686,SSP5-8.5,2021-2040,0.4662000000000148,32.09259999999999,-5.081000000000131,0.7601000000000013,4.386199999999995,1.3138000000000005,11.3635,32.1902625,-36.75819999999996,0.7007249999999994,4.959699999999998,1.7713375000000002,10.82525,-0.008159085388675564,-0.748726777483164
120.95,23.2,300.2097,SSP5-8.5,2021-2040,-10.762999999999977,36.6923,-47.73540000000003,0.5412999999999997,4.698299999999996,2.187900000000001,12.332699999999999,34.4816,-85.53763750000005,0.4073249999999997,4.747187499999999,1.748275,13.0360625,-0.008159085388675564,-0.6855309971133726
120.95,23.25,344.9796,SSP5-8.5,2021-2040,-22.84609999999998,36.156600000000005,-90.10430000000042,0.3216000000000001,4.779299999999999,1.1828000000000003,14.769200000000001,35.785325,-112.40462500000001,0.23219999999999885,4.293737500000001,1.97175,13.93895,-0.008159085388675564,-0.6223352167435812
120.95,23.3,332.6699,SSP5-8.5,2021-2040,-20.6533,38.595499999999994,-83.00950000000012,0.2751999999999981,2.322400000000002,1.7861999999999991,14.655800000000001,34.835274999999996,-127.88402500000012,0.043499999999998984,4.7523625,1.7646499999999998,14.6685125,-0.008159085388675564,-0.5591394363737897
120.95,23.35,294.6614,SSP5-8.5,2021-2040,-20.90590000000003,34.894,-99.07720000000018,-0.03130000000000166,4.127599999999994,2.0862,15.1615,34.5443875,-112.1568500000001,0.03278749999999908,4.605175000000003,1.5937499999999998,14.840875,-0.008159085388675564,-0.4959436560039983
120.95,23.4,277.6213,SSP5-8.5,2021-2040,-16.60220000000004,34.79809999999999,-105.5278000000003,-0.2245000000000026,4.782800000000002,2.3499999999999996,15.9327,33.0133125,-102.21505000000005,0.04042499999999949,4.178662500000001,1.45625,14.8418125,-0.008159085388675564,-0.43274787563421135
120.95,23.45,284.7185,SSP5-8.5,2021-2040,-10.343999999999994,27.432600000000008,-89.85669999999982,-0.09210000000000207,1.7879000000000005,1.732800000000001,14.2692,34.474824999999996,-99.15275000000005,-0.0036249999999999893,3.4200500000000007,1.53555,15.539649999999998,-0.008159085388675564,-0.3695520952644199
120.95,23.5,293.0801,SSP5-8.5,2021-2040,-9.369400000000041,34.4891,-71.99170000000004,-0.13959999999999795,0.6602999999999994,1.7516999999999996,17.1596,36.045125,-103.11272499999995,-0.04532500000000006,3.253024999999999,1.7855625000000002,16.454324999999997,-0.008159085388675564,-0.3063563148946285
120.95,23.55,264.764,SSP5-8.5,2021-2040,-13.388800000000003,41.5378,-105.80569999999989,-0.14559999999999818,3.8414,2.5328,18.5885,38.073875,-107.26256249999994,-0.04256249999999984,3.7107874999999986,1.7540875,17.782225,-0.008159085388675564,-0.24316053452483705
120.95,23.6,284.1808,SSP5-8.5,2021-2040,-24.32239999999996,33.4077,-134.3507999999997,0.02880000000000038,4.7759,1.7172,15.6923,41.74115,-104.47428749999997,0.04622499999999974,4.221574999999998,2.0498000000000003,19.5896875,-0.008159085388675564,-0.17996475415504562
120.95,23.65,282.0884,SSP5-8.5,2021-2040,-29.262699999999967,38.0314,-113.06399999999985,0.2073999999999998,3.2620999999999967,1.681000000000001,17.442300000000003,41.437875,-100.22537499999996,0.20402500000000012,4.299374999999999,1.8327625,20.199537499999998,-0.008159085388675564,-0.11676897378525869
120.95,23.7,267.0414,SSP5-8.5,2021-2040,-28.70840000000001,35.9083,-87.28459999999973,0.517000000000003,2.9724000000000004,1.6172000000000004,17.584600000000002,43.08905,-105.0486,0.20786249999999962,4.395712499999999,1.751525,21.445675,-0.008159085388675564,-0.053573193415467256
120.95,23.75,234.9577,SSP5-8.5,2021-2040,-21.392200000000003,43.6699,-117.9384,0.23529999999999873,4.460299999999997,1.239700000000001,22.2846,42.59885,-117.76896249999996,0.1389875000000007,4.85325,1.6144375000000002,20.7875,-0.008159085388675564,0.009622586954324176
120.95,23.8,217.9916,SSP5-8.5,2021-2040,-7.8563000000000045,45.51200000000001,-150.7772,-0.13329999999999842,4.746600000000001,1.851700000000001,20.669199999999996,42.64331249999999,-159.39145000000002,-0.10294999999999987,4.9948250000000005,1.4178875,20.527387500000003,-0.008159085388675564,0.0728183673241156
120.95,23.85,229.2761,SSP5-8.5,2021-2040,2.31959999999998,45.399699999999996,-201.28930000000014,-0.32569999999999766,5.2241,0.5861999999999998,22.032700000000002,40.963274999999996,-162.20071249999998,-0.13870000000000005,4.485787500000001,1.3258500000000002,18.2850875,-0.008159085388675564,0.13601414769390704
120.95,23.9,196.9245,SSP5-8.5,2021-2040,9.348500000000001,38.934900000000006,-150.19529999999986,-0.10859999999999914,4.2276000000000025,1.0292999999999992,15.5827,40.721075,-153.21063750000005,-0.08181250000000029,3.9842625000000007,1.0209,18.3271625,-0.008159085388675564,0.19920992806369398
120.95,23.95,185.3342,SSP5-8.5,2021-2040,10.330699999999979,40.761799999999994,-94.75890000000004,0.17239999999999966,4.372400000000006,0.8240999999999996,17.7077,40.270787500000004,-108.02993750000002,0.08054999999999923,3.7560374999999997,0.9513000000000003,18.1418375,-0.008159085388675564,0.26240570843348543
120.95,24.0,189.1248,SSP5-8.5,2021-2040,5.822300000000013,40.8113,-55.030300000000125,0.010799999999999699,3.0069000000000017,1.3017000000000003,20.8077,41.2551,-88.06763749999999,0.11729999999999885,3.6208874999999994,0.8819000000000001,18.80505,-0.008159085388675564,0.32560148880327683
120.95,24.05,208.9561,SSP5-8.5,2021-2040,11.081400000000002,41.4203,-77.2376999999999,-0.022200000000001552,1.958599999999997,1.0241000000000007,18.803800000000003,41.471587500000005,-71.62882500000006,0.25297499999999973,3.6803749999999997,0.8961125000000001,19.7725875,-0.008159085388675564,0.3887972691730683
120.95,24.1,221.9666,SSP5-8.5,2021-2040,19.742999999999995,40.719100000000005,-80.45939999999996,0.4274000000000022,3.0275999999999996,0.45860000000000056,18.6923,40.450787500000004,-74.08820000000003,0.3386624999999994,3.607737499999999,1.0275750000000001,18.969225,-0.008159085388675564,0.4519930495428597
120.95,24.15,244.2324,SSP5-8.5,2021-2040,14.961199999999991,37.946600000000004,-83.83830000000034,0.42709999999999937,2.7241,1.4138000000000002,17.9385,39.5274125,-66.35896250000002,0.443550000000001,3.240949999999999,0.9941625000000001,18.077624999999998,-0.008159085388675564,0.5151888299126467
120.95,24.2,259.8112,SSP5-8.5,2021-2040,13.476200000000006,37.7049,-89.9034999999999,0.43100000000000094,1.3845000000000027,0.8810000000000002,16.0288,37.1099625,-75.5662874999999,0.40207499999999996,2.6769374999999984,1.1435250000000001,16.754325,-0.008159085388675564,0.578384610282438
120.95,24.25,269.7017,SSP5-8.5,2021-2040,9.52819999999997,33.97540000000001,-105.66529999999966,0.5594999999999999,0.7171999999999983,0.9741,13.951899999999998,36.974025,-91.8262499999999,0.3006000000000002,1.6424625000000006,0.9948250000000003,17.2254625,-0.008159085388675564,0.6415803906522295
120.95,24.3,302.1375,SSP5-8.5,2021-2040,-4.747099999999989,37.4585,-137.06989999999996,0.23669999999999902,0.1776000000000053,0.8310000000000013,18.8692,35.88365,-103.7254999999999,0.2747625,0.6726375000000004,0.8840500000000004,17.125,-0.008159085388675564,0.704776171022021
120.95,24.35,321.8954,SSP5-8.5,2021-2040,-20.153500000000008,36.657300000000006,-93.41040000000021,0.015900000000002024,-1.3447999999999993,0.8310000000000013,19.6712,36.332162499999995,-118.68113749999998,0.1413249999999997,1.371125000000002,0.8502125000000007,18.340625000000003,-0.008159085388675564,0.7679719513918124
120.95,24.4,287.059,SSP5-8.5,2021-2040,-9.415300000000002,35.287800000000004,-125.28780000000006,0.05559999999999832,3.75,0.8086000000000002,18.069200000000002,36.06015,-102.31733750000006,0.014137499999999914,1.4944124999999993,0.8633625000000003,18.747125,-0.008159085388675564,0.8311677317615993
120.95,24.45,301.5276,SSP5-8.5,2021-2040,-3.613900000000001,36.72820000000001,-107.66020000000026,0.017199999999998994,3.9413999999999945,0.8827999999999996,19.4538,35.232887500000004,-117.96424999999999,-0.02808750000000071,3.098699999999999,0.7422250000000004,18.892087500000002,-0.008159085388675564,0.8943635121313908
120.95,24.5,291.8077,SSP5-8.5,2021-2040,-5.929500000000019,35.267599999999995,-140.49929999999995,-0.051400000000001,2.1602999999999994,0.5948000000000011,20.3654,35.7826625,-128.08816250000007,-0.004100000000000215,3.4377249999999977,0.2806124999999997,19.7310125,-0.008159085388675564,0.9575592925011822
120.95,24.55,261.5396,SSP5-8.5,2021-2040,-28.984200000000016,37.883199999999995,-146.29250000000002,0.0879000000000012,0.5551999999999992,-0.503400000000001,22.1558,35.925087500000004,-139.44878749999998,-0.01703750000000026,3.6745624999999995,0.03921249999999987,20.833662500000003,-0.008159085388675564,1.0207550728709736
120.95,24.6,233.6375,SSP5-8.5,2021-2040,-25.937599999999975,36.221999999999994,-134.6909999999998,0.07349999999999923,1.994800000000005,0.0016999999999995907,22.4077,36.7832,-112.81018749999998,0.05055000000000032,3.171124999999999,-0.2851250000000004,21.781724999999998,-0.008159085388675564,1.0839508532407651
120.95,24.65,207.5133,SSP5-8.5,2021-2040,-21.535499999999985,35.96999999999999,-60.23579999999993,0.13619999999999877,3.1310000000000002,-0.5447999999999986,21.769199999999998,37.2063,-74.18607499999993,0.13157499999999978,2.846775,-0.4082125000000002,21.9663375,-0.008159085388675564,1.147146633610552
120.95,24.7,171.6327,SSP5-8.5,2021-2040,-9.849999999999994,38.5128,-12.94380000000001,0.1728999999999985,1.7207000000000008,-0.5758999999999999,22.4692,37.4795625,-44.416924999999964,0.18202500000000033,0.6263000000000005,-0.5310499999999999,22.109125,-0.008159085388675564,1.2103424139803434
120.95,24.75,131.9503,SSP5-8.5,2021-2040,1.8455999999999904,38.1263,-32.705799999999954,0.2021000000000015,-12.0259,-0.30520000000000014,22.680800000000005,38.09163749999999,-24.555349999999976,0.14128750000000023,2.481487500000001,-0.6569124999999999,22.1709,-0.008159085388675564,1.273538194350135
120.95,24.8,131.9864,SSP5-8.5,2021-2040,4.32050000000001,37.8897,-12.34439999999995,0.038400000000002876,3.4620999999999995,-0.37239999999999984,21.7404,37.6959125,-25.517824999999988,0.12858750000000008,0.6859875000000022,-0.5198375000000003,22.340875,-0.008159085388675564,1.3367339747199263
120.95,24.85,128.2105,SSP5-8.5,2021-2040,4.719500000000011,36.5239,-23.053699999999935,0.03629999999999711,3.9810000000000016,-0.38620000000000054,21.7135,36.9709375,-22.69074999999995,0.2030249999999998,2.943975000000001,-0.59655,21.7870125,-0.008159085388675564,1.3999297550897176
120.95,24.9,128.708,SSP5-8.5,2021-2040,3.2812999999999874,35.882400000000004,1.072800000000143,0.5346999999999973,0.22070000000000078,-0.5930999999999997,21.1423,36.24965,-25.78936249999998,0.24622499999999947,4.3916,-0.5267125000000001,21.415374999999997,-0.008159085388675564,1.4631255354595045
121.0,22.55,233.2394,SSP5-8.5,2021-2040,-24.89269999999999,39.4295,-78.56829999999991,0.28219999999999956,12.406900000000004,1.8568999999999996,16.776899999999998,36.79405,-101.521375,0.2701874999999996,11.23815,2.4090374999999997,16.6413625,0.09753475469254576,-1.5070761419206478
121.0,22.6,228.2414,SSP5-8.5,2021-2040,-24.949399999999997,39.7357,-74.65750000000003,0.37760000000000105,10.9862,1.7740999999999998,17.309599999999996,37.505975,-122.1126249999999,0.12702499999999972,10.0957,2.3448124999999997,16.9641875,0.09753475469254576,-1.4438803615508562
121.0,22.65,255.3947,SSP5-8.5,2021-2040,-27.522999999999996,37.4859,-75.49250000000006,0.23740000000000094,9.786199999999997,2.3621,17.4327,37.353825,-148.40019999999993,0.07721249999999946,9.072849999999999,2.2980374999999995,16.3377375,0.09753475469254576,-1.3806845811810693
121.0,22.7,283.8308,SSP5-8.5,2021-2040,-33.6636,37.280100000000004,-63.52449999999999,0.35139999999999816,10.4897,2.7516999999999996,18.0077,37.338175,-130.22009999999995,0.1438250000000001,8.68835,2.2370624999999995,16.251675,0.09753475469254576,-1.317488800811278
121.0,22.75,295.801,SSP5-8.5,2021-2040,-36.81469999999996,39.08160000000001,-62.50429999999983,0.5071000000000012,9.8034,2.6948,17.6192,36.301,-111.14099999999999,0.44558749999999936,8.4987125,2.2329749999999997,15.681725,0.09753475469254576,-1.2542930204414864
121.0,22.8,290.8779,SSP5-8.5,2021-2040,-36.437400000000025,37.8504,-99.67010000000005,1.066399999999998,8.0638,2.3086,16.4692,36.757450000000006,-90.18706249999997,0.8935,8.917874999999999,2.0737125,15.694700000000001,0.09753475469254576,-1.191097240071695
121.0,22.85,280.0154,SSP5-8.5,2021-2040,-26.99969999999999,37.7855,-94.5766000000001,1.8064,8.5672,1.6327999999999996,15.588499999999998,36.3737,-52.45033749999999,1.4382249999999992,8.6442,2.047625,15.3173,0.09753475469254576,-1.1279014597019037
121.0,22.9,269.019,SSP5-8.5,2021-2040,0.4913999999999987,36.02909999999999,5.90059999999994,2.4421999999999997,7.2759,1.9913999999999987,15.257699999999998,33.771175,9.252787499999982,1.9142749999999995,7.878237500000001,1.9187375000000002,12.717775,0.09753475469254576,-1.0647056793321166
121.0,22.95,260.8454,SSP5-8.5,2021-2040,33.18180000000001,26.238000000000007,144.05060000000003,3.0520999999999994,4.7276000000000025,2.358600000000001,6.844200000000001,31.6514625,68.08120000000002,2.2063249999999996,7.4607875,1.8400749999999997,11.4353375,0.09753475469254576,-1.0015098989623252
121.0,23.0,243.1891,SSP5-8.5,2021-2040,27.042700000000025,25.916399999999996,151.07150000000001,2.815899999999999,4.7707000000000015,1.7447999999999997,7.671200000000001,27.554325,98.9617375,2.1571,7.0081875,1.7607625000000002,8.461525,0.09753475469254576,-0.9383141185925338
121.0,23.05,229.3887,SSP5-8.5,2021-2040,17.179900000000004,25.563900000000004,107.44849999999997,2.029299999999999,7.349999999999998,1.424100000000001,8.134599999999999,28.819449999999996,83.41803750000003,1.8365374999999995,6.252800000000001,1.7836125000000003,8.931025,0.09753475469254576,-0.8751183382227424
121.0,23.1,224.4784,SSP5-8.5,2021-2040,10.616399999999999,29.7333,63.37630000000013,1.4060999999999986,4.146599999999999,2.0172000000000008,8.621199999999998,30.1601,47.36511249999995,1.3520625000000002,6.103012499999998,1.8377125000000003,9.6271625,0.09753475469254576,-0.811922557852951
121.0,23.15,227.905,SSP5-8.5,2021-2040,5.370699999999999,32.4143,35.82149999999979,1.0564,4.918999999999997,2.4466,10.3769,33.6217125,18.083750000000038,1.092975,5.515299999999999,2.027575,11.2879875,0.09753475469254576,-0.748726777483164
121.0,23.2,240.4428,SSP5-8.5,2021-2040,3.0870999999999924,34.7534,35.13590000000022,1.379999999999999,5.456900000000001,2.2585999999999995,12.8154,35.081050000000005,-20.870700000000085,0.8989500000000001,5.915512499999998,2.052375,12.9569625,0.09753475469254576,-0.6855309971133726
121.0,23.25,273.4078,SSP5-8.5,2021-2040,-10.956600000000037,35.892300000000006,-46.915700000000015,1.1900999999999975,4.3138000000000005,2.279299999999999,14.4327,34.4959375,-40.51266250000009,0.8082874999999996,6.0103375,2.0489249999999997,13.6478375,0.09753475469254576,-0.6223352167435812
121.0,23.3,255.5978,SSP5-8.5,2021-2040,-26.491299999999995,30.351999999999997,-70.84820000000036,0.5675999999999988,5.048300000000005,1.8758999999999997,13.6481,33.8527875,-63.818087500000104,0.6137624999999995,5.829525,1.8726249999999995,14.479325,0.09753475469254576,-0.5591394363737897
121.0,23.35,232.374,SSP5-8.5,2021-2040,-26.93690000000001,27.584599999999995,-79.22980000000007,0.20220000000000127,6.389700000000005,1.1517,13.9058,33.53665,-66.16761250000013,0.353512499999999,5.4026000000000005,1.8234875,14.561775,0.09753475469254576,-0.4959436560039983
121.0,23.4,219.7043,SSP5-8.5,2021-2040,-21.81959999999998,31.421999999999997,-69.33259999999996,0.057500000000000995,5.282800000000002,0.9638000000000009,14.2423,31.643775,-60.87280000000007,0.16389999999999905,4.350012499999999,1.6588250000000002,14.51465,0.09753475469254576,-0.43274787563421135
121.0,23.45,223.7154,SSP5-8.5,2021-2040,-12.928199999999975,30.10130000000001,-41.345900000000256,0.06559999999999988,2.0585999999999984,1.5517000000000003,13.628799999999998,31.8217375,-54.6739,0.0423249999999995,3.064874999999999,1.6545250000000002,14.8658625,0.09753475469254576,-0.3695520952644199
121.0,23.5,235.9735,SSP5-8.5,2021-2040,-8.80510000000001,32.88999999999999,-41.96849999999995,-0.02909999999999968,0.9551999999999978,1.7637999999999998,14.4654,32.665175000000005,-57.74536249999997,0.009250000000000203,2.308399999999999,1.919825,15.3622625,0.09753475469254576,-0.3063563148946285
121.0,23.55,239.3606,SSP5-8.5,2021-2040,-10.963600000000014,37.394800000000004,-74.66210000000001,-0.07929999999999993,3.218999999999994,2.365499999999999,16.1308,34.7036625,-72.16529999999995,0.022237500000000576,3.0629375000000003,1.8469875,16.321649999999998,0.09753475469254576,-0.24316053452483705
121.0,23.6,244.608,SSP5-8.5,2021-2040,-16.166600000000017,40.51069999999999,-100.99060000000009,0.11299999999999955,5.2776,1.5914000000000001,20.080799999999996,37.1042875,-87.59623749999992,0.07882500000000059,3.581062499999999,1.8597,17.1598625,0.09753475469254576,-0.17996475415504562
121.0,23.65,252.8218,SSP5-8.5,2021-2040,-25.662299999999988,42.74419999999999,-104.31439999999998,0.1822000000000017,2.7258999999999958,1.4896999999999991,21.026899999999998,38.227475,-91.82972499999994,0.20347500000000007,4.127174999999999,1.4545250000000003,18.5911125,0.09753475469254576,-0.11676897378525869
121.0,23.7,255.6359,SSP5-8.5,2021-2040,-29.17579999999998,44.99550000000001,-100.47520000000009,0.24879999999999924,4.456899999999997,0.9154999999999998,22.1308,40.387362499999995,-94.20278749999994,0.2025750000000004,3.9560499999999985,1.4032375,20.251424999999998,0.09753475469254576,-0.053573193415467256
121.0,23.75,236.0405,SSP5-8.5,2021-2040,-21.930300000000017,41.2491,-109.43460000000005,0.12359999999999971,6.455200000000005,1.2085999999999988,22.5269,42.259049999999995,-116.02459999999996,0.10053750000000061,4.907974999999998,1.2681000000000004,20.9014375,0.09753475469254576,0.009622586954324176
121.0,23.8,228.8837,SSP5-8.5,2021-2040,-14.601100000000002,43.43659999999999,-187.8699999999999,-0.23199999999999932,7.672399999999996,1.5483000000000011,21.0481,42.3193875,-158.20100000000002,-0.11727499999999891,5.0605625,1.1642125,21.0584,0.09753475469254576,0.0728183673241156
121.0,23.85,254.3969,SSP5-8.5,2021-2040,-5.602499999999992,40.68299999999999,-295.03200000000015,-0.6181999999999981,4.069000000000003,1.5534,19.9038,40.900175000000004,-172.150075,-0.15078749999999896,5.906899999999999,1.0704750000000003,19.3603375,0.09753475469254576,0.13601414769390704
121.0,23.9,211.885,SSP5-8.5,2021-2040,2.6177000000000135,38.4688,-239.54780000000005,-0.27890000000000015,7.3414,0.5897000000000006,18.55,39.6390125,-163.92708749999994,-0.06922499999999943,5.319612500000002,1.0997749999999997,18.443025,0.09753475469254576,0.19920992806369398
121.0,23.95,184.7052,SSP5-8.5,2021-2040,12.943300000000022,41.859100000000005,-146.1271999999999,0.10079999999999956,6.8740999999999985,1.155199999999999,18.5404,38.494087500000006,-117.99779999999996,0.1421749999999995,5.355187500000001,1.16185,17.944225000000003,0.09753475469254576,0.26240570843348543
121.0,24.0,216.031,SSP5-8.5,2021-2040,21.27969999999999,41.9773,-63.06950000000006,0.4355999999999973,4.646599999999999,1.634500000000001,19.6692,38.9234375,-83.09587499999995,0.2604499999999992,4.9372750000000005,1.1827499999999997,17.91395,0.09753475469254576,0.32560148880327683
121.0,24.05,236.8337,SSP5-8.5,2021-2040,27.406300000000016,40.1238,-41.86149999999998,0.47499999999999787,3.7310000000000016,1.3447999999999993,19.2231,39.391650000000006,-54.92380000000006,0.41706249999999967,4.394187499999998,1.1711125,18.099275,0.09753475469254576,0.3887972691730683
121.0,24.1,256.4605,SSP5-8.5,2021-2040,25.56039999999996,41.171200000000006,-1.3428000000003522,0.783100000000001,2.830999999999996,1.1033999999999988,19.5788,37.1715,-50.26903749999997,0.5161249999999993,4.770249999999999,1.0088375,16.209875,0.09753475469254576,0.4519930495428597
121.0,24.15,278.4557,SSP5-8.5,2021-2040,12.990200000000016,35.1445,-29.103299999999763,0.7867999999999995,5.763799999999996,0.8638000000000012,14.346200000000001,36.80137500000001,-45.42106250000003,0.5788250000000001,4.170249999999999,1.0790874999999998,15.943750000000001,0.09753475469254576,0.5151888299126467
121.0,24.2,281.4165,SSP5-8.5,2021-2040,9.288499999999999,36.68099999999999,-52.86720000000014,0.2430000000000021,4.0223999999999975,1.5878999999999994,15.017300000000002,33.95935,-54.97467499999982,0.6125374999999993,4.1573125,0.9202625000000002,13.83775,0.09753475469254576,0.578384610282438
121.0,24.25,322.664,SSP5-8.5,2021-2040,9.197600000000023,30.8515,-91.00189999999975,0.3721999999999994,5.2483,0.33450000000000024,11.813500000000001,34.0684875,-85.9656374999999,0.42090000000000005,3.0579625000000004,1.0674500000000005,14.240375,0.09753475469254576,0.6415803906522295
121.0,24.3,337.0487,SSP5-8.5,2021-2040,2.8783000000000243,31.8611,-143.51899999999978,0.08810000000000073,4.3034000000000034,0.9414000000000016,13.375,33.069100000000006,-107.98733749999997,0.31731250000000033,1.8909500000000001,0.6874875000000005,13.909625,0.09753475469254576,0.704776171022021
121.0,24.35,312.3891,SSP5-8.5,2021-2040,-13.057299999999998,33.00529999999999,-123.50120000000015,-0.05579999999999785,0.1758999999999986,0.40859999999999985,13.424999999999999,33.42850000000001,-125.83438750000005,0.11140000000000017,1.9588250000000018,0.7655125000000007,15.3019375,0.09753475469254576,0.7679719513918124
121.0,24.4,298.9119,SSP5-8.5,2021-2040,-13.974899999999991,33.384800000000006,-108.8777,-0.45039999999999836,2.2672000000000025,0.779300000000001,16.730800000000002,33.4563,-110.60378750000012,-0.005662500000000126,1.666599999999999,0.8262875000000001,15.35265,0.09753475469254576,0.8311677317615993
121.0,24.45,317.0633,SSP5-8.5,2021-2040,-14.481900000000053,31.323300000000003,-117.04250000000002,-0.5533999999999999,0.8758999999999943,1.1844999999999999,14.230800000000002,32.9965,-121.30005000000006,-0.07828750000000051,3.0614124999999985,0.7260750000000002,15.8790875,0.09753475469254576,0.8943635121313908
121.0,24.5,319.3667,SSP5-8.5,2021-2040,-19.297499999999957,30.5974,-178.6334999999999,-0.17950000000000088,5.199999999999996,0.22409999999999997,13.546200000000002,33.5941,-143.5712000000001,-0.10546249999999979,3.271774999999998,0.5860000000000001,17.0524,0.09753475469254576,0.9575592925011822
121.0,24.55,305.1535,SSP5-8.5,2021-2040,-21.82499999999999,34.81159999999999,-204.9429,-0.08009999999999806,5.732800000000005,-0.0016999999999995907,19.3538,34.3305125,-156.30237499999998,-0.07521249999999968,3.523699999999999,0.31227499999999986,18.6077,0.09753475469254576,1.0207550728709736
121.0,24.6,252.4526,SSP5-8.5,2021-2040,-14.958799999999997,37.340500000000006,-136.81989999999996,-0.2787000000000006,4.948299999999996,0.029299999999999216,22.3673,35.783137499999995,-128.47488749999997,0.011075000000000834,3.324350000000001,0.16033750000000002,20.832925000000003,0.09753475469254576,1.0839508532407651
121.0,24.65,214.3513,SSP5-8.5,2021-2040,-17.15470000000002,36.806200000000004,-55.210199999999986,0.18870000000000076,2.9086,-0.1759000000000004,21.9596,36.6818375,-79.59468749999996,0.020887499999999726,2.8980625,-0.08601250000000005,22.03965,0.09753475469254576,1.147146633610552
121.0,24.7,179.7886,SSP5-8.5,2021-2040,-10.51769999999999,37.96759999999999,-35.97649999999999,0.2397999999999989,2.6828000000000003,-0.9396999999999993,22.451900000000002,37.1588875,-46.4132625,0.15556249999999983,0.21012499999999967,-0.3248,22.3620125,0.09753475469254576,1.2103424139803434
121.0,24.75,146.3956,SSP5-8.5,2021-2040,-0.4327000000000112,38.25789999999999,-38.140300000000025,0.34880000000000067,0.5690000000000026,-0.40520000000000067,22.9058,37.689125000000004,-34.56655000000001,0.16659999999999986,0.3939750000000002,-0.5586375,22.4307625,0.09753475469254576,1.273538194350135
121.0,24.8,140.3764,SSP5-8.5,2021-2040,5.500400000000013,37.8799,-23.592300000000023,0.16280000000000072,2.4259000000000057,-0.5776000000000003,22.128800000000002,37.3285125,-38.02977499999997,0.18683749999999977,0.5620750000000001,-0.5097000000000002,22.2331875,0.09753475469254576,1.3367339747199263
121.0,24.85,133.1036,SSP5-8.5,2021-2040,9.870000000000005,36.6635,-36.73760000000016,0.1899000000000015,4.050000000000004,-0.3362000000000007,21.4462,36.542312499999994,-27.930549999999926,0.2621999999999991,3.3345000000000002,-0.47607500000000014,21.641575,0.09753475469254576,1.3999297550897176
121.0,24.9,136.3656,SSP5-8.5,2021-2040,3.4302000000000135,35.628,-39.75440000000003,0.12040000000000006,5.470700000000001,-0.43789999999999996,20.9115,35.197525,-16.817462499999948,0.45506249999999904,4.406899999999999,-0.34848750000000017,20.987499999999997,0.09753475469254576,1.4631255354595045
121.0,24.95,138.7093,SSP5-8.5,2021-2040,-3.369700000000023,34.924499999999995,-18.194300000000112,0.3506,7.013799999999996,-0.7447999999999997,20.4615,34.375,-18.465074999999985,0.5266874999999995,4.944175,-0.28490000000000004,20.61515,0.09753475469254576,1.526321315829296
121.0,25.0,142.3879,SSP5-8.5,2021-2040,-6.658299999999997,33.158300000000004,-40.5,0.40630000000000166,7.986200000000004,-0.8172000000000006,19.9981,33.6676375,-1.8658624999999915,0.7590625000000002,5.437062499999999,-0.4383499999999997,20.567075000000003,0.09753475469254576,1.5895170961990874
121.05,22.65,227.0661,SSP5-8.5,2021-2040,-26.56020000000001,39.36879999999999,-88.8635999999999,0.4936000000000007,11.2879,1.5309999999999997,17.4346,37.9346625,-102.77969999999993,0.22826250000000003,9.6401,2.1986999999999997,16.827412499999998,0.2032285947737671,-1.3806845811810693
121.05,22.7,229.6971,SSP5-8.5,2021-2040,-27.188999999999993,38.4622,-68.548,0.2638999999999996,9.177599999999998,1.6379000000000001,16.3385,38.1518875,-84.29699999999997,0.3731374999999999,9.5318875,2.1407375,16.961537500000002,0.2032285947737671,-1.317488800811278
121.05,22.75,241.0917,SSP5-8.5,2021-2040,-28.99600000000001,38.547200000000004,-60.46529999999984,0.363900000000001,9.808599999999998,1.8620999999999999,16.8673,38.548024999999996,-54.90051249999996,0.6734999999999998,9.106475,2.1165875000000005,17.351212500000003,0.2032285947737671,-1.2542930204414864
121.05,22.8,266.0909,SSP5-8.5,2021-2040,-30.04989999999998,38.978899999999996,-50.968599999999924,0.9951000000000008,9.4345,2.2845000000000004,18.0212,38.0524625,-55.04271249999999,0.9534874999999996,8.7545125,2.0411625,17.001912500000003,0.2032285947737671,-1.191097240071695
121.05,22.85,291.6802,SSP5-8.5,2021-2040,-31.86009999999999,39.17739999999999,-38.60060000000021,1.4534999999999982,8.820699999999999,2.0517000000000003,17.569200000000002,37.2214,-38.27418750000001,1.4214124999999997,8.879537500000001,2.0338374999999997,16.5516875,0.2032285947737671,-1.1279014597019037
121.05,22.9,281.962,SSP5-8.5,2021-2040,-16.222199999999987,39.295300000000005,38.84400000000005,2.0066999999999986,8.6828,2.2516999999999996,16.955799999999996,34.952799999999996,2.2849499999999523,1.7655249999999998,8.362937500000001,2.0049624999999995,14.3225875,0.2032285947737671,-1.0647056793321166
121.05,22.95,248.7601,SSP5-8.5,2021-2040,2.6432000000000073,31.407599999999995,90.41869999999994,2.0456000000000003,6.4569000000000045,2.1499999999999995,10.553799999999999,34.71651249999999,54.849312500000025,2.0067625,7.9103625000000015,2.0219875,13.553137499999998,0.2032285947737671,-1.0015098989623252
121.05,23.0,231.4066,SSP5-8.5,2021-2040,6.6536000000000115,37.947599999999994,93.6427000000001,2.1999999999999993,7.265500000000003,1.575899999999999,14.5212,30.7040875,80.77681249999998,1.8960374999999998,6.8381500000000015,1.9497875000000002,10.518275,0.2032285947737671,-0.9383141185925338
121.05,23.05,226.0089,SSP5-8.5,2021-2040,4.521599999999978,28.223699999999994,76.24529999999982,1.7713999999999999,6.6172,1.6621000000000006,8.596200000000001,32.6795125,66.55538750000005,1.6274374999999996,6.321562500000001,1.8687375000000002,11.3791,0.2032285947737671,-0.8751183382227424
121.05,23.1,222.386,SSP5-8.5,2021-2040,3.110800000000012,34.11169999999999,46.74610000000007,1.383700000000001,5.600000000000001,1.9603000000000002,11.026900000000001,32.9666875,38.10325,1.2744749999999998,6.252587499999999,2.0150875000000004,11.45265,0.2032285947737671,-0.811922557852951
121.05,23.15,228.6602,SSP5-8.5,2021-2040,-5.2450000000000045,37.0099,8.3900000000001,1.0177000000000014,7.3740999999999985,2.4241,13.269200000000001,35.142912499999994,23.153800000000047,1.1457875,5.860787499999999,2.1450375,12.3019125,0.2032285947737671,-0.748726777483164
121.05,23.2,215.6993,SSP5-8.5,2021-2040,-7.760099999999994,35.5246,9.987300000000005,1.1156000000000006,7.4224,2.2120999999999995,12.778799999999999,35.691987499999996,-1.9363374999999792,1.1499499999999996,6.9984874999999995,2.2594749999999992,13.227387499999999,0.2032285947737671,-0.6855309971133726
121.05,23.25,211.5235,SSP5-8.5,2021-2040,-12.086900000000014,34.86579999999999,-31.327999999999975,1.1888000000000005,9.430999999999997,2.372399999999999,14.3327,33.616975,-14.720162500000043,1.1445624999999995,7.2327625000000015,2.2344749999999998,13.203837499999999,0.2032285947737671,-0.6223352167435812
121.05,23.3,207.615,SSP5-8.5,2021-2040,-13.732200000000006,29.027300000000004,-46.199100000000044,1.0762,8.924100000000003,2.5154999999999994,13.850000000000001,33.56445,-27.999962500000066,0.979125,6.906262500000002,2.0344749999999996,14.322599999999998,0.2032285947737671,-0.5591394363737897
121.05,23.35,199.6455,SSP5-8.5,2021-2040,-17.178499999999985,33.806200000000004,-34.681100000000015,0.6873000000000005,6.348300000000002,1.6068999999999996,14.726899999999999,32.956525,-26.532725000000084,0.7366250000000003,6.518550000000003,1.8903,14.6824625,0.2032285947737671,-0.4959436560039983
121.05,23.4,191.6569,SSP5-8.5,2021-2040,-16.643200000000007,35.39810000000001,-20.66540000000009,0.4200999999999979,6.384499999999996,1.4034000000000013,14.276900000000001,33.0677,-19.761150000000015,0.4825750000000002,4.783412500000001,1.6084,14.891825,0.2032285947737671,-0.43274787563421135
121.05,23.45,190.2957,SSP5-8.5,2021-2040,-12.830000000000013,29.135299999999994,-16.59849999999983,0.28389999999999915,2.9206999999999965,1.3879000000000001,14.2154,32.950575,-16.688062500000058,0.28641249999999996,3.6997874999999993,1.6297375000000003,14.635087500000001,0.2032285947737671,-0.3695520952644199
121.05,23.5,195.1576,SSP5-8.5,2021-2040,-10.417100000000005,29.008699999999997,-21.450000000000045,0.06240000000000023,1.744799999999998,1.8827999999999996,14.365400000000001,32.2507125,-22.730924999999985,0.17472500000000002,2.6346999999999987,1.748475,14.380287500000001,0.2032285947737671,-0.3063563148946285
121.05,23.55,201.5322,SSP5-8.5,2021-2040,-9.588699999999989,32.2218,-40.25229999999988,0.11870000000000047,2.234500000000004,2.1533999999999995,14.540400000000002,32.766575,-37.69094999999999,0.14052500000000023,3.2271624999999995,1.70195,15.300250000000002,0.2032285947737671,-0.24316053452483705
121.05,23.6,207.0804,SSP5-8.5,2021-2040,-10.949999999999989,33.5635,-60.51279999999997,0.16929999999999978,5.013800000000003,1.3828000000000014,15.680800000000001,34.9377875,-53.38153749999995,0.17810000000000015,3.6323374999999993,1.7155249999999995,16.5423125,0.2032285947737671,-0.17996475415504562
121.05,23.65,216.5508,SSP5-8.5,2021-2040,-18.042100000000005,37.9331,-67.80780000000004,0.14910000000000068,3.575899999999997,1.5551999999999992,18.176899999999996,37.07673749999999,-61.8999,0.24214999999999964,4.1931125,1.38105,18.387275,0.2032285947737671,-0.11676897378525869
121.05,23.7,233.9575,SSP5-8.5,2021-2040,-25.80880000000002,41.4696,-70.15200000000004,0.19439999999999813,3.6828000000000003,1.1759000000000004,21.9404,38.9624375,-65.98293749999999,0.21026250000000024,4.2454874999999985,1.2995749999999997,19.560812499999997,0.2032285947737671,-0.053573193415467256
121.05,23.75,243.289,SSP5-8.5,2021-2040,-26.156299999999987,42.0933,-83.62649999999985,0.011600000000001387,4.513799999999996,1.2585999999999995,21.028799999999997,40.242549999999994,-85.76683750000001,0.12827499999999992,5.234699999999999,1.1269375000000004,20.4829375,0.2032285947737671,0.009622586954324176
121.05,23.8,226.6518,SSP5-8.5,2021-2040,-20.794200000000018,40.9872,-130.07290000000012,-0.03749999999999787,6.758599999999994,0.5379000000000005,20.525,38.8490125,-123.54499999999996,-0.024862499999999343,5.212500000000001,1.1301625000000002,19.57595,0.2032285947737671,0.0728183673241156
121.05,23.85,227.46,SSP5-8.5,2021-2040,-15.064000000000021,38.960899999999995,-177.43709999999987,-0.19399999999999906,4.256900000000002,1.0776000000000003,19.4962,37.8647,-146.1691875,-0.017812499999999343,6.3107625,0.9096875000000004,18.3593625,0.2032285947737671,0.13601414769390704
121.05,23.9,222.2441,SSP5-8.5,2021-2040,-6.57820000000001,35.50130000000001,-140.01099999999997,0.1036999999999999,7.0276,1.3430999999999997,16.9788,36.99105,-143.22638749999993,0.08680000000000021,5.9221875000000015,0.8058125,17.64855,0.2032285947737671,0.19920992806369398
121.05,23.95,236.7169,SSP5-8.5,2021-2040,11.200999999999993,35.0114,-106.5658999999996,0.3157999999999994,6.505200000000002,1.2293000000000003,17.3019,37.346050000000005,-106.25657499999994,0.31948749999999926,6.2452499999999995,0.9816875,17.4858,0.2032285947737671,0.26240570843348543
121.05,24.0,249.6501,SSP5-8.5,2021-2040,16.544100000000014,36.485899999999994,-94.80369999999994,0.48659999999999926,5.713799999999999,1.3430999999999997,16.9558,36.9411625,-67.43876249999994,0.49286249999999887,5.9915875,1.0558249999999998,16.8920625,0.2032285947737671,0.32560148880327683
121.05,24.05,247.8418,SSP5-8.5,2021-2040,23.625899999999973,34.9139,-48.38180000000011,0.5443999999999996,7.336199999999998,1.2396999999999991,13.9712,37.341162499999996,-41.443325000000016,0.6475124999999995,5.403662499999998,1.075425,16.9488,0.2032285947737671,0.3887972691730683
121.05,24.1,264.8585,SSP5-8.5,2021-2040,23.912000000000035,37.6342,-19.065200000000004,0.6707999999999998,6.632799999999996,1.2637999999999998,16.3154,34.7257375,-27.93448749999999,0.7482124999999997,5.858174999999998,0.7504249999999999,14.589200000000002,0.2032285947737671,0.4519930495428597
121.05,24.15,276.5115,SSP5-8.5,2021-2040,15.33850000000001,29.4696,-22.205099999999675,0.8196999999999974,6.987900000000003,0.4620999999999995,10.3885,34.3820625,-17.450637500000028,0.7498750000000003,5.463999999999998,0.9976125,14.335825,0.2032285947737671,0.5151888299126467
121.05,24.2,296.6736,SSP5-8.5,2021-2040,16.865599999999972,33.084399999999995,-13.686999999999898,0.8284999999999982,5.7517,1.4620999999999995,13.5904,31.8403625,-17.467087499999877,0.7075749999999994,5.522625,0.8530125000000002,12.257700000000002,0.2032285947737671,0.578384610282438
121.05,24.25,308.0691,SSP5-8.5,2021-2040,14.161100000000033,33.49790000000001,-4.392999999999574,0.6754999999999995,4.680999999999997,0.9707000000000008,12.644200000000001,31.151287500000002,-53.719787499999995,0.5526374999999994,4.5969875,0.9547375000000002,12.233425,0.2032285947737671,0.6415803906522295
121.05,24.3,333.5907,SSP5-8.5,2021-2040,17.795199999999966,28.2847,-140.6202000000003,0.30489999999999995,3.4258999999999986,0.8914000000000009,10.446200000000001,30.76705,-83.71734999999995,0.4664999999999999,3.23965,0.5484875000000002,11.822600000000001,0.2032285947737671,0.704776171022021
121.05,24.35,308.0292,SSP5-8.5,2021-2040,11.923699999999997,30.822200000000002,-168.23680000000013,0.42960000000000065,2.0465000000000018,0.2585999999999995,10.4558,30.6,-111.92127500000004,0.22397500000000026,2.200637500000001,0.6545250000000005,12.511075,0.2032285947737671,0.7679719513918124
121.05,24.4,289.6841,SSP5-8.5,2021-2040,-0.9900000000000091,33.671600000000005,-89.65329999999994,0.210799999999999,1.0448000000000022,0.7827999999999999,14.798100000000002,30.587062500000002,-111.19891250000006,0.061012499999999914,1.49395,0.7870625,12.489925,0.2032285947737671,0.8311677317615993
121.05,24.45,294.0646,SSP5-8.5,2021-2040,-5.1813999999999965,30.1547,-60.03810000000021,-0.16520000000000223,2.8430999999999997,1.4534000000000002,12.717300000000002,30.704324999999997,-121.48888749999998,0.019562499999999705,2.7762874999999996,0.7939750000000003,13.036075,0.2032285947737671,0.8943635121313908
121.05,24.5,317.0719,SSP5-8.5,2021-2040,-13.806200000000047,28.879899999999992,-159.7505000000001,-0.0633999999999979,3.284499999999994,0.28279999999999994,11.351899999999999,31.442275,-140.48608750000005,-0.02771250000000025,4.3907375,0.8504250000000002,14.50625,0.2032285947737671,0.9575592925011822
121.05,24.55,334.6958,SSP5-8.5,2021-2040,-7.678100000000029,33.7043,-212.34360000000015,-0.03529999999999944,6.780999999999999,0.7948000000000004,16.7904,32.6002625,-146.154175,-0.045774999999999455,5.13945,0.6993499999999999,16.6081625,0.2032285947737671,1.0207550728709736
121.05,24.6,295.7651,SSP5-8.5,2021-2040,-15.877400000000023,34.7492,-141.38869999999997,-0.15479999999999805,3.265500000000003,1.0740999999999996,19.8769,35.001374999999996,-119.12573750000001,-0.05257499999999915,4.7631499999999996,0.703225,19.952399999999997,0.2032285947737671,1.0839508532407651
121.05,24.65,221.7964,SSP5-8.5,2021-2040,-11.974999999999994,36.1186,-72.69439999999986,-0.12749999999999773,2.2258999999999958,0.6379000000000001,22.35,35.84505,-74.23047500000001,0.03356249999999994,3.4224125,0.3364124999999999,21.6122625,0.2032285947737671,1.147146633610552
121.05,24.7,182.9404,SSP5-8.5,2021-2040,-12.260500000000008,36.574000000000005,-42.00740000000019,0.1056999999999988,3.2154999999999987,-0.37070000000000114,22.625000000000004,36.4216625,-52.163787499999984,0.16138750000000002,2.1739375,-0.12996249999999965,22.3235625,0.2032285947737671,1.2103424139803434
121.05,24.75,161.2503,SSP5-8.5,2021-2040,-4.94980000000001,36.905300000000004,-57.368400000000065,0.21759999999999735,-0.06380000000000052,-0.8585999999999991,22.1365,36.68455,-48.858187499999985,0.20233750000000006,2.593987500000001,-0.5166000000000002,22.5480875,0.2032285947737671,1.273538194350135
121.05,24.8,152.8326,SSP5-8.5,2021-2040,4.937899999999985,37.657399999999996,-59.593799999999874,0.19350000000000023,1.734499999999997,-0.4690000000000003,23.2135,36.348325,-51.09404999999998,0.24412499999999948,2.7879500000000004,-0.5840375000000001,21.9790875,0.2032285947737671,1.3367339747199263
121.05,24.85,141.2455,SSP5-8.5,2021-2040,3.5027000000000044,36.604099999999995,-44.29419999999982,0.2680999999999969,2.7896999999999963,-0.9447999999999999,22.028799999999997,35.622074999999995,-40.315124999999966,0.37047500000000033,4.2659625000000005,-0.3394375000000003,21.4216375,0.2032285947737671,1.3999297550897176
121.05,24.9,136.1488,SSP5-8.5,2021-2040,3.471100000000007,34.27309999999999,-21.884399999999914,0.7433999999999976,6.5914,-0.027600000000000513,20.2538,34.801649999999995,-26.12176249999999,0.4674499999999995,4.858187499999999,-0.29007499999999997,20.958174999999997,0.2032285947737671,1.4631255354595045
121.05,24.95,139.4281,SSP5-8.5,2021-2040,3.535500000000013,32.8329,4.94640000000004,0.5689999999999991,5.610299999999995,0.20000000000000018,20.290399999999998,33.945375,-14.634774999999962,0.6379875000000004,5.5972,-0.40364999999999995,20.466825,0.2032285947737671,1.526321315829296
121.05,25.0,144.7718,SSP5-8.5,2021-2040,-2.528800000000018,33.1306,3.3115000000000236,0.8257000000000012,4.75,-0.37409999999999943,19.973100000000002,33.50173749999999,-5.10854999999998,0.7845125,5.981674999999999,-0.4424499999999999,20.4879875,0.2032285947737671,1.5895170961990874
121.05,25.05,148.9552,SSP5-8.5,2021-2040,12.534800000000018,33.061499999999995,11.25909999999999,1.2163000000000004,7.6052000000000035,-0.6982999999999997,19.963500000000003,33.3601,3.161625000000015,0.7985375000000006,5.305587499999999,-0.4251999999999999,20.501450000000002,0.2032285947737671,1.652712876568879
121.1,22.7,209.7102,SSP5-8.5,2021-2040,-25.034099999999995,39.03869999999999,-53.7826,0.8272000000000013,9.939700000000002,1.3845,16.5558,38.768100000000004,-50.46361249999998,0.49873749999999983,9.443962499999998,2.017675,17.591837500000004,0.30892243485498844,-1.317488800811278
121.1,22.75,218.2794,SSP5-8.5,2021-2040,-22.191600000000022,39.204499999999996,-34.19879999999989,0.5754999999999981,9.451700000000002,1.848300000000001,17.448100000000004,39.117975,-39.839887499999975,0.6967750000000006,8.7342625,1.9504375,17.59905,0.30892243485498844,-1.2542930204414864
121.1,22.8,239.6302,SSP5-8.5,2021-2040,-26.851100000000002,38.4878,-6.007200000000012,0.801400000000001,6.491399999999999,2.0224,18.35,38.5203375,-36.45187500000003,0.9118374999999999,8.964424999999999,1.8892375000000001,17.601925,0.30892243485498844,-1.191097240071695
121.1,22.85,261.6494,SSP5-8.5,2021-2040,-34.37980000000002,34.2853,-44.31880000000001,1.0536999999999992,9.029300000000006,1.908599999999999,16.1038,38.0312,-24.466912500000035,1.1026375000000002,9.259487499999999,1.9224124999999999,17.3915875,0.30892243485498844,-1.1279014597019037
121.1,22.9,261.195,SSP5-8.5,2021-2040,-30.732499999999987,35.0589,-55.396799999999985,1.1994000000000007,13.491400000000002,1.8706999999999994,15.6673,36.67043749999999,3.041812499999935,1.1908874999999997,8.684487500000001,2.0066749999999995,15.88605,0.30892243485498844,-1.0647056793321166
121.1,22.95,241.7306,SSP5-8.5,2021-2040,-9.217500000000001,39.640600000000006,10.802500000000009,1.0713000000000008,8.534500000000001,2.0759000000000007,16.9962,36.046212499999996,36.7792,1.3154249999999994,8.3920375,2.0111999999999997,14.770912499999998,0.30892243485498844,-1.0015098989623252
121.1,23.0,222.7341,SSP5-8.5,2021-2040,-1.6648000000000138,37.606199999999994,49.87940000000003,1.2665000000000006,8.534500000000001,2.3068999999999997,14.511499999999998,34.816787500000004,52.069699999999955,1.2780749999999994,6.779525000000001,1.9674624999999997,13.3553125,0.30892243485498844,-0.9383141185925338
121.1,23.05,218.2652,SSP5-8.5,2021-2040,-4.928799999999995,31.036299999999997,16.298000000000002,1.1161999999999992,7.713800000000003,1.8758999999999997,10.8385,36.500524999999996,44.24382499999999,1.2112624999999997,6.195475000000001,1.9991249999999998,13.774537500000001,0.30892243485498844,-0.8751183382227424
121.1,23.1,223.2152,SSP5-8.5,2021-2040,-3.7738000000000227,39.520700000000005,3.980600000000095,0.8018000000000001,5.191399999999998,2.0448000000000004,15.7077,36.0945375,19.895337499999982,1.0526875000000002,6.8708875,2.1265,13.159625000000002,0.30892243485498844,-0.811922557852951
121.1,23.15,245.1815,SSP5-8.5,2021-2040,-12.055000000000007,40.231399999999994,-6.734199999999873,0.9969000000000001,6.708599999999997,2.2258999999999993,16.076900000000002,36.3964375,6.83046250000001,0.9673125000000002,6.931025000000001,2.104725,12.8745125,0.30892243485498844,-0.748726777483164
121.1,23.2,221.9474,SSP5-8.5,2021-2040,-14.341199999999986,34.853899999999996,-3.0831000000000586,1.0258000000000003,7.441400000000002,1.9947999999999997,11.0115,35.7889,-3.962099999999964,1.0788249999999997,8.6101,2.10065,13.191812500000001,0.30892243485498844,-0.6855309971133726
121.1,23.25,201.5175,SSP5-8.5,2021-2040,-11.396500000000003,35.5149,-6.7771000000000186,1.3438999999999979,10.3431,2.0740999999999996,13.503799999999998,33.4391125,-3.7456249999999898,1.2137,8.664000000000001,2.1282374999999996,12.60625,0.30892243485498844,-0.6223352167435812
121.1,23.3,201.1787,SSP5-8.5,2021-2040,-4.582799999999992,33.0174,10.938699999999926,1.4573000000000018,8.912100000000002,2.6654999999999998,13.590399999999999,34.789249999999996,5.220249999999993,1.2647999999999997,8.36185,2.08125,14.427399999999999,0.30892243485498844,-0.5591394363737897
121.1,23.35,193.4156,SSP5-8.5,2021-2040,-4.093200000000024,37.4824,34.841499999999996,1.195800000000002,4.463800000000003,2.25,16.440399999999997,35.79545,17.40682499999997,1.1264,7.586225000000002,2.150425,15.435825000000001,0.30892243485498844,-0.4959436560039983
121.1,23.4,184.9147,SSP5-8.5,2021-2040,-5.439900000000023,39.36840000000001,28.233099999999922,0.9162999999999997,6.743100000000005,2.2965999999999998,17.5058,35.46515,27.202912500000025,0.8104124999999995,5.119625000000001,1.8713249999999997,15.340625,0.30892243485498844,-0.43274787563421135
121.1,23.45,184.3021,SSP5-8.5,2021-2040,-7.020700000000005,35.6414,20.02410000000009,0.4519999999999982,4.060299999999998,1.6585999999999999,14.469199999999999,33.135725,22.801050000000004,0.5612499999999998,4.0582,1.8017250000000002,14.86635,0.30892243485498844,-0.3695520952644199
121.1,23.5,183.5907,SSP5-8.5,2021-2040,-3.8274000000000115,29.774700000000003,13.000699999999824,0.3465000000000025,2.3689999999999998,1.5172000000000008,14.1269,31.0588875,13.750725000000074,0.39574999999999916,2.9510625,1.707125,13.747362500000001,0.30892243485498844,-0.3063563148946285
121.1,23.55,185.1699,SSP5-8.5,2021-2040,-5.5885000000000105,30.846400000000003,-0.04489999999987049,0.2394999999999996,3.260300000000001,1.5897000000000006,13.4654,29.907000000000004,1.1399375000000305,0.3726250000000002,3.383837500000001,1.6487125000000002,14.016100000000002,0.30892243485498844,-0.24316053452483705
121.1,23.6,187.5404,SSP5-8.5,2021-2040,-6.113900000000001,28.1438,-14.899399999999787,0.30189999999999984,3.9776000000000025,1.5223999999999993,14.086500000000001,31.880962500000003,-11.01518749999994,0.37986249999999977,3.982112500000001,1.6263,14.8656375,0.30892243485498844,-0.17996475415504562
121.1,23.65,193.9438,SSP5-8.5,2021-2040,-12.817500000000024,29.707500000000003,-24.080799999999954,0.3996999999999993,4.7879000000000005,1.4568999999999992,14.8308,34.3103375,-16.03868749999998,0.38572499999999943,3.942475000000001,1.5650875000000004,17.007212499999998,0.30892243485498844,-0.11676897378525869
121.1,23.7,206.6394,SSP5-8.5,2021-2040,-18.132800000000003,35.479099999999995,-19.774000000000115,0.32789999999999964,3.622399999999999,1.5138000000000016,17.3212,36.2030125,-20.454562499999952,0.3453374999999994,3.5228624999999996,1.5092625000000002,18.2788375,0.30892243485498844,-0.053573193415467256
121.1,23.75,220.3771,SSP5-8.5,2021-2040,-24.985900000000015,37.4977,-18.35019999999986,0.2392000000000003,3.825899999999997,0.9983000000000004,19.4442,36.9491875,-37.1062125,0.2695124999999998,3.9506375,1.3465375000000006,18.737975,0.30892243485498844,0.009622586954324176
121.1,23.8,201.3441,SSP5-8.5,2021-2040,-20.919600000000003,36.825599999999994,-50.00579999999991,0.1617999999999995,5.403400000000005,1.1172000000000004,18.9269,34.260675,-61.46057499999998,0.19956250000000075,4.4870624999999995,0.9969750000000004,17.082925000000003,0.30892243485498844,0.0728183673241156
121.1,23.85,203.6382,SSP5-8.5,2021-2040,-19.174800000000005,30.045900000000003,-66.60380000000009,0.3091000000000008,5.503400000000006,0.279300000000001,14.2327,33.896975000000005,-78.77051249999997,0.2201500000000003,5.802574999999999,0.8728375000000002,16.2228375,0.30892243485498844,0.13601414769390704
121.1,23.9,215.4339,SSP5-8.5,2021-2040,-4.060000000000002,36.96920000000001,-60.21019999999976,0.44950000000000045,6.710299999999997,0.3086000000000002,16.709600000000002,32.2382125,-77.5590125,0.36795,6.023487500000002,0.7036625000000001,15.321875000000002,0.30892243485498844,0.19920992806369398
121.1,23.95,231.9823,SSP5-8.5,2021-2040,10.803499999999985,33.930099999999996,-54.28710000000001,0.6102999999999987,6.117200000000004,0.2533999999999992,16.4538,33.9007,-61.2921749999999,0.5559625000000001,5.9443874999999995,0.6959125000000002,15.677162500000001,0.30892243485498844,0.26240570843348543
121.1,24.0,228.2982,SSP5-8.5,2021-2040,14.881100000000004,33.576699999999995,-51.99609999999984,0.648299999999999,5.530999999999999,1.225900000000001,16.028799999999997,34.0242125,-44.859737499999994,0.6929375000000002,6.016375,0.5665999999999998,15.3416,0.30892243485498844,0.32560148880327683
121.1,24.05,224.8174,SSP5-8.5,2021-2040,20.679699999999997,34.13699999999999,-27.221000000000004,0.8126999999999995,7.1913999999999945,0.36379999999999946,13.948099999999998,33.95895,-36.578074999999956,0.7435125000000005,5.783187499999999,0.7342750000000002,14.761075,0.30892243485498844,0.3887972691730683
121.1,24.1,239.5316,SSP5-8.5,2021-2040,23.225400000000008,33.6232,-32.18679999999995,0.8680000000000021,6.951699999999995,0.3241000000000014,13.871200000000002,32.4748,-27.754012499999988,0.7958124999999998,6.4375124999999995,0.6185374999999997,13.053862500000001,0.30892243485498844,0.4519930495428597
121.1,24.15,254.6405,SSP5-8.5,2021-2040,21.859099999999984,29.222700000000003,-21.17360000000008,0.8960000000000008,6.072400000000002,0.3017000000000003,11.3865,31.752175,-15.287999999999897,0.8290249999999997,6.035349999999999,0.6926624999999997,12.5144375,0.30892243485498844,0.5151888299126467
121.1,24.2,271.6774,SSP5-8.5,2021-2040,27.59110000000004,28.4953,29.820799999999963,0.9227999999999987,5.6861999999999995,1.0740999999999996,10.5808,30.96335,-2.508824999999888,0.8237374999999996,5.5831875,0.6704749999999997,11.6737875,0.30892243485498844,0.578384610282438
121.1,24.25,272.0958,SSP5-8.5,2021-2040,27.699599999999975,31.360400000000006,51.1866,0.9445999999999977,5.719000000000001,1.2293000000000003,11.8846,30.099137499999998,-26.58914999999996,0.696475,4.40755,0.6422375,11.206724999999999,0.30892243485498844,0.6415803906522295
121.1,24.3,259.7439,SSP5-8.5,2021-2040,22.069000000000017,28.591900000000003,-69.07040000000006,0.7169999999999987,2.6189999999999998,0.11720000000000041,11.159599999999998,28.859675,-57.63167500000003,0.6177375000000005,3.6153000000000004,0.4375,10.518025000000002,0.30892243485498844,0.704776171022021
121.1,24.35,265.8524,SSP5-8.5,2021-2040,12.56940000000003,26.146099999999997,-121.20310000000018,0.5608000000000004,1.1240999999999985,0.12759999999999927,9.8231,28.834512500000002,-90.42473749999999,0.47598750000000045,2.711000000000001,0.43662500000000026,10.7449625,0.30892243485498844,0.7679719513918124
121.1,24.4,270.9881,SSP5-8.5,2021-2040,-1.3640999999999508,29.8545,-98.92529999999988,0.41639999999999944,2.6448000000000036,1.1879000000000008,10.3308,28.769125000000003,-87.74858750000004,0.3621749999999997,2.111837500000001,0.6396499999999998,11.094000000000001,0.30892243485498844,0.8311677317615993
121.1,24.45,294.4583,SSP5-8.5,2021-2040,-9.656499999999994,30.005599999999994,-91.76659999999993,0.30609999999999715,-0.025900000000000034,0.8965999999999994,12.205799999999998,29.46765,-86.52612500000004,0.30591249999999937,3.459700000000001,0.9566750000000004,11.419475000000002,0.30892243485498844,0.8943635121313908
121.1,24.5,335.8741,SSP5-8.5,2021-2040,-11.337800000000016,27.917499999999997,-127.26170000000002,0.4698999999999991,6.919000000000004,1.0138000000000016,11.094199999999999,30.1880625,-108.47987500000016,0.1457499999999996,4.176075,1.049775,12.983175000000001,0.30892243485498844,0.9575592925011822
121.1,24.55,340.5173,SSP5-8.5,2021-2040,-10.859199999999987,33.0238,-131.85980000000018,0.015800000000002257,6.800000000000001,1.2378999999999998,16.1115,31.0475875,-127.29673750000006,0.04928750000000015,5.216175,1.14375,15.0471125,0.30892243485498844,1.0207550728709736
121.1,24.6,306.6514,SSP5-8.5,2021-2040,-14.151700000000005,33.482200000000006,-88.57639999999992,-0.09540000000000148,4.965499999999999,1.7344999999999988,19.1635,33.4766625,-119.31283750000006,-0.07168749999999857,4.9344874999999995,1.2174500000000004,18.539175,0.30892243485498844,1.0839508532407651
121.1,24.65,236.5661,SSP5-8.5,2021-2040,-9.891600000000011,34.7238,-50.558700000000044,-0.008099999999998886,3.7430999999999983,1.3690000000000015,21.5231,34.527525,-87.57782500000002,-0.016299999999999315,3.7012875000000003,0.8241375,20.7591375,0.30892243485498844,1.147146633610552
121.1,24.7,177.9282,SSP5-8.5,2021-2040,-3.8847000000000094,35.116899999999994,-43.30600000000004,0.2713000000000001,1.6500000000000057,-0.029299999999999216,22.930799999999998,35.152375,-68.97197500000004,0.0894750000000002,3.234474999999998,0.24160000000000026,21.739912500000003,0.30892243485498844,1.2103424139803434
121.1,24.75,159.3,SSP5-8.5,2021-2040,-0.09320000000002437,35.477000000000004,-64.05579999999986,0.16049999999999898,3.6758999999999986,-0.6379000000000001,22.3308,35.409850000000006,-74.06523750000005,0.12870000000000026,3.3047374999999986,-0.21551249999999988,22.047850000000004,0.30892243485498844,1.273538194350135
121.1,24.8,160.3747,SSP5-8.5,2021-2040,4.724500000000006,34.5457,-84.19339999999988,0.1363000000000021,4.798299999999998,-0.7034000000000002,21.798099999999998,35.1480875,-82.15898749999997,0.15893749999999907,3.848712499999998,-0.31852499999999984,21.61995,0.30892243485498844,1.3367339747199263
121.1,24.85,141.9203,SSP5-8.5,2021-2040,10.566000000000003,34.4532,-60.37040000000002,0.46899999999999764,4.058599999999998,-0.20859999999999967,21.057699999999997,34.359962499999995,-69.5419374999999,0.32308749999999975,4.960574999999999,-0.25646250000000026,21.148799999999998,0.30892243485498844,1.3999297550897176
121.1,24.9,133.3081,SSP5-8.5,2021-2040,9.927999999999997,33.8758,3.6053000000001703,0.9485000000000028,4.9983,0.04479999999999951,20.563499999999998,33.72597499999999,-49.533512499999915,0.5012249999999985,5.207962499999999,-0.24072499999999997,20.768024999999998,0.30892243485498844,1.4631255354595045
121.1,24.95,141.1648,SSP5-8.5,2021-2040,7.773599999999988,33.4312,-18.17489999999998,0.8240999999999978,4.8740999999999985,0.10690000000000044,20.9058,33.3727375,-12.141649999999913,0.7634750000000001,4.92435,-0.30128750000000004,20.482212499999996,0.30892243485498844,1.526321315829296
121.1,25.0,145.5255,SSP5-8.5,2021-2040,2.1450000000000102,33.1415,14.513000000000147,0.8849000000000018,3.0930999999999997,-0.9792999999999994,20.667299999999997,33.337537499999996,3.9493875000000287,0.9564000000000004,5.0579624999999995,-0.2943874999999999,20.60145,0.30892243485498844,1.5895170961990874
121.1,25.05,141.6811,SSP5-8.5,2021-2040,5.1688000000000045,33.19089999999999,27.16669999999999,1.2815000000000012,5.079299999999996,-0.5792999999999999,21.3635,33.315987500000006,8.976425000000035,0.9786000000000001,4.6433125,-0.36012500000000003,20.5745125,0.30892243485498844,1.652712876568879
121.15,22.75,204.2117,SSP5-8.5,2021-2040,-18.17950000000002,41.3083,-6.609000000000151,0.9027999999999992,9.058599999999998,2.1259000000000006,18.8558,38.8584125,-36.21040000000002,0.8367000000000004,8.616800000000001,1.6810500000000002,17.7326875,0.41461627493623976,-1.2542930204414864
121.15,22.8,211.0309,SSP5-8.5,2021-2040,-19.539199999999994,39.0391,-9.834100000000035,0.9128000000000007,6.160299999999999,1.5913999999999993,18.1846,38.3032625,-30.460150000000056,0.8701249999999998,9.0196,1.8138,17.729075,0.41461627493623976,-1.191097240071695
121.15,22.85,229.0423,SSP5-8.5,2021-2040,-24.76430000000002,37.62199999999999,-46.61980000000017,1.0374000000000017,9.951699999999995,1.4414000000000007,17.7654,37.699825000000004,-28.696200000000033,0.9138625,8.648487500000002,1.8161624999999997,17.2410875,0.41461627493623976,-1.1279014597019037
121.15,22.9,228.9635,SSP5-8.5,2021-2040,-19.163400000000024,36.590199999999996,-27.152199999999993,0.4147999999999996,11.043100000000003,1.865499999999999,16.6192,36.9903125,-13.525900000000036,0.9409624999999999,8.635775000000002,1.8855624999999998,16.30505,0.41461627493623976,-1.0647056793321166
121.15,22.95,213.8064,SSP5-8.5,2021-2040,0.17740000000000578,35.3451,40.96069999999986,0.44409999999999883,6.956899999999997,2.3085999999999993,14.524999999999999,37.0194,15.92658750000004,1.0428375,7.745050000000003,1.9224124999999996,15.594475,0.41461627493623976,-1.0015098989623252
121.15,23.0,216.1364,SSP5-8.5,2021-2040,-2.4101,35.1188,63.03710000000001,0.9462999999999973,4.705200000000005,1.760299999999999,14.813499999999998,36.343087499999996,34.74780000000001,1.0190875000000004,6.3073250000000005,2.0653124999999997,14.637262499999999,0.41461627493623976,-0.9383141185925338
121.15,23.05,219.7358,SSP5-8.5,2021-2040,-10.509600000000006,39.8146,25.152599999999893,0.6296999999999997,5.986199999999997,2.3309999999999995,15.9981,36.052925,27.906425000000013,1.014275,5.6704750000000015,2.057325,14.309375,0.41461627493623976,-0.8751183382227424
121.15,23.1,237.045,SSP5-8.5,2021-2040,-17.6199,39.660900000000005,-4.733200000000124,0.6906999999999996,5.663800000000002,2.3517,15.0212,36.7606875,12.876337500000005,0.7846125000000002,6.09115,2.1969875,14.6408625,0.41461627493623976,-0.811922557852951
121.15,23.15,249.418,SSP5-8.5,2021-2040,-22.680300000000017,38.6678,-2.2019000000000233,0.8152000000000008,9.303400000000003,2.181000000000001,14.450000000000001,36.477425,0.7690499999999929,0.7609499999999998,6.4678875,2.0928875,13.625,0.41461627493623976,-0.748726777483164
121.15,23.2,231.0542,SSP5-8.5,2021-2040,-19.14070000000001,31.821999999999996,-4.442099999999982,0.8879999999999981,7.451700000000002,1.6689999999999996,9.730799999999999,35.863775000000004,-1.6044374999999889,0.9702124999999997,7.8374875,2.0428875,13.2504625,0.41461627493623976,-0.6855309971133726
121.15,23.25,215.7752,SSP5-8.5,2021-2040,-12.62960000000001,32.674800000000005,1.4092000000000553,1.2644999999999982,10.846499999999999,1.6466000000000003,11.392299999999999,34.62344999999999,8.186824999999999,1.2266624999999995,8.1097125,2.0346875,12.695912499999999,0.41461627493623976,-0.6223352167435812
121.15,23.3,208.7432,SSP5-8.5,2021-2040,-4.023699999999991,35.7271,32.752100000000155,1.6934000000000005,8.8828,1.9500000000000002,14.163499999999999,35.976175,40.18599999999998,1.3794374999999994,7.548712500000001,2.194825,14.673312499999998,0.41461627493623976,-0.5591394363737897
121.15,23.35,210.3023,SSP5-8.5,2021-2040,2.484800000000007,39.215500000000006,91.74449999999979,1.668499999999998,7.655200000000004,2.234499999999999,17.0096,37.756325000000004,66.15880000000001,1.3001875000000005,6.316400000000002,2.2275875,16.2892,0.41461627493623976,-0.4959436560039983
121.15,23.4,202.4417,SSP5-8.5,2021-2040,0.7332000000000107,40.8036,77.13180000000011,1.092100000000002,6.839700000000004,2.5309999999999997,18.363500000000002,36.713237500000005,82.53166250000001,1.0824624999999997,4.729737500000001,2.0551874999999997,15.731725,0.41461627493623976,-0.43274787563421135
121.15,23.45,199.0466,SSP5-8.5,2021-2040,1.7223999999999933,32.2387,65.82640000000015,0.6835999999999984,2.2845000000000013,1.898299999999999,13.2231,35.2556875,72.51867499999997,0.8618500000000002,4.584475000000001,1.9791000000000003,15.370175000000001,0.41461627493623976,-0.3695520952644199
121.15,23.5,195.4459,SSP5-8.5,2021-2040,3.4721000000000117,29.358300000000007,56.93029999999999,0.6850999999999985,3.1793000000000013,1.4966000000000008,12.853800000000001,32.750437500000004,60.38772500000002,0.6956249999999997,3.8918000000000004,1.7707000000000002,14.0637,0.41461627493623976,-0.3063563148946285
121.15,23.55,189.8661,SSP5-8.5,2021-2040,5.284800000000018,30.020500000000006,45.57069999999999,0.6407999999999987,3.9240999999999993,1.5897000000000006,12.8462,30.6625625,48.043912500000005,0.6751125000000002,4.030387500000002,1.662075,14.092287500000001,0.41461627493623976,-0.24316053452483705
121.15,23.6,186.0783,SSP5-8.5,2021-2040,5.423099999999977,27.164700000000003,30.732300000000123,0.6563000000000017,4.627600000000001,1.6448,13.6288,31.3960875,37.11663750000005,0.6658374999999992,4.192450000000001,1.4965624999999998,14.370925,0.41461627493623976,-0.17996475415504562
121.15,23.65,185.8847,SSP5-8.5,2021-2040,2.6648999999999887,33.590199999999996,28.27410000000009,0.665499999999998,4.4328,1.6379000000000001,15.7558,31.538149999999998,33.9213,0.6585249999999994,3.5415875000000017,1.6745625,15.681012500000001,0.41461627493623976,-0.11676897378525869
121.15,23.7,194.7473,SSP5-8.5,2021-2040,-0.3231999999999857,37.13869999999999,45.8300999999999,0.6213999999999977,2.606900000000003,2.087900000000001,19.4673,32.29275,22.608787500000034,0.5826999999999991,2.824137500000001,1.6435250000000003,16.1803,0.41461627493623976,-0.053573193415467256
121.15,23.75,198.8984,SSP5-8.5,2021-2040,-11.828100000000006,30.193999999999996,26.276600000000144,0.4817999999999998,0.7569000000000017,1.9034000000000013,15.586500000000001,32.226425,5.890037500000005,0.48113749999999955,2.8872750000000007,1.5769375000000003,16.6572125,0.41461627493623976,0.009622586954324176
121.15,23.8,191.5716,SSP5-8.5,2021-2040,-12.980799999999988,31.406000000000006,-15.325199999999995,0.3947000000000003,4.260300000000001,1.1776,15.107700000000001,28.7360875,-16.64553749999996,0.4147124999999998,3.6793000000000005,1.2502125000000004,14.365375,0.41461627493623976,0.0728183673241156
121.15,23.85,194.29,SSP5-8.5,2021-2040,-12.40039999999999,22.900400000000005,-26.545500000000175,0.3916000000000004,6.020699999999998,0.7431000000000001,11.242300000000002,29.763650000000005,-30.60942499999993,0.42917499999999986,5.1083875,0.8801750000000002,13.74135,0.41461627493623976,0.13601414769390704
121.15,23.9,210.7855,SSP5-8.5,2021-2040,-7.100200000000001,27.625200000000007,-30.55639999999994,0.4913999999999987,5.9827999999999975,0.6776,10.7962,30.210850000000004,-28.314625000000007,0.580425,5.872175,0.4881500000000001,13.820675000000001,0.41461627493623976,0.19920992806369398
121.15,23.95,221.0313,SSP5-8.5,2021-2040,6.415900000000022,33.93050000000001,-18.465300000000298,0.9157000000000011,6.774100000000001,0.025900000000000034,16.073100000000004,31.5534375,-14.847574999999892,0.7538625000000003,5.538562499999999,0.26207500000000006,13.90505,0.41461627493623976,0.26240570843348543
121.15,24.0,208.2416,SSP5-8.5,2021-2040,13.534199999999998,32.105399999999996,12.271200000000135,1.0367000000000033,3.310299999999998,-0.5861999999999998,14.5731,32.265,-13.347762500000044,0.8984000000000001,5.876074999999999,0.34096250000000006,14.1598625,0.41461627493623976,0.32560148880327683
121.15,24.05,227.0086,SSP5-8.5,2021-2040,12.826799999999992,31.679499999999997,-21.42430000000013,0.8213000000000008,5.1828,0.6638000000000002,13.4558,31.77375,-17.728399999999965,0.9446125000000007,5.546974999999998,0.24785000000000035,13.4178,0.41461627493623976,0.3887972691730683
121.15,24.1,226.4273,SSP5-8.5,2021-2040,16.03739999999999,31.652800000000006,-37.03789999999981,0.8719999999999999,5.606900000000003,0.40000000000000036,12.9173,31.390124999999998,-26.994125000000054,0.9166250000000002,5.677387499999998,0.40085000000000015,12.68535,0.41461627493623976,0.4519930495428597
121.15,24.15,233.0759,SSP5-8.5,2021-2040,21.90900000000002,31.088700000000003,-25.523200000000088,0.9296000000000006,6.489699999999999,0.2533999999999992,12.0481,30.3063,-21.52511249999992,0.8443624999999999,5.055387499999998,0.382525,11.798075,0.41461627493623976,0.5151888299126467
121.15,24.2,239.0644,SSP5-8.5,2021-2040,23.509199999999993,28.969199999999994,-2.4195999999997184,0.7208000000000006,4.175899999999999,0.3016999999999985,10.4038,30.149825,-6.672950000000014,0.7525749999999993,4.9310375,0.4116249999999999,11.3478375,0.41461627493623976,0.578384610282438
121.15,24.25,228.7634,SSP5-8.5,2021-2040,20.964,31.013899999999992,18.14429999999993,0.7752000000000017,4.7879000000000005,0.3827999999999996,11.044200000000002,29.0932125,-15.060349999999971,0.5707374999999995,4.0801875,0.3146375000000001,10.7274,0.41461627493623976,0.6415803906522295
121.15,24.3,218.3997,SSP5-8.5,2021-2040,12.801199999999994,28.855799999999995,-30.48810000000003,0.6271000000000022,4.132800000000003,-0.062099999999999156,9.7846,26.9957875,-35.92598750000002,0.50935,3.5237125000000002,0.2051750000000001,10.1389375,0.41461627493623976,0.704776171022021
121.15,24.35,226.7928,SSP5-8.5,2021-2040,3.9239000000000033,20.8964,-65.44309999999996,0.6242000000000019,3.005200000000002,-0.2983000000000011,8.061499999999999,27.013849999999998,-56.00843749999996,0.4707500000000002,3.064025,0.4816750000000005,9.887025,0.41461627493623976,0.7679719513918124
121.15,24.4,243.9756,SSP5-8.5,2021-2040,-5.7575999999999965,29.698999999999998,-60.96069999999963,0.47790000000000177,2.7689999999999984,0.6155000000000008,10.923100000000002,26.186912500000002,-59.87132500000001,0.45738749999999984,2.6997750000000016,0.7588375,9.686787500000001,0.41461627493623976,0.8311677317615993
121.15,24.45,280.6583,SSP5-8.5,2021-2040,-8.739599999999996,28.757400000000004,-44.68700000000035,0.45319999999999894,4.087900000000005,1.2810000000000006,9.767300000000002,28.1263125,-60.86531249999996,0.4723249999999992,3.2064750000000006,1.0995625000000004,10.350737500000001,0.41461627493623976,0.8943635121313908
121.15,24.5,332.4719,SSP5-8.5,2021-2040,-6.341000000000008,26.806600000000003,-50.93240000000014,0.6476999999999968,4.084500000000002,1.0361999999999991,10.3731,28.922137499999998,-77.90800000000007,0.31737499999999974,4.198500000000001,1.2657250000000004,11.6103375,0.41461627493623976,0.9575592925011822
121.15,24.55,331.7236,SSP5-8.5,2021-2040,-8.821899999999971,30.172199999999997,-116.46100000000024,0.0071000000000012164,5.5535,1.4154999999999998,14.5481,29.070162500000002,-91.55188750000002,0.16378749999999975,5.420925,1.4286625000000002,13.0632125,0.41461627493623976,1.0207550728709736
121.15,24.6,323.2732,SSP5-8.5,2021-2040,-13.204199999999958,32.6688,-121.65959999999995,-0.38149999999999906,6.8759000000000015,1.7983000000000011,17.178800000000003,30.744862500000004,-101.13188750000006,-0.0006124999999990166,5.0280249999999995,1.508625,16.255525,0.41461627493623976,1.0839508532407651
121.15,24.65,257.0223,SSP5-8.5,2021-2040,-4.603399999999965,32.65260000000001,-107.53690000000006,0.11080000000000112,4.231000000000002,1.4121000000000006,19.9346,32.635825,-92.55005000000008,-0.024662499999999365,4.349137499999999,1.2265125000000001,19.012024999999998,0.41461627493623976,1.147146633610552
121.15,24.7,207.5158,SSP5-8.5,2021-2040,-7.111100000000022,34.8579,-83.45320000000015,0.1410000000000018,3.1809999999999974,0.33619999999999983,22.0135,33.9708625,-81.0273250000001,0.10722500000000013,3.7254249999999995,0.8390125000000004,20.9028875,0.41461627493623976,1.2103424139803434
121.15,24.75,181.2701,SSP5-8.5,2021-2040,-0.1466000000000065,33.909800000000004,-74.10100000000011,0.11580000000000013,5.667199999999994,0.044800000000000395,21.0058,34.438500000000005,-86.13037500000004,0.08351250000000032,4.1924624999999995,0.34182500000000005,21.694,0.41461627493623976,1.273538194350135
121.15,24.8,173.8362,SSP5-8.5,2021-2040,1.7189000000000192,33.7118,-148.4987000000001,-0.1515999999999984,6.2551999999999985,0.32590000000000074,20.6596,33.888999999999996,-86.55736249999995,0.08061249999999998,5.2174499999999995,0.19871249999999996,21.228375,0.41461627493623976,1.3367339747199263
121.15,24.85,173.5678,SSP5-8.5,2021-2040,1.8783999999999992,32.4661,-148.98959999999988,-0.00140000000000029,6.672400000000003,0.1999999999999993,20.526899999999998,33.035349999999994,-74.31171249999994,0.21006250000000026,5.6487125,0.03987499999999988,20.54305,0.41461627493623976,1.3999297550897176
121.15,24.9,151.5627,SSP5-8.5,2021-2040,0.3562000000000012,31.7457,-52.48669999999993,0.4478999999999971,5.844799999999999,-0.4776000000000007,20.1462,32.7798125,-62.86567499999995,0.4564625000000002,5.3933125,-0.08793750000000011,20.157462499999998,0.41461627493623976,1.4631255354595045
121.15,24.95,146.9294,SSP5-8.5,2021-2040,2.6389000000000067,34.00149999999999,-55.01429999999982,0.689700000000002,5.2224,-0.7740999999999989,20.9346,32.821650000000005,-25.05952499999995,0.7519125,4.5663875,-0.31531250000000033,20.3579375,0.41461627493623976,1.526321315829296
121.15,25.0,148.0878,SSP5-8.5,2021-2040,5.22890000000001,33.9808,5.875999999999976,0.9986999999999995,3.2845000000000013,-0.022400000000001086,21.0288,33.3364125,-9.872462499999955,0.9404750000000006,4.565074999999999,-0.4670249999999999,20.7713875,0.41461627493623976,1.5895170961990874
121.15,25.05,138.5894,SSP5-8.5,2021-2040,12.431299999999993,33.0709,52.22460000000001,1.2462000000000018,4.0379000000000005,-0.21380000000000088,20.3519,33.58225,2.9448375000000624,0.9602374999999999,4.452587499999999,-0.39741250000000017,21.1826875,0.41461627493623976,1.652712876568879
121.15,25.1,133.6598,SSP5-8.5,2021-2040,4.989400000000018,32.6709,7.2025000000001,0.8980999999999995,4.377600000000001,-0.5414000000000003,20.5192,33.708012499999995,7.318737500000026,1.0132875000000001,4.748062499999999,-0.2747875000000002,21.267787499999997,0.41461627493623976,1.7159086569386703
121.2,22.8,206.7171,SSP5-8.5,2021-2040,-19.147699999999986,40.0182,-25.657000000000153,1.2129000000000012,9.231000000000002,1.7207,18.128800000000002,38.9242625,-26.17462500000005,0.8774875,8.2034375,1.7907375,17.8108125,0.520310115017461,-1.191097240071695
121.2,22.85,221.465,SSP5-8.5,2021-2040,-28.104900000000015,38.9098,-53.118400000000065,0.9624999999999986,7.900000000000006,1.5776000000000003,18.561500000000002,37.8554,-20.75871250000003,0.9532125000000002,8.477350000000001,1.7698249999999998,16.9324375,0.520310115017461,-1.1279014597019037
121.2,22.9,210.415,SSP5-8.5,2021-2040,-16.92439999999999,39.2093,-8.085100000000011,0.7533999999999992,5.8414,1.9724000000000004,16.313499999999998,37.80833749999999,-14.405612500000046,0.9731749999999999,9.1573125,1.8135749999999997,16.6971,0.520310115017461,-1.0647056793321166
121.2,22.95,200.492,SSP5-8.5,2021-2040,2.9589,35.851499999999994,47.568500000000085,1.0059000000000005,7.381,1.9292999999999996,14.5077,37.175650000000005,10.716650000000016,1.1614499999999994,7.473925000000001,1.8941749999999997,15.7197125,0.520310115017461,-1.0015098989623252
121.2,23.0,206.371,SSP5-8.5,2021-2040,0.6935000000000002,37.0797,46.75930000000017,1.685100000000002,2.429300000000005,1.5983,15.326900000000002,36.58506249999999,32.265787500000016,1.2209749999999993,6.343537499999999,2.0532249999999994,15.0067375,0.520310115017461,-0.9383141185925338
121.2,23.05,215.9436,SSP5-8.5,2021-2040,-8.406300000000016,34.3707,40.56140000000005,0.9339000000000013,2.922399999999996,2.0965999999999996,14.394199999999998,37.214075,22.298700000000025,1.2020249999999995,5.652800000000001,2.12865,15.111550000000001,0.520310115017461,-0.8751183382227424
121.2,23.1,235.1445,SSP5-8.5,2021-2040,-20.600099999999998,34.030100000000004,7.468799999999874,0.6737000000000002,8.203400000000002,2.424100000000001,13.861500000000001,37.418925,11.438787500000018,0.8473999999999999,5.3961125,2.2708999999999997,15.087987499999999,0.520310115017461,-0.811922557852951
121.2,23.15,236.1311,SSP5-8.5,2021-2040,-20.309200000000004,36.413900000000005,18.485400000000027,0.3094999999999999,2.700000000000003,2.3965999999999994,15.8,35.699012499999995,-4.341412500000018,0.7955749999999999,7.474775000000001,2.1357625000000002,13.4504875,0.520310115017461,-0.748726777483164
121.2,23.2,238.2312,SSP5-8.5,2021-2040,-19.939600000000013,35.2865,-4.789800000000014,0.7012,8.382799999999996,1.6361999999999988,11.790399999999998,34.824975,-3.120037499999995,1.0117625000000001,7.271537500000001,2.1056125000000003,13.056725,0.520310115017461,-0.6855309971133726
121.2,23.25,247.1971,SSP5-8.5,2021-2040,-17.89670000000001,33.266999999999996,-9.144000000000005,1.3047000000000004,6.9741,2.187900000000001,11.978799999999998,35.2738,16.158562500000016,1.2324374999999996,7.825662499999999,2.0194125,13.2379875,0.520310115017461,-0.6223352167435812
121.2,23.3,235.7734,SSP5-8.5,2021-2040,-3.352800000000002,37.498799999999996,50.03989999999999,1.3989999999999974,6.489699999999999,2.1000000000000005,15.7981,36.9198375,62.66456249999999,1.4502499999999998,7.244400000000001,2.2495875,15.0233125,0.520310115017461,-0.5591394363737897
121.2,23.35,238.803,SSP5-8.5,2021-2040,9.060599999999994,39.138600000000004,148.4353000000001,1.4017999999999997,4.705199999999998,2.4000000000000004,17.673099999999998,38.40335,101.43966249999997,1.4079874999999997,6.3325625,2.2331999999999996,16.5,0.520310115017461,-0.4959436560039983
121.2,23.4,231.2304,SSP5-8.5,2021-2040,9.5608,39.0143,146.8979999999999,1.245800000000001,3.494799999999998,1.6275999999999993,16.7788,37.514425,126.17047500000001,1.2881999999999998,5.22695,2.3441874999999994,16.2942375,0.520310115017461,-0.43274787563421135
121.2,23.45,227.5312,SSP5-8.5,2021-2040,7.9284999999999854,31.6066,124.25040000000013,1.0959000000000003,4.431000000000001,2.0759000000000007,12.7538,36.82758750000001,121.18876249999997,1.1144,4.5069,2.320475,16.0576875,0.520310115017461,-0.3695520952644199
121.2,23.5,225.2992,SSP5-8.5,2021-2040,9.480899999999991,36.47820000000001,113.68099999999981,1.0610999999999997,5.558600000000002,2.6293000000000006,16.1096,34.382125,114.88636249999999,1.0303499999999994,4.105175,2.2760875,14.8685125,0.520310115017461,-0.3063563148946285
121.2,23.55,220.2388,SSP5-8.5,2021-2040,9.991800000000012,35.397000000000006,100.79340000000002,1.0456000000000003,5.246600000000001,1.2068999999999992,15.515400000000001,32.502575,105.20503749999992,1.0276624999999995,4.58555,2.2907375000000005,14.6295625,0.520310115017461,-0.24316053452483705
121.2,23.6,206.7954,SSP5-8.5,2021-2040,13.726100000000002,28.1374,84.15789999999993,1.0648999999999997,4.024100000000001,1.6896999999999984,12.951900000000002,32.910137500000005,93.42297500000001,1.0290624999999993,4.6754375,1.8978375000000003,14.8721375,0.520310115017461,-0.17996475415504562
121.2,23.65,192.5687,SSP5-8.5,2021-2040,18.252700000000004,35.3259,77.16210000000001,0.9687999999999981,3.8862000000000023,1.279300000000001,15.515400000000001,31.4616125,82.1814,0.9915124999999996,3.4411625000000012,1.8394249999999999,15.504100000000001,0.520310115017461,-0.11676897378525869
121.2,23.7,197.9342,SSP5-8.5,2021-2040,16.9332,31.2081,92.24219999999991,0.9272999999999989,0.8000000000000043,2.201699999999999,17.6462,31.3891875,53.04040000000006,0.8050749999999993,2.065950000000002,1.7885625000000005,15.539674999999999,0.520310115017461,-0.053573193415467256
121.2,23.75,198.2544,SSP5-8.5,2021-2040,-8.625400000000013,25.339499999999994,19.120300000000043,0.6513999999999989,0.48100000000000165,2.1569000000000003,13.342299999999998,29.813337500000003,30.783800000000014,0.6563749999999999,1.5170250000000016,1.6476250000000001,15.385337499999999,0.520310115017461,0.009622586954324176
121.2,23.8,189.9227,SSP5-8.5,2021-2040,-8.968199999999996,22.916700000000006,-6.617099999999937,0.5254000000000012,2.0982999999999947,1.3620999999999999,12.0019,26.9840375,0.24277500000002306,0.5547374999999997,2.861412500000001,1.4670375,12.912262499999999,0.520310115017461,0.0728183673241156
121.2,23.85,191.8552,SSP5-8.5,2021-2040,-9.22120000000001,24.1689,-10.438799999999901,0.5573999999999977,5.344799999999999,1.4413999999999998,10.146199999999999,26.769350000000003,-6.242199999999997,0.614125,4.487937499999999,1.0114374999999998,12.0959125,0.520310115017461,0.13601414769390704
121.2,23.9,205.9578,SSP5-8.5,2021-2040,-7.011599999999987,28.151700000000005,-5.118099999999913,0.5441000000000003,5.5638000000000005,0.6776,12.009599999999999,27.79295,6.335237499999948,0.8049874999999997,5.4737124999999995,0.6771749999999996,12.031275,0.520310115017461,0.19920992806369398
121.2,23.95,219.311,SSP5-8.5,2021-2040,5.161599999999993,31.5901,15.151800000000094,0.8657000000000004,4.943099999999998,0.1759000000000004,13.698099999999998,29.3556375,39.62946249999996,1.1212250000000008,5.03125,0.14138749999999978,12.5594,0.520310115017461,0.26240570843348543
121.2,24.0,211.048,SSP5-8.5,2021-2040,21.60839999999999,28.479099999999995,55.964300000000094,1.3849000000000018,6.149999999999999,-0.6362000000000005,10.971200000000001,30.6842625,61.4408499999999,1.3577875000000006,4.164875,0.09893750000000012,13.1726125,0.520310115017461,0.32560148880327683
121.2,24.05,239.5331,SSP5-8.5,2021-2040,14.259800000000013,30.797000000000004,-4.50440000000026,1.1282999999999994,5.119,0.6552000000000007,12.649999999999999,29.9132875,70.0761,1.4927875000000008,3.6982749999999998,-0.022199999999999775,12.342075000000001,0.520310115017461,0.3887972691730683
121.2,24.1,223.0383,SSP5-8.5,2021-2040,11.764600000000002,29.818800000000003,-57.11650000000009,0.8060000000000009,4.515499999999996,0.2362000000000002,12.3827,29.959337500000004,55.98508749999996,1.4201124999999997,3.6590749999999996,0.32025000000000015,11.980525,0.520310115017461,0.4519930495428597
121.2,24.15,218.2223,SSP5-8.5,2021-2040,16.420500000000004,30.7541,-26.803199999999833,1.0710999999999977,3.896599999999996,0.40859999999999985,11.740400000000001,29.4888,20.662575000000004,1.0524750000000003,3.5202625,0.19589999999999974,11.430275,0.520310115017461,0.5151888299126467
121.2,24.2,229.8587,SSP5-8.5,2021-2040,11.124200000000002,29.914299999999997,-25.284099999999853,0.5981999999999985,3.5379000000000005,0.013799999999999812,11.1019,29.31165,-1.4014999999999986,0.6467500000000004,3.4616499999999997,0.20839999999999947,10.9103375,0.520310115017461,0.578384610282438
121.2,24.25,214.5532,SSP5-8.5,2021-2040,0.3610999999999933,29.349200000000003,-53.75120000000015,-0.11690000000000111,3.2586000000000013,-0.37069999999999936,10.9962,28.949399999999997,-18.901637499999936,0.3481375000000009,3.3332,0.1758624999999996,10.3124875,0.520310115017461,0.6415803906522295
121.2,24.3,210.2561,SSP5-8.5,2021-2040,0.0882000000000005,27.209600000000002,-20.476799999999912,0.15230000000000032,3.5120999999999967,0.21380000000000088,9.9077,26.993937499999998,-29.929362499999968,0.24716250000000084,3.428237500000001,0.21142499999999975,9.6298,0.520310115017461,0.704776171022021
121.2,24.35,213.7987,SSP5-8.5,2021-2040,-3.767799999999994,21.3988,-26.79419999999982,0.4176000000000002,4.163800000000002,0.2397000000000009,8.2346,25.658337500000002,-29.594762499999945,0.3511625000000005,3.3032500000000002,0.5825375000000002,9.303362499999999,0.520310115017461,0.7679719513918124
121.2,24.4,230.6327,SSP5-8.5,2021-2040,-9.37960000000001,24.3551,-20.14890000000014,0.3968999999999987,3.546599999999998,1.4138000000000002,8.932699999999999,24.4435125,-30.158737499999972,0.45807500000000045,3.4163750000000017,0.8321125000000003,9.078125,0.520310115017461,0.8311677317615993
121.2,24.45,269.3947,SSP5-8.5,2021-2040,-8.989700000000028,28.081400000000002,-10.002399999999852,0.483900000000002,3.051700000000004,1.2224000000000004,10.1385,25.517924999999998,-31.324050000000057,0.519462499999999,3.2579874999999996,1.1318875000000004,9.3086625,0.520310115017461,0.8943635121313908
121.2,24.5,324.1016,SSP5-8.5,2021-2040,-3.3835000000000264,28.290799999999997,-26.92450000000008,0.5797999999999988,2.6620999999999952,1.4103000000000012,8.8077,26.6304,-43.120812500000056,0.4176749999999996,3.7110000000000016,1.351075,10.3324625,0.520310115017461,0.9575592925011822
121.2,24.55,335.3871,SSP5-8.5,2021-2040,-10.329499999999996,25.1284,-74.30099999999993,0.2231999999999985,4.539700000000003,1.6483000000000008,10.2096,28.0846625,-60.73961250000002,0.2287874999999997,4.3569125,1.536425,11.8625,0.520310115017461,1.0207550728709736
121.2,24.6,331.4024,SSP5-8.5,2021-2040,-19.49369999999999,25.2432,-110.89969999999994,-0.1491999999999969,6.520699999999998,1.549999999999999,11.5673,29.4598625,-87.2928,0.040412500000000406,4.667900000000001,1.6898875000000002,14.4781125,0.520310115017461,1.0839508532407651
121.2,24.65,302.8522,SSP5-8.5,2021-2040,-11.286599999999964,31.532700000000006,-128.86160000000018,-0.10909999999999798,3.8706999999999994,1.7017000000000007,16.9865,30.825325,-92.46185000000006,0.050875000000000004,4.886849999999999,1.4351375,17.10095,0.520310115017461,1.147146633610552
121.2,24.7,276.8722,SSP5-8.5,2021-2040,-11.95210000000003,33.461099999999995,-113.08520000000044,0.1336999999999975,3.9861999999999966,1.3516999999999992,20.7327,32.4729875,-80.58096250000003,0.17463750000000067,4.618524999999998,1.1859875000000002,19.3858125,0.520310115017461,1.2103424139803434
121.2,24.75,236.2187,SSP5-8.5,2021-2040,3.114399999999989,34.892999999999994,-66.71340000000009,0.18290000000000006,2.979300000000002,1.5,21.778799999999997,33.247775000000004,-75.40251250000009,0.17048750000000013,5.2441749999999985,0.8816750000000002,20.6867875,0.520310115017461,1.273538194350135
121.2,24.8,178.2848,SSP5-8.5,2021-2040,0.8228000000000009,33.44460000000001,-85.73729999999978,-0.20599999999999952,7.013800000000003,0.5914000000000001,21.307699999999997,32.89255,-73.54827500000005,0.13877500000000076,5.628437500000001,0.8344750000000003,20.5134625,0.520310115017461,1.3367339747199263
121.2,24.85,172.0038,SSP5-8.5,2021-2040,-1.4840000000000089,31.922599999999996,-108.298,-0.21219999999999928,6.874100000000002,0.8033999999999999,20.0212,31.94545,-68.47955000000002,0.21205000000000007,5.982112500000002,0.36293750000000014,19.935825,0.520310115017461,1.3999297550897176
121.2,24.9,157.3468,SSP5-8.5,2021-2040,-1.4476999999999975,30.583400000000005,-58.5145,0.2485999999999997,5.346600000000002,-0.05690000000000062,18.790399999999998,31.563225,-63.74250000000001,0.41140000000000043,6.170025000000002,-0.08707500000000001,19.639675,0.520310115017461,1.4631255354595045
121.2,24.95,144.8226,SSP5-8.5,2021-2040,2.061300000000017,31.5047,-57.169000000000096,0.6854000000000013,5.100000000000001,-0.8190000000000008,18.459600000000002,32.135737500000005,-36.540974999999975,0.6911375,5.502162500000001,-0.2670250000000002,20.244,0.520310115017461,1.526321315829296
121.2,25.0,141.6057,SSP5-8.5,2021-2040,1.9966000000000008,34.310100000000006,-38.1253999999999,0.9771999999999998,3.989699999999999,-0.31899999999999995,22.3019,32.84645,-14.776962499999996,0.8540625000000004,5.1665875,-0.32586250000000017,20.456725,0.520310115017461,1.5895170961990874
121.2,25.05,139.4125,SSP5-8.5,2021-2040,6.956900000000019,34.04050000000001,-4.4003999999999905,0.9347999999999992,5.1240999999999985,-0.15859999999999985,21.186500000000002,33.3867125,3.8908000000000413,0.9508000000000001,4.866175,-0.24117500000000025,21.091587499999996,0.520310115017461,1.652712876568879
121.2,25.1,131.6031,SSP5-8.5,2021-2040,7.322399999999988,33.6951,0.11180000000013024,0.9055999999999997,5.851699999999994,-0.3810000000000011,20.430799999999998,33.3390875,8.554500000000019,0.9583749999999998,4.8206999999999995,-0.16402499999999975,21.0533625,0.520310115017461,1.7159086569386703
121.25,22.9,216.8963,SSP5-8.5,2021-2040,-21.880899999999997,40.227599999999995,-51.97119999999995,1.2348,9.180999999999997,1.7293000000000003,17.8365,37.806525,-13.815050000000014,1.1601875000000001,9.389862500000001,1.8338375,16.4502375,0.6260039550986825,-1.0647056793321166
121.25,22.95,205.0974,SSP5-8.5,2021-2040,-10.192599999999999,37.902300000000004,0.7445000000000164,1.472999999999999,11.613800000000005,1.9361999999999995,15.632699999999998,37.7542375,5.397200000000026,1.2965375000000003,8.14115,1.9577624999999999,15.7935,0.6260039550986825,-1.0015098989623252
121.25,23.0,198.2906,SSP5-8.5,2021-2040,0.21519999999998163,35.9322,21.44010000000003,2.3400999999999996,8.020699999999998,1.9828000000000001,14.690400000000002,37.3123375,12.533600000000064,1.5483625000000005,7.4978375,1.9995749999999997,15.363687500000001,0.6260039550986825,-0.9383141185925338
121.25,23.05,204.9055,SSP5-8.5,2021-2040,-2.78479999999999,38.345299999999995,18.661400000000185,1.994799999999998,3.1620999999999952,2.0809999999999995,15.4923,36.460662500000005,13.002387500000026,1.4363750000000004,7.2099,2.1558375,14.864650000000001,0.6260039550986825,-0.8751183382227424
121.25,23.1,235.0819,SSP5-8.5,2021-2040,-19.380799999999994,37.731,0.6035000000001673,0.6557999999999993,7.051700000000004,2.499999999999999,15.6885,35.843112500000004,6.3596250000000225,1.1595125000000004,6.094824999999998,2.2493624999999997,14.306,0.6260039550986825,-0.811922557852951
121.25,23.15,250.155,SSP5-8.5,2021-2040,-23.725099999999998,34.3472,-5.018900000000031,0.7496000000000009,6.379300000000001,2.2292999999999994,13.859599999999999,35.8945,-10.563524999999998,0.8296250000000001,7.200424999999999,2.2485,13.971150000000002,0.6260039550986825,-0.748726777483164
121.25,23.2,265.027,SSP5-8.5,2021-2040,-23.6532,34.046600000000005,-21.617700000000013,1.1904000000000003,7.362099999999998,2.094800000000001,13.2019,35.409375,-9.757487499999996,0.9939750000000003,6.4849125,2.2795375,13.4153875,0.6260039550986825,-0.6855309971133726
121.25,23.25,255.8634,SSP5-8.5,2021-2040,-13.36590000000001,37.3605,-2.4302999999999884,1.5722000000000023,7.155200000000001,2.4397,14.0404,35.681775,15.605362499999984,1.1631374999999995,6.432762499999999,2.257975,13.882449999999999,0.6260039550986825,-0.6223352167435812
121.25,23.3,241.7888,SSP5-8.5,2021-2040,2.9599999999999795,37.774100000000004,78.34719999999993,1.1508000000000003,6.034499999999998,2.6189999999999998,15.786500000000002,36.940412499999994,61.94922500000001,1.4150749999999996,6.019825000000001,2.3655250000000003,15.056262499999999,0.6260039550986825,-0.5591394363737897
121.25,23.35,238.2871,SSP5-8.5,2021-2040,16.149,40.2011,160.20249999999987,1.5460999999999991,5.701700000000002,2.519,18.1423,37.7513875,101.44308750000002,1.3136374999999996,5.725224999999998,2.2487250000000003,15.84375,0.6260039550986825,-0.4959436560039983
121.25,23.4,249.908,SSP5-8.5,2021-2040,12.837299999999999,36.9923,174.4013,1.4681999999999995,5.562099999999997,2.2844999999999995,15.957699999999999,38.184475,119.66663750000001,1.28885,5.709474999999999,2.394625,16.2194625,0.6260039550986825,-0.43274787563421135
121.25,23.45,255.8864,SSP5-8.5,2021-2040,13.507100000000008,39.919000000000004,167.37159999999994,1.349400000000001,4.636199999999999,2.8103,17.230800000000002,37.616775,124.38675,1.1960374999999999,5.352375,2.5345,16.053350000000002,0.6260039550986825,-0.3695520952644199
121.25,23.5,265.0738,SSP5-8.5,2021-2040,12.812200000000018,39.8163,167.26969999999983,1.3299000000000003,4.5,3.286200000000001,17.9442,36.8860375,133.77735,1.1795124999999997,4.8799625,2.785125,16.085587500000003,0.6260039550986825,-0.3063563148946285
121.25,23.55,268.8578,SSP5-8.5,2021-2040,16.279299999999978,36.70060000000001,191.07839999999987,1.4124999999999979,4.639699999999998,3.844800000000001,16.580799999999996,35.3180375,138.07548749999995,1.2146499999999996,4.465725000000001,2.4560375,15.988475000000001,0.6260039550986825,-0.24316053452483705
121.25,23.6,227.2408,SSP5-8.5,2021-2040,25.304699999999997,32.34459999999999,152.2199999999998,1.3706999999999994,6.230999999999998,2.1448,14.121200000000002,33.831612500000006,136.8109375,1.2907249999999995,4.1495625,2.1842625000000004,15.84665,0.6260039550986825,-0.17996475415504562
121.25,23.65,198.6305,SSP5-8.5,2021-2040,26.710999999999984,32.73760000000001,121.55280000000016,1.4723000000000006,4.4155000000000015,1.8345000000000002,15.013499999999999,31.4913125,121.90042499999996,1.2713999999999996,3.217225000000001,1.756675,15.44785,0.6260039550986825,-0.11676897378525869
121.25,23.7,192.2125,SSP5-8.5,2021-2040,16.1952,29.3716,102.44180000000006,1.1537000000000006,0.39140000000000086,1.4741,15.448099999999998,30.34565,78.02215000000004,1.1265749999999997,2.227575000000002,1.7650875000000001,15.163237500000001,0.6260039550986825,-0.053573193415467256
121.25,23.75,196.7212,SSP5-8.5,2021-2040,-8.011899999999997,27.415999999999997,3.6654000000000906,0.42570000000000086,-0.44309999999999405,1.9344999999999999,14.188499999999998,28.4335625,48.04871250000002,1.005175,1.9433125000000007,1.5782374999999997,14.303374999999999,0.6260039550986825,0.009622586954324176
121.25,23.8,188.5517,SSP5-8.5,2021-2040,-1.2600000000000193,28.855599999999995,-2.243400000000065,0.7210000000000001,1.6655000000000015,1.0396999999999998,13.636499999999998,26.072725,13.598400000000055,0.8321749999999997,3.2015000000000007,1.5978624999999997,12.2255,0.6260039550986825,0.0728183673241156
121.25,23.85,197.332,SSP5-8.5,2021-2040,-4.461099999999988,25.591900000000003,7.432800000000043,0.8142999999999994,4.805199999999999,1.3396999999999988,10.0481,26.5013,16.44488750000002,0.8877250000000001,4.885975,1.2444124999999997,11.971149999999998,0.6260039550986825,0.13601414769390704
121.25,23.9,202.9011,SSP5-8.5,2021-2040,-1.9441000000000201,26.707299999999996,29.035300000000007,1.0305,5.506900000000002,1.0740999999999996,11.925,27.04345,39.447412499999984,1.040075,5.3894375,0.9433499999999995,11.526449999999999,0.6260039550986825,0.19920992806369398
121.25,23.95,198.7248,SSP5-8.5,2021-2040,8.709900000000005,29.829299999999996,85.06799999999976,1.3733000000000004,4.412100000000002,-0.060300000000001575,12.321200000000001,28.0596,82.34368750000004,1.387137500000001,4.711425,0.498275,11.988700000000001,0.6260039550986825,0.26240570843348543
121.25,24.0,184.3078,SSP5-8.5,2021-2040,39.34500000000003,28.016599999999997,188.83669999999984,2.193200000000001,2.5500000000000043,-0.04139999999999944,11.805800000000001,28.4959,115.95861250000004,1.6591125000000004,3.4316999999999993,0.24095,11.737025,0.6260039550986825,0.32560148880327683
121.25,24.05,199.552,SSP5-8.5,2021-2040,46.18360000000001,27.5257,234.59310000000005,2.5280999999999985,1.0275999999999996,-0.04139999999999944,10.803799999999999,28.534575,133.62701249999998,1.8832375000000008,2.6896624999999994,0.12542500000000034,11.6093875,0.6260039550986825,0.3887972691730683
121.25,24.1,183.641,SSP5-8.5,2021-2040,27.680200000000013,30.028400000000005,184.52219999999988,2.3001000000000005,1.2430999999999983,-0.17239999999999966,11.8269,28.122825000000006,118.89274999999998,1.7866874999999993,2.176524999999999,0.3299500000000002,11.4084125,0.6260039550986825,0.4519930495428597
121.25,24.15,209.9447,SSP5-8.5,2021-2040,11.787599999999998,26.148500000000006,144.0583999999999,1.7104,0.706900000000001,0.39480000000000004,10.4019,28.624650000000003,60.971374999999966,1.309475,2.4885749999999995,0.1767375,11.21105,0.6260039550986825,0.5151888299126467
121.25,24.2,229.0998,SSP5-8.5,2021-2040,-7.518199999999979,28.289700000000003,-15.89870000000019,0.48270000000000124,1.8862000000000023,0.1396999999999995,10.359599999999999,28.233787500000005,18.54366250000004,0.6711125,2.5036625,0.15086249999999968,10.679325,0.6260039550986825,0.578384610282438
121.25,24.25,225.2069,SSP5-8.5,2021-2040,-12.307199999999995,28.8799,-49.01879999999983,-0.3988999999999976,2.4913999999999987,0.15689999999999849,10.2885,28.188587500000004,-17.333275000000015,0.17708750000000073,2.5931,0.21487499999999993,10.2274,0.6260039550986825,0.6415803906522295
121.25,24.3,209.9772,SSP5-8.5,2021-2040,-3.0486999999999966,28.4628,-25.771299999999883,-0.1722999999999999,2.141400000000001,0.2602999999999991,9.6096,27.005112500000003,-25.642349999999993,0.015700000000000713,3.04095,0.4653125,9.646162499999999,0.6260039550986825,0.704776171022021
121.25,24.35,223.0774,SSP5-8.5,2021-2040,-8.088900000000024,27.094700000000003,-6.3125,0.22129999999999939,3.4448000000000008,1.3827999999999996,9.019199999999998,25.244300000000003,-25.479712500000005,0.13541250000000016,3.0532375000000003,0.8737125000000003,9.1815,0.6260039550986825,0.7679719513918124
121.25,24.4,225.9841,SSP5-8.5,2021-2040,-5.142700000000019,18.6933,-7.156700000000001,0.48189999999999955,3.874100000000002,1.134500000000001,8.1885,25.0521125,-25.37265000000002,0.3023500000000001,3.1592625000000005,1.1515250000000001,9.1574625,0.6260039550986825,0.8311677317615993
121.25,24.45,242.0057,SSP5-8.5,2021-2040,-4.839100000000002,20.927100000000003,-19.913300000000163,0.5045999999999999,2.9345,1.0793,8.2923,25.654062500000002,-20.833812500000022,0.4429624999999997,2.6308249999999997,1.3273750000000004,9.114437500000001,0.6260039550986825,0.8943635121313908
121.25,24.5,273.7845,SSP5-8.5,2021-2040,-7.683599999999956,26.6141,-19.86889999999994,0.6136999999999979,2.1051999999999964,1.0845000000000002,9.1846,25.8793875,-20.472062499999964,0.45310000000000006,2.925012500000001,1.5976375000000003,9.274775,0.6260039550986825,0.9575592925011822
121.25,24.55,315.5168,SSP5-8.5,2021-2040,-16.7414,26.555999999999997,-8.800499999999829,0.40800000000000125,3.331000000000003,2.0413999999999994,10.146199999999999,27.0447,-32.67581249999998,0.3771249999999995,3.2506625000000002,1.7935375000000002,10.490625000000001,0.6260039550986825,1.0207550728709736
121.25,24.6,338.8761,SSP5-8.5,2021-2040,-21.19720000000001,28.325599999999994,-30.370300000000043,0.10469999999999757,3.722400000000004,1.9551999999999996,13.0942,27.745150000000002,-57.08938749999993,0.24421250000000105,4.300225000000001,1.9523750000000002,12.803125,0.6260039550986825,1.0839508532407651
121.25,24.65,318.885,SSP5-8.5,2021-2040,-20.51400000000001,28.6426,-110.35149999999976,-0.03989999999999938,5.218999999999998,1.5465999999999998,13.726899999999999,29.366037499999997,-69.63585000000012,0.26175000000000015,4.6105625,1.784675,15.8370125,0.6260039550986825,1.147146633610552
121.25,24.7,287.2491,SSP5-8.5,2021-2040,-2.680499999999995,30.750799999999998,-62.33840000000009,0.4873999999999974,5.358599999999996,1.5310000000000006,18.5596,30.828249999999997,-74.93415000000005,0.2694375000000009,4.9909625,1.5665875,17.7838875,0.6260039550986825,1.2103424139803434
121.25,24.75,249.5033,SSP5-8.5,2021-2040,9.599599999999981,32.5445,-11.291699999999764,0.5082000000000022,6.441400000000002,1.4154999999999998,21.0808,31.860487499999998,-63.79817500000013,0.30403749999999974,5.17155,1.4375,19.2596125,0.6260039550986825,1.273538194350135
121.25,24.8,195.4141,SSP5-8.5,2021-2040,4.664000000000016,33.3017,-24.714600000000246,0.3353999999999999,4.050000000000004,1.456900000000001,20.1346,32.17865,-46.353125000000006,0.2911625000000009,6.193312500000001,1.2198250000000002,19.97525,0.6260039550986825,1.3367339747199263
121.25,24.85,154.826,SSP5-8.5,2021-2040,6.535899999999998,30.390900000000002,-5.7792000000001735,0.33310000000000173,6.087900000000005,0.9293000000000013,18.9,31.842662500000003,-45.29553750000005,0.34848750000000006,6.397850000000001,0.7838375,19.880787499999997,0.6260039550986825,1.3999297550897176
121.25,24.9,142.2652,SSP5-8.5,2021-2040,3.2593999999999994,29.919400000000003,-23.115800000000036,0.6904000000000003,6.586200000000002,-0.06550000000000011,19.0212,30.995675,-46.358425000000096,0.4812375000000002,6.489225000000001,0.20516250000000014,19.2632375,0.6260039550986825,1.4631255354595045
121.25,24.95,139.2897,SSP5-8.5,2021-2040,0.8923999999999808,30.554899999999996,-59.087400000000116,0.6583000000000006,6.9724,-0.4931000000000001,19.1077,31.214487500000004,-31.259262500000034,0.7081999999999997,6.0909625,-0.053875000000000006,19.753137499999998,0.6260039550986825,1.526321315829296
121.25,25.0,141.6408,SSP5-8.5,2021-2040,1.8572999999999809,31.990099999999998,-11.859699999999975,0.8183000000000007,6.7707000000000015,0.07240000000000002,20.621199999999998,32.086487500000004,-19.69292500000003,0.8147374999999992,5.716374999999999,-0.14029999999999987,20.348075,0.6260039550986825,1.5895170961990874
121.25,25.05,137.2724,SSP5-8.5,2021-2040,6.9572,33.62819999999999,11.214500000000044,0.8010999999999981,4.820700000000002,-0.1982999999999997,21.963499999999996,32.918612499999995,3.2807750000000055,0.9279374999999996,5.653024999999998,0.06401250000000014,20.883899999999997,0.6260039550986825,1.652712876568879
121.25,25.1,130.315,SSP5-8.5,2021-2040,7.505500000000012,33.7476,4.482099999999946,0.9612000000000016,5.796599999999998,-0.32589999999999897,21.5154,32.8819625,10.18073750000002,0.913349999999999,5.515087499999999,0.004950000000000121,20.6403875,0.6260039550986825,1.7159086569386703
121.3,22.95,212.7497,SSP5-8.5,2021-2040,-12.385599999999982,40.4349,-45.298,1.294400000000003,13.3672,1.9654999999999996,17.511499999999998,37.5896125,5.965975000000043,1.5615125,7.946762500000001,1.94225,15.5439875,0.7316977951799037,-1.0015098989623252
121.3,23.0,206.4605,SSP5-8.5,2021-2040,-4.604099999999988,37.9536,-8.196699999999964,1.6144999999999996,11.951699999999999,2.1758999999999995,15.636500000000002,37.863662500000004,5.119550000000061,1.6728375000000004,8.4706875,2.0678875,15.589175000000001,0.7316977951799037,-0.9383141185925338
121.3,23.05,210.6232,SSP5-8.5,2021-2040,-4.864200000000011,36.560700000000004,-0.5316000000000258,2.385300000000001,7.155200000000001,2.2138,14.407700000000002,37.27185,9.614550000000065,1.3231375,8.221762499999999,2.324575,15.409375,0.7316977951799037,-0.8751183382227424
121.3,23.1,220.1791,SSP5-8.5,2021-2040,-10.782700000000006,38.027300000000004,-4.085700000000088,1.2026000000000003,9.944799999999994,2.2552000000000003,14.911500000000002,36.7449875,-3.0573749999999222,1.2359125000000004,8.0278125,2.4088249999999998,14.550975000000001,0.7316977951799037,-0.811922557852951
121.3,23.15,238.9551,SSP5-8.5,2021-2040,-18.421999999999997,34.64970000000001,-24.66379999999981,1.0267000000000017,8.291399999999996,2.2982999999999993,11.7212,36.054500000000004,-18.871550000000013,0.9855,7.752800000000001,2.3758624999999998,14.012975,0.7316977951799037,-0.748726777483164
121.3,23.2,262.8138,SSP5-8.5,2021-2040,-25.377500000000026,36.9709,-55.90890000000013,0.8770999999999987,5.667200000000001,2.3827999999999996,14.7942,35.240775,-13.245612499999964,1.2166750000000004,6.9222125000000005,2.3047375,13.1992875,0.7316977951799037,-0.6855309971133726
121.3,23.25,259.1125,SSP5-8.5,2021-2040,-18.8784,34.979299999999995,5.4103999999999814,1.4107999999999983,6.3293000000000035,2.6654999999999998,13.338499999999998,35.911474999999996,14.051725000000005,1.2967500000000003,6.1135874999999995,2.32565,14.1639375,0.7316977951799037,-0.6223352167435812
121.3,23.3,251.4089,SSP5-8.5,2021-2040,-2.5309999999999775,35.63100000000001,82.50580000000014,1.2711000000000006,4.2224,2.3776,14.3712,36.974562500000005,53.682874999999996,1.4886499999999998,6.529525,2.4510875,15.14495,0.7316977951799037,-0.5591394363737897
121.3,23.35,264.1773,SSP5-8.5,2021-2040,-1.3482000000000198,37.446999999999996,60.57420000000002,1.4148999999999994,6.5809999999999995,2.2345000000000006,15.1077,37.11895,85.064225,1.4183624999999997,6.662074999999998,2.3954999999999997,15.455037500000001,0.7316977951799037,-0.4959436560039983
121.3,23.4,271.1424,SSP5-8.5,2021-2040,-0.30939999999998236,38.51499999999999,70.34300000000007,1.1574999999999989,8.7121,2.3466000000000005,15.276900000000001,37.8264125,86.73039999999997,1.4618,6.707537499999999,2.4976499999999997,15.854812500000001,0.7316977951799037,-0.43274787563421135
121.3,23.45,263.8152,SSP5-8.5,2021-2040,6.815099999999973,39.6342,79.25810000000001,1.099400000000001,7.413800000000002,3.1430999999999987,16.792299999999997,37.8364,89.73928749999999,1.4018125000000001,6.419625,2.5773875,15.937025000000002,0.7316977951799037,-0.3695520952644199
121.3,23.5,266.137,SSP5-8.5,2021-2040,19.573399999999992,38.877300000000005,118.99250000000029,1.1104999999999983,3.146600000000003,2.8827999999999996,16.813499999999998,37.6760375,109.38304999999994,1.4354875000000002,6.160774999999999,3.0739125,16.299525,0.7316977951799037,-0.3063563148946285
121.3,23.55,253.8481,SSP5-8.5,2021-2040,33.70530000000002,36.47540000000001,174.79340000000002,1.2616999999999994,3.9671999999999983,3.687900000000001,16.8885,36.556137500000006,129.02907499999992,1.4231249999999995,5.332325,2.7191750000000003,15.9704375,0.7316977951799037,-0.24316053452483705
121.3,23.6,231.6263,SSP5-8.5,2021-2040,35.0694,35.0181,192.6959999999999,1.4727999999999994,3.0517000000000003,2.120700000000001,17.5635,34.2427125,138.84136249999997,1.4414374999999997,5.2937375,2.5678750000000004,15.4610625,0.7316977951799037,-0.17996475415504562
121.3,23.65,198.8598,SSP5-8.5,2021-2040,33.6576,30.8609,152.25350000000003,1.6272000000000002,3.9655000000000022,1.8103000000000016,16.7442,32.6546875,122.81434999999996,1.412225,4.442662499999999,2.026725,14.856025,0.7316977951799037,-0.11676897378525869
121.3,23.7,198.088,SSP5-8.5,2021-2040,20.664500000000004,29.663899999999998,122.0299,1.5858000000000008,3.3878999999999984,1.3327999999999989,13.592300000000002,31.2719875,94.33027500000006,1.31285,3.0786750000000014,2.1036625000000004,15.067799999999998,0.7316977951799037,-0.053573193415467256
121.3,23.75,206.5757,SSP5-8.5,2021-2040,10.169999999999987,30.213299999999997,36.15100000000007,1.354099999999999,1.3276000000000003,1.5707000000000004,15.2635,30.3149625,68.37805000000003,1.2303000000000002,3.1590500000000015,1.9159499999999998,13.930299999999999,0.7316977951799037,0.009622586954324176
121.3,23.8,210.7696,SSP5-8.5,2021-2040,6.555300000000017,29.8998,21.2650000000001,1.1227,5.394800000000004,1.4878999999999998,13.4962,28.564912500000002,49.484037500000056,1.2164999999999997,3.749137500000001,1.8133749999999997,12.662512499999998,0.7316977951799037,0.0728183673241156
121.3,23.85,217.8147,SSP5-8.5,2021-2040,13.013600000000025,23.035700000000006,38.20859999999993,1.2064000000000004,6.603400000000001,1.4896999999999991,9.3173,28.44165,47.67483750000005,1.304575,5.4015,1.5719874999999996,12.2872625,0.7316977951799037,0.13601414769390704
121.3,23.9,216.9464,SSP5-8.5,2021-2040,13.42149999999998,28.274700000000003,67.46759999999995,1.3943000000000012,6.910299999999996,1.3827999999999996,13.2365,26.903174999999997,71.027725,1.4310249999999998,5.225225,1.3032499999999996,10.9742875,0.7316977951799037,0.19920992806369398
121.3,23.95,210.6926,SSP5-8.5,2021-2040,14.002499999999998,25.705299999999994,117.80739999999992,1.565100000000001,4.532799999999998,1.0999999999999996,11.4346,27.697874999999996,112.35792500000002,1.6613375000000006,4.0722000000000005,0.8806125,11.2939875,0.7316977951799037,0.26240570843348543
121.3,24.0,204.0411,SSP5-8.5,2021-2040,31.739599999999996,27.552,189.60450000000037,2.1193000000000026,1.5345000000000013,0.25340000000000096,10.828800000000001,27.2356375,150.61355,1.8470749999999998,2.4791125000000003,0.6278000000000001,10.860587500000001,0.7316977951799037,0.32560148880327683
121.3,24.05,201.9381,SSP5-8.5,2021-2040,39.02970000000002,26.4887,233.98420000000033,2.3081999999999994,-0.26550000000000296,0.48099999999999987,11.1885,27.355975,181.95888749999995,2.1202500000000004,1.6308250000000006,0.3480500000000004,10.855525,0.7316977951799037,0.3887972691730683
121.3,24.1,183.4887,SSP5-8.5,2021-2040,29.270200000000017,27.096000000000004,277.72509999999966,2.8259000000000007,0.6707000000000001,0.2276000000000007,11.2212,27.140875,163.9004625,1.9764749999999993,1.2784499999999999,0.37736250000000005,10.995899999999999,0.7316977951799037,0.4519930495428597
121.3,24.15,195.9269,SSP5-8.5,2021-2040,9.706200000000024,26.353800000000007,149.20530000000008,1.915499999999998,1.7414000000000023,0.2775999999999996,10.878800000000002,27.127275000000004,103.5529499999999,1.4757625000000005,1.6864125000000003,0.3293250000000001,10.839412499999998,0.7316977951799037,0.5151888299126467
121.3,24.2,225.1123,SSP5-8.5,2021-2040,-8.91640000000001,26.742100000000008,1.4209000000000742,0.47630000000000194,2.417200000000001,0.28279999999999994,10.176899999999998,27.2856875,34.210912500000006,0.7495250000000007,2.1849125000000003,0.4101374999999996,10.6572,0.7316977951799037,0.578384610282438
121.3,24.25,236.656,SSP5-8.5,2021-2040,-10.599700000000013,27.728400000000008,8.521999999999935,0.11320000000000263,1.9792999999999985,0.04309999999999903,9.850000000000001,27.419425000000004,-21.03162500000002,0.1774125000000013,2.4269375,0.6025874999999996,10.1319625,0.7316977951799037,0.6415803906522295
121.3,24.3,221.4116,SSP5-8.5,2021-2040,-7.663499999999999,27.812599999999996,-7.427000000000135,-0.1167999999999978,2.0121,1.1362000000000005,9.8173,27.320275000000002,-32.22013750000002,0.020800000000000818,2.7713249999999996,0.7165874999999995,9.6634625,0.7316977951799037,0.704776171022021
121.3,24.35,219.0711,SSP5-8.5,2021-2040,-9.100899999999996,26.567699999999995,-49.880300000000034,-0.14620000000000033,3.4655000000000022,0.9207000000000001,9.0558,26.361900000000002,-43.489137500000055,0.11348750000000041,2.8849000000000005,1.0999875,9.288225,0.7316977951799037,0.7679719513918124
121.3,24.4,223.1844,SSP5-8.5,2021-2040,-4.629000000000019,27.454500000000003,-46.18250000000012,0.06990000000000052,1.7103000000000002,1.6707,9.7058,24.9739125,-52.34188750000001,0.19671249999999962,3.4603375,1.143325,9.0867875,0.7316977951799037,0.8311677317615993
121.3,24.45,221.8939,SSP5-8.5,2021-2040,1.4665999999999997,24.537599999999998,-23.747100000000046,0.47080000000000055,2.9568999999999974,1.2828,9.8808,25.242787500000002,-46.462175,0.35948749999999907,2.7344875000000006,1.2181,8.9242875,0.7316977951799037,0.8943635121313908
121.3,24.5,233.9166,SSP5-8.5,2021-2040,-2.5932999999999993,27.2057,-12.639499999999998,0.44679999999999964,1.1397000000000048,1.4000000000000004,8.0769,25.562325,-18.622562499999987,0.5024874999999995,2.7219874999999996,1.5413875,9.405787499999999,0.7316977951799037,0.9575592925011822
121.3,24.55,262.7394,SSP5-8.5,2021-2040,-11.811700000000002,26.308100000000003,12.551800000000185,0.5076999999999998,2.7845000000000013,2.6966,8.6462,26.633962500000003,-8.876700000000028,0.5507999999999997,2.1424500000000006,1.828225,10.45265,0.7316977951799037,1.0207550728709736
121.3,24.6,277.6191,SSP5-8.5,2021-2040,-10.946100000000001,29.2417,1.0455999999999221,0.6903000000000006,2.530999999999999,2.6034000000000006,14.338500000000002,27.0318625,-18.08662499999997,0.48042500000000077,3.5530125000000012,2.0913874999999997,11.9872625,0.7316977951799037,1.0839508532407651
121.3,24.65,301.9903,SSP5-8.5,2021-2040,-9.071899999999971,29.308499999999995,-37.098199999999906,0.4227000000000025,5.6052000000000035,1.8310000000000013,16.803800000000003,28.102525,-36.71013750000003,0.5250124999999999,4.0422375,2.0230499999999996,14.301925,0.7316977951799037,1.147146633610552
121.3,24.7,308.3239,SSP5-8.5,2021-2040,-6.553200000000004,27.064699999999995,-75.47900000000027,0.5135000000000005,5.289700000000003,1.7533999999999992,14.6135,29.8403,-43.67029999999994,0.5275000000000003,5.7202625,1.71465,17.022599999999997,0.7316977951799037,1.2103424139803434
121.3,24.75,270.9052,SSP5-8.5,2021-2040,8.6952,29.17889999999999,-56.59259999999995,0.5435000000000016,6.536200000000001,1.4328000000000003,16.548099999999998,30.826725,-40.23193750000007,0.5038499999999999,5.532112499999999,1.7043,18.584137499999997,0.7316977951799037,1.273538194350135
121.3,24.8,216.2419,SSP5-8.5,2021-2040,6.157800000000009,32.789100000000005,-25.72490000000016,0.4419000000000004,6.158599999999996,1.8827999999999996,20.4019,31.124787499999996,-33.54898750000007,0.47827500000000045,5.974350000000001,1.4204625000000002,19.081975,0.7316977951799037,1.3367339747199263
121.3,24.85,177.3614,SSP5-8.5,2021-2040,6.792100000000005,32.2656,-10.687900000000127,0.7378999999999998,7.455200000000001,1.2034000000000002,19.7635,31.039112499999998,-33.24161250000009,0.4644375000000003,5.941162500000001,1.055825,19.380762500000003,0.7316977951799037,1.3999297550897176
121.3,24.9,149.5874,SSP5-8.5,2021-2040,6.205299999999994,30.514899999999997,-25.571300000000065,0.7518999999999991,7.698299999999996,0.4551999999999996,19.605800000000002,30.542587500000003,-38.269550000000066,0.5553624999999998,6.358612500000001,0.40625,19.388462500000003,0.7316977951799037,1.4631255354595045
121.3,24.95,142.3323,SSP5-8.5,2021-2040,5.1980000000000075,30.228400000000008,-45.76010000000019,0.6468999999999987,6.379299999999997,-0.38099999999999845,19.457700000000003,30.463324999999998,-31.082425,0.6770999999999998,6.7282375000000005,0.20691249999999983,19.612987500000003,0.7316977951799037,1.526321315829296
121.3,25.0,140.2247,SSP5-8.5,2021-2040,4.740099999999984,30.664900000000003,10.041699999999992,0.846899999999998,6.8568999999999996,0.6828000000000003,19.7673,30.997437499999997,-26.660799999999995,0.7279374999999995,6.4637875000000005,-0.026712500000000028,20.018275,0.7316977951799037,1.5895170961990874
121.3,25.05,133.8473,SSP5-8.5,2021-2040,4.906900000000007,31.760199999999998,25.742700000000013,0.967299999999998,6.487899999999996,0.5637999999999996,20.540399999999998,31.928262499999995,-3.023574999999994,0.8506749999999998,6.267049999999999,0.13318750000000035,20.3716375,0.7316977951799037,1.652712876568879
121.3,25.1,127.6105,SSP5-8.5,2021-2040,8.943999999999988,33.14039999999999,40.25339999999983,1.0122,4.346599999999995,0.37760000000000105,20.7077,32.344924999999996,2.2601750000000322,0.8800999999999992,6.151087499999999,0.015300000000000091,20.450975,0.7316977951799037,1.7159086569386703
121.3,25.15,130.2116,SSP5-8.5,2021-2040,5.4839000000000055,32.104099999999995,-4.415299999999888,0.8361999999999981,6.072400000000002,0.06720000000000059,19.8808,32.6269375,8.926699999999983,0.9009124999999996,5.975237499999999,0.07693750000000021,20.8425625,0.7316977951799037,1.7791044373084572
121.35,23.05,216.5907,SSP5-8.5,2021-2040,-8.257200000000012,38.62689999999999,3.2664000000002034,1.0074000000000005,12.072400000000002,2.510300000000001,16.7404,37.398575,4.038725000000028,1.3713875,8.393112499999999,2.4303875,14.7783625,0.837391635261125,-0.8751183382227424
121.35,23.1,223.9805,SSP5-8.5,2021-2040,-10.8005,37.187799999999996,4.66599999999994,0.8360000000000021,10.648300000000003,2.9947999999999997,15.721200000000001,36.821962500000005,3.709162500000076,1.2145375,8.7816875,2.4590500000000004,14.0387125,0.837391635261125,-0.811922557852951
121.35,23.15,217.1935,SSP5-8.5,2021-2040,-7.9062999999999874,36.5113,-21.442000000000007,1.2317,9.4621,2.4430999999999994,12.776900000000001,36.0093375,-3.4440375000000074,1.0702375000000002,8.2411625,2.4972,13.363949999999999,0.837391635261125,-0.748726777483164
121.35,23.2,235.3941,SSP5-8.5,2021-2040,-15.314900000000023,33.6139,-48.168699999999944,1.1407999999999987,5.506900000000002,2.1068999999999996,11.149999999999999,35.69347500000001,3.246600000000001,1.2410625,7.687287500000001,2.45905,13.281749999999999,0.837391635261125,-0.6855309971133726
121.35,23.25,226.3064,SSP5-8.5,2021-2040,-9.4409,36.417699999999996,11.966100000000097,1.411200000000001,4.891400000000004,2.1603000000000003,15.5058,35.528887499999996,26.729974999999968,1.3868749999999999,7.0146500000000005,2.4926749999999998,13.5399125,0.837391635261125,-0.6223352167435812
121.35,23.3,217.9439,SSP5-8.5,2021-2040,5.064799999999991,35.47709999999999,67.72029999999995,1.7604000000000006,8.068999999999996,2.4240999999999993,14.461500000000001,35.989425000000004,58.545075000000054,1.5066249999999997,6.691800000000001,2.6004375,14.175024999999998,0.837391635261125,-0.5591394363737897
121.35,23.35,247.5784,SSP5-8.5,2021-2040,0.3382000000000005,36.139700000000005,47.6726000000001,1.6427999999999976,7.474099999999996,2.5465999999999998,14.7769,36.5455125,70.34510000000003,1.4723375000000005,7.336199999999999,2.6043250000000002,14.5802875,0.837391635261125,-0.4959436560039983
121.35,23.4,262.7087,SSP5-8.5,2021-2040,2.214399999999955,36.22130000000001,-0.6789000000001124,1.3500000000000014,7.520699999999998,2.0465999999999998,14.867300000000002,37.033474999999996,63.15726250000003,1.4987125000000003,7.869174999999999,2.6866624999999997,14.94135,0.837391635261125,-0.43274787563421135
121.35,23.45,243.0505,SSP5-8.5,2021-2040,10.948499999999996,36.0567,5.0417999999999665,1.8236000000000008,8.770699999999998,2.3965999999999994,13.963500000000002,37.3478375,57.56537500000002,1.4384000000000008,7.6638,2.5933374999999996,15.636775,0.837391635261125,-0.3695520952644199
121.35,23.5,239.3016,SSP5-8.5,2021-2040,11.6644,36.293299999999995,15.173299999999927,1.6254000000000008,8.508600000000001,2.5655,15.442300000000001,36.76655,73.00195000000002,1.5521375000000002,7.074150000000001,2.7215625,15.6680375,0.837391635261125,-0.3063563148946285
121.35,23.55,232.5434,SSP5-8.5,2021-2040,28.441699999999997,36.512800000000006,75.07809999999995,1.5820000000000007,6.850000000000001,2.8568999999999996,15.5538,35.9380375,91.27177499999999,1.5375874999999999,6.147412500000001,2.4536625,15.593274999999998,0.837391635261125,-0.24316053452483705
121.35,23.6,240.6029,SSP5-8.5,2021-2040,28.709899999999976,36.886100000000006,119.72459999999978,1.4811999999999994,5.730999999999998,2.0517000000000003,13.7442,34.310762499999996,109.95102500000004,1.5289375000000003,5.816375000000001,2.420475,15.7613,0.837391635261125,-0.17996475415504562
121.35,23.65,236.2236,SSP5-8.5,2021-2040,22.34990000000002,31.423700000000004,124.03010000000017,1.3239,6.550000000000001,2.312099999999999,15.0423,33.907737499999996,110.71507499999996,1.5486125000000006,5.3394375,2.081675,14.93125,0.837391635261125,-0.11676897378525869
121.35,23.7,250.289,SSP5-8.5,2021-2040,18.597000000000037,33.7919,47.81959999999981,1.4374000000000002,5.7828,2.943100000000001,14.323099999999998,32.6951375,114.81238750000003,1.5422250000000004,4.9293125,2.0700374999999998,14.654800000000002,0.837391635261125,-0.053573193415467256
121.35,23.75,267.4969,SSP5-8.5,2021-2040,24.337300000000027,34.3609,166.72800000000007,1.708499999999999,2.6397000000000013,2.9499999999999993,14.519200000000001,31.6400375,78.9782875,1.4663125000000001,5.4624999999999995,2.053,13.564675000000001,0.837391635261125,0.009622586954324176
121.35,23.8,253.1649,SSP5-8.5,2021-2040,18.3827,29.160000000000004,85.31810000000019,1.6875999999999998,6.4533999999999985,2.1654999999999998,12.238500000000002,30.6077625,70.15003750000005,1.4716999999999998,5.517025,2.101275,12.672125,0.837391635261125,0.0728183673241156
121.35,23.85,261.0585,SSP5-8.5,2021-2040,29.825000000000045,29.8859,60.61180000000013,1.8143999999999991,6.941400000000002,2.0172000000000008,12.088500000000002,28.6504,75.93182500000012,1.5130250000000003,6.137475,2.0079749999999996,11.305525,0.837391635261125,0.13601414769390704
121.35,23.9,256.0584,SSP5-8.5,2021-2040,29.849800000000016,29.157999999999994,112.51150000000007,1.8518000000000008,5.534500000000001,2.068999999999999,11.6288,27.0105875,83.47180000000006,1.6246375000000002,5.678862499999999,1.6965625,10.229325,0.837391635261125,0.19920992806369398
121.35,23.95,241.2656,SSP5-8.5,2021-2040,25.762900000000002,25.311999999999998,117.54640000000018,1.792399999999997,3.4654999999999987,1.3966000000000012,9.0308,27.252250000000004,107.29215000000008,1.6587125000000011,4.5411625,1.3745749999999999,10.449012499999998,0.837391635261125,0.26240570843348543
121.35,24.0,253.4908,SSP5-8.5,2021-2040,22.246999999999986,26.733100000000007,108.79340000000002,1.5359000000000016,2.663800000000002,0.9707000000000008,9.575,27.116612500000002,116.10190000000009,1.7352,3.3303999999999996,1.01055,10.5927875,0.837391635261125,0.32560148880327683
121.35,24.05,255.8123,SSP5-8.5,2021-2040,20.579600000000028,28.274399999999993,118.27919999999995,1.4803999999999995,1.4466,1.2172,10.725,27.2281875,134.43858749999998,1.9107,2.61875,0.5810250000000003,10.8834125,0.837391635261125,0.3887972691730683
121.35,24.1,214.4599,SSP5-8.5,2021-2040,7.564899999999994,23.6216,153.3168999999998,1.979099999999999,1.9102999999999994,0.37069999999999936,10.057699999999999,27.821125,118.39386249999995,1.8027874999999995,2.4993624999999997,0.5398625000000001,11.234375,0.837391635261125,0.4519930495428597
121.35,24.15,215.3173,SSP5-8.5,2021-2040,-5.068899999999985,28.685899999999997,93.24440000000004,1.5899999999999999,2.417200000000001,0.4914000000000005,12.0846,26.900762500000003,67.42743749999988,1.3327874999999998,2.83125,0.56725,10.6730625,0.837391635261125,0.5151888299126467
121.35,24.2,255.9653,SSP5-8.5,2021-2040,-17.920000000000016,26.406000000000006,-9.965599999999995,0.4416000000000011,2.239699999999999,0.9000000000000004,10.5865,27.407812500000002,5.348687500000011,0.7546750000000002,3.1790875,0.6273874999999995,10.658875,0.837391635261125,0.578384610282438
121.35,24.25,256.3137,SSP5-8.5,2021-2040,-16.255199999999974,25.793300000000002,-46.459699999999884,0.14170000000000016,4.017199999999999,0.8775999999999993,10.807699999999999,26.946687500000003,-31.74248750000004,0.32177500000000103,2.6902999999999997,0.7825499999999999,9.980262499999998,0.837391635261125,0.6415803906522295
121.35,24.3,226.5923,SSP5-8.5,2021-2040,-2.616899999999987,26.96900000000001,-15.132800000000316,0.5650000000000013,2.2103,1.0671999999999997,9.4096,26.5406875,-42.871362499999975,0.12386250000000043,2.8079749999999994,0.7642249999999997,9.719225,0.837391635261125,0.704776171022021
121.35,24.35,215.3445,SSP5-8.5,2021-2040,-7.5260000000000105,27.066399999999994,-73.70770000000016,-0.1573999999999991,2.4206999999999965,1.0241000000000007,9.267299999999999,26.779775,-57.49298750000003,0.18972500000000037,2.937700000000001,0.9665874999999997,9.490624999999998,0.837391635261125,0.7679719513918124
121.35,24.4,218.0868,SSP5-8.5,2021-2040,-1.9238,27.341900000000003,-166.22259999999983,0.016299999999999315,5.265500000000003,1.1240999999999985,9.2885,27.224974999999997,-59.340775000000065,0.22463749999999982,3.2308125,1.072425,10.167549999999999,0.837391635261125,0.8311677317615993
121.35,24.45,218.0459,SSP5-8.5,2021-2040,2.4572000000000003,27.562599999999996,-71.79489999999987,0.18239999999999768,3.3206999999999987,1.1982999999999997,9.701899999999998,27.6028125,-61.06908750000005,0.39905000000000035,3.0413750000000013,1.1944,10.3714,0.837391635261125,0.8943635121313908
121.35,24.5,238.1233,SSP5-8.5,2021-2040,9.972499999999997,26.143100000000004,-27.919000000000096,0.560299999999998,1.5259,1.0534,8.9558,26.9958125,-27.763750000000016,0.5722125000000002,2.9991375000000002,1.5526000000000002,10.37885,0.837391635261125,0.9575592925011822
121.35,24.55,256.441,SSP5-8.5,2021-2040,2.924599999999998,25.85000000000001,10.511399999999867,0.7724000000000011,2.8171999999999997,1.8948,10.438500000000001,26.1390625,-2.088025000000016,0.7049625000000002,1.6771500000000001,1.9163750000000002,10.246162499999999,0.837391635261125,1.0207550728709736
121.35,24.6,250.5095,SSP5-8.5,2021-2040,1.762599999999992,23.1355,17.027599999999893,0.8102000000000018,-0.03280000000000172,2.5930999999999997,9.3865,26.8851875,4.328574999999944,0.7464625000000007,2.8982750000000004,2.1745625000000004,12.339200000000002,0.837391635261125,1.0839508532407651
121.35,24.65,265.6146,SSP5-8.5,2021-2040,-0.08859999999998536,28.1286,1.836699999999837,0.8576000000000015,4.9776000000000025,2.1723999999999997,13.6558,27.353225,-11.29725000000002,0.7259625000000005,3.1474125,2.2010625,14.2016875,0.837391635261125,1.147146633610552
121.35,24.7,295.0779,SSP5-8.5,2021-2040,-2.4032000000000266,29.530700000000003,-35.05179999999973,0.7762999999999991,5.2723999999999975,2.029299999999999,17.0404,28.715374999999995,-23.167125000000055,0.6685500000000006,5.146987500000001,1.892875,15.862025000000001,0.837391635261125,1.2103424139803434
121.35,24.75,290.8384,SSP5-8.5,2021-2040,0.9125999999999976,30.637800000000006,-38.47490000000016,0.6641999999999975,6.3516999999999975,1.7585999999999995,18.7654,29.4585875,-32.488587499999994,0.5783750000000003,5.540937499999999,1.7032249999999998,17.133412500000002,0.837391635261125,1.273538194350135
121.35,24.8,259.6651,SSP5-8.5,2021-2040,0.3340000000000032,29.994499999999995,-48.78020000000015,0.3039000000000023,5.3344999999999985,1.8069000000000006,18.0769,30.5511625,-37.078900000000004,0.5534999999999997,6.051712499999999,1.4159374999999996,18.4790875,0.837391635261125,1.3367339747199263
121.35,24.85,214.0627,SSP5-8.5,2021-2040,4.007999999999981,30.684400000000004,-72.07079999999996,0.3999999999999986,5.5379000000000005,1.3602999999999987,19.386499999999998,31.0563,-40.74490000000003,0.48083750000000025,6.042462499999999,1.1646625,19.1716375,0.837391635261125,1.3999297550897176
121.35,24.9,163.7108,SSP5-8.5,2021-2040,6.4742999999999995,30.717999999999996,-40.176099999999906,0.45889999999999986,6.075900000000004,0.6206999999999994,19.5192,30.5805875,-56.01471250000006,0.5339499999999999,6.4064625,0.7831999999999999,19.4593875,0.837391635261125,1.4631255354595045
121.35,24.95,153.6637,SSP5-8.5,2021-2040,2.9033000000000015,29.579100000000004,-49.47910000000002,0.5173999999999985,5.774100000000004,0.07589999999999897,19.951900000000002,30.423899999999996,-42.36872500000004,0.6427,6.565737499999999,0.6073500000000003,19.568275,0.837391635261125,1.526321315829296
121.35,25.0,151.0352,SSP5-8.5,2021-2040,-2.43119999999999,29.765299999999996,-49.41169999999988,0.6747000000000014,7.0914,0.3069000000000006,19.309599999999996,30.4025875,-30.439025000000015,0.7750249999999994,6.769387499999999,0.33967499999999984,19.921875,0.837391635261125,1.5895170961990874
121.35,25.05,144.0754,SSP5-8.5,2021-2040,3.9916000000000054,30.473299999999995,-34.64559999999983,0.7394999999999996,7.413799999999998,-0.16030000000000122,19.1942,31.226987499999996,-9.96157500000001,0.8842999999999996,6.588587499999999,0.36163750000000006,20.13485,0.837391635261125,1.652712876568879
121.35,25.1,135.6902,SSP5-8.5,2021-2040,6.798299999999983,32.016299999999994,5.736699999999928,0.9514999999999993,7.039700000000003,0.3103000000000007,19.894199999999998,31.568174999999997,-9.271037499999977,0.8624124999999996,6.6885875,0.13814999999999977,20.3827,0.837391635261125,1.7159086569386703
121.35,25.15,133.6245,SSP5-8.5,2021-2040,5.53279999999998,31.334600000000002,9.854499999999916,0.8783999999999992,5.725900000000003,0.24660000000000082,20.1885,31.434924999999996,-17.386787499999997,0.7472124999999998,6.120275,-0.002375000000000016,20.3483125,0.837391635261125,1.7791044373084572
121.4,23.1,213.0608,SSP5-8.5,2021-2040,-5.214200000000005,36.8716,42.634900000000016,1.0503999999999998,7.769000000000002,2.779300000000001,13.5923,36.1713,-4.056737499999969,1.1091875000000004,9.253449999999999,2.4711125,13.505300000000002,0.9430854753423764,-0.811922557852951
121.4,23.15,207.1675,SSP5-8.5,2021-2040,-0.07460000000000377,35.5972,33.89160000000015,1.1563999999999979,8.506900000000002,2.6724000000000006,12.471200000000001,35.9853625,4.126525000000015,1.1384500000000006,9.0125125,2.5228374999999996,13.418524999999999,0.9430854753423764,-0.748726777483164
121.4,23.2,202.9342,SSP5-8.5,2021-2040,3.1942999999999984,35.15630000000001,24.082299999999805,1.2719000000000023,9.5948,2.4879,12.549999999999999,36.04815000000001,12.646450000000016,1.2788124999999995,7.316387500000001,2.505175,13.4930375,0.9430854753423764,-0.6855309971133726
121.4,23.25,192.7873,SSP5-8.5,2021-2040,8.445700000000016,35.26540000000001,52.63709999999992,1.5427,8.755200000000002,2.5621,13.0962,35.45705,44.98288750000003,1.441675,7.441162500000001,2.5825249999999995,13.270199999999999,0.9430854753423764,-0.6223352167435812
121.4,23.3,189.4785,SSP5-8.5,2021-2040,16.867800000000017,37.1372,85.56150000000002,1.8201999999999998,7.9724,2.9345000000000008,14.557699999999999,35.883125,62.679925000000026,1.5338875,7.464437500000001,2.6823249999999996,14.025962499999999,0.9430854753423764,-0.5591394363737897
121.4,23.35,214.6207,SSP5-8.5,2021-2040,21.78030000000001,34.89810000000001,122.03290000000015,1.5393000000000008,7.308599999999998,3.322399999999999,12.6462,36.30544999999999,57.15288750000002,1.548375,7.701287499999999,2.6704875,14.4163375,0.9430854753423764,-0.4959436560039983
121.4,23.4,225.7963,SSP5-8.5,2021-2040,17.304299999999984,37.03739999999999,74.702,1.4653000000000027,8.3034,3.1483,15.3538,36.03960000000001,46.70866250000003,1.6164625000000001,7.821774999999999,2.6353624999999994,14.2682875,0.9430854753423764,-0.43274787563421135
121.4,23.45,214.7204,SSP5-8.5,2021-2040,18.89179999999999,36.539699999999996,45.63349999999991,1.8469000000000015,8.389700000000001,2.3552,15.6135,36.099725,35.55551249999999,1.6690375000000008,7.99935,2.5707,14.832450000000001,0.9430854753423764,-0.3695520952644199
121.4,23.5,220.4992,SSP5-8.5,2021-2040,20.727499999999992,35.664500000000004,57.099500000000035,1.8522000000000016,9.3155,2.2586000000000004,14.9346,35.740725,32.86501249999995,1.7910875000000004,8.013587500000002,2.5041,14.8526375,0.9430854753423764,-0.3063563148946285
121.4,23.55,226.6173,SSP5-8.5,2021-2040,21.842600000000004,34.37180000000001,28.11869999999999,1.840799999999998,8.739700000000003,2.1914,14.784600000000001,35.443175000000004,42.525924999999944,1.7016250000000004,7.278650000000001,2.4375,14.659112499999999,0.9430854753423764,-0.24316053452483705
121.4,23.6,249.4343,SSP5-8.5,2021-2040,17.774400000000014,33.9178,23.57619999999997,1.6561000000000021,6.719000000000001,1.8706999999999994,14.575,34.7939375,67.60828749999999,1.620625,7.117225,2.4028124999999996,14.534837499999998,0.9430854753423764,-0.17996475415504562
121.4,23.65,262.2052,SSP5-8.5,2021-2040,7.555700000000002,35.9056,109.0622000000003,1.4670000000000023,6.687899999999999,2.5138,14.9385,34.2963125,77.81302499999993,1.621375,6.443099999999999,2.2560374999999997,14.2423,0.9430854753423764,-0.11676897378525869
121.4,23.7,262.7116,SSP5-8.5,2021-2040,9.765100000000018,35.217600000000004,118.55859999999984,1.6614000000000004,7.389699999999998,2.010299999999999,13.9692,34.3822125,99.31242499999999,1.5784625000000008,6.2387875,2.3224125,14.681249999999999,0.9430854753423764,-0.053573193415467256
121.4,23.75,249.325,SSP5-8.5,2021-2040,12.32910000000004,33.9152,89.68579999999974,1.6099000000000014,7.4862,2.0603,13.1692,33.8440125,87.73713750000005,1.5038250000000002,6.228887499999999,2.335975,14.340387499999999,0.9430854753423764,0.009622586954324176
121.4,23.8,285.1217,SSP5-8.5,2021-2040,0.09530000000000882,31.2586,110.9983000000002,1.2715999999999994,6.477599999999999,2.853399999999999,12.465399999999999,33.1080625,65.1437250000001,1.5406499999999999,6.75215,2.2049374999999998,13.385575000000001,0.9430854753423764,0.0728183673241156
121.4,23.85,276.9052,SSP5-8.5,2021-2040,16.07510000000002,32.292699999999996,37.551800000000185,1.686,7.265499999999999,2.3810000000000002,11.0577,30.303437499999998,75.23900000000017,1.5905999999999998,6.2909375,2.181675,11.227875000000001,0.9430854753423764,0.13601414769390704
121.4,23.9,283.5294,SSP5-8.5,2021-2040,30.617700000000013,26.1237,134.13370000000032,1.8838000000000008,4.4603,2.2345000000000006,7.003799999999998,29.167212499999998,70.88798750000007,1.7070749999999995,5.951925,1.946125,10.103125,0.9430854753423764,0.19920992806369398
121.4,23.95,272.3215,SSP5-8.5,2021-2040,30.94739999999996,25.45470000000001,94.44709999999986,1.6547000000000018,5.2517,1.5706999999999987,8.6654,28.323437499999997,81.23730000000006,1.6517875,4.9359875,1.6513125000000004,9.64205,0.9430854753423764,0.26240570843348543
121.4,24.0,285.9052,SSP5-8.5,2021-2040,14.89730000000003,29.0165,33.572000000000116,1.2647999999999993,5.441400000000002,1.4154999999999998,11.2192,28.173175,68.86642499999994,1.6163874999999996,4.5196125,1.2349250000000003,10.375487499999998,0.9430854753423764,0.32560148880327683
121.4,24.05,298.1246,SSP5-8.5,2021-2040,-3.7872999999999593,29.1293,23.57439999999997,1.6966999999999999,5.2362,0.6500000000000004,11.649999999999999,28.028750000000002,67.77634999999992,1.5525124999999997,3.92975,0.9109875000000001,10.80095,0.9430854753423764,0.3887972691730683
121.4,24.1,280.8568,SSP5-8.5,2021-2040,-10.25260000000003,28.188300000000005,54.9381999999996,1.555699999999998,3.7585999999999977,0.279300000000001,11.3269,27.963849999999997,52.703912499999944,1.4815375,3.5719875,0.7211124999999998,11.209375,0.9430854753423764,0.4519930495428597
121.4,24.15,300.9809,SSP5-8.5,2021-2040,-27.098900000000015,28.352599999999995,-3.7998999999999796,1.049900000000001,4.989699999999999,0.694799999999999,10.799999999999999,27.7710625,25.516424999999913,1.1461124999999996,3.4327499999999995,0.7773750000000004,11.0644125,0.9430854753423764,0.5151888299126467
121.4,24.2,324.1519,SSP5-8.5,2021-2040,-39.25,28.445699999999995,-83.42140000000018,0.41829999999999856,4.9224,1.5052000000000003,10.3365,28.011225,-22.92138750000001,0.6960250000000001,3.4831874999999997,0.8392374999999999,11.1889375,0.9430854753423764,0.578384610282438
121.4,24.25,276.7358,SSP5-8.5,2021-2040,-21.374299999999977,27.160700000000006,-75.9221,0.3324999999999996,2.9482999999999997,0.8465999999999987,10.336500000000001,27.124825,-64.56415000000001,0.3874375000000003,3.5784374999999997,0.9648750000000001,10.318012499999998,0.9430854753423764,0.6415803906522295
121.4,24.3,230.4741,SSP5-8.5,2021-2040,-6.8536,24.309000000000005,-72.0138999999997,0.34410000000000096,2.793099999999999,0.4793000000000003,9.3288,25.9513375,-69.18735000000004,0.29110000000000014,2.8825374999999998,0.9027999999999996,9.7182625,0.9430854753423764,0.704776171022021
121.4,24.35,225.9675,SSP5-8.5,2021-2040,-6.621700000000004,25.887399999999992,-26.08219999999983,0.47979999999999734,2.8276000000000003,0.7861999999999991,9.290399999999998,25.407512500000003,-75.30721250000002,0.30571250000000094,2.8312375000000003,0.8639874999999999,9.237975,0.9430854753423764,0.7679719513918124
121.4,24.4,220.9495,SSP5-8.5,2021-2040,-2.0974999999999966,27.896099999999997,-77.00260000000026,0.30570000000000164,3.217200000000002,0.5482999999999993,10.0288,25.85495,-64.90266249999999,0.39214999999999955,3.216375,1.0540874999999998,9.778125,0.9430854753423764,0.8311677317615993
121.4,24.45,228.7963,SSP5-8.5,2021-2040,-0.3101000000000056,30.8275,-106.3289000000002,0.5921000000000003,5.927600000000002,1.1483000000000008,14.4096,27.364625,-53.3144375,0.5116250000000002,3.1327500000000006,1.0986999999999998,10.408412499999999,0.9430854753423764,0.8943635121313908
121.4,24.5,258.4791,SSP5-8.5,2021-2040,9.917899999999975,29.416099999999993,-28.510499999999865,0.7305000000000028,2.587900000000001,1.3276000000000003,12.625,27.904187500000003,-28.621650000000102,0.6698874999999995,3.6133624999999996,1.4355625,11.619712499999999,0.9430854753423764,0.9575592925011822
121.4,24.55,271.0039,SSP5-8.5,2021-2040,11.397500000000036,24.258899999999997,-2.1523000000001957,0.875,2.458599999999997,1.4724000000000004,9.2519,27.1423625,5.798324999999949,0.8319500000000004,2.6950374999999998,1.8678875,11.8906375,0.9430854753423764,1.0207550728709736
121.4,24.6,252.2096,SSP5-8.5,2021-2040,17.22029999999998,23.403399999999998,23.892100000000028,1.0188999999999986,0.42239999999999966,2.1845,10.6885,26.506999999999998,25.752012499999864,0.9042000000000008,3.3308125,2.1730625000000003,12.381499999999999,0.9430854753423764,1.0839508532407651
121.4,24.65,243.4296,SSP5-8.5,2021-2040,18.869399999999985,28.582299999999996,24.041499999999814,0.8271000000000015,1.5897000000000006,2.541400000000001,14.8904,25.6943375,21.534699999999987,0.9172750000000005,3.754725,2.1902999999999997,12.8824625,0.9430854753423764,1.147146633610552
121.4,24.7,262.8641,SSP5-8.5,2021-2040,13.794299999999964,28.558999999999997,-8.755799999999908,0.7486999999999995,4.5017,2.0724,15.8519,27.394325,15.517874999999947,0.8269750000000005,4.8545125,2.0471874999999997,14.8432875,0.9430854753423764,1.2103424139803434
121.4,24.75,272.7705,SSP5-8.5,2021-2040,6.205099999999959,28.263199999999998,5.1853000000000975,0.7711000000000006,6.324099999999998,1.5809999999999995,15.767300000000002,28.475524999999998,-4.553962499999955,0.6737250000000001,4.943087499999999,1.7971874999999997,16.4540875,0.9430854753423764,1.273538194350135
121.4,24.8,272.6348,SSP5-8.5,2021-2040,-0.8333999999999833,30.288600000000002,-14.709699999999884,0.5280999999999985,4.910299999999999,1.0671999999999997,18.7673,29.375375,-29.093187499999942,0.5611875,5.1321125,1.5325374999999997,17.4745125,0.9430854753423764,1.3367339747199263
121.4,24.85,248.1649,SSP5-8.5,2021-2040,-4.400299999999987,30.301699999999997,-83.55569999999989,0.3413000000000004,5.139700000000001,1.0413999999999994,18.432699999999997,29.9651,-49.732899999999944,0.4297875000000002,5.033837500000001,1.1941874999999997,18.4331625,0.9430854753423764,1.3999297550897176
121.4,24.9,199.7681,SSP5-8.5,2021-2040,7.163499999999999,31.578000000000003,-76.75340000000006,0.2828000000000017,5.5672,1.239700000000001,18.8058,29.585324999999997,-77.97184999999996,0.4332124999999998,5.684925000000002,0.9215624999999994,18.97115,0.9430854753423764,1.4631255354595045
121.4,24.95,168.4861,SSP5-8.5,2021-2040,-4.54849999999999,29.492599999999996,-84.23940000000016,0.5934000000000026,7.699999999999996,1.2706999999999997,20.2712,29.5455625,-76.29052499999997,0.48580000000000023,6.0084125,0.7273874999999999,19.1144125,0.9430854753423764,1.526321315829296
121.4,25.0,155.8292,SSP5-8.5,2021-2040,-6.079399999999993,30.42909999999999,-27.079500000000053,0.886099999999999,5.156899999999997,0.6638000000000002,19.8096,29.319699999999997,-68.70488749999993,0.6444750000000004,6.9778125,0.5187624999999996,19.6639375,0.9430854753423764,1.5895170961990874
121.4,25.05,152.3147,SSP5-8.5,2021-2040,-0.21949999999998226,30.5931,-38.09289999999987,1.0027000000000008,8.386200000000002,0.0016999999999995907,20.3827,29.990412499999998,-46.46038749999997,0.727325,6.5950625,0.3633624999999997,19.900462499999996,0.9430854753423764,1.652712876568879
121.4,25.1,155.8915,SSP5-8.5,2021-2040,-1.6188999999999965,31.446600000000004,-46.88300000000004,0.7330000000000005,7.343100000000003,-0.013800000000001589,20.6673,30.616925,-24.42448749999997,0.7773124999999999,6.6327750000000005,0.13362499999999977,20.320425,0.9430854753423764,1.7159086569386703
121.4,25.15,151.4827,SSP5-8.5,2021-2040,-0.2441000000000031,31.693099999999994,-25.982099999999946,0.7300000000000004,7.7327999999999975,0.02239999999999931,21.5,30.696225,-29.60978750000001,0.6041249999999998,5.775662500000001,0.04245000000000021,20.51995,0.9430854753423764,1.7791044373084572
121.4,25.2,142.1568,SSP5-8.5,2021-2040,-0.9192999999999927,30.187599999999996,-49.199299999999994,0.49820000000000064,3.582800000000006,-0.4913999999999987,20.6481,30.874474999999997,-55.56528749999998,0.4628999999999994,6.001524999999999,-0.1547375000000002,20.845925,0.9430854753423764,1.8423002176782488
121.45,23.3,182.6812,SSP5-8.5,2021-2040,23.269500000000022,35.3589,62.77710000000002,1.4331999999999994,7.679300000000005,2.5516999999999994,12.8192,36.0308,63.11438750000002,1.5777375000000005,7.906899999999999,2.88255,14.050249999999998,1.0487793154235978,-0.5591394363737897
121.45,23.35,188.4775,SSP5-8.5,2021-2040,25.33620000000002,36.4707,61.931299999999965,1.4761999999999986,7.234500000000001,2.7431,13.548099999999998,35.9901375,58.44687500000006,1.5915750000000002,7.8586125000000004,2.8915999999999995,14.0846125,1.0487793154235978,-0.4959436560039983
121.45,23.4,205.0619,SSP5-8.5,2021-2040,24.329099999999983,36.6013,57.53720000000021,1.4389000000000003,7.3568999999999996,2.9689999999999994,14.946200000000001,35.860075,44.28895,1.5987500000000003,7.964875000000001,2.8252125,14.046149999999999,1.0487793154235978,-0.43274787563421135
121.45,23.45,199.9067,SSP5-8.5,2021-2040,24.28110000000001,35.389300000000006,34.49890000000005,1.814,8.519000000000002,2.7034000000000002,13.7846,36.071925,26.2073125,1.6804875000000004,7.9422375,2.7319125,14.977875000000001,1.0487793154235978,-0.3695520952644199
121.45,23.5,207.711,SSP5-8.5,2021-2040,19.010399999999976,35.534,41.07029999999986,1.982899999999999,5.700000000000003,2.4776000000000007,15.3673,35.657300000000006,13.592800000000011,1.7450125,8.5105625,2.6293125,14.7591125,1.0487793154235978,-0.3063563148946285
121.45,23.55,219.2241,SSP5-8.5,2021-2040,18.635199999999998,35.2282,18.305499999999938,1.8131000000000022,8.631,2.4862,14.311499999999999,34.975425,12.635749999999973,1.6643749999999997,7.449562500000001,2.6750125000000002,14.6644,1.0487793154235978,-0.24316053452483705
121.45,23.6,240.6733,SSP5-8.5,2021-2040,13.198499999999996,33.5087,-9.820099999999911,1.6200999999999972,6.774100000000001,2.9328000000000003,13.3442,34.9160875,40.208624999999955,1.5980750000000006,7.2745625,2.5278124999999996,14.574987499999999,1.0487793154235978,-0.17996475415504562
121.45,23.65,240.973,SSP5-8.5,2021-2040,11.631299999999982,34.5146,76.36719999999968,1.8369,6.9741,1.8775999999999993,14.559599999999998,34.586262500000004,66.5063125,1.5855375000000003,6.5321125,2.4513,14.1326875,1.0487793154235978,-0.11676897378525869
121.45,23.7,232.4353,SSP5-8.5,2021-2040,16.58759999999998,35.1101,122.24800000000005,1.9540000000000006,5.6240999999999985,2.0500000000000007,14.380799999999999,34.954175,74.60453749999999,1.5265375000000005,7.08685,2.0969749999999996,14.4925375,1.0487793154235978,-0.053573193415467256
121.45,23.75,240.1365,SSP5-8.5,2021-2040,8.230799999999988,36.0357,58.558500000000095,1.2901000000000025,8.165500000000002,1.8724000000000007,16.5173,34.816275,53.10827500000002,1.4235500000000003,6.707112499999999,2.09675,14.560812499999999,1.0487793154235978,0.009622586954324176
121.45,23.8,259.8564,SSP5-8.5,2021-2040,-0.3853000000000293,35.817299999999996,-8.33199999999988,1.0199999999999996,7.298299999999998,1.8430999999999997,16.3096,34.85495,25.82271250000005,1.3453875,6.9502,2.1017124999999997,14.4363,1.0487793154235978,0.0728183673241156
121.45,23.85,273.9441,SSP5-8.5,2021-2040,4.325500000000034,33.3968,31.027800000000298,1.5086999999999975,7.767199999999999,2.3499999999999996,11.1846,33.118075,22.700162500000033,1.3861875000000001,6.198262499999999,2.048275,13.130525,1.0487793154235978,0.13601414769390704
121.45,23.9,282.4909,SSP5-8.5,2021-2040,21.066899999999976,27.627199999999995,75.64280000000008,1.6869000000000014,5.3948,1.9207,6.903799999999999,32.0943375,18.096812499999942,1.5414749999999995,6.4275625000000005,1.9168124999999998,12.1091375,1.0487793154235978,0.19920992806369398
121.45,23.95,282.5981,SSP5-8.5,2021-2040,21.449000000000012,30.2104,37.76469999999972,1.661699999999998,5.9948000000000015,1.8638000000000012,10.2654,30.081999999999997,18.656362499999943,1.5225000000000009,6.0502,1.6948374999999998,10.696862499999998,1.0487793154235978,0.26240570843348543
121.45,24.0,299.6006,SSP5-8.5,2021-2040,14.57570000000004,32.4066,29.933899999999994,1.5370000000000008,6.532799999999998,1.3397000000000006,11.5096,29.2338125,3.5617374999998788,1.5145875000000002,5.90085,1.3972,11.1891875,1.0487793154235978,0.32560148880327683
121.45,24.05,329.8432,SSP5-8.5,2021-2040,-6.912900000000036,27.86489999999999,20.592299999999796,1.5722999999999985,5.5655,0.8706999999999994,11.582699999999999,29.2343125,7.855999999999938,1.4584375000000005,5.032337499999999,0.9978500000000003,11.18845,1.0487793154235978,0.3887972691730683
121.45,24.1,358.1538,SSP5-8.5,2021-2040,-23.187900000000013,28.1246,22.784900000000107,1.4949000000000012,4.119,0.8240999999999996,10.4115,28.839887499999996,4.837912499999902,1.3167499999999999,4.146775,0.7504250000000002,11.698799999999999,1.0487793154235978,0.4519930495428597
121.45,24.15,381.7394,SSP5-8.5,2021-2040,-36.5958,29.6575,-6.360900000000129,0.9890000000000008,2.891400000000001,0.6500000000000004,12.363500000000002,29.195737499999996,-11.886525000000063,0.9818124999999998,3.782549999999999,0.9159500000000002,11.3911,1.0487793154235978,0.5151888299126467
121.45,24.2,365.9708,SSP5-8.5,2021-2040,-38.711900000000014,29.038899999999998,-20.405099999999948,0.7002999999999986,5.2033999999999985,1.1983000000000015,11.348099999999999,29.025524999999995,-58.99801250000007,0.5990250000000001,3.311,1.0064749999999996,11.5009625,1.0487793154235978,0.578384610282438
121.45,24.25,299.3308,SSP5-8.5,2021-2040,-29.568600000000004,28.994899999999994,-113.70220000000018,0.32319999999999993,3.1586,1.0551999999999992,11.1846,27.902025000000002,-97.27563749999999,0.3722000000000003,3.7786625000000003,0.966825,10.755287500000001,1.0487793154235978,0.6415803906522295
121.45,24.3,235.0949,SSP5-8.5,2021-2040,-10.075799999999987,27.041800000000002,-155.4124999999999,0.165300000000002,4.082800000000002,0.6362000000000005,9.542300000000001,25.780137500000002,-95.07083749999998,0.35648750000000007,2.99935,0.8424624999999994,9.9776375,1.0487793154235978,0.704776171022021
121.45,24.35,234.2998,SSP5-8.5,2021-2040,-3.6348000000000127,18.697200000000002,-47.07960000000003,0.4786999999999999,1.3948,0.9292999999999996,7.9077,26.153049999999997,-80.43066249999993,0.4014875000000009,2.8034500000000007,0.8176624999999997,9.635562499999999,1.0487793154235978,0.7679719513918124
121.45,24.4,252.4848,SSP5-8.5,2021-2040,-0.5187999999999988,23.938699999999997,4.114000000000033,0.7280000000000015,1.2654999999999994,1.1034000000000006,9.1308,25.77355,-52.51498750000002,0.5405375000000003,2.613150000000001,1.0465624999999996,10.001425,1.0487793154235978,0.8311677317615993
121.45,24.45,279.4547,SSP5-8.5,2021-2040,-1.725999999999999,25.517900000000004,-32.11940000000004,0.8172999999999995,3.308600000000002,1.1189999999999998,9.228799999999998,27.484212499999998,-41.28197499999996,0.658375000000001,2.7347000000000006,1.3267250000000002,11.321387499999998,1.0487793154235978,0.8943635121313908
121.45,24.5,305.3852,SSP5-8.5,2021-2040,6.101999999999975,31.100600000000007,-27.060500000000047,0.7525000000000013,4.570699999999999,1.3155000000000001,14.307699999999999,27.895425000000003,-19.686774999999983,0.7991500000000002,3.6269375000000004,1.71015,12.436049999999998,1.0487793154235978,0.9575592925011822
121.45,24.55,288.5667,SSP5-8.5,2021-2040,14.428399999999954,31.972899999999996,27.890399999999772,0.8070999999999984,4.977599999999999,2.2828,16.6635,27.791075,12.230625000000089,0.9511375000000006,3.7161625,1.8862124999999998,13.0245125,1.0487793154235978,1.0207550728709736
121.45,24.6,263.3209,SSP5-8.5,2021-2040,18.616100000000017,26.1173,50.55510000000004,1.2037000000000013,4.691400000000002,2.2913999999999994,12.059600000000001,27.944499999999998,45.15236249999998,0.9708125000000005,4.059049999999999,2.0191875,14.18005,1.0487793154235978,1.0839508532407651
121.45,24.65,265.1685,SSP5-8.5,2021-2040,34.72660000000002,24.0105,76.30569999999989,1.0805000000000007,5.167200000000001,2.1362000000000005,12.7058,26.843587499999998,39.7322125,0.9494625000000005,4.2631499999999996,1.8258625,13.6851,1.0487793154235978,1.147146633610552
121.45,24.7,259.908,SSP5-8.5,2021-2040,25.41319999999996,22.6697,46.46799999999985,0.8423000000000016,5.0379000000000005,2.043099999999999,11.6712,27.6213625,31.210387500000024,0.8210875000000009,4.8079624999999995,1.6892125000000004,14.708175000000002,1.0487793154235978,1.2103424139803434
121.45,24.75,277.3872,SSP5-8.5,2021-2040,9.9332,27.331799999999994,43.83249999999998,0.7967000000000013,4.115500000000001,2.115500000000001,14.25,28.0006625,10.761675000000082,0.7084000000000001,4.9799375,1.4262875,15.747125,1.0487793154235978,1.273538194350135
121.45,24.8,281.618,SSP5-8.5,2021-2040,3.5301000000000045,28.792100000000005,19.040200000000368,0.7296000000000014,4.0207000000000015,1.4844999999999988,17.209600000000002,29.2914875,-23.098162499999887,0.5778625000000002,4.826725,1.2831875000000001,17.10265,1.0487793154235978,1.3367339747199263
121.45,24.85,269.4379,SSP5-8.5,2021-2040,-2.7601000000000226,28.997499999999995,-57.92189999999982,0.4826999999999977,4.232800000000001,1.1120999999999999,17.907700000000002,29.477675,-61.16478749999993,0.42796250000000047,4.809912499999999,1.043975,17.7197125,1.0487793154235978,1.3999297550897176
121.45,24.9,229.719,SSP5-8.5,2021-2040,-3.1280999999999892,28.667699999999996,-106.49130000000014,0.25230000000000175,4.5914,0.8620999999999999,17.792299999999997,29.08925,-101.1743374999999,0.36521250000000016,5.634275,0.9351375000000002,18.144475,1.0487793154235978,1.4631255354595045
121.45,24.95,184.5371,SSP5-8.5,2021-2040,-11.554000000000002,28.2416,-129.8404999999998,0.41969999999999885,6.427600000000002,1.0292999999999992,18.5077,28.5201,-108.30346249999997,0.35975000000000046,6.060124999999999,0.9269500000000002,18.4427875,1.0487793154235978,1.526321315829296
121.45,25.0,167.6302,SSP5-8.5,2021-2040,-12.162900000000008,27.3857,-131.09259999999995,0.39450000000000074,7.3828,1.0206999999999997,19.2192,28.538649999999997,-85.74443749999989,0.5479875000000001,6.5631499999999985,0.7870749999999997,19.1473625,1.0487793154235978,1.5895170961990874
121.45,25.05,152.8315,SSP5-8.5,2021-2040,-6.537400000000019,29.026900000000005,-32.837299999999914,0.8139000000000003,5.646599999999996,0.6052,20.474999999999998,28.8185875,-70.33823749999996,0.5551750000000002,6.843325,0.5655124999999994,19.6877375,1.0487793154235978,1.652712876568879
121.45,25.1,152.66,SSP5-8.5,2021-2040,-0.577699999999993,29.380100000000006,-55.4701,0.6253999999999991,5.686200000000003,0.17409999999999926,20.6346,29.9802125,-36.20287499999995,0.5925875000000005,6.704324999999999,0.29159999999999964,20.487975,1.0487793154235978,1.7159086569386703
121.45,25.15,161.2244,SSP5-8.5,2021-2040,1.5822000000000003,30.417999999999992,-23.959100000000035,0.4771000000000001,5.430999999999997,-0.13100000000000023,20.294200000000004,30.419874999999998,-59.30371249999996,0.4337749999999998,6.034937500000001,-0.11187500000000017,20.8973625,1.0487793154235978,1.7791044373084572
121.45,25.2,155.7339,SSP5-8.5,2021-2040,-0.9926000000000101,29.485699999999994,-64.6726000000001,0.3904999999999994,5.9206999999999965,-0.04659999999999975,20.063499999999998,30.439137499999998,-101.74856249999993,0.21179999999999932,5.259275000000001,-0.528225,20.7098625,1.0487793154235978,1.8423002176782488
121.45,25.25,147.3289,SSP5-8.5,2021-2040,-0.02209999999999468,29.482499999999995,-102.9018000000001,0.3114999999999988,5.0138,-0.44480000000000075,20.4712,30.126475,-158.05641250000002,-0.04695000000000027,4.728875,-0.8239249999999998,20.2473625,1.0487793154235978,1.9054959980480402
121.5,22.05,131.3531,SSP5-8.5,2021-2040,-0.06410000000002469,44.4034,-45.39879999999994,0.198599999999999,6.905200000000001,2.7654999999999994,18.3885,43.9547125,-116.97431250000005,0.4295749999999998,10.711862499999999,2.9933125,18.78125,1.154473155504819,-2.139033945618553
121.5,22.65,147.1573,SSP5-8.5,2021-2040,14.110600000000005,44.122400000000006,-59.50630000000001,1.535499999999999,7.7621,2.25,18.3288,39.631187499999996,-24.978537500000044,1.093325,9.044162500000002,1.827375,17.6281125,1.154473155504819,-1.3806845811810693
121.5,23.4,176.4399,SSP5-8.5,2021-2040,32.74510000000001,35.35920000000001,-17.207200000000057,1.5789000000000009,8.255199999999999,2.9569,13.7923,36.096975,43.39487500000004,1.607425,7.9161625,2.8663875,14.463462499999999,1.154473155504819,-0.43274787563421135
121.5,23.45,180.9229,SSP5-8.5,2021-2040,32.821200000000005,35.82730000000001,-30.05690000000004,1.6361999999999988,8.0293,2.8207000000000004,14.8115,35.9157,21.721925000000027,1.7088375000000002,7.999575,2.7424625000000002,14.783887499999999,1.154473155504819,-0.3695520952644199
121.5,23.5,187.6755,SSP5-8.5,2021-2040,29.832400000000007,36.01199999999999,-19.119899999999916,1.642599999999998,8.187900000000003,2.8689999999999998,15.0038,35.7034625,10.462749999999971,1.7129250000000005,7.9775875,2.6911625000000003,14.621612500000001,1.154473155504819,-0.3063563148946285
121.5,23.55,203.4472,SSP5-8.5,2021-2040,22.0437,36.22560000000001,-25.736899999999878,1.5143000000000004,8.272399999999998,3.3499999999999996,14.8288,35.3552875,10.760112499999934,1.6189874999999996,7.146975000000001,2.7256625,14.709837499999999,1.154473155504819,-0.24316053452483705
121.5,23.6,219.3545,SSP5-8.5,2021-2040,14.89009999999999,34.56900000000001,5.898199999999633,1.2060000000000013,5.887900000000002,3.4499999999999993,14.476899999999999,35.4742625,24.08594999999997,1.5229749999999997,6.8784375,2.735575,14.4785875,1.154473155504819,-0.17996475415504562
121.5,23.65,212.1956,SSP5-8.5,2021-2040,19.231599999999986,34.5961,86.0779,1.4503999999999984,6.284500000000001,2.4827999999999992,14.124999999999998,34.9776625,40.971912499999945,1.46745,6.137700000000001,2.7650875,14.119937499999999,1.154473155504819,-0.11676897378525869
121.5,23.7,215.9641,SSP5-8.5,2021-2040,18.456400000000002,33.8652,76.44950000000017,1.6692999999999998,6.889700000000001,2.3000000000000007,13.2519,35.4073,42.868462499999964,1.3641375000000002,6.359037500000001,2.350425,14.819937499999998,1.154473155504819,-0.053573193415467256
121.5,23.75,228.4385,SSP5-8.5,2021-2040,7.482599999999991,35.58339999999999,-17.9233999999999,1.2272999999999996,6.8172,1.6585999999999999,15.409600000000001,35.666650000000004,12.377212500000013,1.2401500000000005,6.589875,2.1821,15.362737499999998,1.154473155504819,0.009622586954324176
121.5,23.8,243.236,SSP5-8.5,2021-2040,-5.591399999999993,37.762800000000006,-66.81860000000006,0.9749000000000017,5.674099999999999,1.9983000000000004,17.5308,36.0136375,-20.628649999999965,1.1776999999999995,6.98405,1.8790875,15.82115,1.154473155504819,0.0728183673241156
121.5,23.85,239.7198,SSP5-8.5,2021-2040,-0.5165999999999826,38.5944,-36.49850000000015,1.1945999999999977,5.9483,1.6396999999999995,18.1558,35.112049999999996,-31.479225000000014,1.2388875000000001,6.865937499999999,1.8202625,14.939174999999999,1.154473155504819,0.13601414769390704
121.5,23.9,261.2974,SSP5-8.5,2021-2040,-6.559499999999986,35.46790000000001,-65.07620000000043,1.3717000000000006,7.0672,1.5154999999999994,15.617299999999998,34.978575,-22.438525000000055,1.4001374999999994,6.974775,1.75325,14.537975,1.154473155504819,0.19920992806369398
121.5,23.95,290.0911,SSP5-8.5,2021-2040,-10.046299999999974,35.214099999999995,-88.57590000000027,1.3705999999999996,7.6655000000000015,1.7792999999999992,14.9231,33.7640375,-21.13701250000014,1.4314375000000004,6.8422374999999995,1.6353625000000003,13.440375,1.154473155504819,0.26240570843348543
121.5,24.0,294.3171,SSP5-8.5,2021-2040,0.6015000000000441,29.345299999999995,-64.82650000000012,1.4105000000000025,6.587899999999998,1.7828,9.732699999999998,32.247474999999994,-27.095225000000113,1.44265,6.635562500000001,1.5015125000000002,12.908175,1.154473155504819,0.32560148880327683
121.5,24.05,317.0389,SSP5-8.5,2021-2040,-13.350999999999999,27.6353,-28.054200000000037,1.485400000000002,5.463799999999999,1.2448000000000015,11.475000000000001,30.678024999999998,-21.998925000000042,1.3516250000000005,5.537725,1.2319,11.748549999999998,1.154473155504819,0.3887972691730683
121.5,24.1,372.9615,SSP5-8.5,2021-2040,-33.33409999999998,30.028599999999997,-9.07470000000012,1.2225000000000001,3.1189999999999998,0.4466000000000001,12.182699999999999,29.340087499999996,-20.18927500000001,1.2019125000000002,4.4803999999999995,1.1187375000000002,11.74375,1.154473155504819,0.4519930495428597
121.5,24.15,449.7831,SSP5-8.5,2021-2040,-52.04989999999998,29.862599999999993,-13.111899999999878,0.9624999999999986,2.1499999999999986,1.1672000000000002,12.209599999999998,29.8920125,-27.306625000000054,0.9049875000000003,3.7952749999999997,0.9825500000000004,12.21035,1.154473155504819,0.5151888299126467
121.5,24.2,430.1145,SSP5-8.5,2021-2040,-55.874300000000005,31.5246,-43.002300000000105,0.4504000000000019,1.9983000000000004,1.2120999999999995,12.5135,28.731125,-57.99681250000006,0.6519624999999998,3.7515125,1.1002250000000002,11.81035,1.154473155504819,0.578384610282438
121.5,24.25,318.813,SSP5-8.5,2021-2040,-36.89999999999998,28.205599999999997,-132.66340000000014,0.26640000000000086,3.4293000000000013,0.9207000000000001,12.2635,27.792187499999997,-86.36840000000001,0.4920500000000003,3.913150000000001,1.14785,10.7560125,1.154473155504819,0.6415803906522295
121.5,24.3,252.8969,SSP5-8.5,2021-2040,-14.377199999999988,27.4899,-195.36439999999993,0.3003,4.851700000000001,0.9361999999999995,10.3731,25.7896,-81.77562499999999,0.4418625000000005,2.883200000000001,1.1094874999999997,9.958400000000001,1.154473155504819,0.704776171022021
121.5,24.35,255.5467,SSP5-8.5,2021-2040,0.6705000000000041,25.4964,-97.73890000000006,0.32690000000000197,2.5914,0.7861999999999991,9.1365,25.9198125,-53.87468749999988,0.5225250000000008,2.138150000000001,1.2905125,10.0658625,1.154473155504819,0.7679719513918124
121.5,24.4,300.0776,SSP5-8.5,2021-2040,3.1135999999999626,27.165099999999995,-23.94479999999976,0.5618000000000016,0.7983000000000011,1.2654999999999994,10.253799999999998,25.2100625,-12.855099999999908,0.6275875000000006,1.5987125000000004,1.4784625,9.8935125,1.154473155504819,0.8311677317615993
121.5,24.45,350.4436,SSP5-8.5,2021-2040,3.2472000000000207,24.700800000000008,-9.823499999999967,0.7620000000000005,0.8397000000000006,1.7896999999999998,9.7558,26.533450000000002,-2.9201749999998583,0.7164625000000004,2.22005,1.7370625000000002,10.647599999999999,1.154473155504819,0.8943635121313908
121.5,24.5,385.5678,SSP5-8.5,2021-2040,7.34050000000002,24.8288,-61.698999999999614,0.8343999999999987,2.6707,2.115500000000001,10.059599999999998,27.9532375,19.256137500000023,0.8044375000000006,3.6181125,1.8719999999999999,12.525487499999999,1.154473155504819,0.9575592925011822
121.5,24.55,323.3038,SSP5-8.5,2021-2040,11.187999999999988,31.64050000000001,55.24900000000025,0.9748000000000019,6.2448000000000015,2.4258999999999986,17.4942,28.8040625,31.609962499999995,0.9419625000000003,4.6607875,1.978025,13.7048125,1.154473155504819,1.0207550728709736
121.5,24.6,281.8765,SSP5-8.5,2021-2040,24.486099999999965,31.563000000000002,87.57110000000011,1.2193000000000005,6.082799999999999,1.9568999999999992,17.7096,29.440037500000003,54.85865000000001,0.9662125000000006,5.5926625,1.8280374999999998,15.024525,1.154473155504819,1.0839508532407651
121.5,24.65,268.169,SSP5-8.5,2021-2040,39.01650000000001,28.124499999999998,68.42140000000018,0.9638000000000027,5.529299999999999,1.1533999999999995,14.0365,27.962850000000003,39.47564999999997,0.9490625000000001,5.8040875,1.4263124999999999,14.419975,1.154473155504819,1.147146633610552
121.5,24.7,256.3934,SSP5-8.5,2021-2040,33.64609999999999,25.7295,25.664299999999912,0.7718999999999987,6.249999999999998,0.36380000000000123,12.573100000000002,27.963137500000002,17.263512500000047,0.8084000000000007,5.4267125,1.0810375,14.893762500000001,1.154473155504819,1.2103424139803434
121.5,24.75,276.5896,SSP5-8.5,2021-2040,20.467499999999973,30.370100000000008,14.988200000000234,0.608900000000002,4.9862,1.5500000000000007,17.590400000000002,27.674750000000003,-7.677787499999965,0.7338374999999999,5.1637875,0.6041000000000003,15.155537500000001,1.154473155504819,1.273538194350135
121.5,24.8,293.3549,SSP5-8.5,2021-2040,14.431300000000022,29.3331,-1.7871000000000095,0.666599999999999,3.8085999999999984,1.2483000000000004,16.5462,28.826850000000004,-41.44284999999985,0.5517625000000002,4.8625125,0.6422375000000005,16.8898875,1.154473155504819,1.3367339747199263
121.5,24.85,271.892,SSP5-8.5,2021-2040,2.309000000000026,29.4459,-90.8168999999998,0.427500000000002,5.096599999999999,0.5500000000000007,17.5596,28.164462500000003,-83.29062499999992,0.32676250000000007,4.6232750000000005,0.7202625000000002,16.9456625,1.154473155504819,1.3999297550897176
121.5,24.9,229.5603,SSP5-8.5,2021-2040,-5.669000000000011,27.414300000000004,-134.24440000000004,0.19549999999999912,5.344799999999999,0.8586000000000009,16.644199999999998,27.756099999999996,-134.4112624999999,0.1286000000000005,5.1452625,0.6170250000000002,17.2968625,1.154473155504819,1.4631255354595045
121.5,24.95,183.2088,SSP5-8.5,2021-2040,-8.448599999999999,27.242399999999996,-152.02249999999958,0.17879999999999896,5.5655,0.37930000000000064,17.0269,26.885087499999997,-153.72895,0.08738750000000017,6.1472,0.7489250000000001,17.642775,1.154473155504819,1.526321315829296
121.5,25.0,174.3547,SSP5-8.5,2021-2040,-11.592700000000008,25.950999999999993,-154.50459999999975,0.0945999999999998,7.1724,1.1206999999999994,17.9731,27.230224999999997,-126.31958749999993,0.2532749999999995,6.510574999999999,0.6273749999999998,18.6151375,1.154473155504819,1.5895170961990874
121.5,25.05,175.4995,SSP5-8.5,2021-2040,-10.644500000000022,27.332499999999996,-67.33879999999999,0.3947000000000003,6.449999999999999,1.2258999999999993,18.732699999999998,27.6019125,-92.96997499999998,0.3438749999999997,6.643549999999999,0.6178874999999995,19.600475000000003,1.154473155504819,1.652712876568879
121.5,25.1,162.8556,SSP5-8.5,2021-2040,1.7335999999999956,28.030600000000007,-42.24440000000004,0.31040000000000134,7.1690000000000005,0.3309999999999995,20.082700000000003,28.963675000000002,-44.555812499999945,0.44846249999999976,5.7700499999999995,0.3439749999999997,20.195425,1.154473155504819,1.7159086569386703
121.5,25.15,204.7554,SSP5-8.5,2021-2040,-4.831299999999999,31.3009,-12.285399999999754,0.27890000000000015,5.475899999999999,0.2914000000000012,21.7692,29.4007125,-82.19538749999998,0.26776249999999946,5.5215499999999995,-0.30733750000000026,20.274037500000002,1.154473155504819,1.7791044373084572
121.5,25.2,226.1129,SSP5-8.5,2021-2040,-10.948499999999996,31.834400000000002,-177.6927999999998,-0.09620000000000317,5.369,-1.1621000000000006,21.813499999999998,29.8431875,-125.76312499999997,0.050512499999999516,5.157537499999999,-0.6079624999999997,20.175,1.154473155504819,1.8423002176782488
121.5,25.25,168.2755,SSP5-8.5,2021-2040,-0.7483000000000004,29.898200000000003,-187.7898,-0.14910000000000068,5.101700000000001,-0.7568999999999999,20.2654,29.9444625,-211.18992500000004,-0.35172500000000095,4.6956875,-1.014225,20.113475,1.154473155504819,1.9054959980480402
121.5,25.3,156.1099,SSP5-8.5,2021-2040,1.5006999999999948,30.140300000000003,-157.16360000000032,-0.05129999999999768,2.963799999999999,-0.8483,20.1,29.8637375,-237.09925000000004,-0.5138250000000011,4.7967625,-1.0808125,20.0754875,1.154473155504819,1.9686917784178315
121.55,22.05,157.5298,SSP5-8.5,2021-2040,1.2963000000000022,45.1061,-22.814200000000255,-0.01880000000000237,4.9983,3.6189999999999998,18.651899999999998,43.86687499999999,-119.79738750000001,0.45675,10.950225,2.8866249999999996,18.748325,1.2601669955860404,-2.139033945618553
121.55,23.55,183.7436,SSP5-8.5,2021-2040,23.861700000000013,36.39960000000001,5.728799999999865,1.511800000000001,7.098299999999998,2.4759,15.1423,35.54985,6.545287499999972,1.5270249999999996,6.805800000000001,2.9806125000000003,14.606224999999998,1.2601669955860404,-0.24316053452483705
121.55,23.6,193.2841,SSP5-8.5,2021-2040,22.452600000000018,37.21900000000001,15.899400000000014,1.3346,6.1569,2.9224000000000006,15.248099999999999,35.106037500000006,22.406024999999914,1.4072749999999998,6.5107625,2.8946249999999996,14.27185,1.2601669955860404,-0.17996475415504562
121.55,23.65,201.9305,SSP5-8.5,2021-2040,16.78450000000001,36.10230000000001,25.865800000000036,1.102599999999999,4.836200000000002,3.3568999999999996,14.2692,35.309962500000005,32.27183749999989,1.3826000000000003,6.432762500000001,2.626725,14.512724999999998,1.2601669955860404,-0.11676897378525869
121.55,23.7,203.7558,SSP5-8.5,2021-2040,14.151399999999995,34.9324,14.867299999999886,1.0161000000000016,5.958600000000001,3.231,13.428799999999999,35.535725,26.332775000000026,1.3418749999999995,6.214662500000001,2.3665875000000005,14.7709125,1.2601669955860404,-0.053573193415467256
121.55,23.75,207.1175,SSP5-8.5,2021-2040,10.036399999999986,36.383799999999994,-23.113600000000133,1.0357000000000003,6.212100000000003,2.2741000000000007,15.8692,35.8224375,-9.718612499999978,1.1781875000000004,6.5006375,2.2265,15.4413375,1.2601669955860404,0.009622586954324176
121.55,23.8,221.5869,SSP5-8.5,2021-2040,4.2616999999999905,35.4259,-74.84140000000002,0.9610999999999983,6.896599999999999,1.8879000000000001,15.613500000000002,37.040525,-40.814325000000025,1.1117000000000001,6.7778,1.7750124999999999,17.1158625,1.2601669955860404,0.0728183673241156
121.55,23.85,225.5658,SSP5-8.5,2021-2040,0.5619000000000085,36.87180000000001,-93.90660000000003,1.1841000000000008,6.767199999999999,1.5069,17.5096,36.706387500000005,-42.57197500000004,1.1553749999999998,7.226725,1.816825,16.4315,1.2601669955860404,0.13601414769390704
121.55,23.9,230.093,SSP5-8.5,2021-2040,-5.988599999999991,38.526700000000005,-49.52960000000007,1.2037000000000013,8.062100000000001,1.5396999999999998,18.8442,37.3868375,-55.01356250000009,1.2038875,7.4758625,1.6370874999999998,17.17765,1.2601669955860404,0.19920992806369398
121.55,23.95,240.3488,SSP5-8.5,2021-2040,-3.9723000000000184,39.3872,-55.43290000000002,1.3907999999999987,8.1983,1.4259000000000004,18.5173,36.2338125,-51.02397500000015,1.1785500000000009,7.464874999999999,1.6896624999999998,16.056725,1.2601669955860404,0.26240570843348543
121.55,24.0,270.0113,SSP5-8.5,2021-2040,2.234800000000007,37.14099999999999,-77.57230000000027,1.1891999999999996,6.900000000000002,1.6948000000000008,16.1327,34.264112499999996,-44.15948750000004,1.258512500000001,7.1728499999999995,1.6588375,14.456,1.2601669955860404,0.32560148880327683
121.55,24.05,304.0508,SSP5-8.5,2021-2040,-17.46719999999999,28.120299999999993,-55.417399999999816,1.3342000000000027,6.7638,1.793099999999999,8.859599999999999,33.536987499999995,-41.66178750000006,1.1640750000000004,6.1036624999999995,1.4323125000000003,14.2413375,1.2601669955860404,0.3887972691730683
121.55,24.1,363.4706,SSP5-8.5,2021-2040,-32.50389999999999,32.392900000000004,-42.41159999999991,1.0523999999999987,4.713799999999999,1.1034000000000006,13.576899999999998,31.7740125,-45.03252499999999,1.0870625,5.5756499999999996,1.3760750000000002,13.040149999999999,1.2601669955860404,0.4519930495428597
121.55,24.15,449.7768,SSP5-8.5,2021-2040,-52.196699999999964,31.062599999999996,-59.53540000000021,0.7245999999999988,4.175899999999999,1.2966000000000006,13.4712,31.3637375,-43.53767500000001,0.8662624999999999,4.486212500000001,1.2206875000000001,13.0730875,1.2601669955860404,0.5151888299126467
121.55,24.2,421.1452,SSP5-8.5,2021-2040,-50.92739999999998,27.306399999999996,-60.44790000000012,0.6058000000000021,4.141400000000001,1.1293000000000006,11.8154,29.548574999999996,-45.881312500000035,0.7372000000000001,4.1748,1.3498,11.993762499999999,1.2601669955860404,0.578384610282438
121.55,24.25,339.8152,SSP5-8.5,2021-2040,-39.7251,25.720499999999994,-57.747699999999895,0.6438999999999986,4.862100000000002,1.3844999999999992,9.8269,27.966675000000002,-37.33686250000005,0.7011250000000011,3.6254375000000008,1.4500000000000002,11.1903875,1.2601669955860404,0.6415803906522295
121.55,24.3,289.102,SSP5-8.5,2021-2040,-15.603799999999978,25.2205,-44.865099999999984,0.7471999999999994,3.0069000000000017,1.6310000000000002,9.444199999999999,27.12915,-21.520662500000014,0.6674875000000009,2.8651,1.4939749999999998,10.581,1.2601669955860404,0.704776171022021
121.55,24.35,289.7415,SSP5-8.5,2021-2040,-0.044399999999996,26.939899999999994,-4.99559999999974,0.5833000000000013,0.5396999999999998,1.5328,10.361500000000001,28.103724999999997,3.8733624999999847,0.6758125000000006,1.7058250000000004,1.6907249999999998,11.07235,1.2601669955860404,0.7679719513918124
121.55,24.4,338.5587,SSP5-8.5,2021-2040,8.953300000000013,30.865399999999994,36.550500000000284,0.6156000000000006,1.1655000000000015,2.2897,13.513499999999999,27.6850125,21.51708750000003,0.6662500000000007,0.8256749999999999,1.8015124999999999,11.0401375,1.2601669955860404,0.8311677317615993
121.55,24.45,413.7522,SSP5-8.5,2021-2040,8.641099999999994,25.524199999999993,48.251700000000255,0.7088999999999999,1.6844999999999999,2.2776000000000014,10.113500000000002,26.742324999999997,23.498987500000112,0.7323250000000003,1.2812750000000004,2.2010749999999994,11.0009625,1.2601669955860404,0.8943635121313908
121.55,24.5,429.3974,SSP5-8.5,2021-2040,4.78449999999998,23.326900000000002,32.546100000000024,0.7132000000000005,2.296599999999998,2.4102999999999994,8.573099999999998,26.43915,36.39921250000015,0.8352125000000008,3.1286750000000003,2.174375,11.825475,1.2601669955860404,0.9575592925011822
121.55,24.55,348.8081,SSP5-8.5,2021-2040,7.5294999999999845,29.842099999999995,59.115299999999934,0.8997000000000028,5.022400000000001,1.3552,14.0673,27.330150000000003,49.841975000000105,0.9696875000000005,4.6920375,2.1485,13.221874999999999,1.2601669955860404,1.0207550728709736
121.55,24.6,312.6147,SSP5-8.5,2021-2040,7.103699999999947,31.6809,83.96119999999974,1.1057999999999986,6.9741,2.0966000000000005,16.1981,29.9740125,57.01768750000008,0.989275000000001,5.8,1.4064749999999997,15.420425,1.2601669955860404,1.0839508532407651
121.55,24.65,274.1065,SSP5-8.5,2021-2040,18.393400000000042,32.131600000000006,17.371100000000297,0.6942999999999984,6.134499999999999,0.8827999999999996,16.971200000000003,30.0502875,15.618387499999926,0.9294125000000002,6.278437499999999,0.7215500000000001,15.600012500000002,1.2601669955860404,1.147146633610552
121.55,24.7,255.6028,SSP5-8.5,2021-2040,17.42270000000002,29.8003,-72.09130000000005,0.6747000000000014,6.094799999999999,-0.3603000000000005,15.4712,29.74425,-22.412687500000004,0.7376624999999994,6.154087499999999,0.2797375000000004,15.7502375,1.2601669955860404,1.2103424139803434
121.55,24.75,270.7445,SSP5-8.5,2021-2040,18.900800000000004,29.266600000000004,-57.1875,0.8059999999999974,6.348299999999998,-0.872399999999999,16.4538,29.1593,-58.21660000000003,0.5996999999999999,5.770675,-0.05409999999999937,15.981262500000001,1.2601669955860404,1.273538194350135
121.55,24.8,274.097,SSP5-8.5,2021-2040,15.280500000000018,28.474900000000005,-65.36139999999978,0.5828999999999986,5.634500000000003,-1.1896999999999984,17.069200000000002,28.9808625,-80.71594999999996,0.46792500000000015,5.3189625,0.2661625000000005,16.801187499999997,1.2601669955860404,1.3367339747199263
121.55,24.85,277.8704,SSP5-8.5,2021-2040,-0.8269999999999982,27.935900000000004,-138.11599999999999,-0.020199999999999108,4.465499999999999,0.38790000000000013,17.078799999999998,27.5873625,-116.77319999999997,0.2564250000000001,5.1187375,0.29223750000000037,16.521862499999997,1.2601669955860404,1.3999297550897176
121.55,24.9,245.9151,SSP5-8.5,2021-2040,-5.948399999999992,25.700200000000002,-181.44309999999996,-0.2752999999999979,4.887900000000002,0.9983000000000004,15.3173,26.607,-172.8078625,-0.06256249999999985,5.2271374999999995,0.25775000000000015,16.6232875,1.2601669955860404,1.4631255354595045
121.55,24.95,202.4474,SSP5-8.5,2021-2040,-4.427199999999999,25.8176,-218.63790000000017,-0.4366999999999983,5.8948,-0.3827999999999996,17.184600000000003,25.7586,-190.61307499999998,-0.14332500000000037,6.0405,0.5579749999999999,16.6122375,1.2601669955860404,1.526321315829296
121.55,25.0,190.5201,SSP5-8.5,2021-2040,-11.970300000000009,25.9026,-173.57720000000018,0.05449999999999733,7.475899999999999,0.4845000000000006,18.5038,26.25755,-176.08316249999996,-0.08931250000000013,6.5142125,0.44202499999999967,17.6478375,1.2601669955860404,1.5895170961990874
121.55,25.05,191.5299,SSP5-8.5,2021-2040,-7.938700000000011,26.8925,-105.20989999999983,0.20679999999999765,7.241400000000002,0.6568999999999985,19.2712,27.1922375,-127.86198750000003,0.13126249999999962,6.88685,0.6437499999999998,18.9673,1.2601669955860404,1.652712876568879
121.55,25.1,186.7833,SSP5-8.5,2021-2040,1.4039999999999964,28.2459,-48.823700000000144,0.25090000000000146,5.3740999999999985,0.5499999999999989,20.644199999999998,28.454287500000003,-100.9029625,0.2014124999999991,6.3166,0.20151249999999998,19.7235625,1.2601669955860404,1.7159086569386703
121.55,25.15,265.0967,SSP5-8.5,2021-2040,-1.259999999999991,29.112600000000008,-10.522199999999884,0.5399999999999991,4.8552,-0.6206999999999994,19.7423,29.410062500000002,-170.56733749999998,-0.15417500000000084,5.6967625,-0.49029999999999996,20.153837499999998,1.2601669955860404,1.7791044373084572
121.55,25.2,258.9274,SSP5-8.5,2021-2040,-4.082199999999972,28.6984,-234.17819999999983,-0.35600000000000165,4.3672,-1.5534,18.9173,30.0688125,-242.00599999999997,-0.4937125000000009,5.198062500000001,-1.0346999999999997,20.0863,1.2601669955860404,1.8423002176782488
121.55,25.25,189.9007,SSP5-8.5,2021-2040,-0.4192999999999927,30.349199999999996,-369.7959000000001,-1.088799999999999,5.094799999999999,-1.6016999999999992,19.8769,29.855225,-255.36338750000004,-0.6159125000000008,4.582112500000001,-1.1247874999999998,19.8959125,1.2601669955860404,1.9054959980480402
121.55,25.3,158.4971,SSP5-8.5,2021-2040,5.258900000000011,29.803599999999996,-150.31860000000006,-0.3998000000000026,4.050000000000001,-0.944799999999999,20.584600000000002,29.6294375,-273.4491750000001,-0.6510750000000001,4.668312500000001,-1.1172374999999999,19.6396625,1.2601669955860404,1.9686917784178315
121.6,21.95,197.4578,SSP5-8.5,2021-2040,-0.059799999999995634,38.91329999999999,-21.704099999999926,0.026299999999999102,4.369,4.134499999999999,11.907699999999998,44.640975,-119.93615000000005,0.4511124999999998,11.0288875,2.8221875,19.59135,1.3658608356672617,-2.265425506358136
121.6,22.0,183.9167,SSP5-8.5,2021-2040,2.0271000000000186,41.8273,-5.311700000000201,0.051300000000001234,4.9259,3.8103,13.9481,44.276725,-121.98520000000002,0.44798749999999954,10.959275,2.8627124999999998,19.3363,1.3658608356672617,-2.2022297259883445
121.6,23.85,204.8463,SSP5-8.5,2021-2040,6.547199999999975,36.784,-30.392299999999977,1.0533000000000001,7.443100000000001,1.7397,17.2981,37.4281,-57.11212500000008,1.1195125000000004,7.1415999999999995,1.6972125,17.3339,1.3658608356672617,0.13601414769390704
121.6,23.9,210.4865,SSP5-8.5,2021-2040,4.398799999999994,37.6926,-48.44699999999989,0.9750000000000014,8.955199999999998,1.8638000000000003,17.2077,37.7643625,-43.1250500000001,1.1632375000000001,7.245912499999999,1.5886,17.7423,1.3658608356672617,0.19920992806369398
121.6,23.95,217.6648,SSP5-8.5,2021-2040,5.891699999999986,39.0827,-21.77909999999997,1.091000000000001,7.7621,1.6258999999999997,18.192300000000003,37.2172875,-44.55030000000008,1.1166375,7.8023875,1.7334125,17.1646625,1.3658608356672617,0.26240570843348543
121.6,24.0,232.4058,SSP5-8.5,2021-2040,6.032199999999989,37.40019999999999,7.614799999999832,0.8167000000000009,6.718999999999998,1.7155000000000005,17.803800000000003,35.266425,-43.16080000000002,1.1586500000000006,7.546125,1.7435375,15.13125,1.3658608356672617,0.32560148880327683
121.6,24.05,270.6114,SSP5-8.5,2021-2040,-12.098400000000026,37.927800000000005,-46.80469999999991,1.1689000000000007,8.2224,1.9033999999999995,16.144199999999998,34.977287499999996,-37.42961250000002,1.011625,7.066812499999999,1.674125,15.5358125,1.3658608356672617,0.3887972691730683
121.6,24.1,329.3079,SSP5-8.5,2021-2040,-26.266800000000046,36.424800000000005,-72.16509999999994,0.9669999999999987,7.103400000000001,1.5671999999999997,16.8827,34.2871125,-46.0259375,1.0059,6.963362500000001,1.6140125,14.6329375,1.3658608356672617,0.4519930495428597
121.6,24.15,347.4789,SSP5-8.5,2021-2040,-25.836799999999982,33.1301,-76.09680000000003,0.8313999999999986,7.6068999999999996,1.5896999999999997,13.096200000000001,33.3438125,-46.094900000000024,0.939025,6.183625000000001,1.4883625000000003,14.4730875,1.3658608356672617,0.5151888299126467
121.6,24.2,361.3219,SSP5-8.5,2021-2040,-29.753700000000038,30.239900000000006,-31.99109999999996,0.8381000000000007,5.056900000000002,1.5500000000000007,12.307699999999999,30.476887499999997,-28.79686250000006,0.9069250000000002,5.6409625000000005,1.4907500000000002,12.415637499999999,1.3658608356672617,0.578384610282438
121.6,24.25,343.2496,SSP5-8.5,2021-2040,-27.3116,26.642699999999998,47.09809999999993,1.1803000000000026,4.119,1.6776,10.2615,27.945025,12.29774999999995,0.8809000000000005,3.9594875000000007,1.6581875000000004,10.886299999999999,1.3658608356672617,0.6415803906522295
121.6,24.3,326.3621,SSP5-8.5,2021-2040,-6.997099999999989,27.103800000000007,162.5411999999999,1.2205000000000013,2.3999999999999986,2.543100000000001,10.544200000000002,27.8057625,33.88708749999995,0.836125,2.4097125,1.6791,10.8105625,1.3658608356672617,0.704776171022021
121.6,24.35,329.0514,SSP5-8.5,2021-2040,-6.086299999999994,29.434400000000004,106.70539999999983,0.8183000000000007,0.1275999999999975,2.1707,11.8808,29.232699999999998,58.44911249999993,0.8174874999999999,1.2622875000000007,1.8838375000000003,11.757925,1.3658608356672617,0.7679719513918124
121.6,24.4,358.1433,SSP5-8.5,2021-2040,1.1469999999999914,32.0543,87.10299999999961,0.8158999999999992,-1.2947999999999986,1.9033999999999995,13.4327,29.6835,52.17172500000004,0.7538875000000003,1.357125,2.0011,12.3185125,1.3658608356672617,0.8311677317615993
121.6,24.45,401.4136,SSP5-8.5,2021-2040,1.1844000000000392,30.165,66.57940000000008,0.7529000000000003,1.318999999999999,2.6861999999999995,13.386500000000002,26.972512499999997,50.287462500000004,0.7822250000000004,1.8239375000000004,2.12845,11.08175,1.3658608356672617,0.8943635121313908
121.6,24.5,433.8064,SSP5-8.5,2021-2040,6.53570000000002,20.832299999999996,60.68020000000024,0.8028000000000013,2.4552000000000014,3.148299999999999,9.0327,26.695375,57.5992875,0.848862500000001,3.394625,1.9612125000000005,11.329325,1.3658608356672617,0.9575592925011822
121.6,24.55,376.8988,SSP5-8.5,2021-2040,4.544899999999984,23.97950000000001,72.8406,0.946200000000001,4.793099999999999,1.5966000000000005,10.694199999999999,27.14935,64.59796249999994,0.9795875000000009,4.722637499999999,1.8857750000000002,12.600725,1.3658608356672617,1.0207550728709736
121.6,24.6,322.8684,SSP5-8.5,2021-2040,14.900899999999979,30.789299999999997,67.58660000000009,1.1610000000000014,6.018999999999998,1.4379000000000008,16.0135,30.0508875,60.13313749999992,1.0134500000000002,5.771324999999999,1.113175,14.959850000000001,1.3658608356672617,1.0839508532407651
121.6,24.65,286.5627,SSP5-8.5,2021-2040,10.463599999999985,31.72160000000001,27.986399999999776,1.0550999999999995,6.574100000000001,0.4430999999999994,16.3769,31.261125,-6.60396250000008,0.8793749999999996,6.1420249999999985,0.32328749999999995,16.3132375,1.3658608356672617,1.147146633610552
121.6,24.7,260.2413,SSP5-8.5,2021-2040,-5.065700000000021,30.993199999999995,-164.15260000000035,0.4836999999999989,6.7033999999999985,-1.318999999999999,16.4212,30.809025000000002,-57.35853750000007,0.6913999999999989,6.115737499999999,-0.1280000000000001,16.2139375,1.3658608356672617,1.2103424139803434
121.6,24.75,281.6095,SSP5-8.5,2021-2040,-4.998300000000029,29.616899999999994,-112.39280000000008,0.5175999999999981,6.706899999999999,0.0362000000000009,15.5788,29.6706875,-106.72325000000006,0.5212874999999997,5.964862499999999,-0.6056124999999997,16.1947125,1.3658608356672617,1.273538194350135
121.6,24.8,281.1558,SSP5-8.5,2021-2040,-3.523900000000026,28.956399999999995,-90.60010000000011,0.4913000000000025,5.981000000000002,-0.7621000000000002,16.6,28.428024999999998,-112.01226250000002,0.39856249999999926,5.4620625,-0.24224999999999963,16.278100000000002,1.3658608356672617,1.3367339747199263
121.6,24.85,272.1187,SSP5-8.5,2021-2040,-3.424199999999985,26.921999999999997,-169.81539999999995,0.24569999999999936,5.1586,-0.008599999999999497,17.0019,27.004237500000002,-118.73862500000001,0.17375000000000007,5.1827375,-0.04203750000000017,15.9805125,1.3658608356672617,1.3999297550897176
121.6,24.9,251.0524,SSP5-8.5,2021-2040,-7.855800000000016,24.4521,-200.11720000000014,-0.2828000000000017,5.0379000000000005,0.6430999999999987,15.4365,25.7780375,-168.0965750000001,-0.17137499999999983,5.0129125,0.012937499999999824,15.809349999999998,1.3658608356672617,1.4631255354595045
121.6,24.95,228.8761,SSP5-8.5,2021-2040,-0.2746000000000208,23.625800000000005,-278.6926000000003,-0.8082999999999991,5.253399999999999,-0.3655000000000008,15.053799999999999,25.192149999999998,-185.72486250000003,-0.22320000000000073,5.707750000000001,0.36811249999999984,16.0346,1.3658608356672617,1.526321315829296
121.6,25.0,212.0405,SSP5-8.5,2021-2040,-5.8215000000000146,25.780399999999993,-250.30299999999988,-0.3035999999999994,7.586200000000002,0.34479999999999933,16.9423,25.897100000000002,-181.28561250000007,-0.19326250000000078,6.11745,0.20064999999999977,17.267775,1.3658608356672617,1.5895170961990874
121.6,25.05,211.386,SSP5-8.5,2021-2040,-6.486099999999993,27.418200000000006,-181.95600000000013,-0.040800000000000836,6.949999999999999,0.5569000000000006,18.9981,27.0673625,-149.16462500000003,0.035637499999998656,6.5004125,0.29869999999999974,18.7105625,1.3658608356672617,1.652712876568879
121.6,25.1,195.5677,SSP5-8.5,2021-2040,0.37469999999999004,28.8767,-104.14820000000009,0.289399999999997,6.917200000000001,0.5362000000000009,19.8615,28.056275,-175.9024625000001,-0.10047500000000076,5.917225,-0.28815000000000013,19.2889375,1.3658608356672617,1.7159086569386703
121.6,25.15,243.72,SSP5-8.5,2021-2040,0.4954999999999927,28.670299999999997,-283.5188000000003,-0.36810000000000187,5.4741,-1.3655000000000008,19.3308,28.713512500000004,-228.27642500000005,-0.3846250000000011,5.383175,-0.6333999999999995,19.3954125,1.3658608356672617,1.7791044373084572
121.6,25.2,221.5467,SSP5-8.5,2021-2040,-10.507999999999981,29.6233,-461.6471999999999,-1.5427,5.427600000000002,-1.549999999999999,18.8115,29.0616,-290.13831250000004,-0.682487500000001,5.004512500000001,-1.1463249999999998,19.231975,1.3658608356672617,1.8423002176782488
121.6,25.25,184.373,SSP5-8.5,2021-2040,-3.9176999999999964,29.7616,-432.7959000000001,-1.5237000000000016,4.786200000000001,-1.5121000000000002,19.080800000000004,29.3586375,-275.60143750000003,-0.7251000000000007,4.874562500000001,-1.0411499999999996,19.6161,1.3658608356672617,1.9054959980480402
121.6,25.3,165.5419,SSP5-8.5,2021-2040,-0.36199999999999477,29.082000000000008,-241.32100000000037,-0.8084999999999987,4.5914,-0.6707000000000001,19.5942,29.584049999999998,-276.4542,-0.7080250000000006,4.642012500000001,-1.1870624999999997,19.6584125,1.3658608356672617,1.9686917784178315
121.65,24.0,214.1692,SSP5-8.5,2021-2040,6.300000000000011,35.5925,-14.067199999999957,0.933799999999998,8.4759,2.1086,16.590400000000002,37.3019625,-38.07143750000003,1.0009375000000005,7.6900875,1.722625,17.100475000000003,1.4715546757485132,0.32560148880327683
121.65,24.05,230.0174,SSP5-8.5,2021-2040,3.237099999999998,35.534600000000005,-9.38630000000012,0.7508000000000017,7.458600000000001,1.6138000000000003,16.8808,35.590537499999996,-41.936462499999976,1.0296124999999998,7.7071125,1.7862,15.551437500000002,1.4715546757485132,0.3887972691730683
121.65,24.1,254.4267,SSP5-8.5,2021-2040,-4.617800000000017,37.211999999999996,-36.031799999999976,1.0488999999999997,8.399999999999999,1.7965999999999998,17.5596,35.389325,-40.88849999999999,0.9974624999999997,7.4323250000000005,1.6687375,15.4178,1.4715546757485132,0.4519930495428597
121.65,24.15,260.1308,SSP5-8.5,2021-2040,-2.446300000000008,38.916599999999995,-42.52350000000001,1.1359999999999992,8.365500000000004,1.815500000000001,17.475,34.2247875,-33.03966250000002,0.9713125000000002,6.892875,1.6114375,14.8495375,1.4715546757485132,0.5151888299126467
121.65,24.2,290.2077,SSP5-8.5,2021-2040,-11.995200000000011,33.195299999999996,-23.65280000000007,1.139400000000002,7.512100000000004,1.648299999999999,12.696200000000001,33.6330625,-24.60737500000002,1.0499125,6.449775000000001,1.6470000000000002,14.288462500000001,1.4715546757485132,0.578384610282438
121.65,24.25,300.6087,SSP5-8.5,2021-2040,-16.595399999999984,27.84089999999999,42.531099999999924,0.9939999999999998,4.344799999999996,1.384500000000001,10.6827,31.0766625,19.300824999999946,1.0700000000000007,4.599562500000001,1.7985000000000002,12.4983125,1.4715546757485132,0.6415803906522295
121.65,24.3,313.9771,SSP5-8.5,2021-2040,-14.651900000000012,26.932899999999997,112.01429999999982,0.8582999999999998,0.351700000000001,1.9948000000000006,9.7731,30.119212500000003,46.53077499999989,0.9764374999999998,3.249787499999999,1.7631625000000004,11.9218625,1.4715546757485132,0.704776171022021
121.65,24.35,348.9838,SSP5-8.5,2021-2040,-13.88489999999996,33.7143,70.35619999999972,0.8636999999999979,1.9259000000000022,1.6569000000000003,14.253799999999998,29.411525,64.9308624999999,0.8601999999999999,1.7174499999999995,1.8213375000000003,11.712025,1.4715546757485132,0.7679719513918124
121.65,24.4,363.9797,SSP5-8.5,2021-2040,-8.398599999999988,31.030499999999996,48.88839999999982,0.8353999999999999,2.003399999999999,1.5190000000000001,12.740400000000001,30.620625,53.37153749999993,0.8110624999999998,1.733425,1.8163750000000003,12.74015,1.4715546757485132,0.8311677317615993
121.65,24.45,377.9533,SSP5-8.5,2021-2040,-2.979600000000005,29.794300000000007,45.03780000000006,0.8530000000000015,2.0914,1.8759000000000015,12.2981,27.031137499999996,49.31614999999999,0.8466624999999999,2.3144500000000003,1.88145,11.410575000000001,1.4715546757485132,0.8943635121313908
121.65,24.5,398.5396,SSP5-8.5,2021-2040,1.5090000000000146,22.352199999999996,43.241999999999734,0.9130000000000003,4.189700000000002,1.6034000000000006,8.950000000000001,26.899150000000002,55.37083750000005,0.8826,3.53665,1.9077625000000005,11.726437500000001,1.4715546757485132,0.9575592925011822
121.65,24.55,427.1516,SSP5-8.5,2021-2040,-0.3243999999999687,28.578800000000008,93.18139999999994,1.0040000000000013,5.760300000000001,1.884500000000001,12.5519,26.3355625,49.46275000000003,0.9366124999999998,4.516612499999999,1.4851250000000003,12.38125,1.4715546757485132,1.0207550728709736
121.65,24.6,341.5363,SSP5-8.5,2021-2040,28.36160000000001,29.792300000000004,76.4708999999998,1.2372000000000014,5.063799999999997,1.1500000000000004,15.419199999999998,30.272125000000003,31.3907375,0.9401624999999996,5.5793125,0.6698375000000001,15.026925,1.4715546757485132,1.0839508532407651
121.65,24.65,255.9377,SSP5-8.5,2021-2040,17.164699999999982,32.680299999999995,50.13819999999987,1.1652999999999984,5.848299999999998,-0.503400000000001,17.400000000000002,31.490012500000002,-30.77241250000003,0.8373374999999998,5.871762499999999,0.039212500000000095,16.4411125,1.4715546757485132,1.147146633610552
121.65,24.7,239.1876,SSP5-8.5,2021-2040,-4.121700000000004,32.2211,-112.11580000000004,0.5129999999999981,6.298299999999998,-0.7983000000000011,16.6115,31.402475,-75.12893750000012,0.6907499999999995,5.9803749999999996,-0.16874999999999973,16.546875,1.4715546757485132,1.2103424139803434
121.65,24.75,251.2344,SSP5-8.5,2021-2040,-14.748899999999992,29.0338,-200.57660000000033,0.10519999999999996,4.9207,0.14830000000000076,14.848099999999999,30.5741875,-89.67121250000008,0.5752625,5.9622625,-0.25562499999999977,16.50505,1.4715546757485132,1.273538194350135
121.65,24.8,277.4363,SSP5-8.5,2021-2040,-5.675299999999993,28.6192,-91.70069999999987,0.5135000000000005,5.737899999999998,0.3086000000000002,16.082700000000003,28.967425,-90.78826250000014,0.43757500000000027,5.3590375,-0.07499999999999996,16.1519125,1.4715546757485132,1.3367339747199263
121.65,24.85,311.7786,SSP5-8.5,2021-2040,-8.257799999999975,27.554900000000004,-60.94770000000017,0.4377999999999993,4.7241,-0.7483000000000022,16.1115,27.0068375,-91.80693750000006,0.2861500000000001,5.334687499999999,-0.010337499999999888,15.7860625,1.4715546757485132,1.3999297550897176
121.65,24.9,257.8623,SSP5-8.5,2021-2040,-4.724800000000016,24.3403,-121.6228000000001,-0.057200000000001694,4.9931,0.025900000000000034,14.148100000000001,25.559037500000002,-124.70720000000011,0.04622500000000018,5.260549999999999,-0.02650000000000019,15.424737499999999,1.4715546757485132,1.4631255354595045
121.65,24.95,233.9441,SSP5-8.5,2021-2040,-3.3486000000000047,24.327599999999997,-175.49710000000005,-0.4568000000000012,4.725899999999999,0.1966000000000001,14.578800000000001,24.978650000000002,-161.12796250000002,-0.06897500000000045,5.7724,0.07629999999999959,15.4014375,1.4715546757485132,1.526321315829296
121.65,25.0,229.1821,SSP5-8.5,2021-2040,2.0090000000000146,25.216399999999993,-164.60059999999976,-0.027700000000002944,5.060300000000002,0.6344999999999992,16.165399999999998,25.8816125,-164.67203750000004,-0.07956249999999976,6.1081875,-0.11336250000000025,16.4687375,1.4715546757485132,1.5895170961990874
121.65,25.05,220.8446,SSP5-8.5,2021-2040,1.827399999999983,27.976100000000002,-152.11360000000013,-0.0370999999999988,6.337899999999998,-0.1759000000000004,18.386499999999998,26.8353625,-141.44408749999997,0.08953749999999872,6.129512500000001,0.039225000000000065,17.8060125,1.4715546757485132,1.652712876568879
121.65,25.1,207.0185,SSP5-8.5,2021-2040,2.807600000000008,27.648300000000006,-194.54080000000022,-0.148100000000003,6.010300000000001,-0.6413999999999991,19.9096,27.8912375,-162.87071250000008,-0.042162500000000325,5.719374999999999,-0.2568999999999997,18.4908625,1.4715546757485132,1.7159086569386703
121.65,25.15,218.6738,SSP5-8.5,2021-2040,1.0784999999999911,28.4863,-430.53470000000016,-1.2073999999999998,5.094799999999999,-1.2654999999999994,18.028799999999997,28.3879375,-201.7621875000001,-0.259300000000001,5.3055875,-0.33793749999999956,19.0276375,1.4715546757485132,1.7791044373084572
121.65,25.2,190.889,SSP5-8.5,2021-2040,-6.008800000000008,29.016600000000004,-341.81640000000016,-0.903100000000002,5.018999999999998,-0.5223999999999993,19.2481,28.59495,-274.2881750000001,-0.6323500000000006,5.1351125,-0.8155249999999998,19.0661,1.4715546757485132,1.8423002176782488
121.65,25.25,171.5283,SSP5-8.5,2021-2040,-4.446400000000011,28.397800000000004,-217.94439999999986,-0.5528000000000013,5.344800000000003,-0.7293000000000003,19.6308,29.061374999999998,-306.4043375000001,-0.8487749999999998,4.8696125,-0.8228499999999996,19.0471,1.4715546757485132,1.9054959980480402
121.7,24.2,275.0358,SSP5-8.5,2021-2040,-4.7549000000000206,40.220699999999994,-57.52449999999999,1.2009000000000007,7.660299999999999,1.7414000000000005,18.690400000000004,33.726175,-28.379962500000033,1.0857750000000004,6.18405,1.6043250000000002,14.3302875,1.5772485158297345,0.578384610282438
121.7,24.25,277.3466,SSP5-8.5,2021-2040,-7.1148000000000025,34.8616,-42.32050000000004,1.1696999999999989,6.044800000000002,1.6207000000000003,14.2346,33.2268375,-8.648425000000088,1.0509375000000003,4.841162499999999,1.5957000000000003,13.9815,1.5772485158297345,0.6415803906522295
121.7,24.3,295.0345,SSP5-8.5,2021-2040,-11.244399999999985,29.416400000000003,-11.758100000000013,0.9527999999999999,3.651699999999998,1.6121000000000008,11.478800000000001,33.1195,5.818899999999871,0.9841749999999996,4.168975,1.6006500000000004,13.8670625,1.5772485158297345,0.704776171022021
121.7,24.35,335.7223,SSP5-8.5,2021-2040,-16.423699999999997,31.939600000000006,-2.9072000000001026,0.6121999999999979,3.384499999999999,1.4397000000000002,12.038499999999999,31.454175,25.045437499999935,0.8910624999999999,3.1584000000000008,1.6252125000000002,13.21345,1.5772485158297345,0.7679719513918124
121.7,24.4,358.8934,SSP5-8.5,2021-2040,-10.762099999999975,27.38029999999999,16.85990000000038,0.7682000000000002,3.115500000000001,1.3879000000000001,11.8077,32.0789625,30.629899999999907,0.8663624999999997,3.1780250000000003,1.571125,13.466825,1.5772485158297345,0.8311677317615993
121.7,24.45,364.1507,SSP5-8.5,2021-2040,-6.787599999999998,30.482799999999997,37.23779999999988,1.0043000000000006,3.1982999999999997,1.4103000000000012,12.8231,28.648125,32.24603750000006,0.9021499999999998,3.4071125,1.4756375,12.292550000000002,1.5772485158297345,0.8943635121313908
121.7,24.5,374.8033,SSP5-8.5,2021-2040,-8.493999999999971,21.951700000000002,33.938500000000204,0.8807999999999971,3.529299999999999,1.3931000000000004,9.111500000000001,29.3099375,46.18607500000002,0.9379124999999999,4.3579875,1.4631250000000005,12.93655,1.5772485158297345,0.9575592925011822
121.7,24.55,416.0153,SSP5-8.5,2021-2040,-7.36160000000001,29.4088,33.471000000000004,0.8167999999999971,5.146599999999999,1.2672000000000008,13.913499999999999,28.1127875,48.86932500000006,0.9351375000000002,4.8157375,1.1353375000000003,13.051437499999999,1.5772485158297345,1.0207550728709736
121.7,24.6,327.1352,SSP5-8.5,2021-2040,18.69749999999999,31.578399999999995,7.472200000000157,0.7350999999999992,4.9361999999999995,0.28449999999999953,15.9154,30.874825,17.673225000000002,0.8257124999999998,5.3060375,0.5107750000000004,15.3673,1.5772485158297345,1.0839508532407651
121.7,24.65,278.3812,SSP5-8.5,2021-2040,-2.4525999999999613,33.4403,-101.55049999999983,0.6377999999999986,5.556900000000002,-1.0517000000000003,17.35,31.74055,-16.861950000000036,0.7498374999999999,5.317887499999999,0.11443750000000019,16.5846,1.5772485158297345,1.147146633610552
121.7,24.7,241.0741,SSP5-8.5,2021-2040,-8.051499999999976,31.383900000000004,-47.87649999999985,0.8758000000000017,5.822399999999998,0.16720000000000113,17.421200000000002,31.94955,-74.56476250000009,0.5151249999999994,5.3790875,-0.037712499999999816,16.9074375,1.5772485158297345,1.2103424139803434
121.7,24.75,229.8429,SSP5-8.5,2021-2040,-18.75139999999999,32.34980000000001,-52.60710000000017,0.6855000000000011,5.7103,0.7293000000000003,16.9788,30.91335,-71.48407500000002,0.5201500000000001,5.259899999999998,0.18081250000000026,16.8791,1.5772485158297345,1.273538194350135
121.7,24.8,247.45,SSP5-8.5,2021-2040,-14.277999999999992,30.453000000000003,-45.92410000000018,0.5216999999999992,4.7379,-0.40690000000000026,16.346200000000003,29.504962499999998,-51.08373750000004,0.4966500000000007,4.948475,0.3918125000000001,16.4716375,1.5772485158297345,1.3367339747199263
121.7,24.85,271.1531,SSP5-8.5,2021-2040,0.405900000000031,26.852600000000002,6.557699999999841,0.4958000000000027,4.9328,0.4121000000000006,15.75,27.6943875,-44.603275,0.4545750000000002,4.79115,0.013587499999999864,15.743287500000001,1.5772485158297345,1.3999297550897176
121.7,24.9,277.5127,SSP5-8.5,2021-2040,-4.636899999999969,25.4591,-21.232899999999972,0.3612000000000002,6.0983,-0.2947999999999986,14.923099999999998,25.7329375,-70.54785000000004,0.3107000000000002,4.731887499999999,-0.04180000000000006,14.9637,1.5772485158297345,1.4631255354595045
121.7,24.95,261.6735,SSP5-8.5,2021-2040,-1.0892000000000053,25.2782,-97.91240000000016,0.377200000000002,6.153399999999998,-0.04659999999999975,14.5423,25.013562500000003,-119.91359999999992,0.16004999999999914,5.2053875,-0.3217375,14.987025,1.5772485158297345,1.526321315829296
121.7,25.0,245.8166,SSP5-8.5,2021-2040,5.791899999999998,25.676900000000003,-154.54219999999987,0.18939999999999912,5.996600000000001,-0.3310000000000013,15.999999999999998,25.88275,-127.37474999999995,0.15043749999999934,5.519599999999999,-0.6780124999999999,15.8499875,1.5772485158297345,1.5895170961990874
121.7,25.05,221.6028,SSP5-8.5,2021-2040,21.465299999999985,26.969699999999996,-26.359399999999823,0.4435000000000002,5.862100000000002,-1.0861999999999998,17.2481,26.7539,-136.3403,0.10461249999999866,5.366149999999999,-0.6536625,16.91105,1.5772485158297345,1.652712876568879
121.7,25.1,199.8942,SSP5-8.5,2021-2040,8.784099999999995,27.0963,-55.102499999999964,0.3141999999999996,4.653399999999998,0.3000000000000007,17.323100000000004,27.7314,-135.2260750000001,-0.0048875000000006,5.0553875,-0.6655249999999997,17.7733,1.5772485158297345,1.7159086569386703
121.7,25.15,183.4885,SSP5-8.5,2021-2040,4.869400000000013,27.63629999999999,-69.23250000000007,0.2690000000000019,4.465499999999999,0.44480000000000075,18.75,28.2165875,-154.66500000000013,-0.1132250000000008,4.5928875,-0.18168749999999956,17.971149999999998,1.5772485158297345,1.7791044373084572
121.7,25.2,173.4387,SSP5-8.5,2021-2040,3.6714999999999804,28.5357,-104.0911000000001,0.015000000000000568,4.477599999999999,0.09479999999999933,18.9865,28.3905125,-199.76718750000003,-0.3314625000000002,4.684912499999999,-0.22779999999999934,18.1738,1.5772485158297345,1.8423002176782488
121.75,24.25,262.9529,SSP5-8.5,2021-2040,1.038599999999974,38.12670000000001,-81.29300000000012,1.4073000000000029,6.096599999999995,1.4069000000000003,18.207700000000003,34.421775,-21.629587500000042,1.0670625,5.918962500000001,1.6241500000000002,14.825712500000002,1.6829423559109558,0.6415803906522295
121.75,24.3,280.3745,SSP5-8.5,2021-2040,1.6381999999999834,38.1422,-46.59720000000016,1.2425999999999995,5.7276000000000025,1.5379000000000005,18.284599999999998,33.753575000000005,-9.36913750000005,0.9563999999999999,4.6116375000000005,1.6123000000000003,14.5338875,1.6829423559109558,0.704776171022021
121.75,24.35,323.1967,SSP5-8.5,2021-2040,-4.23520000000002,33.397800000000004,-5.232500000000073,0.7256,5.475900000000003,1.7637999999999998,13.461500000000001,33.7516625,-3.6943749999999795,0.8488375000000001,4.1721875,1.5362125000000004,15.2514375,1.6829423559109558,0.7679719513918124
121.75,24.4,357.6013,SSP5-8.5,2021-2040,-11.16579999999999,31.619000000000007,15.832499999999982,0.8819000000000017,3.0154999999999994,1.5292999999999992,13.907699999999998,33.53935,14.346675000000005,0.8248625,4.192025,1.5204750000000002,15.0432625,1.6829423559109558,0.8311677317615993
121.75,24.45,339.8916,SSP5-8.5,2021-2040,-8.548699999999997,34.65339999999999,35.82619999999997,1.154799999999998,4.3293,1.3740999999999985,16.2115,31.0021875,13.939637500000117,0.8391750000000004,4.0622875,1.4672375000000002,14.020912500000001,1.6829423559109558,0.8943635121313908
121.75,24.5,338.6862,SSP5-8.5,2021-2040,-13.576799999999992,30.403599999999997,18.343000000000302,0.9300999999999995,4.982800000000001,1.122399999999999,13.313500000000001,30.662537500000003,18.841950000000054,0.8625999999999996,4.620912499999999,1.4002000000000006,14.15505,1.6829423559109558,0.9575592925011822
121.75,24.55,384.9637,SSP5-8.5,2021-2040,6.293199999999956,28.805600000000005,63.14940000000024,0.827300000000001,5.165499999999998,1.1672000000000011,13.430799999999998,29.984387499999997,20.83975000000015,0.8117124999999992,4.686225,1.0403000000000004,14.014425,1.6829423559109558,1.0207550728709736
121.75,24.6,318.566,SSP5-8.5,2021-2040,12.732000000000028,31.439699999999995,55.1572000000001,0.9536000000000016,4.8983000000000025,0.4776000000000007,15.7192,31.4159875,2.474800000000073,0.6943749999999991,4.7963375,0.5612000000000006,15.538949999999998,1.6829423559109558,1.0839508532407651
121.75,24.65,279.9552,SSP5-8.5,2021-2040,-13.813800000000015,32.8528,-128.6318000000001,-0.036300000000000665,5.008600000000001,-0.30519999999999925,17.1538,32.152612500000004,2.53946250000007,0.8507999999999996,5.012925000000001,0.3310375000000003,16.605525,1.6829423559109558,1.147146633610552
121.75,24.7,227.1843,SSP5-8.5,2021-2040,-8.095500000000015,31.975900000000003,-35.51000000000022,0.5549999999999997,4.667200000000001,0.44310000000000116,17.0365,32.326012500000004,-39.32193749999999,0.6456374999999999,5.162050000000001,0.3019375000000002,17.2875,1.6829423559109558,1.2103424139803434
121.75,24.75,201.423,SSP5-8.5,2021-2040,-10.9084,31.042399999999994,-15.664499999999862,0.49549999999999983,5.0223999999999975,1.036200000000001,17.8808,31.957062500000003,-30.364462500000002,0.6844375,5.0538625,0.42908750000000007,17.3447125,1.6829423559109558,1.273538194350135
121.75,24.8,217.8323,SSP5-8.5,2021-2040,-11.691300000000012,32.5775,-22.504399999999805,0.5815000000000019,4.872399999999999,0.5482999999999993,18.805799999999998,30.630125,-15.115150000000028,0.6369750000000001,4.6433125,0.49375000000000036,16.9252375,1.6829423559109558,1.3367339747199263
121.75,24.85,258.6382,SSP5-8.5,2021-2040,-0.196899999999971,28.009499999999996,28.773400000000038,0.6584000000000003,3.667200000000001,0.7000000000000011,15.315400000000002,28.626775000000002,-22.481400000000008,0.5721250000000007,4.4041,0.16983750000000009,16.250974999999997,1.6829423559109558,1.3999297550897176
121.75,24.9,295.6983,SSP5-8.5,2021-2040,-5.074200000000019,24.54160000000001,-21.666999999999916,0.6197000000000017,3.4983000000000004,-0.024100000000000676,14.213499999999998,26.40155,-61.95765,0.41096250000000056,4.472825,-0.012074999999999614,15.191825000000001,1.6829423559109558,1.4631255354595045
121.75,24.95,291.636,SSP5-8.5,2021-2040,-5.4716999999999985,24.958800000000004,-122.0668999999998,0.4106999999999985,5.160299999999999,-0.8499999999999996,15.05,25.32965,-122.63611249999997,0.2172000000000005,4.783825,-0.5088250000000001,14.753124999999999,1.6829423559109558,1.526321315829296
121.75,25.0,272.5216,SSP5-8.5,2021-2040,-2.7700999999999567,25.5878,-178.07929999999988,0.24109999999999943,6.110299999999999,-1.9309999999999992,14.817300000000001,26.0298625,-138.21422499999994,0.16719999999999935,5.010775,-0.8825375,15.584837499999999,1.6829423559109558,1.5895170961990874
121.75,25.05,229.8115,SSP5-8.5,2021-2040,0.5699000000000183,26.747400000000006,-102.36869999999999,0.2525999999999975,4.746599999999997,-2.1654999999999998,16.011499999999998,27.115337500000003,-122.49506250000002,0.1472124999999993,4.839650000000001,-0.8062374999999999,16.2757125,1.6829423559109558,1.652712876568879
121.75,25.1,211.3809,SSP5-8.5,2021-2040,2.081099999999992,28.082,-89.3747000000003,0.05249999999999844,4.0138,-0.9190000000000005,16.674999999999997,27.7287125,-65.87512500000003,0.29858749999999956,4.37285,-0.2760749999999994,16.9649,1.6829423559109558,1.7159086569386703
121.75,25.15,200.9515,SSP5-8.5,2021-2040,0.8292999999999893,28.305099999999996,-17.284200000000055,0.33589999999999876,3.9121000000000024,0.4845000000000006,17.1769,28.2605625,-80.88805000000013,0.20882500000000048,4.1642125,0.06313750000000007,17.3502375,1.6829423559109558,1.7791044373084572
121.8,24.3,281.1604,SSP5-8.5,2021-2040,7.022800000000018,38.299299999999995,-28.48219999999992,1.1114999999999995,6.9345,1.6844999999999999,19.076900000000002,34.887600000000006,-20.326400000000064,0.9164625000000002,4.7411625,1.5599250000000005,15.390375,1.788636195992177,0.704776171022021
121.8,24.35,308.6296,SSP5-8.5,2021-2040,-3.050299999999993,37.054300000000005,-14.973899999999958,0.8138000000000005,4.953400000000002,1.3759000000000015,18.0,34.2731,-0.3204499999999939,0.8577500000000002,4.5916,1.5944,15.5725875,1.788636195992177,0.7679719513918124
121.8,24.4,346.0626,SSP5-8.5,2021-2040,-7.092399999999998,36.1622,42.47119999999995,0.40770000000000195,2.5947999999999993,1.7224000000000004,17.4173,34.05275,-4.166974999999923,0.9120250000000003,4.985775,1.536,15.781475,1.788636195992177,0.8311677317615993
121.8,24.45,295.8852,SSP5-8.5,2021-2040,-9.909899999999993,37.244400000000006,5.491899999999987,1.1123000000000012,6.484499999999997,1.6897000000000002,18.5865,33.5310875,2.8505000000000678,0.7965750000000003,4.253875000000001,1.4168,15.548075,1.788636195992177,0.8943635121313908
121.8,24.5,300.6507,SSP5-8.5,2021-2040,-19.852899999999977,32.7735,-58.65769999999975,0.7281000000000013,5.5776,1.482800000000001,15.200000000000001,31.3134875,4.1580750000000535,0.7389124999999992,4.81035,1.3004125,14.6298,1.788636195992177,0.9575592925011822
121.8,24.55,308.9933,SSP5-8.5,2021-2040,-2.994799999999998,29.9801,0.2784999999998945,0.3764000000000003,3.536200000000001,1.4172000000000011,13.963499999999998,32.0195,7.492725000000121,0.7093124999999998,4.969412500000001,1.1090500000000003,15.3170625,1.788636195992177,1.0207550728709736
121.8,24.6,258.7833,SSP5-8.5,2021-2040,-0.6030000000000086,32.3393,76.7153000000003,1.0727999999999973,4.882800000000003,0.877600000000001,14.9788,31.746087500000005,10.176499999999976,0.6486625000000004,4.440950000000001,0.7950375000000005,15.93895,1.788636195992177,1.0839508532407651
121.8,24.65,237.7586,SSP5-8.5,2021-2040,3.467800000000011,32.9226,68.89429999999993,1.1250999999999998,4.137899999999998,0.8328000000000007,17.6058,32.3697875,12.18798750000002,0.7883499999999999,4.697200000000002,0.5756500000000002,16.6855625,1.788636195992177,1.147146633610552
121.8,24.7,213.9866,SSP5-8.5,2021-2040,-4.278700000000015,32.140800000000006,-2.9863000000000284,0.8511999999999986,5.201700000000002,0.6171999999999986,16.8173,32.242212499999994,-11.147449999999992,0.7403875000000002,4.8275749999999995,0.4441875000000004,17.312025,1.788636195992177,1.2103424139803434
121.8,24.75,181.712,SSP5-8.5,2021-2040,1.0929000000000144,32.4755,-34.153099999999995,0.5305,4.836200000000002,0.3896999999999995,17.092299999999998,32.240025,-2.753112499999986,0.7891374999999998,4.9260625,0.7247875000000001,17.554325,1.788636195992177,1.273538194350135
121.8,24.8,184.8057,SSP5-8.5,2021-2040,-0.84729999999999,32.3001,-1.3541999999997643,0.8742999999999981,4.582799999999999,0.9448000000000008,18.2596,30.382312499999998,-21.640575000000013,0.5870750000000005,4.2234750000000005,0.40603750000000005,16.7726125,1.788636195992177,1.3367339747199263
121.8,24.85,211.9242,SSP5-8.5,2021-2040,-4.3858000000000175,31.558100000000003,-6.54930000000013,0.8340999999999994,3.6569000000000003,0.14480000000000004,17.7788,28.9331625,-24.107899999999972,0.5930000000000009,3.9788875000000004,0.41767500000000024,16.394724999999998,1.788636195992177,1.3999297550897176
121.8,24.9,270.9585,SSP5-8.5,2021-2040,-7.862799999999993,25.27219999999999,-67.17700000000013,0.2887000000000022,2.8534000000000006,0.03449999999999953,13.9308,27.541912500000002,-78.57413749999995,0.45618749999999997,3.5948250000000006,0.04546250000000018,15.7026375,1.788636195992177,1.4631255354595045
121.8,24.95,286.0704,SSP5-8.5,2021-2040,-9.201799999999992,23.823900000000002,-216.05379999999968,-0.13840000000000074,3.260300000000001,-0.1966000000000001,14.2442,26.3982625,-137.34912500000002,0.2313500000000004,3.9622750000000004,-0.5987,15.046875,1.788636195992177,1.526321315829296
121.8,25.0,255.9441,SSP5-8.5,2021-2040,-8.918800000000005,26.997500000000002,-224.42430000000013,-0.2012999999999998,4.300000000000001,-1.2810000000000006,15.3538,26.412275,-160.95752499999992,0.13064999999999927,4.2627,-0.9530124999999998,15.1721,1.788636195992177,1.5895170961990874
121.8,25.05,234.9002,SSP5-8.5,2021-2040,-7.507600000000025,27.786500000000004,-161.98610000000008,0.003899999999998016,4.6068999999999996,-1.1033999999999988,16.2288,27.830462500000003,-124.22553750000003,0.1646374999999991,4.175425000000001,-0.89245,15.807925000000001,1.788636195992177,1.652712876568879
121.8,25.1,217.2597,SSP5-8.5,2021-2040,-2.23690000000002,28.726000000000006,-90.0920000000001,0.1343999999999994,3.174100000000003,-0.09830000000000005,16.5596,28.36135,-35.61016250000006,0.4453124999999991,3.9213499999999994,-0.2467499999999998,16.324512499999997,1.788636195992177,1.7159086569386703
121.8,25.15,197.1041,SSP5-8.5,2021-2040,4.975300000000004,28.562400000000004,-4.575600000000122,0.6352000000000011,3.5620999999999974,1.0155000000000012,16.4212,28.6187125,39.716524999999876,0.8025624999999994,3.6047375,0.34353750000000005,16.7064875,1.788636195992177,1.7791044373084572
121.85,24.5,290.1548,SSP5-8.5,2021-2040,-19.464200000000005,35.0999,-53.27509999999984,0.4518999999999984,5.379300000000001,1.3171999999999997,17.511499999999998,32.3013375,5.32818750000007,0.7083500000000003,4.9510875,1.3424625000000003,15.4906375,1.8943300360733983,0.9575592925011822
121.85,24.55,274.5239,SSP5-8.5,2021-2040,-18.16730000000001,32.369200000000006,-70.48780000000033,0.17769999999999797,5.075900000000001,0.9223999999999997,14.909600000000001,32.29875,30.19295000000011,0.8026249999999999,4.7894375,1.2183250000000005,15.991825,1.8943300360733983,1.0207550728709736
121.85,24.6,253.7975,SSP5-8.5,2021-2040,-9.283600000000007,32.925200000000004,28.997499999999945,0.5330000000000013,3.7931000000000026,1.5052000000000003,17.473100000000002,32.273849999999996,47.368487500000015,0.9211999999999998,4.553025000000001,0.8562625000000004,16.2262,1.8943300360733983,1.0839508532407651
121.85,24.65,236.8816,SSP5-8.5,2021-2040,6.391400000000004,32.673500000000004,64.05470000000014,1.2325000000000017,3.9121000000000024,0.34309999999999974,17.2558,32.5897875,17.629187499999944,0.7897624999999993,4.787712500000001,0.7054,16.78965,1.8943300360733983,1.147146633610552
121.85,24.7,202.0537,SSP5-8.5,2021-2040,3.6577000000000055,32.6111,39.70730000000003,1.1449999999999996,5.213799999999999,0.6465999999999994,17.05,32.3760875,-6.874900000000025,0.6608125,4.572400000000001,0.6077625000000002,17.289425,1.8943300360733983,1.2103424139803434
121.85,24.85,194.3985,SSP5-8.5,2021-2040,-7.3370000000000175,31.670300000000005,-9.925600000000031,0.7862000000000009,4.141400000000001,0.8017000000000003,17.0308,29.2182125,-26.9287875,0.7083125000000001,3.228225,0.30796250000000036,16.27715,1.8943300360733983,1.3999297550897176
121.85,24.9,219.6486,SSP5-8.5,2021-2040,-15.588299999999975,30.241500000000002,-105.5661,0.4393999999999991,3.2828000000000017,-0.07589999999999897,17.8519,27.844450000000002,-89.73106249999995,0.4090750000000005,3.1312375000000006,0.011837499999999945,15.543262499999997,1.8943300360733983,1.4631255354595045
121.85,24.95,244.5554,SSP5-8.5,2021-2040,-4.7242999999999995,25.531599999999997,-175.53780000000006,0.039400000000000546,2.0914,-0.13620000000000054,14.136500000000002,28.0102875,-153.82647500000002,0.1578375000000003,3.366362500000001,-0.2724374999999999,15.5526375,1.8943300360733983,1.526321315829296
121.85,25.0,223.7946,SSP5-8.5,2021-2040,5.925299999999993,28.055100000000003,-204.2746000000002,0.013100000000001444,4.401700000000002,-0.5259,15.021200000000002,27.77935,-153.0094125,0.0804374999999995,3.5680875000000007,-0.31552500000000006,15.2439625,1.8943300360733983,1.5895170961990874
121.85,25.05,209.6039,SSP5-8.5,2021-2040,2.656800000000004,28.807100000000005,-127.29299999999967,0.22279999999999944,3.7241,-0.7155000000000005,15.8673,28.9149125,-68.93477500000012,0.3778124999999992,3.906025000000001,-0.009262499999999951,15.65985,1.8943300360733983,1.652712876568879
121.85,25.1,189.4712,SSP5-8.5,2021-2040,4.1924999999999955,29.6408,22.102300000000014,0.601899999999997,2.9328000000000003,0.4966000000000008,16.157700000000002,29.179275,79.87839999999994,1.0589249999999997,3.6685125,0.5730624999999998,16.016350000000003,1.8943300360733983,1.7159086569386703
121.85,25.15,170.9226,SSP5-8.5,2021-2040,8.610100000000017,28.95949999999999,195.89869999999974,1.4577000000000027,3.872399999999999,0.9327999999999985,16.057699999999997,29.060137500000003,66.08009999999996,0.9454874999999989,3.4092625,0.48211249999999994,16.309625,1.8943300360733983,1.7791044373084572
121.9,24.55,236.2946,SSP5-8.5,2021-2040,-5.801800000000014,33.909099999999995,55.51070000000027,0.9818999999999996,4.993099999999998,1.4328000000000003,17.0481,32.58975,14.556300000000022,0.7527499999999998,4.643112500000001,1.0515125000000003,16.2026375,2.00002387615465,1.0207550728709736
121.9,24.6,197.3731,SSP5-8.5,2021-2040,9.622199999999992,32.55729999999999,128.82499999999982,1.4496000000000002,4.9879,0.5465999999999998,18.3288,33.106237500000006,26.264612500000055,0.8399874999999994,4.673500000000001,0.9847125000000001,16.729087500000002,2.00002387615465,1.0839508532407651
121.9,24.9,208.899,SSP5-8.5,2021-2040,-15.885099999999994,30.6389,-102.41849999999977,0.5803000000000011,2.7241,-0.08279999999999887,17.275,28.930262499999998,-64.80238750000012,0.5634375000000003,3.1592625000000005,0.2540875,15.5362875,2.00002387615465,1.4631255354595045
121.9,24.95,213.5584,SSP5-8.5,2021-2040,-0.16740000000001487,29.71900000000001,-118.51949999999988,0.26259999999999906,2.8241000000000014,-0.4466000000000001,15.7365,28.4174625,-133.50323750000007,0.26366250000000013,3.415937500000001,0.10795000000000021,15.4800375,2.00002387615465,1.526321315829296
121.9,25.0,206.9323,SSP5-8.5,2021-2040,-2.465900000000005,29.334199999999996,-192.17800000000034,0.018299999999999983,3.2845000000000013,0.39480000000000004,15.007700000000002,29.3233625,-66.09685000000002,0.5006875,3.8678625000000006,0.2956874999999999,15.512725,2.00002387615465,1.5895170961990874
121.9,25.05,177.6348,SSP5-8.5,2021-2040,4.079199999999986,30.235,-8.082800000000134,0.4361999999999995,4.453400000000002,0.9603000000000002,15.3769,29.853099999999998,4.813174999999887,0.7947624999999992,4.004300000000001,0.514025,15.645675,2.00002387615465,1.652712876568879
121.9,25.1,136.3095,SSP5-8.5,2021-2040,23.035899999999998,30.544199999999996,307.45730000000003,2.0159999999999982,4.094799999999999,1.0827999999999989,15.573100000000002,29.638424999999998,51.87997499999989,0.9313249999999995,3.4933000000000005,0.7680999999999998,15.978124999999999,2.00002387615465,1.7159086569386703
121.9,25.15,122.7288,SSP5-8.5,2021-2040,30.6661,29.813500000000005,527.7006999999999,3.565199999999999,1.8602999999999987,2.510299999999999,16.0462,29.633287499999998,47.799849999999935,0.8147874999999996,3.8073125,0.6672499999999999,16.095675,2.00002387615465,1.7791044373084572
121.95,24.85,139.3408,SSP5-8.5,2021-2040,36.46449999999999,30.193800000000003,214.39919999999984,1.9519000000000002,2.9671999999999983,0.9344999999999999,15.6692,30.0009,-62.570974999999976,0.6199125000000001,3.4405125000000005,0.22132500000000022,16.377625000000002,2.105717716235871,1.3999297550897176
121.95,25.0,171.8806,SSP5-8.5,2021-2040,5.1787000000000205,29.4795,-63.91430000000037,0.7210000000000001,3.8293,0.5259,14.9269,30.2643,-30.875550000000032,0.6714749999999998,4.053637500000001,0.5241250000000002,15.914175,2.105717716235871,1.5895170961990874
121.95,25.05,156.8258,SSP5-8.5,2021-2040,6.258500000000026,31.591299999999997,86.98389999999972,1.0140999999999991,4.6448,1.6638000000000002,16.7519,30.094299999999997,91.89687499999997,1.2533374999999993,3.9178625,0.8734999999999997,15.6177875,2.105717716235871,1.652712876568879
122.0,25.0,141.2376,SSP5-8.5,2021-2040,7.383900000000011,31.168300000000002,81.86330000000044,1.2963000000000005,4.9741,1.0396999999999998,16.2846,30.364337499999998,14.868737499999895,0.8499249999999994,3.8721750000000004,0.6609875000000001,15.81345,2.2114115563170924,1.5895170961990874
122.0,25.05,132.0459,SSP5-8.5,2021-2040,16.105400000000003,31.37259999999999,209.6217999999999,1.750899999999998,5.122399999999999,1.1897000000000002,15.8596,30.235625,77.66382499999992,1.1662124999999994,3.7456625000000003,0.9663749999999998,15.712975,2.2114115563170924,1.652712876568879
122.1,25.65,212.7383,SSP5-8.5,2021-2040,-11.018900000000002,32.9568,-19.276200000000017,0.00019999999999953388,6.7776,0.9672000000000001,17.938499999999998,29.4783125,117.02121249999993,1.1861374999999994,3.9083999999999994,0.8241499999999997,16.8416,2.422799236479535,2.4110622410063627
119.45,23.2,88.1242,SSP5-8.5,2041-2060,-1.2618999999999971,104.62709999999998,41.70450000000005,0.19929999999999914,5.099999999999994,1.0671999999999997,54.47880000000001,104.1371625,26.049587500000015,-0.35350000000000037,1.9849124999999965,1.814225,54.6742875,-3.1789742878254956,-0.6855309971133726
119.5,23.35,140.2317,SSP5-8.5,2041-2060,1.4524000000000115,104.11330000000001,26.839900000000057,-0.21690000000000254,0.9378999999999991,1.9586000000000006,54.8462,104.20138750000001,27.907662500000015,-0.30147500000000016,2.505174999999996,1.7027999999999999,54.6283625,-3.073280447744274,-0.4959436560039983
119.5,23.4,139.9822,SSP5-8.5,2041-2060,-1.1307000000000187,103.97740000000002,22.842199999999934,-0.35350000000000037,0.9120999999999952,1.9534000000000002,55.2308,104.4372875,23.202137500000035,-0.3901625000000004,1.8795249999999974,1.63255,54.9728375,-3.073280447744274,-0.43274787563421135
119.5,23.5,143.6065,SSP5-8.5,2041-2060,-10.678200000000004,105.15280000000001,11.316900000000032,-0.8470000000000013,0.5723999999999876,1.8930999999999996,56.5038,104.57587500000001,20.732562499999986,-0.41072500000000023,1.1071125000000013,1.7555999999999998,55.2351125,-3.073280447744274,-0.3063563148946285
119.5,23.6,133.4372,SSP5-8.5,2041-2060,-10.027899999999988,104.3143,27.281900000000064,-0.5739999999999981,0.3983000000000061,1.5190000000000001,55.471199999999996,104.8119875,19.471937499999967,-0.43030000000000035,1.2547374999999992,1.6736999999999997,55.5725875,-3.073280447744274,-0.17996475415504562
119.5,23.65,131.2561,SSP5-8.5,2041-2060,-9.5244,105.0231,30.677900000000022,-0.36570000000000036,0.2914000000000101,1.6292999999999997,55.8365,104.5968625,21.973974999999967,-0.39732499999999993,1.4196124999999995,1.5861999999999998,55.652175,-3.073280447744274,-0.11676897378525869
119.55,23.35,139.2331,SSP5-8.5,2041-2060,-2.6092000000000155,104.256,19.638900000000035,-0.33429999999999893,1.9206999999999965,1.5552000000000001,54.711499999999994,104.18355,28.807787500000018,-0.2868000000000006,2.3823249999999963,1.753225,54.6452,-2.967586607663053,-0.4959436560039983
119.55,23.55,151.4465,SSP5-8.5,2041-2060,-15.752899999999983,105.0908,5.645899999999983,-0.7065000000000019,2.0223999999999904,1.9500000000000002,55.251900000000006,104.698275,21.089637499999995,-0.42978749999999977,1.2366375000000005,1.6418125,55.3262,-2.967586607663053,-0.24316053452483705
119.55,23.65,133.0819,SSP5-8.5,2041-2060,-11.152199999999993,104.74180000000001,28.461399999999912,-0.40970000000000084,0.6138000000000119,1.5499999999999998,55.246199999999995,104.6550125,21.904424999999975,-0.3664999999999998,1.5844874999999998,1.5995624999999998,55.485812499999994,-2.967586607663053,-0.11676897378525869
119.6,23.25,136.6252,SSP5-8.5,2041-2060,-1.8582000000000107,103.4282,43.05420000000004,-0.2623999999999995,2.439700000000002,1.319,54.0231,104.287025,25.880875000000017,-0.29578750000000054,2.3174499999999956,1.78275,54.73125,-2.8618927675818315,-0.6223352167435812
119.6,23.55,143.8459,SSP5-8.5,2041-2060,-13.623999999999995,104.51580000000001,10.134900000000016,-0.37950000000000017,1.6448000000000036,1.7982999999999993,54.496199999999995,104.584425,20.453474999999997,-0.45791249999999994,1.6581874999999968,1.6131499999999999,55.13844999999999,-2.8618927675818315,-0.24316053452483705
119.6,23.6,141.1564,SSP5-8.5,2041-2060,-14.134499999999989,104.83049999999999,13.976399999999899,-0.2799999999999976,2.036199999999994,1.6861999999999995,55.50189999999999,104.57332500000001,22.117712499999996,-0.3932500000000001,1.8163875000000012,1.5864249999999998,55.024762499999994,-2.8618927675818315,-0.17996475415504562
119.6,23.65,136.5514,SSP5-8.5,2041-2060,-12.943200000000004,104.6248,22.745599999999968,-0.18389999999999773,2.556899999999999,1.4724000000000004,54.953799999999994,104.5855125,26.168274999999966,-0.32172500000000026,1.5232875000000021,1.5241249999999997,55.694475,-2.8618927675818315,-0.11676897378525869
119.6,23.7,132.8465,SSP5-8.5,2041-2060,-11.689499999999995,104.5163,32.816499999999905,-0.2701000000000029,0.29999999999999716,1.4103000000000003,56.7904,104.57388749999998,27.05278749999998,-0.33526249999999935,1.6495875000000026,1.496975,55.586774999999996,-2.8618927675818315,-0.053573193415467256
119.6,23.75,131.5149,SSP5-8.5,2041-2060,-11.855800000000016,104.14059999999998,34.72919999999999,-0.37490000000000023,1.7844999999999942,1.3034,57.505799999999994,104.62084999999999,26.81369999999997,-0.3221624999999997,1.464025000000003,1.5103374999999999,55.49735,-2.8618927675818315,0.009622586954324176
119.65,23.25,154.9015,SSP5-8.5,2041-2060,-0.36830000000000496,102.563,68.92380000000003,0.2721000000000018,5.429299999999998,2.0862000000000007,52.3308,104.20318750000001,27.683012500000018,-0.3206375000000008,1.9340499999999956,1.5808125,54.828125,-2.7561989275005803,-0.6223352167435812
119.65,23.55,137.1792,SSP5-8.5,2041-2060,-11.659200000000013,104.38310000000001,24.122100000000046,-0.3985000000000021,1.779299999999992,1.5861999999999998,54.599999999999994,104.55091250000001,21.432437499999963,-0.3506624999999999,2.0250000000000004,1.5732749999999998,54.98245,-2.7561989275005803,-0.24316053452483705
119.65,23.6,135.7117,SSP5-8.5,2041-2060,-12.289200000000008,104.5915,26.593600000000038,-0.3216000000000001,2.0897000000000077,1.4844999999999997,54.594199999999994,104.45305,24.519824999999955,-0.30572500000000025,1.7708999999999993,1.518525,55.175487499999996,-2.7561989275005803,-0.17996475415504562
119.65,23.65,133.1052,SSP5-8.5,2041-2060,-11.8309,104.3245,31.956299999999942,-0.1722999999999999,3.4258999999999986,1.3309999999999995,55.584599999999995,104.486425,23.849487499999967,-0.3243875000000003,1.6038750000000004,1.5377124999999998,55.05168749999999,-2.7561989275005803,-0.11676897378525869
119.7,23.55,133.6888,SSP5-8.5,2041-2060,-11.014499999999984,103.6876,31.94539999999995,-0.3518000000000008,1.810299999999998,1.3137999999999996,54.2308,104.63785,20.454524999999975,-0.35650000000000004,2.0211249999999996,1.607325,55.0286,-2.6505050874193588,-0.24316053452483705
120.0,23.45,147.1014,SSP5-8.5,2041-2060,-0.7274000000000171,104.10100000000001,60.73339999999996,-0.24900000000000233,2.35860000000001,1.8776000000000002,56.3173,104.35141250000001,84.28717500000002,0.5107375000000003,0.44266249999999907,1.875,56.928124999999994,-2.016342046932001,-0.3695520952644199
120.05,23.05,151.7014,SSP5-8.5,2041-2060,15.559599999999989,101.8887,68.71899999999982,0.9582000000000015,1.8155000000000001,0.8103000000000007,52.57690000000001,103.06805,92.6116125,1.5508250000000006,4.524350000000003,1.3896625,55.0939875,-1.9106482068507795,-0.8751183382227424
120.05,23.1,160.5833,SSP5-8.5,2041-2060,13.113299999999981,102.85839999999999,45.30879999999979,0.8603000000000023,5.581000000000003,0.9466000000000001,52.61730000000001,103.7404,83.71102500000003,1.2436625000000001,3.8611999999999984,1.4040875,55.69255,-1.9106482068507795,-0.811922557852951
120.05,23.15,161.5848,SSP5-8.5,2041-2060,12.476100000000002,101.0666,56.543100000000095,0.6112000000000002,5.537900000000008,1.1310000000000002,52.338499999999996,103.6658625,83.2488875,1.0825,3.9883624999999974,1.4071124999999998,55.2911,-1.9106482068507795,-0.748726777483164
120.05,23.5,152.7158,SSP5-8.5,2041-2060,0.5348999999999933,105.0784,65.20120000000009,-0.257200000000001,1.229299999999995,2.0413999999999994,59.0577,104.28888750000002,82.6438625,0.7686999999999995,0.3036625000000015,1.8107875,58.07260000000001,-1.9106482068507795,-0.3063563148946285
120.1,23.05,164.0755,SSP5-8.5,2041-2060,23.622899999999987,102.19909999999999,99.48119999999994,1.6966,3.0,1.1240999999999994,55.911500000000004,103.18863749999998,98.67713749999999,1.6811625000000006,4.246975000000002,1.437725,55.0639375,-1.8049543667695582,-0.8751183382227424
120.1,23.1,164.0134,SSP5-8.5,2041-2060,17.858900000000006,104.701,68.81650000000013,1.4223,6.27239999999999,1.0759000000000007,56.3981,103.47854999999998,87.18611249999995,1.4156375000000008,3.871337500000002,1.4040875,55.256487500000006,-1.8049543667695582,-0.811922557852951
120.1,23.15,162.4066,SSP5-8.5,2041-2060,18.25059999999999,105.67649999999999,73.50700000000006,0.8841000000000001,5.782800000000002,1.9844999999999988,56.844199999999994,103.886325,82.40957500000002,1.3182250000000004,3.9685249999999987,1.3644374999999997,55.9336625,-1.8049543667695582,-0.748726777483164
120.1,23.2,171.3221,SSP5-8.5,2041-2060,11.1567,102.9819,106.03990000000022,0.5236999999999981,2.203399999999995,1.549999999999999,54.8769,103.9071,85.92561250000006,1.1030875,4.256899999999998,1.5642124999999998,55.9053,-1.8049543667695582,-0.6855309971133726
120.1,23.25,167.5961,SSP5-8.5,2041-2060,7.157099999999986,102.0017,114.29510000000005,0.6164999999999985,3.9258999999999986,1.8361999999999998,53.51539999999999,103.80964999999999,93.17300000000006,0.9446125000000007,2.8200375000000006,1.5596874999999994,55.935325,-1.8049543667695582,-0.6223352167435812
120.1,23.3,161.8927,SSP5-8.5,2041-2060,4.924200000000013,101.8078,112.69270000000006,0.42879999999999896,1.0172000000000025,1.9724000000000004,53.4615,103.3776,96.37212500000004,0.8511000000000006,2.525199999999998,1.6081749999999997,55.25984999999999,-1.8049543667695582,-0.5591394363737897
120.1,23.35,160.5993,SSP5-8.5,2041-2060,1.4207000000000107,103.98929999999999,93.74569999999994,0.003900000000001569,-2.2275999999999954,1.7223999999999995,54.705799999999996,103.48230000000001,94.02053750000005,0.9532000000000003,2.4545249999999994,1.7474000000000003,55.54085,-1.8049543667695582,-0.4959436560039983
120.1,23.55,158.8799,SSP5-8.5,2041-2060,-3.093199999999996,103.75189999999999,82.21429999999998,0.10579999999999856,-1.356899999999996,1.8552,58.2558,103.674375,89.73738750000003,0.8685,-0.8316750000000006,1.7358,58.354075,-1.8049543667695582,-0.24316053452483705
120.1,23.65,147.0171,SSP5-8.5,2041-2060,-2.8752000000000066,101.63359999999999,101.93270000000007,1.1019000000000005,-4.703500000000005,1.3897000000000004,55.0692,101.773875,96.00777500000002,1.0998,-0.47003749999999833,1.6394625,57.6899125,-1.8049543667695582,-0.11676897378525869
120.15,22.9,182.8242,SSP5-8.5,2041-2060,16.029200000000003,99.9497,107.31060000000002,2.2189000000000014,5.129300000000001,1.0155000000000012,53.0423,104.029425,122.74263750000006,2.4301749999999998,5.656462499999999,1.4381500000000003,55.7480625,-1.699260526688307,-1.0647056793321166
120.15,22.95,183.9828,SSP5-8.5,2041-2060,18.93289999999999,99.1262,113.85290000000009,2.3302999999999976,6.294799999999995,1.1672000000000002,52.95380000000001,102.40925,129.23416250000002,2.3787125000000007,5.0877250000000025,1.6797500000000003,54.90095000000001,-1.699260526688307,-1.0015098989623252
120.15,23.0,179.0614,SSP5-8.5,2041-2060,23.7663,100.92330000000001,133.13010000000008,2.3156999999999996,4.093100000000007,1.5483000000000002,54.46730000000001,101.6418125,123.5490375,2.3008250000000006,4.788137500000001,1.6478375,54.555275,-1.699260526688307,-0.9383141185925338
120.15,23.05,168.845,SSP5-8.5,2041-2060,33.073200000000014,102.72969999999998,157.34829999999988,2.461500000000001,2.97590000000001,1.6792999999999996,55.169200000000004,103.47031249999999,107.81367500000002,2.0759750000000006,4.464,1.5982750000000001,56.1125,-1.699260526688307,-0.8751183382227424
120.15,23.1,171.8789,SSP5-8.5,2041-2060,21.879200000000026,104.38979999999998,106.75790000000006,2.1549000000000014,2.9517000000000024,1.627600000000001,57.005799999999994,104.6385,101.47874999999999,1.7993500000000004,4.5000124999999995,1.5678874999999999,56.8764375,-1.699260526688307,-0.811922557852951
120.15,23.15,172.6805,SSP5-8.5,2041-2060,15.3125,107.0196,89.82359999999994,1.6982999999999997,3.32589999999999,1.9292999999999996,59.588499999999996,105.30453750000001,86.72198750000004,1.4809625000000008,4.4668125,1.559275,57.3865375,-1.699260526688307,-0.748726777483164
120.15,23.2,173.6379,SSP5-8.5,2041-2060,12.314999999999998,105.8742,86.50559999999996,1.5785000000000018,2.8759000000000015,1.5309999999999988,58.73270000000001,104.8351375,87.10903750000006,1.2657000000000003,4.471562499999997,1.6116374999999996,57.086299999999994,-1.699260526688307,-0.6855309971133726
120.15,23.25,176.7822,SSP5-8.5,2041-2060,7.644900000000007,103.1094,85.22130000000016,1.5850000000000009,5.317199999999993,1.0534,56.3635,103.5606,93.66946250000004,1.0123500000000005,3.4875,1.5905124999999996,56.085075,-1.699260526688307,-0.6223352167435812
120.15,23.3,164.996,SSP5-8.5,2041-2060,7.551599999999979,102.7306,108.97019999999998,0.8875000000000028,3.7224000000000075,1.5999999999999996,54.828799999999994,103.252825,92.53737500000005,0.9204500000000007,2.5413749999999977,1.54805,55.4201875,-1.699260526688307,-0.5591394363737897
120.15,23.35,166.8912,SSP5-8.5,2041-2060,3.2012,105.16749999999999,100.62120000000004,0.8540000000000028,0.8602999999999952,1.6724000000000006,55.8,103.1414125,85.30897500000003,0.9719250000000001,2.6588375000000006,1.6601124999999999,55.344699999999996,-1.699260526688307,-0.4959436560039983
120.15,23.4,167.3857,SSP5-8.5,2041-2060,0.2790999999999997,104.63180000000001,85.05809999999997,1.3842999999999996,1.622399999999999,2.0448000000000004,55.959599999999995,103.849575,85.49415000000002,0.9754125000000009,2.3545250000000006,1.66055,56.2834125,-1.699260526688307,-0.43274787563421135
120.15,23.45,169.7463,SSP5-8.5,2041-2060,-2.6090999999999838,105.22840000000001,71.25160000000005,0.7799000000000014,0.9706999999999937,1.6517,58.83650000000001,104.587875,83.0660125,1.1649124999999998,1.9575499999999986,1.7588375000000003,57.63245,-1.699260526688307,-0.3695520952644199
120.15,23.5,182.3152,SSP5-8.5,2041-2060,-14.174700000000001,105.15620000000001,63.51260000000002,0.7864000000000004,1.4258999999999986,2.0397000000000007,59.3481,104.4763125,87.96524999999997,0.9848125000000003,0.3713375000000001,1.7687624999999998,58.9091375,-1.699260526688307,-0.3063563148946285
120.15,23.55,169.2276,SSP5-8.5,2041-2060,-10.85730000000001,103.5759,86.99919999999997,0.6586999999999996,-1.9431000000000012,1.9258999999999995,58.7288,103.9636125,92.07097500000002,1.0236999999999994,-0.13598749999999882,1.710575,59.0303,-1.699260526688307,-0.24316053452483705
120.15,23.6,154.9187,SSP5-8.5,2041-2060,-3.1894000000000062,101.30820000000001,115.9099,1.1644000000000005,-1.5344999999999942,1.6223999999999998,57.0962,102.87235,94.79279999999999,1.0017625,-0.874137499999998,1.5989499999999999,58.151925,-1.699260526688307,-0.17996475415504562
120.15,23.65,152.2337,SSP5-8.5,2041-2060,-2.8326999999999884,101.27780000000001,118.87220000000013,1.7713,-0.4671999999999912,1.3396999999999997,57.1596,101.8595,93.794025,1.2425875,-0.5957000000000008,1.529325,57.5091375,-1.699260526688307,-0.11676897378525869
120.15,23.7,159.0972,SSP5-8.5,2041-2060,-7.236099999999993,101.44639999999998,97.7342000000001,1.6174,-2.2103000000000037,1.7759,56.582699999999996,101.42068750000001,94.23462500000002,1.3439375000000005,-0.10883749999999637,1.382125,57.781725,-1.699260526688307,-0.053573193415467256
120.15,23.75,155.5938,SSP5-8.5,2041-2060,-8.129899999999992,100.58670000000001,77.52910000000008,1.0329000000000015,0.6137999999999977,1.4759000000000002,58.619200000000006,100.99955,80.99480000000001,1.343575,0.5444125000000035,1.366825,59.0451875,-1.699260526688307,0.009622586954324176
120.15,23.8,149.9186,SSP5-8.5,2041-2060,-7.684200000000004,98.7902,61.87339999999995,1.0273000000000003,1.148300000000006,1.2275999999999998,60.35,99.77926249999999,64.559925,1.1306875,-0.04718749999999794,1.4545500000000002,59.596887499999994,-1.699260526688307,0.0728183673241156
120.2,22.8,197.0965,SSP5-8.5,2041-2060,13.600999999999999,112.0278,109.17679999999996,2.1462000000000003,5.620699999999999,0.924100000000001,58.6346,110.11285000000001,107.97660000000002,2.0355375000000007,5.9053875,1.30735,58.78076250000001,-1.5935666866070857,-1.191097240071695
120.2,22.85,199.0056,SSP5-8.5,2041-2060,14.025600000000026,108.8534,108.75239999999985,2.4312000000000005,6.379300000000001,0.8533999999999997,58.14620000000001,106.4881,113.39911250000006,2.2030125000000007,5.4743499999999985,1.2976500000000004,56.8656,-1.5935666866070857,-1.1279014597019037
120.2,22.9,190.9749,SSP5-8.5,2041-2060,17.03480000000002,104.57760000000002,102.55930000000012,2.1677999999999997,6.593100000000007,1.789699999999999,56.22880000000001,104.0973625,121.54530000000003,2.5462375,5.843312499999997,1.3752125000000004,55.652150000000006,-1.5935666866070857,-1.0647056793321166
120.2,22.95,197.0414,SSP5-8.5,2041-2060,18.986099999999993,100.3535,124.71600000000012,1.940800000000003,5.594799999999999,1.8328000000000007,53.150000000000006,102.58135,124.81823750000004,2.49945,5.392887500000001,1.6532375000000004,55.0471,-1.5935666866070857,-1.0015098989623252
120.2,23.0,195.1873,SSP5-8.5,2041-2060,17.397899999999993,101.10080000000002,116.96979999999985,2.3283000000000023,6.089700000000001,2.401700000000001,54.2481,102.74010000000001,132.75900000000004,2.446425,4.707962500000002,1.757975,55.164412500000005,-1.5935666866070857,-0.9383141185925338
120.2,23.05,177.4156,SSP5-8.5,2041-2060,26.103499999999997,102.3417,135.82950000000005,2.3922999999999988,4.503399999999999,1.829299999999999,55.432700000000004,104.29845,117.82011249999996,2.344000000000001,4.137500000000003,1.7444,56.437250000000006,-1.5935666866070857,-0.8751183382227424
120.2,23.1,182.2399,SSP5-8.5,2041-2060,21.429299999999984,105.2284,102.86519999999996,2.1316000000000024,4.300000000000004,1.2293000000000003,57.4019,105.6677,106.88879999999997,2.040200000000001,3.7584124999999995,1.7150874999999997,57.788462499999994,-1.5935666866070857,-0.811922557852951
120.2,23.15,197.3576,SSP5-8.5,2041-2060,10.667699999999996,107.21200000000002,84.15869999999995,1.7081000000000017,5.839700000000001,1.6914000000000007,58.2654,105.9924875,89.40922499999996,1.7290125000000014,3.6614249999999986,1.6486999999999996,58.6863,-1.5935666866070857,-0.748726777483164
120.2,23.2,193.4613,SSP5-8.5,2041-2060,6.3537000000000035,106.3725,65.12509999999997,1.4445000000000014,5.508600000000001,1.7844999999999995,59.5673,105.1373625,82.50725,1.4981250000000013,3.8234999999999975,1.5786499999999997,58.3899125,-1.5935666866070857,-0.6855309971133726
120.2,23.25,181.3037,SSP5-8.5,2041-2060,4.177800000000019,104.30749999999999,78.7016000000001,1.6654000000000018,3.8689999999999998,1.0637999999999996,57.669200000000004,103.59809999999999,75.3006125,1.2067250000000014,4.191149999999999,1.6116249999999996,57.53485,-1.5935666866070857,-0.6223352167435812
120.2,23.3,176.4082,SSP5-8.5,2041-2060,-3.3289000000000044,102.40859999999999,77.02549999999997,0.9539000000000009,4.7775999999999925,1.3861999999999988,56.0288,103.22786249999999,74.38855000000007,1.2263625000000014,3.5461124999999987,1.4855500000000001,56.5877375,-1.5935666866070857,-0.5591394363737897
120.2,23.35,181.8558,SSP5-8.5,2041-2060,-3.866899999999987,103.2308,77.99590000000012,1.2561,2.791399999999996,1.6776,55.8173,103.42942500000001,76.08788750000005,1.1656125000000004,3.5911625000000003,1.6275750000000002,56.3576875,-1.5935666866070857,-0.4959436560039983
120.2,23.4,177.111,SSP5-8.5,2041-2060,0.2879000000000076,103.0598,81.2795000000001,1.418499999999998,4.725900000000003,1.5241000000000007,56.1077,104.321175,76.22053750000003,1.2200250000000001,2.8603499999999977,1.6786500000000002,56.899275,-1.5935666866070857,-0.43274787563421135
120.2,23.45,179.4661,SSP5-8.5,2041-2060,-4.991399999999999,102.90599999999998,72.54149999999981,1.2582000000000022,4.279299999999999,1.8016999999999994,56.3154,105.1390125,79.78492500000004,1.2654124999999996,2.556049999999999,1.7381500000000003,58.4216375,-1.5935666866070857,-0.3695520952644199
120.2,23.5,174.421,SSP5-8.5,2041-2060,-4.287099999999981,106.55770000000001,95.47180000000003,1.5190999999999981,0.8862000000000023,1.4690000000000003,60.03849999999999,105.1473625,78.1522,1.0278625000000003,1.4543249999999972,1.8441874999999999,59.3879625,-1.5935666866070857,-0.3063563148946285
120.2,23.55,178.3221,SSP5-8.5,2041-2060,-10.057299999999998,106.13650000000001,94.21969999999988,0.9425999999999988,-1.6310000000000002,1.8759000000000006,61.536500000000004,104.3529375,87.33447500000001,1.0580375000000002,0.4618500000000001,1.7215624999999999,59.23415,-1.5935666866070857,-0.24316053452483705
120.2,23.6,175.7264,SSP5-8.5,2041-2060,-12.927800000000019,101.33869999999999,93.83249999999998,0.992799999999999,0.16029999999999234,1.5655000000000001,57.696200000000005,103.4105,91.79553750000001,1.12135,0.20841250000000322,1.6228624999999997,59.0596125,-1.5935666866070857,-0.17996475415504562
120.2,23.65,157.1646,SSP5-8.5,2041-2060,-3.7952999999999975,100.9054,94.97079999999994,1.4551000000000016,2.9776000000000096,1.5552000000000001,57.380799999999994,102.3262375,93.48352500000001,1.35465,0.3831875000000018,1.3790999999999998,58.2192375,-1.5935666866070857,-0.11676897378525869
120.2,23.7,156.8797,SSP5-8.5,2041-2060,-2.1234000000000037,101.1285,93.41619999999989,1.864799999999999,-0.37760000000000105,0.9379,57.44420000000001,101.64448750000001,84.35313750000005,1.3044250000000006,1.2776000000000032,1.4679125,58.7014375,-1.5935666866070857,-0.053573193415467256
120.2,23.75,158.5914,SSP5-8.5,2041-2060,-7.380300000000005,100.3133,74.00060000000008,1.0061,-2.0378999999999934,1.6913999999999998,59.17309999999999,100.9171,71.98369999999998,1.2751625000000004,0.7150875000000028,1.3459125,59.530525,-1.5935666866070857,0.009622586954324176
120.2,23.8,159.4839,SSP5-8.5,2041-2060,-9.295600000000007,99.95320000000001,55.900300000000016,0.9946999999999981,-0.1792999999999978,1.5190000000000001,61.0308,99.4725875,62.35986249999998,1.0769250000000001,0.7332000000000019,1.3704875,59.880775,-1.5935666866070857,0.0728183673241156
120.2,23.85,150.5228,SSP5-8.5,2041-2060,-7.393999999999977,97.035,49.285799999999995,0.9812999999999974,0.47930000000000916,1.1397000000000004,59.925,97.944775,56.219137499999974,1.1799874999999997,-0.362287499999999,1.3933250000000001,59.057712499999994,-1.5935666866070857,0.13601414769390704
120.25,22.6,206.2164,SSP5-8.5,2041-2060,2.6570000000000107,120.09930000000001,54.20759999999996,1.7668999999999997,8.525899999999993,2.2552000000000003,62.1096,115.16296249999999,44.558262499999984,1.5976124999999999,7.751287499999998,2.5230625,60.139900000000004,-1.4878728465258642,-1.4438803615508562
120.25,22.65,214.8677,SSP5-8.5,2041-2060,6.885799999999989,115.088,78.59349999999995,2.144199999999998,8.372399999999999,2.1172000000000004,61.8519,115.6632625,56.27857499999996,1.651875,7.464024999999999,2.1642375,60.9173,-1.4878728465258642,-1.3806845811810693
120.25,22.7,222.8883,SSP5-8.5,2041-2060,6.873100000000022,111.9538,101.41499999999996,1.8801000000000023,5.084499999999991,1.7431,59.378800000000005,114.1882625,77.27392499999999,1.8119999999999998,7.3127249999999995,1.7250125000000003,60.7264375,-1.4878728465258642,-1.317488800811278
120.25,22.75,220.3806,SSP5-8.5,2041-2060,10.209300000000013,113.3331,101.28989999999999,1.7373000000000012,6.091400000000007,1.4466,59.24230000000001,112.9984125,98.71307499999995,1.9786875000000004,6.215312499999997,1.4523750000000004,60.37595,-1.4878728465258642,-1.2542930204414864
120.25,22.8,217.3803,SSP5-8.5,2041-2060,10.961299999999994,113.04060000000001,112.0021999999999,1.9098000000000006,3.6051999999999964,1.1897000000000002,59.925000000000004,110.7564125,109.800725,2.0895000000000006,6.1133625,1.3547500000000001,59.1552875,-1.4878728465258642,-1.191097240071695
120.25,22.85,205.1626,SSP5-8.5,2041-2060,13.733399999999989,108.762,107.09120000000007,2.658899999999999,6.070699999999988,1.1431000000000004,58.1365,108.82333750000001,111.44014999999999,2.2324250000000005,5.7262875,1.3226499999999999,58.275225000000006,-1.4878728465258642,-1.1279014597019037
120.25,22.9,205.1656,SSP5-8.5,2041-2060,13.322299999999984,105.4052,126.18720000000008,2.6698999999999984,5.243099999999998,1.2466000000000008,57.3288,105.72905,122.81326250000004,2.543100000000001,6.182112499999998,1.5778124999999998,56.713687500000006,-1.4878728465258642,-1.0647056793321166
120.25,22.95,208.7716,SSP5-8.5,2041-2060,14.319799999999987,104.23420000000002,165.65200000000004,2.9268,4.9827999999999975,1.924100000000001,55.5731,104.599575,122.6892125,2.6858625000000007,5.6049500000000005,1.9166249999999998,56.6959,-1.4878728465258642,-1.0015098989623252
120.25,23.0,207.0415,SSP5-8.5,2041-2060,11.61669999999998,105.3338,132.88400000000001,3.0379000000000005,4.717200000000005,2.1327999999999996,56.5346,104.68345000000001,119.86281250000002,2.429337500000001,5.065724999999999,2.0577625,57.092800000000004,-1.4878728465258642,-0.9383141185925338
120.25,23.05,201.4759,SSP5-8.5,2041-2060,11.249200000000002,106.8784,98.65920000000006,2.1661,4.5017,1.9499999999999993,58.0346,106.1341875,105.68687499999996,2.339262500000001,4.4532125,1.9157374999999996,58.3485625,-1.4878728465258642,-0.8751183382227424
120.25,23.1,193.5872,SSP5-8.5,2041-2060,12.18440000000001,107.8034,93.94639999999981,2.1560000000000024,3.4706999999999937,1.3861999999999988,58.636500000000005,106.7028,93.8773875,1.972550000000001,4.384262500000001,1.7665999999999997,58.870675000000006,-1.4878728465258642,-0.811922557852951
120.25,23.15,192.8901,SSP5-8.5,2041-2060,12.595600000000019,106.96700000000001,88.58680000000004,1.5844000000000023,2.4983000000000004,1.6275999999999993,60.175000000000004,106.1726,87.85724999999991,1.786950000000001,4.428450000000001,1.7127124999999999,58.7776375,-1.4878728465258642,-0.748726777483164
120.25,23.2,198.0553,SSP5-8.5,2041-2060,4.8416,104.28500000000001,81.66319999999996,1.0838999999999999,4.360299999999995,2.0740999999999996,58.38269999999999,104.7197,83.07974999999996,1.5059375000000013,3.5920375000000027,1.7277999999999998,58.3901375,-1.4878728465258642,-0.6855309971133726
120.25,23.25,200.0552,SSP5-8.5,2041-2060,-1.0635000000000048,102.32419999999999,65.39719999999988,1.0814000000000021,2.5016999999999996,1.6585999999999999,57.942299999999996,103.02005,64.967825,1.1304500000000006,4.243525,1.8282249999999998,57.83365,-1.4878728465258642,-0.6223352167435812
120.25,23.3,181.8647,SSP5-8.5,2041-2060,-0.9757999999999925,101.68029999999999,32.49680000000012,1.0391000000000012,4.465499999999999,1.805200000000001,58.432700000000004,102.5341,57.64143750000005,1.1050125000000004,3.746337499999999,1.6465375,56.9540875,-1.4878728465258642,-0.5591394363737897
120.25,23.35,175.3702,SSP5-8.5,2041-2060,2.7372999999999763,103.27260000000001,45.70420000000013,1.4423999999999992,4.8414,1.3534000000000006,55.8481,102.69839999999999,55.426750000000084,1.1517249999999999,4.35625,1.6614250000000002,57.2423125,-1.4878728465258642,-0.4959436560039983
120.25,23.4,177.6964,SSP5-8.5,2041-2060,3.0305999999999926,104.48420000000002,77.5476000000001,1.3451999999999984,3.713800000000006,1.6345,57.855799999999995,103.71917499999999,66.09476250000006,1.3171124999999995,4.0431125,1.6402875000000003,57.1634625,-1.4878728465258642,-0.43274787563421135
120.25,23.45,174.0829,SSP5-8.5,2041-2060,3.0418999999999983,105.6481,79.04420000000005,1.4400999999999975,3.8034999999999926,1.5931000000000006,58.761500000000005,104.86768749999999,79.80503750000003,1.3429374999999997,3.8465500000000032,1.739875,58.363475,-1.4878728465258642,-0.3695520952644199
120.25,23.5,175.4561,SSP5-8.5,2041-2060,-2.9987999999999886,106.3459,85.11400000000003,1.4498000000000033,3.299999999999997,1.9482999999999997,60.4654,105.44749999999999,82.08896249999998,1.178974999999999,2.4640125,1.81875,59.344225,-1.4878728465258642,-0.3063563148946285
120.25,23.55,180.6196,SSP5-8.5,2041-2060,-11.66149999999999,106.18189999999998,72.53480000000013,0.9071999999999996,1.4292999999999978,1.9171999999999993,61.11149999999999,104.8247875,90.20114999999996,1.1919499999999998,1.6743500000000004,1.7056125,59.60915,-1.4878728465258642,-0.24316053452483705
120.25,23.6,176.2028,SSP5-8.5,2041-2060,-11.023499999999984,104.35899999999998,85.30099999999993,0.9859000000000009,-0.02929999999999211,1.2844999999999995,59.3885,103.7859125,86.83338749999997,1.1435624999999998,1.7180999999999997,1.6916,59.646875,-1.4878728465258642,-0.17996475415504562
120.25,23.65,168.6701,SSP5-8.5,2041-2060,-11.533699999999982,103.5393,65.55670000000009,1.0855999999999995,2.8654999999999973,1.4620999999999995,60.075,102.931625,90.78436249999994,1.3200375000000002,1.8144375000000021,1.391375,59.2629875,-1.4878728465258642,-0.11676897378525869
120.25,23.7,176.4131,SSP5-8.5,2041-2060,-10.921699999999987,104.21200000000002,77.24549999999999,1.3550000000000004,4.658600000000007,1.0448000000000004,60.311499999999995,102.0404875,82.524425,1.3078500000000002,1.714450000000002,1.4403125,59.795674999999996,-1.4878728465258642,-0.053573193415467256
120.25,23.75,176.3085,SSP5-8.5,2041-2060,-13.698800000000006,100.875,68.91599999999994,1.1120000000000019,3.820700000000002,1.3982999999999999,60.309599999999996,101.45727500000001,74.71282499999998,1.2839749999999999,0.7801750000000025,1.3454625,60.326924999999996,-1.4878728465258642,0.009622586954324176
120.25,23.8,169.3849,SSP5-8.5,2041-2060,-7.809699999999992,100.34479999999999,43.25489999999991,1.1972000000000023,-1.7534999999999883,1.3879000000000001,61.5962,99.269675,66.125575,1.165399999999999,0.7778125000000005,1.4071250000000002,59.807225,-1.4878728465258642,0.0728183673241156
120.25,23.85,157.8286,SSP5-8.5,2041-2060,-6.113799999999998,97.6797,49.858499999999935,1.1038999999999994,0.8896999999999906,1.2483000000000004,59.538500000000006,97.627875,59.62892499999997,1.2132249999999996,0.01615000000000144,1.33535,58.70433750000001,-1.4878728465258642,0.13601414769390704
120.25,23.9,148.1982,SSP5-8.5,2041-2060,-5.410000000000025,95.67800000000001,39.05869999999993,1.0963999999999992,0.6378999999999877,1.2621000000000002,57.584599999999995,96.47173749999999,55.634762499999994,1.175475,0.10150000000000237,1.176075,57.758425,-1.4878728465258642,0.19920992806369398
120.3,22.5,208.2381,SSP5-8.5,2041-2060,-3.1688000000000045,112.62819999999999,25.52209999999991,1.931799999999999,10.108599999999996,2.286199999999999,56.169200000000004,114.6345625,25.589924999999965,1.673937500000001,9.325212499999997,2.5179,58.174037500000004,-1.3821790064446429,-1.570271922290439
120.3,22.55,225.1234,SSP5-8.5,2041-2060,-3.0330999999999904,114.12629999999999,40.02710000000002,1.7838999999999992,8.772399999999998,2.7759,58.057700000000004,115.00055,27.578337499999975,1.6543500000000009,9.160337499999997,2.46035,58.6759625,-1.3821790064446429,-1.5070761419206478
120.3,22.6,230.9354,SSP5-8.5,2041-2060,4.508100000000013,118.8148,62.46239999999989,2.014800000000001,8.493099999999998,3.0775999999999994,61.550000000000004,115.41457499999999,38.78879999999998,1.5970624999999994,8.148062499999998,2.3452625000000005,60.3545625,-1.3821790064446429,-1.4438803615508562
120.3,22.65,240.0305,SSP5-8.5,2041-2060,0.21770000000000778,115.9367,68.37220000000002,1.6362999999999985,7.363799999999998,2.1914,61.423100000000005,115.337725,47.662162499999965,1.6406999999999998,7.970049999999999,2.24655,61.216575,-1.3821790064446429,-1.3806845811810693
120.3,22.7,248.9375,SSP5-8.5,2041-2060,-3.05619999999999,112.6822,63.51409999999987,2.1235999999999997,8.225899999999996,1.1431000000000004,60.536500000000004,113.75739999999999,74.7421625,1.7157375,7.0049624999999995,1.9013000000000002,60.924512500000006,-1.3821790064446429,-1.317488800811278
120.3,22.75,241.4981,SSP5-8.5,2041-2060,12.644000000000005,111.74870000000001,118.07460000000015,2.0379000000000005,7.1861999999999995,1.2776000000000014,59.5154,112.5965375,90.90807499999994,1.8427000000000007,6.250875,1.6700625,60.496387500000004,-1.3821790064446429,-1.2542930204414864
120.3,22.8,228.2381,SSP5-8.5,2041-2060,11.783799999999985,112.799,95.89359999999988,1.4296000000000006,5.379300000000001,1.5190000000000001,60.573100000000004,110.1145375,111.33483750000002,2.1776625000000003,5.812074999999999,1.5457125,58.903112500000006,-1.3821790064446429,-1.191097240071695
120.3,22.85,215.0137,SSP5-8.5,2041-2060,26.1729,107.7884,118.14960000000019,1.911800000000003,5.937899999999999,1.2396999999999991,58.47880000000001,107.5318125,106.14381249999997,2.4331374999999995,5.666812499999999,1.6336374999999999,57.7230625,-1.3821790064446429,-1.1279014597019037
120.3,22.9,209.3031,SSP5-8.5,2041-2060,21.78710000000001,106.0947,118.80009999999993,3.193100000000001,7.051699999999997,1.818999999999999,56.886500000000005,105.13275,106.58068750000004,2.6397,6.322424999999998,1.6144375,56.70455,-1.3821790064446429,-1.0647056793321166
120.3,22.95,218.45,SSP5-8.5,2041-2060,9.229000000000013,105.16860000000001,136.78549999999996,3.1144,6.846599999999995,2.0206999999999997,57.10960000000001,105.9053625,98.25852499999999,2.8242625000000006,6.270475000000001,1.8021624999999997,57.7088875,-1.3821790064446429,-1.0015098989623252
120.3,23.0,219.9452,SSP5-8.5,2041-2060,4.82589999999999,108.76239999999999,122.6117999999999,3.034700000000001,2.703400000000002,2.089699999999999,62.080799999999996,106.53285,84.35993750000003,2.4667500000000007,6.6657375,1.9806,58.015625,-1.3821790064446429,-0.9383141185925338
120.3,23.05,227.2896,SSP5-8.5,2041-2060,-1.5272999999999968,108.62799999999999,57.67870000000016,1.5313000000000017,5.303399999999996,2.4138,61.1135,107.3556625,83.61869999999996,2.396187500000001,5.56745,1.8961249999999994,58.7161,-1.3821790064446429,-0.8751183382227424
120.3,23.1,210.2699,SSP5-8.5,2041-2060,5.909899999999993,109.875,82.70959999999991,2.1020000000000003,4.5379000000000005,1.8430999999999997,61.3404,106.487225,84.21828749999997,2.019012500000001,4.979962499999998,1.8743499999999997,58.412975,-1.3821790064446429,-0.811922557852951
120.3,23.15,200.9192,SSP5-8.5,2041-2060,10.636600000000016,106.49189999999999,100.53139999999985,2.1646,3.5897000000000077,1.5482999999999993,59.20190000000001,105.201925,89.65856249999993,1.8177375000000011,4.455174999999999,1.9598999999999998,58.1161,-1.3821790064446429,-0.748726777483164
120.3,23.2,201.7078,SSP5-8.5,2041-2060,10.176299999999998,102.11260000000001,91.85839999999985,1.5048999999999992,3.820700000000002,2.1448,57.425,103.63831250000001,86.55704999999995,1.4665125000000012,3.4161625000000013,2.0808124999999995,57.694225,-1.3821790064446429,-0.6855309971133726
120.3,23.25,203.524,SSP5-8.5,2041-2060,-0.35069999999998913,101.9699,90.27880000000005,0.8942000000000014,1.1086000000000098,2.3034,56.875,101.8841875,62.47578749999997,1.1123125000000003,3.9723999999999995,2.2278000000000002,57.4617875,-1.3821790064446429,-0.6223352167435812
120.3,23.3,183.7246,SSP5-8.5,2041-2060,2.556600000000003,101.024,2.5932000000000244,0.4576999999999991,6.0379000000000005,2.0638000000000005,58.2885,101.473675,60.23776250000003,1.1401124999999999,3.39525,2.1553750000000003,56.9589125,-1.3821790064446429,-0.5591394363737897
120.3,23.35,177.6045,SSP5-8.5,2041-2060,2.3171000000000106,101.73519999999999,23.435100000000148,1.0889999999999986,4.0430999999999955,1.6654999999999998,57.163500000000006,101.979825,55.81566250000006,1.1666749999999997,4.106675000000002,1.9715500000000006,57.4901625,-1.3821790064446429,-0.4959436560039983
120.3,23.4,171.67,SSP5-8.5,2041-2060,3.8628000000000213,103.96429999999998,71.04040000000009,1.6543000000000028,4.294800000000009,1.5345000000000004,58.244200000000006,103.1078375,61.744262500000076,1.189649999999999,3.4625125000000008,1.9353375000000002,57.78535,-1.3821790064446429,-0.43274787563421135
120.3,23.45,181.7201,SSP5-8.5,2041-2060,0.9051000000000045,105.9366,77.71730000000002,0.9782999999999973,3.565500000000007,1.9724000000000004,59.05,103.845325,72.43965000000006,1.2636375000000002,3.8530250000000015,1.9413875,58.343275000000006,-1.3821790064446429,-0.3695520952644199
120.3,23.5,190.8068,SSP5-8.5,2041-2060,-8.62990000000002,105.68700000000001,77.72820000000002,1.1200999999999972,6.006900000000002,2.0344999999999995,58.8308,103.903975,78.33451250000005,1.1893625,3.2629374999999996,2.0909375,58.529325,-1.3821790064446429,-0.3063563148946285
120.3,23.55,178.1936,SSP5-8.5,2041-2060,-7.532200000000017,104.52619999999999,87.4541999999999,1.2662000000000013,1.372399999999999,1.8861999999999997,59.1096,103.4625375,88.52261250000001,1.2411875,3.9504375000000005,1.9484749999999997,58.252175,-1.3821790064446429,-0.24316053452483705
120.3,23.6,169.0598,SSP5-8.5,2041-2060,-4.812999999999988,103.6473,102.48779999999988,1.2591,3.3293000000000035,1.5810000000000004,59.807700000000004,103.42657499999999,85.85256250000003,1.2218874999999998,2.9256624999999996,1.7920249999999998,58.5577,-1.3821790064446429,-0.17996475415504562
120.3,23.65,174.8116,SSP5-8.5,2041-2060,-12.880799999999994,104.01199999999999,83.61059999999998,1.2398999999999987,3.2413999999999987,1.6897000000000002,60.4577,103.45275000000001,90.9907375,1.2702375,2.8327750000000016,1.5519375,59.218037499999994,-1.3821790064446429,-0.11676897378525869
120.3,23.7,183.594,SSP5-8.5,2041-2060,-13.670199999999994,103.8501,95.41049999999996,1.407700000000002,0.5551999999999992,1.4724000000000004,61.61729999999999,102.74357499999999,81.63345000000004,1.1452374999999995,2.891387500000002,1.4681125000000002,59.915625,-1.3821790064446429,-0.053573193415467256
120.3,23.75,182.2375,SSP5-8.5,2041-2060,-13.859700000000004,101.7003,84.31400000000008,1.291599999999999,2.6707000000000036,1.3155000000000001,61.90769999999999,101.60568750000002,80.52653749999996,1.1450750000000003,1.7829750000000022,1.4040875000000002,60.0889375,-1.3821790064446429,0.009622586954324176
120.3,23.8,182.4818,SSP5-8.5,2041-2060,-12.475200000000001,100.156,74.16059999999993,1.1546999999999983,2.7051999999999907,1.3948,59.5346,99.34563750000001,72.97792499999998,1.1862000000000004,0.6165875000000023,1.3452625,59.419,-1.3821790064446429,0.0728183673241156
120.3,23.85,168.7682,SSP5-8.5,2041-2060,-7.7637,96.4449,72.56880000000001,1.6788999999999987,-2.1259000000000015,1.5500000000000007,57.038500000000006,97.54852500000001,62.18051249999995,1.132225,0.7409499999999989,1.2099125000000002,58.2947125,-1.3821790064446429,0.13601414769390704
120.3,23.9,154.9006,SSP5-8.5,2041-2060,-3.0010000000000048,94.35410000000002,53.23789999999997,1.3354,0.5224000000000046,1.2603,56.15,96.3855875,55.57536250000001,1.150925,1.0635749999999966,1.1282375,57.1290875,-1.3821790064446429,0.19920992806369398
120.3,23.95,146.4972,SSP5-8.5,2041-2060,-3.1981999999999857,93.46650000000001,29.06350000000009,0.9798000000000009,1.4309999999999974,1.0947999999999993,54.9404,95.26715000000002,42.47573750000001,1.098925,1.0088249999999972,0.9017125000000001,56.240137499999996,-1.3821790064446429,0.26240570843348543
120.3,24.0,144.2081,SSP5-8.5,2041-2060,-3.0860000000000127,94.46579999999999,20.81320000000005,0.7621000000000002,0.6602999999999923,0.7292999999999994,56.1173,95.03693750000001,34.18330000000002,1.0496750000000001,1.476074999999998,0.731025,55.926675,-1.3821790064446429,0.32560148880327683
120.35,22.35,196.0512,SSP5-8.5,2041-2060,-13.347800000000007,119.38850000000001,9.842300000000023,2.014199999999999,16.579299999999996,1.9534000000000002,62.815400000000004,113.70003750000001,61.358799999999945,2.0316500000000004,8.988574999999997,2.1364124999999996,57.0836375,-1.2764851663634216,-1.759859263399809
120.35,22.5,221.2971,SSP5-8.5,2041-2060,-13.672300000000007,110.79979999999999,41.24239999999986,1.7578000000000031,9.870699999999992,2.3569000000000004,54.682700000000004,113.867325,25.42202499999999,1.7976750000000004,9.662924999999998,2.4306124999999996,57.59975,-1.2764851663634216,-1.570271922290439
120.35,22.55,236.2247,SSP5-8.5,2041-2060,-10.088900000000024,112.89789999999999,6.628500000000031,1.2656000000000027,7.9964999999999975,2.8224,55.75959999999999,113.7598625,16.702812499999936,1.7322500000000005,9.697199999999999,2.4209125,57.9509625,-1.2764851663634216,-1.5070761419206478
120.35,22.6,228.3469,SSP5-8.5,2041-2060,-1.479600000000005,116.71199999999999,1.947400000000016,1.064,9.365500000000004,2.9069000000000003,60.9135,114.4739375,13.711950000000002,1.5491750000000004,8.602799999999998,2.415525,59.493025,-1.2764851663634216,-1.4438803615508562
120.35,22.65,238.678,SSP5-8.5,2041-2060,-2.9238,115.7742,-2.980000000000018,0.9919999999999973,6.562100000000001,2.5500000000000007,62.1846,114.3638875,28.715674999999976,1.5098875,8.448275,2.31725,61.0170625,-1.2764851663634216,-1.3806845811810693
120.35,22.7,246.6065,SSP5-8.5,2041-2060,-5.147300000000001,111.57749999999999,22.137300000000096,1.1400000000000006,9.131000000000007,2.1792999999999996,61.2077,113.44465,51.9288875,1.6399624999999998,7.196987499999998,2.0493625000000004,61.0459,-1.2764851663634216,-1.317488800811278
120.35,22.75,250.3008,SSP5-8.5,2041-2060,9.610499999999973,114.6472,111.0347999999999,2.158100000000001,6.248299999999993,1.7051999999999996,62.59230000000001,110.5122875,67.55266249999997,1.8006249999999997,7.0547375,2.124575,59.383412500000006,-1.2764851663634216,-1.2542930204414864
120.35,22.8,246.0041,SSP5-8.5,2041-2060,13.574000000000012,110.73889999999999,119.97769999999991,2.3630999999999993,6.241400000000006,2.4345,60.51540000000001,106.4827625,88.04308750000001,2.1114875000000004,6.192237499999998,1.9844875000000002,56.364175,-1.2764851663634216,-1.191097240071695
120.35,22.85,228.9874,SSP5-8.5,2041-2060,15.048599999999993,100.85740000000001,103.05870000000004,2.6443999999999974,5.115500000000004,1.9292999999999996,52.819199999999995,103.70685,85.33166249999996,2.3325375000000004,6.6467625,2.11315,54.861050000000006,-1.2764851663634216,-1.1279014597019037
120.35,22.9,228.3372,SSP5-8.5,2041-2060,8.904899999999998,102.5567,66.13979999999992,2.5962999999999994,6.627600000000001,1.7878999999999987,55.6,102.09074999999999,72.33212500000002,2.521187500000001,7.360562500000001,2.02995,53.9055125,-1.2764851663634216,-1.0647056793321166
120.35,22.95,240.1659,SSP5-8.5,2041-2060,-7.67919999999998,106.28949999999999,29.581500000000005,2.595100000000002,9.755200000000002,1.6241000000000003,58.5904,104.14814999999999,59.28449999999995,2.5804875000000007,7.263800000000001,2.1004249999999995,55.6935,-1.2764851663634216,-1.0015098989623252
120.35,23.0,244.5636,SSP5-8.5,2041-2060,-9.792699999999996,108.56639999999999,24.21180000000004,2.540300000000002,9.082800000000006,1.793099999999999,59.0769,105.8803,51.848449999999985,2.233062500000001,6.8752125,2.151725,57.358900000000006,-1.2764851663634216,-0.9383141185925338
120.35,23.05,239.9779,SSP5-8.5,2041-2060,-2.3259999999999934,107.1639,29.426799999999957,1.822099999999999,8.136199999999995,1.9862000000000002,58.0923,106.68459999999999,56.8889125,2.166850000000001,6.22715,2.18255,58.3192375,-1.2764851663634216,-0.8751183382227424
120.35,23.1,232.6515,SSP5-8.5,2041-2060,-1.6119999999999948,104.462,84.5,2.3104000000000013,7.389699999999998,1.9878999999999998,55.932700000000004,105.9421875,64.98698749999997,1.9490125000000007,5.5189625,2.23665,58.091837500000004,-1.2764851663634216,-0.811922557852951
120.35,23.15,235.644,SSP5-8.5,2041-2060,-3.6022000000000105,103.50320000000002,120.41699999999992,2.417200000000001,4.949999999999996,2.094800000000001,56.1173,104.31756250000001,65.51916249999996,1.8209125000000008,5.046787500000001,2.377375,57.3165875,-1.2764851663634216,-0.748726777483164
120.35,23.2,227.8857,SSP5-8.5,2041-2060,-0.08120000000002392,102.60719999999999,73.58709999999996,1.3831000000000024,4.613800000000005,2.5206999999999997,56.919200000000004,102.7424125,73.29662499999995,1.5456375000000007,3.729750000000002,2.573925,56.6240375,-1.2764851663634216,-0.6855309971133726
120.35,23.25,212.9953,SSP5-8.5,2041-2060,-1.7360999999999933,100.9581,71.99489999999992,1.1233000000000004,3.7068999999999974,2.818999999999999,55.9404,101.53787499999999,58.9020625,1.1931000000000003,3.5120625000000016,2.6713375,56.872600000000006,-1.2764851663634216,-0.6223352167435812
120.35,23.3,200.8874,SSP5-8.5,2041-2060,1.6436999999999955,100.0821,80.21550000000002,1.2250999999999976,2.2723999999999975,2.7362,56.3635,100.71827499999999,60.967824999999976,1.14505,3.3377000000000008,2.712075,56.8327125,-1.2764851663634216,-0.5591394363737897
120.35,23.35,194.7958,SSP5-8.5,2041-2060,2.4743999999999744,99.767,72.37959999999998,1.2263999999999982,4.2224,2.901700000000001,57.105799999999995,100.6881625,62.900012499999974,1.2520125000000002,2.778875,2.3043125,57.181512500000004,-1.2764851663634216,-0.4959436560039983
120.35,23.4,185.5828,SSP5-8.5,2041-2060,2.5270000000000152,101.5641,64.548,0.9432000000000009,3.005200000000002,1.7431,57.78269999999999,101.283375,70.18039999999999,1.3004625,2.2306000000000017,2.403225,57.4425625,-1.2764851663634216,-0.43274787563421135
120.35,23.45,185.7078,SSP5-8.5,2041-2060,3.471400000000017,102.45490000000001,53.57810000000018,1.0526000000000018,0.5052000000000021,2.6190000000000007,58.715399999999995,101.85409999999999,73.1699625,1.1973125000000002,3.0146500000000023,2.090725,57.301925,-1.2764851663634216,-0.3695520952644199
120.35,23.5,192.3627,SSP5-8.5,2041-2060,-2.2708999999999833,100.61410000000001,70.91669999999999,1.1037999999999997,6.194800000000001,2.4240999999999993,56.090399999999995,101.59833750000001,78.27313750000005,1.1844875000000004,2.676512500000001,2.2321125,56.8079375,-1.2764851663634216,-0.3063563148946285
120.35,23.55,191.5476,SSP5-8.5,2041-2060,-4.794899999999984,99.5241,100.31680000000006,1.3169000000000004,5.9328,2.3671999999999995,54.930800000000005,100.87043750000001,86.3179375,1.3068500000000003,3.8827625,2.016375,55.9226,-1.2764851663634216,-0.24316053452483705
120.35,23.6,171.1946,SSP5-8.5,2041-2060,-0.09510000000000218,101.34100000000001,113.78160000000003,1.7866999999999997,5.439699999999995,2.0309999999999997,55.392300000000006,100.6671,85.56185000000002,1.2981750000000005,3.5101500000000003,1.92155,56.12405,-1.2764851663634216,-0.17996475415504562
120.35,23.65,182.5119,SSP5-8.5,2041-2060,-10.5916,103.9291,78.26480000000015,1.1866999999999983,3.153500000000001,1.6983000000000006,57.9962,101.34649999999999,93.6242125,1.3578750000000004,3.3105874999999996,1.8049500000000003,57.047362500000006,-1.2764851663634216,-0.11676897378525869
120.35,23.7,187.8699,SSP5-8.5,2041-2060,-12.324099999999987,102.74419999999999,109.87799999999993,1.0951999999999984,2.689700000000002,1.8413999999999993,59.1558,101.66037499999999,81.43982500000007,1.14215,2.2424750000000007,1.6174500000000003,58.011775,-1.2764851663634216,-0.053573193415467256
120.35,23.75,178.4038,SSP5-8.5,2041-2060,-9.553499999999985,100.9367,85.28200000000015,0.7958999999999996,0.03100000000000591,1.2948000000000004,59.11149999999999,100.9623,84.44184999999999,1.0779124999999996,1.7573499999999997,1.51055,58.2012,-1.2764851663634216,0.009622586954324176
120.35,23.8,179.6057,SSP5-8.5,2041-2060,-11.156200000000013,99.72670000000002,90.06479999999988,1.0428999999999995,1.5568999999999988,1.3982999999999999,59.074999999999996,98.8095375,76.82487500000002,1.0806499999999999,0.5159500000000019,1.3165875,57.087487499999995,-1.2764851663634216,0.0728183673241156
120.35,23.85,175.2072,SSP5-8.5,2041-2060,-6.232200000000006,97.05699999999999,89.56439999999998,1.2672000000000025,-0.15689999999999316,1.1689999999999996,56.775000000000006,96.96587500000001,69.44061249999997,1.0955749999999997,0.30086250000000003,1.0861999999999998,56.373062499999996,-1.2764851663634216,0.13601414769390704
120.35,23.9,162.5015,SSP5-8.5,2041-2060,-4.355699999999985,95.3919,58.24430000000007,0.8600999999999992,1.5259,0.5586000000000002,56.1038,95.327125,59.1334375,1.1843375000000007,0.5377000000000018,0.9786624999999999,55.499275000000004,-1.2764851663634216,0.19920992806369398
120.35,23.95,156.0889,SSP5-8.5,2041-2060,-3.078399999999988,95.2107,32.08410000000015,1.0664000000000016,3.601700000000001,0.7483000000000004,55.5173,94.92307500000001,39.89842499999999,0.986075,1.1111999999999975,0.6639874999999998,55.685325,-1.2764851663634216,0.26240570843348543
120.35,24.0,149.0506,SSP5-8.5,2041-2060,-0.5690000000000168,95.7851,18.038599999999974,1.014400000000002,1.4551999999999907,0.47409999999999997,56.3692,94.72018750000001,30.434275000000028,0.9563624999999996,1.481237499999998,0.549775,55.44735,-1.2764851663634216,0.32560148880327683
120.35,24.05,146.5864,SSP5-8.5,2041-2060,-1.3541999999999916,94.54399999999998,13.999299999999948,1.0045000000000002,1.1000000000000085,0.25,55.2904,94.3936125,22.258300000000048,0.9598625000000003,1.0060249999999948,0.5241375,55.0656125,-1.2764851663634216,0.3887972691730683
120.4,22.5,207.384,SSP5-8.5,2041-2060,-12.120499999999993,111.51070000000001,37.959899999999834,1.9408999999999992,10.018999999999998,2.162099999999999,55.519200000000005,112.87358749999999,38.86577499999996,1.9764625000000016,9.726087499999995,2.1659375,57.191825,-1.1707913262821703,-1.570271922290439
120.4,22.55,229.0997,SSP5-8.5,2041-2060,-8.445100000000025,112.1157,-39.75589999999988,1.7976000000000028,11.558599999999998,1.7861999999999991,56.800000000000004,112.5738,23.20554999999993,1.7962500000000006,9.4472125,2.3853500000000003,57.3987875,-1.1707913262821703,-1.5070761419206478
120.4,22.6,239.1591,SSP5-8.5,2041-2060,-0.9131999999999891,113.3714,-35.782900000000154,1.5671999999999997,9.389699999999998,2.015500000000001,59.9154,112.806475,7.7255375000000015,1.5034875000000008,8.265725,2.5140125,58.512975,-1.1707913262821703,-1.4438803615508562
120.4,22.65,245.7498,SSP5-8.5,2041-2060,-0.6192000000000064,112.7545,10.72420000000011,1.336000000000002,8.6862,2.1052,60.253800000000005,112.59815,10.195787499999994,1.2961499999999995,7.2375000000000025,2.6888000000000005,59.9403875,-1.1707913262821703,-1.3806845811810693
120.4,22.7,249.8626,SSP5-8.5,2041-2060,-2.4953999999999894,113.06200000000001,36.35069999999996,1.1971999999999987,6.9310000000000045,2.9190000000000005,62.33650000000001,110.67095,19.499812500000047,1.3814124999999997,6.689875,2.494825,58.63221250000001,-1.1707913262821703,-1.317488800811278
120.4,22.75,262.3101,SSP5-8.5,2041-2060,-8.094199999999972,110.9517,10.34050000000002,1.6386000000000003,6.372399999999992,2.503400000000001,59.525000000000006,107.389775,51.9099875,1.7328499999999996,6.557987500000001,2.6788875,56.82427500000001,-1.1707913262821703,-1.2542930204414864
120.4,22.8,252.613,SSP5-8.5,2041-2060,7.552900000000022,100.5383,74.13279999999986,2.474999999999998,6.970699999999994,3.0206999999999997,50.8577,103.1440875,70.50797499999999,2.1694125,5.9026000000000005,2.4687375,53.8800375,-1.1707913262821703,-1.191097240071695
120.4,22.85,245.8822,SSP5-8.5,2041-2060,5.977599999999995,92.53139999999999,73.66010000000006,2.5965000000000025,6.327600000000004,2.681000000000001,46.5519,100.4272875,80.29954999999993,2.3796749999999993,6.101950000000001,2.46465,52.32355,-1.1707913262821703,-1.1279014597019037
120.4,22.9,260.1326,SSP5-8.5,2041-2060,-7.95780000000002,96.60739999999998,15.899599999999964,2.094899999999999,8.637900000000002,2.4034000000000013,49.425,99.50925,59.70607499999997,2.3384500000000004,7.145925000000002,2.34115,51.675,-1.1707913262821703,-1.0647056793321166
120.4,22.95,265.6406,SSP5-8.5,2041-2060,-17.984700000000004,101.3886,-17.278099999999995,2.019300000000001,9.212100000000007,2.5223999999999993,51.3827,102.06751249999999,33.892724999999956,2.169187500000001,8.520062500000002,2.3642125,53.3247625,-1.1707913262821703,-1.0015098989623252
120.4,23.0,259.5552,SSP5-8.5,2041-2060,-11.27030000000002,104.04039999999999,7.105499999999893,2.050900000000002,7.948299999999996,2.3672000000000004,53.98649999999999,104.2372125,21.96983750000001,1.9438625000000007,8.740962500000002,2.4431,54.7449625,-1.1707913262821703,-0.9383141185925338
120.4,23.05,257.5938,SSP5-8.5,2041-2060,-7.859799999999979,105.601,48.8759,1.6966999999999999,5.096500000000006,2.1897,56.5154,104.587275,25.86246250000002,1.9655750000000003,8.3773875,2.4402999999999997,55.455762500000006,-1.1707913262821703,-0.8751183382227424
120.4,23.1,258.2545,SSP5-8.5,2041-2060,-6.316699999999997,103.54160000000002,27.41800000000012,2.0685000000000002,7.755199999999995,2.7759,56.50770000000001,103.9654875,46.01080000000002,1.8506000000000005,6.806475,2.4788750000000004,55.663700000000006,-1.1707913262821703,-0.811922557852951
120.4,23.15,265.9338,SSP5-8.5,2041-2060,-11.055200000000013,102.7329,52.83849999999984,1.7897000000000034,4.782800000000002,3.0413999999999994,55.8462,102.6006125,47.08995000000007,1.7630125000000008,6.208199999999999,2.692025,55.1721,-1.1707913262821703,-0.748726777483164
120.4,23.2,247.6968,SSP5-8.5,2041-2060,-10.700999999999993,102.7173,10.710300000000188,1.2440999999999995,3.8844999999999956,3.1569000000000003,55.3596,101.44752500000001,60.183562499999965,1.5372375000000016,4.8416000000000015,3.03815,55.1158625,-1.1707913262821703,-0.6855309971133726
120.4,23.25,241.2646,SSP5-8.5,2041-2060,-4.787599999999998,101.45339999999999,47.74369999999999,1.2271,3.994800000000005,3.4828,56.2269,100.39750000000001,59.87059999999997,1.390600000000001,3.4749999999999996,3.1747875,55.326925,-1.1707913262821703,-0.6223352167435812
120.4,23.3,229.3535,SSP5-8.5,2041-2060,-0.18080000000000496,100.3365,74.22949999999992,1.6086000000000027,2.3637999999999977,2.9620999999999995,57.5231,99.543725,74.91227499999991,1.3577499999999998,2.830587500000001,3.538575,55.711312500000005,-1.1707913262821703,-0.5591394363737897
120.4,23.35,217.5594,SSP5-8.5,2041-2060,2.2988,98.50209999999998,105.08779999999979,1.5340999999999987,1.2241,3.4982999999999995,55.538500000000006,99.5315375,78.42946249999994,1.3277,1.7665999999999995,3.142875,56.629099999999994,-1.1707913262821703,-0.4959436560039983
120.4,23.4,194.6296,SSP5-8.5,2041-2060,2.801400000000001,98.297,82.0505999999998,1.504100000000001,-1.0103000000000009,2.231,56.5481,99.8303875,78.81258749999998,1.2044375,1.8234875000000006,3.1398624999999996,57.016125,-1.1707913262821703,-0.43274787563421135
120.4,23.45,191.9373,SSP5-8.5,2041-2060,7.4983,99.60990000000001,76.15429999999992,1.3649000000000022,1.0,2.8034,57.175000000000004,99.3392,69.67155000000002,1.0629875000000002,2.091175,2.5364249999999995,56.0976,-1.1707913262821703,-0.3695520952644199
120.4,23.5,197.1109,SSP5-8.5,2041-2060,1.1348000000000127,99.15979999999999,65.20420000000013,0.9098000000000006,1.060299999999998,1.9827999999999992,54.6942,98.15899999999999,76.88713750000005,1.2220375000000008,3.7140250000000004,2.6614125,54.7175625,-1.1707913262821703,-0.3063563148946285
120.4,23.55,194.6141,SSP5-8.5,2041-2060,2.6417999999999893,95.8882,88.03200000000015,1.467100000000002,1.9690000000000012,2.1914,51.9577,97.58025,82.00391250000001,1.2972000000000001,4.921787499999999,2.3765,53.188225,-1.1707913262821703,-0.24316053452483705
120.4,23.6,169.4447,SSP5-8.5,2041-2060,1.3315999999999804,96.09990000000002,84.9387999999999,1.5420000000000016,5.689700000000002,2.000000000000001,51.4981,97.846525,81.97677500000006,1.3405750000000003,4.332999999999998,2.1226249999999998,53.2449625,-1.1707913262821703,-0.17996475415504562
120.4,23.65,188.9892,SSP5-8.5,2041-2060,-10.892000000000024,97.70999999999998,59.38980000000015,1.1075000000000017,3.393099999999997,1.9585999999999997,53.2346,98.8884625,82.51845,1.3014624999999995,3.7819249999999993,1.9000000000000001,54.039437500000005,-1.1707913262821703,-0.11676897378525869
120.4,23.7,189.6133,SSP5-8.5,2041-2060,-11.738700000000023,101.3675,99.49660000000017,1.424900000000001,2.1465999999999994,1.8655000000000008,55.2154,98.86906249999998,71.60632500000003,0.9686749999999993,2.4976375000000006,1.6790875,54.7463875,-1.1707913262821703,-0.053573193415467256
120.4,23.75,184.6684,SSP5-8.5,2041-2060,-11.03649999999999,99.7773,65.75029999999992,0.6829999999999998,2.7483000000000004,1.644800000000001,54.553799999999995,98.809075,78.766525,0.931074999999999,1.210137500000001,1.5956749999999997,55.4012,-1.1707913262821703,0.009622586954324176
120.4,23.8,181.3336,SSP5-8.5,2041-2060,-10.483199999999982,98.37630000000001,56.460000000000036,0.523299999999999,-1.0137999999999963,1.151699999999999,54.55,97.9988125,79.5998875,0.980775,0.8299625000000024,1.367025,55.1583875,-1.1707913262821703,0.0728183673241156
120.4,23.85,177.2337,SSP5-8.5,2041-2060,-3.919099999999986,96.02779999999998,86.49890000000005,1.2506000000000022,-0.7309999999999945,1.0120999999999993,53.22880000000001,96.9349,72.49047499999998,0.9551249999999998,0.34160000000000057,1.0601374999999997,55.196375,-1.1707913262821703,0.13601414769390704
120.4,23.9,165.6823,SSP5-8.5,2041-2060,-2.940100000000001,95.24929999999999,64.28959999999984,0.9187000000000012,-0.03280000000000172,0.36379999999999946,55.303799999999995,95.3770375,66.18160000000005,1.0919375000000002,0.47350000000000136,0.844625,54.18965000000001,-1.1707913262821703,0.19920992806369398
120.4,23.95,168.0032,SSP5-8.5,2041-2060,-2.3520999999999788,94.8067,45.760299999999916,0.9776999999999987,1.7931000000000026,0.6310000000000002,55.040400000000005,94.667125,47.27600000000004,0.9795625000000001,0.37457499999999744,0.4741375,54.3084,-1.1707913262821703,0.26240570843348543
120.4,24.0,160.5416,SSP5-8.5,2041-2060,0.13400000000001455,95.86520000000002,29.74000000000001,1.0403999999999982,1.5344999999999942,0.20000000000000018,55.4577,93.91075000000001,31.82980000000005,0.9609125000000001,0.17736249999999742,0.36917500000000014,54.0274,-1.1707913262821703,0.32560148880327683
120.4,24.05,156.3616,SSP5-8.5,2041-2060,3.3718999999999824,94.0107,13.769499999999994,0.9598999999999975,0.2033999999999878,0.18620000000000037,55.11149999999999,93.8073,22.815512499999997,0.8796375000000003,0.009499999999998288,0.3120750000000001,54.0387,-1.1707913262821703,0.3887972691730683
120.4,24.1,153.5601,SSP5-8.5,2041-2060,1.480400000000003,94.5926,7.491800000000012,0.9753000000000007,1.4621000000000066,0.4621000000000004,54.7846,93.3206875,16.96457500000001,0.8559624999999991,-0.04396250000000368,0.3260875,53.964175,-1.1707913262821703,0.4519930495428597
120.4,24.15,150.4574,SSP5-8.5,2041-2060,2.9536999999999978,92.38329999999999,9.730800000000045,0.8460000000000001,-0.0671999999999997,0.32069999999999954,54.00000000000001,93.1551875,12.733900000000048,0.7765749999999993,-0.41465000000000174,0.27285000000000015,53.236775,-1.1707913262821703,0.5151888299126467
120.45,22.45,184.9807,SSP5-8.5,2041-2060,1.2839999999999918,116.7809,86.36849999999981,2.3770000000000024,9.834499999999991,2.115500000000001,59.421200000000006,113.81795,89.32395,2.1552875,9.028887499999998,2.0568874999999998,57.7552625,-1.0650974862009488,-1.6334677026602307
120.45,22.5,186.9582,SSP5-8.5,2041-2060,-2.6858000000000004,112.13299999999998,68.58470000000011,2.582799999999999,10.9897,1.6275999999999993,56.028800000000004,113.139125,72.39729999999997,2.020187500000001,8.773062499999998,2.3034375,57.7637,-1.0650974862009488,-1.570271922290439
120.45,22.55,220.504,SSP5-8.5,2041-2060,-6.865299999999991,111.4722,44.36929999999984,2.2774,10.375899999999994,2.272400000000001,57.24230000000001,111.94186250000001,34.35865000000001,1.8442625000000001,8.388375,2.2956999999999996,57.6987875,-1.0650974862009488,-1.5070761419206478
120.45,22.6,233.7048,SSP5-8.5,2041-2060,-2.4924000000000035,111.69340000000001,20.69509999999991,1.9143000000000008,7.570700000000002,2.9190000000000005,59.1288,110.62721250000001,13.093300000000028,1.4876125000000004,7.265737499999999,2.4909499999999998,57.481012500000006,-1.0650974862009488,-1.4438803615508562
120.45,22.65,252.1399,SSP5-8.5,2041-2060,-3.95150000000001,109.03190000000001,20.175700000000006,1.3810000000000002,4.010300000000001,2.75,55.82119999999999,109.861525,17.084587500000026,1.292875,5.814887500000001,2.907125,57.9473375,-1.0650974862009488,-1.3806845811810693
120.45,22.7,261.5788,SSP5-8.5,2041-2060,-7.828000000000003,109.56280000000001,19.02300000000014,1.1134999999999984,4.939700000000002,3.2706999999999997,58.0154,106.392625,12.190012500000051,1.2782625000000003,5.4685375,2.9825375000000003,54.97955,-1.0650974862009488,-1.317488800811278
120.45,22.75,267.5862,SSP5-8.5,2041-2060,-10.641099999999994,101.06779999999999,-34.45699999999988,1.2920999999999978,7.569000000000003,2.8948,49.4577,103.5111875,31.224075000000028,1.5773625,5.745912499999998,3.1202625,53.543737500000006,-1.0650974862009488,-1.2542930204414864
120.45,22.8,246.563,SSP5-8.5,2041-2060,3.3055999999999983,97.9237,67.0806,2.123800000000003,4.4328,3.0069,49.6115,98.85504999999999,37.44076249999998,1.81455,6.605174999999998,2.9538625,50.254562500000006,-1.0650974862009488,-1.191097240071695
120.45,22.85,241.4185,SSP5-8.5,2041-2060,7.002100000000013,96.4346,113.36839999999984,2.5386999999999986,4.913800000000002,2.5947999999999993,49.967299999999994,97.14937499999999,57.436012499999975,2.036437500000001,6.958625,2.9153000000000002,49.2362875,-1.0650974862009488,-1.1279014597019037
120.45,22.9,252.5991,SSP5-8.5,2041-2060,-2.2959999999999923,97.76129999999999,82.73879999999986,2.2012,5.8759000000000015,2.5397,49.7923,97.10409999999999,50.5030625,2.0064625000000005,7.427600000000001,2.819375,48.995425,-1.0650974862009488,-1.0647056793321166
120.45,22.95,275.3526,SSP5-8.5,2041-2060,-17.197799999999972,98.25450000000001,26.379400000000032,1.5161000000000016,9.339699999999993,3.049999999999999,48.6962,99.40375,40.2121875,1.9740375000000001,8.403250000000002,2.7495625,49.875474999999994,-1.0650974862009488,-1.0015098989623252
120.45,23.0,285.0495,SSP5-8.5,2041-2060,-12.069600000000037,102.46390000000001,19.085399999999936,1.758700000000001,10.893100000000004,3.3483,51.430800000000005,101.2108875,33.4462125,1.7652124999999996,8.270500000000002,2.804525,51.0923125,-1.0650974862009488,-0.9383141185925338
120.45,23.05,283.224,SSP5-8.5,2041-2060,-9.743799999999965,104.1699,15.476000000000113,1.602599999999999,8.412100000000002,3.0310000000000006,54.175,102.2970125,30.768537500000036,1.7766374999999996,8.566600000000001,2.8349374999999997,52.5598625,-1.0650974862009488,-0.8751183382227424
120.45,23.1,284.2293,SSP5-8.5,2041-2060,-10.975000000000023,102.2901,-0.32379999999989195,1.5710999999999977,7.401699999999998,2.2327999999999992,54.444199999999995,102.25436249999998,40.00482500000004,1.7563375000000003,7.6767375000000015,3.0243624999999996,53.5055375,-1.0650974862009488,-0.811922557852951
120.45,23.15,288.1429,SSP5-8.5,2041-2060,-14.393599999999992,101.80089999999998,16.876000000000204,1.5950000000000024,8.282800000000002,3.2672000000000008,54.186499999999995,101.1859375,36.177612500000066,1.6787125,6.670037499999999,2.9847124999999997,53.183662500000004,-1.0650974862009488,-0.748726777483164
120.45,23.2,282.192,SSP5-8.5,2041-2060,-11.354800000000012,99.8826,43.53500000000008,1.5147000000000013,5.387900000000002,3.5,51.9096,99.7732,40.79217499999993,1.4360875000000006,5.308625000000001,3.268325,53.0524125,-1.0650974862009488,-0.6855309971133726
120.45,23.25,276.5424,SSP5-8.5,2041-2060,-8.425099999999986,98.64190000000002,54.47629999999981,1.2478000000000016,3.0138000000000034,3.5793,53.7808,98.29532499999999,34.889712499999945,1.4046500000000006,4.523912499999999,3.3831999999999995,52.7548125,-1.0650974862009488,-0.6223352167435812
120.45,23.3,256.2755,SSP5-8.5,2041-2060,0.49399999999997135,97.95429999999999,70.21619999999984,1.778100000000002,2.556899999999999,4.1240999999999985,54.819199999999995,97.1830375,40.10962499999985,1.2572750000000004,3.7821000000000007,3.7538875,53.36685,-1.0650974862009488,-0.5591394363737897
120.45,23.35,241.0817,SSP5-8.5,2041-2060,1.9726999999999748,98.99089999999998,97.18419999999992,1.5000999999999998,1.6534000000000049,5.167199999999999,55.9154,97.33314999999999,42.69427499999989,1.1850625000000004,2.342037499999998,3.4450374999999998,54.6605875,-1.0650974862009488,-0.4959436560039983
120.45,23.4,221.4944,SSP5-8.5,2041-2060,-3.3543000000000234,99.2604,86.61210000000005,0.8359999999999985,-0.9310000000000045,3.2775999999999996,56.974999999999994,97.83563749999999,53.95431249999993,1.2000625000000005,2.267450000000001,3.5502,55.589925,-1.0650974862009488,-0.43274787563421135
120.45,23.45,203.6636,SSP5-8.5,2041-2060,8.188500000000005,98.49380000000001,74.95659999999998,1.1782000000000004,3.9086,3.108599999999999,56.9212,97.53257500000001,55.82850000000002,1.0832125000000001,1.6868624999999993,2.9213375,54.9581625,-1.0650974862009488,-0.3695520952644199
120.45,23.5,216.1281,SSP5-8.5,2041-2060,3.9946000000000197,94.8695,59.50610000000006,0.9761999999999986,3.996600000000001,2.9052000000000007,51.053799999999995,96.527375,65.68240000000006,1.278525000000001,3.05215,2.7618624999999994,53.741600000000005,-1.0650974862009488,-0.3063563148946285
120.45,23.55,203.0046,SSP5-8.5,2041-2060,0.3281999999999812,93.8175,91.63650000000007,1.316600000000001,6.205199999999998,2.8724,50.89620000000001,95.8606875,65.03572500000004,1.2401750000000002,3.4676874999999994,2.5196250000000004,52.0048,-1.0650974862009488,-0.24316053452483705
120.45,23.6,193.698,SSP5-8.5,2041-2060,-5.077500000000015,95.21610000000001,69.73059999999987,1.4255999999999993,4.855199999999996,2.4293000000000005,50.949999999999996,95.7886375,67.00945000000004,1.2565625000000011,3.915524999999999,2.3717750000000004,51.5428,-1.0650974862009488,-0.17996475415504562
120.45,23.65,187.914,SSP5-8.5,2041-2060,-4.731099999999998,95.34619999999998,54.66210000000001,1.1174999999999997,3.7154999999999987,1.4328000000000003,50.6019,96.736275,64.98685000000003,1.2039625000000003,3.8045374999999986,2.2687375000000003,51.873325,-1.0650974862009488,-0.11676897378525869
120.45,23.7,196.2103,SSP5-8.5,2041-2060,-13.436099999999982,95.06370000000001,49.39509999999996,0.8330999999999982,2.5655,1.901699999999999,51.50580000000001,97.0883,61.96341250000003,1.0545375000000003,3.306687499999999,1.8911500000000003,52.1211375,-1.0650974862009488,-0.053573193415467256
120.45,23.75,176.8161,SSP5-8.5,2041-2060,-7.4325000000000045,95.4453,70.22849999999994,0.9304999999999986,1.6844999999999999,1.6602999999999994,51.811499999999995,97.3014125,65.11643750000002,0.9062999999999999,2.466175,1.7685125,52.775475,-1.0650974862009488,0.009622586954324176
120.45,23.8,172.7138,SSP5-8.5,2041-2060,-2.3678999999999917,96.81219999999999,69.32719999999995,0.8027999999999977,0.020699999999997942,1.6517,52.7846,96.9686375,71.73897500000001,0.9305125000000003,1.750862500000001,1.4497749999999998,53.0954125,-1.0650974862009488,0.0728183673241156
120.45,23.85,172.6274,SSP5-8.5,2041-2060,-2.0786999999999978,98.20750000000001,80.08300000000008,1.0732999999999997,1.4862000000000037,1.1052,53.9269,95.7534625,70.29543749999999,0.9970624999999997,0.7918124999999998,1.2359999999999998,53.3211375,-1.0650974862009488,0.13601414769390704
120.45,23.9,166.1502,SSP5-8.5,2041-2060,2.5774999999999864,94.6583,71.89049999999997,1.1526999999999994,-0.6534000000000049,1.0827999999999998,53.0519,94.2570625,67.69923750000001,1.1551124999999995,0.5454625000000011,0.8756499999999999,52.722825,-1.0650974862009488,0.19920992806369398
120.45,23.95,174.7063,SSP5-8.5,2041-2060,-2.0971999999999866,91.65639999999999,65.32730000000015,1.0874999999999986,-3.077600000000004,0.4500000000000002,49.873099999999994,93.563925,51.29091249999999,1.0529124999999993,0.5340500000000006,0.5747874999999998,53.0925375,-1.0650974862009488,0.26240570843348543
120.45,24.0,172.2528,SSP5-8.5,2041-2060,0.7323999999999842,93.52009999999999,38.59360000000015,0.6963000000000008,-1.356899999999996,-0.08450000000000024,52.790400000000005,92.7338,39.19477500000001,0.9926999999999992,-0.4627250000000034,0.41595000000000004,52.596875,-1.0650974862009488,0.32560148880327683
120.45,24.05,163.1144,SSP5-8.5,2041-2060,1.9244000000000199,91.75230000000002,27.065700000000106,0.8806000000000012,-2.3000000000000114,0.29830000000000023,52.2269,93.42002500000001,24.7222,0.8120624999999992,-0.2329750000000015,0.29979999999999996,53.525000000000006,-1.0650974862009488,0.3887972691730683
120.45,24.1,157.3901,SSP5-8.5,2041-2060,3.75060000000002,92.43800000000002,8.851999999999862,0.6746999999999979,-0.5172000000000025,0.36380000000000035,53.4269,92.933175,17.670875000000038,0.8014000000000001,-0.529950000000003,0.402825,53.3661,-1.0650974862009488,0.4519930495428597
120.45,24.15,154.1392,SSP5-8.5,2041-2060,3.1701000000000192,93.013,0.9271000000001095,0.6667999999999985,0.7413999999999987,0.4706999999999999,53.1288,92.999625,14.699337500000041,0.7619999999999996,-0.5081749999999996,0.33686250000000006,53.255775,-1.0650974862009488,0.5151888299126467
120.45,24.2,153.3517,SSP5-8.5,2041-2060,4.395800000000008,92.9515,10.857000000000198,0.7856999999999985,-0.4569000000000045,-0.1465999999999994,52.0462,92.72196249999999,13.862562500000053,0.7872624999999998,-0.44717499999999877,0.3659625000000001,52.806237499999995,-1.0650974862009488,0.578384610282438
120.5,22.4,199.1072,SSP5-8.5,2041-2060,-4.14500000000001,116.56730000000002,95.47090000000003,2.107499999999998,6.324100000000001,1.5671999999999997,59.6442,113.3967125,115.76128750000001,2.0762375000000004,8.572849999999995,2.25645,58.191575,-0.9594036461197276,-1.696663483030022
120.5,22.45,202.3235,SSP5-8.5,2041-2060,0.7834000000000003,116.28250000000001,129.09339999999997,2.2897999999999996,6.765500000000003,2.1533999999999995,59.44420000000001,113.494075,107.26820000000004,2.096737500000001,8.665087499999997,2.1226125,57.8319625,-0.9594036461197276,-1.6334677026602307
120.5,22.5,214.1717,SSP5-8.5,2041-2060,1.8548000000000116,113.4178,139.27160000000003,2.186300000000003,7.7930999999999955,2.3309999999999995,57.6846,112.8491625,84.19232499999998,2.0108500000000005,8.361637499999999,2.4314625,57.77091250000001,-0.9594036461197276,-1.570271922290439
120.5,22.55,231.1404,SSP5-8.5,2041-2060,-9.79480000000001,112.37650000000002,56.44180000000006,1.5954999999999977,6.850000000000001,2.9827999999999992,58.498099999999994,110.26306249999999,71.6217,1.742362500000001,6.6288874999999985,2.6717625,57.2971125,-0.9594036461197276,-1.5070761419206478
120.5,22.6,229.9008,SSP5-8.5,2041-2060,-5.340900000000005,108.9164,27.45490000000018,1.1694999999999993,2.9361999999999995,2.5413999999999994,58.0154,107.7631375,39.29469999999995,1.4217875000000006,5.43945,3.1696125,56.0242875,-0.9594036461197276,-1.4438803615508562
120.5,22.65,250.338,SSP5-8.5,2041-2060,-5.127399999999994,104.9791,21.119300000000067,0.7767000000000017,4.319000000000003,3.4741,53.3019,105.7726625,34.41489999999999,1.3039625,3.7935500000000006,3.3877249999999997,55.2697125,-0.9594036461197276,-1.3806845811810693
120.5,22.7,257.1677,SSP5-8.5,2041-2060,-0.4127000000000294,104.5526,37.0924,1.2685999999999993,1.7466000000000008,4.0121,52.6115,101.2556625,20.047037499999988,1.3438250000000003,4.874587500000001,3.528875,51.506249999999994,-0.9594036461197276,-1.317488800811278
120.5,22.75,253.0183,SSP5-8.5,2041-2060,-5.237000000000023,94.7414,-3.8256999999998698,1.3359000000000023,4.113799999999998,3.2017000000000007,46.528800000000004,99.59674999999999,32.54793749999999,1.5870124999999997,5.846362500000001,3.6252249999999995,50.63365,-0.9594036461197276,-1.2542930204414864
120.5,22.8,254.5648,SSP5-8.5,2041-2060,-6.2073999999999785,96.75699999999999,9.598300000000108,1.4663000000000004,10.460299999999997,3.0275999999999996,48.8635,96.5882125,43.164437499999906,1.7589875,5.9414,3.5321124999999993,48.7711375,-0.9594036461197276,-1.191097240071695
120.5,22.85,255.6571,SSP5-8.5,2041-2060,-6.9328000000000145,97.8182,56.70869999999968,1.1733000000000011,6.113799999999998,3.706899999999999,50.2846,96.525875,64.86317499999998,2.045775,7.3469875,3.1661749999999995,48.8855625,-0.9594036461197276,-1.1279014597019037
120.5,22.9,262.6279,SSP5-8.5,2041-2060,-5.621100000000013,97.2577,79.66920000000027,2.1605000000000025,6.850000000000001,2.9361999999999995,48.5038,96.60311250000001,67.15671249999991,1.9591749999999992,7.994625,3.0808249999999995,48.3387,-0.9594036461197276,-1.0647056793321166
120.5,22.95,278.503,SSP5-8.5,2041-2060,-11.723000000000013,96.5404,55.61720000000014,1.9523999999999972,8.0259,2.6602999999999994,47.151900000000005,97.62582499999999,71.49023750000003,1.9843625,9.238587500000001,3.0103625000000003,48.0074625,-0.9594036461197276,-1.0015098989623252
120.5,23.0,297.2332,SSP5-8.5,2041-2060,-11.890500000000031,99.17030000000001,78.85989999999993,1.5543999999999976,9.782800000000002,3.219000000000001,47.3308,98.74482499999999,50.48322500000003,1.8820499999999996,9.472000000000001,3.0172499999999998,48.7312625,-0.9594036461197276,-0.9383141185925338
120.5,23.05,299.1761,SSP5-8.5,2041-2060,-5.629000000000019,100.52199999999999,52.5338999999999,1.7292999999999985,8.346600000000002,3.3965999999999994,49.5,99.84508749999999,42.32263750000007,1.7899249999999993,9.6543125,2.9780375,50.053375,-0.9594036461197276,-0.8751183382227424
120.5,23.1,303.6556,SSP5-8.5,2041-2060,-2.747599999999977,100.74679999999998,12.593500000000404,1.7835,11.308599999999998,3.1499999999999986,50.7635,100.0499,42.232437499999975,1.7610124999999996,8.551312500000002,3.10605,51.105037499999995,-0.9594036461197276,-0.811922557852951
120.5,23.15,302.0877,SSP5-8.5,2041-2060,7.855000000000018,98.91979999999998,93.42679999999973,1.7853999999999992,7.429300000000005,3.3430999999999997,50.550000000000004,99.6345375,30.910212500000114,1.6794000000000002,8.0762875,3.0687625,51.160325,-0.9594036461197276,-0.748726777483164
120.5,23.2,316.0196,SSP5-8.5,2041-2060,-3.6936000000000035,98.65640000000002,49.22260000000006,1.672699999999999,5.410299999999999,2.6776,50.0885,97.8048,32.21046249999998,1.459575000000001,6.708187500000001,3.3407375000000004,50.706487499999994,-0.9594036461197276,-0.6855309971133726
120.5,23.25,308.7537,SSP5-8.5,2041-2060,0.9720000000000368,93.263,1.043199999999615,0.9268999999999998,5.6706999999999965,3.5983,48.3808,96.55007499999999,14.931775000000044,1.389012500000001,5.713124999999999,3.3041,50.705775,-0.9594036461197276,-0.6223352167435812
120.5,23.3,307.9355,SSP5-8.5,2041-2060,3.701000000000022,92.09909999999999,-17.582800000000134,1.2650000000000006,6.922399999999996,3.5638000000000005,47.7308,95.2892625,2.300387499999971,1.2038375000000006,4.92995,3.6452499999999994,51.452175,-0.9594036461197276,-0.5591394363737897
120.5,23.35,284.4778,SSP5-8.5,2041-2060,-4.4553000000000225,94.1774,-41.30490000000009,0.7485999999999997,5.413800000000002,4.1793,51.8385,95.5754875,-0.8668125000000373,1.0796875,3.9159499999999987,3.5206749999999998,52.97475,-0.9594036461197276,-0.4959436560039983
120.5,23.4,236.4689,SSP5-8.5,2041-2060,-6.199799999999982,98.0384,-17.754300000000057,0.20599999999999952,2.1965999999999966,3.7241,56.311499999999995,95.74431249999999,8.47954999999996,1.096075,3.635762500000001,3.4043,53.9468875,-0.9594036461197276,-0.43274787563421135
120.5,23.45,227.6155,SSP5-8.5,2041-2060,5.3089999999999975,96.57560000000001,55.26020000000017,1.5645000000000024,3.7534000000000063,3.6897,54.4712,95.6142375,10.005037499999958,0.9168499999999993,3.046124999999999,3.026725,54.0617625,-0.9594036461197276,-0.3695520952644199
120.5,23.5,227.3932,SSP5-8.5,2041-2060,8.5959,94.45000000000002,39.59480000000008,1.304199999999998,3.429299999999998,2.7569,52.4365,94.79005000000001,33.34620000000001,1.1729625000000006,3.840725000000001,3.106475,52.661550000000005,-0.9594036461197276,-0.3063563148946285
120.5,23.55,216.9757,SSP5-8.5,2041-2060,8.085700000000003,94.2242,34.62059999999997,1.1229000000000013,3.0914,2.6897,51.38080000000001,94.8687,47.10268750000003,1.2054999999999998,3.881899999999999,3.0159500000000006,51.64085,-0.9594036461197276,-0.24316053452483705
120.5,23.6,221.8191,SSP5-8.5,2041-2060,-4.134999999999991,96.9778,78.65870000000018,1.1736000000000004,3.6499999999999986,3.2017000000000007,52.0673,94.89840000000001,55.90486249999995,1.2560875000000005,4.0204749999999985,2.7355625000000003,50.5454375,-0.9594036461197276,-0.17996475415504562
120.5,23.65,203.9974,SSP5-8.5,2041-2060,-5.535499999999985,96.24530000000001,44.13709999999992,1.2053000000000011,3.610299999999995,2.627600000000001,50.7058,95.282175,63.90723750000001,1.1890749999999994,3.9176749999999982,2.481025,50.0538375,-0.9594036461197276,-0.11676897378525869
120.5,23.7,192.0714,SSP5-8.5,2041-2060,-10.419100000000014,95.20989999999999,34.14810000000011,0.9196999999999989,4.5259,2.1654999999999998,49.8096,94.9406625,68.1212875,1.1601624999999993,3.8519249999999987,2.205375,49.5,-0.9594036461197276,-0.053573193415467256
120.5,23.75,173.0611,SSP5-8.5,2041-2060,-1.1875,95.60490000000001,67.89480000000003,1.047900000000002,4.629300000000001,1.7740999999999998,51.036500000000004,95.599725,68.84892500000004,1.0283874999999991,3.4823249999999986,2.0402875,50.2591375,-0.9594036461197276,0.009622586954324176
120.5,23.8,165.0206,SSP5-8.5,2041-2060,4.4728000000000065,96.1995,78.45939999999996,1.0157000000000025,4.106899999999996,1.9930999999999992,52.748099999999994,96.351,74.30478750000006,1.0326124999999995,3.4204625,1.6394375,51.226675,-0.9594036461197276,0.0728183673241156
120.5,23.85,168.0732,SSP5-8.5,2041-2060,0.9229999999999734,96.1105,68.53690000000006,0.9197999999999986,1.096499999999999,1.2569000000000008,52.9077,95.87656249999999,75.70622500000005,1.1027374999999995,3.235999999999999,1.5120874999999998,52.081725000000006,-0.9594036461197276,0.13601414769390704
120.5,23.9,169.8942,SSP5-8.5,2041-2060,3.1123999999999796,92.5938,66.90100000000007,1.3928999999999974,3.541400000000003,1.3758999999999997,51.9942,94.5453625,74.99420000000003,1.213987499999999,1.2954624999999993,1.0866500000000001,51.9822125,-0.9594036461197276,0.19920992806369398
120.5,23.95,184.0378,SSP5-8.5,2041-2060,-2.9265000000000043,89.40450000000001,64.19689999999991,1.6204,0.2879000000000005,0.8102999999999998,49.5077,94.03035,61.22165000000007,1.0865874999999985,0.28103750000000094,0.7909624999999999,52.457687500000006,-0.9594036461197276,0.26240570843348543
120.5,24.0,179.1759,SSP5-8.5,2041-2060,-2.9014000000000237,92.41350000000001,28.955400000000054,0.6241999999999983,-0.841399999999993,0.21899999999999942,51.5942,93.312375,50.06577500000003,1.07015,-0.9782375000000014,0.5153000000000001,52.4461625,-0.9594036461197276,0.32560148880327683
120.5,24.05,168.6595,SSP5-8.5,2041-2060,1.2912999999999784,91.96110000000002,38.74309999999991,0.7509000000000015,-1.3017000000000039,0.5327999999999999,51.963499999999996,93.66493750000001,29.65130000000002,0.7909999999999995,-0.5920250000000022,0.3620749999999998,53.31635,-0.9594036461197276,0.3887972691730683
120.5,24.1,158.9785,SSP5-8.5,2041-2060,4.322499999999991,92.559,31.63220000000001,0.774799999999999,-1.046600000000005,0.5189999999999992,53.0712,93.19579999999999,20.555962499999993,0.7322625,-0.5674375000000031,0.48277500000000007,53.384612499999996,-0.9594036461197276,0.4519930495428597
120.5,24.15,158.5858,SSP5-8.5,2041-2060,0.7998000000000047,93.1934,12.006800000000112,0.5569000000000024,-1.9309999999999974,0.4328000000000003,52.642300000000006,93.15882500000001,16.795487500000036,0.7823499999999992,-0.1299500000000018,0.34633749999999996,53.024762499999994,-0.9594036461197276,0.5151888299126467
120.5,24.2,160.4429,SSP5-8.5,2041-2060,3.491199999999992,92.4833,16.334800000000087,0.8185000000000002,-1.7723999999999975,-0.10519999999999996,51.6827,93.66148749999999,21.652537500000108,0.8413499999999994,-0.5135749999999986,0.3985000000000001,53.0076875,-0.9594036461197276,0.578384610282438
120.5,24.25,164.6783,SSP5-8.5,2041-2060,5.052999999999997,90.71969999999999,27.350200000000086,0.9377999999999993,-1.0240999999999971,0.2052000000000005,51.05,93.13377500000001,27.574100000000072,0.8746125000000005,-0.7004249999999992,0.1637875000000002,52.6120125,-0.9594036461197276,0.6415803906522295
120.5,24.3,159.7178,SSP5-8.5,2041-2060,3.9846000000000004,90.6812,34.25829999999996,0.9850999999999992,0.13450000000000273,-0.10519999999999996,51.2558,92.0703625,47.272050000000036,0.9679625000000005,-0.26119999999999877,0.07306250000000014,52.713925,-0.9594036461197276,0.704776171022021
120.55,22.4,227.6629,SSP5-8.5,2041-2060,-8.4272,114.7543,87.23970000000008,2.107300000000002,11.412099999999995,1.8000000000000007,58.5269,110.6773,115.94468750000004,1.9749624999999997,7.863574999999998,2.3829499999999997,57.266324999999995,-0.8537098060385062,-1.696663483030022
120.55,22.45,239.3253,SSP5-8.5,2041-2060,-8.462500000000006,114.40579999999999,112.60210000000006,1.7502999999999993,8.551699999999997,2.5413999999999994,57.9519,112.27227500000001,120.70070000000001,2.0076000000000005,7.517662499999998,2.2348874999999997,57.614175,-0.8537098060385062,-1.6334677026602307
120.55,22.5,259.2096,SSP5-8.5,2041-2060,-11.546400000000034,111.1567,125.42980000000011,1.6970000000000027,6.987899999999996,2.6241000000000003,57.50000000000001,110.38755,100.83048749999998,1.8996250000000003,7.037275,2.6288749999999994,56.86635,-0.8537098060385062,-1.570271922290439
120.55,22.55,253.096,SSP5-8.5,2041-2060,-12.5728,108.1857,50.64899999999989,1.517000000000003,6.537900000000008,3.134499999999999,56.080799999999996,107.62625,83.9622875,1.66595,5.098924999999998,2.9118499999999994,56.417325000000005,-0.8537098060385062,-1.5070761419206478
120.55,22.6,244.0175,SSP5-8.5,2041-2060,-9.375400000000013,105.1293,96.51919999999996,0.5945999999999998,-0.16030000000000655,3.9240999999999993,56.69619999999999,104.2781125,35.66663750000001,1.5412500000000002,5.474150000000001,3.2435374999999995,54.5656375,-0.8537098060385062,-1.4438803615508562
120.55,22.65,251.6719,SSP5-8.5,2041-2060,-6.7601999999999975,99.23700000000001,4.38819999999987,1.3178000000000019,4.012099999999997,3.9000000000000004,51.425,101.6467,41.66572500000001,1.3758875000000002,3.833212500000001,3.4754249999999995,53.140874999999994,-0.8537098060385062,-1.3806845811810693
120.55,22.7,265.5977,SSP5-8.5,2041-2060,-2.433399999999949,98.05789999999999,49.97069999999985,1.6723999999999997,5.29310000000001,3.7844999999999995,50.444199999999995,97.357175,32.232774999999975,1.458175000000001,4.5189875,3.7086125,49.7483125,-0.8537098060385062,-1.317488800811278
120.55,22.75,253.8176,SSP5-8.5,2041-2060,0.7266999999999939,93.3674,83.98209999999972,1.8612000000000002,4.739699999999999,4.9552,47.0558,96.23495,32.843987500000054,1.6391750000000007,5.518537499999999,3.55755,48.8725875,-0.8537098060385062,-1.2542930204414864
120.55,22.8,251.6414,SSP5-8.5,2041-2060,-4.061000000000007,95.48479999999998,28.093399999999974,1.8981999999999992,7.5896999999999935,4.049999999999999,49.009600000000006,94.92498749999999,40.6710875,1.7288250000000005,6.928874999999998,3.61575,47.9713875,-0.8537098060385062,-1.191097240071695
120.55,22.85,255.2334,SSP5-8.5,2041-2060,-4.5959,95.86779999999999,34.36499999999978,1.8486999999999973,8.058600000000006,3.8465999999999987,48.2538,95.97208749999999,49.11816250000007,1.9060875000000004,8.580812499999997,3.3862249999999996,48.3278875,-0.8537098060385062,-1.1279014597019037
120.55,22.9,262.1451,SSP5-8.5,2041-2060,1.111099999999965,94.7201,103.99170000000004,2.1287999999999982,10.5948,3.3276000000000003,47.0827,96.196975,48.891287499999976,1.992975,9.192025000000001,3.220275,47.5798,-0.8537098060385062,-1.0647056793321166
120.55,22.95,287.6154,SSP5-8.5,2041-2060,-6.559200000000033,95.428,64.08449999999993,2.3141999999999996,11.034500000000001,2.9207,45.4808,96.2632125,64.30490000000003,1.9892374999999998,9.7808125,3.02135,46.774525,-0.8537098060385062,-1.0015098989623252
120.55,23.0,310.5027,SSP5-8.5,2041-2060,-4.142400000000009,95.95079999999999,117.11300000000028,2.2409999999999997,9.5379,2.7414000000000005,45.7423,97.0709,45.01714999999996,1.8952874999999993,10.2409625,2.989675,47.195925,-0.8537098060385062,-0.9383141185925338
120.55,23.05,330.9167,SSP5-8.5,2041-2060,-3.181600000000003,96.6291,53.57639999999992,1.9421,10.1862,2.989700000000001,47.6731,98.041,47.152975000000026,1.7750624999999998,9.8601375,2.9545500000000002,48.197612500000005,-0.8537098060385062,-0.8751183382227424
120.55,23.1,343.1903,SSP5-8.5,2041-2060,-0.2629999999999768,97.3398,42.20069999999987,1.8659999999999997,9.7121,3.1121,48.8673,98.7185875,50.065849999999955,1.786,9.0929,3.0853625,49.318037499999996,-0.8537098060385062,-0.811922557852951
120.55,23.15,328.4217,SSP5-8.5,2041-2060,3.611699999999985,98.7276,64.09349999999995,1.9966000000000008,8.639700000000005,3.475900000000001,49.444199999999995,98.6820125,45.22783750000002,1.6753125,8.35775,3.0650874999999997,49.856012500000006,-0.8537098060385062,-0.748726777483164
120.55,23.2,306.4682,SSP5-8.5,2041-2060,-0.8388000000000488,97.63210000000001,19.084200000000237,1.4356000000000009,8.467199999999998,3.134500000000001,49.5788,97.4945125,30.88368749999995,1.5287000000000002,7.1924624999999995,3.0791,49.812025,-0.8537098060385062,-0.6855309971133726
120.55,23.25,309.7694,SSP5-8.5,2041-2060,-2.588200000000029,93.57050000000001,-34.85129999999981,1.1746000000000016,6.774099999999997,2.8275999999999986,47.821200000000005,95.97207499999999,-3.4467999999999392,1.3751625000000005,7.080599999999998,3.06165,49.720675,-0.8537098060385062,-0.6223352167435812
120.55,23.3,305.6043,SSP5-8.5,2041-2060,-5.779100000000028,93.9637,-64.64599999999973,1.0236000000000018,7.172399999999996,3.0259,49.917300000000004,94.3253875,-19.558899999999994,1.3313125000000006,6.417899999999999,2.962075,49.883675000000004,-0.8537098060385062,-0.5591394363737897
120.55,23.35,287.5638,SSP5-8.5,2041-2060,-1.436300000000017,91.7524,-63.71459999999979,1.230999999999998,7.1845,2.6602999999999994,49.1442,94.8919375,-36.24837500000001,1.1967625000000002,5.400224999999999,2.9512875000000003,51.9093875,-0.8537098060385062,-0.4959436560039983
120.55,23.4,269.8697,SSP5-8.5,2041-2060,-2.7105000000000246,92.54469999999999,-97.2493000000004,0.797699999999999,4.572400000000002,2.6224000000000007,52.9846,95.05193750000001,-25.66263749999996,1.1935250000000002,4.34785,2.9728375000000002,53.0343875,-0.8537098060385062,-0.43274787563421135
120.55,23.45,262.998,SSP5-8.5,2041-2060,-0.47469999999998436,94.15929999999999,-43.907900000000154,0.9125000000000014,3.530999999999999,2.529300000000001,53.324999999999996,94.5644625,-29.235349999999954,1.0566374999999995,3.5125,3.0918125000000005,53.321875,-0.8537098060385062,-0.3695520952644199
120.55,23.5,257.6796,SSP5-8.5,2041-2060,2.0745000000000005,93.09779999999999,-21.717799999999897,1.1239999999999988,3.6655000000000015,3.2897,52.4865,94.36281249999999,-8.215749999999986,1.1117750000000002,2.883400000000001,3.2661750000000005,52.145687499999994,-0.8537098060385062,-0.3063563148946285
120.55,23.55,237.0578,SSP5-8.5,2041-2060,4.236000000000018,93.0827,16.41529999999989,1.1888000000000005,2.5741000000000014,3.7672000000000008,50.7577,94.89897500000001,3.6266250000000753,1.1094125,2.9706874999999995,3.2924750000000005,51.597837500000004,-0.8537098060385062,-0.24316053452483705
120.55,23.6,218.2215,SSP5-8.5,2041-2060,3.8027000000000157,97.43820000000001,42.997299999999996,1.1350000000000016,2.679299999999998,2.9052000000000007,52.4788,94.86271249999999,25.82484999999997,1.2411250000000007,3.328874999999999,3.4459000000000004,50.088,-0.8537098060385062,-0.17996475415504562
120.55,23.65,208.916,SSP5-8.5,2041-2060,-3.2786999999999864,93.817,93.03939999999989,1.536999999999999,5.4328,3.1602999999999994,46.5923,95.0112125,47.74380000000005,1.2801500000000008,3.6545124999999983,3.21875,49.631975,-0.8537098060385062,-0.11676897378525869
120.55,23.7,192.3829,SSP5-8.5,2041-2060,-2.467800000000011,93.1885,88.62660000000005,1.3710999999999984,3.917199999999994,2.6517,46.425,94.84075,70.33697500000002,1.3452125000000006,4.3131375,2.9189499999999997,48.5839,-0.8537098060385062,-0.053573193415467256
120.55,23.75,181.1643,SSP5-8.5,2041-2060,-1.9251999999999896,94.8144,76.98670000000016,1.2388999999999974,5.260300000000001,2.4345,47.3212,95.3441125,81.31073750000007,1.2314000000000007,4.1433124999999995,2.4631374999999998,48.8697125,-0.8537098060385062,0.009622586954324176
120.55,23.8,162.2805,SSP5-8.5,2041-2060,7.643100000000004,98.06429999999999,83.61980000000017,1.1153000000000013,5.7776,1.8637999999999995,49.6673,95.55625,78.75632500000006,1.1344375000000002,4.239412499999999,2.0125,49.633424999999995,-0.8537098060385062,0.0728183673241156
120.55,23.85,169.5102,SSP5-8.5,2041-2060,0.39390000000000214,95.74889999999999,77.7614000000001,1.1324000000000005,7.4086,1.3690000000000007,50.3577,95.59285,74.66473750000006,1.1220624999999997,3.645249999999999,1.7778124999999996,50.552412499999996,-0.8537098060385062,0.13601414769390704
120.55,23.9,177.276,SSP5-8.5,2041-2060,3.4769000000000005,94.72800000000001,77.60750000000007,1.1367999999999974,4.199999999999996,1.6551999999999998,52.1231,94.6168,72.95122500000002,1.2991874999999995,2.9948125,1.3760875000000001,51.0238,-0.8537098060385062,0.19920992806369398
120.55,23.95,179.6715,SSP5-8.5,2041-2060,-0.6123000000000047,95.84880000000001,94.55009999999993,1.5889999999999986,-0.3844999999999956,0.9638000000000009,54.1096,94.42417499999999,58.83401250000003,1.1569999999999991,1.6926750000000004,1.0905249999999995,51.5379875,-0.8537098060385062,0.26240570843348543
120.55,24.0,185.4935,SSP5-8.5,2041-2060,-6.150800000000004,96.82390000000001,45.94780000000014,1.0132999999999974,0.8207000000000022,0.6654999999999998,54.125,94.7437,50.53938749999995,1.060775,0.3519375,0.7301874999999998,52.5154,-0.8537098060385062,0.32560148880327683
120.55,24.05,167.6183,SSP5-8.5,2041-2060,0.22339999999999804,95.5319,26.101699999999937,0.9232000000000014,-0.5138000000000034,0.4862000000000002,54.9731,95.58067500000001,36.59401249999999,0.7848749999999995,0.3379249999999985,0.5827749999999995,53.5904,-0.8537098060385062,0.3887972691730683
120.55,24.1,160.576,SSP5-8.5,2041-2060,4.629800000000017,94.28080000000001,30.061999999999898,0.7408999999999999,1.0189999999999912,0.42929999999999957,54.3231,95.596725,31.52404999999999,0.7584500000000003,0.49116249999999884,0.6644624999999997,54.472125,-0.8537098060385062,0.4519930495428597
120.55,24.15,170.3301,SSP5-8.5,2041-2060,7.43610000000001,93.39589999999998,20.689300000000003,0.6640999999999977,0.26380000000000337,0.8483,54.3923,95.456225,29.594862500000033,0.8407500000000003,0.3258624999999995,0.49504999999999966,54.2985625,-0.8537098060385062,0.5151888299126467
120.55,24.2,170.34,SSP5-8.5,2041-2060,8.355099999999993,94.1491,15.009500000000116,1.133300000000002,0.7293000000000021,0.39139999999999997,52.1269,94.52205000000001,30.712187500000056,0.816125,-0.45063749999999825,0.44504999999999995,53.8651375,-0.8537098060385062,0.578384610282438
120.55,24.25,176.9566,SSP5-8.5,2041-2060,12.162800000000004,94.04200000000002,39.11240000000021,0.9445999999999977,-1.7396999999999991,0.5499999999999998,52.569199999999995,93.4110125,39.469512500000036,0.9700625000000005,-0.27778749999999786,0.12306250000000007,53.206,-0.8537098060385062,0.6415803906522295
120.55,24.3,164.6762,SSP5-8.5,2041-2060,11.894300000000015,92.11670000000001,54.072999999999865,1.0256000000000007,-0.5240999999999971,0.10690000000000044,53.303799999999995,91.1922625,47.87680000000003,0.9643250000000005,0.31810000000000116,0.050650000000000084,52.4096125,-0.8537098060385062,0.704776171022021
120.55,24.35,156.3234,SSP5-8.5,2041-2060,7.352300000000014,89.9513,40.275699999999915,0.8924000000000021,1.4069000000000003,0.027600000000000513,51.7231,90.1070375,59.17246250000005,1.0470874999999995,0.47758750000000116,0.0017249999999999766,52.01755,-0.8537098060385062,0.7679719513918124
120.55,24.4,152.6448,SSP5-8.5,2041-2060,7.79310000000001,86.894,40.987499999999955,0.8299000000000021,2.203400000000002,-0.07240000000000002,51.2962,89.6700375,62.56831250000002,1.1129499999999997,0.49075000000000113,-0.04526249999999998,51.750487500000006,-0.8537098060385062,0.8311677317615993
120.6,22.35,235.3471,SSP5-8.5,2041-2060,-11.16070000000002,111.0069,97.63969999999995,2.165399999999998,9.598299999999995,2.1569000000000003,58.8615,104.2725375,96.64527500000003,1.8275500000000005,10.6709125,2.42175,53.5499875,-0.7480159659572849,-1.759859263399809
120.6,22.4,257.9927,SSP5-8.5,2041-2060,-8.764400000000023,111.78869999999999,130.69700000000012,1.768099999999997,7.199999999999996,2.5793,57.7442,107.19784999999999,103.23126250000001,1.9207999999999998,9.287075,2.4010749999999996,55.409124999999996,-0.7480159659572849,-1.696663483030022
120.6,22.45,287.9199,SSP5-8.5,2041-2060,-12.837400000000002,108.73679999999999,143.17830000000004,1.9657000000000018,7.427599999999998,2.3740999999999985,55.89809999999999,104.80760000000001,115.23845000000003,1.8958875000000006,8.431687499999999,2.6224125000000003,53.76225,-0.7480159659572849,-1.6334677026602307
120.6,22.5,316.9811,SSP5-8.5,2041-2060,-19.607500000000016,105.47410000000002,115.2248999999997,1.9390999999999998,6.231000000000002,2.4499999999999993,54.4712,103.5757125,107.6344875,1.8849250000000008,7.4219875,2.837725,53.0516875,-0.7480159659572849,-1.570271922290439
120.6,22.55,316.2605,SSP5-8.5,2041-2060,-17.665499999999952,104.2212,60.18280000000004,1.9532999999999987,6.141399999999997,3.0638000000000005,54.9019,101.5762875,90.65454999999992,1.8310250000000012,5.911637499999999,3.181475,52.69665,-0.7480159659572849,-1.5070761419206478
120.6,22.6,287.5262,SSP5-8.5,2041-2060,-9.213099999999997,100.31800000000001,51.17329999999993,2.1922999999999995,4.012099999999997,3.3775999999999993,53.5712,100.12035,49.3177749999999,1.719050000000001,6.0170375,3.41315,52.3319875,-0.7480159659572849,-1.4438803615508562
120.6,22.65,297.1287,SSP5-8.5,2041-2060,-8.57329999999996,95.99100000000001,13.923800000000028,1.8079,8.984500000000004,3.4741,50.7308,98.7460125,41.84086249999993,1.669362500000001,5.2679,3.5629375,51.675487499999996,-0.7480159659572849,-1.3806845811810693
120.6,22.7,285.9173,SSP5-8.5,2041-2060,0.4894999999999641,95.2293,36.072200000000066,1.525100000000002,3.5345000000000013,3.2155000000000005,49.755799999999994,96.8699125,37.52254999999991,1.7626250000000008,7.025875000000001,3.7353500000000004,50.13148749999999,-0.7480159659572849,-1.317488800811278
120.6,22.75,274.4394,SSP5-8.5,2041-2060,2.1183000000000334,90.7596,65.10989999999993,1.7722000000000016,4.701699999999995,3.4362000000000013,46.5769,97.06321249999999,35.30087500000005,1.8898375,7.175225,3.8409625,49.766099999999994,-0.7480159659572849,-1.2542930204414864
120.6,22.8,270.2769,SSP5-8.5,2041-2060,-0.7177000000000362,94.297,40.64070000000038,2.1747000000000014,6.708599999999997,3.7327999999999992,47.1904,96.450775,30.472787499999953,2.0229624999999998,8.049362499999997,3.7084125,49.425475,-0.7480159659572849,-1.191097240071695
120.6,22.85,272.7929,SSP5-8.5,2041-2060,5.147199999999998,95.79149999999998,38.789700000000266,2.1982999999999997,10.534499999999994,3.019,49.0173,97.2081125,22.66829999999996,2.1135124999999997,8.8012875,3.5373,49.3000125,-0.7480159659572849,-1.1279014597019037
120.6,22.9,290.1625,SSP5-8.5,2041-2060,1.8220999999999776,95.65039999999999,35.453599999999824,2.0486000000000004,9.794800000000002,3.2897,46.6712,97.30625,21.441899999999976,2.0565124999999997,10.432749999999999,3.20885,49.050250000000005,-0.7480159659572849,-1.0647056793321166
120.6,22.95,313.2142,SSP5-8.5,2041-2060,0.21339999999997872,95.2218,26.442399999999907,2.2478000000000016,13.124099999999999,3.3828000000000014,45.275,96.94465,35.25936250000001,1.8750499999999999,9.7079625,3.0230750000000004,48.2351125,-0.7480159659572849,-1.0015098989623252
120.6,23.0,334.2407,SSP5-8.5,2041-2060,6.382400000000018,95.5942,17.292199999999866,1.580400000000001,10.536200000000001,2.6137999999999995,46.4385,96.81745,21.80381250000005,1.7558375000000002,10.149987499999998,2.8655375000000003,48.0314875,-0.7480159659572849,-0.9383141185925338
120.6,23.05,362.2545,SSP5-8.5,2041-2060,9.03789999999998,97.4614,11.73070000000007,1.8416999999999994,10.891399999999997,2.7345000000000006,48.717299999999994,96.71903749999998,25.28517499999998,1.5952250000000001,9.2801625,2.7702875000000002,48.272125,-0.7480159659572849,-0.8751183382227424
120.6,23.1,383.8683,SSP5-8.5,2041-2060,4.8706000000000245,97.54270000000001,44.89989999999989,1.6042000000000023,8.765499999999996,2.6690000000000005,48.221199999999996,97.90021249999998,25.409474999999986,1.6384374999999998,9.312075,2.9502375,49.6415875,-0.7480159659572849,-0.811922557852951
120.6,23.15,369.5087,SSP5-8.5,2041-2060,12.28920000000005,99.1993,67.67209999999977,1.6052,7.175899999999999,2.9240999999999993,49.675,98.5125125,38.68706250000008,1.6848625,8.4722,3.0564750000000007,50.5259625,-0.7480159659572849,-0.748726777483164
120.6,23.2,315.9903,SSP5-8.5,2041-2060,5.712199999999996,99.4192,32.72290000000021,1.6498999999999988,8.5931,3.510300000000001,51.10379999999999,98.382925,26.1794000000001,1.6302750000000006,7.5357875,2.8638000000000003,50.8740375,-0.7480159659572849,-0.6855309971133726
120.6,23.25,305.9738,SSP5-8.5,2041-2060,1.6610000000000014,98.2003,-26.260299999999916,1.4183000000000021,7.846599999999995,2.2759,51.432700000000004,96.52645000000001,0.8781625000002009,1.5806500000000003,7.2948249999999994,2.7916000000000003,50.455525,-0.7480159659572849,-0.6223352167435812
120.6,23.3,334.1415,SSP5-8.5,2041-2060,0.7464999999999691,94.54279999999999,-21.15819999999985,1.609300000000001,6.562100000000001,2.706900000000001,49.532700000000006,95.5887875,-10.908512499999858,1.6254875000000006,6.802812499999998,2.3678999999999997,50.879575,-0.7480159659572849,-0.5591394363737897
120.6,23.35,322.9772,SSP5-8.5,2041-2060,10.288200000000018,96.99759999999999,47.35770000000002,2.2768000000000015,4.969000000000001,1.884500000000001,53.1885,94.673025,-38.361187499999915,1.5000999999999998,6.094837499999998,2.3377125000000003,51.1024125,-0.7480159659572849,-0.4959436560039983
120.6,23.4,338.4893,SSP5-8.5,2041-2060,5.773300000000006,96.77180000000001,-77.64919999999984,1.6470999999999982,5.393099999999997,1.9034000000000013,53.7712,94.80895,-36.822887500000036,1.4031125000000002,4.838162499999999,2.3150875000000006,51.96635,-0.7480159659572849,-0.43274787563421135
120.6,23.45,332.1796,SSP5-8.5,2041-2060,5.455600000000004,91.94300000000001,-63.58809999999994,0.9617000000000004,2.3414,3.2120999999999995,52.224999999999994,94.2430125,-66.81217500000002,1.1942249999999994,4.153887499999999,2.4711250000000007,51.452175000000004,-0.7480159659572849,-0.3695520952644199
120.6,23.5,343.8021,SSP5-8.5,2041-2060,2.209699999999998,93.0944,-50.779099999999744,0.8478999999999992,2.7483000000000004,3.536200000000001,51.8885,94.45791249999999,-50.90416250000007,1.1593125,2.9346999999999994,2.9235000000000007,51.008174999999994,-0.7480159659572849,-0.3063563148946285
120.6,23.55,327.9692,SSP5-8.5,2041-2060,-1.543799999999976,97.37329999999999,-53.34180000000015,0.991699999999998,1.5983000000000018,3.9483000000000015,50.6808,94.40755,-35.64867499999994,1.1551625000000008,2.5648624999999985,3.178675,50.578125,-0.7480159659572849,-0.24316053452483705
120.6,23.6,256.096,SSP5-8.5,2041-2060,12.659299999999973,92.5361,-41.01969999999983,1.176000000000002,2.9033999999999978,4.0121,49.3635,95.4616625,3.9021374999999807,1.290537500000001,2.5405124999999993,3.5672375,50.020425,-0.7480159659572849,-0.17996475415504562
120.6,23.65,200.8481,SSP5-8.5,2041-2060,12.325500000000005,94.64529999999999,34.08919999999989,1.5337000000000032,3.770699999999998,4.160299999999999,49.1558,94.3947,36.26501250000007,1.4116875000000007,2.8383499999999993,3.6176875,48.7293125,-0.7480159659572849,-0.11676897378525869
120.6,23.7,198.1259,SSP5-8.5,2041-2060,2.5027000000000044,93.8486,100.31310000000008,1.7268000000000008,4.179300000000005,4.0259,47.05,94.197125,72.0522,1.5214125000000003,3.4133499999999986,3.486625,47.768987499999994,-0.7480159659572849,-0.053573193415467256
120.6,23.75,189.4702,SSP5-8.5,2041-2060,-2.4161,94.5406,112.08740000000012,1.5524000000000022,3.096499999999999,3.003399999999999,47.0,95.3821875,85.90628750000002,1.4147250000000002,3.6211124999999997,2.993325,47.896162499999996,-0.7480159659572849,0.009622586954324176
120.6,23.8,177.3559,SSP5-8.5,2041-2060,-1.2302999999999997,96.0966,85.33670000000006,1.1022999999999996,2.913800000000002,2.227599999999999,47.221199999999996,95.7709375,81.14327500000002,1.2824500000000008,4.670674999999999,2.4685375,48.412749999999996,-0.7480159659572849,0.0728183673241156
120.6,23.85,177.3776,SSP5-8.5,2041-2060,0.14859999999998763,95.3346,62.987300000000005,1.0660999999999987,5.403399999999998,2.0414000000000003,48.475,96.2474625,72.34476250000003,1.1580125000000008,3.983624999999999,2.0282375000000004,49.191837500000005,-0.7480159659572849,0.13601414769390704
120.6,23.9,169.1613,SSP5-8.5,2041-2060,4.947299999999984,95.6155,73.86930000000007,1.2276000000000025,2.122399999999999,1.8085999999999993,49.282700000000006,96.2985875,66.18572499999999,1.2143624999999996,3.795049999999999,1.6521750000000002,50.6341375,-0.7480159659572849,0.19920992806369398
120.6,23.95,169.1359,SSP5-8.5,2041-2060,7.440799999999996,96.27779999999998,74.80690000000004,1.4452999999999996,4.4827999999999975,1.3827999999999996,51.555800000000005,96.8520875,59.20887499999998,1.1322624999999995,1.4614249999999993,1.3560374999999998,51.7110625,-0.7480159659572849,0.26240570843348543
120.6,24.0,185.8405,SSP5-8.5,2041-2060,-4.078000000000003,97.53639999999999,38.38729999999987,0.7955000000000005,-1.0724000000000018,0.8068999999999988,52.1212,97.49397499999999,51.594387499999954,1.0790999999999995,1.4797374999999997,1.0517375000000002,53.1581875,-0.7480159659572849,0.32560148880327683
120.6,24.05,185.0339,SSP5-8.5,2041-2060,-4.988799999999998,98.9756,38.57369999999992,0.7377000000000002,2.1586,0.6396999999999995,54.2981,97.707,36.41409999999996,0.8787624999999997,1.364212499999998,0.8137875,54.082950000000004,-0.7480159659572849,0.3887972691730683
120.6,24.1,179.1346,SSP5-8.5,2041-2060,-3.1285000000000025,100.0951,40.45060000000012,0.8416999999999994,2.9671999999999983,0.8499999999999996,57.22690000000001,97.807625,30.087637499999943,0.7631124999999996,1.8308124999999995,0.7334125000000001,55.1081875,-0.7480159659572849,0.4519930495428597
120.6,24.15,188.8,SSP5-8.5,2041-2060,1.5367999999999995,99.06179999999999,43.99499999999989,0.8183000000000007,3.332799999999999,1.006899999999999,57.2096,97.73294999999999,26.07151250000004,0.8130499999999996,1.0614125000000003,0.5885875,55.5024125,-0.7480159659572849,0.5151888299126467
120.6,24.2,189.5597,SSP5-8.5,2041-2060,9.490700000000004,97.82729999999998,47.26800000000003,1.041599999999999,-0.6913999999999945,0.4361999999999995,56.105799999999995,96.863125,27.594362500000074,0.7603499999999999,-0.10559999999999992,0.5609999999999999,55.2182625,-0.7480159659572849,0.578384610282438
120.6,24.25,180.3961,SSP5-8.5,2041-2060,13.057600000000008,95.453,38.94100000000003,0.747200000000003,-0.04310000000000258,0.18620000000000037,55.2692,95.4232375,48.70887500000006,0.89975,-1.1183125,0.2721999999999998,54.6298,-0.7480159659572849,0.6415803906522295
120.6,24.3,169.6259,SSP5-8.5,2041-2060,15.30680000000001,93.8578,82.52130000000011,1.0714000000000006,0.9690000000000012,-0.13100000000000023,54.85380000000001,92.408975,60.718312500000025,0.97085,-0.7295250000000006,0.09783750000000002,53.18365,-0.7480159659572849,0.704776171022021
120.6,24.35,166.0059,SSP5-8.5,2041-2060,19.0993,87.9391,79.56799999999998,1.3062000000000005,0.6379000000000019,-0.2552000000000003,51.259600000000006,89.97135,66.4679375,1.0301,0.3741500000000002,-0.0028000000000000247,52.227175,-0.7480159659572849,0.7679719513918124
120.6,24.4,157.7691,SSP5-8.5,2041-2060,9.763000000000005,86.398,45.664400000000114,0.7445999999999984,2.6396999999999977,0.07240000000000002,51.180800000000005,88.7694625,68.86013750000001,1.2532375,1.1519375000000007,-0.024350000000000094,51.210350000000005,-0.7480159659572849,0.8311677317615993
120.65,22.25,217.9816,SSP5-8.5,2041-2060,-13.619199999999978,109.75470000000001,33.47119999999995,1.7596999999999987,16.301700000000004,1.8948,57.8519,97.347175,59.77427499999999,1.6543875000000003,15.7892375,2.4222124999999997,50.8468625,-0.6423221258760335,-1.8862508241393918
120.65,22.3,240.0325,SSP5-8.5,2041-2060,-14.578399999999988,107.15189999999998,75.87889999999993,1.685500000000001,16.4966,2.2017000000000007,55.907700000000006,96.878525,67.57532500000002,1.7549875000000004,13.947425,2.5015124999999996,50.16825,-0.6423221258760335,-1.8230550437696005
120.65,22.35,297.1076,SSP5-8.5,2041-2060,-17.48199999999997,102.9177,78.18669999999975,1.3872999999999998,12.42410000000001,2.7897,54.14039999999999,92.7972375,88.84686250000001,1.7467375,12.343987499999997,2.7626999999999997,46.558875,-0.6423221258760335,-1.759859263399809
120.65,22.4,339.4786,SSP5-8.5,2041-2060,-18.55619999999999,95.47370000000001,93.44630000000006,2.055900000000001,10.0535,3.0671999999999997,51.0865,95.3320875,111.34615,1.782399999999999,9.822624999999999,2.8616374999999996,47.907687499999994,-0.6423221258760335,-1.696663483030022
120.65,22.45,364.378,SSP5-8.5,2041-2060,-16.191100000000006,93.72029999999998,118.08640000000014,1.8269999999999982,8.505200000000002,2.9121000000000006,47.1635,92.848975,131.47281249999992,1.9572375000000006,8.480387499999999,3.1178749999999997,46.16105,-0.6423221258760335,-1.6334677026602307
120.65,22.5,376.5089,SSP5-8.5,2041-2060,-18.443899999999985,91.68719999999999,139.18139999999994,2.0224000000000046,8.512100000000004,3.0052000000000003,45.6538,93.095475,132.14816249999996,2.1146874999999996,7.3303875,3.2903,46.2505,-0.6423221258760335,-1.570271922290439
120.65,22.55,414.5796,SSP5-8.5,2041-2060,-12.143400000000042,96.49199999999999,111.76609999999982,2.3466999999999985,6.7120999999999995,3.0465999999999998,49.2635,91.703025,113.33033749999993,2.223487500000001,6.8258624999999995,3.5562625,45.58485,-0.6423221258760335,-1.5070761419206478
120.65,22.6,455.9923,SSP5-8.5,2041-2060,-10.9683,94.1673,35.29269999999997,2.339100000000002,8.460299999999997,3.8896999999999995,48.3365,91.98713749999999,87.94716249999993,2.2206124999999997,6.2797624999999995,3.3187625,46.381499999999996,-0.6423221258760335,-1.4438803615508562
120.65,22.65,403.1326,SSP5-8.5,2041-2060,-5.657000000000039,97.5393,21.82039999999961,1.8760000000000048,7.448300000000003,2.8724000000000007,51.221199999999996,92.0531625,69.6622625,2.2193124999999996,6.3952625,3.296575,46.300237499999994,-0.6423221258760335,-1.3806845811810693
120.65,22.7,389.3107,SSP5-8.5,2041-2060,-6.371699999999976,100.29,39.490200000000186,1.8375999999999983,9.543100000000003,3.5397,51.9538,92.749375,58.173675,2.1465375,6.7388,3.1243625,46.7512125,-0.6423221258760335,-1.317488800811278
120.65,22.75,360.4782,SSP5-8.5,2041-2060,-9.809799999999996,99.71710000000002,21.495100000000093,1.9558999999999997,11.484499999999997,3.9207,51.6442,94.64712499999999,46.371962500000166,2.166799999999999,6.7256374999999995,3.28235,47.312749999999994,-0.6423221258760335,-1.2542930204414864
120.65,22.8,369.6386,SSP5-8.5,2041-2060,-4.525100000000009,100.06219999999999,-17.33739999999989,2.1936,8.508600000000001,3.529300000000001,51.075,92.9622625,19.811725000000138,2.128999999999999,8.498487499999998,3.264025,46.25145,-0.6423221258760335,-1.191097240071695
120.65,22.85,361.9481,SSP5-8.5,2041-2060,12.769599999999969,100.5558,-10.715500000000247,2.4556000000000004,8.7776,2.910300000000001,52.7712,94.1421,-3.161962499999902,1.970737499999999,9.2540875,3.3095125000000003,46.9017,-0.6423221258760335,-1.1279014597019037
120.65,22.9,342.0699,SSP5-8.5,2041-2060,3.1247999999999934,101.02680000000001,-33.145100000000184,2.1599000000000004,10.377600000000001,3.6121,52.3462,94.70112499999999,-19.485649999999964,1.6265749999999999,10.353,3.2463500000000005,47.562025,-0.6423221258760335,-1.0647056793321166
120.65,22.95,353.0599,SSP5-8.5,2041-2060,2.549599999999998,99.83819999999999,-52.27749999999969,1.0988000000000007,10.960299999999997,2.6517,52.175,95.3948625,-25.266375000000096,1.39115,9.8096875,3.2108000000000008,47.9029,-0.6423221258760335,-1.0015098989623252
120.65,23.0,336.8459,SSP5-8.5,2041-2060,9.619200000000035,97.34869999999998,29.5625,1.4286999999999992,4.827599999999997,3.0276000000000014,49.944199999999995,94.467675,-60.61458750000003,1.1123250000000007,10.833599999999999,2.8304,47.49015,-0.6423221258760335,-0.9383141185925338
120.65,23.05,374.8571,SSP5-8.5,2041-2060,14.34699999999998,96.66159999999999,-75.80150000000003,0.9324000000000012,10.637899999999995,2.4758999999999993,49.2442,95.19856250000001,-35.10208750000004,1.2597625,9.574124999999999,2.5123,48.1608375,-0.6423221258760335,-0.8751183382227424
120.65,23.1,387.8653,SSP5-8.5,2041-2060,13.012900000000002,96.68539999999999,-26.56179999999995,1.166999999999998,10.0379,2.5328,50.0462,96.177675,-2.2221375000000307,1.5084749999999998,9.209049999999998,2.6655249999999997,49.20385,-0.6423221258760335,-0.811922557852951
120.65,23.15,368.115,SSP5-8.5,2041-2060,19.903399999999976,100.49749999999999,66.36570000000029,1.756499999999999,7.215499999999999,3.3568999999999996,53.4654,96.6641875,39.72222499999998,1.7351874999999994,8.47975,2.760775,49.78895,-0.6423221258760335,-0.748726777483164
120.65,23.2,339.2139,SSP5-8.5,2041-2060,20.92009999999999,100.2558,66.69140000000016,2.0031,6.346600000000002,2.660300000000001,53.4808,96.8203,40.529274999999984,1.8500874999999999,7.86985,2.7931125000000003,50.52811249999999,-0.6423221258760335,-0.6855309971133726
120.65,23.25,301.5406,SSP5-8.5,2041-2060,16.17670000000004,98.9803,-13.360099999999875,1.6523000000000003,7.820700000000002,2.2552000000000003,52.0942,97.06847499999999,21.9867000000001,1.8866875000000003,7.568775,2.7049625000000006,51.16755,-0.6423221258760335,-0.6223352167435812
120.65,23.3,315.2784,SSP5-8.5,2041-2060,20.186900000000037,93.84719999999999,22.54240000000027,2.096799999999998,6.622399999999999,2.2120999999999995,50.1154,98.092275,6.133937500000059,1.8739375000000007,7.032137499999999,2.2485000000000004,52.1266875,-0.6423221258760335,-0.5591394363737897
120.65,23.35,338.7004,SSP5-8.5,2041-2060,15.633500000000026,97.3983,45.66409999999996,2.1305000000000014,6.032799999999995,1.8017000000000003,53.323100000000004,96.969275,-16.037487499999884,1.773675,6.375437499999999,2.1484875,51.59665,-0.6423221258760335,-0.4959436560039983
120.65,23.4,378.3673,SSP5-8.5,2041-2060,8.780100000000004,96.5633,-50.678699999999935,1.4648000000000003,5.218999999999994,1.7690000000000001,50.0308,95.9646125,-22.534449999999936,1.6558000000000002,5.426737500000001,2.0922375000000004,51.9759625,-0.6423221258760335,-0.43274787563421135
120.65,23.45,414.5657,SSP5-8.5,2041-2060,5.614500000000021,97.113,-68.46630000000005,1.4498999999999995,4.8552000000000035,2.041400000000001,51.5096,92.815125,-71.34909999999991,1.3008875,4.3866499999999995,2.28815,49.8579375,-0.6423221258760335,-0.3695520952644199
120.65,23.5,438.6241,SSP5-8.5,2041-2060,-5.378300000000024,90.59980000000002,-124.04910000000018,1.309899999999999,3.2465999999999937,2.0776000000000003,45.6212,94.05085000000001,-59.53982499999995,1.2107625000000004,2.9002250000000007,2.72975,50.1858125,-0.6423221258760335,-0.3063563148946285
120.65,23.55,361.7503,SSP5-8.5,2041-2060,1.2035999999999945,98.2944,-48.577600000000075,1.336000000000002,1.6654999999999944,2.5223999999999993,51.4596,93.95332499999999,-60.75359999999995,1.1449375000000006,2.1637874999999998,3.0907375000000004,48.988475,-0.6423221258760335,-0.24316053452483705
120.65,23.6,293.7536,SSP5-8.5,2041-2060,16.057299999999998,97.11699999999999,-58.45869999999968,1.123700000000003,1.036200000000001,3.319000000000001,50.569199999999995,96.224625,-11.8245,1.3207000000000013,2.018512499999999,3.6903,49.9793375,-0.6423221258760335,-0.17996475415504562
120.65,23.65,246.2337,SSP5-8.5,2041-2060,18.587199999999996,91.9254,5.054000000000087,1.4784000000000006,1.5671999999999997,4.7552,48.4692,96.66194999999999,20.95907500000007,1.451950000000001,2.205800000000001,3.7780250000000004,49.9254875,-0.6423221258760335,-0.11676897378525869
120.65,23.7,209.2149,SSP5-8.5,2041-2060,11.901900000000012,95.28680000000001,59.56809999999996,1.7454999999999998,0.9913999999999987,4.1121,48.8865,96.29418749999999,60.584175000000045,1.5909125000000008,2.9275625000000005,3.7870625,49.395675,-0.6423221258760335,-0.053573193415467256
120.65,23.75,199.5551,SSP5-8.5,2041-2060,-1.3566000000000145,95.359,106.96619999999984,1.7143000000000015,3.270699999999998,3.615500000000001,48.301899999999996,96.291025,74.81627500000002,1.5082125,2.736625000000001,3.2715500000000004,48.5418375,-0.6423221258760335,0.009622586954324176
120.65,23.8,200.0373,SSP5-8.5,2041-2060,-5.663199999999989,96.39930000000001,85.83309999999983,1.303600000000003,2.6586,3.015500000000001,48.2962,95.6731125,73.267575,1.3630250000000004,3.8303874999999996,2.8012875,47.960337499999994,-0.6423221258760335,0.0728183673241156
120.65,23.85,194.0294,SSP5-8.5,2041-2060,-2.1983000000000175,95.90640000000002,42.90429999999992,1.1366000000000014,4.489699999999999,2.4052000000000007,47.8827,96.1652125,68.60839999999999,1.2453000000000007,3.1484875,2.322625,48.219950000000004,-0.6423221258760335,0.13601414769390704
120.65,23.9,181.6138,SSP5-8.5,2041-2060,5.476100000000002,97.42069999999998,51.82600000000002,1.1095000000000006,2.2982999999999976,1.8810000000000002,48.7038,96.76065,58.994699999999966,1.2409000000000008,2.9148750000000003,1.8629375,49.403850000000006,-0.6423221258760335,0.19920992806369398
120.65,23.95,181.2748,SSP5-8.5,2041-2060,2.6469999999999914,99.12349999999999,47.04229999999984,1.0991999999999997,2.4620999999999995,1.5190000000000001,51.865399999999994,97.563075,57.74577499999995,1.2229750000000008,0.7329749999999997,1.4420249999999997,50.5543375,-0.6423221258760335,0.26240570843348543
120.65,24.0,179.1852,SSP5-8.5,2041-2060,0.7488999999999919,97.7199,44.44069999999988,1.0871999999999993,1.244799999999998,1.5483000000000002,51.357699999999994,98.7619375,50.31686249999993,1.1070875,0.7150875000000001,1.1405249999999996,52.3646875,-0.6423221258760335,0.32560148880327683
120.65,24.05,190.7765,SSP5-8.5,2041-2060,-4.489200000000011,99.65039999999999,41.29189999999994,0.7378999999999998,1.5671999999999997,1.2086000000000006,52.9808,99.31073750000002,40.08854999999997,1.018675,1.2167999999999992,0.9726374999999997,53.8649125,-0.6423221258760335,0.3887972691730683
120.65,24.1,194.7942,SSP5-8.5,2041-2060,-7.192299999999989,100.0176,24.63079999999991,0.8903999999999996,4.881,0.5155000000000012,55.555800000000005,99.87812500000001,30.25380000000004,0.8457499999999998,2.3221875,0.8933249999999998,55.2276375,-0.6423221258760335,0.4519930495428597
120.65,24.15,204.3697,SSP5-8.5,2041-2060,-6.196300000000008,101.547,15.356700000000046,0.5923999999999978,1.9379000000000062,0.732800000000001,57.1327,99.461025,25.84618750000007,0.8168125000000006,1.0758624999999995,0.6577624999999998,56.214425000000006,-0.6423221258760335,0.5151888299126467
120.65,24.2,200.7228,SSP5-8.5,2041-2060,-1.3460000000000036,100.55080000000001,15.105200000000195,0.6000000000000014,-2.6155000000000044,0.5051999999999994,57.155800000000006,98.0174625,27.782400000000052,0.7113625000000003,-0.14632500000000004,0.5254249999999997,56.05505,-0.6423221258760335,0.578384610282438
120.65,24.25,198.4469,SSP5-8.5,2041-2060,6.226599999999991,96.7054,32.5458000000001,0.5828999999999986,-2.7103000000000037,0.2671999999999999,55.8904,96.01065,55.311525000000046,0.8007875000000007,-1.5596875000000008,0.30388749999999953,55.420675,-0.6423221258760335,0.6415803906522295
120.65,24.3,177.468,SSP5-8.5,2041-2060,14.714300000000009,94.13680000000001,104.03579999999988,0.7986000000000004,-2.363800000000005,0.05169999999999941,55.03269999999999,92.5494,74.48420000000004,1.0237249999999998,-0.9777875000000007,0.048274999999999624,53.304325,-0.6423221258760335,0.704776171022021
120.65,24.35,175.6112,SSP5-8.5,2041-2060,20.702799999999996,88.9275,97.19480000000021,1.469299999999997,-0.5,-0.15169999999999995,50.4212,89.9638625,86.78424999999999,1.1872749999999996,0.18923749999999995,-0.03146250000000039,52.0238,-0.6423221258760335,0.7679719513918124
120.65,24.4,177.823,SSP5-8.5,2041-2060,12.625799999999998,87.4887,66.99099999999999,1.408999999999999,-0.8378999999999976,0.07409999999999961,50.00580000000001,88.2357125,76.71731250000002,1.4181999999999992,2.1346999999999987,0.012287499999999785,50.6024125,-0.6423221258760335,0.8311677317615993
120.65,24.45,163.5848,SSP5-8.5,2041-2060,12.565699999999993,87.1739,52.71640000000002,1.2409,1.4930999999999983,0.23789999999999978,50.5077,87.26838749999999,67.01553750000005,1.402299999999999,3.0269625,0.018100000000000005,49.943762500000005,-0.6423221258760335,0.8943635121313908
120.65,24.5,160.682,SSP5-8.5,2041-2060,11.893100000000004,86.46359999999999,53.086300000000165,0.9817,3.3466000000000022,0.06550000000000011,49.8346,86.61002500000001,57.57266249999998,1.4591874999999996,3.6674749999999987,0.008387499999999992,49.283175,-0.6423221258760335,0.9575592925011822
120.7,21.95,230.9297,SSP5-8.5,2041-2060,-27.355999999999995,104.69640000000001,-42.04040000000009,0.21999999999999886,16.7776,2.6465999999999994,55.79039999999999,104.78608750000001,-34.109737499999966,0.17178749999999976,16.5123,2.8351125,55.422362500000006,-0.5366282857948123,-2.265425506358136
120.7,22.0,237.8747,SSP5-8.5,2041-2060,-29.271199999999993,104.82760000000002,8.569600000000037,-0.047100000000000364,9.812100000000001,2.3103,55.1673,104.4157375,-20.304162500000047,0.2937124999999994,15.7653125,2.6316875,55.2990375,-0.5366282857948123,-2.2022297259883445
120.7,22.05,245.2909,SSP5-8.5,2041-2060,-26.510099999999994,107.05360000000002,13.59660000000008,0.045700000000000074,13.349999999999994,1.7690000000000001,54.5096,104.0585375,7.267324999999914,0.5053749999999995,13.520700000000001,2.3487,55.04062499999999,-0.5366282857948123,-2.139033945618553
120.7,22.1,238.3069,SSP5-8.5,2041-2060,-19.321300000000008,106.00779999999999,63.86469999999986,0.37349999999999994,9.356899999999996,1.6414000000000009,53.678799999999995,102.435,16.976299999999952,0.9405000000000001,13.413362500000002,2.17435,54.1355875,-0.5366282857948123,-2.0758381652487614
120.7,22.15,223.9088,SSP5-8.5,2041-2060,-15.416900000000027,103.8767,48.04169999999999,0.8742000000000019,8.332800000000006,1.536200000000001,55.090399999999995,100.5429875,38.28959999999992,1.3047500000000003,13.4060375,2.0995749999999997,53.0617625,-0.5366282857948123,-2.0126423848789745
120.7,22.2,211.7954,SSP5-8.5,2041-2060,-8.422699999999992,106.4861,22.0012999999999,1.7066999999999979,14.648299999999999,1.9896999999999991,56.469199999999994,97.81503749999999,52.10765000000001,1.4525625000000009,14.037287500000001,2.150425,51.252624999999995,-0.5366282857948123,-1.9494466045091832
120.7,22.25,217.0396,SSP5-8.5,2041-2060,-8.407100000000014,100.8599,41.75410000000011,1.8394000000000013,15.089700000000008,1.9827999999999992,53.8192,96.10992499999999,54.77633750000001,1.731925,16.3840625,2.5153,49.8733,-0.5366282857948123,-1.8862508241393918
120.7,22.3,259.9265,SSP5-8.5,2041-2060,-15.41089999999997,91.91579999999999,55.02830000000017,1.5852000000000004,18.053499999999993,2.4499999999999993,46.55,92.75649999999999,65.20598749999996,1.672200000000001,15.463362500000002,2.591375,47.089175,-0.5366282857948123,-1.8230550437696005
120.7,22.35,330.0179,SSP5-8.5,2041-2060,-16.67360000000002,76.78989999999999,69.0644000000002,1.5431000000000026,14.029299999999992,2.9947999999999997,35.4519,86.91329999999999,81.36253749999992,1.693762500000001,13.2642375,2.89375,42.8762,-0.5366282857948123,-1.759859263399809
120.7,22.4,431.5457,SSP5-8.5,2041-2060,-24.39699999999999,77.6699,107.48849999999993,1.5208999999999975,10.336199999999998,3.3775999999999993,36.0115,81.447,104.05669999999992,1.874175000000001,10.8306,3.1868499999999997,38.862512499999994,-0.5366282857948123,-1.696663483030022
120.7,22.45,438.457,SSP5-8.5,2041-2060,-17.06020000000001,80.0265,146.42819999999983,2.081699999999998,9.060299999999998,3.708599999999999,37.9904,78.20521249999999,132.19137499999994,2.089075000000002,9.311,3.4239249999999997,36.411775,-0.5366282857948123,-1.6334677026602307
120.7,22.5,444.0645,SSP5-8.5,2041-2060,-14.196200000000033,71.9349,176.13789999999972,2.3041000000000054,9.022400000000005,4.381,30.432699999999997,79.80375,150.38611250000002,2.264125000000001,7.936425,3.5204874999999998,38.0312625,-0.5366282857948123,-1.570271922290439
120.7,22.55,488.9889,SSP5-8.5,2041-2060,-11.116899999999987,84.158,186.18070000000034,2.4998999999999967,5.5430999999999955,4.3862000000000005,39.8827,76.95255,136.30622499999993,2.3676625000000024,7.9161625,3.5541124999999996,36.546625,-0.5366282857948123,-1.5070761419206478
120.7,22.6,562.3419,SSP5-8.5,2041-2060,1.596900000000005,81.6635,143.26899999999978,2.537700000000001,6.6845,3.8965999999999994,37.428799999999995,78.8507625,113.48992499999997,2.3903500000000006,7.014874999999999,3.1510875,38.5437625,-0.5366282857948123,-1.4438803615508562
120.7,22.65,544.4473,SSP5-8.5,2041-2060,14.339799999999968,75.5141,115.26119999999992,2.551099999999998,4.7120999999999995,2.4328000000000003,34.0519,84.05925,98.49507499999999,2.4697999999999998,7.499137500000001,2.9528125,41.354325,-0.5366282857948123,-1.3806845811810693
120.7,22.7,490.1472,SSP5-8.5,2041-2060,13.904200000000003,93.25210000000001,122.8157000000001,2.963699999999996,5.231000000000002,2.5465999999999998,44.5731,88.1297,88.76510000000002,2.426087499999999,7.460800000000001,2.8306125,43.232937500000006,-0.5366282857948123,-1.317488800811278
120.7,22.75,464.0424,SSP5-8.5,2041-2060,5.007600000000025,93.99249999999998,68.89110000000028,2.720399999999998,7.8138000000000005,3.0966000000000005,45.4558,90.0720375,73.9901875000001,2.328974999999998,7.359275,2.9556125,43.957449999999994,-0.5366282857948123,-1.2542930204414864
120.7,22.8,459.2751,SSP5-8.5,2041-2060,10.011799999999994,89.29429999999999,15.293300000000272,2.1470999999999947,7.763799999999996,3.1621000000000006,41.9212,86.82853750000001,28.2299625,2.0398499999999995,7.892025,3.1000000000000005,42.1153875,-0.5366282857948123,-1.191097240071695
120.7,22.85,452.4225,SSP5-8.5,2041-2060,8.558999999999969,79.2903,-81.01049999999987,1.6077999999999975,10.203400000000002,2.8345000000000002,35.4346,87.7185,-11.861537500000054,1.61645,8.4459125,3.3416000000000006,43.665875,-0.5366282857948123,-1.1279014597019037
120.7,22.9,392.5271,SSP5-8.5,2041-2060,7.390099999999961,97.7243,-23.980000000000018,1.2358999999999973,10.141400000000004,3.2966000000000015,51.5577,88.868875,-69.7485375,1.0650500000000007,9.6232625,3.5230625000000004,44.3978375,-0.5366282857948123,-1.0647056793321166
120.7,22.95,420.996,SSP5-8.5,2041-2060,-1.321300000000008,93.53670000000001,-88.58739999999989,0.11980000000000146,9.2879,4.5862,47.5942,91.92293749999999,-96.80915000000005,0.8649499999999999,9.63965,3.1571250000000006,46.8877375,-0.5366282857948123,-1.0015098989623252
120.7,23.0,394.6266,SSP5-8.5,2041-2060,3.123199999999997,87.05600000000001,-165.16920000000027,0.3080999999999996,10.387900000000002,1.877600000000001,43.39619999999999,91.2024375,-118.29184999999995,0.6988125000000003,9.5049375,3.0161625,46.6322,-0.5366282857948123,-0.9383141185925338
120.7,23.05,410.8476,SSP5-8.5,2041-2060,16.711900000000014,90.3715,-158.54640000000018,0.7696000000000005,10.8431,2.3206999999999987,47.080799999999996,91.10735,-105.13991250000004,0.9253124999999995,9.444375,2.5099125000000004,46.42836249999999,-0.5366282857948123,-0.8751183382227424
120.7,23.1,402.7462,SSP5-8.5,2041-2060,19.821799999999996,99.5286,-34.02459999999974,1.3783999999999992,10.303400000000003,2.3224,51.4423,92.37119999999999,-60.81433750000002,1.2856999999999994,9.583612500000001,2.57285,47.937025,-0.5366282857948123,-0.811922557852951
120.7,23.15,376.2442,SSP5-8.5,2041-2060,22.60880000000003,88.15880000000001,59.92699999999968,2.1797999999999966,7.839700000000001,2.5206999999999997,45.7846,94.85161249999999,5.792825000000107,1.6618499999999994,8.932325,2.5821125,49.441837500000005,-0.5366282857948123,-0.748726777483164
120.7,23.2,364.7975,SSP5-8.5,2041-2060,27.372599999999977,92.52369999999999,106.45089999999982,2.2939000000000007,8.7759,2.9466,48.5577,93.3550875,26.886912500000108,1.9413999999999993,8.134275,2.4510875000000003,48.643987499999994,-0.5366282857948123,-0.6855309971133726
120.7,23.25,319.5886,SSP5-8.5,2041-2060,31.864300000000014,97.5833,30.715999999999894,2.2448000000000015,7.691400000000002,2.555200000000001,52.1115,93.05695,17.963262500000155,1.9360749999999998,8.0267375,2.3064750000000003,48.250487500000006,-0.5366282857948123,-0.6223352167435812
120.7,23.3,324.5851,SSP5-8.5,2041-2060,19.951599999999985,100.1755,-35.811499999999796,1.7774,8.112099999999998,2.7723999999999993,53.00580000000001,94.5273,10.605025000000069,1.9392874999999998,7.448275,1.9890250000000005,49.477875,-0.5366282857948123,-0.5591394363737897
120.7,23.35,357.7791,SSP5-8.5,2041-2060,9.511499999999955,100.86009999999999,21.92380000000003,1.8820999999999977,7.2224,1.7362000000000002,52.325,95.454675,-7.128574999999955,1.7432625000000002,6.507762499999998,2.0756499999999996,50.495675,-0.5366282857948123,-0.4959436560039983
120.7,23.4,387.3973,SSP5-8.5,2041-2060,-3.9139999999999873,95.99589999999999,-34.82619999999997,1.435100000000002,6.903400000000005,2.2033999999999985,50.803799999999995,94.74826250000001,-13.895462500000008,1.6491124999999998,5.540537499999999,1.9071250000000002,50.2745125,-0.5366282857948123,-0.43274787563421135
120.7,23.45,410.6323,SSP5-8.5,2041-2060,-8.286299999999983,90.6372,-50.6913999999997,1.4632000000000005,5.696600000000004,1.9551999999999996,48.661500000000004,92.613475,-57.90701250000001,1.3874374999999999,4.3127249999999995,1.9840624999999998,48.5519125,-0.5366282857948123,-0.3695520952644199
120.7,23.5,447.641,SSP5-8.5,2041-2060,-9.93440000000004,86.91560000000001,-118.53099999999995,1.2774,3.544800000000002,1.6483000000000008,45.8615,94.27055,-57.93447500000002,1.2917625000000004,2.8398874999999997,2.2314749999999997,49.2742625,-0.5366282857948123,-0.3063563148946285
120.7,23.55,377.4282,SSP5-8.5,2041-2060,6.654600000000016,97.0359,-22.3433,1.3583000000000034,0.7516999999999996,2.9741,49.199999999999996,94.4747875,-65.7426375,1.0765000000000002,1.7562499999999996,2.5937625,48.812725,-0.5366282857948123,-0.24316053452483705
120.7,23.6,340.1265,SSP5-8.5,2041-2060,10.561499999999967,96.9545,-17.50610000000006,1.0746000000000002,1.4810000000000016,3.2103,48.7231,97.0295625,-17.339400000000012,1.210350000000001,1.3898625000000004,3.4038874999999997,50.2108,-0.5366282857948123,-0.17996475415504562
120.7,23.65,260.59,SSP5-8.5,2041-2060,26.028400000000033,101.0321,49.04930000000013,1.6169000000000011,2.4102999999999994,3.9397,52.7827,96.7996,14.707525000000032,1.3613374999999994,1.1719750000000015,3.6377125,49.429075,-0.5366282857948123,-0.11676897378525869
120.7,23.7,217.806,SSP5-8.5,2041-2060,24.8998,101.87519999999998,41.63740000000007,1.6183999999999976,0.8741000000000057,3.4448000000000008,52.873099999999994,96.0663625,55.85041250000003,1.6054125,2.1251999999999995,3.839225,48.759125,-0.5366282857948123,-0.053573193415467256
120.7,23.75,202.2517,SSP5-8.5,2041-2060,8.165699999999987,97.12729999999999,35.47680000000014,1.4863999999999997,4.2517,3.351700000000001,49.5327,96.410375,78.81866249999999,1.6540624999999998,1.6930874999999999,3.5331875000000004,48.3915875,-0.5366282857948123,0.009622586954324176
120.7,23.8,190.7907,SSP5-8.5,2041-2060,0.5288000000000181,95.15380000000002,78.2775999999999,1.5302999999999969,2.927599999999998,2.9914000000000005,47.475,95.1638875,71.78377499999999,1.4778625000000014,2.6556000000000006,3.2540875000000007,47.5836625,-0.5366282857948123,0.0728183673241156
120.7,23.85,192.2506,SSP5-8.5,2041-2060,1.6417000000000144,95.8666,62.10429999999997,1.315800000000003,4.289700000000003,2.774099999999999,47.794200000000004,95.859425,59.586074999999965,1.3739500000000007,2.11315,2.625,47.980525,-0.5366282857948123,0.13601414769390704
120.7,23.9,185.3979,SSP5-8.5,2041-2060,1.193000000000012,97.43459999999999,48.63290000000006,1.3072000000000017,2.5741000000000014,1.8414000000000001,48.5115,96.96885,42.756174999999956,1.2648625000000009,1.2241625000000012,2.071975,49.23245,-0.5366282857948123,0.19920992806369398
120.7,23.95,181.8069,SSP5-8.5,2041-2060,-1.8352000000000146,98.52620000000002,59.610299999999825,1.3293999999999997,-2.505199999999995,1.1310000000000002,49.8635,98.4607875,40.31957499999996,1.278962500000001,-0.048049999999999926,1.7153,50.9326875,-0.5366282857948123,0.26240570843348543
120.7,24.0,180.7551,SSP5-8.5,2041-2060,1.9359000000000037,99.97350000000002,70.39279999999985,1.4821000000000026,-3.280999999999999,1.1361999999999988,53.0385,99.260875,36.48823749999994,1.2331124999999998,-0.3034624999999993,1.4950375,52.366362499999994,-0.5366282857948123,0.32560148880327683
120.7,24.05,191.374,SSP5-8.5,2041-2060,2.128600000000006,100.03210000000001,32.42970000000014,1.2295999999999978,1.9085999999999999,1.299999999999999,53.194199999999995,99.63105000000002,31.30866249999991,1.1952625000000001,0.1782249999999994,1.2418,53.693525,-0.5366282857948123,0.3887972691730683
120.7,24.1,200.5656,SSP5-8.5,2041-2060,-0.7575999999999965,100.13570000000001,31.40280000000007,1.0852000000000004,0.9275999999999982,0.9845000000000006,54.1269,99.5085,12.350612499999983,0.9980749999999996,2.005375,0.9284375,54.7302875,-0.5366282857948123,0.4519930495428597
120.7,24.15,211.7542,SSP5-8.5,2041-2060,-5.051299999999998,99.5273,-1.4699999999998,0.7232000000000021,3.7775999999999996,0.42409999999999926,55.6519,99.21010000000001,11.746050000000025,0.8674250000000003,0.6702624999999989,0.6653125000000001,55.794475000000006,-0.5366282857948123,0.5151888299126467
120.7,24.2,215.4407,SSP5-8.5,2041-2060,-3.5475999999999885,98.4726,5.387100000000146,0.5341000000000022,-3.9724000000000004,0.5396999999999998,56.682700000000004,97.7403125,20.902837500000032,0.7242250000000006,-0.09028750000000141,0.4764999999999995,55.7762125,-0.5366282857948123,0.578384610282438
120.7,24.25,214.8046,SSP5-8.5,2041-2060,6.294299999999993,95.5453,40.23559999999998,0.6511999999999993,-2.801700000000004,0.6102999999999987,54.498099999999994,95.69095,51.303225000000026,0.7664375000000008,-1.6760625000000022,0.29892499999999955,55.3882375,-0.5366282857948123,0.6415803906522295
120.7,24.3,200.8877,SSP5-8.5,2041-2060,8.369699999999995,92.2416,108.9982,0.9621999999999993,-0.958599999999997,0.23279999999999923,53.7673,92.8995625,76.7964125,1.0301624999999999,-1.3327500000000025,0.1458874999999995,53.2538625,-0.5366282857948123,0.704776171022021
120.7,24.35,177.1856,SSP5-8.5,2041-2060,16.394800000000004,89.72550000000001,115.86889999999994,1.3994,-2.4155000000000015,-0.37240000000000073,50.475,90.70801250000001,87.47777500000001,1.3470374999999994,1.015512499999999,0.14396249999999977,51.9937625,-0.5366282857948123,0.7679719513918124
120.7,24.4,173.267,SSP5-8.5,2041-2060,15.638200000000012,87.92340000000002,90.62639999999988,1.806799999999999,3.8430999999999997,0.07589999999999986,49.6154,88.78257500000001,77.52067500000004,1.5151749999999993,2.327587499999999,0.08834999999999982,50.469725,-0.5366282857948123,0.8311677317615993
120.7,24.45,170.5324,SSP5-8.5,2041-2060,25.448800000000006,86.743,57.15219999999999,1.629999999999999,4.984499999999997,0.14829999999999988,49.075,87.3758125,65.05246249999999,1.4876999999999998,3.6202749999999995,0.09028749999999997,50.023325,-0.5366282857948123,0.8943635121313908
120.7,24.5,157.9655,SSP5-8.5,2041-2060,20.489100000000008,86.3004,49.78909999999996,1.557500000000001,4.798299999999998,-0.16380000000000017,49.9865,86.1816875,62.11385000000001,1.4438249999999997,3.8668249999999986,0.02541250000000006,48.980050000000006,-0.5366282857948123,0.9575592925011822
120.7,24.55,154.1484,SSP5-8.5,2041-2060,14.458199999999977,86.57069999999999,50.649599999999964,1.470200000000002,4.177599999999998,-0.22930000000000028,48.819199999999995,86.2834875,59.17256249999997,1.3078999999999996,3.941612499999999,0.04783749999999998,48.9990375,-0.5366282857948123,1.0207550728709736
120.7,24.6,152.1908,SSP5-8.5,2041-2060,12.323800000000006,88.7654,60.70139999999992,1.3399,5.893100000000004,0.23789999999999978,49.5308,85.446575,59.30977499999997,1.2346374999999994,3.316399999999998,-0.12434999999999996,48.47835,-0.5366282857948123,1.0839508532407651
120.75,21.9,240.7403,SSP5-8.5,2041-2060,-29.526399999999995,103.63469999999998,-68.72939999999994,0.23440000000000083,17.763800000000003,2.7379,54.9846,105.05951250000001,-63.45502499999998,0.2316249999999993,17.4845,3.2017125,55.7949625,-0.4309344457135909,-2.3286212867279272
120.75,21.95,248.0101,SSP5-8.5,2041-2060,-34.6455,103.82820000000001,-50.7512999999999,-0.025900000000000034,17.727599999999995,3.0862,55.72500000000001,104.77621250000001,-52.6973625,0.2595999999999994,17.132125000000002,3.0049375,55.684625,-0.4309344457135909,-2.265425506358136
120.75,22.0,264.8936,SSP5-8.5,2041-2060,-38.2714,104.69640000000001,-9.028900000000021,0.2798999999999978,15.925900000000006,3.3499999999999996,54.62499999999999,104.3463375,-37.81020000000001,0.2203999999999997,16.454324999999997,2.7665875,55.7442375,-0.4309344457135909,-2.2022297259883445
120.75,22.05,259.2501,SSP5-8.5,2041-2060,-27.701799999999963,105.2151,6.312599999999975,0.37049999999999983,16.303399999999996,2.2172,54.8962,103.4076,-11.229775000000075,0.5694624999999993,14.636225000000001,2.6247875,55.112737499999994,-0.4309344457135909,-2.139033945618553
120.75,22.1,243.7158,SSP5-8.5,2041-2060,-20.456400000000002,103.0316,47.74089999999978,1.2887999999999984,15.208600000000004,2.1948000000000008,54.6827,100.69262499999999,6.2593249999999045,0.9427125000000007,13.3650875,2.2868500000000003,53.7214,-0.4309344457135909,-2.0758381652487614
120.75,22.15,227.9635,SSP5-8.5,2041-2060,-4.955600000000004,91.17389999999999,59.74219999999991,1.756300000000003,12.896500000000003,1.9878999999999998,47.198100000000004,99.3324375,25.71567499999992,1.36125,13.46855,2.3569,53.15095,-0.4309344457135909,-2.0126423848789745
120.75,22.2,222.212,SSP5-8.5,2041-2060,-2.1958999999999946,95.4492,63.584100000000035,1.5182000000000002,13.220699999999994,2.3706999999999994,51.2038,94.525175,39.807687499999986,1.7090625000000008,14.68945,2.4711125,49.87595,-0.4309344457135909,-1.9494466045091832
120.75,22.25,227.0294,SSP5-8.5,2041-2060,-4.594600000000014,87.68720000000002,69.74890000000005,1.8089000000000013,20.351699999999994,2.9171999999999993,45.1,91.9961,49.99368750000005,1.7590125000000003,15.83795,2.6590624999999997,47.643249999999995,-0.4309344457135909,-1.8862508241393918
120.75,22.3,268.0443,SSP5-8.5,2041-2060,-10.674500000000023,86.30959999999999,72.01189999999997,1.7039000000000009,16.029300000000006,2.6759000000000004,43.5846,84.536325,63.097562500000066,1.7978500000000008,15.882987499999999,2.97865,41.759612499999996,-0.4309344457135909,-1.8230550437696005
120.75,22.35,330.0234,SSP5-8.5,2041-2060,-11.394799999999975,70.58109999999999,81.53179999999975,1.6498000000000026,12.984500000000004,3.2741000000000007,30.8577,78.898775,80.88312500000004,1.7739125000000007,13.546987499999998,3.1112124999999997,37.2298125,-0.4309344457135909,-1.759859263399809
120.75,22.4,426.5289,SSP5-8.5,2041-2060,-19.07800000000003,63.286699999999996,87.32789999999977,1.9616000000000042,9.736199999999997,3.3138000000000005,24.871199999999998,74.32974999999999,116.26141249999995,1.9437875,11.3956875,3.4112,33.7165875,-0.4309344457135909,-1.696663483030022
120.75,22.45,402.7515,SSP5-8.5,2041-2060,-10.64870000000002,68.7801,158.38189999999986,2.487000000000002,9.851700000000001,3.4345,29.338499999999996,69.482075,144.7206374999999,2.139512500000001,10.0168125,3.6790874999999996,30.362975,-0.4309344457135909,-1.6334677026602307
120.75,22.5,383.3252,SSP5-8.5,2041-2060,-3.1988999999999805,63.088899999999995,177.48070000000007,2.533700000000003,8.4707,3.8999999999999986,26.7365,70.50505,166.56124999999992,2.299175000000001,9.5661625,3.8079625000000004,31.533175,-0.4309344457135909,-1.570271922290439
120.75,22.55,401.9101,SSP5-8.5,2041-2060,-0.5624000000000251,60.477,165.58350000000019,2.3146000000000058,6.836199999999998,3.7707000000000015,28.2212,70.39605,160.68938749999995,2.3857625000000002,9.411,3.66465,31.540124999999996,-0.4309344457135909,-1.5070761419206478
120.75,22.6,437.8793,SSP5-8.5,2041-2060,27.39440000000002,56.1096,141.73849999999993,2.5429999999999993,8.631,2.543099999999999,26.300000000000004,72.1467625,143.39296249999995,2.39555,8.335999999999999,3.3069000000000006,33.2536,-0.4309344457135909,-1.4438803615508562
120.75,22.65,487.3667,SSP5-8.5,2041-2060,29.8005,66.34880000000001,130.2763,2.6524,7.7759,2.2672000000000008,31.073100000000004,74.061375,127.51997499999999,2.5758749999999986,7.893537499999999,2.8344875,34.412975,-0.4309344457135909,-1.3806845811810693
120.75,22.7,485.5615,SSP5-8.5,2041-2060,38.88229999999999,83.1034,153.25780000000032,3.008899999999997,6.219000000000001,2.0671999999999997,39.9481,78.14453750000001,107.95912499999991,2.5459749999999985,7.1316875,2.7092750000000003,36.364675,-0.4309344457135909,-1.317488800811278
120.75,22.75,433.8144,SSP5-8.5,2041-2060,36.01650000000001,88.5324,159.62869999999975,2.8063999999999965,4.689700000000002,2.4482999999999997,40.5154,80.30997500000001,79.70515000000012,2.293837499999998,7.0937624999999995,2.7530125,37.740875,-0.4309344457135909,-1.2542930204414864
120.75,22.8,441.5667,SSP5-8.5,2041-2060,25.310899999999947,66.3248,97.2781,1.7186000000000021,5.4345,2.430999999999999,30.0288,78.10114999999999,33.039325000000076,1.8153999999999986,6.783412500000001,3.0133625000000004,35.868287499999994,-0.4309344457135909,-1.191097240071695
120.75,22.85,461.3478,SSP5-8.5,2041-2060,6.983000000000004,66.1532,-12.389900000000125,0.8605000000000018,6.2241,3.6293000000000006,29.998099999999997,75.8735375,-10.077662499999917,1.2076374999999997,7.500450000000001,3.1497875000000004,35.698075,-0.4309344457135909,-1.1279014597019037
120.75,22.9,460.7495,SSP5-8.5,2041-2060,-3.0166000000000395,80.6066,-109.89580000000024,0.16040000000000276,10.3397,4.162100000000001,39.6288,76.309275,-63.640699999999924,0.6574375000000003,8.014212500000001,3.4868625000000004,36.167075,-0.4309344457135909,-1.0647056793321166
120.75,22.95,447.1037,SSP5-8.5,2041-2060,-1.164699999999982,89.9434,-169.96659999999974,0.05760000000000076,10.8155,3.798300000000001,45.2346,78.78302500000001,-117.83813750000007,0.3961750000000004,9.276075000000002,3.1913875000000003,38.064425,-0.4309344457135909,-1.0015098989623252
120.75,23.0,452.9206,SSP5-8.5,2041-2060,6.137900000000002,81.8395,-249.60150000000021,0.4701999999999984,9.267200000000003,2.8309999999999995,40.8192,80.272,-155.53179999999998,0.3940250000000005,9.8948125,2.7825499999999996,39.299287500000005,-0.4309344457135909,-0.9383141185925338
120.75,23.05,440.0337,SSP5-8.5,2041-2060,6.187099999999987,80.07990000000001,-181.11639999999989,0.7134,9.400000000000006,2.437899999999999,40.9654,81.8563375,-169.47090000000009,0.7552499999999998,10.007312500000001,2.1008625,40.0954375,-0.4309344457135909,-0.8751183382227424
120.75,23.1,430.4859,SSP5-8.5,2041-2060,4.4121000000000095,89.6591,-138.4068000000002,1.0043000000000006,10.693100000000001,2.5741000000000014,45.5692,85.92716250000001,-123.65143750000004,1.191187499999999,9.732962500000001,2.0120749999999994,43.54135,-0.4309344457135909,-0.811922557852951
120.75,23.15,392.1154,SSP5-8.5,2041-2060,17.1558,96.85580000000002,-32.3744999999999,1.762599999999999,10.0017,2.3637999999999995,51.3404,87.2091875,-56.118449999999996,1.5634124999999988,9.489012500000001,2.056475,43.869225,-0.4309344457135909,-0.748726777483164
120.75,23.2,370.2086,SSP5-8.5,2041-2060,20.36310000000003,82.807,38.20230000000038,1.9289999999999985,8.084499999999998,1.9000000000000004,41.6327,90.556,-11.47168750000003,1.875237499999999,9.193537500000001,2.2250249999999996,46.240375,-0.4309344457135909,-0.6855309971133726
120.75,23.25,348.2569,SSP5-8.5,2041-2060,23.647500000000036,81.7022,-1.0724999999997635,2.0031,10.074100000000001,1.9966000000000008,39.2423,92.0008,-5.023212499999943,1.8697874999999997,8.491175,2.1860125,46.9627375,-0.4309344457135909,-0.6223352167435812
120.75,23.3,342.7216,SSP5-8.5,2041-2060,16.78619999999995,94.16390000000001,-39.93679999999995,1.7330000000000005,8.377600000000001,1.7086000000000006,47.875,92.65924999999999,-10.679325000000006,1.8091499999999994,7.508612499999999,2.050025,47.724025000000005,-0.4309344457135909,-0.5591394363737897
120.75,23.35,367.3666,SSP5-8.5,2041-2060,10.820499999999981,91.6831,18.36329999999998,1.7716999999999992,5.744799999999998,1.6466000000000012,48.7365,94.5981375,-22.888462500000003,1.6042125,6.624775,2.011425,49.2807625,-0.4309344457135909,-0.4959436560039983
120.75,23.4,402.595,SSP5-8.5,2041-2060,-2.0961000000000354,93.81020000000001,17.654799999999796,1.5367999999999995,5.049999999999997,2.4913999999999987,50.074999999999996,93.41522499999999,-19.49646249999995,1.5281250000000002,5.357762500000001,1.7577625000000001,49.2324375,-0.4309344457135909,-0.43274787563421135
120.75,23.45,407.0928,SSP5-8.5,2041-2060,-7.461000000000013,89.92089999999999,-44.933300000000145,1.4939,4.5035000000000025,1.8155000000000001,47.5346,91.453475,-30.54086249999989,1.3329000000000004,4.331037500000001,1.9260874999999997,47.9007125,-0.4309344457135909,-0.3695520952644199
120.75,23.5,408.9241,SSP5-8.5,2041-2060,-0.684599999999989,89.98909999999998,-39.42629999999963,1.1316999999999986,1.1792999999999978,1.825899999999999,46.9788,91.5395875,-43.42623749999996,1.2192500000000006,3.6202750000000012,2.0972,47.7271625,-0.4309344457135909,-0.3063563148946285
120.75,23.55,389.5544,SSP5-8.5,2041-2060,5.502299999999991,100.5741,-64.98850000000039,0.7911999999999999,0.8207000000000022,2.6396999999999995,53.2288,90.826825,-33.654124999999965,1.0749875000000002,2.6836125000000015,2.5693875,46.6122625,-0.4309344457135909,-0.24316053452483705
120.75,23.6,347.3933,SSP5-8.5,2041-2060,6.2672999999999774,95.3538,-54.40380000000005,0.567499999999999,1.0759000000000043,3.5069,48.0596,94.74088749999999,3.6964999999999577,1.1888500000000004,2.315712500000001,3.1094749999999998,48.9216375,-0.4309344457135909,-0.17996475415504562
120.75,23.65,258.0759,SSP5-8.5,2041-2060,21.374500000000012,94.90379999999999,55.953399999999874,1.4107999999999983,1.791400000000003,3.5740999999999996,47.9173,96.7702875,20.9770125,1.2772124999999992,1.8213125000000012,3.3603375,49.7077,-0.4309344457135909,-0.11676897378525869
120.75,23.7,222.1197,SSP5-8.5,2041-2060,22.631200000000007,100.9803,85.81590000000006,1.8717999999999968,0.5585999999999984,3.1792999999999996,49.9346,97.2532875,40.57977500000007,1.4257499999999994,2.3501875000000005,3.485125,49.7406375,-0.4309344457135909,-0.053573193415467256
120.75,23.75,210.2625,SSP5-8.5,2041-2060,12.189999999999998,91.91619999999999,48.91960000000017,1.5192000000000014,2.1602999999999994,4.186200000000001,44.248099999999994,97.30975,57.93580000000003,1.5567874999999987,2.135975,3.2870625,49.283899999999996,-0.4309344457135909,0.009622586954324176
120.75,23.8,191.8796,SSP5-8.5,2041-2060,6.598399999999998,94.3124,123.53140000000008,1.9294000000000011,0.1034000000000006,3.720699999999999,47.1173,95.53727500000001,48.759262500000034,1.415175,2.7297374999999997,3.2122750000000004,47.7899125,-0.4309344457135909,0.0728183673241156
120.75,23.85,195.4845,SSP5-8.5,2041-2060,-3.1525000000000034,94.4239,68.53449999999998,1.4176000000000002,0.020700000000005048,2.963800000000001,47.4962,95.91918749999999,32.96867499999999,1.3625875000000005,2.6456874999999993,2.8331874999999997,47.915125,-0.4309344457135909,0.13601414769390704
120.75,23.9,188.8619,SSP5-8.5,2041-2060,7.360500000000002,95.8243,-22.851200000000063,1.2574000000000005,1.8327999999999989,2.180999999999999,48.36150000000001,97.5249,13.639587500000005,1.2263250000000006,1.1204625000000012,2.2790875,49.425,-0.4309344457135909,0.19920992806369398
120.75,23.95,183.7087,SSP5-8.5,2041-2060,6.5330000000000155,98.65920000000001,32.87890000000016,1.453400000000002,-3.0947999999999993,1.7207000000000008,51.8923,99.3426125,5.710324999999955,1.2245875000000006,0.22477500000000106,1.8661499999999998,51.2141875,-0.4309344457135909,0.26240570843348543
120.75,24.0,188.7842,SSP5-8.5,2041-2060,4.453100000000006,101.53060000000002,50.19419999999991,1.4357000000000006,-4.4206999999999965,1.8948,53.730799999999995,99.59440000000001,8.128962499999972,1.3128375,0.22477500000000106,1.6094624999999998,52.78415,-0.4309344457135909,0.32560148880327683
120.75,24.05,206.2086,SSP5-8.5,2041-2060,3.673100000000005,98.84509999999999,-15.982100000000173,1.4924999999999997,0.41029999999999944,1.6379000000000001,54.0462,100.04967500000001,23.963062499999978,1.3378750000000004,0.2987125000000006,1.4355499999999997,53.7670625,-0.4309344457135909,0.3887972691730683
120.75,24.1,208.7482,SSP5-8.5,2041-2060,9.728000000000009,99.1756,4.098199999999906,1.3510999999999989,0.09659999999999513,1.0085999999999995,54.7115,98.8291625,12.226837499999988,1.2053500000000001,1.568312500000001,1.2256375,53.936525,-0.4309344457135909,0.4519930495428597
120.75,24.15,208.3345,SSP5-8.5,2041-2060,8.950900000000019,97.27290000000002,-1.5503000000001066,0.9675000000000011,1.463799999999999,0.5999999999999996,54.569199999999995,98.248675,15.319837500000034,1.0186125000000006,0.9715625000000001,0.965525,54.5689875,-0.4309344457135909,0.5151888299126467
120.75,24.2,219.7389,SSP5-8.5,2041-2060,5.10560000000001,96.5086,-0.462099999999964,0.9187000000000012,2.643099999999997,0.4361999999999995,56.4212,96.449625,24.73592500000001,0.8414000000000006,-0.09653750000000016,0.7937499999999995,54.2622625,-0.4309344457135909,0.578384610282438
120.75,24.25,239.7277,SSP5-8.5,2041-2060,-0.1349999999999909,94.2652,67.46179999999981,0.7579000000000029,-2.417200000000001,0.2361999999999984,54.8904,94.4660875,41.09566250000003,0.8742375,0.1480624999999991,0.6213499999999996,54.0788625,-0.4309344457135909,0.6415803906522295
120.75,24.3,219.9145,SSP5-8.5,2041-2060,3.702200000000005,92.64659999999999,77.35400000000004,0.9771000000000001,-1.0138000000000034,0.12240000000000073,53.2654,92.4260125,73.93383749999998,1.1390375000000001,-0.11206250000000129,0.4441749999999993,52.9492875,-0.4309344457135909,0.704776171022021
120.75,24.35,201.6784,SSP5-8.5,2041-2060,16.17439999999999,91.2442,79.67460000000005,1.6049000000000007,3.560299999999998,0.40339999999999954,51.5577,91.013625,82.03428749999998,1.3974375,1.738574999999999,0.24504999999999966,52.122125,-0.4309344457135909,0.7679719513918124
120.75,24.4,212.2149,SSP5-8.5,2041-2060,18.490100000000012,91.05530000000002,74.94740000000002,1.7484000000000002,6.3947999999999965,0.34309999999999974,52.2846,88.9982875,78.58064999999999,1.6053125000000001,3.136849999999999,0.2073124999999998,50.30795,-0.4309344457135909,0.8311677317615993
120.75,24.45,202.2433,SSP5-8.5,2041-2060,13.696799999999996,87.9025,75.6201000000001,1.6194999999999986,5.941400000000002,0.024100000000000676,49.4308,87.15541250000001,70.53041249999995,1.6668625000000004,4.223487499999998,0.17111249999999978,49.62525,-0.4309344457135909,0.8943635121313908
120.75,24.5,168.5485,SSP5-8.5,2041-2060,12.627800000000008,84.6987,56.6429999999998,1.5378000000000007,3.9827999999999975,0.06550000000000011,48.5212,85.88220000000001,67.08330000000001,1.50845,4.064437499999998,0.043737499999999985,48.71755,-0.4309344457135909,0.9575592925011822
120.75,24.55,153.7346,SSP5-8.5,2041-2060,8.531599999999997,86.0023,51.01990000000001,1.208599999999997,4.799999999999997,-0.08969999999999967,47.919200000000004,85.8154,63.88353749999993,1.3775875000000004,3.740312499999998,-0.1118625000000002,48.7146625,-0.4309344457135909,1.0207550728709736
120.75,24.6,158.1567,SSP5-8.5,2041-2060,8.36590000000001,87.5911,62.485099999999875,1.073999999999998,2.6828000000000003,-0.006899999999999906,48.6865,85.239625,56.466925,1.2206874999999995,3.754112499999999,-0.1327625,48.376200000000004,-0.4309344457135909,1.0839508532407651
120.75,24.65,147.2359,SSP5-8.5,2041-2060,7.238900000000001,84.8167,58.40440000000012,1.188399999999998,2.5897000000000006,0.40520000000000067,47.901900000000005,84.85538749999999,54.57313749999997,1.1830624999999988,4.5802,-0.19224999999999992,48.121875,-0.4309344457135909,1.147146633610552
120.8,21.95,265.6306,SSP5-8.5,2041-2060,-44.88160000000002,105.3214,-93.7820999999999,0.11400000000000077,20.982799999999997,3.760300000000001,56.698100000000004,104.79495,-79.80045000000001,0.3364874999999996,18.11165,3.268525,55.900962500000006,-0.32524060563236956,-2.265425506358136
120.8,22.0,268.3165,SSP5-8.5,2041-2060,-41.24860000000001,103.7117,-79.06500000000005,0.40279999999999916,20.232800000000005,3.450000000000001,56.7731,103.948225,-84.52057500000004,0.45751249999999954,17.3054,3.240275,56.2052875,-0.32524060563236956,-2.2022297259883445
120.8,22.05,256.5459,SSP5-8.5,2041-2060,-28.40440000000001,100.11669999999998,-65.32160000000022,0.6831999999999994,16.448300000000003,2.8931000000000004,56.394200000000005,102.71891249999999,-74.14260000000013,0.9067999999999996,16.366387500000002,3.1172250000000004,55.9779,-0.32524060563236956,-2.139033945618553
120.8,22.1,269.4312,SSP5-8.5,2041-2060,-19.0565,97.8154,-70.19450000000006,1.5289000000000001,16.755200000000002,3.3896999999999995,55.07119999999999,98.9669375,-47.76835000000017,1.3315000000000001,14.730162499999999,2.7680750000000005,54.1413625,-0.32524060563236956,-2.0758381652487614
120.8,22.15,254.6277,SSP5-8.5,2041-2060,0.4105999999999881,94.2818,-5.9671000000003005,1.9094000000000015,13.477599999999995,2.8603000000000005,52.9327,94.98282499999999,-21.866775000000104,1.6612250000000004,14.7036625,2.9353375,51.645925,-0.32524060563236956,-2.0126423848789745
120.8,22.2,256.7233,SSP5-8.5,2041-2060,-1.6017999999999972,87.7109,36.65430000000015,1.6903000000000006,16.7483,2.872399999999999,46.0788,90.645825,8.194112499999932,1.9120500000000007,14.953662499999998,3.12455,48.6488,-0.32524060563236956,-1.9494466045091832
120.8,22.25,258.5786,SSP5-8.5,2041-2060,-3.0002999999999815,84.1249,46.48610000000008,2.087299999999999,15.9707,3.6224000000000007,42.319199999999995,88.79485,29.314712499999985,1.851550000000001,15.907325,3.1762874999999995,46.834125,-0.32524060563236956,-1.8862508241393918
120.8,22.3,280.0734,SSP5-8.5,2041-2060,-9.657199999999989,83.1124,62.42939999999999,1.9411000000000023,16.9431,3.3086,41.1212,84.87032500000001,50.48872499999999,1.8903875000000006,15.552587500000001,3.344175,43.224262499999995,-0.32524060563236956,-1.8230550437696005
120.8,22.35,315.6494,SSP5-8.5,2041-2060,-13.235900000000015,81.21940000000001,78.73750000000018,1.9279999999999973,13.641399999999997,3.279300000000001,38.8577,79.27371249999999,75.70364999999993,1.8652375000000019,13.514225000000001,3.3685374999999995,38.3004875,-0.32524060563236956,-1.759859263399809
120.8,22.4,345.9948,SSP5-8.5,2041-2060,-13.936300000000017,70.8865,114.97710000000006,2.0075000000000003,9.606900000000003,3.489699999999999,31.3904,74.801675,112.70872499999996,2.1010250000000013,12.3551875,3.5034375,34.465149999999994,-0.32524060563236956,-1.696663483030022
120.8,22.45,333.4543,SSP5-8.5,2041-2060,-7.543700000000001,68.6846,173.48189999999977,2.3323,11.6552,3.731,29.834600000000002,70.1161625,138.7653875,2.316950000000001,11.3989375,3.5461124999999996,31.167074999999997,-0.32524060563236956,-1.6334677026602307
120.8,22.5,323.4253,SSP5-8.5,2041-2060,-6.401399999999967,60.278600000000004,174.4429,2.374299999999998,12.2466,3.5310000000000006,25.636499999999998,70.28152500000002,152.25887499999996,2.3605625000000017,11.6051875,3.5471875,31.6747625,-0.32524060563236956,-1.570271922290439
120.8,22.55,332.3605,SSP5-8.5,2041-2060,-3.5867000000000075,69.70070000000001,151.8529999999996,1.9995000000000012,12.3138,3.5207000000000015,30.928800000000003,68.5262125,139.96251249999997,2.3200250000000007,11.545275,3.2721875,31.146637499999997,-0.32524060563236956,-1.5070761419206478
120.8,22.6,358.4882,SSP5-8.5,2041-2060,9.889999999999986,76.23419999999999,134.41240000000016,2.293899999999997,12.375899999999994,3.1586,34.974999999999994,67.77283750000001,118.74323749999985,2.192887500000001,10.7370625,3.0053875000000003,30.959375,-0.32524060563236956,-1.4438803615508562
120.8,22.65,398.7711,SSP5-8.5,2041-2060,17.991700000000037,63.0778,120.30759999999964,2.3153000000000006,10.4465,3.0223999999999993,29.467299999999998,70.3472875,99.60803750000002,2.2328624999999995,9.865312499999998,2.7428749999999997,32.312975,-0.32524060563236956,-1.3806845811810693
120.8,22.7,419.3707,SSP5-8.5,2041-2060,22.4692,63.536300000000004,89.09760000000006,2.3933999999999997,8.848299999999995,3.0086000000000013,28.559599999999996,73.855075,84.0983124999999,2.1180874999999992,8.35755,2.684475,34.13005,-0.32524060563236956,-1.317488800811278
120.8,22.75,393.7862,SSP5-8.5,2041-2060,25.654600000000016,80.9023,57.39479999999958,1.9650999999999996,7.536200000000001,2.851700000000001,37.221199999999996,72.50524999999999,64.31242500000008,1.8569499999999994,7.611874999999999,2.6900749999999998,33.581,-0.32524060563236956,-1.2542930204414864
120.8,22.8,391.1317,SSP5-8.5,2041-2060,30.4169,72.0741,33.612800000000334,1.4334999999999987,7.903500000000001,2.8602999999999987,34.2192,68.560425,35.888124999999945,1.4300125000000001,6.5456875000000005,2.9097,30.755049999999997,-0.32524060563236956,-1.191097240071695
120.8,22.85,437.2961,SSP5-8.5,2041-2060,19.215499999999963,54.570100000000004,22.894300000000385,0.9824000000000019,2.132800000000003,3.2241,22.1808,65.30088749999999,-6.582162499999981,0.8996875000000011,7.800650000000001,3.1138,29.470425,-0.32524060563236956,-1.1279014597019037
120.8,22.9,451.4754,SSP5-8.5,2041-2060,9.751300000000015,67.10379999999999,-34.813500000000204,0.3754000000000026,6.0844999999999985,3.2276000000000007,30.613500000000002,63.5778625,-51.36236249999993,0.5384750000000009,8.198487500000002,3.2338500000000003,27.9502375,-0.32524060563236956,-1.0647056793321166
120.8,22.95,394.1903,SSP5-8.5,2041-2060,-1.5370999999999526,62.15240000000001,-121.27199999999993,0.02009999999999934,9.2241,3.2982999999999993,26.7231,66.02475,-94.892775,0.410587500000001,8.977600000000002,2.8799625,29.4019125,-0.32524060563236956,-1.0015098989623252
120.8,23.0,377.9689,SSP5-8.5,2041-2060,4.18119999999999,60.2449,-149.38569999999982,0.4795000000000016,9.475900000000003,2.2516999999999996,24.1827,66.92772500000001,-134.152475,0.45248750000000015,9.504950000000001,2.4797374999999997,30.380525000000002,-0.32524060563236956,-0.9383141185925338
120.8,23.05,422.9678,SSP5-8.5,2041-2060,2.510499999999979,78.7912,-210.2107000000001,0.6841000000000008,9.7241,1.6897000000000002,39.2173,65.7380375,-157.56113750000003,0.6610999999999998,9.4392375,2.0394249999999996,29.189425,-0.32524060563236956,-0.8751183382227424
120.8,23.1,456.3283,SSP5-8.5,2041-2060,-1.5287000000000148,67.3599,-250.42230000000018,0.9477999999999973,9.363799999999998,0.9396999999999984,29.0558,75.96402499999999,-142.267425,0.8830125,9.606025,1.917875,36.3961625,-0.32524060563236956,-0.811922557852951
120.8,23.15,421.4172,SSP5-8.5,2041-2060,9.076000000000022,86.2716,-182.44360000000006,1.093799999999998,10.387900000000002,1.5016999999999996,43.444199999999995,80.44665,-103.08027499999992,1.1667374999999995,8.7903,1.7616499999999997,38.5180375,-0.32524060563236956,-0.748726777483164
120.8,23.2,386.4121,SSP5-8.5,2041-2060,9.85129999999998,91.3648,-48.230499999999665,1.680299999999999,10.463800000000006,1.746599999999999,45.4673,85.4845,-61.06482499999993,1.3659499999999993,8.47305,1.8995749999999998,41.863225,-0.32524060563236956,-0.6855309971133726
120.8,23.25,363.5412,SSP5-8.5,2041-2060,13.1721,89.9878,-24.746300000000247,1.7435999999999972,8.3138,2.1689999999999987,43.975,86.8761875,-43.88578749999988,1.4798874999999998,8.3185375,1.844625,42.595425000000006,-0.32524060563236956,-0.6223352167435812
120.8,23.3,350.1428,SSP5-8.5,2041-2060,11.5856,87.40039999999999,-66.82979999999998,1.5563000000000002,8.110299999999995,1.6897000000000002,43.0769,88.8604,-31.440337500000055,1.5250999999999992,7.5418125,1.9288875,44.4173,-0.32524060563236956,-0.5591394363737897
120.8,23.35,359.2459,SSP5-8.5,2041-2060,6.071399999999983,91.88159999999999,-27.977600000000166,1.4941999999999993,4.799999999999997,1.8345000000000002,49.319199999999995,91.07585,-28.762037500000076,1.5010374999999994,6.4056,1.9079875000000002,46.421625000000006,-0.32524060563236956,-0.4959436560039983
120.8,23.4,378.8655,SSP5-8.5,2041-2060,-2.6721000000000004,92.4975,-17.304399999999987,1.418800000000001,4.422400000000003,1.6552000000000007,47.7654,91.68006249999999,-15.963400000000092,1.4442374999999994,5.08815,1.8674625000000002,47.5615375,-0.32524060563236956,-0.43274787563421135
120.8,23.45,349.367,SSP5-8.5,2041-2060,3.525699999999972,93.84549999999999,-20.525899999999638,1.2660000000000018,3.5689999999999955,1.2155000000000005,48.7135,91.5915625,-16.647137500000042,1.2942124999999995,4.318762500000001,2.0325499999999996,47.287975,-0.32524060563236956,-0.3695520952644199
120.8,23.5,415.8918,SSP5-8.5,2041-2060,13.579099999999983,87.9368,19.323499999999967,1.1341999999999999,4.282800000000002,2.4138,44.3462,92.4051,-43.794974999999965,1.0856,4.0993625,1.9224124999999999,47.8944625,-0.32524060563236956,-0.3063563148946285
120.8,23.55,403.9372,SSP5-8.5,2041-2060,12.302999999999997,85.45070000000001,-44.7199999999998,0.9697999999999993,5.793100000000003,2.115500000000001,44.2712,93.1939625,-33.51672500000001,0.9572249999999998,3.455825000000001,2.4114249999999995,48.143487500000006,-0.32524060563236956,-0.24316053452483705
120.8,23.6,307.6143,SSP5-8.5,2041-2060,11.044999999999959,86.97819999999999,8.373999999999796,1.0864000000000011,3.3603000000000023,2.8602999999999987,45.457699999999996,95.4874125,-15.996849999999995,1.0016874999999996,3.3801750000000013,2.7788749999999998,49.31105,-0.32524060563236956,-0.17996475415504562
120.8,23.65,246.432,SSP5-8.5,2041-2060,8.973100000000017,94.99780000000001,65.7532000000001,1.2027999999999999,2.117199999999997,3.562099999999999,49.7923,95.78320000000001,11.147224999999992,1.189487499999999,2.6316875000000017,2.994375,48.40505,-0.32524060563236956,-0.11676897378525869
120.8,23.7,246.221,SSP5-8.5,2041-2060,7.127600000000001,95.9904,-10.903800000000047,1.1792999999999978,2.693100000000001,3.1792999999999996,50.0385,97.324075,39.62422500000008,1.341349999999999,1.9545124999999999,3.180375,48.540875,-0.32524060563236956,-0.053573193415467256
120.8,23.75,219.1426,SSP5-8.5,2041-2060,14.220700000000022,100.1835,38.752300000000105,1.3721999999999994,2.503399999999999,2.6431000000000004,50.7404,95.759675,42.99010000000004,1.437912499999999,1.8105499999999992,3.1545125,47.43125,-0.32524060563236956,0.009622586954324176
120.8,23.8,200.978,SSP5-8.5,2041-2060,4.234399999999994,92.8551,70.89879999999994,1.4665,3.1758999999999986,3.786200000000001,46.559599999999996,96.460275,32.872025000000065,1.34275,2.0411374999999996,2.9105499999999997,48.2673125,-0.32524060563236956,0.0728183673241156
120.8,23.85,204.2281,SSP5-8.5,2041-2060,2.982299999999981,96.77180000000001,-12.889799999999923,1.2134,2.508599999999994,3.0016999999999996,48.4731,95.8498375,16.858724999999993,1.2473750000000003,2.5204750000000002,2.6394374999999997,48.4144,-0.32524060563236956,0.13601414769390704
120.8,23.9,212.8352,SSP5-8.5,2041-2060,9.01400000000001,99.1349,-83.95460000000003,0.8807000000000009,3.753399999999999,2.3689999999999998,49.0288,97.102225,-9.547124999999966,1.1094750000000002,1.7491375000000007,2.3064625000000003,50.287975,-0.32524060563236956,0.19920992806369398
120.8,23.95,221.66,SSP5-8.5,2041-2060,8.888000000000005,99.382,-65.7998,0.8930999999999969,1.4172000000000011,2.431000000000001,52.3404,98.1176125,-12.235487499999977,1.1456500000000012,1.3066875000000007,1.9743499999999998,51.1882125,-0.32524060563236956,0.26240570843348543
120.8,24.0,207.341,SSP5-8.5,2041-2060,13.478899999999982,102.9348,-10.541999999999916,1.2111000000000018,2.427599999999998,1.944799999999999,54.838499999999996,98.469575,-11.932762500000024,1.2904500000000003,1.563787500000001,1.7075250000000002,52.6065,-0.32524060563236956,0.32560148880327683
120.8,24.05,221.4278,SSP5-8.5,2041-2060,16.11100000000002,98.4023,-37.956100000000106,1.4115000000000002,4.515500000000003,1.5740999999999996,53.0596,98.630975,8.654049999999955,1.3958125000000003,2.0282375000000004,1.534675,53.44015,-0.32524060563236956,0.3887972691730683
120.8,24.1,221.0414,SSP5-8.5,2041-2060,25.017599999999987,98.2128,51.68489999999997,1.4967000000000006,0.2155000000000058,1.6414000000000009,53.436499999999995,97.4707875,-1.335837500000082,1.3685124999999996,2.9978499999999997,1.3685125,53.494225,-0.32524060563236956,0.4519930495428597
120.8,24.15,223.0379,SSP5-8.5,2041-2060,23.1961,98.2051,39.25579999999991,1.2365999999999993,-0.6723999999999961,1.6431000000000004,53.407700000000006,96.15927500000001,9.511862500000007,1.2251125000000003,3.0150875,1.34095,53.28845,-0.32524060563236956,0.5151888299126467
120.8,24.2,239.039,SSP5-8.5,2041-2060,7.0704000000000065,95.7517,-7.337999999999965,0.8033000000000001,4.756900000000002,1.0465999999999998,52.1135,95.07079999999999,23.168312499999985,1.1084125000000005,1.2713374999999996,1.3008624999999998,53.1115375,-0.32524060563236956,0.578384610282438
120.8,24.25,249.2116,SSP5-8.5,2041-2060,-1.7944999999999993,92.5569,55.9054000000001,1.0573999999999977,-0.9069000000000003,1.25,52.2846,93.62597500000001,32.68994999999998,1.038100000000001,1.5094749999999992,0.9394499999999997,52.98775,-0.32524060563236956,0.6415803906522295
120.8,24.3,229.2985,SSP5-8.5,2041-2060,0.45709999999999695,92.00540000000001,48.68509999999992,1.0899,3.437899999999999,0.7327999999999992,53.598099999999995,92.05025,58.69549999999998,1.2595000000000005,0.46163749999999926,0.6967499999999998,52.4274125,-0.32524060563236956,0.704776171022021
120.8,24.35,222.7878,SSP5-8.5,2041-2060,11.644100000000009,91.82399999999998,74.64110000000005,1.5894000000000013,1.6051999999999964,0.46030000000000015,52.5231,91.06365,63.35175000000001,1.4538250000000001,2.492874999999999,0.5469749999999998,52.0992875,-0.32524060563236956,0.7679719513918124
120.8,24.4,232.9193,SSP5-8.5,2041-2060,14.6918,90.68719999999999,65.15319999999997,1.606300000000001,3.015500000000003,0.36549999999999905,51.4481,89.5620125,70.37893750000003,1.6048625000000003,3.939212499999999,0.49911250000000007,50.8593875,-0.32524060563236956,0.8311677317615993
120.8,24.45,204.9742,SSP5-8.5,2041-2060,11.002800000000008,85.93650000000001,69.90869999999995,1.5862000000000016,4.560299999999998,0.5533999999999999,48.338499999999996,87.992875,69.29192500000002,1.5878375000000002,4.289862499999999,0.35968750000000016,49.780775000000006,-0.32524060563236956,0.8943635121313908
120.8,24.5,151.3938,SSP5-8.5,2041-2060,11.3305,83.8988,100.02330000000006,1.8619000000000003,2.208599999999997,-0.019000000000000128,47.7327,85.83238750000001,62.770624999999995,1.3518125000000003,4.277149999999999,0.20020000000000016,48.63895,-0.32524060563236956,0.9575592925011822
120.8,24.55,150.1773,SSP5-8.5,2041-2060,9.943899999999985,83.70339999999999,82.50350000000003,1.133700000000001,1.044799999999995,0.12589999999999968,48.438500000000005,85.0582,54.59712499999998,1.2737749999999999,4.172862499999998,-0.14398750000000005,48.2463875,-0.32524060563236956,1.0207550728709736
120.8,24.6,168.016,SSP5-8.5,2041-2060,0.3123000000000218,84.9947,48.273299999999836,1.0457,5.134499999999996,-0.9052000000000007,48.001900000000006,84.2158625,54.89511250000004,1.166424999999999,3.5827874999999985,-0.07693749999999988,48.1834125,-0.32524060563236956,1.0839508532407651
120.8,24.65,152.9264,SSP5-8.5,2041-2060,5.206400000000002,83.5933,71.35329999999999,1.198999999999998,1.3034999999999997,-0.13099999999999934,48.0731,83.8030875,50.528525,1.1529374999999993,4.008862499999998,-0.11530000000000007,47.910337500000004,-0.32524060563236956,1.147146633610552
120.85,21.9,269.1639,SSP5-8.5,2041-2060,-41.45920000000001,107.288,-97.72679999999991,0.40700000000000003,19.1586,3.4430999999999994,55.0385,104.774675,-87.0965625,0.3855624999999998,18.699150000000003,3.36895,56.38605,-0.21954676555114824,-2.3286212867279272
120.85,21.95,276.0158,SSP5-8.5,2041-2060,-46.91490000000002,106.10640000000001,-143.81529999999998,0.5022999999999982,19.2586,3.5671999999999997,56.5423,104.7060125,-94.31076250000001,0.47743749999999974,18.184712500000003,3.408825,56.4540875,-0.21954676555114824,-2.265425506358136
120.85,22.0,274.2275,SSP5-8.5,2041-2060,-43.99720000000002,104.39779999999999,-147.2465000000002,0.671400000000002,18.048299999999998,3.8672000000000004,57.72880000000001,104.3022375,-96.02957500000002,0.6239624999999993,17.932987500000003,3.272625,56.95745,-0.21954676555114824,-2.2022297259883445
120.85,22.05,274.0325,SSP5-8.5,2041-2060,-34.79350000000002,101.90379999999999,-172.53150000000005,1.0646999999999984,13.7483,3.180999999999999,57.0327,102.886775,-104.44561250000015,1.0328750000000002,17.7250125,3.250875,57.343275000000006,-0.21954676555114824,-2.139033945618553
120.85,22.1,267.8106,SSP5-8.5,2041-2060,-13.693000000000012,100.9795,-169.1279000000004,1.647400000000001,14.708599999999997,3.2879000000000005,57.0135,100.3797375,-88.2962375000001,1.400175,16.105624999999996,3.0855625,56.2081875,-0.21954676555114824,-2.0758381652487614
120.85,22.15,245.2124,SSP5-8.5,2041-2060,0.24039999999999395,95.03310000000002,-82.99440000000004,1.9316999999999993,15.049999999999997,3.522400000000001,52.9808,97.2926375,-70.6372750000001,1.7094125000000004,15.8228625,3.1711124999999996,53.670925,-0.21954676555114824,-2.0126423848789745
120.85,22.2,286.3185,SSP5-8.5,2041-2060,-7.3688999999999965,88.66899999999998,-60.338900000000194,1.9282000000000004,13.0414,3.8568999999999996,48.938500000000005,94.0079,-31.72421250000002,1.9413875000000003,15.685575,3.21075,50.6961375,-0.21954676555114824,-1.9494466045091832
120.85,22.25,275.7984,SSP5-8.5,2041-2060,-1.536100000000033,88.7475,-24.708000000000084,2.3564000000000007,15.6207,3.858599999999999,48.5173,91.2892875,-5.268962500000043,1.8850750000000005,15.8099125,3.2732625,47.947825,-0.21954676555114824,-1.8862508241393918
120.85,22.3,270.1267,SSP5-8.5,2041-2060,-6.055700000000002,92.673,15.135999999999967,1.865400000000001,15.303400000000003,3.549999999999999,50.1288,89.16195,25.688762499999996,1.8009250000000003,15.367899999999999,3.4484875,45.930525,-0.21954676555114824,-1.8230550437696005
120.85,22.35,289.6063,SSP5-8.5,2041-2060,-10.532699999999977,87.6199,64.9656,1.7234000000000016,14.518999999999998,3.575899999999999,46.428799999999995,85.661775,54.053087500000004,1.6771500000000006,14.29375,3.4892250000000002,42.684875000000005,-0.21954676555114824,-1.759859263399809
120.85,22.4,297.7591,SSP5-8.5,2041-2060,-11.469699999999989,79.7205,107.2494999999999,2.069200000000002,12.991399999999999,3.760299999999999,38.0212,81.1965,87.7098625000001,1.7896375,13.441824999999998,3.601725,39.5435125,-0.21954676555114824,-1.696663483030022
120.85,22.45,293.1296,SSP5-8.5,2041-2060,-9.418000000000006,78.5211,149.99370000000044,2.6569000000000003,13.4621,3.6586,37.5115,75.38185,107.13376249999996,2.019075,13.589237500000001,3.5183,35.3887125,-0.21954676555114824,-1.6334677026602307
120.85,22.5,279.1767,SSP5-8.5,2041-2060,-8.292599999999993,76.36690000000002,140.2693999999999,2.4453999999999994,14.825900000000004,3.2810000000000006,35.8308,74.21417500000001,109.6526375,2.056275,13.973725,3.39675,34.4338875,-0.21954676555114824,-1.570271922290439
120.85,22.55,288.674,SSP5-8.5,2041-2060,-11.099999999999966,76.6329,101.02689999999984,2.1151000000000018,15.425899999999999,3.0809999999999995,34.9962,75.4834625,95.38187499999998,1.9491999999999994,13.2894625,3.185775,35.0581625,-0.21954676555114824,-1.5070761419206478
120.85,22.6,319.2749,SSP5-8.5,2041-2060,-11.274699999999996,79.0216,84.74579999999969,1.9402000000000008,13.550000000000004,2.912099999999999,36.4769,75.16377499999999,62.804562499999946,1.7887750000000002,12.010349999999999,3.028675,34.552400000000006,-0.21954676555114824,-1.4438803615508562
120.85,22.65,354.9169,SSP5-8.5,2041-2060,-9.138100000000009,70.8143,54.41429999999991,1.6630000000000003,10.917200000000001,2.9259000000000004,30.2115,73.1282375,31.88703750000002,1.7463125000000006,10.660137499999998,2.9459,34.07715,-0.21954676555114824,-1.3806845811810693
120.85,22.7,364.6054,SSP5-8.5,2041-2060,-5.2561999999999784,67.61009999999999,8.921600000000126,1.3681000000000019,10.605199999999996,3.0603,30.959600000000002,69.8455375,11.072999999999922,1.6155750000000002,9.426712499999999,2.839225,32.2324375,-0.21954676555114824,-1.317488800811278
120.85,22.75,340.672,SSP5-8.5,2041-2060,6.438199999999995,70.45150000000001,-11.414600000000064,1.165499999999998,8.670699999999997,2.8328000000000007,33.6442,66.895625,0.7821125000000393,1.4035125000000006,9.393325,2.7863999999999995,30.58485,-0.21954676555114824,-1.2542930204414864
120.85,22.8,329.8324,SSP5-8.5,2041-2060,11.010699999999986,68.4094,-15.882599999999911,0.9612000000000016,8.524099999999997,2.812099999999999,30.7731,63.72365,1.4783000000000186,1.2633,8.810137500000002,2.7209,28.3432625,-0.21954676555114824,-1.191097240071695
120.85,22.85,336.1172,SSP5-8.5,2041-2060,13.509699999999953,53.139700000000005,-10.403800000000047,0.9803999999999995,9.153400000000005,3.048300000000001,21.6788,61.333987500000006,0.41382500000011646,1.052687500000001,8.818125000000002,2.7127124999999994,26.5062625,-0.21954676555114824,-1.1279014597019037
120.85,22.9,320.1834,SSP5-8.5,2041-2060,10.027100000000019,48.595499999999994,-0.16259999999965657,0.7074999999999996,8.741400000000006,2.739699999999999,18.8231,60.5799,-5.826237499999991,0.9443625000000009,8.764225000000001,2.6691875,25.505537500000003,-0.21954676555114824,-1.0647056793321166
120.85,22.95,269.1855,SSP5-8.5,2041-2060,-6.13009999999997,53.462,-9.7025000000001,0.5389000000000017,8.956900000000005,1.970699999999999,19.334600000000002,58.4503,-14.808824999999956,0.9099500000000007,9.306475,2.4853500000000004,23.9668375,-0.21954676555114824,-1.0015098989623252
120.85,23.0,259.6237,SSP5-8.5,2041-2060,-8.135099999999994,46.4023,-35.61400000000003,0.49520000000000053,8.139699999999998,2.0586,16.5788,57.6086125,-38.108912499999974,0.9882500000000007,9.866375,2.1025875000000003,23.4223625,-0.21954676555114824,-0.9383141185925338
120.85,23.05,309.4019,SSP5-8.5,2041-2060,-0.7356000000000336,42.751099999999994,-95.73610000000008,0.6403999999999996,10.512099999999997,1.753400000000001,14.1712,57.043800000000005,-68.33553749999996,1.089725,9.24635,1.6918124999999997,23.066587499999997,-0.21954676555114824,-0.8751183382227424
120.85,23.1,386.2774,SSP5-8.5,2041-2060,8.1447,57.56759999999999,-160.20629999999983,0.5380000000000003,8.662100000000002,1.4689999999999994,22.173099999999998,64.4350125,-86.79462499999997,1.1261999999999994,8.870687499999999,1.5118374999999997,28.334625,-0.21954676555114824,-0.811922557852951
120.85,23.15,410.2421,SSP5-8.5,2041-2060,7.431700000000035,75.7359,-137.64499999999998,0.6275000000000013,7.467199999999998,1.5534,34.2885,73.55075,-83.19839999999988,1.1707249999999991,7.844837500000001,1.4017374999999992,33.578125,-0.21954676555114824,-0.748726777483164
120.85,23.2,392.642,SSP5-8.5,2041-2060,7.11990000000003,82.2231,-95.55909999999994,0.8444000000000003,5.586199999999998,1.5465999999999998,38.6173,82.841825,-66.4929249999999,1.1266499999999997,7.6739250000000006,1.7857749999999994,39.6375,-0.21954676555114824,-0.6855309971133726
120.85,23.25,389.0688,SSP5-8.5,2041-2060,7.461500000000001,88.2926,-52.87989999999991,0.9236000000000004,7.869,2.1654999999999998,42.3654,85.38555,-58.036249999999995,1.1746499999999997,7.023275,1.9019624999999996,41.162725,-0.21954676555114824,-0.6223352167435812
120.85,23.3,367.6713,SSP5-8.5,2041-2060,9.860900000000015,87.05550000000001,-84.7800000000002,1.1693999999999996,7.9827999999999975,2.003399999999999,42.4865,87.113325,-40.01188750000006,1.2000749999999991,6.596549999999999,1.9791124999999998,42.491825,-0.21954676555114824,-0.5591394363737897
120.85,23.35,360.5144,SSP5-8.5,2041-2060,4.45659999999998,86.1165,-38.49290000000019,1.3621999999999979,7.172400000000003,1.9069000000000003,41.338499999999996,88.569275,-25.49021250000004,1.3381999999999992,5.714224999999999,1.7944125,44.1466125,-0.21954676555114824,-0.4959436560039983
120.85,23.4,364.9905,SSP5-8.5,2041-2060,0.943300000000022,95.87969999999999,-18.770500000000084,1.460099999999997,4.384500000000003,2.1621000000000006,50.0192,88.451775,-9.66194999999999,1.3541374999999993,5.2105625,1.6209125000000002,44.029574999999994,-0.21954676555114824,-0.43274787563421135
120.85,23.45,354.3272,SSP5-8.5,2041-2060,3.123800000000017,90.303,-13.025100000000293,1.1690000000000005,5.481000000000002,1.8672000000000004,44.7558,89.4695875,-10.54696249999995,1.2863374999999997,4.7569125,1.7194125000000002,44.850725,-0.21954676555114824,-0.3695520952644199
120.85,23.5,342.8322,SSP5-8.5,2041-2060,10.0231,92.39529999999999,-36.69579999999996,1.0091999999999999,5.246600000000001,2.029299999999999,46.8288,90.4777375,-27.253987499999937,1.0776124999999999,5.277375,1.7810375000000003,45.808912500000005,-0.21954676555114824,-0.3063563148946285
120.85,23.55,318.4764,SSP5-8.5,2041-2060,5.282699999999977,96.7622,-86.04489999999987,0.8539999999999992,6.201699999999995,1.8706999999999994,50.8442,91.600325,-19.237562499999996,0.9888125000000003,5.242675000000001,2.1239125,46.746875,-0.21954676555114824,-0.24316053452483705
120.85,23.6,262.9637,SSP5-8.5,2041-2060,2.990000000000009,95.56220000000002,-14.271999999999935,1.0836000000000006,5.479300000000002,2.1448,49.403800000000004,95.74033750000001,-7.383999999999958,0.9883000000000002,4.9829625,2.5799499999999997,49.54135,-0.21954676555114824,-0.17996475415504562
120.85,23.65,233.8112,SSP5-8.5,2041-2060,-0.7117000000000075,100.2947,14.747800000000097,1.1338000000000008,3.7621000000000038,2.8171999999999997,50.971199999999996,96.5250125,12.455874999999992,1.101,4.150637499999999,2.809475,49.6841375,-0.21954676555114824,-0.11676897378525869
120.85,23.7,232.6723,SSP5-8.5,2041-2060,0.09239999999999782,96.20219999999999,3.8663000000001375,1.182699999999997,2.332799999999999,2.693100000000001,45.4577,99.24555000000001,16.80373750000004,1.1393749999999998,3.577137499999999,2.9183125,51.311075,-0.21954676555114824,-0.053573193415467256
120.85,23.75,216.9823,SSP5-8.5,2041-2060,-3.3434000000000026,99.11410000000001,3.1853000000000975,1.0374999999999979,0.41029999999999944,2.7879000000000005,49.2654,96.94235,15.581999999999994,1.2018249999999995,3.732762499999999,2.6258500000000002,49.17765,-0.21954676555114824,0.009622586954324176
120.85,23.8,214.1326,SSP5-8.5,2041-2060,4.705399999999997,94.7067,18.607299999999896,1.3169000000000004,3.049999999999997,1.7033999999999985,46.8288,97.4357875,2.170075000000054,1.0656999999999992,3.822187499999999,2.6519375,49.2742875,-0.21954676555114824,0.0728183673241156
120.85,23.85,223.7883,SSP5-8.5,2041-2060,18.2928,100.25359999999999,-25.664399999999887,0.9358000000000004,5.572400000000002,2.2775999999999996,51.9692,94.657475,1.0112375000000213,1.0482624999999994,3.4732749999999992,2.2870749999999997,47.584125,-0.21954676555114824,0.13601414769390704
120.85,23.9,218.0876,SSP5-8.5,2041-2060,25.95489999999998,95.2878,-14.231999999999971,0.7746999999999993,2.6552000000000007,2.1137999999999995,49.9538,95.4893875,-20.558862499999947,0.9633749999999996,3.1900625,2.047425,49.0045625,-0.21954676555114824,0.19920992806369398
120.85,23.95,241.0315,SSP5-8.5,2041-2060,17.90840000000003,96.21520000000001,-36.353200000000015,0.9304000000000023,3.081000000000003,1.7621000000000002,51.8173,95.6106625,-10.949599999999947,1.0181625000000003,2.9644249999999994,1.6989250000000002,49.568025000000006,-0.21954676555114824,0.26240570843348543
120.85,24.0,223.3904,SSP5-8.5,2041-2060,15.737799999999993,95.35409999999999,-13.023999999999887,1.2218000000000018,4.219000000000001,1.8086000000000002,49.8827,96.80901250000001,-15.670462500000014,1.0773125000000001,3.790074999999999,1.345675,51.418274999999994,-0.21954676555114824,0.32560148880327683
120.85,24.05,219.5046,SSP5-8.5,2041-2060,26.302899999999994,99.36810000000001,-9.420000000000073,1.485199999999999,6.382799999999996,0.8309999999999995,54.0827,96.56285,-0.6358500000000333,1.2273875000000007,4.3859875000000015,1.3583874999999999,51.921875,-0.21954676555114824,0.3887972691730683
120.85,24.1,219.5583,SSP5-8.5,2041-2060,30.394000000000005,93.62670000000001,12.223199999999906,1.4724000000000004,6.894800000000004,1.5103000000000009,52.7923,96.7717875,2.006712499999935,1.3332874999999995,3.9747875000000015,1.4055874999999998,52.2495125,-0.21954676555114824,0.4519930495428597
120.85,24.15,242.29,SSP5-8.5,2041-2060,30.573999999999984,94.8705,-1.3553999999999178,1.531299999999998,4.891399999999997,2.1431000000000004,51.2846,94.7099125,22.58427499999999,1.3058750000000003,3.6280125000000023,1.5206875,51.4026375,-0.21954676555114824,0.5151888299126467
120.85,24.2,229.9375,SSP5-8.5,2041-2060,16.97210000000001,93.8554,18.794400000000223,1.2599000000000018,3.1586,2.3414,50.97879999999999,93.4974375,24.778475000000043,1.2302624999999998,2.535125,1.5788875,50.627175,-0.21954676555114824,0.578384610282438
120.85,24.25,226.4111,SSP5-8.5,2041-2060,11.496499999999997,93.0318,7.296899999999823,1.1380000000000017,2.010300000000001,1.7569,51.055800000000005,92.08962500000001,36.86517500000008,1.2308750000000002,2.0217624999999995,1.2954875,50.6403875,-0.21954676555114824,0.6415803906522295
120.85,24.3,224.8746,SSP5-8.5,2041-2060,5.40300000000002,90.94310000000002,49.727499999999964,1.3599999999999994,-0.5,0.8430999999999997,51.5788,91.31322499999999,40.10601250000002,1.3703375000000002,1.4984875000000004,1.1168125,50.937524999999994,-0.21954676555114824,0.704776171022021
120.85,24.35,234.397,SSP5-8.5,2041-2060,12.789900000000017,89.8902,57.502700000000004,1.5913000000000004,1.3552000000000035,0.5016999999999996,52.2635,90.4991625,41.27605,1.4779,2.4204750000000006,0.8939625,50.7817375,-0.21954676555114824,0.7679719513918124
120.85,24.4,232.7173,SSP5-8.5,2041-2060,18.97890000000001,90.03719999999998,53.76950000000011,1.6526999999999994,3.693099999999994,1.0638000000000005,50.7981,88.9001875,52.62318750000003,1.5267375000000003,3.539437500000002,0.7344625,50.01395,-0.21954676555114824,0.8311677317615993
120.85,24.45,199.7521,SSP5-8.5,2041-2060,29.692099999999982,88.6062,76.9674,1.4465000000000003,4.403400000000005,0.6431000000000004,49.6788,87.5317125,50.24013750000006,1.5089250000000003,4.435549999999999,0.6435250000000001,49.2927875,-0.21954676555114824,0.8943635121313908
120.85,24.5,193.6135,SSP5-8.5,2041-2060,10.911500000000018,87.0571,51.211500000000115,1.2296000000000014,4.679299999999998,0.39140000000000086,48.3519,85.552825,52.029425,1.3532000000000004,4.363562499999999,0.2594749999999998,48.819475000000004,-0.21954676555114824,0.9575592925011822
120.85,24.55,175.2682,SSP5-8.5,2041-2060,10.312799999999982,82.7524,38.290899999999965,1.0526000000000018,4.805199999999999,-0.11210000000000075,48.4327,84.6646,36.274550000000005,1.219575,4.217887499999998,-0.11508750000000034,48.417300000000004,-0.21954676555114824,1.0207550728709736
120.85,24.6,177.8317,SSP5-8.5,2041-2060,-1.529200000000003,83.47049999999999,28.830000000000155,1.1799999999999997,5.089700000000001,-0.4759000000000002,48.325,83.25659999999999,33.04989999999998,1.1108249999999997,4.061224999999998,-0.23943750000000041,48.1077,-0.21954676555114824,1.0839508532407651
120.85,24.65,172.7335,SSP5-8.5,2041-2060,-3.338300000000004,81.7972,46.273800000000165,1.295099999999998,6.346599999999995,-0.3309999999999995,47.6904,83.3939125,39.04807500000001,1.1377374999999992,4.0916250000000005,-0.2573375000000001,47.6264375,-0.21954676555114824,1.147146633610552
120.85,24.7,147.7511,SSP5-8.5,2041-2060,5.289299999999997,82.6286,67.64829999999984,1.1221999999999994,5.391400000000004,0.16380000000000017,46.7481,84.126825,45.57222500000006,1.077899999999999,3.8832249999999995,-0.30474999999999985,48.462975,-0.21954676555114824,1.2103424139803434
120.9,22.0,253.4294,SSP5-8.5,2041-2060,-33.35479999999998,106.5008,-104.35400000000004,0.9055999999999997,19.6534,3.1327999999999996,58.0115,104.24493749999999,-126.2210500000001,0.8899124999999999,17.6385875,3.3478375,57.23535,-0.11385292546989689,-2.2022297259883445
120.9,22.05,241.9081,SSP5-8.5,2041-2060,-22.17089999999999,106.0607,-100.33819999999992,1.039200000000001,17.2138,2.8466000000000005,59.5827,102.0947625,-118.82481250000015,1.2435375,16.7260875,3.2344749999999998,56.8540875,-0.11385292546989689,-2.139033945618553
120.9,22.1,234.1006,SSP5-8.5,2041-2060,-6.681899999999985,103.51160000000002,-99.91720000000032,1.3844999999999992,18.7397,3.1396999999999995,58.17119999999999,101.708275,-111.96842500000002,1.4630125,16.280175,3.1653000000000002,56.356737499999994,-0.11385292546989689,-2.0758381652487614
120.9,22.15,234.4953,SSP5-8.5,2041-2060,0.6609000000000265,104.3148,-109.10539999999992,1.6598000000000006,17.412099999999995,2.8516999999999992,57.5,98.2982375,-79.10536250000015,1.7170750000000004,15.429537499999999,3.2015000000000002,54.3574625,-0.11385292546989689,-2.0126423848789745
120.9,22.2,248.2464,SSP5-8.5,2041-2060,-8.12039999999999,101.05810000000001,-87.10149999999976,1.9268,15.7,3.1103000000000005,53.6615,95.1191125,-49.47833750000012,1.8240500000000002,16.173074999999997,3.2459,51.69015,-0.11385292546989689,-1.9494466045091832
120.9,22.25,245.4047,SSP5-8.5,2041-2060,-3.4496000000000038,96.7921,-27.057700000000295,1.9694000000000003,15.505200000000002,2.9879,51.5788,93.9083375,-26.871812499999976,1.7782125000000004,15.473924999999998,3.4756375,49.9608125,-0.11385292546989689,-1.8862508241393918
120.9,22.3,252.972,SSP5-8.5,2041-2060,-6.933900000000023,96.17389999999999,-28.359400000000278,1.6721000000000004,17.267199999999995,2.877600000000001,49.7558,91.43893750000001,10.739800000000002,1.714550000000001,15.2735,3.50495,47.9550375,-0.11385292546989689,-1.8230550437696005
120.9,22.35,261.906,SSP5-8.5,2041-2060,-3.6446000000000254,95.50550000000001,33.01660000000038,0.7297000000000011,13.4759,4.0776,48.8654,87.666725,37.14724999999993,1.7708500000000003,15.050212499999997,3.3790875,44.77885,-0.11385292546989689,-1.759859263399809
120.9,22.4,260.687,SSP5-8.5,2041-2060,-10.068900000000014,86.003,49.23799999999983,1.2042000000000002,15.120699999999996,3.5707000000000004,43.3385,86.2297,52.47076250000009,1.7093125000000007,14.669187499999998,3.4842625,42.851924999999994,-0.11385292546989689,-1.696663483030022
120.9,22.45,272.293,SSP5-8.5,2041-2060,-11.103600000000029,81.132,37.26850000000013,1.7350999999999992,16.0534,3.431,40.1212,83.807975,67.29298750000007,1.6890625000000004,14.171574999999999,3.5109875,40.7790875,-0.11385292546989689,-1.6334677026602307
120.9,22.5,250.163,SSP5-8.5,2041-2060,-2.312400000000025,79.9827,60.14280000000008,1.9846000000000004,16.2138,3.3516999999999992,38.936499999999995,81.29660000000001,58.81085000000007,1.7210874999999999,14.378037500000001,3.176075,38.9041,-0.11385292546989689,-1.570271922290439
120.9,22.55,262.9983,SSP5-8.5,2041-2060,-14.179399999999958,78.7808,29.011400000000094,1.252399999999998,14.419000000000004,2.8689999999999998,37.5058,81.135625,45.27652500000002,1.6436625000000005,13.635150000000001,3.1144374999999997,38.750725,-0.11385292546989689,-1.5070761419206478
120.9,22.6,319.0565,SSP5-8.5,2041-2060,-23.221400000000017,83.50219999999999,-11.822699999999713,1.3033000000000001,10.3707,2.8621,40.175000000000004,80.0146875,7.676575000000042,1.4066875000000008,12.133850000000002,3.0364375,37.2367875,-0.11385292546989689,-1.4438803615508562
120.9,22.65,370.8145,SSP5-8.5,2041-2060,-29.238499999999988,82.56729999999999,-76.76639999999998,1.3677000000000028,9.8138,2.7897,38.159600000000005,77.42462499999999,-22.627574999999922,1.2480375000000006,10.1235,3.112075,35.9449375,-0.11385292546989689,-1.3806845811810693
120.9,22.7,378.5575,SSP5-8.5,2041-2060,-28.94240000000002,69.47639999999998,-93.79959999999983,0.9886000000000017,9.270700000000001,2.753399999999999,33.8442,74.2628625,-38.65288749999996,1.2211625000000002,9.210562499999998,2.9881624999999996,34.1471,-0.11385292546989689,-1.317488800811278
120.9,22.75,333.0307,SSP5-8.5,2041-2060,-20.250800000000027,57.938399999999994,-50.64969999999994,1.065999999999999,9.9103,2.529299999999999,26.751900000000003,69.45467500000001,-32.49448749999999,1.205587500000001,9.364875000000001,2.8258624999999995,31.681725,-0.11385292546989689,-1.2542930204414864
120.9,22.8,290.6291,SSP5-8.5,2041-2060,-6.606400000000008,55.218,-22.438000000000102,1.0522000000000027,12.548300000000005,2.4154999999999998,22.349999999999998,67.87381250000001,-16.36579999999998,1.3658000000000001,9.8295125,2.6047624999999996,30.655762499999998,-0.11385292546989689,-1.191097240071695
120.9,22.85,268.2432,SSP5-8.5,2041-2060,-1.066500000000019,65.49510000000001,-7.169399999999996,1.4613000000000014,12.625900000000001,2.0051999999999985,28.700000000000003,63.5125125,7.095925000000051,1.4690000000000007,10.386412500000002,2.5508750000000004,27.281974999999996,-0.11385292546989689,-1.1279014597019037
120.9,22.9,250.9295,SSP5-8.5,2041-2060,-4.573599999999999,59.2059,27.269600000000082,1.4480000000000004,11.984500000000004,2.417200000000001,24.390399999999996,62.7722125,43.14946250000003,1.6866750000000001,10.046337500000002,2.2978625,26.2637,-0.11385292546989689,-1.0647056793321166
120.9,22.95,233.7078,SSP5-8.5,2041-2060,-7.811399999999992,69.5102,86.58739999999989,1.7484000000000002,9.951699999999995,2.1621000000000006,30.4231,53.8908,77.64696250000003,1.8255750000000006,9.916175000000003,2.1821125,20.75265,-0.11385292546989689,-1.0015098989623252
120.9,23.0,235.3136,SSP5-8.5,2041-2060,-3.530600000000021,54.38740000000001,108.92020000000002,2.0055000000000014,10.850000000000001,1.7276000000000007,20.0,48.3515625,86.53945000000002,1.8471375000000005,9.575224999999998,2.0237000000000003,17.431975,-0.11385292546989689,-0.9383141185925338
120.9,23.05,255.1994,SSP5-8.5,2041-2060,8.087900000000019,39.5697,85.92810000000031,1.7891000000000012,10.236199999999997,1.9672,13.326900000000002,49.5955625,63.72377500000002,1.756475,9.058424999999998,1.8838375000000003,17.904337499999997,-0.11385292546989689,-0.8751183382227424
120.9,23.1,298.448,SSP5-8.5,2041-2060,18.959500000000048,52.02740000000001,64.30639999999994,1.7785999999999973,7.518999999999998,1.4309999999999992,19.998099999999997,57.626574999999995,27.884612500000117,1.5114750000000003,7.963162499999998,1.7489125,23.0105875,-0.11385292546989689,-0.811922557852951
120.9,23.15,343.7647,SSP5-8.5,2041-2060,17.431699999999978,72.9733,31.86620000000039,1.4482999999999997,5.755200000000002,1.2585999999999995,33.175,69.38408749999999,4.270250000000061,1.3496875,6.4396749999999985,1.7217749999999996,29.93775,-0.11385292546989689,-0.748726777483164
120.9,23.2,362.8426,SSP5-8.5,2041-2060,5.612599999999986,78.6183,-24.897999999999683,1.034600000000001,5.020699999999998,1.3206999999999987,36.6942,78.90131249999999,-6.532174999999938,1.2017375000000001,6.2416125,1.8402999999999998,36.5000125,-0.11385292546989689,-0.6855309971133726
120.9,23.25,397.2404,SSP5-8.5,2041-2060,2.321299999999951,79.49029999999999,-92.96630000000005,0.4615000000000009,6.113800000000001,2.5707000000000004,37.6904,83.8960625,-5.170574999999985,1.2236999999999996,5.784712499999998,1.9064624999999997,39.5209,-0.11385292546989689,-0.6223352167435812
120.9,23.3,385.0652,SSP5-8.5,2041-2060,9.76740000000001,86.9442,-26.2800000000002,0.9070999999999998,4.594799999999999,2.1690000000000005,41.2942,84.3738,-8.318437500000016,1.1784499999999989,6.184499999999999,1.9743374999999999,40.25865,-0.11385292546989689,-0.5591394363737897
120.9,23.35,351.4799,SSP5-8.5,2041-2060,9.320600000000013,86.79320000000001,10.077700000000277,1.1520999999999972,5.798299999999998,1.3275999999999986,40.875,84.9972375,1.6307749999999146,1.2631624999999986,5.423712499999999,2.0653,41.1019,-0.11385292546989689,-0.4959436560039983
120.9,23.4,338.5996,SSP5-8.5,2041-2060,13.088999999999999,80.10210000000001,27.94290000000001,1.5475999999999992,5.620699999999999,1.5137999999999998,38.3365,82.9422625,9.783237499999984,1.2226499999999985,5.0616375,1.9480625000000003,40.691824999999994,-0.11385292546989689,-0.43274787563421135
120.9,23.45,336.646,SSP5-8.5,2041-2060,13.015099999999961,86.07480000000001,2.009700000000066,1.4231999999999978,4.820700000000002,1.6466000000000012,41.1327,82.89975,10.667437500000005,1.1597374999999994,4.500425,1.893325,41.3836375,-0.11385292546989689,-0.3695520952644199
120.9,23.5,305.2153,SSP5-8.5,2041-2060,6.8583999999999605,87.025,-40.35519999999997,1.031600000000001,5.708599999999997,1.1189999999999998,41.6635,86.8182125,-2.1614499999999452,1.0206124999999995,4.580162500000001,2.0107749999999998,43.953112499999996,-0.11385292546989689,-0.3063563148946285
120.9,23.55,255.8611,SSP5-8.5,2041-2060,4.025200000000012,96.4239,-34.69399999999996,0.7730999999999995,6.362100000000005,2.0,50.744200000000006,90.0060375,-12.757612499999908,0.9572000000000003,4.989425,1.9982749999999996,45.2160875,-0.11385292546989689,-0.24316053452483705
120.9,23.6,253.6143,SSP5-8.5,2041-2060,-3.0149999999999864,101.03050000000002,-10.861000000000104,0.8226000000000013,5.708599999999997,2.3086,51.2596,93.40587500000001,-9.058299999999889,0.9854125000000002,5.288787500000001,2.2905124999999997,47.309362500000006,-0.11385292546989689,-0.17996475415504562
120.9,23.65,254.9225,SSP5-8.5,2041-2060,-2.5552000000000135,103.98469999999999,28.372900000000072,1.0639000000000003,6.558599999999998,3.1052,52.9904,91.358275,5.879862500000087,1.1169625000000005,4.4732875,2.2538625000000003,45.968262499999994,-0.11385292546989689,-0.11676897378525869
120.9,23.7,251.597,SSP5-8.5,2041-2060,-3.9111000000000047,97.4541,29.317399999999907,1.1867000000000019,4.955199999999998,2.6224000000000007,53.0731,95.63659999999999,4.359787500000095,1.1202249999999996,4.051299999999999,2.4217625000000003,48.1704375,-0.11385292546989689,-0.053573193415467256
120.9,23.75,241.5842,SSP5-8.5,2041-2060,-1.8685000000000116,101.9451,-34.79520000000002,0.9388000000000005,5.617199999999997,2.6293000000000006,53.6173,95.60310000000001,3.873462500000045,1.1138374999999994,4.101312499999999,2.1629125,48.333412499999994,-0.11385292546989689,0.009622586954324176
120.9,23.8,228.4438,SSP5-8.5,2041-2060,5.9532999999999845,96.20170000000002,8.912900000000036,0.9714999999999989,5.534500000000001,1.75,47.1058,99.0095,-27.31653750000001,0.9002499999999993,4.965299999999999,2.0928875,50.9456625,-0.11385292546989689,0.0728183673241156
120.9,23.85,228.7538,SSP5-8.5,2041-2060,23.2971,92.1614,-31.039299999999912,0.5898999999999965,5.255200000000002,2.339699999999999,46.463499999999996,96.3981125,-18.134262499999977,0.9042124999999999,4.831675000000001,1.7284499999999998,49.216562499999995,-0.11385292546989689,0.13601414769390704
120.9,23.9,212.2855,SSP5-8.5,2041-2060,29.3493,90.1404,51.786600000000135,1.1724999999999994,1.8534000000000006,1.232800000000001,46.2596,94.8046875,-24.99336249999996,0.8404625000000001,4.753012500000001,1.6482874999999997,48.93845,-0.11385292546989689,0.19920992806369398
120.9,23.95,225.6764,SSP5-8.5,2041-2060,23.307500000000005,89.85580000000002,39.44360000000006,1.0912000000000006,2.0792999999999964,0.9655000000000005,45.6846,93.0945875,0.2999000000000649,0.9736500000000006,4.269812500000001,1.5092750000000001,48.560087499999995,-0.11385292546989689,0.26240570843348543
120.9,24.0,219.0071,SSP5-8.5,2041-2060,14.168700000000001,92.7955,8.725400000000036,0.9002000000000017,5.310299999999998,0.7259000000000011,48.5558,94.42873750000001,6.676599999999979,1.0594625,4.492674999999999,1.2676625,49.9387,-0.11385292546989689,0.32560148880327683
120.9,24.05,219.5285,SSP5-8.5,2041-2060,18.07929999999999,95.51840000000001,-13.46160000000009,0.6957999999999984,5.106899999999996,0.5309999999999988,50.967299999999994,94.3052125,14.567737499999964,1.2578500000000004,5.4129249999999995,1.22585,50.5360625,-0.11385292546989689,0.3887972691730683
120.9,24.1,217.7921,SSP5-8.5,2041-2060,30.4974,95.6582,-2.7366000000001804,1.409600000000001,6.398300000000006,1.1309999999999985,51.842299999999994,93.63352499999999,10.893924999999967,1.3472249999999995,5.216799999999999,1.31895,49.9442375,-0.11385292546989689,0.4519930495428597
120.9,24.15,240.1689,SSP5-8.5,2041-2060,28.144999999999982,93.93889999999999,-9.957300000000032,1.3995999999999995,4.960300000000004,1.75,49.915400000000005,91.2091875,26.21565000000004,1.4650750000000006,4.7200375,1.4719624999999998,48.0057625,-0.11385292546989689,0.5151888299126467
120.9,24.2,251.3502,SSP5-8.5,2041-2060,14.732800000000026,88.43050000000001,78.7478000000001,1.3689,3.312099999999994,1.1016999999999992,46.7346,89.53105,16.74500000000006,1.4289750000000003,3.5430875000000004,1.737075,46.057700000000004,-0.11385292546989689,0.578384610282438
120.9,24.25,255.4906,SSP5-8.5,2041-2060,17.247300000000024,91.19409999999999,35.67260000000033,1.3070000000000022,1.9292999999999978,1.9397000000000002,48.221199999999996,88.2121,25.738512500000013,1.4175375000000003,2.3015,1.3084,45.840375,-0.11385292546989689,0.6415803906522295
120.9,24.3,263.9308,SSP5-8.5,2041-2060,13.942700000000002,91.97989999999999,14.726599999999962,1.6006,0.9862000000000037,1.108600000000001,49.6135,87.4534625,27.03343749999999,1.4051625000000003,1.6364125000000005,1.196125,46.585825,-0.11385292546989689,0.704776171022021
120.9,24.35,270.9366,SSP5-8.5,2041-2060,12.944000000000017,88.0235,26.417699999999968,1.5890999999999984,1.5707000000000022,1.1844999999999999,47.9404,87.6231875,22.92739999999995,1.4068375,2.514000000000001,0.9930875000000006,47.6966375,-0.11385292546989689,0.7679719513918124
120.9,24.4,263.7339,SSP5-8.5,2041-2060,11.007200000000012,88.493,-2.9122999999999593,1.3352000000000004,5.555200000000006,1.3931000000000004,48.7538,86.4334375,37.62364999999997,1.3975999999999997,3.6478375000000005,0.8982625000000004,47.2250125,-0.11385292546989689,0.8311677317615993
120.9,24.45,234.5316,SSP5-8.5,2041-2060,19.277199999999993,87.74090000000001,53.307000000000244,1.469899999999999,6.25,0.7741000000000007,49.1654,85.54102499999999,21.01649999999995,1.2879375,4.863575,0.8362125000000005,46.811775,-0.11385292546989689,0.8943635121313908
120.9,24.5,247.5951,SSP5-8.5,2041-2060,11.439099999999996,86.40299999999999,11.460199999999986,1.3295999999999992,5.5223999999999975,0.6258999999999997,49.7538,84.9732625,18.593049999999977,1.1778125000000004,4.7633624999999995,0.3109875000000001,47.3177875,-0.11385292546989689,0.9575592925011822
120.9,24.55,236.4759,SSP5-8.5,2041-2060,-3.665300000000002,85.3814,-16.225600000000213,0.9451999999999998,6.113799999999998,-0.5155000000000012,49.0154,83.6156375,1.3766750000000343,1.13015,4.3056125,0.08274999999999988,47.6944625,-0.11385292546989689,1.0207550728709736
120.9,24.6,207.7669,SSP5-8.5,2041-2060,-5.165099999999995,82.40790000000001,-15.879799999999932,1.030899999999999,3.950000000000003,-0.14830000000000076,47.7192,82.82345000000001,8.326925000000045,1.121775,4.716612499999998,-0.2536750000000003,48.0336625,-0.11385292546989689,1.0839508532407651
120.9,24.65,186.1524,SSP5-8.5,2041-2060,-2.3015000000000043,81.4225,9.809799999999996,1.1844000000000001,3.791399999999996,0.10169999999999924,47.4904,82.9198625,30.27542500000007,1.1228499999999992,4.898087500000001,-0.3304,47.8790875,-0.11385292546989689,1.147146633610552
120.9,24.7,162.078,SSP5-8.5,2041-2060,3.3202,83.81710000000001,43.94530000000009,1.151299999999999,5.482800000000005,-1.069,46.751900000000006,84.01225000000001,43.596550000000036,1.0232750000000002,2.7377249999999993,-0.30798749999999986,48.798087499999994,-0.11385292546989689,1.2103424139803434
120.9,24.75,129.2189,SSP5-8.5,2041-2060,8.65700000000001,87.34980000000002,35.57629999999995,0.39840000000000053,2.6569000000000003,-0.4897,51.2269,85.00727499999999,48.95931249999998,0.9356749999999998,2.392475000000002,-0.4023874999999998,49.439662500000004,-0.11385292546989689,1.273538194350135
120.9,24.8,125.7672,SSP5-8.5,2041-2060,8.300999999999988,85.24099999999999,42.76310000000012,0.6793999999999976,4.5276,-0.38619999999999965,50.2558,85.057275,40.47279999999998,0.8145125000000004,2.171137500000003,-0.46877499999999994,49.8413375,-0.11385292546989689,1.3367339747199263
120.9,24.85,123.3388,SSP5-8.5,2041-2060,10.556200000000004,85.2308,50.82199999999989,0.8294999999999995,3.0897000000000006,-0.8465999999999996,51.3808,83.84526249999999,38.9324,0.7309625000000002,4.377800000000002,-0.34504999999999997,49.526675,-0.11385292546989689,1.3999297550897176
120.95,22.45,244.9499,SSP5-8.5,2041-2060,-9.541500000000013,91.18199999999999,-4.511199999999917,1.1035000000000004,13.370699999999996,3.141400000000001,43.175,84.723575,46.780225000000115,1.5116375000000004,14.4715625,3.3000000000000003,41.52645,-0.008159085388675564,-1.6334677026602307
120.95,22.5,240.3232,SSP5-8.5,2041-2060,-5.808200000000028,83.18209999999999,2.9450999999999112,1.318999999999999,13.912099999999999,3.246600000000001,40.553799999999995,83.341025,34.27998750000009,1.4856250000000002,14.2056125,3.0773625000000004,39.9940125,-0.008159085388675564,-1.570271922290439
120.95,22.55,251.542,SSP5-8.5,2041-2060,-12.220799999999997,84.575,14.483000000000175,1.141300000000001,13.555200000000003,2.6999999999999993,41.5385,83.8726125,-0.9156874999998763,1.2940625000000003,12.60885,3.0084125000000004,39.899525,-0.008159085388675564,-1.5070761419206478
120.95,22.6,286.5512,SSP5-8.5,2041-2060,-19.98169999999999,85.82159999999999,-29.578099999999722,0.9004000000000012,11.227600000000002,3.4810000000000008,41.4981,84.23817499999998,-7.485062499999884,1.2443250000000008,11.7735,2.7931125,39.850012500000005,-0.008159085388675564,-1.4438803615508562
120.95,22.65,375.6943,SSP5-8.5,2041-2060,-28.70119999999997,81.904,-115.92429999999968,0.8734000000000002,8.162099999999999,3.5328,37.5077,82.84334999999999,-19.255649999999918,1.2062250000000008,10.400000000000002,2.965725,39.4096125,-0.008159085388675564,-1.3806845811810693
120.95,22.7,384.2909,SSP5-8.5,2041-2060,-26.405400000000043,81.24680000000001,-77.97760000000017,0.9472999999999985,6.884500000000003,3.3689999999999998,36.8865,79.22385,-25.898099999999914,1.2485000000000008,10.0213375,2.9536625,37.644225,-0.008159085388675564,-1.317488800811278
120.95,22.75,337.9073,SSP5-8.5,2041-2060,-24.544500000000028,81.5705,-39.82639999999992,1.3183000000000007,8.7207,2.865499999999999,39.055800000000005,73.38152500000001,-12.317450000000008,1.3936500000000005,10.1291,2.84785,33.9894125,-0.008159085388675564,-1.2542930204414864
120.95,22.8,285.5942,SSP5-8.5,2041-2060,-15.974400000000003,61.654700000000005,-7.538700000000063,1.8435000000000024,9.6948,2.4983000000000004,25.9404,75.68552500000001,2.0933499999999867,1.7212750000000003,10.773724999999999,2.5237124999999994,34.9918125,-0.008159085388675564,-1.191097240071695
120.95,22.85,255.1593,SSP5-8.5,2041-2060,-6.486400000000003,84.3312,11.95880000000011,2.1301999999999985,11.336199999999998,2.246600000000001,38.701899999999995,71.473525,33.02004999999994,2.143637500000001,10.758200000000002,2.401725,32.082924999999996,-0.008159085388675564,-1.1279014597019037
120.95,22.9,236.5576,SSP5-8.5,2041-2060,5.323399999999992,77.54570000000001,73.9647,2.6290000000000013,11.108600000000003,2.2293000000000003,35.5981,68.43090000000001,96.52626249999994,2.6041125000000003,9.831475000000001,2.3084125,29.4432625,-0.008159085388675564,-1.0647056793321166
120.95,22.95,234.3535,SSP5-8.5,2041-2060,29.471000000000004,50.098299999999995,200.12310000000002,3.297699999999999,8.4966,1.9809999999999999,16.85,60.819775,156.80919999999995,2.887762500000001,9.4262875,2.3282500000000006,24.936787499999998,-0.008159085388675564,-1.0015098989623252
120.95,23.0,232.8915,SSP5-8.5,2041-2060,43.06790000000001,41.4293,256.3771999999999,3.482800000000001,11.0517,2.3328000000000007,14.4462,51.41737499999999,184.63785000000004,2.8602500000000006,8.7375125,2.1036750000000004,18.743750000000002,-0.008159085388675564,-0.9383141185925338
120.95,23.05,232.9709,SSP5-8.5,2041-2060,32.578400000000016,43.5896,204.35240000000022,2.784600000000001,9.256899999999995,1.9638000000000009,14.325000000000001,51.375575,172.59332500000002,2.62005,8.373937499999998,2.0349250000000003,18.8476,-0.008159085388675564,-0.8751183382227424
120.95,23.1,247.647,SSP5-8.5,2041-2060,27.754400000000032,58.6098,167.3904,2.326699999999999,6.475899999999996,2.3345000000000002,21.5423,57.4705125,136.08436250000008,2.1844375,7.351962499999997,1.9163750000000002,22.787737500000002,-0.008159085388675564,-0.811922557852951
120.95,23.15,269.5686,SSP5-8.5,2041-2060,19.1318,70.2156,127.1271999999999,1.9372000000000007,5.339700000000001,1.6913999999999998,31.082700000000003,68.5919625,104.8956375000001,1.9289749999999994,6.0799749999999975,2.0700374999999998,28.8637,-0.008159085388675564,-0.748726777483164
120.95,23.2,300.2097,SSP5-8.5,2041-2060,6.238099999999974,80.075,93.64640000000009,1.7104999999999997,5.4465999999999966,2.4276,35.1058,76.05971249999999,65.96322500000014,1.680875,5.84915,2.0441749999999996,34.61345,-0.008159085388675564,-0.6855309971133726
120.95,23.25,344.9796,SSP5-8.5,2041-2060,-1.6274000000000228,82.2047,74.1531,1.660899999999998,6.3552,1.5085999999999995,39.675,79.532675,41.94251250000008,1.5064749999999996,5.324774999999999,2.2482749999999996,36.8305125,-0.008159085388675564,-0.6223352167435812
120.95,23.3,332.6699,SSP5-8.5,2041-2060,-0.9026999999999816,85.7551,75.23289999999997,1.5390999999999977,3.422399999999996,2.1103000000000005,39.928799999999995,78.1076375,24.307612500000033,1.311374999999999,5.7894375,2.00215,37.276425,-0.008159085388675564,-0.5591394363737897
120.95,23.35,294.6614,SSP5-8.5,2041-2060,-2.837600000000009,79.2825,43.10789999999997,1.1587999999999994,4.762099999999997,2.2017000000000007,37.709599999999995,77.105925,32.581975,1.244862499999999,5.492449999999999,1.7969749999999998,36.723774999999996,-0.008159085388675564,-0.4959436560039983
120.95,23.4,277.6213,SSP5-8.5,2041-2060,2.149599999999964,78.8423,35.08590000000004,0.9609999999999985,5.449999999999996,2.4551999999999996,37.701899999999995,73.5356875,37.95767500000005,1.205099999999999,4.921987499999999,1.6221875000000001,35.481,-0.008159085388675564,-0.43274787563421135
120.95,23.45,284.7185,SSP5-8.5,2041-2060,10.888599999999997,60.2461,58.27320000000009,1.0947999999999993,2.6240999999999985,2.0172000000000008,32.0019,77.3623125,38.06682500000002,1.1210249999999995,4.196549999999999,1.673725,37.1615375,-0.008159085388675564,-0.3695520952644199
120.95,23.5,293.0801,SSP5-8.5,2041-2060,16.254999999999995,78.40449999999998,72.88410000000022,1.0046,1.4879000000000033,1.9827999999999992,39.7615,80.81122500000001,26.65103750000003,1.0017749999999994,4.087924999999999,1.9375125000000002,39.509862500000004,-0.008159085388675564,-0.3063563148946285
120.95,23.55,264.764,SSP5-8.5,2041-2060,9.924199999999985,93.9359,20.001200000000154,0.8369999999999997,4.417200000000001,2.6723999999999997,45.5558,85.955825,15.260287500000032,0.9361125000000001,4.635125,1.9174749999999996,42.6798,-0.008159085388675564,-0.24316053452483705
120.95,23.6,284.1808,SSP5-8.5,2041-2060,0.3835000000000264,74.93270000000001,-6.7172999999997955,1.0150000000000006,5.6655000000000015,1.8585999999999991,36.411500000000004,94.377925,9.289112500000016,0.948925,5.11185,2.2297499999999997,47.349999999999994,-0.008159085388675564,-0.17996475415504562
120.95,23.65,282.0884,SSP5-8.5,2041-2060,-8.758199999999988,85.35069999999999,6.139900000000125,1.1229000000000013,3.8637999999999977,1.8552,41.553799999999995,93.565275,11.135387500000007,1.0946125000000002,5.281899999999999,2.0183124999999995,47.8274125,-0.008159085388675564,-0.11676897378525869
120.95,23.7,267.0414,SSP5-8.5,2041-2060,-7.389700000000005,80.0391,24.81780000000026,1.3884000000000007,4.018999999999998,1.7309999999999999,39.615399999999994,97.391225,2.263487499999968,1.0808625000000003,5.481899999999998,2.0517250000000002,50.6805375,-0.008159085388675564,-0.053573193415467256
120.95,23.75,234.9577,SSP5-8.5,2041-2060,-2.4292999999999836,98.16220000000001,-11.456500000000005,1.093799999999998,5.846599999999995,1.7552000000000003,51.8923,96.6024625,-13.92149999999998,1.0018875000000005,6.1873,1.9663625000000002,50.2855875,-0.008159085388675564,0.009622586954324176
120.95,23.8,217.9916,SSP5-8.5,2041-2060,9.297200000000004,102.94469999999998,-46.26279999999997,0.7332000000000001,6.662100000000002,2.260300000000001,53.4288,97.0644625,-53.27758750000001,0.7678874999999996,6.596774999999999,1.8711249999999997,50.4098625,-0.008159085388675564,0.0728183673241156
120.95,23.85,229.2761,SSP5-8.5,2041-2060,20.276299999999992,102.78819999999999,-91.10670000000027,0.5561000000000007,7.308599999999998,0.9896999999999991,54.099999999999994,93.82623749999999,-56.08568749999992,0.7308374999999994,6.318100000000001,1.74785,47.7834,-0.008159085388675564,0.13601414769390704
120.95,23.9,196.9245,SSP5-8.5,2041-2060,27.47980000000001,88.86179999999999,-47.11499999999978,0.7729999999999997,6.0172000000000025,1.5,44.0865,92.8775625,-45.17564999999999,0.8060624999999999,5.884475,1.3905249999999996,47.609125,-0.008159085388675564,0.19920992806369398
120.95,23.95,185.3342,SSP5-8.5,2041-2060,27.955099999999987,93.01369999999999,6.120100000000093,1.0726000000000013,6.055200000000006,1.2378999999999998,47.4327,91.4965125,-1.5176749999999686,0.9903,5.6814374999999995,1.3118625000000002,47.37835,-0.008159085388675564,0.26240570843348543
120.95,24.0,189.1248,SSP5-8.5,2041-2060,21.970799999999997,93.0882,46.49129999999991,0.9439999999999991,4.967199999999998,1.6930999999999994,50.4923,92.95895000000002,22.387399999999985,1.1124625,5.5101249999999995,1.2269375,48.381975,-0.008159085388675564,0.32560148880327683
120.95,24.05,208.9561,SSP5-8.5,2041-2060,31.225899999999996,93.0164,33.616599999999835,1.0346999999999973,4.049999999999997,1.312100000000001,49.15,93.352125,44.92284999999998,1.3315125,5.4969624999999995,1.2226249999999996,49.1367875,-0.008159085388675564,0.3887972691730683
120.95,24.1,221.9666,SSP5-8.5,2041-2060,41.98800000000003,91.53449999999998,40.66600000000017,1.5949000000000026,5.080999999999996,0.7948000000000004,47.4904,91.2390125,46.14926249999996,1.4734624999999997,5.4090375,1.3043124999999995,46.8586625,-0.008159085388675564,0.4519930495428597
120.95,24.15,244.2324,SSP5-8.5,2041-2060,38.50089999999997,87.1947,34.83989999999994,1.5639000000000003,4.367200000000004,1.6792999999999996,43.8712,88.79065,55.043875000000014,1.5830500000000005,5.262924999999998,1.2508499999999996,44.3459125,-0.008159085388675564,0.5151888299126467
120.95,24.2,259.8112,SSP5-8.5,2041-2060,34.90629999999999,84.50300000000001,28.545900000000074,1.5197000000000003,3.6569000000000003,1.0740999999999996,39.0519,84.0703125,47.10747500000008,1.5424000000000002,4.892887499999998,1.3872874999999998,40.676212500000005,-0.008159085388675564,0.578384610282438
120.95,24.25,269.7017,SSP5-8.5,2041-2060,35.05129999999997,77.66,20.123000000000047,1.7123999999999988,3.3706999999999994,1.2120999999999995,34.0827,83.52475,31.574100000000044,1.4309500000000002,3.9262999999999986,1.2170125,40.8223625,-0.008159085388675564,0.6415803906522295
120.95,24.3,302.1375,SSP5-8.5,2041-2060,20.493600000000015,85.2931,-12.054000000000087,1.3808000000000007,2.417200000000001,1.029300000000001,43.6269,81.4100875,21.010687500000017,1.4194125,2.9586249999999996,1.0907375000000004,39.75795,-0.008159085388675564,0.704776171022021
120.95,24.35,321.8954,SSP5-8.5,2041-2060,1.3756999999999948,83.5919,31.58109999999988,1.162700000000001,0.9378999999999991,1.101700000000001,43.9173,82.4163125,2.0155999999998926,1.2606624999999996,3.5342625000000023,1.0045250000000008,41.6098625,-0.008159085388675564,0.7679719513918124
120.95,24.4,287.059,SSP5-8.5,2041-2060,9.738900000000001,80.75710000000001,-8.921900000000278,1.1713999999999984,5.667200000000001,0.9034000000000013,41.0212,81.81762499999999,16.12534999999997,1.1231750000000003,3.5769375000000005,1.0008625000000007,42.0286125,-0.008159085388675564,0.8311677317615993
120.95,24.45,301.5276,SSP5-8.5,2041-2060,15.089699999999993,82.82050000000001,10.365699999999833,1.0972000000000008,5.305199999999999,1.0137999999999998,43.0154,80.346375,-2.0252249999999776,1.07245,5.0905125,0.8379250000000007,41.8430375,-0.008159085388675564,0.8943635121313908
120.95,24.5,291.8077,SSP5-8.5,2041-2060,14.852300000000014,80.1541,-23.808100000000195,1.0412999999999997,4.082799999999999,0.6552000000000007,43.1212,81.1091,-14.697124999999971,1.0753875000000006,5.318737499999998,0.3984875000000001,43.123075,-0.008159085388675564,0.9575592925011822
120.95,24.55,261.5396,SSP5-8.5,2041-2060,-6.176500000000004,85.27350000000001,-41.36439999999993,1.1402,2.4671999999999983,-0.36209999999999987,47.7615,81.1135375,-31.69372500000003,1.0141624999999999,5.5676749999999995,0.1482749999999997,44.732687500000004,-0.008159085388675564,1.0207550728709736
120.95,24.6,233.6375,SSP5-8.5,2041-2060,-8.544699999999978,81.4066,-37.72689999999989,1.036999999999999,3.848300000000002,0.08789999999999942,48.0904,82.619025,-12.69515000000004,1.0408375000000003,5.179524999999999,-0.14246250000000038,47.055275,-0.008159085388675564,1.0839508532407651
120.95,24.65,207.5133,SSP5-8.5,2041-2060,-2.585899999999981,81.08349999999999,38.727800000000116,1.1397000000000013,5.270699999999998,-0.42239999999999966,47.463499999999996,83.4056,15.720912500000026,1.0508124999999997,4.7998,-0.2804125000000003,48.216575000000006,-0.008159085388675564,1.147146633610552
120.95,24.7,171.6327,SSP5-8.5,2041-2060,4.906100000000009,86.7475,70.38490000000002,1.0265999999999984,3.8051999999999992,-0.4482999999999997,50.2442,84.05315000000002,35.59367500000002,1.0201375000000008,2.5107875,-0.3929125,48.921875,-0.008159085388675564,1.2103424139803434
120.95,24.75,131.9503,SSP5-8.5,2041-2060,12.873099999999994,86.1225,31.884500000000116,0.9003000000000014,-10.548299999999998,-0.1620999999999997,50.0981,85.41905,46.15945000000002,0.8740875000000001,4.087512500000002,-0.5226499999999998,49.6711375,-0.008159085388675564,1.273538194350135
120.95,24.8,131.9864,SSP5-8.5,2041-2060,10.488699999999994,85.0743,46.12709999999993,0.6391000000000027,4.608600000000003,-0.23099999999999987,49.7538,84.99063749999999,37.48781249999999,0.7699125,2.0978625000000024,-0.373725,50.2098625,-0.008159085388675564,1.3367339747199263
120.95,24.85,128.2105,SSP5-8.5,2041-2060,9.538200000000018,82.6874,33.41529999999989,0.6190999999999995,5.648300000000006,-0.2707000000000006,49.805800000000005,83.51252499999998,39.99665000000002,0.8262499999999999,4.218962500000002,-0.4545374999999998,49.4151375,-0.008159085388675564,1.3999297550897176
120.95,24.9,128.708,SSP5-8.5,2041-2060,11.897300000000001,81.7786,64.17360000000008,1.1831999999999994,2.044800000000002,-0.4551999999999996,48.592299999999994,82.04532499999999,36.95734999999996,0.8684250000000002,5.690300000000001,-0.4008625,48.7447125,-0.008159085388675564,1.4631255354595045
121.0,22.55,233.2394,SSP5-8.5,2041-2060,-12.737499999999983,88.88719999999998,27.15409999999997,1.322300000000002,13.979299999999999,2.3638000000000012,41.346199999999996,83.69166249999999,17.39573750000011,1.3244000000000002,12.948287500000001,2.9672375,40.346875,0.09753475469254576,-1.5070761419206478
121.0,22.6,228.2414,SSP5-8.5,2041-2060,-12.26939999999999,88.9203,30.746200000000044,1.3971000000000018,12.586200000000002,2.3602999999999996,41.6731,85.60453749999999,0.3880125000001442,1.2357000000000005,11.64935,2.8678875,40.9404,0.09753475469254576,-1.4438803615508562
121.0,22.65,255.3947,SSP5-8.5,2041-2060,-9.489000000000004,84.7686,43.238200000000006,1.2971000000000004,11.3017,2.8672000000000004,40.8942,85.4281125,-20.182812499999898,1.2455750000000005,10.51185,2.8381499999999997,40.0098625,0.09753475469254576,-1.3806845811810693
121.0,22.7,283.8308,SSP5-8.5,2041-2060,-14.579499999999996,86.4436,61.914800000000014,1.4482999999999997,11.744799999999998,3.2431,42.1462,85.271825,-4.121149999999915,1.3251375000000003,10.1866375,2.7334124999999996,39.9182625,0.09753475469254576,-1.317488800811278
121.0,22.75,295.801,SSP5-8.5,2041-2060,-17.953499999999963,89.12200000000001,64.6286,1.6286000000000023,11.246599999999997,3.0483000000000002,42.794200000000004,82.46278749999999,14.108925000000028,1.5913375000000003,10.00065,2.7513,38.428375,0.09753475469254576,-1.2542930204414864
121.0,22.8,290.8779,SSP5-8.5,2041-2060,-16.100300000000004,85.95230000000001,27.320600000000013,2.174699999999998,9.732799999999997,2.9259000000000004,41.201899999999995,83.407225,33.67032499999999,2.0051125000000005,10.510349999999999,2.5556,39.0252375,0.09753475469254576,-1.191097240071695
121.0,22.85,280.0154,SSP5-8.5,2041-2060,-6.059700000000021,85.8567,32.92229999999972,2.9389000000000003,10.069000000000003,2.1533999999999995,40.3788,82.1595125,71.6290625,2.5227500000000003,10.262925,2.5735,38.364662499999994,0.09753475469254576,-1.1279014597019037
121.0,22.9,269.019,SSP5-8.5,2041-2060,20.934399999999982,80.8598,139.82929999999988,3.6015000000000015,8.301700000000004,2.568999999999999,38.1038,74.648125,133.64239999999995,3.007075,9.531250000000002,2.4506375,32.910575,0.09753475469254576,-1.0647056793321166
121.0,22.95,260.8454,SSP5-8.5,2041-2060,55.800700000000006,52.089999999999996,280.68899999999985,4.206900000000001,5.886200000000002,2.9328000000000003,17.9981,68.2168375,192.59491249999996,3.3088625000000005,9.099350000000001,2.3573375,29.38895,0.09753475469254576,-1.0015098989623252
121.0,23.0,243.1891,SSP5-8.5,2041-2060,50.2688,51.5299,280.83619999999996,3.9800000000000004,6.275900000000004,2.2552000000000003,18.534600000000005,56.377399999999994,222.89411249999998,3.2445625000000002,8.6635875,2.228675,21.735825,0.09753475469254576,-0.9383141185925338
121.0,23.05,229.3887,SSP5-8.5,2041-2060,36.89110000000002,50.563900000000004,229.66640000000007,3.0698000000000008,8.9466,1.8397000000000006,18.4923,59.5437375,206.860625,2.9323875,7.878024999999997,2.1946250000000003,23.390150000000002,0.09753475469254576,-0.8751183382227424
121.0,23.1,224.4784,SSP5-8.5,2041-2060,33.0155,62.88719999999999,187.32169999999996,2.527899999999999,5.636199999999995,2.391400000000001,24.4404,63.093512499999996,169.086825,2.4179625000000002,7.5502499999999975,2.2112125000000002,25.297587500000002,0.09753475469254576,-0.811922557852951
121.0,23.15,227.905,SSP5-8.5,2041-2060,25.942000000000007,67.9374,158.10649999999987,2.1400000000000006,6.125899999999994,2.7879000000000005,27.4615,72.6169125,141.11118750000003,2.1636374999999997,6.698937499999999,2.3823374999999998,30.77525,0.09753475469254576,-0.748726777483164
121.0,23.2,240.4428,SSP5-8.5,2041-2060,21.01309999999998,75.6073,161.42550000000028,2.4651999999999994,6.660300000000003,2.608599999999999,32.4923,77.5425875,107.02261250000001,1.9850499999999998,7.035587499999998,2.3844874999999996,34.8786,0.09753475469254576,-0.6855309971133726
121.0,23.25,273.4078,SSP5-8.5,2041-2060,6.8747000000000185,81.4308,92.89160000000038,2.299299999999999,5.4224,2.6068999999999996,38.6365,76.488975,89.01282499999999,1.8962374999999994,7.0847,2.3646499999999997,35.2519125,0.09753475469254576,-0.6223352167435812
121.0,23.3,255.5978,SSP5-8.5,2041-2060,-8.005300000000005,68.34039999999999,56.48799999999983,1.6344999999999992,5.917200000000001,2.1723999999999997,32.8019,75.890075,65.75063750000001,1.7006749999999995,6.920049999999999,2.1711,36.0672875,0.09753475469254576,-0.5591394363737897
121.0,23.35,232.374,SSP5-8.5,2041-2060,-10.920299999999997,60.375,36.98890000000006,1.2167999999999992,7.351700000000001,1.4603000000000002,29.528799999999997,75.08905,58.061774999999955,1.3986374999999995,6.229524999999999,2.0624875000000005,35.4396625,0.09753475469254576,-0.4959436560039983
121.0,23.4,219.7043,SSP5-8.5,2041-2060,-6.269799999999975,69.6951,45.119500000000016,1.000700000000002,5.784500000000001,1.1671999999999993,33.3231,70.53705000000001,61.15767500000001,1.188849999999999,5.122187499999999,1.8683000000000003,33.746875,0.09753475469254576,-0.43274787563421135
121.0,23.45,223.7154,SSP5-8.5,2041-2060,4.967500000000001,65.7167,80.14159999999993,1.0467999999999975,2.6137999999999977,1.6431000000000004,30.9404,71.084225,67.80323750000002,1.0490999999999997,3.8633499999999996,1.8426749999999998,34.6560125,0.09753475469254576,-0.3695520952644199
121.0,23.5,235.9735,SSP5-8.5,2041-2060,10.38239999999999,73.03800000000001,81.70609999999988,0.9527000000000001,2.086199999999998,1.8620999999999999,34.432700000000004,73.00003749999999,63.66213750000006,0.9843249999999997,3.0851124999999993,2.1004375,35.789424999999994,0.09753475469254576,-0.3063563148946285
121.0,23.55,239.3606,SSP5-8.5,2041-2060,9.022599999999983,84.0294,46.12570000000005,0.8550000000000004,4.070699999999995,2.5397,39.6077,78.1885,46.42180000000005,0.9727000000000001,3.9140000000000015,1.9857874999999998,38.3278875,0.09753475469254576,-0.24316053452483705
121.0,23.6,244.608,SSP5-8.5,2041-2060,4.267099999999999,92.76259999999999,13.99389999999994,1.0342999999999982,5.991400000000006,1.6689999999999987,47.557700000000004,83.694425,26.663762500000075,0.9941375000000003,4.4590499999999995,2.0138,40.50745,0.09753475469254576,-0.17996475415504562
121.0,23.65,252.8218,SSP5-8.5,2041-2060,-7.113799999999998,97.5057,5.234299999999848,1.0825999999999993,3.922399999999996,1.687899999999999,49.5308,86.21209999999999,18.714550000000088,1.10865,5.112725000000001,1.6064749999999999,43.2151375,0.09753475469254576,-0.11676897378525869
121.0,23.7,255.6359,SSP5-8.5,2041-2060,-11.131299999999982,100.8128,4.925099999999929,1.1633999999999993,5.4345,1.1638000000000002,52.180800000000005,91.50325,11.70677500000005,1.0899874999999999,5.175224999999998,1.647425,47.1802875,0.09753475469254576,-0.053573193415467256
121.0,23.75,236.0405,SSP5-8.5,2041-2060,-5.404200000000003,93.91449999999999,-9.63000000000011,0.9948000000000015,7.6569,1.5947999999999993,50.6058,95.96074999999999,-13.255949999999928,0.9791374999999998,6.431262499999999,1.5745750000000003,50.2735625,0.09753475469254576,0.009622586954324176
121.0,23.8,228.8837,SSP5-8.5,2041-2060,1.5810999999999922,99.5077,-88.65719999999988,0.638300000000001,9.619,1.9793000000000003,52.657700000000006,96.4932,-51.97806249999999,0.7697750000000001,6.791599999999999,1.5269375,50.6860625,0.09753475469254576,0.0728183673241156
121.0,23.85,254.3969,SSP5-8.5,2041-2060,16.202900000000028,91.8349,-168.44869999999992,0.35989999999999966,5.9361999999999995,1.9309999999999992,46.8365,93.93623749999999,-66.71554999999995,0.721975,7.8980625,1.4612125,48.5432625,0.09753475469254576,0.13601414769390704
121.0,23.9,211.885,SSP5-8.5,2041-2060,21.76310000000001,88.95729999999999,-127.86200000000008,0.6083999999999996,9.667200000000001,0.9896999999999991,45.4288,90.5635375,-53.14057499999993,0.8481000000000001,7.278025,1.4685249999999999,46.3146625,0.09753475469254576,0.19920992806369398
121.0,23.95,184.7052,SSP5-8.5,2041-2060,31.65130000000002,94.2688,-40.29880000000003,0.9979000000000013,8.920699999999997,1.437899999999999,48.6673,88.00129999999999,-5.776774999999958,1.0976249999999994,7.362275000000001,1.5388,45.1699375,0.09753475469254576,0.26240570843348543
121.0,24.0,216.031,SSP5-8.5,2041-2060,41.564599999999984,94.0043,56.6875,1.4351999999999983,6.636200000000002,1.950000000000001,49.8519,88.56259999999999,32.29621249999994,1.2959999999999994,6.966375,1.4961249999999997,45.0980875,0.09753475469254576,0.32560148880327683
121.0,24.05,236.8337,SSP5-8.5,2041-2060,52.75289999999998,91.19869999999999,88.26639999999998,1.6721000000000004,5.922400000000003,1.655199999999999,46.7462,89.301975,66.97839999999994,1.5231999999999992,6.3708874999999985,1.4420374999999999,45.221149999999994,0.09753475469254576,0.3887972691730683
121.0,24.1,256.4605,SSP5-8.5,2041-2060,48.28559999999999,93.01919999999998,134.74440000000004,2.0002999999999993,4.553399999999996,1.299999999999999,47.1481,84.6255875,75.0729,1.6900249999999999,6.763787499999999,1.23945,40.719725,0.09753475469254576,0.4519930495428597
121.0,24.15,278.4557,SSP5-8.5,2041-2060,35.52110000000005,80.36760000000001,103.88230000000021,2.011700000000001,7.913799999999995,1.0759000000000007,35.2288,83.45715,80.10831250000001,1.7554375000000002,6.168524999999999,1.2594749999999997,39.3892,0.09753475469254576,0.5151888299126467
121.0,24.2,281.4165,SSP5-8.5,2041-2060,32.524,82.8733,66.45849999999973,1.3597000000000001,6.227599999999995,1.7792999999999992,37.3558,77.321375,73.89242500000012,1.81235,6.233187499999999,1.0995625,34.309625,0.09753475469254576,0.578384610282438
121.0,24.25,322.664,SSP5-8.5,2041-2060,34.50080000000003,70.9034,47.0930000000003,1.6159999999999997,7.062099999999994,0.5602999999999998,30.0,77.279525,43.722249999999974,1.6145249999999995,5.0894375,1.2519375000000001,34.682937499999994,0.09753475469254576,0.6415803906522295
121.0,24.3,337.0487,SSP5-8.5,2041-2060,23.310000000000002,73.0207,-6.597600000000057,1.2948999999999984,5.819000000000003,1.1431000000000004,31.974999999999998,75.2402375,23.460312499999986,1.5199500000000001,3.8170124999999997,0.8881500000000004,33.8591375,0.09753475469254576,0.704776171022021
121.0,24.35,312.3891,SSP5-8.5,2041-2060,7.0351,74.9072,-0.9309000000002925,1.0726000000000013,1.9930999999999983,0.4759000000000011,32.313500000000005,76.0984625,0.7588374999999132,1.2751124999999996,3.710975000000002,0.9273750000000007,35.886775,0.09753475469254576,0.7679719513918124
121.0,24.4,298.9119,SSP5-8.5,2041-2060,3.59069999999997,76.856,6.397199999999884,0.6406999999999989,4.265500000000003,0.7983000000000011,37.634600000000006,76.1378125,10.614437499999894,1.1222500000000002,3.368737500000001,0.9489250000000007,35.8762125,0.09753475469254576,0.8311677317615993
121.0,24.45,317.0633,SSP5-8.5,2041-2060,8.183599999999956,72.10799999999999,4.777300000000196,0.6180000000000021,2.7378999999999962,1.2655000000000012,33.4885,75.090975,-3.2342000000001008,1.0303124999999995,4.6834125,0.7991375000000005,36.1067375,0.09753475469254576,0.8943635121313908
121.0,24.5,319.3667,SSP5-8.5,2041-2060,7.663100000000043,70.25890000000001,-56.5011999999997,0.9735000000000014,6.643099999999997,0.2879000000000005,31.8058,76.174625,-25.3076875000001,1.0070625000000004,4.962062499999999,0.6913750000000003,37.958175,0.09753475469254576,0.9575592925011822
121.0,24.55,305.1535,SSP5-8.5,2041-2060,2.714999999999975,78.88659999999999,-83.39600000000019,1.0295000000000023,7.510300000000001,0.09830000000000005,40.9788,77.488425,-43.25064999999998,1.0020625,5.249137499999999,0.40903749999999994,40.5230875,0.09753475469254576,1.0207550728709736
121.0,24.6,252.4526,SSP5-8.5,2041-2060,3.901600000000002,84.0098,-31.472400000000107,0.7262999999999984,6.870699999999999,0.09479999999999933,47.3769,80.574225,-22.40841249999994,1.039212500000001,5.257524999999999,0.29547499999999993,44.794225,0.09753475469254576,1.0839508532407651
121.0,24.65,214.3513,SSP5-8.5,2041-2060,0.2574999999999932,82.487,38.23939999999993,1.1305000000000014,5.4620999999999995,0.013799999999999812,48.6365,82.5472125,15.67250000000007,0.9662875,4.908399999999999,0.02326249999999974,47.4646625,0.09753475469254576,1.147146633610552
121.0,24.7,179.7886,SSP5-8.5,2041-2060,5.99199999999999,84.9464,48.4670000000001,1.1195000000000022,5.187899999999999,-0.8758999999999997,49.4231,83.61562500000001,38.906375,1.0229500000000002,2.2377249999999993,-0.1694,48.892775,0.09753475469254576,1.2103424139803434
121.0,24.75,146.3956,SSP5-8.5,2041-2060,13.148200000000003,85.1964,38.09929999999986,1.1370000000000005,2.7828000000000017,-0.23970000000000002,50.284600000000005,84.7076375,41.21878750000002,0.9450750000000006,2.118962500000001,-0.43061249999999995,49.592537500000006,0.09753475469254576,1.273538194350135
121.0,24.8,140.3764,SSP5-8.5,2041-2060,15.088700000000017,84.97989999999999,43.91260000000011,0.8414000000000001,3.648300000000006,-0.4413999999999998,49.428799999999995,83.9556875,30.531187499999987,0.8833250000000006,2.047200000000002,-0.36336250000000003,49.6103375,0.09753475469254576,1.3367339747199263
121.0,24.85,133.1036,SSP5-8.5,2041-2060,13.690400000000011,83.1173,23.429399999999987,0.7542000000000009,4.9776000000000025,-0.15340000000000042,49.1981,82.3990625,37.28846250000004,0.9200375000000003,4.778212500000002,-0.35302500000000003,48.8600875,0.09753475469254576,1.3999297550897176
121.0,24.9,136.3656,SSP5-8.5,2041-2060,10.23769999999999,80.5338,22.06179999999995,0.7329000000000008,6.910299999999999,-0.33279999999999976,47.9519,79.95377500000001,47.958987500000006,1.0981375,5.812925,-0.22348749999999995,47.625,0.09753475469254576,1.4631255354595045
121.0,24.95,138.7093,SSP5-8.5,2041-2060,5.758999999999986,79.6995,47.004199999999855,1.0135000000000005,8.189699999999995,-0.6792999999999996,46.7,78.4115375,46.652375000000006,1.169575,6.1465250000000005,-0.16357499999999991,46.8524125,0.09753475469254576,1.526321315829296
121.0,25.0,142.3879,SSP5-8.5,2041-2060,2.805800000000005,76.73330000000001,26.689300000000003,1.0739000000000019,8.824100000000001,-0.7431000000000001,45.3712,76.7722,64.82017499999995,1.4173625000000003,6.357749999999999,-0.3178999999999996,46.074762500000006,0.09753475469254576,1.5895170961990874
121.05,22.65,227.0661,SSP5-8.5,2041-2060,-13.351300000000009,88.93409999999999,13.639100000000099,1.599499999999999,12.8534,1.8930999999999996,42.4173,86.32216249999999,13.862325000000112,1.3669875000000005,11.196762500000002,2.6790875,40.589675,0.2032285947737671,-1.3806845811810693
121.05,22.7,229.6971,SSP5-8.5,2041-2060,-14.915700000000015,87.5872,32.4838000000002,1.4309000000000012,10.822400000000002,2.036199999999999,39.7904,86.8271125,32.41845000000001,1.5300749999999996,11.043525,2.5674625000000004,41.166337500000004,0.2032285947737671,-1.317488800811278
121.05,22.75,241.0917,SSP5-8.5,2041-2060,-14.551600000000008,87.0414,46.76940000000013,1.5060000000000002,11.5017,2.2552000000000003,40.0,87.62085,58.08771250000004,1.8025125000000002,10.671125,2.55345,41.952650000000006,0.2032285947737671,-1.2542930204414864
121.05,22.8,266.0909,SSP5-8.5,2041-2060,-11.631399999999985,88.20580000000001,69.72550000000001,2.061700000000002,10.903500000000001,2.8172000000000006,42.4058,86.20846250000001,62.426874999999995,2.071325,10.27565,2.5,41.3519125,0.2032285947737671,-1.191097240071695
121.05,22.85,291.6802,SSP5-8.5,2041-2060,-8.727000000000032,89.4755,90.72309999999993,2.613699999999998,10.610299999999999,2.5603,42.925,84.0740375,82.9922125,2.5245125000000006,10.335137500000002,2.539875,40.26995,0.2032285947737671,-1.1279014597019037
121.05,22.9,281.962,SSP5-8.5,2041-2060,5.184500000000014,89.25109999999998,167.04920000000016,3.127700000000001,10.415500000000002,2.7413999999999987,42.0404,77.8158,125.5341499999999,2.8729375000000004,9.819612500000002,2.52155,35.5870125,0.2032285947737671,-1.0647056793321166
121.05,22.95,248.7601,SSP5-8.5,2041-2060,22.278400000000005,68.53649999999999,211.70899999999983,3.1125000000000007,8.327600000000004,2.7603,28.7923,76.643925,176.95059999999998,3.1092000000000004,9.3325375,2.5060624999999996,34.40145,0.2032285947737671,-1.0015098989623252
121.05,23.0,231.4066,SSP5-8.5,2041-2060,26.0531,86.4841,210.87059999999997,3.239699999999999,8.8172,1.9896999999999991,40.7462,65.2752625,199.31216249999997,2.9457500000000003,8.4623,2.4271625000000006,26.904562500000004,0.2032285947737671,-0.9383141185925338
121.05,23.05,226.0089,SSP5-8.5,2041-2060,23.0531,58.22749999999999,189.36519999999996,2.7624999999999993,8.525899999999996,2.029300000000001,22.2365,70.6788,182.30730000000003,2.6584000000000003,7.889875,2.2663875000000004,30.264425000000003,0.2032285947737671,-0.8751183382227424
121.05,23.1,222.386,SSP5-8.5,2041-2060,20.791200000000003,73.5925,158.37130000000002,2.3549000000000007,6.984499999999997,2.260299999999999,30.85,70.99025,152.5446,2.2834500000000006,7.846999999999999,2.3799625000000004,30.2519125,0.2032285947737671,-0.811922557852951
121.05,23.15,228.6602,SSP5-8.5,2041-2060,13.286299999999983,82.0118,118.3152,1.968,8.7466,2.782799999999999,36.3904,76.39677499999999,136.48748750000001,2.1554750000000005,7.25215,2.4862,33.08005,0.2032285947737671,-0.748726777483164
121.05,23.2,215.6993,SSP5-8.5,2041-2060,8.133399999999995,77.93610000000001,115.29179999999997,2.018699999999999,8.3017,2.562099999999999,34.2981,78.72735,112.20667500000005,2.16555,8.264012500000002,2.5956874999999995,35.16105,0.2032285947737671,-0.6855309971133726
121.05,23.25,211.5235,SSP5-8.5,2041-2060,4.4632000000000005,78.52929999999999,76.64909999999986,2.1458000000000013,10.546599999999998,2.708599999999999,36.3788,74.3268375,97.51986250000004,2.1390124999999998,8.352775000000001,2.5597,33.79375,0.2032285947737671,-0.6223352167435812
121.05,23.3,207.615,SSP5-8.5,2041-2060,1.053200000000004,63.4639,59.215799999999945,1.9952000000000005,10.0276,2.819000000000001,31.3346,75.4351375,82.39085,1.9672375000000002,8.0034375,2.3499874999999997,35.426675,0.2032285947737671,-0.5591394363737897
121.05,23.35,199.6455,SSP5-8.5,2041-2060,-3.2538999999999874,76.0793,67.7657999999999,1.589500000000001,7.4724,1.9534000000000002,35.346199999999996,73.62719999999999,80.33142499999997,1.6860375000000005,7.482112500000001,2.162275,34.95025,0.2032285947737671,-0.4959436560039983
121.05,23.4,191.6569,SSP5-8.5,2041-2060,-2.4599000000000046,79.25380000000001,82.47839999999997,1.310299999999998,7.0,1.6207000000000011,35.3712,73.9631625,85.8010875,1.4022000000000006,5.7053875000000005,1.847825,35.06395,0.2032285947737671,-0.43274787563421135
121.05,23.45,190.2957,SSP5-8.5,2041-2060,1.156499999999994,64.5007,85.41970000000015,1.1327999999999996,3.703400000000002,1.5947999999999993,31.375,73.41283750000001,90.24506249999993,1.1937625,4.532112499999999,1.8077625000000004,34.7430375,0.2032285947737671,-0.3695520952644199
121.05,23.5,195.1576,SSP5-8.5,2041-2060,4.489299999999986,64.6933,81.45899999999983,0.9359000000000002,2.770699999999998,2.0413999999999994,33.2808,71.6874875,85.1661,1.0704124999999998,3.536837499999999,1.9155375000000003,33.5762,0.2032285947737671,-0.3063563148946285
121.05,23.55,201.5322,SSP5-8.5,2041-2060,4.336100000000016,72.4737,64.99260000000004,0.9677000000000007,2.9930999999999983,2.312100000000001,33.7923,73.11102500000001,69.19369999999998,1.0260375000000002,4.171550000000001,1.8536875000000002,35.3480875,0.2032285947737671,-0.24316053452483705
121.05,23.6,207.0804,SSP5-8.5,2041-2060,3.8774999999999977,75.2673,43.054800000000114,1.0344000000000015,5.900000000000006,1.4879000000000016,35.8308,78.70002500000001,51.888300000000015,1.0511624999999998,4.6903125,1.883425,38.239675000000005,0.2032285947737671,-0.17996475415504562
121.05,23.65,216.5508,SSP5-8.5,2041-2060,-2.0563000000000216,86.06,34.47890000000007,1.038499999999999,4.839700000000001,1.6966,41.776900000000005,83.80293750000001,40.478925000000004,1.1111874999999998,5.361000000000001,1.5668125,42.269725,0.2032285947737671,-0.11676897378525869
121.05,23.7,233.9575,SSP5-8.5,2041-2060,-10.262799999999999,94.4716,29.023300000000063,1.0722999999999985,5.187899999999999,1.3896999999999995,50.7942,88.616525,33.69437500000001,1.0803749999999996,5.612724999999999,1.5310375,45.4156375,0.2032285947737671,-0.053573193415467256
121.05,23.75,243.289,SSP5-8.5,2041-2060,-9.90779999999998,96.5222,15.046500000000151,0.9266000000000005,6.0655,1.4690000000000012,51.6731,92.02789999999999,10.65386250000003,0.9835499999999997,6.776075,1.4129375,48.050725,0.2032285947737671,0.009622586954324176
121.05,23.8,226.6518,SSP5-8.5,2041-2060,-3.590900000000005,95.2257,-33.483799999999974,0.8170999999999999,8.615499999999997,0.8483,49.946200000000005,88.8776125,-23.26118749999992,0.8428249999999999,6.906675000000001,1.4262875000000002,46.0783625,0.2032285947737671,0.0728183673241156
121.05,23.85,227.46,SSP5-8.5,2041-2060,4.695599999999985,90.5532,-70.48249999999985,0.6767000000000003,6.241399999999999,1.3672000000000004,47.00580000000001,86.874075,-42.110887499999905,0.8588999999999998,8.2954625,1.2250125,44.041575,0.2032285947737671,0.13601414769390704
121.05,23.9,222.2441,SSP5-8.5,2041-2060,12.258399999999995,82.65129999999999,-28.754399999999805,0.972999999999999,9.0535,1.7552000000000003,41.6923,84.5251875,-31.84289999999993,1.0226124999999997,7.9829625,1.0683125,42.45745,0.2032285947737671,0.19920992806369398
121.05,23.95,236.7169,SSP5-8.5,2041-2060,34.474699999999984,80.53639999999999,14.96140000000014,1.3755999999999986,8.691400000000002,1.529300000000001,40.696200000000005,85.37178750000001,8.144400000000019,1.2855749999999997,8.33425,1.247425,43.2281125,0.2032285947737671,0.26240570843348543
121.05,24.0,249.6501,SSP5-8.5,2041-2060,41.82569999999998,82.8974,33.25689999999986,1.5991999999999997,7.810299999999998,1.655199999999999,41.6788,84.293325,50.71441249999998,1.5376624999999993,8.036637500000001,1.2637874999999998,41.8682875,0.2032285947737671,0.32560148880327683
121.05,24.05,247.8418,SSP5-8.5,2041-2060,47.462399999999974,80.4812,75.95579999999973,1.6718999999999973,9.3138,1.4482999999999997,35.9212,85.06662499999999,82.52966249999997,1.7587375,7.392874999999999,1.2573374999999998,41.8045625,0.2032285947737671,0.3887972691730683
121.05,24.1,264.8585,SSP5-8.5,2041-2060,49.712699999999984,86.37460000000002,114.40869999999995,1.9054000000000002,8.5552,1.3827999999999996,40.0365,79.3531375,97.64523750000001,1.9050625,7.900637499999998,0.8879374999999998,36.412025,0.2032285947737671,0.4519930495428597
121.05,24.15,276.5115,SSP5-8.5,2041-2060,38.22719999999998,66.837,108.94750000000022,2.0656,8.9069,0.5671999999999997,27.3135,78.30225,108.11399999999998,1.9176125000000002,7.549349999999997,1.0937625000000002,35.2769125,0.2032285947737671,0.5151888299126467
121.05,24.2,296.6736,SSP5-8.5,2041-2060,36.087699999999984,75.3209,112.25559999999996,2.033999999999999,8.0,1.4983000000000004,32.8462,72.5519125,111.2353500000001,1.9013499999999999,7.589224999999997,0.9691750000000001,30.84615,0.2032285947737671,0.578384610282438
121.05,24.25,308.0691,SSP5-8.5,2041-2060,37.61189999999999,75.7844,135.45220000000018,1.9755000000000003,6.587899999999998,1.1293000000000006,32.0827,70.8781875,76.10747500000002,1.7478249999999993,6.457124999999999,1.0778,30.4156375,0.2032285947737671,0.6415803906522295
121.05,24.3,333.5907,SSP5-8.5,2041-2060,40.75999999999999,63.7808,5.5943999999999505,1.6391999999999989,4.636200000000002,1.1500000000000004,26.4423,70.186025,46.14517500000005,1.6541375,4.9426749999999995,0.6728500000000002,29.774050000000003,0.2032285947737671,0.704776171022021
121.05,24.35,308.0292,SSP5-8.5,2041-2060,32.99419999999998,70.00110000000001,-39.17630000000008,1.6004000000000005,3.531000000000006,0.4466000000000001,28.407700000000002,69.6156125,12.569324999999992,1.3779124999999999,3.7743625000000005,0.7364375000000005,30.458175,0.2032285947737671,0.7679719513918124
121.05,24.4,289.6841,SSP5-8.5,2041-2060,18.860299999999995,75.487,29.247800000000097,1.3108000000000004,2.413800000000002,0.8466000000000005,34.0692,69.978425,8.684499999999957,1.1913874999999998,3.1422375000000002,0.8592750000000005,30.668750000000003,0.2032285947737671,0.8311677317615993
121.05,24.45,294.0646,SSP5-8.5,2041-2060,15.722700000000032,69.4297,57.972699999999804,0.944899999999997,4.363800000000005,1.5379000000000005,30.776899999999998,69.998575,-1.22596249999998,1.1593250000000004,4.296337499999999,0.8670375000000006,31.1454375,0.2032285947737671,0.8943635121313908
121.05,24.5,317.0719,SSP5-8.5,2041-2060,10.530499999999961,64.9645,-40.625800000000254,1.0626999999999995,4.725899999999996,0.34999999999999964,27.409599999999998,71.69252499999999,-18.041562500000055,1.1126500000000008,5.872399999999999,0.9778000000000004,33.3661125,0.2032285947737671,0.9575592925011822
121.05,24.55,334.6958,SSP5-8.5,2041-2060,18.428999999999974,75.7601,-86.38290000000006,1.1227000000000018,8.5034,0.9724000000000004,37.1135,73.8608375,-28.827750000000037,1.0433125000000008,6.629737499999999,0.814875,36.455775,0.2032285947737671,1.0207550728709736
121.05,24.6,295.7651,SSP5-8.5,2041-2060,9.500599999999963,78.0799,-28.123499999999694,0.9128000000000007,4.851700000000001,1.1861999999999995,41.5058,79.0855125,-11.357912500000054,0.9643875000000008,6.566149999999999,0.850225,42.633637500000006,0.2032285947737671,1.0839508532407651
121.05,24.65,221.7964,SSP5-8.5,2041-2060,7.21629999999999,81.6166,20.75920000000019,0.8013000000000012,4.146499999999996,0.7896999999999998,46.8038,80.7813375,22.705112500000013,0.9798250000000004,5.418525000000001,0.46313749999999976,45.9228375,0.2032285947737671,1.147146633610552
121.05,24.7,182.9404,SSP5-8.5,2041-2060,3.9524999999999864,82.48740000000001,44.36389999999983,0.9670999999999985,5.286200000000001,-0.2259000000000011,48.8096,81.9613,36.26192500000002,1.0486000000000009,4.229525,0.015087500000000253,47.9687375,0.2032285947737671,1.2103424139803434
121.05,24.75,161.2503,SSP5-8.5,2041-2060,10.327399999999983,83.1841,28.791999999999916,1.0810999999999993,1.6965999999999966,-0.6602999999999994,48.8019,82.4821375,32.11873750000001,1.018412500000001,4.482537500000002,-0.39485000000000026,48.7721125,0.2032285947737671,1.273538194350135
121.05,24.8,152.8326,SSP5-8.5,2041-2060,15.319299999999998,84.119,15.818300000000136,0.9855000000000018,3.2672000000000025,-0.40000000000000036,50.180800000000005,81.88533749999999,24.634724999999975,0.9982375000000001,4.287512500000001,-0.425875,48.319937499999995,0.2032285947737671,1.3367339747199263
121.05,24.85,141.2455,SSP5-8.5,2041-2060,12.63130000000001,82.1445,26.68360000000007,0.9502999999999986,3.9448000000000008,-0.7896999999999998,48.7596,80.4732875,29.46460000000002,1.0724875000000007,5.6318875,-0.20755000000000023,47.62667499999999,0.2032285947737671,1.3999297550897176
121.05,24.9,136.1488,SSP5-8.5,2041-2060,11.004000000000019,77.875,46.115400000000136,1.4087999999999994,8.153399999999998,0.09659999999999958,46.4077,78.94636249999999,40.64028749999997,1.1330375,6.051499999999999,-0.16487499999999977,46.973075,0.2032285947737671,1.4631255354595045
121.05,24.95,139.4281,SSP5-8.5,2041-2060,12.019800000000004,75.58670000000001,70.83249999999998,1.2104999999999997,7.1240999999999985,0.3000000000000007,46.0596,77.3388875,52.40348749999998,1.3100750000000003,6.674987499999999,-0.29008749999999983,46.1048125,0.2032285947737671,1.526321315829296
121.05,25.0,144.7718,SSP5-8.5,2041-2060,9.540899999999993,75.7133,71.81489999999985,1.4972999999999992,5.386200000000002,-0.23970000000000002,45.0577,76.56735,62.18617499999999,1.4489250000000005,6.942874999999999,-0.3271499999999997,45.920925,0.2032285947737671,1.5895170961990874
121.05,25.05,148.9552,SSP5-8.5,2041-2060,15.153999999999996,75.80579999999999,73.96939999999995,1.807100000000002,8.167200000000001,-0.5568999999999997,45.1077,76.2579125,71.62658749999997,1.4800625000000003,6.1293125,-0.3004374999999997,45.728862500000005,0.2032285947737671,1.652712876568879
121.1,22.7,209.7102,SSP5-8.5,2041-2060,-13.2834,88.09060000000001,41.2485999999999,2.082699999999999,12.227600000000002,1.6569000000000003,41.2077,88.0880375,57.28955000000008,1.6056,10.948675000000001,2.43405,42.258174999999994,0.30892243485498844,-1.317488800811278
121.1,22.75,218.2794,SSP5-8.5,2041-2060,-9.34650000000002,88.96979999999999,65.88650000000007,1.7310999999999979,10.587900000000005,2.2069,42.9846,88.74755,67.22993750000003,1.8188125000000008,10.418100000000003,2.3487125000000004,42.5365375,0.30892243485498844,-1.2542930204414864
121.1,22.8,239.6302,SSP5-8.5,2041-2060,-11.08959999999999,86.59549999999999,101.49330000000009,1.8621000000000016,8.1034,2.493100000000001,43.0904,87.22682499999999,72.93621250000001,2.0317125000000003,10.463787500000002,2.3144375000000004,42.39855,0.30892243485498844,-1.191097240071695
121.1,22.85,261.6494,SSP5-8.5,2041-2060,-16.281600000000026,76.65450000000001,69.6712,2.115500000000001,10.353500000000004,2.3569000000000004,37.4404,86.152125,89.06375000000003,2.216087500000001,10.718087500000001,2.3711124999999997,41.8334125,0.30892243485498844,-1.1279014597019037
121.1,22.9,261.195,SSP5-8.5,2041-2060,-11.99169999999998,79.2166,55.92630000000008,2.314,14.8017,2.2621,37.4981,82.86035,118.81243749999996,2.2916625000000006,10.1092625,2.4717499999999997,39.0507125,0.30892243485498844,-1.0647056793321166
121.1,22.95,241.7306,SSP5-8.5,2041-2060,11.487499999999983,89.83680000000001,122.80299999999988,2.0805000000000007,10.206899999999997,2.5776000000000003,41.5596,81.70509999999999,149.8653125,2.4008,9.757962500000001,2.4357749999999996,37.843275,0.30892243485498844,-1.0015098989623252
121.1,23.0,222.7341,SSP5-8.5,2041-2060,16.657899999999984,83.88310000000001,157.60120000000006,2.3232999999999997,9.955200000000005,2.7207,38.7308,77.9699,162.46341249999995,2.3069374999999996,8.344387499999998,2.371975,34.808887500000004,0.30892243485498844,-0.9383141185925338
121.1,23.05,218.2652,SSP5-8.5,2041-2060,13.139499999999998,67.5344,121.82730000000015,2.0305,9.574099999999998,2.3017000000000003,28.892300000000002,81.4394375,153.07843749999998,2.2430624999999997,7.6950375,2.3370625,36.709612500000006,0.30892243485498844,-0.8751183382227424
121.1,23.1,223.2152,SSP5-8.5,2041-2060,14.512399999999985,88.9553,111.96370000000002,1.741100000000003,6.929300000000001,2.3724000000000007,41.428799999999995,79.6551,128.589025,2.0760500000000004,8.3577625,2.4696000000000002,35.225,0.30892243485498844,-0.811922557852951
121.1,23.15,245.1815,SSP5-8.5,2041-2060,7.637900000000002,89.8045,103.79079999999999,2.0278000000000027,8.291400000000003,2.5344999999999995,42.6731,80.26277499999999,113.41229999999996,1.9861125000000004,8.251725,2.4545250000000003,35.071637499999994,0.30892243485498844,-0.748726777483164
121.1,23.2,221.9474,SSP5-8.5,2041-2060,0.9002000000000123,74.4539,95.6286,1.9681999999999995,9.087900000000005,2.3724000000000007,30.9962,79.585775,101.36324999999994,2.0991625000000003,9.784062500000001,2.4413874999999994,35.4235625,0.30892243485498844,-0.6855309971133726
121.1,23.25,201.5175,SSP5-8.5,2041-2060,4.298599999999993,80.0438,90.84609999999998,2.3100999999999985,11.231000000000002,2.3637999999999995,36.2596,73.6102625,97.81919999999994,2.1962,9.88275,2.4616375,32.61395,0.30892243485498844,-0.6223352167435812
121.1,23.3,201.1787,SSP5-8.5,2041-2060,8.569600000000008,73.33850000000001,108.37149999999997,2.4209000000000014,10.174100000000003,2.9724000000000004,33.5308,77.94048749999999,105.40312499999993,2.2321375,9.5943875,2.4002125,36.1476,0.30892243485498844,-0.5591394363737897
121.1,23.35,193.4156,SSP5-8.5,2041-2060,8.60039999999998,85.344,129.12580000000003,2.121000000000002,5.912099999999999,2.562099999999999,40.930800000000005,80.245225,117.21452499999995,2.0656999999999996,8.7280125,2.42715,37.552175,0.30892243485498844,-0.4959436560039983
121.1,23.4,184.9147,SSP5-8.5,2041-2060,7.712599999999981,89.20689999999999,124.86349999999993,1.7889000000000017,7.689700000000002,2.5241000000000007,42.7808,79.9685375,126.8833625,1.72235,6.241587500000001,2.1241375000000002,37.28895,0.30892243485498844,-0.43274787563421135
121.1,23.45,184.3021,SSP5-8.5,2041-2060,7.855199999999996,80.7876,116.98389999999995,1.3211000000000013,5.115499999999997,1.877600000000001,36.2865,74.14535,122.96078750000001,1.4448874999999997,5.023925000000001,2.0086125,35.1673125,0.30892243485498844,-0.3695520952644199
121.1,23.5,183.5907,SSP5-8.5,2041-2060,9.938299999999998,64.91130000000001,109.20849999999996,1.1936999999999998,3.1965000000000003,1.725900000000001,31.5288,69.2427875,114.25748750000002,1.2607249999999999,4.034050000000001,1.9021500000000002,32.082699999999996,0.30892243485498844,-0.3063563148946285
121.1,23.55,185.1699,SSP5-8.5,2041-2060,8.311399999999992,68.0425,96.75070000000005,1.0934999999999988,4.515500000000003,1.7690000000000001,30.6462,66.2473875,101.2754875,1.2282750000000004,4.432762499999999,1.8351250000000006,31.490875000000003,0.30892243485498844,-0.24316053452483705
121.1,23.6,187.5404,SSP5-8.5,2041-2060,6.134699999999981,62.1438,81.2509,1.1088000000000022,4.8414,1.7345000000000006,29.9,71.05522500000001,88.27872500000007,1.2350374999999998,5.182762500000001,1.8036625000000004,33.408424999999994,0.30892243485498844,-0.17996475415504562
121.1,23.65,193.9438,SSP5-8.5,2041-2060,0.7338999999999771,66.58250000000001,72.27940000000012,1.2288999999999994,6.348300000000002,1.6585999999999999,33.1058,77.2363,81.43137500000003,1.236675,5.172412500000001,1.7603500000000003,38.2170625,0.30892243485498844,-0.11676897378525869
121.1,23.7,206.6394,SSP5-8.5,2041-2060,-4.691900000000004,80.87719999999999,74.06970000000001,1.1647999999999996,5.262099999999997,1.7431,39.2577,82.27057500000001,75.61120000000005,1.1972624999999995,4.906462500000002,1.7097125000000002,41.940375,0.30892243485498844,-0.053573193415467256
121.1,23.75,220.3771,SSP5-8.5,2041-2060,-10.832000000000022,86.65729999999999,73.15110000000004,1.0433999999999983,5.372399999999999,1.2345000000000006,45.1942,84.5076375,56.48625000000004,1.113725,5.478225000000001,1.5791125000000001,43.4923125,0.30892243485498844,0.009622586954324176
121.1,23.8,201.3441,SSP5-8.5,2041-2060,-8.544399999999996,84.7564,35.83270000000016,0.9742999999999995,7.060300000000005,1.3499999999999996,43.7692,78.194575,33.42677500000005,1.0391,6.1459,1.2276000000000005,39.08295,0.30892243485498844,0.0728183673241156
121.1,23.85,203.6382,SSP5-8.5,2041-2060,-3.9746000000000095,67.2747,27.098600000000033,1.1285999999999987,7.301700000000004,0.4845000000000006,30.8846,77.49170000000001,20.156712500000083,1.0806999999999998,7.663574999999999,1.1138125000000003,37.923325,0.30892243485498844,0.13601414769390704
121.1,23.9,215.4339,SSP5-8.5,2041-2060,15.0933,84.78460000000001,47.38770000000022,1.3716000000000008,9.110299999999995,0.4621000000000013,41.1173,73.61488750000001,29.852587500000027,1.2939499999999993,7.915525000000001,0.9207000000000003,35.522125,0.30892243485498844,0.19920992806369398
121.1,23.95,231.9823,SSP5-8.5,2041-2060,30.19409999999999,77.9916,62.90110000000004,1.6621999999999986,7.994800000000005,0.34479999999999933,39.0231,77.971125,52.00166250000001,1.5313249999999998,7.942449999999999,0.9222250000000003,38.029562500000004,0.30892243485498844,0.26240570843348543
121.1,24.0,228.2982,SSP5-8.5,2041-2060,34.37399999999997,77.41900000000001,61.83719999999994,1.6371000000000002,7.481000000000002,1.384500000000001,38.3654,78.4148125,73.07238749999993,1.7385499999999992,7.9825375,0.7512999999999996,37.6223625,0.30892243485498844,0.32560148880327683
121.1,24.05,224.8174,SSP5-8.5,2041-2060,39.1541,78.44659999999999,85.40470000000005,1.8492999999999995,9.332799999999999,0.36029999999999873,35.675000000000004,78.1300875,83.89631249999991,1.8235249999999996,7.735762499999999,0.8997999999999999,36.529075000000006,0.30892243485498844,0.3887972691730683
121.1,24.1,239.5316,SSP5-8.5,2041-2060,42.697100000000006,77.1732,85.63149999999996,1.971300000000003,8.851699999999994,0.37070000000000114,34.9346,74.458475,94.28769999999997,1.9116124999999995,8.4678875,0.6984874999999997,32.83365,0.30892243485498844,0.4519930495428597
121.1,24.15,254.6405,SSP5-8.5,2041-2060,39.89039999999997,67.30160000000001,98.32929999999988,1.9983000000000004,8.4103,0.32590000000000074,28.3288,72.394025,106.68065000000007,1.9628125,8.079524999999999,0.7109875000000001,31.407212500000004,0.30892243485498844,0.5151888299126467
121.1,24.2,271.6774,SSP5-8.5,2041-2060,41.114599999999996,63.9876,149.20170000000007,2.0601999999999983,7.882799999999996,1.0172000000000008,26.3365,70.6551875,120.79073750000009,1.9632500000000004,7.614849999999999,0.6853499999999999,29.6721375,0.30892243485498844,0.578384610282438
121.1,24.25,272.0958,SSP5-8.5,2041-2060,45.83339999999998,72.3604,180.51830000000018,2.1237999999999992,7.7224,1.2982999999999993,30.1231,68.38228749999999,97.17721250000005,1.8474875000000002,6.202362499999999,0.6638000000000002,28.62045,0.30892243485498844,0.6415803906522295
121.1,24.3,259.7439,SSP5-8.5,2041-2060,39.903099999999995,64.7784,54.33590000000004,1.854800000000001,4.306899999999999,0.1759000000000004,28.246199999999998,65.5870625,66.24928750000004,1.7688750000000004,5.1674500000000005,0.49677499999999997,26.8586625,0.30892243485498844,0.704776171022021
121.1,24.35,265.8524,SSP5-8.5,2041-2060,30.798299999999983,59.7326,-1.5331999999998516,1.6951,2.5189999999999984,0.15339999999999954,25.044199999999996,65.322,28.385162500000035,1.5855750000000008,4.150425000000002,0.49722500000000047,27.158425,0.30892243485498844,0.7679719513918124
121.1,24.4,270.9881,SSP5-8.5,2041-2060,17.15390000000002,68.3622,14.041000000000167,1.5152,4.241399999999999,1.1483000000000008,27.9404,65.23667499999999,28.222474999999974,1.4534625,3.5224125000000024,0.7230750000000001,27.545187499999997,0.30892243485498844,0.8311677317615993
121.1,24.45,294.4583,SSP5-8.5,2041-2060,13.855999999999995,68.4306,27.928199999999833,1.4441999999999986,1.4861999999999966,1.0482999999999993,29.7442,67.11285000000001,31.30703749999998,1.4187250000000002,4.742025000000002,1.0489375000000005,28.6598625,0.30892243485498844,0.8943635121313908
121.1,24.5,335.8741,SSP5-8.5,2041-2060,16.182799999999986,63.52140000000001,4.927799999999934,1.709500000000002,7.856900000000003,1.1914000000000016,27.071199999999997,68.74407500000001,9.89717499999989,1.2544499999999998,5.4745625,1.195475,30.8802875,0.30892243485498844,0.9575592925011822
121.1,24.55,340.5173,SSP5-8.5,2041-2060,11.865700000000004,75.1449,-13.658400000000256,1.0589000000000013,7.8775999999999975,1.4207,35.95,70.3971,-9.210374999999999,1.1480125000000005,6.514000000000001,1.3034500000000002,33.548812500000004,0.30892243485498844,1.0207550728709736
121.1,24.6,306.6514,SSP5-8.5,2041-2060,7.22969999999998,76.0207,18.227499999999964,0.8733000000000004,6.701700000000002,1.8896999999999995,39.5481,75.859325,-9.941387499999962,0.9493500000000008,6.43835,1.3870625000000003,39.446875000000006,0.30892243485498844,1.0839508532407651
121.1,24.65,236.5661,SSP5-8.5,2041-2060,13.11099999999999,78.7584,46.82030000000009,0.9725999999999999,5.456899999999997,1.522400000000001,44.661500000000004,78.13062500000001,12.269387500000022,0.9277500000000005,5.4271375000000015,0.9573249999999998,43.3923125,0.30892243485498844,1.147146633610552
121.1,24.7,177.9282,SSP5-8.5,2041-2060,13.566699999999997,79.46109999999999,45.11869999999999,1.1365000000000016,3.531000000000006,0.09999999999999964,47.4212,79.4920125,23.388575000000003,0.9918375000000004,5.075212499999999,0.3730625000000001,46.0175375,0.30892243485498844,1.2103424139803434
121.1,24.75,159.3,SSP5-8.5,2041-2060,14.558899999999994,80.0404,23.79950000000008,1.0103000000000009,5.572400000000002,-0.5292999999999992,47.7173,79.8475875,12.686724999999967,0.9804875000000006,5.017025,-0.09806250000000039,47.158412500000004,0.30892243485498844,1.273538194350135
121.1,24.8,160.3747,SSP5-8.5,2041-2060,15.187100000000015,78.6265,-2.6294000000000324,0.9500000000000028,6.5844999999999985,-0.5466000000000015,46.911500000000004,79.1351,0.7076874999999916,0.9698124999999997,5.2762875000000005,-0.18878749999999989,46.756975,0.30892243485498844,1.3367339747199263
121.1,24.85,141.9203,SSP5-8.5,2041-2060,19.511899999999997,77.7936,14.990799999999808,1.2615999999999978,5.0931,-0.04659999999999975,45.457699999999996,77.7756,7.676700000000039,1.0753875000000002,6.300637499999999,-0.1362000000000002,46.225475,0.30892243485498844,1.3999297550897176
121.1,24.9,133.3081,SSP5-8.5,2041-2060,17.580299999999994,76.7412,72.01790000000005,1.645500000000002,6.4206999999999965,0.16380000000000017,45.4769,76.51515,22.39730000000003,1.2104624999999993,6.325624999999999,-0.12024999999999997,45.7024125,0.30892243485498844,1.4631255354595045
121.1,24.95,141.1648,SSP5-8.5,2041-2060,14.06989999999999,75.95429999999999,48.102100000000064,1.4957999999999991,5.7517,0.2190000000000003,46.180800000000005,75.8491625,57.82378750000001,1.4587249999999998,5.9256375,-0.1829749999999999,45.4610625,0.30892243485498844,1.526321315829296
121.1,25.0,145.5255,SSP5-8.5,2041-2060,14.861700000000013,75.4607,85.42229999999995,1.6128999999999998,3.7638000000000034,-0.8051999999999992,45.6923,75.78198749999999,72.438875,1.6296375000000003,5.773912500000001,-0.16466249999999982,45.563725000000005,0.30892243485498844,1.5895170961990874
121.1,25.05,141.6811,SSP5-8.5,2041-2060,16.81970000000001,75.42349999999999,99.35419999999999,1.9689000000000014,5.5689999999999955,-0.4482999999999997,45.8481,75.9196,78.42976249999998,1.6680749999999995,5.213350000000002,-0.2148874999999998,45.523575,0.30892243485498844,1.652712876568879
121.15,22.75,204.2117,SSP5-8.5,2041-2060,-4.9084,94.36410000000001,92.8913,1.9697999999999993,10.674100000000003,2.4776,46.7423,88.3375,65.3744375,1.9842875000000006,10.28555,2.0691875000000004,43.1632125,0.41461627493623976,-1.2542930204414864
121.15,22.8,211.0309,SSP5-8.5,2041-2060,-5.383200000000016,88.97380000000001,88.59899999999993,2.008700000000001,7.865500000000004,2.0051999999999994,44.2615,87.122725,73.5888625,1.9819750000000007,10.443525000000001,2.2155125,43.0045625,0.41461627493623976,-1.191097240071695
121.15,22.85,229.0423,SSP5-8.5,2041-2060,-7.3411000000000115,84.12969999999999,59.22370000000001,2.247200000000003,11.213799999999999,1.8362000000000007,42.428799999999995,85.8233875,76.1971125,2.013525000000001,10.171325000000001,2.2178875,41.794475000000006,0.41461627493623976,-1.1279014597019037
121.15,22.9,228.9635,SSP5-8.5,2041-2060,-3.1606000000000165,83.369,79.7699,1.4936000000000007,11.831000000000003,2.253399999999999,40.017300000000006,83.9105,93.86204999999995,2.0531875000000004,10.0756375,2.269825,39.87645,0.41461627493623976,-1.0647056793321166
121.15,22.95,213.8064,SSP5-8.5,2041-2060,18.497600000000006,81.6297,149.55039999999985,1.5426000000000002,7.915499999999994,2.6879,37.2019,84.0951,121.5727125,2.1431875,9.142875,2.2922374999999997,38.981012500000006,0.41461627493623976,-1.0015098989623252
121.15,23.0,216.1364,SSP5-8.5,2041-2060,13.265299999999996,81.2707,166.44589999999994,2.0529999999999973,6.0,2.0707000000000004,37.7192,82.4875375,139.4716,2.0865625,7.6790875,2.4254249999999997,37.475725,0.41461627493623976,-0.9383141185925338
121.15,23.05,219.7358,SSP5-8.5,2041-2060,5.839499999999987,90.23949999999999,127.13589999999999,1.6341999999999999,7.387900000000002,2.5586,41.3231,81.7649375,132.27403750000002,2.0901875000000003,7.0349125,2.4036625000000003,37.2182625,0.41461627493623976,-0.8751183382227424
121.15,23.1,237.045,SSP5-8.5,2041-2060,0.9295000000000186,88.8628,102.87369999999987,1.835799999999999,6.960299999999997,2.6948,40.642300000000006,83.33327500000001,117.82893750000002,1.8303625000000014,7.4010750000000005,2.5140125,37.973074999999994,0.41461627493623976,-0.811922557852951
121.15,23.15,249.418,SSP5-8.5,2041-2060,-3.4210999999999956,86.9678,107.03279999999995,1.9947000000000017,10.391400000000004,2.594800000000001,38.792300000000004,81.6776625,105.14249999999998,1.8222875000000012,7.714,2.4054,36.3360625,0.41461627493623976,-0.748726777483164
121.15,23.2,231.0542,SSP5-8.5,2041-2060,-1.9886000000000195,69.322,97.82129999999984,2.0075000000000003,8.612099999999998,1.9966,27.174999999999997,80.440225,101.80290000000002,2.0178625,8.928862500000001,2.3545249999999998,35.783187500000004,0.41461627493623976,-0.6855309971133726
121.15,23.25,215.7752,SSP5-8.5,2041-2060,4.197499999999991,72.0709,101.1588999999999,2.3206999999999987,12.151699999999998,1.9879000000000007,31.421200000000002,76.9751375,109.36080000000001,2.2511124999999996,9.201925000000001,2.3372874999999995,33.748324999999994,0.41461627493623976,-0.6223352167435812
121.15,23.3,208.7432,SSP5-8.5,2041-2060,9.984199999999987,79.76749999999998,128.41660000000002,2.6925999999999988,10.160299999999996,2.2741,35.7769,81.0355625,141.763075,2.3726874999999996,8.724125,2.501725,37.592075,0.41461627493623976,-0.5591394363737897
121.15,23.35,210.3023,SSP5-8.5,2041-2060,16.92580000000001,88.22519999999999,190.04689999999982,2.682199999999998,9.253400000000003,2.5328,41.7327,85.21258749999998,167.597675,2.2585500000000005,7.468325,2.531025,40.3002375,0.41461627493623976,-0.4959436560039983
121.15,23.4,202.4417,SSP5-8.5,2041-2060,15.575999999999993,92.62669999999999,176.55770000000007,2.0459999999999994,8.046600000000002,2.7207,44.544200000000004,83.10582500000001,184.88456250000002,2.0136375000000006,5.873275000000001,2.3631375,38.893987499999994,0.41461627493623976,-0.43274787563421135
121.15,23.45,199.0466,SSP5-8.5,2041-2060,17.147999999999996,72.93100000000001,166.68870000000015,1.5759000000000007,3.429300000000005,2.1310000000000002,32.725,79.24875,175.11202500000002,1.7650250000000003,5.6263000000000005,2.2450375000000005,36.900712500000004,0.41461627493623976,-0.3695520952644199
121.15,23.5,195.4459,SSP5-8.5,2041-2060,18.85730000000001,65.03909999999999,157.01080000000002,1.575599999999998,4.3552,1.7103000000000002,29.7327,73.2389125,163.2698875,1.574725,5.012287500000001,2.0127125,33.1170625,0.41461627493623976,-0.3063563148946285
121.15,23.55,189.8661,SSP5-8.5,2041-2060,20.748400000000004,65.4744,144.7545,1.4832999999999998,5.389699999999998,1.7810000000000006,28.8231,68.282025,149.95516249999997,1.5421249999999997,5.117675,1.8905125000000003,31.6317375,0.41461627493623976,-0.24316053452483705
121.15,23.6,186.0783,SSP5-8.5,2041-2060,19.35809999999998,59.9762,128.4728,1.5268000000000015,6.015499999999996,1.8879000000000001,29.0385,70.0410375,136.7553,1.5161249999999995,5.3594875,1.7165875000000002,32.276925,0.41461627493623976,-0.17996475415504562
121.15,23.65,185.8847,SSP5-8.5,2041-2060,16.671399999999977,74.5652,121.44610000000011,1.5071999999999974,5.460300000000004,1.8361999999999998,34.2538,71.036225,131.34147499999997,1.5016250000000004,4.841375,1.9021500000000002,34.8824625,0.41461627493623976,-0.11676897378525869
121.15,23.7,194.7473,SSP5-8.5,2041-2060,13.465599999999995,84.5291,139.65449999999987,1.4405999999999999,3.872400000000006,2.3069000000000006,44.884600000000006,73.14178749999999,116.9793875,1.4133874999999998,4.1892125,1.852375,35.948800000000006,0.41461627493623976,-0.053573193415467256
121.15,23.75,198.8984,SSP5-8.5,2041-2060,3.1051999999999964,68.7767,119.8098,1.3206000000000024,2.1052000000000035,2.0862,33.8404,73.2543125,97.22618749999998,1.295525,4.3752,1.801525,36.862025,0.41461627493623976,0.009622586954324176
121.15,23.8,191.5716,SSP5-8.5,2041-2060,-0.2202999999999804,70.9022,71.93730000000005,1.1935000000000002,5.6569,1.4397000000000002,33.7731,64.4101,74.7146875,1.2317375,5.2881375,1.4573375000000002,30.59135,0.41461627493623976,0.0728183673241156
121.15,23.85,194.29,SSP5-8.5,2041-2060,0.9291000000000054,49.644600000000004,64.33719999999994,1.2062999999999988,7.808599999999998,0.8914000000000009,20.346200000000003,67.10691249999999,65.22053750000003,1.2912625000000002,6.901075,1.0670500000000003,30.9963875,0.41461627493623976,0.13601414769390704
121.15,23.9,210.7855,SSP5-8.5,2041-2060,8.497399999999999,61.4156,74.47949999999992,1.4330999999999996,7.762099999999997,0.7965999999999998,25.7365,68.753625,76.05338750000001,1.5072625,7.7040875,0.6282500000000004,31.8302875,0.41461627493623976,0.19920992806369398
121.15,23.95,221.0313,SSP5-8.5,2041-2060,23.92870000000002,78.85170000000001,94.2797999999998,1.8961000000000006,8.470699999999997,0.1966000000000001,38.7923,72.93803750000001,96.11607500000008,1.7354750000000005,7.397187499999999,0.37437500000000035,34.1413375,0.41461627493623976,0.26240570843348543
121.15,24.0,208.2416,SSP5-8.5,2041-2060,30.88579999999999,75.213,118.5652,1.9649,5.160299999999999,-0.40169999999999995,36.157700000000006,74.666675,104.16958750000003,1.9392,7.5775875,0.4407374999999998,35.007925,0.41461627493623976,0.32560148880327683
121.15,24.05,227.0086,SSP5-8.5,2041-2060,32.914800000000014,72.9006,99.25419999999986,1.8891999999999989,7.086199999999998,0.8775999999999993,33.0346,73.287925,99.87947500000001,1.9924000000000004,7.226724999999999,0.33340000000000014,33.445425,0.41461627493623976,0.3887972691730683
121.15,24.1,226.4273,SSP5-8.5,2041-2060,33.46659999999997,72.58170000000001,82.26099999999997,1.9491999999999976,7.627600000000001,0.48099999999999987,32.1038,71.94228749999999,92.44587499999994,1.9914125000000005,7.329299999999998,0.4456875,31.7701875,0.41461627493623976,0.4519930495428597
121.15,24.15,233.0759,SSP5-8.5,2041-2060,35.923100000000034,70.7445,89.74040000000014,1.9640000000000022,8.5103,0.14480000000000004,30.2558,69.2317875,96.55112499999996,1.9190874999999998,6.7642124999999975,0.4088375000000004,29.742062500000003,0.41461627493623976,0.5151888299126467
121.15,24.2,239.0644,SSP5-8.5,2041-2060,35.564899999999994,66.1327,110.9988000000003,1.7528000000000006,6.301699999999997,0.22589999999999932,27.4308,68.769525,109.56189999999992,1.8136,6.623262499999999,0.39871250000000025,28.873324999999998,0.41461627493623976,0.578384610282438
121.15,24.25,228.7634,SSP5-8.5,2041-2060,33.94630000000001,70.76,130.08379999999988,1.7920000000000016,6.479299999999995,0.29309999999999903,28.9962,66.40858750000001,99.60601250000002,1.6299375,5.626287499999999,0.3067000000000004,27.71925,0.41461627493623976,0.6415803906522295
121.15,24.3,218.3997,SSP5-8.5,2041-2060,27.468000000000018,66.5135,79.49530000000004,1.671400000000002,5.424100000000003,-0.17929999999999957,26.582700000000003,61.3130625,76.32565,1.5544375000000006,4.908849999999999,0.2166125000000001,25.316362499999997,0.41461627493623976,0.704776171022021
121.15,24.35,226.7928,SSP5-8.5,2041-2060,18.36590000000001,45.76369999999999,39.559799999999996,1.6536000000000008,4.439700000000002,-0.3171999999999997,17.1904,61.552525,53.26402500000006,1.5011625000000008,4.2991375000000005,0.5004375000000005,25.3601125,0.41461627493623976,0.7679719513918124
121.15,24.4,243.9756,SSP5-8.5,2041-2060,10.092700000000008,67.8893,43.983400000000074,1.4392000000000031,4.210300000000004,0.706900000000001,28.3885,59.197487499999994,48.84637500000002,1.500525,3.8907500000000006,0.8084125000000002,24.0947125,0.41461627493623976,0.8311677317615993
121.15,24.45,280.6583,SSP5-8.5,2041-2060,11.157800000000009,65.1594,67.79739999999993,1.5395000000000003,5.215500000000006,1.3620999999999999,26.740399999999998,64.078,52.04442500000005,1.5414750000000002,4.292025000000001,1.2116500000000008,26.5733375,0.41461627493623976,0.8943635121313908
121.15,24.5,332.4719,SSP5-8.5,2041-2060,14.486800000000017,62.089299999999994,73.11200000000008,1.8279999999999994,4.908600000000003,1.2483000000000004,26.882700000000003,66.0274375,35.79972499999997,1.3836875000000002,5.245912500000001,1.4105625000000004,28.605062500000003,0.41461627493623976,0.9575592925011822
121.15,24.55,331.7236,SSP5-8.5,2041-2060,8.889300000000048,68.97409999999999,-6.965799999999945,1.0347000000000008,6.715499999999999,1.6241000000000003,32.425000000000004,66.5793,23.749287499999923,1.2317500000000003,6.437725000000001,1.6025875000000003,30.550975,0.41461627493623976,1.0207550728709736
121.15,24.6,323.2732,SSP5-8.5,2041-2060,11.153400000000033,73.76679999999999,-7.852300000000014,0.6403999999999996,7.848300000000002,1.9655000000000005,36.434599999999996,70.396075,6.984299999999877,1.0039625000000005,6.356037500000001,1.6915875000000002,35.30625,0.41461627493623976,1.0839508532407651
121.15,24.65,257.0223,SSP5-8.5,2041-2060,16.190300000000036,74.7738,-4.127700000000004,1.051400000000001,6.106900000000003,1.6155000000000008,40.6808,74.239425,11.5841874999999,0.9462500000000005,5.812487500000001,1.3887875,40.02355,0.41461627493623976,1.147146633610552
121.15,24.7,207.5158,SSP5-8.5,2041-2060,11.698699999999974,78.8387,9.789299999999912,1.039200000000001,4.944800000000001,0.3378999999999994,45.9346,76.98695,17.777049999999946,1.0336000000000003,5.373262500000001,1.0045250000000003,43.7615375,0.41461627493623976,1.2103424139803434
121.15,24.75,181.2701,SSP5-8.5,2041-2060,16.963099999999997,76.2367,16.91210000000001,1.0117000000000012,7.391399999999997,0.13449999999999918,44.7308,78.00122499999999,6.913324999999958,0.9497375000000003,5.736837500000002,0.4782249999999999,45.854074999999995,0.41461627493623976,1.273538194350135
121.15,24.8,173.8362,SSP5-8.5,2041-2060,15.52000000000001,75.8272,-56.671100000000024,0.6727999999999987,7.434500000000003,0.4759000000000011,44.4769,76.68177499999999,0.48639999999994643,0.903975,6.536849999999999,0.3185249999999997,45.301437500000006,0.41461627493623976,1.3367339747199263
121.15,24.85,173.5678,SSP5-8.5,2041-2060,12.955999999999989,73.7353,-64.66370000000006,0.7851999999999997,7.810299999999998,0.30519999999999925,43.930800000000005,75.12598750000001,6.674724999999967,0.9806874999999997,6.7429,0.15926250000000008,44.35575,0.41461627493623976,1.3999297550897176
121.15,24.9,151.5627,SSP5-8.5,2041-2060,11.380599999999987,73.1361,24.74260000000004,1.2049999999999983,6.789699999999996,-0.39480000000000004,43.659600000000005,74.3076875,12.066974999999985,1.183275,6.310337499999999,0.03297500000000009,43.8242875,0.41461627493623976,1.4631255354595045
121.15,24.95,146.9294,SSP5-8.5,2041-2060,8.116700000000009,75.89569999999999,12.375100000000202,1.366500000000002,5.937899999999999,-0.6517,45.1635,74.48750000000001,47.92486249999999,1.4757124999999998,5.415525000000001,-0.1989249999999999,44.392787500000004,0.41461627493623976,1.526321315829296
121.15,25.0,148.0878,SSP5-8.5,2041-2060,17.93120000000002,76.3846,79.26959999999985,1.7232999999999983,3.8293000000000035,0.0671999999999997,46.1712,75.43951249999999,61.44565000000003,1.6507000000000005,5.219400000000001,-0.3226374999999998,45.09425,0.41461627493623976,1.5895170961990874
121.15,25.05,138.5894,SSP5-8.5,2041-2060,24.649,75.49199999999999,123.79320000000007,1.9677000000000007,4.425900000000006,-0.006899999999999906,44.9212,76.01565,74.52279999999999,1.6779374999999992,5.0191875,-0.2592874999999998,45.6048,0.41461627493623976,1.652712876568879
121.15,25.1,133.6598,SSP5-8.5,2041-2060,17.383499999999998,75.3036,77.05830000000014,1.5802999999999976,4.758600000000001,-0.40000000000000036,44.9846,76.1467,78.91271249999997,1.7259874999999996,5.210575,-0.13557499999999967,45.4733125,0.41461627493623976,1.7159086569386703
121.2,22.8,206.7171,SSP5-8.5,2041-2060,-5.179699999999997,93.42010000000002,70.5127,2.342100000000002,11.075899999999997,2.1276,46.161500000000004,88.6976,76.51909999999998,1.9843750000000009,9.778425000000002,2.162925,43.4920625,0.520310115017461,-1.191097240071695
121.2,22.85,221.465,SSP5-8.5,2041-2060,-11.012,89.47909999999999,49.26229999999987,2.0944000000000003,9.708600000000004,1.9724000000000004,45.1712,86.334475,82.35088749999997,2.069975000000001,9.9931,2.1297375,41.6913375,0.520310115017461,-1.1279014597019037
121.2,22.9,210.415,SSP5-8.5,2041-2060,0.08320000000000505,88.8785,94.34220000000005,1.8778000000000006,7.631,2.2723999999999993,40.7154,86.730925,87.70622499999993,2.0902750000000005,10.619174999999998,2.15645,41.665625,0.520310115017461,-1.0647056793321166
121.2,22.95,200.492,SSP5-8.5,2041-2060,19.718800000000016,81.4591,150.1172999999999,2.1534999999999975,8.774099999999997,2.1930999999999994,36.9962,85.4362125,112.08386249999998,2.2681750000000003,8.8609875,2.2264875,39.7706625,0.520310115017461,-1.0015098989623252
121.2,23.0,206.371,SSP5-8.5,2041-2060,15.855599999999981,84.847,145.57590000000005,2.849800000000002,3.943100000000001,1.9878999999999998,38.61150000000001,84.083825,132.9643375,2.323324999999999,7.5181,2.356025,38.610825,0.520310115017461,-0.9383141185925338
121.2,23.05,215.9436,SSP5-8.5,2041-2060,7.461600000000004,80.4707,141.16180000000008,2.078099999999999,3.6758999999999986,2.3758999999999997,36.490399999999994,85.16957500000001,123.21785000000003,2.3277125,6.8461125,2.4402875,39.185087499999995,0.520310115017461,-0.8751183382227424
121.2,23.1,235.1445,SSP5-8.5,2041-2060,-1.9921999999999969,78.2955,110.74279999999999,1.8099000000000025,9.241399999999999,2.7051999999999996,35.2308,85.6424625,114.20706250000003,1.9697,6.4228250000000005,2.5588249999999997,39.1137,0.520310115017461,-0.811922557852951
121.2,23.15,236.1311,SSP5-8.5,2041-2060,-2.814300000000003,84.39850000000001,118.97640000000001,1.3266000000000027,3.7172000000000054,2.6690000000000005,38.9538,81.069675,101.44786250000001,1.9472500000000004,8.4756375,2.4355625,35.804575,0.520310115017461,-0.748726777483164
121.2,23.2,238.2312,SSP5-8.5,2041-2060,-2.2886000000000024,79.3288,99.34270000000015,1.8613999999999997,8.872399999999999,1.898299999999999,33.588499999999996,79.353575,102.9645375,2.1107750000000003,8.2982625,2.3950500000000003,34.854575,0.520310115017461,-0.6855309971133726
121.2,23.25,247.1971,SSP5-8.5,2041-2060,0.2576999999999998,76.4536,97.64690000000019,2.3333999999999975,7.687899999999999,2.4154999999999998,33.5808,79.7067125,121.66984999999997,2.3133875,8.970899999999999,2.3045375,35.18895,0.520310115017461,-0.6223352167435812
121.2,23.3,235.7734,SSP5-8.5,2041-2060,16.460399999999993,83.09299999999999,156.81269999999995,2.4147999999999996,7.789700000000003,2.4052,39.0788,84.14147499999999,168.49259999999995,2.4879499999999997,8.420024999999999,2.5297375,38.900975,0.520310115017461,-0.5591394363737897
121.2,23.35,238.803,SSP5-8.5,2041-2060,29.64519999999999,89.71550000000002,260.09580000000005,2.378399999999999,5.5931,2.7741000000000007,44.201899999999995,87.04062499999999,207.74361249999998,2.4151875,7.5484875,2.517025,40.9512,0.520310115017461,-0.4959436560039983
121.2,23.4,231.2304,SSP5-8.5,2041-2060,27.590299999999985,88.6086,256.53780000000006,2.2058000000000018,4.381,2.0154999999999994,41.5577,85.27742500000001,234.7956875,2.2571625000000006,6.290087500000001,2.6443874999999997,40.3163375,0.520310115017461,-0.43274787563421135
121.2,23.45,227.5312,SSP5-8.5,2041-2060,27.224499999999978,70.0278,234.73410000000013,2.035800000000002,5.612100000000002,2.4879,30.936500000000002,83.6941875,231.94452500000006,2.0469,5.387937500000001,2.592875,39.415387499999994,0.520310115017461,-0.3695520952644199
121.2,23.5,225.2992,SSP5-8.5,2041-2060,27.693899999999985,82.78200000000001,224.99990000000003,1.9532999999999987,6.613800000000001,2.8983000000000008,37.8385,77.7557,228.10556250000002,1.9386999999999999,4.982775,2.504725,35.978125000000006,0.520310115017461,-0.3063563148946285
121.2,23.55,220.2388,SSP5-8.5,2041-2060,28.36269999999999,80.9547,212.0387999999998,1.9411999999999985,6.225899999999999,1.4309999999999992,36.1519,72.8578625,216.31312499999999,1.9146625,5.470274999999999,2.4984875000000004,33.90435,0.520310115017461,-0.24316053452483705
121.2,23.6,206.7954,SSP5-8.5,2041-2060,30.542900000000003,62.4066,189.9088999999999,1.9441000000000006,5.177600000000002,1.9672,28.217299999999998,73.805825,199.0250375,1.8960624999999995,5.657112499999998,2.09375,33.992075,0.520310115017461,-0.17996475415504562
121.2,23.65,192.5687,SSP5-8.5,2041-2060,33.151099999999985,80.1586,175.61310000000003,1.8219999999999992,4.917199999999998,1.555200000000001,37.1173,70.50152499999999,181.26858749999997,1.8403500000000004,4.578012500000001,2.0745625,34.3074625,0.520310115017461,-0.11676897378525869
121.2,23.7,197.9342,SSP5-8.5,2041-2060,31.66980000000001,71.6158,189.48249999999985,1.777000000000001,2.2965000000000018,2.3637999999999995,37.5385,70.57332500000001,147.12748750000003,1.6304250000000002,3.243312500000002,2.0204750000000002,34.4341375,0.520310115017461,-0.053573193415467256
121.2,23.75,198.2544,SSP5-8.5,2041-2060,6.347099999999983,55.901,109.98339999999985,1.443200000000001,1.7516999999999996,2.3414,27.282700000000002,67.4119,122.739825,1.477012500000001,2.909912500000001,1.8855624999999998,33.173100000000005,0.520310115017461,0.009622586954324176
121.2,23.8,189.9227,SSP5-8.5,2041-2060,5.485299999999995,50.795500000000004,83.69830000000002,1.3274000000000008,3.729299999999995,1.6327999999999996,23.1962,60.1619125,91.55177499999999,1.3809625000000005,4.4060375,1.694175,27.10915,0.520310115017461,0.0728183673241156
121.2,23.85,191.8552,SSP5-8.5,2041-2060,6.712999999999994,51.474599999999995,83.80639999999994,1.4101,7.175899999999999,1.6379000000000001,20.2173,60.207325,88.655125,1.4821375000000003,6.216812499999999,1.203675,26.3827,0.520310115017461,0.13601414769390704
121.2,23.9,205.9578,SSP5-8.5,2041-2060,8.895900000000012,65.4517,97.52379999999994,1.491500000000002,7.412100000000002,0.732800000000001,29.2769,62.7686625,108.30663749999997,1.7259749999999996,7.133187499999999,0.8196249999999998,27.5125,0.520310115017461,0.19920992806369398
121.2,23.95,219.311,SSP5-8.5,2041-2060,22.49279999999999,74.5555,131.0925000000002,1.8917000000000002,6.358599999999999,0.27590000000000003,34.9846,67.4327875,148.20529999999997,2.0989625000000003,6.645687499999999,0.21726249999999991,30.459612500000002,0.520310115017461,0.26240570843348543
121.2,24.0,211.048,SSP5-8.5,2041-2060,38.177599999999984,66.67330000000001,175.14160000000038,2.431700000000003,7.898299999999999,-0.5999999999999996,28.4692,70.79963749999999,179.58023749999995,2.401637499999999,5.6004249999999995,0.1896749999999996,32.421875,0.520310115017461,0.32560148880327683
121.2,24.05,239.5331,SSP5-8.5,2041-2060,32.84050000000002,70.49510000000001,123.44560000000001,2.2562999999999995,5.9983,0.6861999999999995,31.7192,68.79163750000001,191.611425,2.5574624999999997,5.218112499999998,0.07542499999999985,30.522350000000003,0.520310115017461,0.3887972691730683
121.2,24.1,223.0383,SSP5-8.5,2041-2060,27.6181,68.3015,66.7489999999998,1.8794000000000004,5.463799999999999,0.38620000000000054,30.1385,68.229525,180.4753875,2.5038249999999995,5.1459125,0.38016249999999974,29.593975,0.520310115017461,0.4519930495428597
121.2,24.15,218.2223,SSP5-8.5,2041-2060,30.088900000000024,70.17519999999999,91.01229999999987,2.1235,4.980999999999998,0.41380000000000017,30.075,66.9337625,140.52160000000003,2.0955749999999997,5.0456875,0.2545124999999999,28.367787500000002,0.520310115017461,0.5151888299126467
121.2,24.2,229.8587,SSP5-8.5,2041-2060,26.28739999999999,68.2008,88.22539999999981,1.6179999999999986,4.594799999999999,0.05000000000000071,28.5885,66.4453,112.81465000000003,1.6483625000000006,4.995037499999999,0.22586249999999986,27.636537500000003,0.520310115017461,0.578384610282438
121.2,24.25,214.5532,SSP5-8.5,2041-2060,14.286900000000003,66.62610000000001,49.38399999999956,0.8290000000000006,4.405200000000001,-0.3533999999999988,28.2827,66.1683875,89.92062500000003,1.3238875,4.69525,0.19332499999999997,27.1048125,0.520310115017461,0.6415803906522295
121.2,24.3,210.2561,SSP5-8.5,2041-2060,15.057400000000001,62.6692,84.68870000000015,1.1295000000000002,4.372399999999999,0.2190000000000012,26.1635,61.364112500000005,73.48516249999989,1.198287500000001,4.663812500000001,0.21682500000000005,24.7795625,0.520310115017461,0.704776171022021
121.2,24.35,213.7987,SSP5-8.5,2041-2060,11.521299999999997,47.814099999999996,73.56790000000001,1.3577000000000012,5.0259,0.2637999999999998,18.4846,58.310500000000005,71.31602499999991,1.2971875000000006,4.426725000000002,0.6267375000000006,23.433425,0.520310115017461,0.7679719513918124
121.2,24.4,230.6327,SSP5-8.5,2041-2060,4.570899999999995,54.660900000000005,77.53319999999985,1.3463999999999992,4.293100000000003,1.5155000000000012,22.0308,55.1952,70.36267499999997,1.408525000000001,4.513587500000002,0.8950500000000003,21.926450000000003,0.520310115017461,0.8311677317615993
121.2,24.45,269.3947,SSP5-8.5,2041-2060,5.586500000000001,63.656400000000005,91.87670000000026,1.4525000000000006,3.9052000000000007,1.2931000000000008,25.582700000000003,58.01915,72.59741250000002,1.5024499999999996,4.265287500000001,1.2515125000000005,23.3822375,0.520310115017461,0.8943635121313908
121.2,24.5,324.1016,SSP5-8.5,2041-2060,9.980199999999968,64.0139,82.95310000000018,1.5967999999999982,3.4345,1.5414000000000012,24.946199999999997,61.135225000000005,63.01330000000007,1.4238999999999997,4.651725000000001,1.4892125,25.906262500000004,0.520310115017461,0.9575592925011822
121.2,24.55,335.3871,SSP5-8.5,2041-2060,5.303800000000024,59.318799999999996,31.53879999999981,1.2333999999999996,5.475900000000003,1.8034,26.3808,64.4108625,49.494462500000054,1.2559999999999998,5.2456875,1.717225,28.6259625,0.520310115017461,1.0207550728709736
121.2,24.6,331.4024,SSP5-8.5,2041-2060,4.031799999999976,58.7586,0.74579999999969,0.9137000000000022,7.398299999999999,1.760299999999999,27.1942,67.5254875,21.89024999999998,1.0487375,5.809050000000001,1.8782125000000003,32.373075,0.520310115017461,1.0839508532407651
121.2,24.65,302.8522,SSP5-8.5,2041-2060,10.777100000000019,71.41929999999999,-16.706100000000333,0.893699999999999,5.115500000000004,1.8966000000000012,35.6096,70.6310875,16.12334999999996,1.0503500000000003,6.2040875,1.624325,36.56225,0.520310115017461,1.147146633610552
121.2,24.7,276.8722,SSP5-8.5,2041-2060,8.466999999999985,76.89179999999999,-3.4697000000001026,1.1006,5.503399999999999,1.6379000000000001,43.3846,73.94534999999999,23.662612499999966,1.1366375,6.118525,1.3495625000000002,40.624275,0.520310115017461,1.2103424139803434
121.2,24.75,236.2187,SSP5-8.5,2041-2060,20.017999999999972,78.3141,33.86929999999984,1.0919999999999987,4.308599999999998,1.6585999999999999,45.8865,75.74199999999999,23.665999999999997,1.0682625,6.6,1.0327500000000003,43.5502375,0.520310115017461,1.273538194350135
121.2,24.8,178.2848,SSP5-8.5,2041-2060,14.409999999999997,76.01,5.5,0.5964999999999989,8.015500000000003,0.6913999999999998,45.1,74.76463749999999,18.52404999999996,0.9718624999999999,6.805174999999999,0.9592625000000004,43.64615,0.520310115017461,1.3367339747199263
121.2,24.85,172.0038,SSP5-8.5,2041-2060,9.822499999999991,72.6976,-23.88740000000007,0.5244999999999997,7.519000000000002,0.8810000000000002,42.6769,72.974525,15.946162499999957,0.9846624999999993,6.94505,0.45712500000000045,42.795424999999994,0.520310115017461,1.3999297550897176
121.2,24.9,157.3468,SSP5-8.5,2041-2060,9.229199999999992,70.1757,19.33439999999996,0.9895999999999994,6.086199999999998,0.05000000000000071,41.0865,71.92474999999999,14.23977499999998,1.1466000000000003,7.0019375,0.0064750000000000085,42.2060125,0.520310115017461,1.4631255354595045
121.2,24.95,144.8226,SSP5-8.5,2041-2060,12.51740000000001,71.4681,18.266599999999926,1.3975000000000009,5.863800000000005,-0.6569000000000003,40.6212,72.85929999999999,38.278437500000024,1.4236,6.2314625,-0.17801250000000013,43.19615,0.520310115017461,1.526321315829296
121.2,25.0,141.6057,SSP5-8.5,2041-2060,13.245499999999993,76.5793,36.243400000000065,1.7361000000000004,4.819000000000003,-0.2345000000000006,46.2538,74.2786625,57.93688750000001,1.5751375000000003,5.781887500000002,-0.18879999999999986,43.89305,0.520310115017461,1.5895170961990874
121.2,25.05,139.4125,SSP5-8.5,2041-2060,20.339699999999993,77.2425,68.00829999999996,1.6601999999999997,5.6240999999999985,0.003400000000000958,46.0731,75.5465625,75.50618750000001,1.661424999999999,5.3207,-0.10668749999999994,44.9163375,0.520310115017461,1.652712876568879
121.2,25.1,131.6031,SSP5-8.5,2041-2060,19.520399999999995,75.83160000000001,70.95820000000003,1.6137999999999977,6.391399999999997,-0.1983000000000006,44.86149999999999,75.60447500000001,79.4510625,1.6634124999999993,5.169187500000001,-0.030387499999999568,44.510325,0.520310115017461,1.7159086569386703
121.25,22.9,216.8963,SSP5-8.5,2041-2060,-7.9506999999999834,93.7911,46.57109999999989,2.3214000000000006,11.199999999999996,1.9931,45.509600000000006,86.2355875,87.59129999999999,2.2785500000000005,10.809050000000001,2.171325,41.0141875,0.6260039550986825,-1.0647056793321166
121.25,22.95,205.0974,SSP5-8.5,2041-2060,3.371600000000001,86.56960000000001,96.64239999999995,2.5274,13.234500000000004,2.187899999999999,39.8385,86.82826250000001,105.86524999999997,2.4103125000000003,9.6314625,2.2903000000000002,40.40985,0.6260039550986825,-1.0015098989623252
121.25,23.0,198.2906,SSP5-8.5,2041-2060,14.633399999999995,83.13409999999999,117.77310000000011,3.479800000000001,9.132800000000003,2.358600000000001,38.551899999999996,85.7938125,111.24642499999999,2.6609874999999996,8.804525,2.318975,39.559137500000006,0.6260039550986825,-0.9383141185925338
121.25,23.05,204.9055,SSP5-8.5,2041-2060,12.786100000000005,87.89720000000001,114.88790000000017,3.1179999999999986,4.024099999999997,2.4154999999999998,40.7654,83.991675,112.23001249999999,2.5760375000000004,8.3879375,2.4793125,38.414175,0.6260039550986825,-0.8751183382227424
121.25,23.1,235.0819,SSP5-8.5,2041-2060,-1.3862000000000023,86.8098,100.3076000000001,1.8412000000000006,8.079300000000003,2.730999999999999,40.6365,82.2299,107.29705000000001,2.2843500000000003,7.099337499999998,2.5338374999999997,36.8113,0.6260039550986825,-0.811922557852951
121.25,23.15,250.155,SSP5-8.5,2041-2060,-3.1521999999999935,79.49340000000001,101.2804000000001,1.9289999999999985,7.146499999999996,2.431,35.305800000000005,82.131275,93.03206250000002,1.9558750000000011,8.24115,2.5058249999999997,36.5016875,0.6260039550986825,-0.748726777483164
121.25,23.2,265.027,SSP5-8.5,2041-2060,-2.0743999999999687,79.47730000000001,92.18160000000012,2.2985000000000007,8.5017,2.4328000000000003,35.0654,81.2617875,96.32266250000004,2.11465,7.420887499999999,2.4935375,35.738225,0.6260039550986825,-0.6855309971133726
121.25,23.25,255.8634,SSP5-8.5,2041-2060,7.3770000000000095,86.6451,107.61799999999994,2.6758000000000024,8.177599999999998,2.6327999999999996,38.5423,81.91421249999999,125.158275,2.2733,7.5222,2.4959125,36.7187625,0.6260039550986825,-0.6223352167435812
121.25,23.3,241.7888,SSP5-8.5,2041-2060,22.32140000000001,87.9491,190.00699999999983,2.235800000000001,7.501699999999996,2.8086,40.8635,84.8230875,173.78108749999998,2.5025,7.1235,2.6230624999999996,39.0233125,0.6260039550986825,-0.5591394363737897
121.25,23.35,238.2871,SSP5-8.5,2041-2060,35.38159999999999,92.3049,272.95069999999987,2.5847000000000016,6.8344999999999985,2.812099999999999,45.0885,86.4677375,214.66775000000004,2.362025000000001,6.8217625,2.5228374999999996,40.0733125,0.6260039550986825,-0.4959436560039983
121.25,23.4,249.908,SSP5-8.5,2041-2060,32.574600000000004,83.75,290.61950000000024,2.459600000000002,6.4207,2.5671999999999997,38.967299999999994,87.62607500000001,234.13127500000002,2.2960000000000003,6.6433125,2.6995625,41.0081625,0.6260039550986825,-0.43274787563421135
121.25,23.45,255.8864,SSP5-8.5,2041-2060,32.922,92.63830000000002,286.6720999999998,2.2947000000000006,5.131,3.129299999999999,44.334599999999995,85.86533750000001,240.54158750000013,2.1499500000000005,6.078237500000001,2.8428875,40.163225,0.6260039550986825,-0.3695520952644199
121.25,23.5,265.0738,SSP5-8.5,2041-2060,32.73289999999997,91.17779999999999,296.4697000000001,2.2643000000000004,4.725900000000003,3.5707000000000004,45.6231,84.47402500000001,252.40370000000004,2.1012249999999995,5.5357875000000005,3.0282375000000004,39.7103375,0.6260039550986825,-0.3063563148946285
121.25,23.55,268.8578,SSP5-8.5,2041-2060,36.91950000000003,83.80250000000001,326.47580000000016,2.338799999999999,4.993099999999998,3.7966000000000015,39.4981,80.6093875,253.7411,2.099825,4.996350000000001,2.7135875,38.642075000000006,0.6260039550986825,-0.24316053452483705
121.25,23.6,227.2408,SSP5-8.5,2041-2060,42.55330000000001,72.20429999999999,262.41259999999966,2.2311000000000014,6.491399999999999,2.3758999999999997,32.463499999999996,77.26502500000001,247.68547500000003,2.1643,5.014875,2.3963375000000005,37.3057625,0.6260039550986825,-0.17996475415504562
121.25,23.65,198.6305,SSP5-8.5,2041-2060,42.56729999999999,73.3107,220.98660000000018,2.3180999999999994,5.7638,2.0862,34.5904,71.80695,223.64514999999994,2.1159250000000007,4.2284500000000005,2.0135750000000003,35.3867875,0.6260039550986825,-0.11676897378525869
121.25,23.7,192.2125,SSP5-8.5,2041-2060,32.557500000000005,65.40429999999999,197.78470000000016,1.9779000000000018,1.546599999999998,1.7723999999999993,33.4731,69.42328750000001,173.61169999999998,1.9513875000000003,3.4816750000000005,2.001075,34.287512500000005,0.6260039550986825,-0.053573193415467256
121.25,23.75,196.7212,SSP5-8.5,2041-2060,7.307499999999976,61.941,91.74170000000004,1.2138000000000009,0.5293000000000063,2.1792999999999996,30.030800000000003,65.134275,142.5836875,1.834950000000001,3.2900874999999985,1.8211125,31.769975,0.6260039550986825,0.009622586954324176
121.25,23.8,188.5517,SSP5-8.5,2041-2060,15.733699999999999,65.3306,87.8098,1.5653000000000006,3.5430999999999955,1.3034,28.648099999999996,59.1537125,108.62372500000001,1.6820375000000005,4.545475,1.8499875,26.9524125,0.6260039550986825,0.0728183673241156
121.25,23.85,197.332,SSP5-8.5,2041-2060,14.57850000000002,57.3246,102.98860000000013,1.6949000000000005,6.677599999999998,1.6740999999999993,22.7346,60.41618749999999,114.607025,1.7861250000000006,6.379312499999999,1.4527875000000001,26.8125125,0.6260039550986825,0.13601414769390704
121.25,23.9,202.9011,SSP5-8.5,2041-2060,14.893199999999979,60.7938,126.4665,1.9451,7.144800000000004,1.1585999999999999,27.349999999999998,61.299212499999996,143.07585,1.9857625,6.8288875,1.1116374999999998,26.599037499999998,0.6260039550986825,0.19920992806369398
121.25,23.95,198.7248,SSP5-8.5,2041-2060,24.574000000000012,68.0889,189.0025999999998,2.330499999999997,5.667200000000001,-0.07410000000000139,29.9385,64.2497375,192.5803375000001,2.384887500000001,6.0640125000000005,0.5877250000000003,28.6009625,0.6260039550986825,0.26240570843348543
121.25,24.0,184.3078,SSP5-8.5,2041-2060,58.11370000000002,62.9743,310.1833999999999,3.2988,3.6499999999999986,-0.07070000000000043,27.955800000000004,64.9699375,234.2128750000001,2.7037999999999998,4.633625,0.29398749999999985,28.300475000000002,0.6260039550986825,0.32560148880327683
121.25,24.05,199.552,SSP5-8.5,2041-2060,68.45689999999999,63.318,370.81860000000006,3.6855999999999973,2.412099999999999,0.027599999999999625,26.7923,64.66798750000001,256.11277500000006,2.9461500000000003,3.8329874999999993,0.17241250000000008,27.978125000000002,0.6260039550986825,0.3887972691730683
121.25,24.1,183.641,SSP5-8.5,2041-2060,45.949100000000016,68.3707,309.9184,3.360900000000001,2.4465999999999966,-0.09660000000000046,29.526900000000005,63.0538375,245.0446875,2.855412499999999,3.3368624999999996,0.3864249999999998,26.804325000000002,0.6260039550986825,0.4519930495428597
121.25,24.15,209.9447,SSP5-8.5,2041-2060,26.782699999999977,57.250400000000006,277.35260000000017,2.8019,2.1052,0.5068999999999999,23.2442,64.4982125,179.28617499999996,2.3159499999999995,3.619824999999999,0.25106249999999997,27.1524125,0.6260039550986825,0.5151888299126467
121.25,24.2,229.0998,SSP5-8.5,2041-2060,7.702300000000008,63.887800000000006,98.92720000000008,1.438399999999998,3.3155,0.3378999999999994,25.653800000000004,63.5215375,131.40673749999996,1.6385000000000005,3.6178874999999997,0.1961250000000001,26.30505,0.6260039550986825,0.578384610282438
121.25,24.25,225.2069,SSP5-8.5,2041-2060,4.930500000000023,65.98570000000001,55.01810000000023,0.4853000000000023,3.862099999999998,0.23789999999999978,27.153800000000004,63.9727375,88.26756249999988,1.1078875,3.6433250000000004,0.2657500000000004,26.2959125,0.6260039550986825,0.6415803906522295
121.25,24.3,209.9772,SSP5-8.5,2041-2060,8.407499999999999,65.1974,71.92769999999973,0.7036999999999978,3.212100000000003,0.36209999999999987,26.2692,61.4794,74.76722499999994,0.919525000000001,4.124375000000001,0.5015250000000002,25.1199375,0.6260039550986825,0.704776171022021
121.25,24.35,223.0774,SSP5-8.5,2041-2060,4.6995000000000005,62.25240000000001,88.84469999999965,1.0936000000000021,4.4620999999999995,1.4276,25.2769,57.253924999999995,70.17567499999993,1.0213499999999995,4.039237500000001,0.9368625000000004,23.0036,0.6260039550986825,0.7679719513918124
121.25,24.4,225.9841,SSP5-8.5,2041-2060,8.961799999999982,41.537600000000005,84.49539999999979,1.3400999999999996,5.0000000000000036,1.279300000000001,15.565400000000002,56.8372125,68.00887499999999,1.184875,4.088162499999999,1.2198250000000002,22.771625,0.6260039550986825,0.8311677317615993
121.25,24.45,242.0057,SSP5-8.5,2041-2060,8.209900000000005,47.4887,72.77610000000004,1.3919999999999995,3.8499999999999943,1.1448,18.182699999999997,58.0689875,73.81880000000001,1.3385374999999993,3.5497875,1.4355625000000003,22.962512500000003,0.6260039550986825,0.8943635121313908
121.25,24.5,273.7845,SSP5-8.5,2041-2060,7.041500000000042,61.3141,78.12870000000021,1.5375999999999976,3.2102999999999966,1.213799999999999,24.321199999999997,59.16618750000001,77.85696250000004,1.3793249999999997,3.8179124999999994,1.7064625000000002,24.034625,0.6260039550986825,0.9575592925011822
121.25,24.55,315.5168,SSP5-8.5,2041-2060,1.573500000000024,61.081,95.8425000000002,1.3735,3.9328000000000003,2.2241,26.7346,62.130050000000004,69.87813749999998,1.335975,4.193325,1.9370625,26.4315,0.6260039550986825,1.0207550728709736
121.25,24.6,338.8761,SSP5-8.5,2041-2060,-0.6206999999999994,65.2891,79.99170000000004,1.1233000000000004,4.517199999999999,2.1602999999999994,30.0692,63.8100625,49.54093749999993,1.2359875000000002,5.3569125,2.1099125,29.45985,0.6260039550986825,1.0839508532407651
121.25,24.65,318.885,SSP5-8.5,2041-2060,5.2774,65.581,3.4009000000000924,1.0395000000000003,6.760299999999997,1.7362000000000002,30.65,67.41772499999999,40.41944999999993,1.274,5.751937499999999,1.9818875000000002,33.754312500000005,0.6260039550986825,1.147146633610552
121.25,24.7,287.2491,SSP5-8.5,2041-2060,18.87729999999999,71.1489,50.508800000000065,1.4946999999999981,6.5535,1.7810000000000006,38.15,70.4902625,35.06424999999996,1.274175,6.356662499999999,1.7592625000000004,37.19085,0.6260039550986825,1.2103424139803434
121.25,24.75,249.5033,SSP5-8.5,2041-2060,28.975299999999976,75.2503,95.65430000000015,1.4709000000000003,7.767199999999995,1.6362000000000005,43.3519,72.70252500000001,40.94517499999995,1.2407124999999999,6.4456875,1.6068750000000003,40.5072,0.6260039550986825,1.273538194350135
121.25,24.8,195.4141,SSP5-8.5,2041-2060,17.516999999999996,75.7324,71.10429999999997,1.1597000000000008,5.189700000000002,1.5672000000000015,43.2731,73.42863750000001,49.14984999999993,1.1386625000000001,7.301074999999999,1.3454625000000004,42.27065,0.6260039550986825,1.3367339747199263
121.25,24.85,154.826,SSP5-8.5,2041-2060,15.798500000000018,70.32350000000001,75.87459999999987,1.0580999999999996,7.020699999999998,1.0155000000000012,40.8423,72.54554999999999,41.360362499999894,1.1269749999999998,7.248925000000001,0.8637875000000006,42.4648875,0.6260039550986825,1.3999297550897176
121.25,24.9,142.2652,SSP5-8.5,2041-2060,13.060599999999994,68.856,52.348199999999906,1.4103999999999992,7.213800000000003,-0.05339999999999989,39.9942,70.604325,34.01062499999992,1.2264374999999998,7.200000000000001,0.2989125000000006,41.3612875,0.6260039550986825,1.4631255354595045
121.25,24.95,139.2897,SSP5-8.5,2041-2060,12.577699999999993,69.28569999999999,18.86220000000003,1.4256000000000029,7.860300000000002,-0.39310000000000045,40.7596,70.8589625,45.47053749999998,1.4399124999999993,6.656900000000001,0.039437500000000236,41.7562375,0.6260039550986825,1.526321315829296
121.25,25.0,141.6408,SSP5-8.5,2041-2060,13.187099999999987,72.5613,63.052000000000135,1.5322999999999993,7.315499999999997,0.18619999999999948,42.4808,72.624,54.780937499999965,1.5517749999999997,6.304525000000001,-0.02586249999999979,42.891575,0.6260039550986825,1.5895170961990874
121.25,25.05,137.2724,SSP5-8.5,2041-2060,17.999899999999997,75.8994,79.86809999999991,1.5279999999999987,5.398299999999999,-0.05859999999999843,44.9538,74.4063625,75.93562499999999,1.6388874999999992,6.0726249999999995,0.1829750000000001,43.8574375,0.6260039550986825,1.652712876568879
121.25,25.1,130.315,SSP5-8.5,2041-2060,19.617099999999994,76.32069999999999,73.80669999999986,1.6098999999999997,5.627600000000001,-0.2085999999999988,44.7038,74.64711249999999,81.65628749999999,1.630349999999999,5.887275,0.12737500000000013,43.672825,0.6260039550986825,1.7159086569386703
121.3,22.95,212.7497,SSP5-8.5,2041-2060,2.1022000000000105,92.86560000000001,53.599500000000035,2.354700000000001,14.9466,2.2966000000000006,44.3942,86.3650875,104.87607499999996,2.6770125,9.469175,2.2609875,39.95,0.7316977951799037,-1.0015098989623252
121.3,23.0,206.4605,SSP5-8.5,2041-2060,9.936000000000007,88.02100000000002,89.39249999999993,2.7028999999999996,13.508599999999998,2.532800000000001,41.2981,86.9194125,102.46780000000001,2.7822250000000004,9.7957,2.4071,40.1636875,0.7316977951799037,-0.9383141185925338
121.3,23.05,210.6232,SSP5-8.5,2041-2060,10.820600000000013,84.22030000000001,98.5940999999998,3.503499999999999,8.329299999999996,2.5621,38.0788,86.0475625,107.24467500000003,2.432725,9.385562499999999,2.6471875,39.898075,0.7316977951799037,-0.8751183382227424
121.3,23.1,220.1791,SSP5-8.5,2041-2060,6.990099999999984,86.13499999999999,94.29229999999984,2.3430999999999997,11.193099999999994,2.5809999999999995,38.4154,84.39737500000001,96.20885000000004,2.3460125,9.1247625,2.69115,38.194225,0.7316977951799037,-0.811922557852951
121.3,23.15,238.9551,SSP5-8.5,2041-2060,0.6502000000000123,76.9286,78.4407000000001,2.1666000000000025,9.467199999999998,2.530999999999999,31.250000000000004,83.0326125,83.28045,2.098375,8.936187499999999,2.626725,37.0416,0.7316977951799037,-0.748726777483164
121.3,23.2,262.8138,SSP5-8.5,2041-2060,-4.4798999999999864,85.6767,49.97239999999988,1.9997000000000007,6.856899999999996,2.4983000000000004,38.8731,81.1333125,91.73161250000004,2.3451125,8.095675,2.5454875,35.3884625,0.7316977951799037,-0.6855309971133726
121.3,23.25,259.1125,SSP5-8.5,2041-2060,2.09069999999997,81.1696,117.30379999999991,2.624699999999997,7.441400000000002,2.8724000000000007,35.8115,83.27685,121.18772499999997,2.3994750000000007,7.4859874999999985,2.5610125,37.2300625,0.7316977951799037,-0.6223352167435812
121.3,23.3,251.4089,SSP5-8.5,2041-2060,18.9041,82.16560000000001,197.9991,2.4181000000000026,5.5259,2.6361999999999997,36.8885,85.924775,163.27469999999994,2.5984875,7.7881374999999995,2.673725,39.220425000000006,0.7316977951799037,-0.5591394363737897
121.3,23.35,264.1773,SSP5-8.5,2041-2060,21.728099999999984,87.03739999999999,179.82169999999996,2.5900999999999996,7.937900000000003,2.4361999999999995,38.9942,85.6937,196.934625,2.489662500000001,7.7687374999999985,2.6107875,39.218275000000006,0.7316977951799037,-0.4959436560039983
121.3,23.4,271.1424,SSP5-8.5,2041-2060,19.3082,89.42269999999999,185.44840000000022,2.1936,9.4241,2.5397,40.0346,87.103575,200.8018625,2.5087125000000006,7.578225,2.7174624999999994,40.250949999999996,0.7316977951799037,-0.43274787563421135
121.3,23.45,263.8152,SSP5-8.5,2041-2060,27.152600000000007,91.2534,196.78960000000006,2.0848999999999993,8.232800000000001,3.4017,42.9173,87.032325,204.72990000000007,2.3890000000000002,6.9784375,2.7997999999999994,40.628362499999994,0.7316977951799037,-0.3695520952644199
121.3,23.5,266.137,SSP5-8.5,2041-2060,39.74200000000002,89.9004,238.73370000000023,2.002299999999998,3.2155000000000022,3.2621,43.430800000000005,86.90536250000001,226.86092500000004,2.3843875,6.682975,3.2342874999999998,41.4903875,0.7316977951799037,-0.3063563148946285
121.3,23.55,253.8481,SSP5-8.5,2041-2060,54.64590000000004,84.4331,298.78560000000016,2.158800000000001,4.2621,3.819000000000001,42.575,84.1672125,244.96095000000003,2.324325,5.7174499999999995,2.9181250000000003,40.40361250000001,0.7316977951799037,-0.24316053452483705
121.3,23.6,231.6263,SSP5-8.5,2041-2060,54.3407,81.0162,306.5796,2.3034999999999997,3.2586000000000013,2.384500000000001,42.8365,78.68719999999999,250.3466,2.3224625,5.963362499999999,2.7612125,37.9476,0.7316977951799037,-0.17996475415504562
121.3,23.65,198.8598,SSP5-8.5,2041-2060,49.480500000000006,72.0378,251.09539999999993,2.4879,5.5207000000000015,2.1310000000000002,37.459599999999995,74.90158749999999,228.07019999999994,2.2524875000000004,5.158199999999999,2.2653,36.3665875,0.7316977951799037,-0.11676897378525869
121.3,23.7,198.088,SSP5-8.5,2041-2060,35.512699999999995,69.612,216.2844,2.3839000000000024,4.619,1.5586000000000002,33.9885,71.7864125,196.55617499999997,2.148675,4.0077750000000005,2.3340499999999995,35.5875,0.7316977951799037,-0.053573193415467256
121.3,23.75,206.5757,SSP5-8.5,2041-2060,26.2509,70.80940000000001,133.7065,2.1651999999999987,2.455199999999998,1.7931000000000008,36.2923,70.238775,170.1701875,2.0888875000000007,4.19765,2.1387875,33.589200000000005,0.7316977951799037,0.009622586954324176
121.3,23.8,210.7696,SSP5-8.5,2041-2060,25.921999999999997,71.6056,121.9199000000001,2.0397000000000016,6.379300000000001,1.8034,33.7404,66.1721125,153.10265000000004,2.1157874999999997,4.9123,2.0439625,30.508425000000003,0.7316977951799037,0.0728183673241156
121.3,23.85,217.8147,SSP5-8.5,2041-2060,31.83510000000001,53.37800000000001,141.14499999999998,2.162000000000001,7.6655000000000015,1.7378999999999998,22.125,66.1322625,152.89190000000008,2.2427124999999997,6.676724999999999,1.7773625,29.899775,0.7316977951799037,0.13601414769390704
121.3,23.9,216.9464,SSP5-8.5,2041-2060,33.25919999999999,64.49969999999999,174.48649999999998,2.347899999999999,7.984500000000001,1.6155000000000008,29.9462,61.593775,178.25033750000006,2.3949249999999997,6.4153,1.4469874999999996,26.731975,0.7316977951799037,0.19920992806369398
121.3,23.95,210.6926,SSP5-8.5,2041-2060,34.082899999999995,55.6207,224.56140000000005,2.557500000000001,5.689699999999998,1.293099999999999,23.5692,63.7096375,223.81482500000004,2.6522749999999995,5.1288625,0.9452750000000003,28.111800000000002,0.7316977951799037,0.26240570843348543
121.3,24.0,204.0411,SSP5-8.5,2041-2060,48.5805,63.428900000000006,301.18700000000035,3.1149000000000022,2.374100000000002,0.29660000000000153,27.255800000000004,61.770250000000004,268.8773875,2.895187499999999,3.5534499999999998,0.6538999999999999,26.394962500000002,0.7316977951799037,0.32560148880327683
121.3,24.05,201.9381,SSP5-8.5,2041-2060,59.2243,57.579100000000004,358.4537,3.362199999999998,0.6707000000000001,0.4466000000000001,23.675000000000004,62.1389,304.15598750000004,3.1772875,2.7321124999999995,0.38621250000000007,26.622125,0.7316977951799037,0.3887972691730683
121.3,24.1,183.4887,SSP5-8.5,2041-2060,48.506699999999995,59.521,403.82349999999997,3.8649999999999984,2.162099999999999,0.3309999999999995,25.0846,60.522600000000004,286.80927500000007,3.0132749999999997,2.3655249999999994,0.40754999999999963,25.4512,0.7316977951799037,0.4519930495428597
121.3,24.15,195.9269,SSP5-8.5,2041-2060,25.543000000000006,57.790400000000005,268.7022000000002,2.869399999999999,2.9017000000000017,0.29309999999999903,23.7058,60.3520375,219.94957500000004,2.4564375000000003,2.7788874999999993,0.4101124999999999,25.1749875,0.7316977951799037,0.5151888299126467
121.3,24.2,225.1123,SSP5-8.5,2041-2060,5.645600000000002,59.738299999999995,106.93139999999994,1.373000000000001,3.0930999999999997,0.2931000000000008,24.446200000000005,60.8950875,145.51167500000008,1.6877625000000007,3.2637875,0.4913749999999997,25.099737500000003,0.7316977951799037,0.578384610282438
121.3,24.25,236.656,SSP5-8.5,2041-2060,6.608599999999996,62.4054,114.62789999999995,1.007900000000003,3.0,0.12759999999999927,24.9442,61.81825,82.41277499999995,1.0784250000000002,3.4521625000000005,0.6816875,25.291812500000002,0.7316977951799037,0.6415803906522295
121.3,24.3,221.4116,SSP5-8.5,2041-2060,5.309200000000004,63.05689999999999,91.42819999999983,0.7636000000000003,3.153500000000001,1.0897000000000006,26.019199999999998,62.000825000000006,65.9283999999999,0.8959000000000006,3.812075,0.8081999999999998,25.098300000000002,0.7316977951799037,0.704776171022021
121.3,24.35,219.0711,SSP5-8.5,2041-2060,4.238799999999998,61.0254,40.57830000000013,0.6895999999999987,4.713800000000003,1.0,24.6346,59.8124125,47.82836249999983,0.9429750000000001,3.8459125000000007,1.1937625,23.948062500000002,0.7316977951799037,0.7679719513918124
121.3,24.4,223.1844,SSP5-8.5,2041-2060,7.260699999999986,62.0699,37.18599999999992,0.8401999999999994,2.543099999999999,1.7654999999999994,24.8615,56.721787500000005,35.281999999999954,1.0100124999999998,4.3967624999999995,1.2327625000000002,22.660087500000003,0.7316977951799037,0.8311677317615993
121.3,24.45,221.8939,SSP5-8.5,2041-2060,14.115399999999994,55.7299,61.70810000000006,1.3069999999999986,3.9120999999999952,1.3483,23.1192,57.325525,41.2833875,1.1680999999999995,3.609037499999999,1.3344874999999998,22.616837500000003,0.7316977951799037,0.8943635121313908
121.3,24.5,233.9166,SSP5-8.5,2041-2060,12.33620000000002,61.5692,76.66919999999982,1.287700000000001,2.1000000000000014,1.5275999999999996,23.2731,58.552737500000006,74.57440000000008,1.3649749999999994,3.601087499999998,1.646775,24.028850000000002,0.7316977951799037,0.9575592925011822
121.3,24.55,262.7394,SSP5-8.5,2041-2060,5.969200000000001,60.4716,109.49119999999994,1.3917000000000002,3.9328000000000003,2.769,24.0577,61.109212500000005,89.48690000000002,1.45975,3.0394374999999987,1.9672375,26.174274999999998,0.7316977951799037,1.0207550728709736
121.3,24.6,277.6191,SSP5-8.5,2041-2060,8.455100000000016,66.30510000000001,99.50660000000016,1.6036000000000001,3.4775999999999954,2.720700000000001,31.209600000000002,62.1770625,86.33584999999994,1.4493625000000008,4.609699999999999,2.2280125,28.047825,0.7316977951799037,1.0839508532407651
121.3,24.65,301.9903,SSP5-8.5,2041-2060,13.24630000000002,67.54509999999999,72.50779999999986,1.4388000000000005,6.762099999999997,1.9690000000000012,33.8423,64.6017875,71.23176249999995,1.5356125000000005,5.2211124999999985,2.1823125,31.1120125,0.7316977951799037,1.147146633610552
121.3,24.7,308.3239,SSP5-8.5,2041-2060,16.630100000000027,61.9839,40.27070000000003,1.6235999999999997,6.687899999999999,1.9292999999999996,30.574999999999996,68.8821375,66.12929999999994,1.5369000000000006,7.017024999999999,1.8956750000000002,35.6072125,0.7316977951799037,1.2103424139803434
121.3,24.75,270.9052,SSP5-8.5,2041-2060,27.621700000000033,66.9366,54.98680000000013,1.5343000000000018,7.948300000000003,1.6103000000000005,34.2269,71.22694999999999,67.53432499999991,1.4754750000000003,6.750862499999999,1.8814500000000003,39.2704375,0.7316977951799037,1.273538194350135
121.3,24.8,216.2419,SSP5-8.5,2041-2060,20.432800000000015,74.6025,74.79119999999966,1.324300000000001,7.358599999999999,1.9793000000000003,43.4615,71.9502625,66.56988749999996,1.3646625000000006,7.1157375,1.5538625000000006,40.7872625,0.7316977951799037,1.3367339747199263
121.3,24.85,177.3614,SSP5-8.5,2041-2060,14.731400000000008,73.2945,76.40999999999985,1.508700000000001,8.470699999999997,1.2914000000000012,42.6192,71.37129999999999,57.62693749999994,1.2848374999999996,6.7944,1.1146500000000006,41.6552875,0.7316977951799037,1.3999297550897176
121.3,24.9,149.5874,SSP5-8.5,2041-2060,17.543299999999988,68.9957,55.282199999999875,1.5020999999999987,8.137900000000002,0.503400000000001,41.5077,69.95942499999998,45.3655,1.3407999999999993,7.039875,0.4532375000000004,41.2596,0.7316977951799037,1.4631255354595045
121.3,24.95,142.3323,SSP5-8.5,2041-2060,15.8296,68.5938,31.942399999999907,1.4053999999999967,6.641400000000001,-0.29999999999999893,40.776900000000005,69.393875,48.97417500000003,1.4376874999999996,7.187712500000002,0.2685375000000001,41.2072,0.7316977951799037,1.526321315829296
121.3,25.0,140.2247,SSP5-8.5,2041-2060,16.312699999999978,69.6418,87.29510000000005,1.5458999999999996,7.177600000000002,0.8207000000000004,41.3288,70.492175,50.31597500000001,1.4848124999999994,6.8849125,0.0558249999999999,41.597350000000006,0.7316977951799037,1.5895170961990874
121.3,25.05,133.8473,SSP5-8.5,2041-2060,16.425200000000018,72.28139999999999,97.76139999999987,1.7154999999999987,7.051699999999997,0.612099999999999,42.3654,72.41985,71.51400000000001,1.5709749999999998,6.512712500000001,0.23450000000000026,42.285799999999995,0.7316977951799037,1.652712876568879
121.3,25.1,127.6105,SSP5-8.5,2041-2060,20.89099999999999,74.79230000000001,110.35989999999993,1.6973999999999982,4.574100000000001,0.482800000000001,42.7923,73.50742499999998,74.67677499999996,1.5990499999999996,6.449999999999999,0.1232875000000001,42.785799999999995,0.7316977951799037,1.7159086569386703
121.3,25.15,130.2116,SSP5-8.5,2041-2060,16.18180000000001,73.20599999999999,66.4706000000001,1.5276999999999994,6.1259000000000015,0.17929999999999957,41.4,74.13512499999999,81.54163749999992,1.6142124999999998,6.2821,0.1883750000000003,43.4492625,0.7316977951799037,1.7791044373084572
121.35,23.05,216.5907,SSP5-8.5,2041-2060,6.4047999999999945,89.68650000000001,98.37720000000013,2.081500000000002,13.562100000000001,2.8672000000000004,42.653800000000004,86.022125,101.74292499999999,2.4639124999999993,9.527349999999998,2.7306,39.17115,0.837391635261125,-0.8751183382227424
121.35,23.1,223.9805,SSP5-8.5,2041-2060,4.438799999999986,86.2262,101.76499999999987,1.8171999999999997,11.908599999999996,3.3155,40.3731,84.42699999999999,101.40557500000003,2.3067375,9.9271375,2.7377,37.5843625,0.837391635261125,-0.811922557852951
121.35,23.15,217.1935,SSP5-8.5,2041-2060,8.738499999999988,83.917,76.01790000000005,2.3110999999999997,10.481000000000002,2.6759000000000004,36.4904,82.6504625,94.46189999999999,2.13095,9.534037499999998,2.7420125000000004,36.0735625,0.837391635261125,-0.748726777483164
121.35,23.2,235.3941,SSP5-8.5,2041-2060,2.4542999999999893,76.5255,50.42640000000006,2.2471999999999994,7.322400000000002,2.3483,31.1731,82.461975,102.398575,2.3144374999999995,8.9668,2.6793125,36.155037500000006,0.837391635261125,-0.6855309971133726
121.35,23.25,226.3064,SSP5-8.5,2041-2060,7.88300000000001,84.91,110.58410000000003,2.507999999999999,6.2276000000000025,2.4396999999999993,39.4692,82.39355,128.32436249999995,2.4583624999999993,8.446549999999998,2.7140125,36.156000000000006,0.837391635261125,-0.6223352167435812
121.35,23.3,217.9439,SSP5-8.5,2041-2060,21.87979999999999,82.8655,170.71319999999992,2.8126999999999995,9.774099999999997,2.6914,36.9654,83.82955,164.023825,2.5895249999999996,7.853225,2.8118625,37.442525,0.837391635261125,-0.5591394363737897
121.35,23.35,247.5784,SSP5-8.5,2041-2060,18.578599999999994,84.5166,157.19910000000004,2.7561,8.410299999999996,2.6966,38.028800000000004,84.92531249999999,178.21904999999998,2.5294500000000006,8.313775,2.8002249999999997,38.0959125,0.837391635261125,-0.4959436560039983
121.35,23.4,262.7087,SSP5-8.5,2041-2060,17.616799999999955,82.5752,110.53999999999996,2.4567000000000014,8.258599999999998,2.134499999999999,36.9096,86.0462,172.4774125,2.5359125000000002,8.639,2.8760874999999997,39.07715,0.837391635261125,-0.43274787563421135
121.35,23.45,243.0505,SSP5-8.5,2041-2060,26.532100000000014,82.75280000000001,111.82220000000007,2.8428999999999984,9.399999999999999,2.562099999999999,36.7673,86.347125,166.45723750000002,2.4416,8.2825375,2.7952749999999997,39.930287500000006,0.837391635261125,-0.3695520952644199
121.35,23.5,239.3016,SSP5-8.5,2041-2060,29.019499999999994,84.04140000000001,117.53359999999998,2.597900000000001,9.2517,2.6327999999999996,38.9596,85.0886625,182.52211250000005,2.5207124999999997,7.658625000000001,2.9289,40.05625,0.837391635261125,-0.3063563148946285
121.35,23.55,232.5434,SSP5-8.5,2041-2060,44.49940000000001,85.14359999999999,180.3388,2.492799999999999,7.467199999999998,2.9620999999999995,41.2481,83.48058750000001,201.79818750000004,2.47815,6.661850000000001,2.655625,39.749275,0.837391635261125,-0.24316053452483705
121.35,23.6,240.6029,SSP5-8.5,2041-2060,47.15729999999999,86.0515,231.14380000000006,2.3638999999999992,6.336199999999998,2.3603000000000005,39.169200000000004,79.93480000000001,219.043975,2.443975,6.45215,2.590525,39.09495,0.837391635261125,-0.17996475415504562
121.35,23.65,236.2236,SSP5-8.5,2041-2060,40.33919999999998,72.51410000000001,231.53419999999983,2.1883,6.872399999999999,2.5585999999999984,36.5769,79.14643749999999,218.37901249999993,2.4345125000000003,6.071125,2.2536625,37.8524,0.837391635261125,-0.11676897378525869
121.35,23.7,250.289,SSP5-8.5,2041-2060,33.49189999999999,79.0996,157.83569999999963,2.2531999999999996,6.377599999999999,3.0259,37.8346,76.1348,220.46307499999998,2.4203375000000005,5.703887499999999,2.246975,36.79615,0.837391635261125,-0.053573193415467256
121.35,23.75,267.4969,SSP5-8.5,2041-2060,42.9948,79.17439999999999,287.7646,2.584999999999999,2.996600000000001,3.1258999999999997,38.4423,74.34219999999999,184.59312499999996,2.3531250000000004,6.2504374999999985,2.2269375,35.12765,0.837391635261125,0.009622586954324176
121.35,23.8,253.1649,SSP5-8.5,2041-2060,39.018700000000024,69.74270000000001,200.22070000000008,2.6922999999999995,7.589700000000001,2.3414,32.555800000000005,71.8250625,180.42650000000003,2.3971125,6.235775,2.2961124999999996,33.3372625,0.837391635261125,0.0728183673241156
121.35,23.85,261.0585,SSP5-8.5,2041-2060,48.769600000000025,71.6762,179.4443000000001,2.8477999999999994,7.8414,2.1966,33.2385,67.2665125,189.29708750000003,2.4641124999999997,6.9071,2.1812375,29.893275,0.837391635261125,0.13601414769390704
121.35,23.9,256.0584,SSP5-8.5,2041-2060,50.1601,68.0849,229.79890000000023,2.808699999999998,6.253399999999999,2.1258999999999997,30.9846,62.7552875,198.12445000000002,2.6000625,6.5271625,1.831675,26.763225,0.837391635261125,0.19920992806369398
121.35,23.95,241.2656,SSP5-8.5,2041-2060,46.91980000000001,57.783100000000005,232.59540000000015,2.812899999999999,4.3828,1.4638000000000009,23.9154,63.33951249999999,222.60487500000005,2.6249875000000005,5.388350000000001,1.4500125000000001,27.1185125,0.837391635261125,0.26240570843348543
121.35,24.0,253.4908,SSP5-8.5,2041-2060,45.026399999999995,64.0235,226.79829999999993,2.5594,3.5741000000000014,1.0466000000000015,27.5481,61.9019375,233.3742000000001,2.740775,4.219825,1.0192,26.1766875,0.837391635261125,0.32560148880327683
121.35,24.05,255.8123,SSP5-8.5,2041-2060,41.32409999999999,64.77439999999999,238.60570000000007,2.5546000000000006,2.3810000000000002,1.0983,27.7654,61.56014999999999,253.814275,2.9303749999999997,3.5700375,0.6067000000000002,26.1077,0.837391635261125,0.3887972691730683
121.35,24.1,214.4599,SSP5-8.5,2041-2060,24.904300000000006,50.700399999999995,271.913,2.979099999999999,2.8568999999999996,0.4568999999999992,21.048099999999998,62.358625,236.33010000000002,2.8209249999999995,3.477375,0.5366499999999998,26.355287500000003,0.837391635261125,0.4519930495428597
121.35,24.15,215.3173,SSP5-8.5,2041-2060,11.360500000000002,64.3974,198.71000000000004,2.4925000000000033,3.1499999999999986,0.5275999999999996,27.8519,59.9123125,180.05783749999995,2.3145499999999997,3.7892375,0.5907249999999997,24.898325,0.837391635261125,0.5151888299126467
121.35,24.2,255.9653,SSP5-8.5,2041-2060,-0.3194000000000017,58.9503,92.02050000000008,1.3407000000000018,3.101700000000001,0.924100000000001,24.544200000000004,61.5294625,112.1534375,1.6956375000000001,4.010775000000001,0.6659499999999996,25.5658625,0.837391635261125,0.578384610282438
121.35,24.25,256.3137,SSP5-8.5,2041-2060,2.192200000000014,56.493300000000005,58.734899999999925,1.065999999999999,4.674099999999999,0.9758999999999993,23.700000000000003,60.7575375,69.06922499999996,1.228612500000001,3.589662500000001,0.8362125,24.7865375,0.837391635261125,0.6415803906522295
121.35,24.3,226.5923,SSP5-8.5,2041-2060,13.179300000000012,61.2363,84.3141999999998,1.4567000000000014,3.2052000000000014,1.2327999999999992,24.548099999999998,59.870774999999995,52.46168750000004,0.9990875000000004,3.801075000000001,0.8375125000000001,24.2586375,0.837391635261125,0.704776171022021
121.35,24.35,215.3445,SSP5-8.5,2041-2060,4.4358,61.4107,13.381399999999758,0.6644000000000005,3.367199999999997,1.101700000000001,24.2596,60.7014375,31.050825000000003,1.0014750000000001,3.9194000000000013,1.0562749999999999,24.51345,0.837391635261125,0.7679719513918124
121.35,24.4,218.0868,SSP5-8.5,2041-2060,8.008899999999983,61.738099999999996,-88.95069999999987,0.6814999999999998,5.824100000000001,1.2913999999999994,24.784599999999998,61.76105,25.42572499999997,1.0086624999999994,4.096549999999999,1.1566875,25.4987875,0.837391635261125,0.8311677317615993
121.35,24.45,218.0459,SSP5-8.5,2041-2060,13.65900000000002,62.5915,9.422700000000077,0.9118999999999993,4.044799999999999,1.2690000000000001,25.457700000000003,62.586237499999996,23.73246249999994,1.1669999999999998,3.7088374999999996,1.3187624999999998,26.01515,0.837391635261125,0.8943635121313908
121.35,24.5,238.1233,SSP5-8.5,2041-2060,22.83419999999998,60.295100000000005,60.53970000000004,1.3537999999999997,2.299999999999997,1.1844999999999999,24.488500000000002,61.388125,62.36869999999993,1.3848249999999998,3.6726499999999995,1.6571250000000002,25.783425,0.837391635261125,0.9575592925011822
121.35,24.55,256.441,SSP5-8.5,2041-2060,18.58510000000001,59.45,108.6862000000001,1.6523000000000003,3.6259000000000015,2.0207000000000015,25.8692,59.7349875,92.88877499999992,1.5653875000000004,2.471349999999999,2.0306125,25.365874999999996,0.837391635261125,1.0207550728709736
121.35,24.6,250.5095,SSP5-8.5,2041-2060,19.520899999999983,53.570100000000004,116.5305999999996,1.7462000000000018,1.1516999999999982,2.6861999999999995,23.428799999999995,61.580625,105.15036249999991,1.6609250000000002,3.7860124999999987,2.2810375,27.8851,0.837391635261125,1.0839508532407651
121.35,24.65,265.6146,SSP5-8.5,2041-2060,19.836900000000014,64.42859999999999,104.23589999999967,1.8296000000000028,6.194800000000001,2.2585999999999995,29.730800000000002,62.83495,94.80739999999997,1.7025625000000004,4.129749999999998,2.3444000000000003,30.2713875,0.837391635261125,1.147146633610552
121.35,24.7,295.0779,SSP5-8.5,2041-2060,19.039699999999982,68.5076,75.4088999999999,1.8244000000000007,6.425899999999999,2.1861999999999995,35.0827,65.9877375,86.29866249999992,1.6634625000000005,6.2183125,2.0584,33.101924999999994,0.837391635261125,1.2103424139803434
121.35,24.75,290.8384,SSP5-8.5,2041-2060,21.234800000000007,71.65899999999999,72.33099999999968,1.6630000000000003,7.7241000000000035,1.9878999999999998,39.8231,68.0020875,77.050925,1.5690875000000006,6.596975,1.8657375,36.158175,0.837391635261125,1.273538194350135
121.35,24.8,259.6651,SSP5-8.5,2041-2060,17.250699999999995,70.93100000000001,60.20539999999983,1.2432000000000016,6.299999999999997,1.9845000000000006,40.446200000000005,70.5317,67.53606250000001,1.4890250000000003,7.115725000000001,1.5334,39.4225875,0.837391635261125,1.3367339747199263
121.35,24.85,214.0627,SSP5-8.5,2041-2060,16.873899999999992,71.47479999999999,25.99270000000024,1.279399999999999,6.505200000000002,1.3378999999999994,41.715399999999995,71.5038875,56.88329999999999,1.3578125,6.874337499999999,1.2357875000000005,41.662737500000006,0.837391635261125,1.3999297550897176
121.35,24.9,163.7108,SSP5-8.5,2041-2060,17.823000000000008,70.05449999999999,45.41690000000017,1.3014999999999972,6.629300000000001,0.5828000000000007,42.0019,70.1096875,35.090750000000014,1.3658624999999995,7.0066875,0.8249875000000004,41.610575,0.837391635261125,1.4631255354595045
121.35,24.95,153.6637,SSP5-8.5,2041-2060,16.888599999999997,67.7926,36.077,1.337299999999999,5.9776000000000025,0.14480000000000004,41.3673,69.3327875,41.9354625,1.423437499999999,6.916175000000001,0.6569000000000005,41.399275,0.837391635261125,1.526321315829296
121.35,25.0,151.0352,SSP5-8.5,2041-2060,10.3022,67.9634,33.45980000000009,1.4464000000000006,7.189700000000002,0.35689999999999955,40.2173,69.53359999999999,49.32599999999999,1.535687499999999,7.0388,0.41508750000000016,41.412975,0.837391635261125,1.5895170961990874
121.35,25.05,144.0754,SSP5-8.5,2041-2060,14.942000000000007,69.5598,41.504900000000134,1.4879999999999995,7.6448,-0.10170000000000101,39.8577,71.282025,67.17108749999997,1.6218999999999997,6.842675,0.45562499999999995,41.9737875,0.837391635261125,1.652712876568879
121.35,25.1,135.6902,SSP5-8.5,2041-2060,19.10130000000001,72.62010000000001,82.76549999999997,1.7199000000000026,7.174100000000003,0.3982999999999999,41.951899999999995,72.3186625,65.79056249999996,1.58595,6.97305,0.2321249999999998,42.2634625,0.837391635261125,1.7159086569386703
121.35,25.15,133.6245,SSP5-8.5,2041-2060,16.496899999999982,72.34039999999999,84.27879999999982,1.5896000000000008,6.1861999999999995,0.36380000000000123,42.1923,72.18707500000001,58.62281250000001,1.4797000000000002,6.387275000000001,0.08988749999999956,42.175962500000004,0.837391635261125,1.7791044373084572
121.4,23.1,213.0608,SSP5-8.5,2041-2060,11.49260000000001,84.95049999999999,138.68610000000012,2.0742999999999974,8.694799999999997,3.0310000000000006,37.3115,83.02250000000001,92.67897500000001,2.1707750000000003,10.5954625,2.7437375,36.4435125,0.9430854753423764,-0.811922557852951
121.4,23.15,207.1675,SSP5-8.5,2041-2060,14.724800000000016,82.7683,126.52870000000007,2.1326,9.610300000000002,2.9224000000000006,35.8385,82.8199875,100.50678750000003,2.1838374999999997,10.385762499999998,2.7829625,36.3449375,0.9430854753423764,-0.748726777483164
121.4,23.2,202.9342,SSP5-8.5,2041-2060,17.561000000000007,81.99289999999999,115.58359999999993,2.2668999999999997,11.219000000000001,2.7086000000000006,35.3538,83.43757500000001,109.60150000000002,2.321312499999999,8.5782125,2.7340625000000003,36.6673,0.9430854753423764,-0.6855309971133726
121.4,23.25,192.7873,SSP5-8.5,2041-2060,22.382900000000006,82.33269999999999,144.75739999999996,2.505899999999997,10.430999999999997,2.7862,36.153800000000004,82.52699999999999,141.90132499999999,2.4654,8.686200000000001,2.8202625,36.0745125,0.9430854753423764,-0.6223352167435812
121.4,23.3,189.4785,SSP5-8.5,2041-2060,30.574399999999997,86.41990000000001,179.83899999999994,2.7916999999999987,9.0017,3.170700000000001,38.0288,83.91941249999999,162.51252499999995,2.5550249999999997,8.4851125,2.8808249999999997,37.6298,0.9430854753423764,-0.5591394363737897
121.4,23.35,214.6207,SSP5-8.5,2041-2060,37.717900000000014,82.0846,224.68640000000005,2.521600000000003,7.850000000000001,3.4569,36.165400000000005,84.5078625,158.67641249999994,2.5642374999999995,8.53575,2.830825,37.8439875,0.9430854753423764,-0.4959436560039983
121.4,23.4,225.7963,SSP5-8.5,2041-2060,34.232,86.8316,176.7045999999998,2.4511000000000003,8.7379,3.336199999999999,40.7808,83.75211250000001,150.3998375,2.6277125000000003,8.4245625,2.7476374999999997,37.660812500000006,0.9430854753423764,-0.43274787563421135
121.4,23.45,214.7204,SSP5-8.5,2041-2060,35.49169999999998,84.4705,147.3472999999999,2.8470000000000013,9.119,2.5793,38.9288,83.676175,137.92942499999995,2.6734375,8.568737500000001,2.6816999999999993,38.1793375,0.9430854753423764,-0.3695520952644199
121.4,23.5,220.4992,SSP5-8.5,2041-2060,37.28479999999999,82.2818,158.5607,2.899300000000002,10.020700000000001,2.4759,37.4808,83.06525,133.62076249999996,2.7742875,8.660125,2.6286875,38.2314875,0.9430854753423764,-0.3063563148946285
121.4,23.55,226.6173,SSP5-8.5,2041-2060,36.496500000000026,80.47370000000001,127.79899999999998,2.837699999999998,9.5517,2.3689999999999998,37.1019,82.6244375,145.711125,2.6771249999999998,7.974350000000001,2.54355,37.925975,0.9430854753423764,-0.24316053452483705
121.4,23.6,249.4343,SSP5-8.5,2041-2060,36.28489999999999,79.6466,135.2494999999999,2.6617999999999995,7.3983000000000025,1.9413999999999998,36.4404,81.23361249999999,172.18588750000004,2.567925,7.767449999999998,2.4997875,37.669,0.9430854753423764,-0.17996475415504562
121.4,23.65,262.2052,SSP5-8.5,2041-2060,24.716700000000003,84.2133,220.9697000000001,2.421000000000003,7.286199999999997,2.5586,38.5212,79.9732375,184.65927499999995,2.5629499999999994,7.106249999999999,2.3431124999999997,36.9108125,0.9430854753423764,-0.11676897378525869
121.4,23.7,262.7116,SSP5-8.5,2041-2060,27.87910000000005,81.4945,227.8739999999998,2.6008999999999993,7.7723999999999975,2.068999999999999,36.569199999999995,79.89543750000001,206.7018125,2.5043000000000006,6.911637499999999,2.4211374999999995,37.6502375,0.9430854753423764,-0.053573193415467256
121.4,23.75,249.325,SSP5-8.5,2041-2060,28.689900000000023,79.2229,194.47580000000016,2.5305000000000017,8.1086,2.180999999999999,36.5192,78.74785,196.81337499999998,2.431899999999999,6.893112499999999,2.4692125,36.8177875,0.9430854753423764,0.009622586954324176
121.4,23.8,285.1217,SSP5-8.5,2041-2060,17.800100000000043,73.1509,224.42799999999988,2.159299999999998,6.701699999999999,3.043099999999999,33.5212,77.26622499999999,177.53468750000013,2.5010499999999998,7.4711375,2.34765,35.5245125,0.9430854753423764,0.0728183673241156
121.4,23.85,276.9052,SSP5-8.5,2041-2060,36.9803,75.5831,160.52790000000005,2.6874000000000002,7.7379,2.4879,32.8192,71.07288750000001,190.98665000000014,2.547874999999999,6.941387499999999,2.3079875000000003,30.964662500000003,0.9430854753423764,0.13601414769390704
121.4,23.9,283.5294,SSP5-8.5,2041-2060,53.43520000000001,62.087199999999996,261.84979999999996,2.8156,4.944800000000001,2.2948000000000004,23.453799999999998,68.1955625,188.2201250000001,2.6876124999999993,6.6392375,2.0090625,28.6771625,0.9430854753423764,0.19920992806369398
121.4,23.95,272.3215,SSP5-8.5,2041-2060,51.15459999999996,61.414300000000004,210.38529999999992,2.5694000000000017,5.970700000000001,1.5637999999999987,25.0385,65.9482,199.53347500000007,2.629062499999999,5.6144375,1.6704750000000004,27.294225,0.9430854753423764,0.26240570843348543
121.4,24.0,285.9052,SSP5-8.5,2041-2060,37.516800000000046,67.55689999999998,151.77179999999998,2.2264999999999997,6.3155,1.3637999999999995,29.1519,65.5065875,187.039875,2.6227749999999994,5.239650000000001,1.2340625000000003,27.842075,0.9430854753423764,0.32560148880327683
121.4,24.05,298.1246,SSP5-8.5,2041-2060,23.406299999999987,67.0581,149.43330000000014,2.7281999999999975,5.9741,0.627600000000001,29.042299999999997,63.9273125,184.9273624999999,2.576025,4.6627125000000005,0.9193999999999998,27.276925,0.9430854753423764,0.3887972691730683
121.4,24.1,280.8568,SSP5-8.5,2041-2060,11.66719999999998,62.6133,167.13359999999966,2.6077000000000012,4.6328,0.28449999999999953,26.055800000000005,63.44485,169.60428749999994,2.5226749999999996,4.3025875,0.7459124999999998,27.2261875,0.9430854753423764,0.4519930495428597
121.4,24.15,300.9809,SSP5-8.5,2041-2060,-4.2117000000000075,65.1353,105.77880000000005,2.087799999999998,5.9466,0.6844999999999999,27.661500000000004,62.232125,136.71581249999986,2.1614750000000003,4.1784625,0.8131374999999998,26.212737500000003,0.9430854753423764,0.5151888299126467
121.4,24.2,324.1519,SSP5-8.5,2041-2060,-14.59680000000003,64.8495,24.159699999999702,1.393699999999999,5.619,1.4585999999999988,26.6404,63.28865,81.92384999999999,1.6738749999999993,4.2661625,0.9200375000000001,26.954075,0.9430854753423764,0.578384610282438
121.4,24.25,276.7358,SSP5-8.5,2041-2060,-3.567199999999957,61.426100000000005,19.582600000000184,1.274799999999999,3.7017000000000024,0.9672000000000001,25.5769,61.106337499999995,34.44976249999996,1.3014000000000001,4.435137500000001,1.0657375,25.2841375,0.9430854753423764,0.6415803906522295
121.4,24.3,230.4741,SSP5-8.5,2041-2060,7.5023000000000195,54.3975,19.489300000000185,1.2185000000000024,3.8431000000000033,0.5966000000000005,21.573100000000004,58.313137499999996,23.537950000000023,1.1622749999999997,3.7814625000000004,1.0271624999999998,23.6562375,0.9430854753423764,0.704776171022021
121.4,24.35,225.9675,SSP5-8.5,2041-2060,5.52940000000001,58.750899999999994,61.87090000000035,1.3079,3.9552000000000014,0.8414000000000001,23.361499999999996,57.102975,11.86161249999995,1.1196250000000005,3.7506375000000007,0.9935624999999999,22.819225,0.9430854753423764,0.7679719513918124
121.4,24.4,220.9495,SSP5-8.5,2041-2060,8.122199999999992,63.336499999999994,2.4903999999996813,1.053799999999999,4.1172,0.6327999999999996,26.325,58.336475,20.88823750000003,1.1726999999999999,3.9971875,1.167475,23.8322125,0.9430854753423764,0.8311677317615993
121.4,24.45,228.7963,SSP5-8.5,2041-2060,11.98769999999999,69.17360000000001,-23.2320000000002,1.2944999999999993,6.119,1.2948000000000004,31.971200000000003,62.060337499999996,34.487674999999996,1.2921,3.758825,1.256275,25.985825,0.9430854753423764,0.8943635121313908
121.4,24.5,258.4791,SSP5-8.5,2041-2060,25.454199999999958,66.7776,63.44900000000007,1.5175000000000018,2.755200000000002,1.5052000000000003,29.2981,63.579925,64.41061249999996,1.4787999999999997,4.1090624999999985,1.5765125000000002,27.8961625,0.9430854753423764,0.9575592925011822
121.4,24.55,271.0039,SSP5-8.5,2041-2060,25.434799999999996,55.3416,92.7551999999996,1.7159999999999975,2.8913999999999973,1.5223999999999993,23.2212,62.11568750000001,103.14122499999999,1.6797500000000007,3.1956999999999995,2.0314625,27.796387499999998,0.9430854753423764,1.0207550728709736
121.4,24.6,252.2096,SSP5-8.5,2041-2060,33.278699999999986,53.5496,124.16870000000017,1.906600000000001,1.1620999999999988,2.3293,23.949999999999996,61.04665,126.31007499999987,1.7836250000000002,3.8836249999999994,2.3019249999999998,27.954325,0.9430854753423764,1.0839508532407651
121.4,24.65,243.4296,SSP5-8.5,2041-2060,36.62009999999998,65.55340000000001,129.8512999999998,1.7487999999999992,2.2413999999999987,2.6586,31.2,59.1563625,124.95476249999996,1.8350500000000007,4.379524999999999,2.3538749999999995,27.7740375,0.9430854753423764,1.147146633610552
121.4,24.7,262.8641,SSP5-8.5,2041-2060,34.2054,65.6648,100.21460000000025,1.7285000000000004,5.129299999999997,2.2759,32.8827,62.975575,122.7155499999999,1.7710000000000004,5.5293125000000005,2.2107624999999995,31.1048125,0.9430854753423764,1.2103424139803434
121.4,24.75,272.7705,SSP5-8.5,2041-2060,24.690199999999948,64.1305,115.99119999999994,1.7410999999999994,7.058600000000002,1.7775999999999996,32.5346,65.8935625,104.2066625,1.6373875000000009,5.673275,1.9517375,34.806987500000005,0.9430854753423764,1.273538194350135
121.4,24.8,272.6348,SSP5-8.5,2041-2060,17.74260000000004,71.2598,94.53860000000032,1.5333000000000006,5.8672,1.1828000000000003,40.055800000000005,68.16863749999999,79.10158750000005,1.5008750000000002,5.853875,1.6424499999999997,37.705537500000005,0.9430854753423764,1.3367339747199263
121.4,24.85,248.1649,SSP5-8.5,2041-2060,13.521200000000022,70.8959,25.2470000000003,1.3280999999999992,5.993099999999998,1.0999999999999996,40.944199999999995,69.614125,53.896975000000054,1.3260750000000003,5.685975000000001,1.2401,40.2423125,0.9430854753423764,1.3999297550897176
121.4,24.9,199.7681,SSP5-8.5,2041-2060,19.769900000000007,71.99719999999999,23.17509999999993,1.1213000000000015,6.2379,1.2621000000000002,42.2654,68.75335,18.97978750000007,1.2952249999999994,6.2206875,0.9448124999999998,40.978362499999996,0.9430854753423764,1.4631255354595045
121.4,24.95,168.4861,SSP5-8.5,2041-2060,10.327300000000008,67.833,6.5996000000000095,1.4446000000000012,8.0897,1.2603000000000009,41.6885,68.3897875,12.960699999999974,1.2876374999999998,6.4241375000000005,0.7709124999999999,41.2028875,0.9430854753423764,1.526321315829296
121.4,25.0,155.8292,SSP5-8.5,2041-2060,5.4287000000000205,69.5829,52.312599999999975,1.6202999999999967,5.225899999999999,0.7690000000000001,41.4077,68.176925,14.89571250000003,1.4215750000000003,7.3202625,0.5861999999999998,41.3473625,0.9430854753423764,1.5895170961990874
121.4,25.05,152.3147,SSP5-8.5,2041-2060,11.137700000000024,70.98349999999999,41.11500000000001,1.7285000000000004,8.5017,0.11550000000000082,42.5115,69.566125,33.46240000000003,1.4857875000000003,6.9392375,0.4506624999999994,41.73895,0.9430854753423764,1.652712876568879
121.4,25.1,155.8915,SSP5-8.5,2041-2060,9.347700000000003,72.3908,32.29939999999988,1.5013000000000005,7.846599999999999,0.08969999999999878,43.2154,71.0078,53.41293750000003,1.5176375000000006,6.97175,0.23038749999999963,42.3134625,0.9430854753423764,1.7159086569386703
121.4,25.15,151.4827,SSP5-8.5,2041-2060,11.016700000000014,72.99510000000001,52.53449999999998,1.4396000000000022,7.853400000000001,0.11549999999999905,43.7731,71.4205,49.33664999999999,1.3594125,6.117675,0.15173749999999975,42.661775,0.9430854753423764,1.7791044373084572
121.4,25.2,142.1568,SSP5-8.5,2041-2060,11.392499999999984,70.84530000000001,28.107899999999972,1.2226999999999997,3.8845000000000027,-0.40339999999999954,42.0942,71.8083625,25.923637499999984,1.2112374999999997,6.2489124999999985,-0.06077500000000047,42.9839,0.9430854753423764,1.8423002176782488
121.45,23.3,182.6812,SSP5-8.5,2041-2060,37.21610000000001,82.64930000000001,156.84919999999988,2.442499999999999,8.484500000000004,2.8241000000000005,35.6019,84.188725,161.14762499999995,2.5500624999999997,8.764412499999999,3.0278,37.706737499999996,1.0487793154235978,-0.5591394363737897
121.45,23.35,188.4775,SSP5-8.5,2041-2060,39.63470000000001,85.16499999999999,158.60619999999994,2.4422999999999995,7.965500000000002,2.8155,37.873099999999994,84.2156125,157.89874999999995,2.5790625,8.4474,3.026075,37.7927875,1.0487793154235978,-0.4959436560039983
121.45,23.4,205.0619,SSP5-8.5,2041-2060,40.02619999999999,85.03979999999999,158.96000000000004,2.3607999999999976,7.653400000000001,2.977599999999999,38.5635,83.801675,142.19788749999992,2.5685500000000006,8.473712500000001,2.9344625,37.8228375,1.0487793154235978,-0.43274787563421135
121.45,23.45,199.9067,SSP5-8.5,2041-2060,40.694199999999995,83.4124,134.0374999999999,2.7943,8.7397,2.7585999999999995,38.050000000000004,83.8301125,123.67881249999994,2.6426875,8.4318875,2.8034499999999998,38.489675000000005,1.0487793154235978,-0.3695520952644199
121.45,23.5,207.711,SSP5-8.5,2041-2060,33.9666,82.4744,135.27679999999987,2.984499999999999,6.487900000000003,2.5759000000000007,37.923100000000005,83.0212625,110.939675,2.7074625,8.9653125,2.68535,38.0471125,1.0487793154235978,-0.3063563148946285
121.45,23.55,219.2241,SSP5-8.5,2041-2060,33.73260000000002,81.75319999999999,114.81089999999995,2.7972,9.2638,2.5897000000000006,36.873099999999994,81.7742375,111.59132500000004,2.6284999999999994,7.957550000000001,2.685575,37.4726125,1.0487793154235978,-0.24316053452483705
121.45,23.6,240.6733,SSP5-8.5,2041-2060,28.46059999999997,79.60300000000001,92.77490000000034,2.6195999999999984,7.568999999999999,2.8103,35.313500000000005,81.6180125,141.02405000000002,2.5473375000000003,7.733625,2.518125,37.299049999999994,1.0487793154235978,-0.17996475415504562
121.45,23.65,240.973,SSP5-8.5,2041-2060,28.621100000000013,80.1165,178.11580000000004,2.8229000000000006,7.793099999999999,1.7896999999999998,36.5481,80.999725,169.32138750000004,2.5405999999999995,7.089874999999999,2.4400999999999997,36.684862499999994,1.0487793154235978,-0.11676897378525869
121.45,23.7,232.4353,SSP5-8.5,2041-2060,33.45500000000001,81.2601,222.74630000000002,2.9929999999999986,6.730999999999998,2.1897,36.8346,81.522425,176.58067500000007,2.4684125000000012,7.7431,2.11575,37.296387499999994,1.0487793154235978,-0.053573193415467256
121.45,23.75,240.1365,SSP5-8.5,2041-2060,25.301199999999994,83.5626,160.17240000000015,2.240500000000001,9.127600000000001,1.9397000000000002,39.925000000000004,80.9371625,155.49095000000005,2.3638375,7.410337499999999,2.2097124999999997,37.2451875,1.0487793154235978,0.009622586954324176
121.45,23.8,259.8564,SSP5-8.5,2041-2060,16.064700000000016,82.49799999999999,93.4653000000003,1.9309999999999974,7.848299999999998,2.019,38.8596,80.7672125,131.67057500000004,2.2965125000000004,7.7217625000000005,2.2304,37.242537500000005,1.0487793154235978,0.0728183673241156
121.45,23.85,273.9441,SSP5-8.5,2041-2060,25.04680000000002,76.6699,144.20650000000023,2.4939,8.519000000000002,2.489700000000001,31.836499999999997,76.935625,133.30375,2.3350999999999993,6.8689625,2.157975,34.53965,1.0487793154235978,0.13601414769390704
121.45,23.9,282.4909,SSP5-8.5,2041-2060,42.25739999999996,64.67330000000001,194.47970000000032,2.6343999999999994,5.832799999999999,1.9534000000000002,23.2673,74.638125,132.09597499999992,2.517575,7.174787500000001,1.979325,32.7367625,1.0487793154235978,0.19920992806369398
121.45,23.95,282.5981,SSP5-8.5,2041-2060,44.782700000000034,69.6797,154.32299999999987,2.646399999999998,6.575900000000001,1.7914000000000012,28.3173,70.171925,135.15294999999998,2.4974375,6.72975,1.7142124999999997,29.6819625,1.0487793154235978,0.26240570843348543
121.45,24.0,299.6006,SSP5-8.5,2041-2060,37.561800000000005,73.697,144.6509000000001,2.528599999999999,7.036200000000001,1.3240999999999996,31.715400000000002,68.1569125,120.9145499999999,2.5183375,6.5638000000000005,1.4081875,29.395425,1.0487793154235978,0.32560148880327683
121.45,24.05,329.8432,SSP5-8.5,2041-2060,17.4932,65.62259999999999,139.5270999999998,2.582699999999999,6.022400000000001,0.9568999999999992,29.394199999999998,66.7802375,124.63954999999987,2.5032500000000004,5.6554,1.0249875000000002,28.4245125,1.0487793154235978,0.3887972691730683
121.45,24.1,358.1538,SSP5-8.5,2041-2060,2.5027000000000044,62.430400000000006,139.01849999999968,2.569600000000001,4.482800000000001,0.8240999999999996,25.536499999999997,66.10286249999999,122.14283749999987,2.4118749999999993,4.846349999999999,0.8459125000000002,28.7072,1.0487793154235978,0.4519930495428597
121.45,24.15,381.7394,SSP5-8.5,2041-2060,-9.715399999999988,67.4402,113.84789999999975,2.186899999999998,3.6068999999999996,0.7913999999999994,29.509600000000002,66.34549999999999,101.51324999999986,2.0650625,4.5185625,1.0153000000000003,28.118025000000003,1.0487793154235978,0.5151888299126467
121.45,24.2,365.9708,SSP5-8.5,2041-2060,-13.650599999999997,66.4755,86.92329999999993,1.7215999999999987,5.977599999999999,1.2379000000000016,28.5154,66.38730000000001,48.463337499999994,1.644649999999999,4.1478625000000005,1.1590499999999997,28.467775000000003,1.0487793154235978,0.578384610282438
121.45,24.25,299.3308,SSP5-8.5,2041-2060,-9.320500000000038,65.99109999999999,-20.207200000000057,1.2206999999999972,3.970700000000001,1.2516999999999996,28.273099999999996,63.406125,0.929037500000021,1.3213875000000006,4.648725000000001,1.1013000000000002,26.6014375,1.0487793154235978,0.6415803906522295
121.45,24.3,235.0949,SSP5-8.5,2041-2060,4.5508000000000095,60.45719999999999,-69.83659999999986,0.9933000000000014,5.089700000000001,0.8483,24.4788,58.278949999999995,-4.256087499999893,1.2304125000000004,3.944837500000001,0.9825499999999998,23.97235,1.0487793154235978,0.704776171022021
121.45,24.35,234.2998,SSP5-8.5,2041-2060,8.78909999999999,40.7395,40.46340000000009,1.3143999999999991,2.2879000000000005,0.9982999999999986,15.051900000000002,58.928799999999995,7.844550000000055,1.2341875000000013,3.771562500000001,0.9317,24.0036,1.0487793154235978,0.7679719513918124
121.45,24.4,252.4848,SSP5-8.5,2041-2060,10.824900000000014,53.507999999999996,93.54149999999981,1.5744000000000007,2.2707000000000015,1.2466000000000008,21.5327,58.21346249999999,38.65417500000004,1.3649125000000004,3.3898624999999996,1.1618624999999998,24.1851,1.0487793154235978,0.8311677317615993
121.45,24.45,279.4547,SSP5-8.5,2041-2060,9.696799999999996,58.779500000000006,60.608700000000226,1.6326,4.108599999999999,1.2965999999999998,24.238500000000002,62.0301375,56.688924999999955,1.5054500000000006,3.1836125,1.4836250000000002,26.8997625,1.0487793154235978,0.8943635121313908
121.45,24.5,305.3852,SSP5-8.5,2041-2060,22.32560000000001,69.4564,74.80009999999993,1.6113,4.649999999999999,1.6241000000000003,31.761499999999998,63.67787500000001,82.62448749999996,1.6585250000000005,3.8862124999999996,1.856475,28.795925000000004,1.0487793154235978,0.9575592925011822
121.45,24.55,288.5667,SSP5-8.5,2041-2060,29.95519999999999,73.5517,131.70429999999988,1.6580000000000013,5.1328,2.4000000000000004,36.161500000000004,63.386525000000006,115.18166250000007,1.8143375000000006,3.8640125,2.0655124999999996,29.3723625,1.0487793154235978,1.0207550728709736
121.45,24.6,263.3209,SSP5-8.5,2041-2060,30.834000000000003,60.27499999999999,145.25120000000015,1.9923000000000002,4.7879000000000005,2.5016999999999996,27.4135,64.18608750000001,149.32341250000002,1.8348625000000003,4.220924999999999,2.1797375,30.78245,1.0487793154235978,1.0839508532407651
121.45,24.65,265.1685,SSP5-8.5,2041-2060,52.02499999999998,56.2028,181.46590000000015,1.9257999999999988,5.043099999999999,2.3672000000000004,26.6096,61.3719625,143.88562500000012,1.8133625000000002,4.4510875,2.0407374999999996,29.161775,1.0487793154235978,1.147146633610552
121.45,24.7,259.908,SSP5-8.5,2041-2060,43.033500000000004,51.052400000000006,152.36229999999978,1.7270000000000003,5.141400000000001,2.2258999999999993,23.0942,63.3643875,139.66651250000012,1.70945,4.987074999999999,1.9168,31.0576875,1.0487793154235978,1.2103424139803434
121.45,24.75,277.3872,SSP5-8.5,2041-2060,26.986999999999966,62.2703,150.07790000000023,1.7083000000000013,4.405200000000001,2.2241,30.763500000000004,64.3170125,121.30666250000007,1.6293875,5.241375,1.6523875000000001,33.1632125,1.0487793154235978,1.273538194350135
121.45,24.8,281.618,SSP5-8.5,2041-2060,22.274299999999982,65.8036,128.51459999999997,1.671400000000002,4.3931000000000004,1.5465999999999998,36.3077,67.87010000000001,88.82768750000014,1.5073999999999996,5.1474125,1.4612,36.901675000000004,1.0487793154235978,1.3367339747199263
121.45,24.85,269.4379,SSP5-8.5,2041-2060,16.412599999999998,68.184,54.45290000000023,1.3724999999999987,4.451700000000002,1.1809999999999992,39.1096,68.51615000000001,47.16365000000002,1.3297500000000002,5.2137875,1.1448375000000002,38.930274999999995,1.0487793154235978,1.3999297550897176
121.45,24.9,229.719,SSP5-8.5,2041-2060,12.350799999999992,67.2081,-1.1204000000002452,1.086000000000002,5.103400000000001,0.8430999999999997,40.0365,67.7563125,-0.8272249999999417,1.2182624999999998,6.009275000000001,0.9945999999999999,39.806974999999994,1.0487793154235978,1.4631255354595045
121.45,24.95,184.5371,SSP5-8.5,2041-2060,1.2567999999999984,66.5839,-40.827400000000125,1.2123999999999988,7.015499999999999,1.1085999999999991,40.9635,66.68885,-16.54872500000002,1.1538000000000004,6.448062500000001,0.9747875000000001,40.144725,1.0487793154235978,1.526321315829296
121.45,25.0,167.6302,SSP5-8.5,2041-2060,1.1768999999999892,65.9357,-44.80799999999999,1.1759000000000022,8.0138,1.0999999999999996,41.3635,66.91605,-1.592049999999972,1.3065999999999995,6.963799999999999,0.8711250000000001,40.8307875,1.0487793154235978,1.5895170961990874
121.45,25.05,152.8315,SSP5-8.5,2041-2060,4.635599999999982,68.7635,46.04480000000012,1.5395000000000003,6.129299999999997,0.7051999999999996,42.8096,67.9181,11.358212500000008,1.3061875,7.340749999999999,0.6648749999999999,41.532225,1.0487793154235978,1.652712876568879
121.45,25.1,152.66,SSP5-8.5,2041-2060,10.682299999999998,69.71280000000002,24.120200000000068,1.3949999999999996,6.2897,0.2878999999999987,43.088499999999996,70.167475,44.68161250000003,1.3396625000000002,7.1142249999999985,0.3937499999999998,42.66875,1.0487793154235978,1.7159086569386703
121.45,25.15,161.2244,SSP5-8.5,2041-2060,12.570799999999991,71.0872,54.939800000000105,1.2409999999999997,5.994799999999998,-0.041400000000001214,42.3231,71.0605,23.14008750000002,1.1911375,6.306899999999999,-0.018962500000000437,43.104324999999996,1.0487793154235978,1.7791044373084572
121.45,25.2,155.7339,SSP5-8.5,2041-2060,10.495000000000005,69.3319,13.209900000000061,1.126999999999999,6.151699999999998,0.062099999999999156,41.4096,71.03120000000001,-14.099124999999958,0.9721374999999997,5.3616375,-0.46788750000000023,42.664675,1.0487793154235978,1.8423002176782488
121.45,25.25,147.3289,SSP5-8.5,2041-2060,11.469699999999989,69.91900000000001,-25.1400000000001,1.0139999999999993,5.434499999999996,-0.39140000000000086,41.330799999999996,70.36156249999999,-69.03979999999999,0.7151249999999996,4.821775,-0.8269250000000001,42.046162499999994,1.0487793154235978,1.9054959980480402
121.5,22.05,131.3531,SSP5-8.5,2041-2060,7.8339,105.06109999999998,22.073200000000043,0.8521999999999998,7.568999999999999,3.0310000000000006,53.12500000000001,101.92058750000001,-16.06183750000008,1.1747125,12.078449999999998,3.427174999999999,52.8173125,1.154473155504819,-2.139033945618553
121.5,22.65,147.1573,SSP5-8.5,2041-2060,24.716300000000018,102.92429999999999,15.828700000000026,2.369299999999999,9.370699999999996,2.5776000000000003,49.6519,91.04273750000002,74.05256249999996,2.1870375000000006,10.792025000000002,2.1666,44.099275000000006,1.154473155504819,-1.3806845811810693
121.5,23.4,176.4399,SSP5-8.5,2041-2060,47.46630000000002,82.7707,74.91419999999994,2.514400000000002,8.701699999999999,2.9879000000000007,37.1231,84.222,142.25111249999995,2.5626875,8.350000000000001,2.9273624999999996,38.4348625,1.154473155504819,-0.43274787563421135
121.5,23.45,180.9229,SSP5-8.5,2041-2060,48.3973,83.0293,64.43769999999995,2.5351999999999997,8.191400000000002,2.7172,38.059599999999996,83.64985,118.70259999999999,2.6686625,8.444825000000002,2.7935375000000002,38.244,1.154473155504819,-0.3695520952644199
121.5,23.5,187.6755,SSP5-8.5,2041-2060,44.95679999999999,83.74279999999999,73.22919999999999,2.549199999999999,8.543100000000003,2.7775999999999996,39.0577,83.1876125,105.21772499999997,2.658075,8.3963375,2.718325,37.930062500000005,1.154473155504819,-0.3063563148946285
121.5,23.55,203.4472,SSP5-8.5,2041-2060,36.87179999999998,85.00640000000001,67.29510000000028,2.399800000000001,8.293099999999999,3.2155000000000005,38.824999999999996,82.43535,105.59188750000001,2.546437499999999,7.6263000000000005,2.7168249999999996,37.7827125,1.154473155504819,-0.24316053452483705
121.5,23.6,219.3545,SSP5-8.5,2041-2060,30.818399999999997,80.96520000000001,102.54539999999997,2.0760999999999985,5.7966000000000015,3.318999999999999,37.6385,82.67885,118.7245875000001,2.4329875000000003,7.2653125,2.6702624999999998,37.475975,1.154473155504819,-0.17996475415504562
121.5,23.65,212.1956,SSP5-8.5,2041-2060,36.8853,80.76920000000001,181.40699999999993,2.3622000000000014,6.4862,2.3621,36.4442,81.63825,136.77238750000012,2.3833249999999997,6.6620875,2.7189625,36.8702,1.154473155504819,-0.11676897378525869
121.5,23.7,215.9641,SSP5-8.5,2041-2060,35.4239,80.0459,171.00430000000028,2.5901999999999994,7.679300000000001,2.2706999999999997,35.717299999999994,82.24600000000001,138.62732500000004,2.291237500000001,7.0299625,2.348725,37.6586375,1.154473155504819,-0.053573193415467256
121.5,23.75,228.4385,SSP5-8.5,2041-2060,22.257800000000003,82.75450000000001,78.6264000000001,2.179100000000002,7.691400000000002,1.7552000000000003,38.126900000000006,82.94211250000001,108.83063750000008,2.1730874999999994,7.43535,2.239025,38.547825,1.154473155504819,0.009622586954324176
121.5,23.8,243.236,SSP5-8.5,2041-2060,10.803800000000024,87.07050000000001,31.30749999999989,1.9267000000000003,6.75,2.1500000000000004,41.813500000000005,83.3206,78.22416250000009,2.1243499999999997,7.8452625000000005,1.9670625000000002,39.1970875,1.154473155504819,0.0728183673241156
121.5,23.85,239.7198,SSP5-8.5,2041-2060,14.623099999999994,88.1233,59.620099999999866,2.1546999999999983,7.137900000000002,1.7965999999999998,43.3788,81.32262499999999,72.02118750000008,2.2011874999999996,7.627812499999999,1.9213500000000001,37.65215,1.154473155504819,0.13601414769390704
121.5,23.9,261.2974,SSP5-8.5,2041-2060,13.339200000000005,82.2987,40.7516999999998,2.3717000000000006,7.9983,1.5190000000000001,39.2038,80.40576250000001,84.63352499999999,2.380724999999999,7.721775000000001,1.8633750000000002,36.9418125,1.154473155504819,0.19920992806369398
121.5,23.95,290.0911,SSP5-8.5,2041-2060,12.438000000000045,81.24879999999999,25.103499999999713,2.4014999999999986,8.5138,1.891399999999999,37.846199999999996,77.61261250000001,89.67605,2.42205,7.500875000000001,1.6948125,34.938212500000006,1.154473155504819,0.26240570843348543
121.5,24.0,294.3171,SSP5-8.5,2041-2060,25.281300000000044,68.3992,52.23090000000002,2.4318000000000026,7.225899999999999,1.8034,27.7788,74.0030375,85.31282499999992,2.4606874999999997,7.305400000000001,1.5627125,33.195912500000006,1.154473155504819,0.32560148880327683
121.5,24.05,317.0389,SSP5-8.5,2041-2060,14.693699999999978,64.2757,84.54149999999981,2.560200000000002,5.912099999999999,1.2672000000000008,28.594199999999997,70.29848750000001,92.9363374999999,2.413662500000001,6.1642375000000005,1.324125,30.41755,1.154473155504819,0.3887972691730683
121.5,24.1,372.9615,SSP5-8.5,2041-2060,-3.9624999999999773,68.21130000000001,108.33589999999958,2.3734,3.6637999999999984,0.7052000000000014,29.5212,67.336975,96.79049999999987,2.3293875000000006,5.1427,1.2551625,29.164412499999997,1.154473155504819,0.4519930495428597
121.5,24.15,449.7831,SSP5-8.5,2041-2060,-22.873699999999985,68.4664,108.54460000000017,2.168099999999999,3.0120999999999967,1.4500000000000002,29.878800000000002,68.38217500000002,89.01257499999986,2.0455750000000004,4.507774999999999,1.1696000000000004,29.749287499999998,1.154473155504819,0.5151888299126467
121.5,24.2,430.1145,SSP5-8.5,2041-2060,-29.2423,72.5823,72.21160000000009,1.5986000000000011,2.8138000000000005,1.4776000000000007,31.134600000000002,65.8828125,52.116912499999984,1.7318749999999996,4.666174999999999,1.3198125,28.7983125,1.154473155504819,0.578384610282438
121.5,24.25,318.813,SSP5-8.5,2041-2060,-15.15870000000001,65.20750000000001,-36.21129999999994,1.2266000000000012,4.5121,1.1913999999999998,29.0673,63.3720125,13.916487500000017,1.4653750000000003,4.7857875,1.3310250000000003,26.9447,1.154473155504819,0.6415803906522295
121.5,24.3,252.8969,SSP5-8.5,2041-2060,1.0175000000000125,61.8534,-108.88630000000012,1.144000000000002,5.632800000000003,1.0328,25.825,58.37061249999999,12.15921250000008,1.3362125000000002,3.798075,1.2937374999999998,24.222337500000002,1.154473155504819,0.704776171022021
121.5,24.35,255.5467,SSP5-8.5,2041-2060,13.813300000000027,57.86559999999999,-10.150099999999838,1.1364000000000019,3.655199999999997,0.9809999999999999,23.049999999999997,58.221037499999994,40.897575000000046,1.4036000000000008,2.882987500000001,1.4066874999999999,24.185325,1.154473155504819,0.7679719513918124
121.5,24.4,300.0776,SSP5-8.5,2041-2060,14.734399999999994,61.26129999999999,74.23730000000023,1.4452000000000034,1.6085999999999991,1.274099999999999,25.8827,56.845175,90.47848750000009,1.5315500000000002,2.2911624999999995,1.6299625000000002,23.556725,1.154473155504819,0.8311677317615993
121.5,24.45,350.4436,SSP5-8.5,2041-2060,21.38749999999999,55.8008,102.94479999999976,1.7345000000000006,1.267199999999999,1.975900000000001,23.599999999999998,60.1455,109.99088750000016,1.6447000000000003,2.7081874999999997,1.896975,25.772350000000003,1.154473155504819,0.8943635121313908
121.5,24.5,385.5678,SSP5-8.5,2041-2060,30.966499999999996,56.9269,65.28030000000035,1.8124000000000002,2.681000000000001,2.3155,24.826900000000002,63.74411250000001,134.79627500000004,1.7355500000000004,3.8976374999999996,2.0405125,28.849025000000005,1.154473155504819,0.9575592925011822
121.5,24.55,323.3038,SSP5-8.5,2041-2060,27.834899999999948,73.07130000000001,167.48559999999998,1.902700000000003,6.134499999999999,2.5413999999999994,37.050000000000004,65.6535875,144.15320000000008,1.846075,4.697850000000001,2.168525,30.9307625,1.154473155504819,1.0207550728709736
121.5,24.6,281.8765,SSP5-8.5,2041-2060,37.11789999999996,71.6938,188.26320000000032,2.055900000000001,5.850000000000001,2.1845,37.4577,67.4412375,163.83902500000005,1.834375,5.475875,2.0183124999999995,32.8370125,1.154473155504819,1.0839508532407651
121.5,24.65,268.169,SSP5-8.5,2041-2060,54.03140000000002,64.5245,178.89310000000023,1.7651000000000003,5.312100000000001,1.4344999999999999,30.609600000000004,63.622949999999996,145.22016250000007,1.7893999999999997,5.6041,1.6594749999999996,31.0163375,1.154473155504819,1.147146633610552
121.5,24.7,256.3934,SSP5-8.5,2041-2060,49.004999999999995,58.6622,132.08060000000023,1.582699999999999,5.984499999999999,0.7155000000000005,26.686499999999995,63.880925,127.2444875000001,1.6564625,5.25475,1.3195999999999997,31.831725000000002,1.154473155504819,1.2103424139803434
121.5,24.75,276.5896,SSP5-8.5,2041-2060,39.247799999999984,69.9066,128.75750000000016,1.4753000000000007,4.7224,1.8810000000000002,37.175,63.331962499999996,102.64382500000005,1.6015874999999995,5.079750000000001,0.8472,32.3524,1.154473155504819,1.273538194350135
121.5,24.8,293.3549,SSP5-8.5,2041-2060,36.299800000000005,68.0562,117.99389999999994,1.5757999999999974,3.634499999999999,1.6138000000000012,36.5692,66.6052125,70.15800000000013,1.4254124999999997,4.8605625,0.850425,36.241350000000004,1.154473155504819,1.3367339747199263
121.5,24.85,271.892,SSP5-8.5,2041-2060,21.204700000000003,68.2575,23.5625,1.3247999999999998,5.046599999999998,0.7293000000000003,38.0615,65.6284125,25.499950000000013,1.1784999999999997,4.7325375,0.9023625000000002,37.1088875,1.154473155504819,1.3999297550897176
121.5,24.9,229.5603,SSP5-8.5,2041-2060,10.85069999999999,64.65090000000001,-34.602100000000064,0.9972999999999992,5.4345,0.8810000000000002,37.2019,64.91354999999999,-32.14142499999997,0.9473750000000001,5.35905,0.7359875,38.145675000000004,1.154473155504819,1.4631255354595045
121.5,24.95,183.2088,SSP5-8.5,2041-2060,4.2287000000000035,63.64809999999999,-64.22539999999981,0.9451,5.805200000000003,0.4344999999999999,38.221199999999996,63.549525,-59.891350000000045,0.8750250000000004,6.4756374999999995,0.8383625000000001,38.6218875,1.154473155504819,1.526321315829296
121.5,25.0,174.3547,SSP5-8.5,2041-2060,2.776999999999987,62.6549,-69.72119999999995,0.8399000000000001,7.674099999999999,1.2483000000000004,38.9731,64.31458749999999,-39.81823749999995,1.01525,6.943325,0.7224249999999999,39.887525,1.154473155504819,1.5895170961990874
121.5,25.05,175.4995,SSP5-8.5,2041-2060,0.7198999999999955,65.2786,15.965599999999995,1.1224999999999987,7.268999999999998,1.3276000000000003,40.071200000000005,65.475,-9.242324999999965,1.1038375000000005,7.108412499999999,0.7383624999999996,41.1367875,1.154473155504819,1.652712876568879
121.5,25.1,162.8556,SSP5-8.5,2041-2060,13.824099999999987,66.8056,39.58210000000008,1.0661000000000023,7.905199999999997,0.3810000000000002,41.6269,68.0413125,42.25237500000006,1.2134749999999994,6.0612125,0.48771249999999955,42.233425,1.154473155504819,1.7159086569386703
121.5,25.15,204.7554,SSP5-8.5,2041-2060,7.509899999999988,73.0355,74.97170000000006,1.0787999999999975,5.413799999999998,0.45690000000000097,45.0192,68.8221,10.043287500000076,1.0476874999999999,5.614875,-0.20755000000000057,42.3387125,1.154473155504819,1.7791044373084572
121.5,25.2,226.1129,SSP5-8.5,2041-2060,5.137699999999995,73.367,-79.70499999999993,0.698599999999999,5.110299999999999,-1.1414000000000009,44.607699999999994,69.794625,-33.79239999999999,0.8234374999999994,5.1691875,-0.5627125000000002,42.0562625,1.154473155504819,1.8423002176782488
121.5,25.25,168.2755,SSP5-8.5,2041-2060,11.522600000000011,69.9559,-104.46630000000005,0.5914999999999999,5.362100000000002,-0.8361999999999998,41.0981,70.09133750000001,-120.23386249999999,0.39856249999999926,4.743549999999999,-1.0577500000000002,41.8348625,1.154473155504819,1.9054959980480402
121.5,25.3,156.1099,SSP5-8.5,2041-2060,12.033799999999985,70.72489999999999,-76.36380000000008,0.6617999999999995,3.1965999999999966,-0.9171999999999993,41.588499999999996,69.92046250000001,-144.6974625,0.2368749999999995,4.841175,-1.1607750000000001,41.65385,1.154473155504819,1.9686917784178315
121.55,22.05,157.5298,SSP5-8.5,2041-2060,8.630400000000009,104.61380000000001,69.86809999999969,0.5997999999999983,5.194800000000001,4.101699999999999,52.082699999999996,101.9765,-22.036200000000036,1.2062625000000002,12.375224999999999,3.2933375,52.947599999999994,1.2601669955860404,-2.139033945618553
121.55,23.55,183.7436,SSP5-8.5,2041-2060,37.43360000000001,84.7727,92.4088999999999,2.3399,7.4724,2.4258999999999995,39.1058,82.86935,101.1145500000001,2.4435874999999996,7.149800000000001,2.9321124999999997,37.791125,1.2601669955860404,-0.24316053452483705
121.55,23.6,193.2841,SSP5-8.5,2041-2060,36.3758,85.6978,105.8900000000001,2.167299999999999,6.325900000000001,2.8671999999999995,39.2481,82.08131250000001,116.95618750000008,2.3022500000000004,6.8515250000000005,2.8034499999999998,37.192075,1.2601669955860404,-0.17996475415504562
121.55,23.65,201.9305,SSP5-8.5,2041-2060,31.23400000000001,83.71199999999999,117.09410000000025,1.9550000000000018,4.9190000000000005,3.3017000000000003,37.45,82.27005,125.27850000000001,2.2669750000000004,6.880612500000001,2.5607875,37.580287500000004,1.2601669955860404,-0.11676897378525869
121.55,23.7,203.7558,SSP5-8.5,2041-2060,29.460300000000018,81.7055,104.00829999999996,1.8425000000000011,6.482800000000001,3.2034000000000002,36.2115,82.704225,120.58863750000009,2.26345,6.8370750000000005,2.3607875,37.855275000000006,1.2601669955860404,-0.053573193415467256
121.55,23.75,207.1175,SSP5-8.5,2041-2060,24.80249999999998,84.0876,66.84829999999988,1.9347000000000012,7.008600000000001,2.2483000000000004,39.72880000000001,83.4649875,85.6334125000001,2.0993625000000002,7.259925000000001,2.2635875,38.8706625,1.2601669955860404,0.009622586954324176
121.55,23.8,221.5869,SSP5-8.5,2041-2060,20.219099999999997,83.30669999999999,21.09270000000015,1.9260999999999981,7.8552,1.891399999999999,39.2923,85.48547500000001,55.019225000000006,2.0543375,7.60365,1.8955000000000002,41.435325,1.2601669955860404,0.0728183673241156
121.55,23.85,225.5658,SSP5-8.5,2041-2060,15.522899999999993,85.5622,1.761600000000044,2.1347999999999985,7.574099999999998,1.5966000000000005,42.428799999999995,84.683575,56.252550000000014,2.121475,8.107325,1.9383874999999997,40.681,1.2601669955860404,0.13601414769390704
121.55,23.9,230.093,SSP5-8.5,2041-2060,10.672500000000014,88.5017,49.104499999999916,2.1909000000000027,8.6448,1.7516999999999996,44.5154,85.8005625,44.59233749999996,2.1795624999999994,8.33125,1.77675,42.0511875,1.2601669955860404,0.19920992806369398
121.55,23.95,240.3488,SSP5-8.5,2041-2060,15.518399999999986,88.78720000000001,48.469299999999976,2.389199999999999,8.975900000000003,1.6362000000000005,43.9442,83.34848749999999,54.41482499999995,2.1771500000000006,8.235775,1.8217624999999997,40.0146625,1.2601669955860404,0.26240570843348543
121.55,24.0,270.0113,SSP5-8.5,2041-2060,24.82510000000002,84.8641,33.39840000000004,2.183399999999999,7.717200000000002,1.7792999999999992,40.7635,78.51341249999999,63.781237499999946,2.286987500000001,7.9120875,1.7846875,36.485324999999996,1.2601669955860404,0.32560148880327683
121.55,24.05,304.0508,SSP5-8.5,2041-2060,6.798600000000022,63.8492,52.48890000000006,2.393500000000003,7.689700000000002,1.8552,24.9923,77.222825,70.62472499999993,2.238387500000001,6.8002125,1.5866250000000002,35.66947499999999,1.2601669955860404,0.3887972691730683
121.55,24.1,363.4706,SSP5-8.5,2041-2060,-3.957400000000007,75.3141,73.8400999999999,2.2463000000000015,5.475899999999996,1.344800000000001,33.63849999999999,72.8009375,68.84381249999996,2.1987125000000005,6.36575,1.56595,32.4326875,1.2601669955860404,0.4519930495428597
121.55,24.15,449.7768,SSP5-8.5,2041-2060,-21.64949999999999,71.2972,62.51539999999977,1.9278000000000013,4.939700000000002,1.5516999999999994,31.771199999999997,72.25003749999999,72.03117500000002,1.9973125,5.369612499999999,1.4791000000000005,31.9747625,1.2601669955860404,0.5151888299126467
121.55,24.2,421.1452,SSP5-8.5,2041-2060,-24.0428,63.3064,55.407900000000154,1.740400000000001,5.1016999999999975,1.424100000000001,28.367300000000004,67.97285,65.56600000000003,1.8232500000000003,5.188162499999999,1.5948249999999997,29.348549999999996,1.2601669955860404,0.578384610282438
121.55,24.25,339.8152,SSP5-8.5,2041-2060,-13.20150000000001,58.8782,46.114700000000084,1.6629000000000005,6.208599999999997,1.6602999999999994,25.0038,64.26885,67.27462500000001,1.7069375000000009,4.4502250000000005,1.6485000000000003,27.494475,1.2601669955860404,0.6415803906522295
121.55,24.3,289.102,SSP5-8.5,2041-2060,2.96550000000002,57.432,49.604499999999916,1.6415000000000006,3.4914000000000023,1.7155000000000005,23.959600000000002,61.9399875,79.04106250000004,1.6163375000000006,3.6909624999999995,1.6711125,26.0632125,1.2601669955860404,0.704776171022021
121.55,24.35,289.7415,SSP5-8.5,2041-2060,20.89640000000003,60.3938,97.49630000000025,1.4939,1.1690000000000005,1.7034000000000002,24.894199999999998,63.9450875,106.99545000000003,1.6208750000000007,2.2788875,1.8081875,27.3204375,1.2601669955860404,0.7679719513918124
121.55,24.4,338.5587,SSP5-8.5,2041-2060,29.13159999999999,70.1231,150.56050000000005,1.6220999999999997,1.5137999999999998,2.4345,31.8577,62.79944999999999,136.5025750000001,1.6540125000000003,1.3499999999999992,1.9417875000000002,26.8201875,1.2601669955860404,0.8311677317615993
121.55,24.45,413.7522,SSP5-8.5,2041-2060,34.51589999999999,57.551100000000005,188.36280000000033,1.7440999999999995,2.056899999999999,2.4034000000000013,24.228800000000003,60.9243125,148.28308750000008,1.7456750000000003,1.63685,2.34525,26.522125000000003,1.2601669955860404,0.8943635121313908
121.55,24.5,429.3974,SSP5-8.5,2041-2060,31.561399999999992,53.5577,172.5359000000003,1.7154999999999987,2.7759,2.5809999999999995,21.85,60.44035,164.53132500000004,1.8368625000000005,3.2515,2.3446125,27.113462500000004,1.2601669955860404,0.9575592925011822
121.55,24.55,348.8081,SSP5-8.5,2041-2060,28.230399999999975,68.18440000000001,179.92799999999988,1.8857,5.055200000000003,1.5016999999999996,31.9019,62.5106875,172.6969375000001,1.9167125000000005,4.605175000000001,2.33385,29.586787500000003,1.2601669955860404,1.0207550728709736
121.55,24.6,312.6147,SSP5-8.5,2041-2060,26.057999999999993,71.58279999999999,195.46259999999984,2.037499999999998,6.650000000000002,2.239699999999999,36.0731,68.28291250000001,173.54545000000013,1.8821125000000003,5.524150000000001,1.6407375,33.688225,1.2601669955860404,1.0839508532407651
121.55,24.65,274.1065,SSP5-8.5,2041-2060,37.605200000000025,72.1374,130.5215000000003,1.5078999999999994,5.691399999999998,1.1602999999999994,36.8769,68.2099,127.28501250000005,1.7811374999999998,5.9263,0.9629374999999998,34.08485,1.2601669955860404,1.147146633610552
121.55,24.7,255.6028,SSP5-8.5,2041-2060,33.97030000000001,67.37719999999999,36.353999999999814,1.4861000000000004,5.6845,-0.11900000000000155,33.919200000000004,67.74905,91.09071250000017,1.5691624999999996,5.8377125,0.542025,34.249275,1.2601669955860404,1.2103424139803434
121.55,24.75,270.7445,SSP5-8.5,2041-2060,38.73449999999997,67.5762,59.52370000000019,1.6561999999999983,6.0379000000000005,-0.6172000000000004,35.6058,66.68837500000001,53.34697500000004,1.43145,5.5215499999999995,0.2290875000000001,34.433887500000004,1.2601669955860404,1.273538194350135
121.55,24.8,274.097,SSP5-8.5,2041-2060,32.49330000000003,65.8576,44.24360000000024,1.4051999999999971,5.356900000000003,-0.8120999999999992,35.8731,66.78831249999999,33.289300000000026,1.3147249999999997,5.185124999999999,0.5370750000000002,36.243025,1.2601669955860404,1.3367339747199263
121.55,24.85,277.8704,SSP5-8.5,2041-2060,16.522400000000005,64.9859,-27.86869999999999,0.7896000000000001,4.470699999999997,0.6707000000000001,37.0346,63.9366625,-7.288550000000043,1.085949999999999,5.054525,0.5534375000000002,35.854087500000006,1.2601669955860404,1.3999297550897176
121.55,24.9,245.9151,SSP5-8.5,2041-2060,10.682299999999998,60.281,-77.61419999999998,0.5302000000000007,5.015499999999999,1.2948000000000004,34.7385,61.91782499999999,-69.65836250000001,0.7368374999999996,5.238149999999999,0.4172500000000001,36.221624999999996,1.2601669955860404,1.4631255354595045
121.55,24.95,202.4474,SSP5-8.5,2041-2060,10.321600000000018,60.15989999999999,-123.49069999999983,0.31840000000000046,5.963799999999999,-0.37409999999999854,37.0,60.348262500000004,-95.624975,0.6352000000000002,6.1230625,0.7092749999999999,36.269237499999996,1.2601669955860404,1.526321315829296
121.55,25.0,190.5201,SSP5-8.5,2041-2060,0.6709999999999923,60.9218,-86.94680000000017,0.8400999999999996,7.5844999999999985,0.6052,38.6981,61.617625000000004,-86.1309374999999,0.6704500000000007,6.7314750000000005,0.5560500000000002,37.8149125,1.2601669955860404,1.5895170961990874
121.55,25.05,191.5299,SSP5-8.5,2041-2060,3.3094000000000108,63.2252,-20.25799999999981,0.9680999999999997,7.765500000000003,0.872399999999999,39.973099999999995,63.8237125,-40.32400000000001,0.8869500000000006,7.065325,0.7618625000000001,39.850725,1.2601669955860404,1.652712876568879
121.55,25.1,186.7833,SSP5-8.5,2041-2060,15.158600000000007,65.78049999999999,38.04829999999993,1.0061,5.5051999999999985,0.7068999999999992,42.561499999999995,66.4538,-7.173149999999964,0.9711874999999996,6.3273875,0.34440000000000026,41.2906375,1.2601669955860404,1.7159086569386703
121.55,25.15,265.0967,SSP5-8.5,2041-2060,16.988499999999988,67.44720000000001,104.1866,1.3567999999999998,4.1224000000000025,-0.41380000000000017,42.0212,68.29996249999999,-71.58584999999994,0.632662499999999,5.503887499999999,-0.3974124999999997,42.187012499999994,1.2601669955860404,1.7791044373084572
121.55,25.2,258.9274,SSP5-8.5,2041-2060,12.356400000000008,67.0446,-114.0355999999997,0.4908999999999999,3.8397000000000006,-1.5016999999999996,41.071200000000005,69.75630000000001,-142.0888,0.29288749999999864,4.979312500000001,-1.0286624999999998,42.0995125,1.2601669955860404,1.8423002176782488
121.55,25.25,189.9007,SSP5-8.5,2041-2060,13.90809999999999,70.53569999999999,-274.00530000000026,-0.3125,5.034500000000001,-1.8361999999999998,42.176899999999996,69.73335,-160.76466249999993,0.1411999999999991,4.5459125,-1.1948249999999998,41.458175,1.2601669955860404,1.9054959980480402
121.55,25.3,158.4971,SSP5-8.5,2041-2060,15.464300000000009,70.3306,-68.11549999999988,0.2807999999999993,4.305200000000003,-1.0344999999999995,42.025,69.3279875,-179.6802625,0.10646249999999924,4.6776,-1.2012874999999998,41.06755,1.2601669955860404,1.9686917784178315
121.6,21.95,197.4578,SSP5-8.5,2041-2060,8.135999999999996,90.4556,93.72640000000001,0.7241999999999997,4.306900000000002,4.520699999999998,42.2827,103.746275,-25.018487500000077,1.1907125,12.486212499999999,3.2409624999999997,54.1726,1.3658608356672617,-2.265425506358136
121.6,22.0,183.9167,SSP5-8.5,2041-2060,9.411900000000003,96.98309999999998,105.79689999999982,0.7153000000000027,4.736200000000002,4.246599999999999,45.255799999999994,102.93033750000001,-26.527300000000054,1.1918249999999997,12.432549999999999,3.275225,53.8009625,1.3658608356672617,-2.2022297259883445
121.6,23.85,204.8463,SSP5-8.5,2041-2060,21.115999999999985,85.286,59.42010000000005,1.982800000000001,8.174100000000003,1.8465999999999996,42.6308,86.245175,40.656312499999984,2.0883374999999997,8.029525,1.8291125,42.2011875,1.3658608356672617,0.13601414769390704
121.6,23.9,210.4865,SSP5-8.5,2041-2060,19.115999999999985,86.2118,44.517300000000205,1.9250000000000007,9.7793,2.0621,42.7769,86.72783749999999,56.167449999999945,2.142125,8.064,1.7392375000000002,42.91681249999999,1.3658608356672617,0.19920992806369398
121.6,23.95,217.6648,SSP5-8.5,2041-2060,23.240999999999985,88.8865,77.0951,2.0767999999999986,8.4966,1.8655000000000008,44.2,85.5733125,57.28984999999997,2.1079125000000003,8.578650000000001,1.9015125,42.1726125,1.3658608356672617,0.26240570843348543
121.6,24.0,232.4058,SSP5-8.5,2041-2060,25.717600000000004,86.37709999999998,113.11719999999991,1.8361000000000018,7.510300000000001,1.9017,43.0327,80.97485,62.40451250000001,2.1771375000000006,8.291400000000001,1.8954624999999998,38.392062499999994,1.3658608356672617,0.32560148880327683
121.6,24.05,270.6114,SSP5-8.5,2041-2060,8.83080000000001,86.2836,57.203500000000076,2.206800000000001,8.9724,2.056899999999999,41.49419999999999,80.984025,70.319425,2.073925000000001,7.826937500000001,1.8540875000000003,38.7767,1.3658608356672617,0.3887972691730683
121.6,24.1,329.3079,SSP5-8.5,2041-2060,0.35569999999995616,84.0575,42.33030000000008,2.069099999999999,7.924100000000003,1.8345000000000002,40.5327,78.90538749999999,63.5564,2.098787500000001,7.759500000000001,1.7918,36.625249999999994,1.3658608356672617,0.4519930495428597
121.6,24.15,347.4789,SSP5-8.5,2041-2060,-1.3208000000000197,75.9666,34.79040000000009,1.8907999999999987,8.812099999999997,1.8068999999999997,32.676899999999996,76.82771249999999,66.7410375,2.0603125000000007,7.001925000000001,1.7036625000000003,35.2663625,1.3658608356672617,0.5151888299126467
121.6,24.2,361.3219,SSP5-8.5,2041-2060,-5.733400000000017,70.0957,80.78860000000009,1.8918,6.153400000000001,1.7896999999999998,30.048099999999998,69.829525,82.2534875,2.0040375000000004,6.6077625,1.6976125,30.5488,1.3658608356672617,0.578384610282438
121.6,24.25,343.2496,SSP5-8.5,2041-2060,-1.3535999999999717,61.288900000000005,155.7739999999999,2.2194000000000003,5.0535,1.8309999999999995,25.207699999999996,64.12434999999999,120.65813750000001,1.9312250000000009,4.8211125,1.8672375000000003,27.152162500000003,1.3658608356672617,0.6415803906522295
121.6,24.3,326.3621,SSP5-8.5,2041-2060,19.35809999999998,62.384600000000006,269.50800000000004,2.193200000000001,2.8430999999999997,2.725900000000001,26.346199999999996,63.4454375,140.9414125,1.8653500000000003,3.2204874999999995,1.869375,26.769225,1.3658608356672617,0.704776171022021
121.6,24.35,329.0514,SSP5-8.5,2041-2060,18.347800000000007,67.64789999999999,218.68319999999994,1.8542999999999985,0.45339999999999847,2.2431,29.111499999999996,66.4959375,168.7661375,1.8547750000000005,1.795712500000001,2.0857750000000004,28.68415,1.3658608356672617,0.7679719513918124
121.6,24.4,358.1433,SSP5-8.5,2041-2060,26.981600000000014,72.9928,212.40650000000005,1.930299999999999,-0.9671999999999983,2.0586,32.5308,67.3414375,172.84850000000006,1.8253749999999997,1.7299624999999996,2.2040875000000004,29.338225,1.3658608356672617,0.8311677317615993
121.6,24.45,401.4136,SSP5-8.5,2041-2060,29.65270000000004,68.88229999999999,208.0398,1.8933999999999997,1.5568999999999988,2.8948,31.2635,61.410975,180.44451250000003,1.8490124999999997,2.0614375000000003,2.3099125000000003,26.467075,1.3658608356672617,0.8943635121313908
121.6,24.5,433.8064,SSP5-8.5,2041-2060,29.518599999999992,47.849599999999995,200.25959999999986,1.8120000000000012,2.6586,3.227599999999999,20.3654,60.75715,194.21703750000006,1.8869499999999997,3.4892375,2.157325,26.4447125,1.3658608356672617,0.9575592925011822
121.6,24.55,376.8988,SSP5-8.5,2041-2060,28.10820000000001,55.256400000000006,203.94970000000012,1.9101,4.601700000000001,1.8966000000000012,23.671200000000002,61.9548875,197.82583749999998,1.9616000000000002,4.682125000000001,2.056475,28.7865375,1.3658608356672617,1.0207550728709736
121.6,24.6,322.8684,SSP5-8.5,2041-2060,33.94810000000001,70.147,188.33860000000004,2.087600000000002,5.489699999999999,1.6844999999999999,35.4,68.1258875,186.34250000000003,1.9405374999999996,5.506037500000001,1.3349125,33.3466375,1.3658608356672617,1.0839508532407651
121.6,24.65,286.5627,SSP5-8.5,2041-2060,33.2577,71.2485,150.98390000000018,1.9418999999999969,6.058600000000002,0.7224000000000004,36.5385,70.894775,109.43383749999992,1.7469875000000004,5.745699999999999,0.5366249999999995,36.1786,1.3658608356672617,1.147146633610552
121.6,24.7,260.2413,SSP5-8.5,2041-2060,15.262399999999957,70.44319999999999,-52.095900000000256,1.292300000000001,6.381,-1.1585999999999999,35.9942,69.987375,54.77976250000006,1.5199124999999993,5.707125,0.09093749999999945,36.049287500000005,1.3658608356672617,1.2103424139803434
121.6,24.75,281.6095,SSP5-8.5,2041-2060,12.152899999999988,67.4938,0.061300000000301225,1.331900000000001,6.513799999999998,0.1982999999999997,34.5077,67.843025,3.1898374999999533,1.3281,5.6797375,-0.37413750000000023,35.410112500000004,1.3658608356672617,1.273538194350135
121.6,24.8,281.1558,SSP5-8.5,2041-2060,13.554599999999994,65.71020000000001,19.38079999999991,1.3023000000000025,5.8948,-0.4862000000000002,34.7462,65.380425,1.047125000000051,1.2072499999999993,5.300637499999999,-0.005812499999999998,35.398812500000005,1.3658608356672617,1.3367339747199263
121.6,24.85,272.1187,SSP5-8.5,2041-2060,16.411200000000008,62.3201,-55.09660000000031,1.0618999999999978,5.160299999999999,0.3069000000000006,36.2442,62.0169875,-8.528149999999982,0.9744375000000001,5.089425,0.212275,34.550987500000005,1.3658608356672617,1.3999297550897176
121.6,24.9,251.0524,SSP5-8.5,2041-2060,9.44769999999997,56.35979999999999,-96.17630000000008,0.4900999999999982,4.8931000000000004,0.8999999999999986,33.3981,59.4814125,-61.19172500000002,0.6177999999999999,4.957099999999999,0.2213375000000002,34.448800000000006,1.3658608356672617,1.4631255354595045
121.6,24.95,228.8761,SSP5-8.5,2041-2060,14.265699999999981,54.9604,-179.3696,-0.03249999999999886,5.131,-0.21030000000000015,32.61150000000001,58.310175,-86.48492499999998,0.5583999999999998,5.642899999999999,0.5635874999999999,34.7504875,1.3658608356672617,1.526321315829296
121.6,25.0,212.0405,SSP5-8.5,2041-2060,9.887900000000002,59.3092,-156.3442,0.4714000000000027,7.4466,0.5206999999999997,36.311499999999995,60.1725625,-86.57869999999991,0.5807499999999997,6.086,0.36273749999999993,36.604087500000006,1.3658608356672617,1.5895170961990874
121.6,25.05,211.386,SSP5-8.5,2041-2060,8.615000000000009,63.70470000000001,-91.60399999999981,0.7307000000000023,6.7966000000000015,0.6293000000000006,39.3577,62.857974999999996,-56.146237499999984,0.8043749999999994,6.3903125,0.4474374999999997,38.9826875,1.3658608356672617,1.652712876568879
121.6,25.1,195.5677,SSP5-8.5,2041-2060,15.641300000000001,66.1344,-11.571800000000167,1.0187999999999988,6.3414,0.6759000000000004,41.2058,65.14761250000001,-75.54487499999999,0.6785749999999995,5.677162500000001,-0.15322499999999994,40.269237499999996,1.3658608356672617,1.7159086569386703
121.6,25.15,243.72,SSP5-8.5,2041-2060,16.055699999999973,65.9992,-168.65740000000005,0.42769999999999797,5.005200000000002,-1.1740999999999993,41.05,66.6154375,-123.32300000000004,0.402862499999999,4.964450000000001,-0.5764999999999998,40.7601,1.3658608356672617,1.7791044373084572
121.6,25.2,221.5467,SSP5-8.5,2041-2060,7.502900000000011,68.2329,-351.3190999999997,-0.7257000000000033,4.910300000000003,-1.5827999999999989,40.3538,67.59694999999999,-184.23060000000004,0.10352499999999898,4.707562500000002,-1.1674499999999999,40.6629875,1.3658608356672617,1.8423002176782488
121.6,25.25,184.373,SSP5-8.5,2041-2060,10.336399999999998,69.477,-337.7156,-0.7721000000000018,4.8759000000000015,-1.7017000000000007,40.4692,68.650725,-179.09452499999998,0.033137499999999154,4.7952625000000015,-1.1426749999999997,40.869225,1.3658608356672617,1.9054959980480402
121.6,25.3,165.5419,SSP5-8.5,2041-2060,12.711000000000013,68.7339,-154.39640000000009,-0.09619999999999962,4.767199999999999,-0.8430999999999997,40.451899999999995,69.1391125,-181.65731249999993,0.04788749999999897,4.613162500000001,-1.2883624999999996,41.046875,1.3658608356672617,1.9686917784178315
121.65,24.0,214.1692,SSP5-8.5,2041-2060,23.12360000000001,83.3098,85.18849999999998,1.9543999999999997,9.313800000000004,2.3431000000000006,41.8712,85.847625,66.23172500000004,2.0257250000000004,8.42305,1.9092625,42.272837499999994,1.4715546757485132,0.32560148880327683
121.65,24.05,230.0174,SSP5-8.5,2041-2060,21.91379999999998,83.41919999999999,93.16149999999993,1.781200000000002,7.939699999999998,1.8241000000000005,42.0923,81.869625,64.94627500000004,2.0868250000000006,8.5586125,1.9616375,38.867075,1.4715546757485132,0.3887972691730683
121.65,24.1,254.4267,SSP5-8.5,2041-2060,15.767699999999962,86.68119999999999,69.03050000000007,2.1274000000000015,9.044800000000002,1.950000000000001,43.2904,81.52754999999999,67.066225,2.0785375000000004,8.226725,1.8681,38.3485625,1.4715546757485132,0.4519930495428597
121.65,24.15,260.1308,SSP5-8.5,2041-2060,19.494699999999966,88.43199999999999,65.42090000000007,2.2165,9.201700000000002,1.9447999999999999,43.0462,78.87164999999999,76.34216250000003,2.05425,7.710762500000001,1.8028125000000002,36.454325,1.4715546757485132,0.5151888299126467
121.65,24.2,290.2077,SSP5-8.5,2041-2060,9.774699999999996,75.4376,84.5945999999999,2.263200000000001,8.174100000000003,1.7896999999999998,31.436500000000002,77.22585000000001,84.59213750000004,2.1243875,7.317450000000001,1.812925,35.198562499999994,1.4715546757485132,0.578384610282438
121.65,24.25,300.6087,SSP5-8.5,2041-2060,7.9617999999999824,64.02929999999999,153.41000000000008,2.1113,5.370699999999996,1.5724,26.880799999999997,71.1903875,128.59649999999993,2.1395500000000007,5.331887500000001,1.9803875,30.880762499999996,1.4715546757485132,0.6415803906522295
121.65,24.3,313.9771,SSP5-8.5,2041-2060,10.42149999999998,61.43099999999999,225.8367999999998,1.9455000000000027,1.2259000000000029,2.2603,25.175,69.02235,156.24854999999997,2.062575,3.909912499999999,1.9433125000000002,29.608412499999996,1.4715546757485132,0.704776171022021
121.65,24.35,348.9838,SSP5-8.5,2041-2060,3.9087000000000103,76.4624,180.61180000000013,1.9939999999999998,2.7913999999999994,1.9689999999999994,33.9212,67.313225,178.86027499999992,1.9729875,2.1463375,2.0163750000000005,28.8786125,1.4715546757485132,0.7679719513918124
121.65,24.4,363.9797,SSP5-8.5,2041-2060,8.588799999999992,70.74780000000001,164.10469999999987,2.0177000000000014,2.298300000000001,1.8190000000000008,30.7885,69.78290000000001,174.40125,1.9458374999999992,1.9616374999999997,2.0245625000000005,30.6952,1.4715546757485132,0.8311677317615993
121.65,24.45,377.9533,SSP5-8.5,2041-2060,19.58420000000001,66.9231,174.92889999999989,1.9834999999999994,2.0,2.1655000000000015,28.6404,62.01384999999999,176.8146125,1.9573874999999998,2.3715625,2.093325,27.050975,1.4715546757485132,0.8943635121313908
121.65,24.5,398.5396,SSP5-8.5,2041-2060,24.159699999999987,51.54259999999999,180.39719999999988,1.966899999999999,4.155200000000001,1.7896999999999998,21.475,61.4188625,192.0867125000001,1.9424000000000001,3.4685374999999996,2.1267375000000004,27.0771625,1.4715546757485132,0.9575592925011822
121.65,24.55,427.1516,SSP5-8.5,2041-2060,21.29260000000005,64.15960000000001,245.59400000000005,1.9964000000000013,5.7120999999999995,2.0259,28.526899999999998,60.5733,186.99741250000005,1.9407125000000005,4.376075,1.7034625,28.101437500000003,1.4715546757485132,1.0207550728709736
121.65,24.6,341.5363,SSP5-8.5,2041-2060,49.55200000000002,68.6154,220.09079999999994,2.191200000000002,4.9603,1.4017,34.7,68.6598625,164.5360750000001,1.90055,5.2803875,0.8816875000000002,33.661775,1.4715546757485132,1.0839508532407651
121.65,24.65,255.9377,SSP5-8.5,2041-2060,32.476699999999994,73.8226,164.20949999999993,2.0535999999999994,5.318999999999999,-0.26900000000000013,38.4846,71.57175000000001,91.83388749999995,1.7415625000000006,5.4773625,0.2310249999999998,36.7634625,1.4715546757485132,1.147146633610552
121.65,24.7,239.1876,SSP5-8.5,2041-2060,12.020099999999985,73.0326,-7.410400000000209,1.319700000000001,5.7897,-0.6466000000000012,37.9808,71.287825,35.975987499999974,1.5325499999999996,5.547625,0.0241374999999997,36.971399999999996,1.4715546757485132,1.2103424139803434
121.65,24.75,251.2344,SSP5-8.5,2041-2060,-0.5475999999999885,67.2107,-96.00540000000001,0.8619999999999983,4.562099999999997,0.29829999999999934,34.4808,69.5412625,17.30214999999987,1.3752375000000012,5.6228375,-0.03211249999999999,36.3875125,1.4715546757485132,1.273538194350135
121.65,24.8,277.4363,SSP5-8.5,2041-2060,10.640099999999961,65.53649999999999,21.528299999999945,1.301000000000002,5.731,0.5483000000000011,34.680800000000005,66.12465,17.937187499999936,1.2267875,5.102575,0.16184999999999983,35.471162500000005,1.4715546757485132,1.3367339747199263
121.65,24.85,311.7786,SSP5-8.5,2041-2060,11.31170000000003,62.0626,61.990800000000036,1.2501999999999995,4.572399999999998,-0.6397000000000013,34.7635,61.7479625,17.6225624999999,1.0836125,5.1639875,0.24568750000000028,34.2199625,1.4715546757485132,1.3999297550897176
121.65,24.9,257.8623,SSP5-8.5,2041-2060,12.88639999999998,55.342299999999994,-13.709499999999935,0.7269000000000005,4.781000000000001,0.22240000000000038,31.173099999999998,58.583324999999995,-14.44223750000009,0.8559749999999995,5.073474999999998,0.1907249999999998,33.673550000000006,1.4715546757485132,1.4631255354595045
121.65,24.95,233.9441,SSP5-8.5,2041-2060,12.221300000000014,55.7391,-74.37530000000015,0.29769999999999897,4.562099999999997,0.5,32.025000000000006,57.2618375,-54.976962499999956,0.7501249999999997,5.563575,0.2909499999999996,33.4737875,1.4715546757485132,1.526321315829296
121.65,25.0,229.1821,SSP5-8.5,2041-2060,21.55590000000001,58.368300000000005,-63.22239999999965,0.7923999999999971,4.896599999999999,0.8396999999999988,34.6596,59.416225,-62.45038749999998,0.72695,5.8265125,0.07133749999999983,35.156,1.4715546757485132,1.5895170961990874
121.65,25.05,220.8446,SSP5-8.5,2041-2060,18.395999999999987,64.3011,-53.36279999999988,0.7310999999999979,5.9879,0.039699999999999847,38.5077,62.001225000000005,-41.87819999999999,0.8802874999999997,5.749162500000001,0.14784999999999981,37.30985,1.4715546757485132,1.652712876568879
121.65,25.1,207.0185,SSP5-8.5,2041-2060,18.9991,64.8233,-95.51220000000012,0.6069999999999993,5.594799999999999,-0.6809999999999992,39.944199999999995,64.638825,-60.73073750000009,0.7365874999999997,5.209075,-0.18792499999999968,38.87165,1.4715546757485132,1.7159086569386703
121.65,25.15,218.6738,SSP5-8.5,2041-2060,17.34190000000001,65.8997,-317.19950000000017,-0.39890000000000114,4.639700000000001,-1.2051999999999996,38.7385,66.11726250000001,-99.74511250000012,0.5036124999999996,4.8170375000000005,-0.35472499999999973,39.7225875,1.4715546757485132,1.7791044373084572
121.65,25.2,190.889,SSP5-8.5,2041-2060,10.436799999999977,67.5609,-239.18070000000034,-0.13210000000000122,4.7621,-0.6103000000000005,40.1846,66.69493750000001,-172.1590625,0.13203749999999914,4.799575000000001,-0.8706874999999996,39.72042499999999,1.4715546757485132,1.8423002176782488
121.65,25.25,171.5283,SSP5-8.5,2041-2060,10.809699999999992,66.8113,-127.23729999999978,0.16839999999999833,5.381,-0.8965999999999994,39.592299999999994,67.844525,-206.6810000000001,-0.08595000000000041,4.622425000000001,-0.9379249999999999,39.9987875,1.4715546757485132,1.9054959980480402
121.7,24.2,275.0358,SSP5-8.5,2041-2060,13.787500000000023,91.2861,52.631399999999985,2.299199999999999,8.267200000000003,1.8552,44.676899999999996,77.37328749999999,80.36281249999999,2.1790625000000006,6.9635625,1.7773625000000002,35.3317375,1.5772485158297345,0.578384610282438
121.7,24.25,277.3466,SSP5-8.5,2041-2060,10.2226,80.02699999999999,64.8913,2.2387000000000015,6.636200000000002,1.7534,35.7615,75.7059125,102.38004999999993,2.1798625,5.5228375,1.7765,34.2889375,1.5772485158297345,0.6415803906522295
121.7,24.3,295.0345,SSP5-8.5,2041-2060,3.5283000000000015,67.57220000000001,94.74729999999977,2.0654000000000003,4.301699999999997,1.8379000000000003,28.394199999999998,75.49185,118.00562499999998,2.116825,4.7743625,1.8001999999999998,34.2093875,1.5772485158297345,0.704776171022021
121.7,24.35,335.7223,SSP5-8.5,2041-2060,0.45289999999999964,72.76650000000001,112.36279999999988,1.8242999999999974,3.8293,1.6138000000000012,31.2442,71.683275,139.17358749999994,2.044175,3.4952625,1.8575374999999998,31.940637499999998,1.5772485158297345,0.7679719513918124
121.7,24.4,358.8934,SSP5-8.5,2041-2060,4.302200000000028,62.962999999999994,133.23289999999997,1.953199999999999,3.1861999999999995,1.5724,27.438499999999998,72.87632500000001,149.56914999999998,2.0278624999999995,3.2454750000000003,1.8166000000000004,32.617787500000006,1.5772485158297345,0.8311677317615993
121.7,24.45,364.1507,SSP5-8.5,2041-2060,8.928600000000017,69.62519999999999,154.94410000000016,2.133700000000001,2.8430999999999997,1.6793000000000013,31.4115,65.4096625,156.85837499999997,2.0372999999999992,3.2806125,1.7107875000000001,28.9839,1.5772485158297345,0.8943635121313908
121.7,24.5,374.8033,SSP5-8.5,2041-2060,12.153900000000021,51.5075,161.13210000000026,1.9518999999999984,3.2413999999999987,1.7051999999999996,21.1346,66.6229125,182.9902125000001,2.0169125,4.2194125,1.6584125000000003,30.277875,1.5772485158297345,0.9575592925011822
121.7,24.55,416.0153,SSP5-8.5,2041-2060,18.612899999999968,67.1472,187.84550000000036,1.8582,5.134499999999999,1.4190000000000005,31.603799999999996,64.4875625,190.4771125000001,1.9686625000000006,4.6457,1.3366375,30.177887500000004,1.5772485158297345,1.0207550728709736
121.7,24.6,327.1352,SSP5-8.5,2041-2060,39.92750000000001,72.5207,153.96579999999994,1.7478000000000016,4.767199999999999,0.503400000000001,36.4615,70.137325,156.29621250000014,1.8100500000000008,5.0918125,0.6797374999999999,34.816825,1.5772485158297345,1.0839508532407651
121.7,24.65,278.3812,SSP5-8.5,2041-2060,15.972800000000007,74.9769,21.401600000000144,1.6087999999999987,5.160299999999999,-0.9293000000000013,38.6077,72.30521250000001,106.02616249999994,1.6722750000000013,4.934699999999999,0.2941625000000001,37.4891875,1.5772485158297345,1.147146633610552
121.7,24.7,241.0741,SSP5-8.5,2041-2060,8.732100000000003,71.5897,59.39669999999978,1.7432000000000016,5.2120999999999995,0.2706999999999997,38.425,72.5534,31.67161249999998,1.3590375,4.901937499999999,0.14244999999999997,38.099775,1.5772485158297345,1.2103424139803434
121.7,24.75,229.8429,SSP5-8.5,2041-2060,-7.691699999999997,73.5172,39.85619999999972,1.4267000000000003,5.174100000000003,1.0602999999999998,38.7327,70.53378749999999,30.579074999999932,1.3172375000000005,4.812724999999999,0.3780250000000003,37.48055,1.5772485158297345,1.273538194350135
121.7,24.8,247.45,SSP5-8.5,2041-2060,2.224400000000003,69.0069,57.70019999999977,1.2848000000000006,4.286200000000001,-0.04309999999999903,36.0327,67.4343,52.308512500000006,1.2717499999999995,4.591162499999999,0.5868500000000001,36.386075000000005,1.5772485158297345,1.3367339747199263
121.7,24.85,271.1531,SSP5-8.5,2041-2060,17.6943,61.6757,115.61020000000008,1.2944999999999993,4.6569,0.5999999999999996,34.2615,63.021575,63.95247499999999,1.2510750000000002,4.5109875,0.2247750000000004,34.6142,1.5772485158297345,1.3999297550897176
121.7,24.9,277.5127,SSP5-8.5,2041-2060,14.689599999999984,58.032199999999996,91.74339999999984,1.2073999999999998,5.908599999999998,-0.08279999999999887,33.2231,58.719012500000005,42.88702500000005,1.1386249999999998,4.4476249999999995,0.14460000000000006,33.0625,1.5772485158297345,1.4631255354595045
121.7,24.95,261.6735,SSP5-8.5,2041-2060,19.99920000000003,57.5167,20.135499999999865,1.278500000000001,5.7033999999999985,0.15169999999999995,32.8615,57.237625,-6.3418124999998895,1.0065874999999993,4.962724999999999,-0.10926250000000004,32.7978375,1.5772485158297345,1.526321315829296
121.7,25.0,245.8166,SSP5-8.5,2041-2060,26.030599999999993,58.205799999999996,-42.87259999999969,1.066799999999997,5.7483,-0.013800000000001589,33.5519,59.368812500000004,-15.769875000000013,0.9885249999999992,5.126512499999999,-0.5142125,34.3310125,1.5772485158297345,1.5895170961990874
121.7,25.05,221.6028,SSP5-8.5,2041-2060,36.2851,61.592800000000004,78.18989999999985,1.2718999999999987,5.2362,-1.0465999999999998,36.0212,62.032512499999996,-28.91627500000004,0.9135749999999989,4.9135875,-0.5495500000000002,36.0725875,1.5772485158297345,1.652712876568879
121.7,25.1,199.8942,SSP5-8.5,2041-2060,24.6687,63.871300000000005,47.911699999999655,1.0833000000000013,3.9328000000000003,0.2585999999999995,37.426899999999996,64.70037500000001,-29.59500000000014,0.7882124999999993,4.46035,-0.6452499999999997,37.613475,1.5772485158297345,1.7159086569386703
121.7,25.15,183.4885,SSP5-8.5,2041-2060,18.867500000000007,65.6074,30.447999999999865,1.028100000000002,3.732800000000001,0.31900000000000084,38.6654,66.30865,-49.58528750000022,0.6684375,4.0739374999999995,-0.22218749999999998,38.2745125,1.5772485158297345,1.7791044373084572
121.7,25.2,173.4387,SSP5-8.5,2041-2060,17.74709999999999,66.7087,-10.079400000000078,0.7218000000000018,4.256899999999998,-0.043100000000000804,38.949999999999996,66.63210000000001,-94.8959000000001,0.4532624999999997,4.17825,-0.28663749999999966,38.5944625,1.5772485158297345,1.8423002176782488
121.75,24.25,262.9529,SSP5-8.5,2041-2060,19.669500000000028,86.7113,30.01929999999993,2.5182,6.825899999999997,1.5809999999999995,43.7962,78.47562500000001,89.19456249999996,2.190925,6.4514875,1.781675,36.0874875,1.6829423559109558,0.6415803906522295
121.75,24.3,280.3745,SSP5-8.5,2041-2060,18.17009999999999,86.41329999999999,65.43820000000005,2.4117999999999995,6.187899999999999,1.7016999999999989,42.7077,77.00309999999999,103.89944999999992,2.0944375,5.0416,1.7896375000000004,35.7536,1.6829423559109558,0.704776171022021
121.75,24.35,323.1967,SSP5-8.5,2041-2060,11.498499999999979,76.094,111.47479999999996,1.8907999999999987,5.3276,1.9499999999999993,34.188500000000005,76.8283375,113.28738749999994,2.00765,4.322399999999999,1.7293000000000003,36.419462499999995,1.6829423559109558,0.7679719513918124
121.75,24.4,357.6013,SSP5-8.5,2041-2060,8.38560000000001,71.7825,137.94219999999996,2.0749999999999993,2.6431000000000004,1.75,32.911500000000004,76.20521249999999,134.155975,1.9833874999999996,4.083187499999999,1.7286625000000004,36.1170625,1.6829423559109558,0.8311677317615993
121.75,24.45,339.8916,SSP5-8.5,2041-2060,10.012300000000039,78.6091,160.1839,2.3038999999999987,4.231000000000002,1.5861999999999998,37.8365,70.5303375,135.87528750000007,1.9695624999999999,3.7243624999999994,1.6866375000000002,33.0069625,1.6829423559109558,0.8943635121313908
121.75,24.5,338.6862,SSP5-8.5,2041-2060,6.055000000000007,69.2017,142.9450999999999,2.0462999999999987,4.489699999999999,1.2982999999999993,31.646200000000004,69.79979999999999,149.3644250000002,1.9491,4.362074999999999,1.5918125000000003,33.055737500000006,1.6829423559109558,0.9575592925011822
121.75,24.55,384.9637,SSP5-8.5,2041-2060,36.02049999999997,65.7748,217.08300000000054,1.8464000000000027,5.189699999999998,1.3034,31.0827,68.6738125,153.42491250000012,1.8525125,4.3375,1.2288750000000004,32.857200000000006,1.6829423559109558,1.0207550728709736
121.75,24.6,318.566,SSP5-8.5,2041-2060,37.43130000000002,72.57820000000001,202.60890000000018,2.0024000000000015,4.650000000000002,0.6654999999999998,36.39620000000001,71.2856875,132.83997500000015,1.6661125,4.486412499999999,0.7086125000000003,35.792775,1.6829423559109558,1.0839508532407651
121.75,24.65,279.9552,SSP5-8.5,2041-2060,4.117500000000007,74.0239,-8.463600000000042,0.9234000000000009,4.608599999999999,-0.17929999999999957,39.1327,73.07906249999999,119.51362500000005,1.7676625000000001,4.5625,0.4739125000000002,37.8221125,1.6829423559109558,1.147146633610552
121.75,24.7,227.1843,SSP5-8.5,2041-2060,7.477199999999982,72.2586,63.8116,1.3969000000000023,4.1707,0.6069000000000013,38.3327,73.259675,63.11320000000006,1.4926624999999998,4.617675,0.4502124999999999,38.688225,1.6829423559109558,1.2103424139803434
121.75,24.75,201.423,SSP5-8.5,2041-2060,3.462299999999999,71.5847,75.97340000000031,1.2811999999999983,4.430999999999997,1.1983000000000015,39.0462,72.6979375,65.14063749999997,1.4752750000000008,4.461225000000001,0.6377125000000001,38.551925,1.6829423559109558,1.273538194350135
121.75,24.8,217.8323,SSP5-8.5,2041-2060,2.93119999999999,74.0506,69.63819999999987,1.3491,4.318999999999999,0.7913999999999994,40.8654,70.0625875,80.47806250000008,1.4013624999999998,4.131037500000001,0.7187375000000005,37.4278875,1.6829423559109558,1.3367339747199263
121.75,24.85,258.6382,SSP5-8.5,2041-2060,16.124799999999993,63.836400000000005,129.8764000000001,1.4092999999999982,3.2828000000000017,0.8379000000000012,34.2577,65.4542,80.394925,1.3657500000000002,3.998275,0.3903000000000003,35.8091375,1.6829423559109558,1.3999297550897176
121.75,24.9,295.6983,SSP5-8.5,2041-2060,15.099099999999964,56.3051,92.85200000000032,1.4799000000000007,3.206900000000001,0.16380000000000017,31.917300000000004,60.4691125,51.255912499999965,1.2475999999999998,4.1482624999999995,0.1728375000000002,33.647837499999994,1.6829423559109558,1.4631255354595045
121.75,24.95,291.636,SSP5-8.5,2041-2060,16.94879999999995,57.2742,10.716100000000097,1.3719999999999999,4.8155,-0.6792999999999996,33.240399999999994,57.854675,-4.746487500000001,1.0777999999999999,4.465299999999999,-0.3196125000000001,32.6271625,1.6829423559109558,1.526321315829296
121.75,25.0,272.5216,SSP5-8.5,2041-2060,18.158200000000022,58.634,-51.866199999999935,1.1096000000000004,5.782799999999998,-1.8240999999999996,32.5923,59.57915,-20.78890000000007,1.0279999999999991,4.526725,-0.72285,34.0004875,1.6829423559109558,1.5895170961990874
121.75,25.05,229.8115,SSP5-8.5,2041-2060,18.450400000000002,61.524300000000004,7.626199999999699,1.0549999999999997,4.0276,-2.0947999999999993,34.7404,62.7451625,-9.944387500000062,0.972587499999999,4.282125000000001,-0.7084125000000001,35.55505,1.6829423559109558,1.652712876568879
121.75,25.1,211.3809,SSP5-8.5,2041-2060,19.9786,66.53200000000001,19.968099999999595,0.8633999999999986,3.337900000000001,-0.9207000000000001,37.1577,64.9005875,41.85913749999986,1.0992375,3.6692000000000005,-0.2685249999999997,36.723325,1.6829423559109558,1.7159086569386703
121.75,25.15,200.9515,SSP5-8.5,2041-2060,17.887599999999992,67.3224,93.08230000000003,1.1480999999999995,3.1259000000000015,0.4276,37.1327,66.57207500000001,23.31373749999983,0.9900750000000009,3.5793250000000003,0.038799999999999946,37.6235625,1.6829423559109558,1.7791044373084572
121.8,24.3,281.1604,SSP5-8.5,2041-2060,25.07170000000002,86.94550000000001,86.36889999999994,2.247,7.346499999999999,1.7931000000000008,44.653800000000004,79.471,94.39256249999994,2.0542125,5.024137499999999,1.7504125000000001,37.5122625,1.788636195992177,0.704776171022021
121.8,24.35,308.6296,SSP5-8.5,2041-2060,15.863900000000001,84.47730000000001,105.49440000000004,2.0256000000000007,4.839700000000001,1.5276000000000014,42.8154,77.758925,117.79683749999998,2.0172124999999994,4.616149999999999,1.785125,37.143262500000006,1.788636195992177,0.7679719513918124
121.8,24.4,346.0626,SSP5-8.5,2041-2060,15.255200000000002,81.7064,170.7123999999999,1.4589000000000034,2.244799999999998,2.0379000000000005,41.1904,77.290975,115.09882500000003,2.0791249999999994,4.8400875,1.7036625000000003,37.2709,1.788636195992177,0.8311677317615993
121.8,24.45,295.8852,SSP5-8.5,2041-2060,6.488900000000001,83.40020000000001,124.8425000000002,2.276699999999998,6.163799999999998,1.8620999999999999,42.8115,76.17580000000001,123.89068750000001,1.9240250000000003,3.89635,1.5980500000000004,36.8201875,1.788636195992177,0.8943635121313908
121.8,24.5,300.6507,SSP5-8.5,2041-2060,-3.1019999999999754,74.0562,61.251000000000204,1.8608000000000011,4.982800000000001,1.5879000000000012,35.5115,71.378875,128.46865000000008,1.7907499999999992,4.4976375,1.4605624999999998,34.4908625,1.788636195992177,0.9575592925011822
121.8,24.55,308.9933,SSP5-8.5,2041-2060,19.460000000000036,68.2782,127.63329999999996,1.3612000000000002,3.1102999999999987,1.5914000000000001,33.0538,73.1060375,130.9226250000001,1.70805,4.57545,1.230375,36.2175625,1.788636195992177,1.0207550728709736
121.8,24.6,258.7833,SSP5-8.5,2041-2060,15.236800000000017,74.10079999999999,190.01760000000013,1.9914999999999985,4.324100000000001,1.0603000000000016,37.05,72.1535375,132.14735000000007,1.5805250000000006,4.0584125,0.926725,36.9254875,1.788636195992177,1.0839508532407651
121.8,24.65,237.7586,SSP5-8.5,2041-2060,12.511599999999987,73.463,173.23660000000018,1.9915999999999983,3.5965999999999987,0.9000000000000004,39.349999999999994,73.5979,122.08128750000003,1.6694250000000004,4.217250000000001,0.7066750000000002,38.35265,1.788636195992177,1.147146633610552
121.8,24.7,213.9866,SSP5-8.5,2041-2060,7.631900000000002,73.1446,91.67020000000002,1.6590999999999987,4.619,0.7137999999999991,37.9538,73.0621625,89.15608750000007,1.5810375000000003,4.264025,0.5700375000000004,38.850975,1.788636195992177,1.2103424139803434
121.8,24.75,181.712,SSP5-8.5,2041-2060,14.465900000000005,73.7774,51.83450000000039,1.3073000000000015,4.139700000000001,0.5671999999999997,38.2577,73.26695000000001,91.20070000000004,1.5817749999999995,4.3489375,0.8849125000000002,39.098325,1.788636195992177,1.273538194350135
121.8,24.8,184.8057,SSP5-8.5,2041-2060,13.34899999999999,74.2385,87.2175000000002,1.6351000000000013,3.7689999999999984,1.134500000000001,39.8154,69.47127499999999,73.60826250000008,1.3602249999999998,3.748275,0.6122750000000006,37.192074999999996,1.788636195992177,1.3367339747199263
121.8,24.85,211.9242,SSP5-8.5,2041-2060,10.357399999999984,72.8639,85.75610000000006,1.5719999999999992,3.308600000000002,0.39480000000000004,39.0192,66.169475,75.2532500000001,1.3795125000000001,3.5159499999999997,0.5898750000000004,36.161775000000006,1.788636195992177,1.3999297550897176
121.8,24.9,270.9585,SSP5-8.5,2041-2060,9.643899999999974,57.460699999999996,42.641799999999876,1.103200000000001,2.530999999999999,0.16380000000000017,31.338499999999996,63.219325000000005,29.66596250000009,1.2734499999999995,3.200425,0.2073250000000002,34.775475,1.788636195992177,1.4631255354595045
121.8,24.95,286.0704,SSP5-8.5,2041-2060,11.535599999999988,55.09310000000001,-86.4322000000002,0.7439,2.9792999999999985,-0.003400000000000958,30.980800000000002,60.4336125,-21.451262499999984,1.0668125000000002,3.5541,-0.46766249999999987,33.5752375,1.788636195992177,1.526321315829296
121.8,25.0,255.9441,SSP5-8.5,2041-2060,11.019299999999987,61.5898,-104.17360000000008,0.6330999999999989,3.8621000000000016,-1.1120999999999999,34.5519,60.90025,-42.69416250000006,0.9652999999999996,3.7512999999999996,-0.8478249999999998,33.863475,1.788636195992177,1.5895170961990874
121.8,25.05,234.9002,SSP5-8.5,2041-2060,10.390299999999996,63.8365,-49.5005000000001,0.8027999999999977,3.8414,-0.9844999999999988,36.055800000000005,64.55595,-12.031237500000032,0.9674499999999995,3.5819000000000005,-0.8122624999999999,35.5512,1.788636195992177,1.652712876568879
121.8,25.1,217.2597,SSP5-8.5,2041-2060,16.290999999999997,67.69910000000002,22.788100000000213,0.9497999999999998,2.515500000000003,-0.024100000000000676,37.0827,66.36615,70.51881249999991,1.2337499999999997,3.221125,-0.21981249999999974,36.430775,1.788636195992177,1.7159086569386703
121.8,25.15,197.1041,SSP5-8.5,2041-2060,21.363200000000006,67.7509,104.32739999999967,1.454900000000002,2.941399999999998,0.9966000000000008,36.6615,67.2583625,141.00341249999997,1.5679124999999996,2.9398750000000007,0.346125,36.96395,1.788636195992177,1.7791044373084572
121.85,24.5,290.1548,SSP5-8.5,2041-2060,-3.721300000000042,79.94800000000001,57.65239999999994,1.4879999999999995,4.896599999999999,1.3171999999999997,41.2385,73.3475,125.13586250000009,1.70105,4.5291125,1.4790999999999999,36.3593625,1.8943300360733983,0.9575592925011822
121.85,24.55,274.5239,SSP5-8.5,2041-2060,-3.0810000000000173,74.3115,36.27689999999984,1.051599999999997,4.6586,1.0206999999999997,37.123099999999994,73.523025,145.09903750000007,1.7422125000000004,4.3153125,1.3295125,37.2557625,1.8943300360733983,1.0207550728709736
121.85,24.6,253.7975,SSP5-8.5,2041-2060,6.991399999999999,74.8771,139.54610000000002,1.3774000000000015,3.4121000000000024,1.5896999999999988,39.6923,73.4753,158.329975,1.8126124999999997,4.0234875,0.9933125000000003,37.8704375,1.8943300360733983,1.0839508532407651
121.85,24.65,236.8816,SSP5-8.5,2041-2060,17.024400000000014,73.9216,169.2575999999999,2.090200000000003,3.2414000000000023,0.5224000000000011,39.5731,74.0085125,120.82319999999999,1.6416874999999989,4.2890125,0.7982749999999998,38.681974999999994,1.8943300360733983,1.147146633610552
121.85,24.7,202.0537,SSP5-8.5,2041-2060,12.338400000000007,73.8784,128.20190000000002,1.9144999999999968,4.7120999999999995,0.6740999999999993,38.6904,73.3813625,94.6083000000001,1.5033875000000005,4.0273875,0.7398750000000003,38.917312499999994,1.8943300360733983,1.2103424139803434
121.85,24.85,194.3985,SSP5-8.5,2041-2060,8.065999999999974,73.18960000000001,75.44550000000027,1.5748999999999995,3.687899999999999,0.9879000000000016,38.7192,66.997525,69.884725,1.46295,2.7549624999999995,0.4327500000000004,36.1346125,1.8943300360733983,1.3999297550897176
121.85,24.9,219.6486,SSP5-8.5,2041-2060,1.1299000000000206,68.5992,-11.255599999999959,1.190100000000001,2.6740999999999993,0.039699999999999847,38.1192,64.00912500000001,15.56290000000007,1.21305,2.7269374999999996,0.15085000000000015,34.7882125,1.8943300360733983,1.4631255354595045
121.85,24.95,244.5554,SSP5-8.5,2041-2060,14.703699999999998,58.59310000000001,-59.63059999999996,0.8454999999999977,1.648299999999999,-0.08280000000000065,31.950000000000003,64.29418749999999,-45.69272500000005,0.9560875000000002,2.908625,-0.15516249999999987,34.955037499999996,1.8943300360733983,1.526321315829296
121.85,25.0,223.7946,SSP5-8.5,2041-2060,23.4563,65.0128,-90.89400000000023,0.8011000000000017,3.9121000000000024,-0.41029999999999944,34.8923,64.08271250000001,-42.79463750000002,0.868562499999999,3.0429,-0.22801249999999995,34.727162500000006,1.8943300360733983,1.5895170961990874
121.85,25.05,209.6039,SSP5-8.5,2041-2060,19.4854,67.23400000000001,-21.572099999999864,0.9924999999999997,3.003399999999999,-0.7034000000000002,36.455799999999996,66.83055,34.75801250000001,1.133649999999999,3.326312500000001,0.07092500000000035,35.97115,1.8943300360733983,1.652712876568879
121.85,25.1,189.4712,SSP5-8.5,2041-2060,20.046899999999994,68.2216,121.87360000000035,1.335099999999997,2.213799999999999,0.5914000000000001,36.936499999999995,68.202825,176.58498749999995,1.796375,3.0577625000000004,0.5817000000000001,36.4762125,1.8943300360733983,1.7159086569386703
121.85,25.15,170.9226,SSP5-8.5,2041-2060,24.0171,68.5075,288.3454999999999,2.218200000000003,3.2775999999999996,0.9292999999999996,36.3058,68.14355,165.64815,1.6993624999999992,2.7752125000000003,0.48687499999999995,36.78005,1.8943300360733983,1.7791044373084572
121.9,24.55,236.2946,SSP5-8.5,2041-2060,7.158500000000004,76.8803,151.50900000000001,1.7880000000000003,4.225899999999999,1.5793,39.9538,74.22027499999999,124.71684999999997,1.6806375,4.1258625,1.1620625000000002,37.963225,2.00002387615465,1.0207550728709736
121.9,24.6,197.3731,SSP5-8.5,2041-2060,23.671300000000002,74.2688,216.0998999999997,2.2243999999999993,4.381,0.6068999999999996,40.4635,75.17258749999999,130.7122625,1.7115999999999993,4.133425000000001,1.0829625,39.0839,2.00002387615465,1.0839508532407651
121.9,24.9,208.899,SSP5-8.5,2041-2060,0.8650000000000091,70.4889,-10.80639999999994,1.3483000000000018,2.1206999999999994,-0.06899999999999906,38.36919999999999,66.5449375,32.88829999999996,1.3190124999999993,2.726074999999999,0.34978750000000014,35.370662499999995,2.00002387615465,1.4631255354595045
121.9,24.95,213.5584,SSP5-8.5,2041-2060,15.96629999999999,68.07860000000001,-15.322999999999865,1.0366999999999997,2.332799999999999,-0.34830000000000005,36.0115,65.56651249999999,-29.936925000000087,1.0290249999999999,2.92285,0.17264999999999997,35.1706625,2.00002387615465,1.526321315829296
121.9,25.0,206.9323,SSP5-8.5,2041-2060,14.5762,68.0304,-89.29880000000003,0.7922999999999973,2.8568999999999996,0.4983000000000004,35.3769,67.74404999999999,32.039312499999994,1.2247125,3.3316875,0.32781249999999984,35.73365,2.00002387615465,1.5895170961990874
121.9,25.05,177.6348,SSP5-8.5,2041-2060,18.726199999999977,70.2062,83.57369999999992,1.101700000000001,3.8190000000000026,0.9121000000000006,36.4346,68.96945,98.67978749999992,1.5134374999999993,3.478025,0.5355875000000001,36.233175,2.00002387615465,1.652712876568879
121.9,25.1,136.3095,SSP5-8.5,2041-2060,33.7337,70.048,383.6956,2.653299999999998,3.5897000000000006,1.0966000000000005,36.4385,69.0716,147.50431250000003,1.6611749999999998,2.9028000000000005,0.7969999999999999,36.563225,2.00002387615465,1.7159086569386703
121.9,25.15,122.7288,SSP5-8.5,2041-2060,41.15519999999998,70.3404,601.0221999999999,4.197799999999999,1.4741,2.430999999999999,36.375,69.0001125,144.5417625,1.5509375000000003,3.1778125000000004,0.6924875000000001,36.731737499999994,2.00002387615465,1.7791044373084572
121.95,24.85,139.3408,SSP5-8.5,2041-2060,49.25749999999999,69.89949999999999,295.27859999999964,2.6000999999999994,2.705199999999998,1.0431000000000008,36.2077,69.038425,31.38052500000009,1.3607124999999998,2.9560249999999995,0.30451249999999996,36.846849999999996,2.105717716235871,1.3999297550897176
121.95,25.0,171.8806,SSP5-8.5,2041-2060,20.72320000000002,68.5084,25.248499999999694,1.4092999999999982,3.372399999999999,0.49659999999999904,35.2423,69.812875,62.40583749999996,1.3891125000000006,3.5526000000000004,0.5394375000000002,36.618975,2.105717716235871,1.5895170961990874
121.95,25.05,156.8258,SSP5-8.5,2041-2060,21.525800000000004,72.33359999999999,173.30229999999983,1.7020000000000017,4.062100000000001,1.7414000000000005,37.5385,69.8399875,178.92024999999995,1.9347124999999994,3.4290875,0.8403124999999998,36.331487499999994,2.105717716235871,1.652712876568879
122.0,25.0,141.2376,SSP5-8.5,2041-2060,23.3468,71.9857,161.60970000000043,1.908900000000001,4.503399999999999,1.017199999999999,37.3442,70.0076125,104.6843874999999,1.5581874999999998,3.370925,0.6627250000000002,36.5495125,2.2114115563170924,1.5895170961990874
122.0,25.05,132.0459,SSP5-8.5,2041-2060,31.034400000000005,72.3668,287.0831999999996,2.421900000000001,4.8138000000000005,0.9741,36.9846,69.9414125,165.47877499999998,1.8502499999999995,3.2513,0.9806124999999999,36.345187499999994,2.2114115563170924,1.652712876568879
122.1,25.65,212.7383,SSP5-8.5,2041-2060,8.089199999999977,75.6222,65.51289999999995,0.6865999999999985,6.243099999999998,0.9207000000000001,39.7308,68.8444,206.12884999999994,1.896425,3.4935374999999995,0.7599125,37.280525,2.422799236479535,2.4110622410063627
119.45,23.2,88.1242,SSP5-8.5,2081-2100,19.400800000000004,210.8541,177.24160000000006,2.6522999999999985,8.07589999999999,1.5551999999999992,123.76920000000001,211.0590375,214.1950375,3.0658,5.148062499999996,2.37285,123.52236249999999,-3.1789742878254956,-0.6855309971133726
119.5,23.35,140.2317,SSP5-8.5,2081-2100,38.8014,210.6902,212.0639,3.2058999999999997,4.286199999999994,2.5310000000000006,123.84620000000001,211.079525,209.84225,2.9966,5.621774999999996,2.2508749999999997,123.5127375,-3.073280447744274,-0.4959436560039983
119.5,23.4,139.9822,SSP5-8.5,2081-2100,35.6541,210.86010000000002,204.95489999999995,3.0532000000000004,4.048299999999998,2.4966,124.24229999999999,211.1572375,198.072675,2.8804999999999996,4.956687499999996,2.1719874999999997,123.7692375,-3.073280447744274,-0.43274787563421135
119.5,23.5,143.6065,SSP5-8.5,2081-2100,24.383699999999976,212.3547,186.6511999999999,2.5584999999999987,3.70859999999999,2.4207,125.43849999999999,211.24582500000002,195.2151375,2.9848624999999998,4.195699999999999,2.2952624999999998,123.7223625,-3.073280447744274,-0.3063563148946285
119.5,23.6,133.4372,SSP5-8.5,2081-2100,23.098900000000015,211.4527,192.76330000000007,2.7516999999999996,2.9361999999999995,2.0447999999999995,124.47500000000001,211.3704,191.42696249999997,2.9726375,4.378024999999999,2.19505,123.67091249999999,-3.073280447744274,-0.17996475415504562
119.5,23.65,131.2561,SSP5-8.5,2081-2100,22.758999999999986,211.5346,193.43960000000004,2.933699999999998,3.398300000000006,2.1690000000000005,124.69229999999999,211.0723375,192.995675,3.0038875,4.514225,2.10065,123.501675,-3.073280447744274,-0.11676897378525869
119.55,23.35,139.2331,SSP5-8.5,2081-2100,33.7936,210.76940000000002,203.88739999999996,3.032,4.996600000000001,2.0983,123.9211,211.069625,210.8643125,3.0183374999999995,5.532974999999995,2.3049625000000002,123.503375,-2.967586607663053,-0.4959436560039983
119.55,23.55,151.4465,SSP5-8.5,2081-2100,24.0591,212.0139,187.65250000000003,2.7426999999999992,5.536199999999994,2.4947999999999997,123.70769999999999,211.27662500000002,192.17485,2.9610999999999996,4.1189624999999985,2.17005,123.523325,-2.967586607663053,-0.24316053452483705
119.55,23.65,133.0819,SSP5-8.5,2081-2100,22.326700000000017,211.3361,193.63509999999997,2.9406999999999996,3.893100000000004,2.0793,123.6423,211.2078875,193.1578625,3.0357125000000003,4.6090625,2.1152999999999995,123.49278749999999,-2.967586607663053,-0.11676897378525869
119.6,23.25,136.6252,SSP5-8.5,2081-2100,34.433099999999996,209.9186,236.90710000000013,3.0290999999999997,5.443100000000001,1.8966000000000003,122.6981,211.175975,206.73685,3.0187,5.477162499999995,2.3301749999999997,123.65625,-2.8618927675818315,-0.6223352167435812
119.6,23.55,143.8459,SSP5-8.5,2081-2100,23.924499999999995,211.20430000000002,187.4144,3.0717999999999996,4.6706999999999965,2.3344999999999994,122.2981,211.17093749999998,194.9630875,2.9641374999999996,4.5012874999999966,2.1398625,123.1755,-2.8618927675818315,-0.24316053452483705
119.6,23.6,141.1564,SSP5-8.5,2081-2100,24.301299999999998,210.87470000000002,189.79739999999993,3.1792000000000016,4.796599999999998,2.2120999999999995,122.87499999999999,211.15337499999998,194.647875,3.0149624999999998,4.739212499999999,2.1118374999999996,123.038475,-2.8618927675818315,-0.17996475415504562
119.6,23.65,136.5514,SSP5-8.5,2081-2100,22.874200000000002,210.969,193.81060000000002,3.2249000000000017,5.574100000000001,2.0,122.7173,210.93022499999998,195.6498125,3.0756374999999996,4.599362500000002,2.0344875,123.40312499999999,-2.8618927675818315,-0.11676897378525869
119.6,23.7,132.8465,SSP5-8.5,2081-2100,22.109499999999997,210.67589999999998,199.0148999999999,3.1296,3.4466000000000037,1.8500000000000005,123.99609999999998,210.9979125,195.6678875,3.0475375,4.648487500000002,2.017025,123.5153875,-2.8618927675818315,-0.053573193415467256
119.6,23.75,131.5149,SSP5-8.5,2081-2100,21.7157,210.0521,199.87720000000002,2.9904999999999973,5.260300000000001,1.7896999999999998,124.3019,211.07588750000002,195.56009999999998,3.064925,4.421775000000002,2.0245625,123.47716249999999,-2.8618927675818315,0.009622586954324176
119.65,23.25,154.9015,SSP5-8.5,2081-2100,42.82560000000001,210.66109999999998,294.0289,3.8332000000000015,8.494799999999998,2.710300000000001,122.02690000000001,210.7904375,203.7607625,2.959949999999999,4.900224999999995,2.1151,123.483425,-2.7561989275005803,-0.6223352167435812
119.65,23.55,137.1792,SSP5-8.5,2081-2100,22.8228,210.4869,199.8872,3.028299999999998,3.974099999999993,2.0999999999999996,122.04809999999999,211.06895000000003,195.3528375,3.0799000000000003,5.058624999999999,2.0980499999999997,122.82045,-2.7561989275005803,-0.24316053452483705
119.65,23.6,135.7117,SSP5-8.5,2081-2100,22.771299999999997,210.8261,200.64970000000005,3.107499999999998,4.8155,2.0241,122.23850000000002,210.85930000000002,196.67782499999998,3.1183625000000004,4.69225,2.0269375,122.83269999999999,-2.7561989275005803,-0.17996475415504562
119.65,23.65,133.1052,SSP5-8.5,2081-2100,21.665600000000012,210.938,201.37019999999995,3.252100000000002,6.513800000000003,1.8171999999999997,123.1808,210.8453125,196.5877625,3.1002875,4.479962499999999,2.0527999999999995,122.7149125,-2.7561989275005803,-0.11676897378525869
119.7,23.55,133.6888,SSP5-8.5,2081-2100,22.723000000000013,210.3895,208.4928,3.1203000000000003,4.668999999999997,1.8224,121.90390000000001,211.081125,194.27713749999998,3.0684,4.971762499999999,2.1327499999999997,122.83847499999999,-2.6505050874193588,-0.24316053452483705
120.0,23.45,147.1014,SSP5-8.5,2081-2100,34.22659999999999,212.2645,291.09479999999996,3.7929999999999993,5.993099999999998,2.3810000000000002,127.6769,211.6240125,354.11973750000004,5.096425,4.239437499999999,2.41875,131.79495,-2.016342046932001,-0.3695520952644199
120.05,23.05,151.7014,SSP5-8.5,2081-2100,54.98949999999999,215.15210000000002,361.69669999999996,5.8535,5.725899999999996,1.4051999999999998,132.9615,214.7014625,415.598025,6.696162500000002,7.884925000000002,1.9467499999999998,134.980525,-1.9106482068507795,-0.8751183382227424
120.05,23.1,160.5833,SSP5-8.5,2081-2100,54.28629999999998,215.80069999999998,350.0089999999998,5.756800000000002,9.012100000000004,1.5259,132.4942,214.292075,395.8104125,6.2108875,7.308837499999999,1.9381250000000003,134.41033750000003,-1.9106482068507795,-0.811922557852951
120.05,23.15,161.5848,SSP5-8.5,2081-2100,52.8784,211.4339,361.33979999999997,5.5642,9.648300000000006,1.6672000000000011,129.4327,214.2112875,392.1853375,6.00185,7.43535,1.9478374999999999,133.85576250000003,-1.9106482068507795,-0.748726777483164
120.05,23.5,152.7158,SSP5-8.5,2081-2100,37.37010000000001,212.8707,303.8085,4.021599999999999,5.458600000000004,2.5414000000000003,131.29229999999998,211.6057125,342.3823749999999,5.307475,3.966587500000001,2.324775,131.97763750000001,-1.9106482068507795,-0.3063563148946285
120.1,23.05,164.0755,SSP5-8.5,2081-2100,67.0678,214.7683,424.895,6.9278999999999975,6.177599999999998,1.7310000000000008,136.3058,215.157625,423.55393749999996,6.847462500000002,7.6049625,1.9963374999999997,135.6108,-1.8049543667695582,-0.8751183382227424
120.1,23.1,164.0134,SSP5-8.5,2081-2100,59.980800000000016,216.20489999999998,380.61900000000014,6.493400000000001,9.881,1.6809999999999992,136.5115,214.66556250000002,402.63488749999993,6.42935,7.2748,1.9394250000000002,134.653125,-1.8049543667695582,-0.811922557852951
120.1,23.15,162.4066,SSP5-8.5,2081-2100,60.38249999999999,215.62650000000002,378.1993,5.585700000000003,8.675899999999992,2.484499999999999,134.8808,213.9733375,398.358,6.32235,7.389225000000002,1.8924375000000002,134.3173,-1.8049543667695582,-0.748726777483164
120.1,23.2,171.3221,SSP5-8.5,2081-2100,55.06739999999999,211.1453,417.4013000000002,5.4207,5.693100000000008,2.0379000000000005,130.6519,212.4888375,395.4291875,5.9961125,7.707537500000001,2.088775,133.039425,-1.8049543667695582,-0.6855309971133726
120.1,23.25,167.5961,SSP5-8.5,2081-2100,49.3715,209.9344,420.7482,5.463799999999999,7.5793000000000035,2.3568999999999996,129.6577,211.3589125,399.3814,5.8304,6.263575000000002,2.1045249999999998,132.18099999999998,-1.8049543667695582,-0.6223352167435812
120.1,23.3,161.8927,SSP5-8.5,2081-2100,44.47200000000001,209.0655,401.99929999999995,5.121199999999998,4.610299999999995,2.510300000000001,129.4558,210.81245,392.8905125,5.656725,6.155812500000003,2.169175,131.241825,-1.8049543667695582,-0.5591394363737897
120.1,23.35,160.5993,SSP5-8.5,2081-2100,39.44579999999999,211.2643,368.0979,4.5792,2.1861999999999995,2.282799999999999,130.8192,210.9638,384.2443875,5.734087500000001,6.111625000000001,2.3206875,131.468025,-1.8049543667695582,-0.4959436560039983
120.1,23.55,158.8799,SSP5-8.5,2081-2100,35.09800000000001,210.5172,329.64009999999996,4.6768,2.7827999999999946,2.3085999999999993,131.81730000000002,211.082775,343.75476249999997,5.454962500000001,2.7683000000000018,2.22715,131.808875,-1.8049543667695582,-0.24316053452483705
120.1,23.65,147.0171,SSP5-8.5,2081-2100,34.62020000000001,209.23930000000001,338.15100000000007,5.658100000000001,-1.2035000000000053,1.8448000000000002,127.3442,209.2572375,344.30975,5.7089,2.928437500000001,2.0851249999999997,130.86755,-1.8049543667695582,-0.11676897378525869
120.15,22.9,182.8242,SSP5-8.5,2081-2100,62.80000000000001,215.17470000000003,461.6894,8.048499999999997,8.403499999999994,1.6533999999999995,136.4481,217.5609,498.74743750000005,8.376375,9.2760875,2.017675,140.5949375,-1.699260526688307,-1.0647056793321166
120.15,22.95,183.9828,SSP5-8.5,2081-2100,67.9074,213.0455,472.6953000000001,8.0716,9.64309999999999,1.7966000000000006,135.45,215.9955375,500.860225,8.230125000000001,8.552387500000002,2.2489000000000003,138.81561250000001,-1.699260526688307,-1.0015098989623252
120.15,23.0,179.0614,SSP5-8.5,2081-2100,73.8418,214.29250000000002,488.6970000000001,8.007600000000004,7.463800000000006,2.1430999999999996,136.4519,214.966325,483.12505,7.9663375,8.256487499999999,2.2131375,137.38099999999997,-1.699260526688307,-0.9383141185925338
120.15,23.05,168.845,SSP5-8.5,2081-2100,78.91839999999999,214.5374,502.60709999999995,7.905000000000001,6.2897000000000105,2.2034000000000002,136.61149999999998,215.32944999999998,455.1720125,7.5019375,7.766799999999998,2.1418,137.571625,-1.699260526688307,-0.8751183382227424
120.15,23.1,171.8789,SSP5-8.5,2081-2100,66.8613,214.9475,438.4179999999999,7.328700000000001,5.930999999999997,2.1379,137.1558,215.2108625,434.1058875,7.000075000000001,7.757549999999999,2.0874875,136.7406125,-1.699260526688307,-0.811922557852951
120.15,23.15,172.6805,SSP5-8.5,2081-2100,58.058099999999996,215.0581,403.91419999999994,6.512999999999998,6.737899999999996,2.3603000000000005,137.3827,214.239375,415.299625,6.6018500000000016,7.661000000000001,2.0528000000000004,135.5483,-1.699260526688307,-0.748726777483164
120.15,23.2,173.6379,SSP5-8.5,2081-2100,57.145099999999985,212.428,410.2677000000001,6.574100000000001,6.032800000000009,1.9983000000000004,134.60379999999998,212.65098749999999,408.99586250000004,6.298375,7.747200000000001,2.119825,133.99855,-1.699260526688307,-0.6855309971133726
120.15,23.25,176.7822,SSP5-8.5,2081-2100,51.3537,210.1594,406.346,6.6534999999999975,8.494800000000005,1.6517,132.3904,210.76706249999998,404.8054125,5.9734875,6.8823250000000025,2.1209000000000002,132.181475,-1.699260526688307,-0.6223352167435812
120.15,23.3,164.996,SSP5-8.5,2081-2100,47.96779999999998,209.99020000000002,406.1718999999998,5.775600000000001,7.294800000000009,2.187900000000001,130.6192,210.5035375,392.60835,5.7978375,6.157962499999999,2.118325,131.523075,-1.699260526688307,-0.5591394363737897
120.15,23.35,166.8912,SSP5-8.5,2081-2100,44.81020000000001,212.2348,388.68960000000015,5.589200000000002,4.2930999999999955,2.2397,131.5731,210.588775,375.5859875,5.755700000000001,6.363137500000001,2.2374875000000003,131.5699375,-1.699260526688307,-0.4959436560039983
120.15,23.4,167.3857,SSP5-8.5,2081-2100,42.13589999999999,212.16070000000002,363.44669999999996,5.958100000000002,5.613800000000012,2.6362000000000005,131.9558,211.370725,373.68921250000005,5.755725000000001,5.877799999999999,2.2196125,132.1819625,-1.699260526688307,-0.43274787563421135
120.15,23.45,169.7463,SSP5-8.5,2081-2100,38.0736,212.5034,343.43550000000005,5.424900000000001,4.525899999999993,2.2293000000000003,133.9596,212.059275,362.101325,5.845975,5.336624999999999,2.3047375000000003,132.80481250000003,-1.699260526688307,-0.3695520952644199
120.15,23.5,182.3152,SSP5-8.5,2081-2100,29.512299999999982,212.37550000000002,333.84030000000007,5.400400000000001,4.444800000000001,2.6017,133.48649999999998,211.78735,353.25919999999996,5.6296875,3.890087499999999,2.2672375000000002,133.1375,-1.699260526688307,-0.3063563148946285
120.15,23.55,169.2276,SSP5-8.5,2081-2100,29.322900000000004,210.51049999999998,344.1610999999998,5.302699999999998,1.9465000000000003,2.3792999999999997,132.3519,211.222725,351.41386249999994,5.6705875,3.2659374999999997,2.1997875000000002,132.87571250000002,-1.699260526688307,-0.24316053452483705
120.15,23.6,154.9187,SSP5-8.5,2081-2100,34.8023,209.2812,366.64549999999997,5.831300000000002,2.3655000000000115,2.0431,130.4923,210.294425,347.05465000000004,5.6271375,2.5454624999999993,2.0625,131.649275,-1.699260526688307,-0.17996475415504562
120.15,23.65,152.2337,SSP5-8.5,2081-2100,34.30619999999999,208.7835,364.1263,6.344899999999999,2.5276000000000067,1.7947999999999995,130.0404,209.3907125,343.012,5.812825,2.647187500000001,1.9864125,130.62740000000002,-1.699260526688307,-0.11676897378525869
120.15,23.7,159.0972,SSP5-8.5,2081-2100,32.43440000000001,209.106,340.1242,6.2135,0.5793000000000035,2.2224000000000004,129.46540000000002,208.801425,337.7863125,5.871337500000001,3.253212500000002,1.8264999999999998,130.3439875,-1.699260526688307,-0.053573193415467256
120.15,23.75,155.5938,SSP5-8.5,2081-2100,28.82560000000001,207.5155,307.55150000000015,5.482300000000002,4.1240999999999985,1.9344999999999999,130.41729999999998,207.86685,321.25350000000003,5.788362499999999,3.798912500000002,1.8217500000000002,130.769475,-1.699260526688307,0.009622586954324176
120.15,23.8,149.9186,SSP5-8.5,2081-2100,28.015800000000013,205.2498,281.1064,5.307499999999997,4.820700000000002,1.6741000000000001,130.4423,206.10235,298.8543,5.522187499999999,3.233387500000001,1.935125,130.21155,-1.699260526688307,0.0728183673241156
120.2,22.8,197.0965,SSP5-8.5,2081-2100,60.20300000000003,225.6162,465.82989999999995,7.953199999999999,9.3052,1.536200000000001,145.8596,223.865,487.5650875,7.926537499999999,9.816824999999998,1.8857875000000002,145.6519125,-1.5935666866070857,-1.191097240071695
120.2,22.85,199.0056,SSP5-8.5,2081-2100,62.920199999999994,221.94950000000003,481.54970000000003,8.514999999999997,10.339699999999993,1.4500000000000002,144.0942,220.1818375,488.21861250000006,8.1043,9.161437499999998,1.892675,142.754325,-1.5935666866070857,-1.1279014597019037
120.2,22.9,190.9749,SSP5-8.5,2081-2100,67.43330000000003,218.33339999999998,479.04060000000004,8.102599999999999,9.894800000000004,2.3707000000000003,141.9981,217.69615,498.27715,8.510887499999999,9.471787499999994,1.95215,140.75095,-1.5935666866070857,-1.0647056793321166
120.2,22.95,197.0414,SSP5-8.5,2081-2100,70.57849999999996,214.7073,507.63570000000004,7.847000000000001,9.539700000000003,2.377600000000001,137.275,216.2525,498.6693,8.4021875,8.8420375,2.22865,139.256,-1.5935666866070857,-1.0015098989623252
120.2,23.0,195.1873,SSP5-8.5,2081-2100,68.36259999999999,214.5431,487.27239999999983,8.024800000000003,9.634499999999996,2.931,137.1788,215.6196625,502.331475,8.2125,8.18385,2.2974125000000005,138.5636875,-1.5935666866070857,-0.9383141185925338
120.2,23.05,177.4156,SSP5-8.5,2081-2100,73.93939999999998,214.6994,488.1854000000001,7.849,7.860299999999995,2.3897000000000004,137.8192,215.9054125,478.93006249999996,7.939312500000001,7.46725,2.2486875,138.6242625,-1.5935666866070857,-0.8751183382227424
120.2,23.1,182.2399,SSP5-8.5,2081-2100,65.87639999999999,215.4707,458.70159999999987,7.595100000000002,7.398299999999999,1.6982999999999997,137.58460000000002,215.5403125,456.6993625,7.428575,7.045899999999999,2.1995500000000003,138.4086375,-1.5935666866070857,-0.811922557852951
120.2,23.15,197.3576,SSP5-8.5,2081-2100,55.39330000000001,215.32160000000002,435.7255,7.131500000000003,9.039700000000003,2.151700000000001,136.8288,214.21508749999998,432.10423749999995,7.0141124999999995,6.901075,2.1144375,137.40142500000002,-1.5935666866070857,-0.748726777483164
120.2,23.2,193.4613,SSP5-8.5,2081-2100,49.25640000000001,212.7705,403.0645999999999,6.685600000000001,8.636200000000002,2.232800000000001,136.1692,212.4044375,419.48545,6.7357,7.102162500000002,2.0870625,135.8891625,-1.5935666866070857,-0.6855309971133726
120.2,23.25,181.3037,SSP5-8.5,2081-2100,48.747900000000016,211.19209999999998,406.56780000000003,6.933199999999999,7.120699999999999,1.6827999999999994,134.02689999999998,210.61515,397.33678749999996,6.3055,7.467237500000003,2.153875,134.29590000000002,-1.5935666866070857,-0.6223352167435812
120.2,23.3,176.4082,SSP5-8.5,2081-2100,36.226200000000006,209.6105,372.22249999999985,5.813700000000001,8.091399999999993,1.9603000000000002,132.2673,210.488425,384.4459125,6.234475,6.957537500000002,2.0730625,133.1788375,-1.5935666866070857,-0.5591394363737897
120.2,23.35,181.8558,SSP5-8.5,2081-2100,38.281300000000016,210.5673,376.19550000000004,6.228900000000003,6.887900000000002,2.2621,131.99419999999998,210.88352500000002,369.9331,5.9768875,6.944825000000001,2.2025750000000004,132.7365375,-1.5935666866070857,-0.4959436560039983
120.2,23.4,177.111,SSP5-8.5,2081-2100,42.7304,211.2541,373.26840000000016,6.311,8.087899999999998,2.1431000000000004,132.5288,211.8178,364.68286250000006,5.967025000000001,6.244624999999998,2.2239125,132.879575,-1.5935666866070857,-0.43274787563421135
120.2,23.45,179.4661,SSP5-8.5,2081-2100,38.55579999999998,211.57899999999998,357.8544999999999,5.993600000000001,7.489699999999992,2.3241000000000005,131.7885,212.47533750000002,360.87666250000007,5.9413,5.7019375,2.2829625,133.74543749999998,-1.5935666866070857,-0.3695520952644199
120.2,23.5,174.421,SSP5-8.5,2081-2100,40.76650000000001,213.2327,366.79499999999985,6.072599999999998,4.060299999999998,2.019000000000001,134.0808,212.4711625,350.365975,5.705450000000001,4.735987499999997,2.362925,134.0983125,-1.5935666866070857,-0.3063563148946285
120.2,23.55,178.3221,SSP5-8.5,2081-2100,34.408199999999994,213.09810000000002,355.8698999999999,5.655799999999999,2.081000000000003,2.3828000000000005,135.50379999999998,211.666625,351.2209,5.7036,3.7098999999999993,2.2168124999999996,133.36033749999999,-1.5935666866070857,-0.24316053452483705
120.2,23.6,175.7264,SSP5-8.5,2081-2100,29.684199999999976,209.49439999999998,357.0543,5.736699999999999,3.091399999999993,2.0085999999999995,131.6673,210.67393750000002,346.405625,5.7259875000000005,3.565287500000002,2.1054,132.719475,-1.5935666866070857,-0.17996475415504562
120.2,23.65,157.1646,SSP5-8.5,2081-2100,34.0838,208.8496,345.17500000000007,6.083000000000002,6.010300000000001,1.9897,130.6885,209.70505000000003,344.54528750000003,5.90955,3.503887500000003,1.8413624999999998,131.35145,-1.5935666866070857,-0.11676897378525869
120.2,23.7,156.8797,SSP5-8.5,2081-2100,37.41239999999999,208.6381,337.11670000000004,6.292399999999997,2.6983000000000033,1.3809999999999993,130.0288,208.69038749999999,329.5201875,5.788200000000001,4.373262500000001,1.932325,131.08175,-1.5935666866070857,-0.053573193415467256
120.2,23.75,158.5914,SSP5-8.5,2081-2100,30.417900000000003,207.6364,310.15689999999995,5.365099999999998,1.5516999999999967,2.1569000000000003,131.3846,207.4156625,311.01912500000003,5.708925,3.949125000000002,1.803,130.80577499999998,-1.5935666866070857,0.009622586954324176
120.2,23.8,159.4839,SSP5-8.5,2081-2100,28.342700000000008,205.8955,284.0381,5.351599999999998,3.7103000000000037,2.0069,131.1173,205.56971249999998,296.34715000000006,5.442937499999999,4.0023625,1.8512875,130.075975,-1.5935666866070857,0.0728183673241156
120.2,23.85,150.5228,SSP5-8.5,2081-2100,29.10730000000001,202.76579999999998,266.30539999999996,5.193299999999997,3.848300000000009,1.6361999999999997,128.6154,204.34551249999998,286.010175,5.50925,2.965512499999999,1.8827625000000001,128.71826249999998,-1.5935666866070857,0.13601414769390704
120.25,22.6,206.2164,SSP5-8.5,2081-2100,51.32290000000003,236.9724,375.4064999999998,6.534200000000002,12.275899999999993,2.853399999999999,152.0231,233.59156249999998,394.5027625,6.6165875000000005,11.8665875,3.1454874999999998,150.003375,-1.4878728465258642,-1.4438803615508562
120.25,22.65,214.8677,SSP5-8.5,2081-2100,58.557500000000005,232.23799999999997,416.7323000000001,7.2226,12.553399999999996,2.7447999999999997,150.4962,232.805075,411.85687499999995,6.8300875,11.630387500000001,2.7689749999999993,149.9733125,-1.4878728465258642,-1.3806845811810693
120.25,22.7,222.8883,SSP5-8.5,2081-2100,59.154900000000026,228.76529999999997,459.98170000000005,7.363500000000002,9.5638,2.3414,147.4904,230.3892375,439.9609,7.227062499999999,11.414224999999998,2.3340625,148.91995,-1.4878728465258642,-1.317488800811278
120.25,22.75,220.3806,SSP5-8.5,2081-2100,63.89580000000004,228.3696,471.69270000000006,7.440899999999999,10.353400000000008,2.0052000000000003,147.3346,228.19743749999998,472.90875,7.6419,10.291174999999999,2.0441875000000005,147.969475,-1.4878728465258642,-1.2542930204414864
120.25,22.8,217.3803,SSP5-8.5,2081-2100,64.10420000000002,226.7887,489.2414000000001,7.7257,7.918999999999997,1.8396999999999988,147.19230000000002,224.4309,492.5850125,8.0068875,10.005837499999998,1.9066875000000003,146.2062375,-1.4878728465258642,-1.191097240071695
120.25,22.85,205.1626,SSP5-8.5,2081-2100,62.71719999999999,221.7831,480.4216000000001,8.561700000000002,10.134499999999989,1.6913999999999998,144.92880000000002,222.0019375,490.37116249999997,8.168,9.396349999999996,1.9099125000000003,144.81153750000001,-1.4878728465258642,-1.1279014597019037
120.25,22.9,205.1656,SSP5-8.5,2081-2100,64.8264,218.6648,515.7161000000001,8.7316,8.810299999999998,1.8879000000000001,143.18460000000002,218.8465875,507.1011,8.5488,9.869412499999996,2.1237125000000003,142.554075,-1.4878728465258642,-1.0647056793321166
120.25,22.95,208.7716,SSP5-8.5,2081-2100,66.80839999999998,217.7111,564.2234999999998,9.173899999999996,8.382800000000003,2.424100000000001,141.3769,217.33875,507.5583125,8.6359375,9.3258625,2.4571125,141.6475875,-1.4878728465258642,-1.0015098989623252
120.25,23.0,207.0415,SSP5-8.5,2081-2100,64.13589999999996,218.25490000000002,520.0201,9.056899999999999,8.503500000000003,2.6224000000000007,141.9596,216.53705000000002,500.945925,8.2591,8.707749999999999,2.5582000000000003,141.0317125,-1.4878728465258642,-0.9383141185925338
120.25,23.05,201.4759,SSP5-8.5,2081-2100,62.5531,217.7092,474.58770000000004,7.788999999999998,7.787899999999993,2.4223999999999997,141.56539999999998,216.7803375,477.31247499999995,8.0236375,7.9478374999999994,2.3851375,141.19060000000002,-1.4878728465258642,-0.8751183382227424
120.25,23.1,193.5872,SSP5-8.5,2081-2100,59.280100000000004,217.488,461.1365999999998,7.807399999999998,6.729299999999995,1.8309999999999995,140.4865,215.943925,457.3859625,7.498287500000001,7.6989125,2.2185375,140.402625,-1.4878728465258642,-0.811922557852951
120.25,23.15,192.8901,SSP5-8.5,2081-2100,57.96030000000002,214.5613,449.0204000000001,7.105,5.991399999999999,2.0999999999999996,139.41920000000002,214.410575,445.18313749999993,7.2600999999999996,7.652150000000002,2.1506375,138.9247375,-1.4878728465258642,-0.748726777483164
120.25,23.2,198.0553,SSP5-8.5,2081-2100,49.14100000000002,210.9966,432.3108,6.503999999999998,7.7517,2.556899999999999,136.4096,212.3499625,432.6983375,6.916600000000001,6.762725000000004,2.2019375,137.447575,-1.4878728465258642,-0.6855309971133726
120.25,23.25,200.0552,SSP5-8.5,2081-2100,45.0488,209.51839999999999,411.73119999999994,6.471299999999999,5.648300000000006,2.1948000000000008,136.05190000000002,210.583475,394.77455,6.323974999999999,7.427362500000001,2.3362125000000002,135.9636875,-1.4878728465258642,-0.6223352167435812
120.25,23.3,181.8647,SSP5-8.5,2081-2100,38.072599999999994,209.4476,336.5796,5.966200000000001,7.7879000000000005,2.4482999999999997,135.85580000000002,210.1768625,373.20558750000004,6.1470625000000005,7.040312500000001,2.176725,134.69541249999997,-1.4878728465258642,-0.5591394363737897
120.25,23.35,175.3702,SSP5-8.5,2081-2100,43.310299999999984,210.79760000000002,343.28570000000013,6.257899999999999,8.132799999999996,1.9171999999999993,132.91920000000002,210.2820625,354.6509500000001,6.0142125,7.627362499999999,2.1997875,134.4913375,-1.4878728465258642,-0.4959436560039983
120.25,23.4,177.6964,SSP5-8.5,2081-2100,44.92149999999998,211.5727,375.8004000000001,6.1434,6.256900000000002,2.0879000000000003,134.1731,211.25018749999998,360.31747500000006,6.133575,7.267462499999998,2.1681,133.954075,-1.4878728465258642,-0.43274787563421135
120.25,23.45,174.0829,SSP5-8.5,2081-2100,46.346599999999995,213.1269,368.7550000000001,6.1402,6.756899999999995,2.0948,134.6731,212.0744375,368.5188625,6.122025,6.731249999999998,2.2536625,134.2711625,-1.4878728465258642,-0.3695520952644199
120.25,23.5,175.4561,SSP5-8.5,2081-2100,41.56200000000001,213.57670000000002,361.672,6.079800000000002,5.869,2.451699999999999,135.1058,212.49150000000003,361.4854624999999,5.917462499999999,5.484474999999997,2.329325,134.65913749999999,-1.4878728465258642,-0.3063563148946285
120.25,23.55,180.6196,SSP5-8.5,2081-2100,30.027800000000013,212.9992,337.33950000000004,5.6462,4.77409999999999,2.4397,135.9173,211.886575,359.65178749999995,5.874874999999999,4.6480625,2.2107875,134.223325,-1.4878728465258642,-0.24316053452483705
120.25,23.6,176.2028,SSP5-8.5,2081-2100,30.67320000000001,211.8628,342.2595000000001,5.559100000000001,3.127600000000001,1.7913999999999994,133.7808,210.7549,346.58185000000003,5.762625,4.818099999999999,2.1961375,133.6096125,-1.4878728465258642,-0.17996475415504562
120.25,23.65,168.6701,SSP5-8.5,2081-2100,28.5659,210.00660000000002,315.66820000000007,5.384900000000002,5.689700000000002,2.0223999999999993,132.9808,209.9119,346.75632500000006,5.8982,4.9084,1.86185,132.38726250000002,-1.4878728465258642,-0.11676897378525869
120.25,23.7,176.4131,SSP5-8.5,2081-2100,32.015600000000006,210.4678,333.36760000000004,5.913600000000002,7.951700000000002,1.4672,132.35580000000002,208.62655,333.278225,5.77505,4.7370624999999995,1.9293125,131.83486249999999,-1.4878728465258642,-0.053573193415467256
120.25,23.75,176.3085,SSP5-8.5,2081-2100,28.078099999999978,207.1577,319.9918,5.5183,6.551699999999997,1.8707000000000003,131.3212,207.4875875,321.2588625,5.741474999999999,3.9409375000000013,1.8198125,131.29231249999998,-1.4878728465258642,0.009622586954324176
120.25,23.8,169.3849,SSP5-8.5,2081-2100,32.1524,205.2949,284.85670000000005,5.592200000000002,1.1569000000000074,1.8671999999999995,131.2981,205.24756250000002,304.89362500000004,5.558912499999999,4.0055875,1.8935375000000003,129.72982499999998,-1.4878728465258642,0.0728183673241156
120.25,23.85,157.8286,SSP5-8.5,2081-2100,31.4032,203.447,277.8098000000001,5.461200000000002,4.344799999999992,1.7862,128.07309999999998,203.74327499999998,294.38124999999997,5.5856625,3.1271625000000025,1.8262999999999998,127.85888750000001,-1.4878728465258642,0.13601414769390704
120.25,23.9,148.1982,SSP5-8.5,2081-2100,31.719499999999982,202.87419999999997,253.92189999999994,5.221599999999999,3.6896999999999878,1.8121,126.22879999999999,202.8626125,288.6518,5.525125,3.1381500000000013,1.6816749999999998,126.47355,-1.4878728465258642,0.19920992806369398
120.3,22.5,208.2381,SSP5-8.5,2081-2100,44.946499999999986,233.71280000000002,334.3808999999999,6.421400000000002,14.060299999999998,3.0603,147.9327,234.96677499999998,362.4293124999999,6.452175,13.283199999999999,3.1510874999999996,149.6101125,-1.3821790064446429,-1.570271922290439
120.3,22.55,225.1234,SSP5-8.5,2081-2100,48.82779999999997,234.5744,378.5888,6.5443,12.558600000000006,3.4551999999999996,149.5058,234.81521250000003,366.25432499999994,6.486887500000002,13.123712499999998,3.1060374999999993,149.698575,-1.3821790064446429,-1.5070761419206478
120.3,22.6,230.9354,SSP5-8.5,2081-2100,58.574100000000016,236.4013,416.2461999999998,6.9587,13.168999999999997,3.743099999999999,151.2654,233.7970375,386.90808749999997,6.5968125,12.043524999999999,2.9635874999999996,150.2129875,-1.3821790064446429,-1.4438803615508562
120.3,22.65,240.0305,SSP5-8.5,2081-2100,53.530699999999996,233.27900000000002,425.52509999999984,6.8272999999999975,11.627600000000001,2.8499999999999996,150.3173,232.636525,400.7657125,6.767850000000001,12.101937499999998,2.846774999999999,150.18293749999998,-1.3821790064446429,-1.3806845811810693
120.3,22.7,248.9375,SSP5-8.5,2081-2100,52.76690000000002,229.838,440.06399999999985,7.6297999999999995,11.872399999999999,1.7759,148.4096,229.98863749999998,443.601275,7.1596125,11.2612,2.478675,149.0259625,-1.3821790064446429,-1.317488800811278
120.3,22.75,241.4981,SSP5-8.5,2081-2100,70.52540000000002,227.56600000000003,509.269,7.888299999999997,11.512100000000004,1.8707000000000011,146.75379999999998,227.578025,474.6874,7.5722,10.316599999999998,2.22265,148.0723625,-1.3821790064446429,-1.2542930204414864
120.3,22.8,228.2381,SSP5-8.5,2081-2100,66.85600000000002,225.7432,483.13149999999996,7.314,9.096599999999995,2.0741000000000014,147.7654,224.1392875,503.62435000000005,8.11165,9.811862499999997,2.0711375,145.9800375,-1.3821790064446429,-1.191097240071695
120.3,22.85,215.0137,SSP5-8.5,2081-2100,78.3971,220.38649999999998,506.1741999999999,7.8641000000000005,9.284499999999994,1.7844999999999995,145.1481,220.781325,498.0124875,8.438387500000001,9.446774999999995,2.1666,144.20527500000003,-1.3821790064446429,-1.1279014597019037
120.3,22.9,209.3031,SSP5-8.5,2081-2100,74.68179999999998,218.53319999999997,502.28589999999986,9.137800000000002,10.52069999999999,2.3362,143.25,218.0421125,499.8826875,8.70315,10.012499999999996,2.1312499999999996,142.49276250000003,-1.3821790064446429,-1.0647056793321166
120.3,22.95,218.45,SSP5-8.5,2081-2100,64.13499999999999,217.36860000000001,535.4775999999999,9.188299999999998,10.858599999999996,2.5551999999999992,142.3615,217.89045,489.6893749999999,8.852450000000001,9.9547375,2.295475,142.9487875,-1.3821790064446429,-1.0015098989623252
120.3,23.0,219.9452,SSP5-8.5,2081-2100,56.316899999999976,218.3047,513.0181,8.9985,6.844800000000006,2.575899999999999,145.9731,217.47587500000003,471.87517499999996,8.365424999999998,10.2834,2.4280250000000003,142.691575,-1.3821790064446429,-0.9383141185925338
120.3,23.05,227.2896,SSP5-8.5,2081-2100,50.25200000000001,217.25300000000001,437.16700000000014,7.202300000000001,8.7534,2.7897,144.7038,217.243175,462.6672625,8.144549999999999,9.08835,2.3385875,142.50385,-1.3821790064446429,-0.8751183382227424
120.3,23.1,210.2699,SSP5-8.5,2081-2100,54.37560000000002,218.2289,452.9986000000001,7.655100000000001,7.858600000000003,2.2431,143.8192,215.27474999999998,455.2277625,7.630775,8.317012499999999,2.3015125,141.1860625,-1.3821790064446429,-0.811922557852951
120.3,23.15,200.9192,SSP5-8.5,2081-2100,57.23380000000003,214.3073,462.70149999999967,7.659300000000002,6.901700000000005,1.9533999999999985,141.4808,213.5046,456.45943750000004,7.389299999999999,7.653012500000001,2.3928874999999996,139.6576875,-1.3821790064446429,-0.748726777483164
120.3,23.2,201.7078,SSP5-8.5,2081-2100,56.43870000000001,210.701,454.82590000000005,7.042799999999996,6.901700000000005,2.5379000000000005,138.6192,211.51165,444.45901250000003,6.9431625,6.533850000000003,2.5224124999999997,138.33606250000003,-1.3821790064446429,-0.6855309971133726
120.3,23.25,203.524,SSP5-8.5,2081-2100,46.78710000000001,210.4275,437.9498000000001,6.304100000000002,3.8621000000000123,2.7621,136.9846,209.94836249999997,404.7332875000001,6.387374999999999,7.057537500000001,2.6838374999999997,137.21682500000003,-1.3821790064446429,-0.6223352167435812
120.3,23.3,183.7246,SSP5-8.5,2081-2100,45.83849999999998,209.522,314.6754000000001,5.342199999999998,9.267199999999995,2.5085999999999995,137.3769,209.52800000000002,387.65436250000005,6.2435125,6.4105750000000015,2.6306125,135.985575,-1.3821790064446429,-0.5591394363737897
120.3,23.35,177.6045,SSP5-8.5,2081-2100,41.7355,209.77949999999998,323.0168000000001,5.825199999999999,7.312100000000001,2.1258999999999997,135.9423,209.50097499999998,367.42563750000005,6.091975,7.033399999999999,2.4568999999999996,135.5649125,-1.3821790064446429,-0.4959436560039983
120.3,23.4,171.67,SSP5-8.5,2081-2100,45.42460000000003,210.50279999999998,365.44900000000007,6.4831,7.327600000000004,2.0621,135.7923,210.255925,366.2844625000001,6.032825,6.259274999999997,2.3999875,135.2286125,-1.3821790064446429,-0.43274787563421135
120.3,23.45,181.7201,SSP5-8.5,2081-2100,42.7696,212.3943,374.71489999999994,5.828699999999998,6.1447999999999965,2.4154999999999998,135.9942,210.6657625,370.0622125000001,6.088737500000001,6.590087499999999,2.4133625,135.0154,-1.3821790064446429,-0.3695520952644199
120.3,23.5,190.8068,SSP5-8.5,2081-2100,34.649699999999996,212.4832,372.59670000000006,6.064,8.613799999999998,2.5259,134.7058,210.5739375,366.6739875,5.9712499999999995,6.0370624999999976,2.56035,134.471625,-1.3821790064446429,-0.3063563148946285
120.3,23.55,178.1936,SSP5-8.5,2081-2100,34.79339999999999,211.0186,357.9581999999998,5.938600000000001,3.955200000000005,2.4327999999999994,134.6096,210.053875,367.15094999999997,6.0096875,6.862712499999999,2.4256625,133.3305375,-1.3821790064446429,-0.24316053452483705
120.3,23.6,169.0598,SSP5-8.5,2081-2100,36.7765,210.3261,363.00869999999986,5.8923999999999985,6.386200000000002,2.0741000000000005,134.33270000000002,209.653975,353.0638875,5.8727625,5.914012499999998,2.298075,132.58245,-1.3821790064446429,-0.17996475415504562
120.3,23.65,174.8116,SSP5-8.5,2081-2100,28.381100000000004,210.2466,340.58100000000013,5.763400000000001,6.556899999999999,2.2189999999999994,133.17690000000002,209.5361625,352.932775,5.8690625,5.9,2.043525,132.20578749999999,-1.3821790064446429,-0.11676897378525869
120.3,23.7,183.594,SSP5-8.5,2081-2100,30.407700000000006,209.40980000000002,355.4877999999999,5.945,3.4448000000000008,1.9638000000000009,133.06730000000002,208.682275,340.07286250000004,5.6754125,5.948274999999999,1.9786499999999998,131.62717500000002,-1.3821790064446429,-0.053573193415467256
120.3,23.75,182.2375,SSP5-8.5,2081-2100,29.040300000000002,207.0676,342.04840000000013,5.848299999999998,5.393099999999997,1.8310000000000004,132.0308,207.3521125,335.04359999999997,5.6672875000000005,4.80775,1.8924500000000002,130.74881249999999,-1.3821790064446429,0.009622586954324176
120.3,23.8,182.4818,SSP5-8.5,2081-2100,31.03910000000002,205.4906,322.9987000000001,5.6236,5.620699999999999,1.8845,129.0558,205.1139125,321.6588125,5.681775,3.6025750000000007,1.8409375000000001,129.04015,-1.3821790064446429,0.0728183673241156
120.3,23.85,168.7682,SSP5-8.5,2081-2100,33.48249999999999,202.5199,315.7999,6.1099,1.0241000000000042,1.975900000000001,126.2404,203.7766625,300.7249625,5.5360125,3.712512499999999,1.713575,127.21225,-1.3821790064446429,0.13601414769390704
120.3,23.9,154.9006,SSP5-8.5,2081-2100,35.87550000000002,201.84640000000002,280.3917,5.664899999999999,3.4258999999999986,1.7828,124.9615,203.0348625,288.796825,5.491075,4.034699999999998,1.6407375000000002,125.65095,-1.3821790064446429,0.19920992806369398
120.3,23.95,146.4972,SSP5-8.5,2081-2100,34.94640000000001,201.28379999999999,241.3501,5.133600000000001,4.410299999999992,1.6999999999999993,122.9288,202.5169125,267.35815,5.332125,3.9411749999999968,1.4295375000000001,124.0353375,-1.3821790064446429,0.26240570843348543
120.3,24.0,144.2081,SSP5-8.5,2081-2100,34.481300000000005,201.7389,227.29960000000005,4.827199999999998,3.7309999999999945,1.3206999999999995,122.43079999999999,202.4922375,253.65521250000003,5.245525,4.406249999999996,1.2741500000000001,123.2473375,-1.3821790064446429,0.32560148880327683
120.35,22.35,196.0512,SSP5-8.5,2081-2100,28.54740000000001,234.92309999999998,277.83979999999997,5.833299999999998,20.8431,2.634499999999999,151.91920000000002,233.1473875,374.5869124999999,6.515825000000001,13.050424999999999,2.777375,147.987275,-1.2764851663634216,-1.759859263399809
120.35,22.5,221.2971,SSP5-8.5,2081-2100,34.90559999999999,233.48060000000004,369.6558,6.478100000000001,13.862100000000005,3.0362,147.37890000000002,234.40601249999997,357.01307499999996,6.476562500000001,13.6711125,3.0732874999999997,149.1016875,-1.2764851663634216,-1.570271922290439
120.35,22.55,236.2247,SSP5-8.5,2081-2100,39.5821,234.65949999999998,353.00919999999974,6.130000000000003,11.279299999999992,3.4466,148.00580000000002,234.4394125,354.49455,6.507887500000001,13.73255,3.0668124999999997,149.3730875,-1.2764851663634216,-1.5070761419206478
120.35,22.6,228.3469,SSP5-8.5,2081-2100,48.72579999999999,236.21009999999998,351.1058000000003,5.937800000000003,13.4086,3.4689999999999994,151.7519,233.8345,368.49114999999995,6.5546625,12.563799999999999,3.015525,149.8254875,-1.2764851663634216,-1.4438803615508562
120.35,22.65,238.678,SSP5-8.5,2081-2100,53.81229999999999,232.6049,354.8330000000001,5.948499999999999,10.772400000000005,3.1137999999999995,151.19420000000002,232.27351249999998,394.212225,6.72945,12.531262499999999,2.8909499999999997,150.04615,-1.2764851663634216,-1.3806845811810693
120.35,22.7,246.6065,SSP5-8.5,2081-2100,50.563199999999966,228.06220000000002,391.75620000000004,6.547699999999999,13.199999999999996,2.7327999999999992,148.8327,229.824925,432.47828749999996,7.148962499999999,11.3444,2.5939625,149.2050375,-1.2764851663634216,-1.317488800811278
120.35,22.75,250.3008,SSP5-8.5,2081-2100,69.60049999999998,229.02409999999998,519.0201999999999,8.0381,10.506899999999995,2.1707,149.7885,225.658925,462.60766249999995,7.599412499999999,11.070262499999998,2.6450500000000003,146.832925,-1.2764851663634216,-1.2542930204414864
120.35,22.8,246.0041,SSP5-8.5,2081-2100,71.30540000000002,224.0331,542.6115,8.517899999999997,10.020699999999998,2.8414,147.7654,220.72651249999998,493.0534375,8.1605125,10.132974999999995,2.4726250000000003,142.9632125,-1.2764851663634216,-1.191097240071695
120.35,22.85,228.9874,SSP5-8.5,2081-2100,72.58329999999998,215.16320000000002,510.5642,8.856499999999997,8.763799999999996,2.365499999999999,138.9288,216.9061375,490.9330499999999,8.4385625,10.376074999999997,2.5827625000000003,140.77283749999998,-1.2764851663634216,-1.1279014597019037
120.35,22.9,228.3372,SSP5-8.5,2081-2100,61.88929999999999,215.5413,460.1276999999998,8.661900000000003,10.308599999999998,2.2965999999999998,140.6269,214.6724875,474.113825,8.6158,11.154312499999996,2.4769375,139.2795625,-1.2764851663634216,-1.0647056793321166
120.35,22.95,240.1659,SSP5-8.5,2081-2100,48.281000000000034,217.7183,426.35660000000007,8.5872,13.556899999999999,2.0448000000000004,143.3865,215.40176250000002,455.74817499999995,8.605125000000001,11.168524999999999,2.536225,140.6521625,-1.2764851663634216,-1.0015098989623252
120.35,23.0,244.5636,SSP5-8.5,2081-2100,44.764399999999966,218.39530000000002,415.7669999999998,8.471800000000002,12.710300000000004,2.1759000000000004,143.83270000000002,215.8730875,441.7673,8.1267125,10.78555,2.553675,141.831725,-1.2764851663634216,-0.9383141185925338
120.35,23.05,239.9779,SSP5-8.5,2081-2100,48.07759999999999,215.39659999999998,401.40189999999984,7.454000000000001,11.713799999999999,2.3897000000000013,142.3462,215.84232500000002,440.13651250000004,7.9424874999999995,9.900837500000002,2.57565,142.1463875,-1.2764851663634216,-0.8751183382227424
120.35,23.1,232.6515,SSP5-8.5,2081-2100,47.69010000000003,214.1678,462.4081000000001,7.9237,10.558599999999998,2.4482999999999997,140.0481,214.1242,440.2786125,7.604825,8.9874875,2.6071125,141.3262125,-1.2764851663634216,-0.811922557852951
120.35,23.15,235.644,SSP5-8.5,2081-2100,45.0967,211.31480000000002,493.39890000000014,8.1055,8.100000000000001,2.4776000000000007,139.43849999999998,212.385375,436.9998375,7.3923125,8.3125,2.7704749999999994,139.84808750000002,-1.2764851663634216,-0.748726777483164
120.35,23.2,227.8857,SSP5-8.5,2081-2100,50.22349999999997,210.5784,445.5762000000002,6.9709,7.332800000000006,2.9482999999999997,139.02120000000002,210.63183750000002,436.8441,7.037825,6.866825000000001,2.94915,138.5928,-1.2764851663634216,-0.6855309971133726
120.35,23.25,212.9953,SSP5-8.5,2081-2100,48.09899999999999,210.3889,422.9833000000001,6.4252,6.682799999999993,3.1861999999999995,137.8827,209.407325,411.41821250000004,6.532987499999999,6.520475000000002,3.0607999999999995,137.7615375,-1.2764851663634216,-0.6223352167435812
120.35,23.3,200.8874,SSP5-8.5,2081-2100,49.24329999999998,208.434,419.1839,6.3764,5.087900000000005,3.089699999999999,136.5173,208.70915,400.22754999999995,6.3168500000000005,6.31855,3.110575,136.855775,-1.2764851663634216,-0.5591394363737897
120.35,23.35,194.7958,SSP5-8.5,2081-2100,50.73289999999997,207.4305,406.5046,6.3218,6.770699999999998,3.3206999999999995,135.73080000000002,208.1326375,385.1843125,6.2330375,5.740950000000001,2.7213499999999997,136.27645,-1.2764851663634216,-0.4959436560039983
120.35,23.4,185.5828,SSP5-8.5,2081-2100,44.53910000000002,208.3006,377.92650000000003,5.844800000000003,5.636199999999995,2.220700000000001,136.15390000000002,208.1266625,384.56731249999996,6.236025,5.0079875,2.829525,135.66275000000002,-1.2764851663634216,-0.43274787563421135
120.35,23.45,185.7078,SSP5-8.5,2081-2100,47.765900000000016,208.64530000000002,360.2718000000002,5.900600000000001,3.0637999999999934,3.0172,136.2423,208.2315,380.1529125,6.1185375,5.6547375,2.5314750000000004,134.72525000000002,-1.2764851663634216,-0.3695520952644199
120.35,23.5,192.3627,SSP5-8.5,2081-2100,43.8802,207.11790000000002,378.0263,6.0539999999999985,9.196500000000007,2.8466000000000005,133.27689999999998,207.69571249999998,377.8246875,6.082775,5.181037499999998,2.6616375,133.0939875,-1.2764851663634216,-0.3063563148946285
120.35,23.55,191.5476,SSP5-8.5,2081-2100,39.0282,205.71259999999998,394.65419999999995,6.181899999999999,8.536199999999994,2.7845000000000004,129.9538,207.0242875,372.3128875,6.1096375,6.564875000000001,2.4545375,131.2478375,-1.2764851663634216,-0.24316053452483705
120.35,23.6,171.1946,SSP5-8.5,2081-2100,45.014999999999986,206.35250000000002,387.6506999999999,6.600100000000001,8.398299999999999,2.4913999999999996,129.57119999999998,206.8692625,360.10232499999995,5.97725,6.356462499999998,2.3653,130.1874875,-1.2764851663634216,-0.17996475415504562
120.35,23.65,182.5119,SSP5-8.5,2081-2100,34.2535,209.03289999999998,348.39980000000014,5.907899999999998,6.274099999999997,2.2033999999999994,130.6692,207.5205375,360.73103749999996,5.9614625,6.276725,2.2549625,130.003375,-1.2764851663634216,-0.11676897378525869
120.35,23.7,187.8699,SSP5-8.5,2081-2100,32.68870000000001,208.8308,377.6198999999999,5.749499999999998,5.927599999999998,2.3344999999999994,130.88850000000002,207.583925,345.38265000000007,5.7017875,5.238999999999999,2.1068875,129.6884625,-1.2764851663634216,-0.053573193415467256
120.35,23.75,178.4038,SSP5-8.5,2081-2100,35.16650000000001,206.6482,342.9062000000001,5.317399999999999,3.2413999999999987,1.8810000000000002,129.5942,206.8606375,343.76082499999995,5.621437499999999,4.6790875,2.0036750000000003,128.8488125,-1.2764851663634216,0.009622586954324176
120.35,23.8,179.6057,SSP5-8.5,2081-2100,34.862899999999996,205.5171,343.12009999999987,5.678699999999999,4.5672,1.8707000000000003,128.40959999999998,204.74872499999998,331.733025,5.5921625,3.437925000000001,1.8267250000000002,126.90385,-1.2764851663634216,0.0728183673241156
120.35,23.85,175.2072,SSP5-8.5,2081-2100,41.38900000000001,203.25889999999998,346.73759999999993,5.9282,2.54140000000001,1.6447999999999992,125.35379999999999,203.419975,314.6835625,5.524425,3.2025875,1.5870750000000002,125.56923749999999,-1.2764851663634216,0.13601414769390704
120.35,23.9,162.5015,SSP5-8.5,2081-2100,38.03460000000001,202.4842,295.96320000000014,5.117699999999999,4.353499999999997,1.0603000000000007,124.31729999999999,202.427125,296.1966,5.549825,3.381900000000001,1.492025,124.0096125,-1.2764851663634216,0.19920992806369398
120.35,23.95,156.0889,SSP5-8.5,2081-2100,37.171099999999996,202.9203,255.79340000000013,5.332799999999999,6.293100000000003,1.2621000000000002,123.0096,202.39471250000003,264.126125,5.205862499999999,4.042462499999996,1.2161624999999998,123.1610625,-1.2764851663634216,0.26240570843348543
120.35,24.0,149.0506,SSP5-8.5,2081-2100,39.223299999999995,203.1678,229.90599999999995,5.1921,4.529299999999992,1.069,122.23080000000002,202.23005,249.76237500000008,5.10875,4.386849999999996,1.0903,122.32091249999999,-1.2764851663634216,0.32560148880327683
120.35,24.05,146.5864,SSP5-8.5,2081-2100,38.1062,201.98829999999998,218.32889999999998,5.043200000000002,3.9603000000000037,0.7655000000000003,120.6,202.1195875,237.72087500000004,5.084574999999999,3.9137874999999935,1.0752375,121.56755000000001,-1.2764851663634216,0.3887972691730683
120.4,22.5,207.384,SSP5-8.5,2081-2100,32.63760000000002,233.6299,350.71709999999985,6.426699999999997,14.4052,2.8155,148.0365,233.1668375,370.4975374999999,6.620075000000002,13.596337499999997,2.7409624999999997,148.31877500000002,-1.1707913262821703,-1.570271922290439
120.4,22.55,229.0997,SSP5-8.5,2081-2100,41.2474,233.80599999999998,304.70510000000013,6.6076000000000015,15.306899999999999,2.3896999999999995,148.9135,233.578125,361.9655874999999,6.55785,13.488149999999997,2.954325,148.77596250000002,-1.1707913262821703,-1.5070761419206478
120.4,22.6,239.1591,SSP5-8.5,2081-2100,52.934800000000024,233.7002,330.55669999999986,6.688500000000001,13.0897,2.5655,150.20000000000002,232.71151249999997,365.68434999999994,6.518012500000001,12.317887499999998,3.0373,148.95721250000003,-1.1707913262821703,-1.4438803615508562
120.4,22.65,245.7498,SSP5-8.5,2081-2100,57.35630000000003,231.65069999999997,384.4650999999999,6.732399999999998,12.70689999999999,2.5603,149.2019,230.60582499999998,380.2277,6.486700000000001,11.359925,3.1965624999999998,148.96995,-1.1707913262821703,-1.3806845811810693
120.4,22.7,249.8626,SSP5-8.5,2081-2100,56.78320000000002,229.0466,413.9787000000001,6.513400000000001,11.175900000000006,3.430999999999999,150.3904,226.7795875,404.72685,6.902137499999999,10.900862499999999,2.9721999999999995,146.360825,-1.1707913262821703,-1.317488800811278
120.4,22.75,262.3101,SSP5-8.5,2081-2100,48.35410000000002,225.5901,412.6712,7.6138999999999974,10.580999999999996,2.9793000000000003,147.5846,222.01237500000002,452.10653750000006,7.4953,10.688149999999998,3.126312499999999,143.26659999999998,-1.1707913262821703,-1.2542930204414864
120.4,22.8,252.613,SSP5-8.5,2081-2100,66.47370000000001,215.3922,507.37919999999986,8.770299999999999,11.103399999999993,3.4551999999999996,137.16150000000002,216.9101875,479.98036250000007,8.187899999999999,9.965937499999995,2.887075,139.33678749999999,-1.1707913262821703,-1.191097240071695
120.4,22.85,245.8822,SSP5-8.5,2081-2100,64.3594,206.9468,496.2180000000001,8.938900000000004,10.215499999999992,3.0810000000000013,130.575,213.5635875,491.89513750000003,8.455924999999999,10.096112499999997,2.8806249999999998,137.2209125,-1.1707913262821703,-1.1279014597019037
120.4,22.9,260.1326,SSP5-8.5,2081-2100,48.78969999999998,208.6728,429.53639999999996,8.303600000000003,12.458600000000004,2.793100000000001,133.8904,212.0239,466.333925,8.3829125,11.237499999999997,2.73815,136.19423749999999,-1.1707913262821703,-1.0647056793321166
120.4,22.95,265.6406,SSP5-8.5,2081-2100,37.9409,212.5905,386.2977000000001,8.05,13.575900000000004,2.8552,136.69619999999998,213.2312125,438.3700125,8.185625,12.591375,2.748275,137.85096249999998,-1.1707913262821703,-1.0015098989623252
120.4,23.0,259.5552,SSP5-8.5,2081-2100,44.200199999999995,213.8077,403.47500000000014,8.0291,12.070699999999995,2.7017000000000007,138.5865,214.349,421.7698874999999,7.8763875,12.702800000000003,2.7991375000000005,139.4331875,-1.1707913262821703,-0.9383141185925338
120.4,23.05,257.5938,SSP5-8.5,2081-2100,45.904600000000016,214.5453,430.94449999999983,7.504299999999997,8.910300000000007,2.5172000000000008,140.6,213.9562875,420.722525,7.827337499999999,12.185775,2.820475,139.7887125,-1.1707913262821703,-0.8751183382227424
120.4,23.1,258.2545,SSP5-8.5,2081-2100,48.4418,212.0359,405.3138000000001,7.755099999999999,11.499999999999993,3.1533999999999995,139.6077,212.5429125,434.915025,7.617562499999999,10.3924625,2.8444125000000002,139.55315000000002,-1.1707913262821703,-0.811922557852951
120.4,23.15,265.9338,SSP5-8.5,2081-2100,44.292100000000005,209.9118,438.30269999999996,7.503000000000004,8.162100000000002,3.332799999999999,138.61350000000002,210.7689125,430.95226250000013,7.423174999999999,9.652599999999998,3.0847124999999997,138.32693749999999,-1.1707913262821703,-0.748726777483164
120.4,23.2,247.6968,SSP5-8.5,2081-2100,39.42930000000001,209.1519,373.8719000000001,6.628599999999999,7.284499999999994,3.5465999999999998,137.575,209.2963625,440.9444500000001,7.091725,8.0752375,3.3806249999999998,137.6904,-1.1707913262821703,-0.6855309971133726
120.4,23.25,241.2646,SSP5-8.5,2081-2100,47.37719999999999,208.8515,410.7187999999999,6.6341,7.039699999999996,3.7966000000000006,138.1481,208.06698749999998,430.8100625000001,6.73535,6.5931,3.5187749999999998,136.89255,-1.1707913262821703,-0.6223352167435812
120.4,23.3,229.3535,SSP5-8.5,2081-2100,50.99849999999998,207.5923,434.5437999999999,6.9648,5.387900000000002,3.2965999999999998,137.85000000000002,206.995175,434.67277499999994,6.52225,5.83125,3.8614375,136.281025,-1.1707913262821703,-0.5591394363737897
120.4,23.35,217.5594,SSP5-8.5,2081-2100,54.2979,205.68099999999998,451.4278999999997,6.717400000000001,4.225900000000003,3.8878999999999992,134.9308,206.32552499999997,420.8477375,6.315762500000001,4.647399999999999,3.5047625,136.17622500000002,-1.1707913262821703,-0.4959436560039983
120.4,23.4,194.6296,SSP5-8.5,2081-2100,48.36789999999999,205.2489,395.2511999999999,6.310400000000001,1.6828000000000003,2.5793,135.6481,205.9630875,408.90617499999996,6.1501625,4.605812499999998,3.5428875,135.60963750000002,-1.1707913262821703,-0.43274787563421135
120.4,23.45,191.9373,SSP5-8.5,2081-2100,53.021000000000015,205.331,399.90229999999997,6.501000000000001,3.536200000000001,3.2276000000000007,135.0212,205.3300625,385.9364875,5.9386625,4.738787499999999,2.9418125,133.83125,-1.1707913262821703,-0.3695520952644199
120.4,23.5,197.1109,SSP5-8.5,2081-2100,47.1353,204.4733,377.3564000000001,5.862300000000001,3.1000000000000014,2.3740999999999985,131.2096,204.13037500000002,387.5382125,6.1509,6.355162499999999,3.0463500000000003,131.13099999999997,-1.1707913262821703,-0.3063563148946285
120.4,23.55,194.6141,SSP5-8.5,2081-2100,47.52959999999999,201.50740000000002,385.14300000000003,6.385100000000001,4.498299999999993,2.5154999999999994,127.01539999999999,203.6372125,380.8064499999999,6.124325000000001,7.5428875,2.758425,128.4442125,-1.1707913262821703,-0.24316053452483705
120.4,23.6,169.4447,SSP5-8.5,2081-2100,44.157099999999986,202.9153,356.7630999999999,6.0806000000000004,8.3707,2.3759000000000006,125.26150000000001,203.88808749999998,370.0629125,6.1070125,7.103437499999997,2.4989125,127.3978375,-1.1707913262821703,-0.17996475415504562
120.4,23.65,188.9892,SSP5-8.5,2081-2100,36.090899999999976,204.19459999999998,334.3106,5.668100000000003,6.274099999999997,2.3172000000000006,126.4808,205.1521375,359.72651249999996,5.969687499999999,6.6058249999999985,2.2956874999999997,127.17861249999999,-1.1707913262821703,-0.11676897378525869
120.4,23.7,189.6133,SSP5-8.5,2081-2100,33.2791,207.8886,370.42650000000003,5.9925999999999995,4.8552000000000035,2.2638,127.2481,205.3137625,341.53785000000005,5.575712499999999,5.486849999999999,2.1275749999999998,126.74736250000001,-1.1707913262821703,-0.053573193415467256
120.4,23.75,184.6684,SSP5-8.5,2081-2100,34.35170000000002,206.1831,328.9009000000001,5.171599999999998,5.872399999999999,2.1758999999999995,125.24040000000001,205.2614875,340.68616249999997,5.473224999999999,4.1021625,2.064875,126.467075,-1.1707913262821703,0.009622586954324176
120.4,23.8,181.3336,SSP5-8.5,2081-2100,36.158000000000015,204.4975,309.48429999999985,4.962199999999999,1.7516999999999996,1.7052000000000005,124.85,204.393775,336.9616,5.485975,3.7172375000000013,1.8633624999999996,125.27066249999999,-1.1707913262821703,0.0728183673241156
120.4,23.85,177.2337,SSP5-8.5,2081-2100,42.4281,202.32399999999998,344.9882,5.776100000000003,2.0585999999999984,1.5154999999999994,122.86540000000001,203.59957500000002,321.43371249999996,5.381549999999999,3.0911625000000003,1.5650875000000002,124.5990375,-1.1707913262821703,0.13601414769390704
120.4,23.9,165.6823,SSP5-8.5,2081-2100,40.3561,202.68009999999998,304.7223999999999,5.2623,2.8190000000000026,0.9017,123.85390000000001,202.6282375,309.66037500000004,5.47575,3.179312499999998,1.3588375,123.0956625,-1.1707913262821703,0.19920992806369398
120.4,23.95,168.0032,SSP5-8.5,2081-2100,41.339500000000015,202.58360000000002,279.7895000000001,5.190799999999999,4.4827999999999975,1.1533999999999995,122.8635,202.38445,279.9771125000001,5.276275,3.193962499999995,1.0064750000000002,122.25,-1.1707913262821703,0.26240570843348543
120.4,24.0,160.5416,SSP5-8.5,2081-2100,42.970800000000025,203.37290000000002,253.58650000000011,5.258299999999998,4.5878999999999905,0.7414000000000005,121.70190000000001,201.8617375,256.14705000000004,5.1556625,2.998274999999995,0.8888,121.14255,-1.1707913262821703,0.32560148880327683
120.4,24.05,156.3616,SSP5-8.5,2081-2100,45.9795,201.46839999999997,225.9878,4.9664,3.275899999999993,0.7190000000000003,120.7154,201.960925,243.10378749999998,5.014099999999999,2.7058124999999933,0.8297375,120.56395,-1.1707913262821703,0.3887972691730683
120.4,24.1,153.5601,SSP5-8.5,2081-2100,44.14859999999999,202.7176,217.0725,4.9830000000000005,4.091399999999993,1.0259,120.38080000000001,201.56301249999999,230.742475,4.8969125,2.663137499999996,0.8409499999999999,120.305775,-1.1707913262821703,0.4519930495428597
120.4,24.15,150.4574,SSP5-8.5,2081-2100,44.788700000000006,200.766,214.23559999999998,4.808900000000001,2.408600000000007,0.9223999999999997,120.3654,201.5938875,224.38155,4.77505,2.390087499999998,0.7922374999999999,119.6562625,-1.1707913262821703,0.5151888299126467
120.45,22.45,184.9807,SSP5-8.5,2081-2100,39.729299999999995,233.39630000000002,378.7144999999998,6.445400000000003,13.979299999999995,2.769,149.2962,231.7482125,413.3163874999999,6.7584,13.2338375,2.6028000000000002,147.20024999999998,-1.0650974862009488,-1.6334677026602307
120.45,22.5,186.9582,SSP5-8.5,2081-2100,36.28649999999999,232.2541,367.3515,6.786000000000001,15.180999999999997,2.206899999999999,147.4019,231.8237125,406.7752999999999,6.6649375,12.926949999999998,2.8457,147.5240625,-1.0650974862009488,-1.570271922290439
120.45,22.55,220.504,SSP5-8.5,2081-2100,38.52290000000002,232.73949999999996,385.4213999999997,7.037199999999999,14.762099999999997,2.7483000000000004,148.4885,231.8644375,375.6018875,6.5962125,12.519824999999997,2.8094874999999995,148.01875,-1.0650974862009488,-1.5070761419206478
120.45,22.6,233.7048,SSP5-8.5,2081-2100,50.05109999999999,231.9511,387.9071999999999,6.9785,11.917199999999994,3.3466000000000005,148.94420000000002,229.99091249999998,374.80612499999995,6.5174375,11.459287499999999,2.9762874999999998,146.9000125,-1.0650974862009488,-1.4438803615508562
120.45,22.65,252.1399,SSP5-8.5,2081-2100,56.0102,228.07029999999997,404.0279999999998,6.772100000000002,8.389700000000005,3.2241,145.1577,227.37402499999996,392.19702500000005,6.4794374999999995,9.976299999999998,3.3627124999999998,145.83268750000002,-1.0650974862009488,-1.3806845811810693
120.45,22.7,261.5788,SSP5-8.5,2081-2100,50.176499999999976,225.2012,407.6560000000002,6.507099999999998,8.925899999999999,3.6896999999999984,145.2885,222.0108875,399.670125,6.730275000000001,9.70065,3.439,141.375475,-1.0650974862009488,-1.317488800811278
120.45,22.75,267.5862,SSP5-8.5,2081-2100,43.14839999999998,214.03320000000002,363.38509999999997,7.0573000000000015,12.124099999999999,3.306899999999999,133.83849999999998,217.7210375,429.31407500000006,7.197675,9.8896625,3.5523874999999996,138.6557625,-1.0650974862009488,-1.2542930204414864
120.45,22.8,246.563,SSP5-8.5,2081-2100,56.90680000000003,211.3064,471.0654000000002,8.010600000000004,8.448300000000003,3.3827999999999996,133.0673,212.24881249999999,445.3371375,7.643750000000001,10.793524999999995,3.3659624999999997,134.2153875,-1.0650974862009488,-1.191097240071695
120.45,22.85,241.4185,SSP5-8.5,2081-2100,60.73380000000003,209.1846,524.3073000000002,8.469999999999995,9.067199999999993,2.9689999999999994,133.14620000000002,210.0097375,471.9388,7.941487500000001,11.145262499999998,3.299575,132.880775,-1.0650974862009488,-1.1279014597019037
120.45,22.9,252.5991,SSP5-8.5,2081-2100,51.52340000000001,209.2151,489.5694000000001,8.0566,10.598299999999995,2.9414,133.1808,209.47455,467.16712500000006,7.9631875,11.681674999999998,3.167675,132.93271249999998,-1.0650974862009488,-1.0647056793321166
120.45,22.95,275.3526,SSP5-8.5,2081-2100,40.44799999999998,209.8314,437.2304999999999,7.4422,13.8138,3.3516999999999992,133.0135,210.9903,459.2247125000001,7.977074999999999,12.725225000000002,3.0844750000000003,134.41587499999997,-1.0650974862009488,-1.0015098989623252
120.45,23.0,285.0495,SSP5-8.5,2081-2100,50.2398,212.6678,444.89750000000004,7.932600000000001,15.213800000000006,3.680999999999999,136.29039999999998,212.21232500000002,448.66042500000003,7.716024999999998,12.428450000000002,3.0984875,135.925725,-1.0650974862009488,-0.9383141185925338
120.45,23.05,283.224,SSP5-8.5,2081-2100,49.74349999999998,213.64679999999998,431.2633999999998,7.5689999999999955,12.127600000000008,3.377600000000001,139.3,212.43645,443.4863000000001,7.717974999999998,12.6101375,3.1284249999999996,137.0927875,-1.0650974862009488,-0.8751183382227424
120.45,23.1,284.2293,SSP5-8.5,2081-2100,49.9923,211.5324,401.25350000000003,7.483399999999996,11.5914,2.6361999999999988,138.2981,211.358225,449.43499999999995,7.610624999999999,11.484925,3.2903,137.58631250000002,-1.0650974862009488,-0.811922557852951
120.45,23.15,288.1429,SSP5-8.5,2081-2100,44.75600000000003,209.8278,420.34720000000016,7.397600000000001,11.975899999999996,3.5759000000000007,137.7808,209.6189,443.33596250000005,7.469049999999999,10.425662499999998,3.2890124999999992,136.66875,-1.0650974862009488,-0.748726777483164
120.45,23.2,282.192,SSP5-8.5,2081-2100,45.54329999999999,207.5423,445.4485000000002,7.1206,8.877599999999994,3.891399999999999,134.84609999999998,207.7751375,446.6840874999999,7.109125,8.83385,3.5521749999999996,135.90265,-1.0650974862009488,-0.6855309971133726
120.45,23.25,276.5424,SSP5-8.5,2081-2100,48.83420000000001,205.9554,450.77999999999975,6.576899999999998,6.4310000000000045,3.8362,135.7923,206.27971250000002,438.4516625,6.923275,7.954087499999998,3.7265374999999996,134.789175,-1.0650974862009488,-0.6223352167435812
120.45,23.3,256.2755,SSP5-8.5,2081-2100,57.59319999999997,204.8927,454.0929000000001,6.819400000000002,5.660299999999999,4.3552,135.6558,204.7832875,431.9006249999999,6.565099999999999,7.1280125000000005,4.0978625,134.170925,-1.0650974862009488,-0.5591394363737897
120.45,23.35,241.0817,SSP5-8.5,2081-2100,59.21440000000001,204.32739999999998,461.6908000000001,6.306799999999999,4.7517,5.4190000000000005,135.59040000000002,204.19830000000002,410.1857374999999,6.251125000000001,5.596112499999999,3.843325,134.5947375,-1.0650974862009488,-0.4959436560039983
120.45,23.4,221.4944,SSP5-8.5,2081-2100,47.29310000000001,204.3778,417.5881999999999,5.581700000000001,2.2016999999999953,3.7569,136.26350000000002,203.7401875,399.3389249999999,6.137725,5.31315,3.9465500000000002,134.4425625,-1.0650974862009488,-0.43274787563421135
120.45,23.45,203.6636,SSP5-8.5,2081-2100,57.0805,203.61110000000002,395.9372999999998,6.027199999999997,6.660299999999999,3.4931,134.9442,203.16405,386.28387499999997,5.976600000000001,4.475224999999999,3.3547375,132.75721249999998,-1.0650974862009488,-0.3695520952644199
120.45,23.5,216.1281,SSP5-8.5,2081-2100,56.58779999999999,200.86559999999997,385.13419999999996,5.9283,6.369,3.246600000000001,126.9115,202.236,389.69401250000004,6.201062500000001,5.793099999999999,3.18125,130.2084125,-1.0650974862009488,-0.3063563148946285
120.45,23.55,203.0046,SSP5-8.5,2081-2100,48.414499999999975,200.25209999999998,401.23659999999995,6.2291000000000025,8.981000000000002,3.2397,125.6827,201.8212375,379.43078750000006,6.055887500000001,6.088587499999998,2.9015125,127.17089999999999,-1.0650974862009488,-0.24316053452483705
120.45,23.6,193.698,SSP5-8.5,2081-2100,41.689599999999984,201.4084,365.63009999999986,6.058299999999999,7.391399999999997,2.7085999999999997,125.6865,202.27058749999998,369.410275,5.997250000000001,6.724774999999998,2.73405,125.60265,-1.0650974862009488,-0.17996475415504562
120.45,23.65,187.914,SSP5-8.5,2081-2100,40.273600000000016,202.64419999999998,343.4783,5.825599999999998,6.4741,1.7309999999999999,124.1231,203.5554875,354.4304375,5.820475,6.535999999999999,2.6245625,125.08726250000001,-1.0650974862009488,-0.11676897378525869
120.45,23.7,196.2103,SSP5-8.5,2081-2100,32.72630000000001,202.14440000000002,327.8436999999999,5.5428999999999995,5.155199999999994,2.256899999999999,123.9808,204.28085,337.8585,5.583449999999999,6.0987125,2.2661499999999997,124.365875,-1.0650974862009488,-0.053573193415467256
120.45,23.75,176.8161,SSP5-8.5,2081-2100,37.716999999999985,202.8319,328.8434,5.422699999999999,4.675900000000006,2.1206999999999994,123.00189999999999,204.3660875,329.6127375,5.345075,5.155612499999999,2.1752124999999998,124.26685,-1.0650974862009488,0.009622586954324176
120.45,23.8,172.7138,SSP5-8.5,2081-2100,42.84360000000001,203.7334,325.24520000000007,5.119799999999998,2.643100000000004,2.0862,123.7635,203.9845375,328.1589125,5.3347125,4.516162499999999,1.8959124999999997,123.94375,-1.0650974862009488,0.0728183673241156
120.45,23.85,172.6274,SSP5-8.5,2081-2100,44.030699999999996,204.6536,334.9512,5.473299999999998,4.137899999999995,1.6120999999999999,123.9365,203.0962875,320.0722999999999,5.361075,3.4428874999999994,1.7064625,123.704825,-1.0650974862009488,0.13601414769390704
120.45,23.9,166.1502,SSP5-8.5,2081-2100,46.37049999999999,201.9718,311.24569999999994,5.510200000000001,1.9154999999999944,1.6397000000000004,122.30770000000001,202.28831250000002,315.68865,5.5344750000000005,3.2086249999999987,1.3622749999999997,122.79135,-1.0650974862009488,0.19920992806369398
120.45,23.95,174.7063,SSP5-8.5,2081-2100,44.228200000000015,200.8295,307.8142,5.4769000000000005,-0.34830000000000894,0.9828000000000001,120.11149999999999,201.82330000000002,292.238025,5.398087499999999,3.156474999999997,1.083825,122.0329375,-1.0650974862009488,0.26240570843348543
120.45,24.0,172.2528,SSP5-8.5,2081-2100,49.7903,201.649,280.7855000000002,5.059899999999999,1.401699999999991,0.39480000000000004,120.46730000000001,201.333075,272.62058750000006,5.242274999999999,2.206049999999994,0.9258624999999999,120.80768750000001,-1.0650974862009488,0.32560148880327683
120.45,24.05,163.1144,SSP5-8.5,2081-2100,48.3022,200.287,250.77109999999993,4.9832,0.3913999999999902,0.7637999999999998,119.1423,201.89982500000002,249.35526250000004,4.959012499999999,2.3640124999999923,0.8131499999999999,120.63582500000001,-1.0650974862009488,0.3887972691730683
120.45,24.1,157.3901,SSP5-8.5,2081-2100,48.164500000000004,201.1668,224.39099999999985,4.706699999999998,1.7861999999999938,0.8533999999999997,119.92119999999998,201.45386249999999,232.80762499999997,4.8191125,2.1075499999999963,0.9193999999999998,120.02067500000001,-1.0650974862009488,0.4519930495428597
120.45,24.15,154.1392,SSP5-8.5,2081-2100,46.22720000000001,201.43800000000002,208.92090000000007,4.6511,3.5,0.9844999999999997,119.4615,201.6888125,227.85057500000002,4.7853875,2.2788749999999993,0.8626999999999999,119.888475,-1.0650974862009488,0.5151888299126467
120.45,24.2,153.3517,SSP5-8.5,2081-2100,48.66,201.47070000000002,216.9978000000001,4.787299999999998,2.744799999999998,0.44480000000000075,118.2981,201.39505,228.215075,4.849187499999999,2.4956875000000016,0.8879125,119.5524,-1.0650974862009488,0.578384610282438
120.5,22.4,199.1072,SSP5-8.5,2081-2100,37.33019999999999,231.88649999999998,395.9316000000001,6.5916,10.596500000000006,2.146600000000001,147.9654,229.3719375,454.6271874999999,6.7844750000000005,12.541374999999999,2.7648625,144.9904,-0.9594036461197276,-1.696663483030022
120.5,22.45,202.3235,SSP5-8.5,2081-2100,42.898600000000016,232.1594,446.9347,6.8474,11.039699999999996,2.7379,147.8808,230.0207375,443.6210749999999,6.7831875,12.7357625,2.643975,145.527175,-0.9594036461197276,-1.6334677026602307
120.5,22.5,214.1717,SSP5-8.5,2081-2100,44.76550000000003,231.29850000000002,474.5660999999998,6.787800000000001,11.310299999999998,2.7654999999999994,146.8654,230.15347500000001,422.594025,6.6771625,12.599574999999998,2.9418249999999997,146.1101125,-0.9594036461197276,-1.570271922290439
120.5,22.55,231.1404,SSP5-8.5,2081-2100,39.12450000000001,230.9477,408.3805,6.428799999999999,11.391399999999997,3.4414,147.63080000000002,228.30293749999998,422.81328749999994,6.508274999999999,10.755799999999997,3.1219874999999995,145.336775,-0.9594036461197276,-1.5070761419206478
120.5,22.6,229.9008,SSP5-8.5,2081-2100,44.19319999999999,227.32799999999997,380.6309000000001,6.065799999999999,7.556899999999999,2.944799999999999,146.15769999999998,225.3352375,406.9805124999999,6.38405,9.6915875,3.6118625,143.2096125,-0.9594036461197276,-1.4438803615508562
120.5,22.65,250.338,SSP5-8.5,2081-2100,52.16810000000001,221.68489999999997,400.2613000000001,5.807100000000002,8.470700000000008,3.9362000000000013,139.45000000000002,222.03153749999998,413.78791249999995,6.455825,8.113999999999997,3.8103499999999997,141.45745,-0.9594036461197276,-1.3806845811810693
120.5,22.7,257.1677,SSP5-8.5,2081-2100,55.4418,218.42949999999996,432.12030000000004,6.5427,5.967199999999991,4.4276,137.0288,215.7465125,411.91633749999994,6.694037500000001,9.1735,3.955825,135.87141250000002,-0.9594036461197276,-1.317488800811278
120.5,22.75,253.0183,SSP5-8.5,2081-2100,46.27170000000001,207.5818,386.45129999999995,6.803300000000004,8.189700000000002,3.6465999999999994,128.3519,212.70491249999998,430.798175,7.053112500000001,10.096775,4.0293125,133.72117500000002,-0.9594036461197276,-1.2542930204414864
120.5,22.8,254.5648,SSP5-8.5,2081-2100,46.7713,209.22050000000002,403.19050000000016,6.8201,14.725900000000003,3.4069000000000003,130.3731,208.971375,447.7231749999999,7.3017875000000005,10.158837499999999,3.9202749999999993,131.06516249999999,-0.9594036461197276,-1.191097240071695
120.5,22.85,255.6571,SSP5-8.5,2081-2100,48.46179999999998,210.04129999999998,469.0944999999997,6.6762000000000015,10.341399999999993,4.082799999999999,132.6923,208.759775,475.89776250000006,7.661325,11.5844875,3.5159499999999997,131.4529125,-0.9594036461197276,-1.1279014597019037
120.5,22.9,262.6279,SSP5-8.5,2081-2100,54.414199999999994,209.2828,509.45700000000033,7.9556000000000004,11.270700000000005,3.253400000000001,132.1058,208.93315,488.6386625,7.699437499999999,12.265074999999998,3.389449999999999,131.7351125,-0.9594036461197276,-1.0647056793321166
120.5,22.95,278.503,SSP5-8.5,2081-2100,47.81190000000004,209.24620000000002,485.1956,7.868999999999996,12.710299999999997,2.9551999999999996,131.3423,209.94242500000001,505.52131250000014,7.9446625,13.414025000000002,3.2917875,132.33149999999998,-0.9594036461197276,-1.0015098989623252
120.5,23.0,297.2332,SSP5-8.5,2081-2100,52.459900000000005,212.4395,525.3691000000003,7.620099999999997,13.903500000000001,3.4947999999999997,133.2346,210.6325625,489.9987625,7.955212499999998,13.493100000000004,3.2706874999999997,133.5790875,-0.9594036461197276,-0.9383141185925338
120.5,23.05,299.1761,SSP5-8.5,2081-2100,57.19909999999999,211.59120000000001,489.5075999999999,7.644499999999997,12.315500000000007,3.5344999999999995,134.6327,211.094125,487.85776250000015,7.940662499999998,13.528462500000003,3.2338249999999995,135.01010000000002,-0.9594036461197276,-0.8751183382227424
120.5,23.1,303.6556,SSP5-8.5,2081-2100,62.300400000000025,210.87179999999998,447.12940000000026,7.774699999999999,15.375899999999994,3.3085999999999984,135.4923,210.122475,486.97041249999995,7.8617624999999975,12.388362500000003,3.343325,135.538,-0.9594036461197276,-0.811922557852951
120.5,23.15,302.0877,SSP5-8.5,2081-2100,71.887,208.43519999999998,532.6713999999997,7.736799999999999,11.512100000000004,3.5223999999999993,134.6635,208.9045,472.7565125000001,7.713724999999999,11.868537499999999,3.3310375,135.03461249999998,-0.9594036461197276,-0.748726777483164
120.5,23.2,316.0196,SSP5-8.5,2081-2100,63.57729999999998,207.4699,502.6965,7.7501999999999995,9.101700000000001,2.9207,134.25379999999998,206.6464,467.20056249999993,7.2870375,10.4351375,3.618975,133.7600875,-0.9594036461197276,-0.6855309971133726
120.5,23.25,308.7537,SSP5-8.5,2081-2100,73.16410000000002,202.5976,444.0841999999998,6.645799999999998,9.163800000000002,3.8861999999999988,130.39419999999998,205.51043750000002,446.64688750000005,7.0040125,9.4215375,3.6465625,133.3110375,-0.9594036461197276,-0.6223352167435812
120.5,23.3,307.9355,SSP5-8.5,2081-2100,75.7378,202.1395,442.1567,6.822700000000001,11.117199999999997,4.119,129.5904,203.9693,415.04971250000006,6.509124999999999,8.537925,3.9681125,132.6033625,-0.9594036461197276,-0.5591394363737897
120.5,23.35,284.4778,SSP5-8.5,2081-2100,58.14839999999998,201.1216,359.80279999999993,5.8523,8.9069,4.541400000000001,131.0712,203.39015,389.728,6.140625,7.525412499999998,3.936425,133.203375,-0.9594036461197276,-0.4959436560039983
120.5,23.4,236.4689,SSP5-8.5,2081-2100,49.82000000000002,202.5326,326.62239999999974,4.940300000000001,5.586199999999998,4.2103,135.7481,202.3436,374.41886249999993,6.034062499999999,7.0021499999999985,3.8183250000000006,132.73005,-0.9594036461197276,-0.43274787563421135
120.5,23.45,227.6155,SSP5-8.5,2081-2100,60.16039999999998,202.0679,404.0767000000001,6.446400000000001,7.155200000000001,4.213800000000001,132.5865,201.39693749999998,359.2063749999999,5.8157375,6.080812499999998,3.479525,131.89566250000001,-0.9594036461197276,-0.3695520952644199
120.5,23.5,227.3932,SSP5-8.5,2081-2100,64.23350000000002,200.4153,384.33960000000025,6.2424,6.1706999999999965,3.2293000000000003,128.6692,200.8703375,376.0671875,6.0917125,6.876074999999999,3.5500125000000002,129.3757125,-0.9594036461197276,-0.3063563148946285
120.5,23.55,216.9757,SSP5-8.5,2081-2100,61.95009999999999,200.22990000000001,369.5602000000001,5.915000000000003,6.243099999999998,3.1569000000000003,126.53849999999998,201.1266125,380.70255,6.0603625,6.826937499999999,3.432125,127.03484999999999,-0.9594036461197276,-0.24316053452483705
120.5,23.6,221.8191,SSP5-8.5,2081-2100,49.97649999999999,202.7547,411.5197000000003,5.975100000000001,6.5655,3.6052,126.07499999999999,201.6926125,372.49739999999997,5.9927875,7.048487499999999,3.1030125,124.787025,-0.9594036461197276,-0.17996475415504562
120.5,23.65,203.9974,SSP5-8.5,2081-2100,48.16380000000001,203.6665,353.2706999999998,5.8994,6.391399999999997,2.931000000000001,123.64419999999998,202.4691625,364.28364999999997,5.793962499999999,6.827799999999998,2.8189624999999996,123.373325,-0.9594036461197276,-0.11676897378525869
120.5,23.7,192.0714,SSP5-8.5,2081-2100,35.183099999999996,203.47140000000002,315.67910000000006,5.346799999999998,7.284500000000001,2.5379000000000005,122.32119999999999,202.77767500000002,350.94022499999994,5.646599999999999,6.618549999999999,2.5340499999999997,121.959125,-0.9594036461197276,-0.053573193415467256
120.5,23.75,173.0611,SSP5-8.5,2081-2100,44.649,203.3665,327.95849999999996,5.3408000000000015,6.9620999999999995,2.0516999999999994,122.8673,203.504775,336.668775,5.380349999999999,6.215099999999999,2.4152999999999993,122.15769999999999,-0.9594036461197276,0.009622586954324176
120.5,23.8,165.0206,SSP5-8.5,2081-2100,50.19399999999999,203.6438,331.3636999999999,5.283899999999999,6.720699999999994,2.3241000000000005,123.8635,204.270725,331.97621250000003,5.31605,6.0754375000000005,2.0368625,122.86345,-0.9594036461197276,0.0728183673241156
120.5,23.85,168.0732,SSP5-8.5,2081-2100,46.51059999999998,204.3759,318.78110000000015,5.2471,3.950000000000003,1.6620999999999997,124.92499999999998,203.90278750000002,328.6632875,5.407062499999999,5.726712499999998,1.9150875,123.2661,-0.9594036461197276,0.13601414769390704
120.5,23.9,169.8942,SSP5-8.5,2081-2100,49.66589999999999,201.54379999999998,314.74779999999987,5.726999999999997,5.6845,1.8171999999999997,123.2096,203.0614625,326.54422500000004,5.591850000000001,3.806024999999998,1.5053999999999998,122.95863750000001,-0.9594036461197276,0.19920992806369398
120.5,23.95,184.0378,SSP5-8.5,2081-2100,47.40559999999999,199.316,319.71479999999997,6.122300000000003,2.8845000000000027,1.2533999999999992,120.56540000000001,202.64381250000002,308.83320000000003,5.47575,2.6413749999999974,1.2428875000000001,122.496375,-0.9594036461197276,0.26240570843348543
120.5,24.0,179.1759,SSP5-8.5,2081-2100,47.5179,201.4692,273.3120000000001,5.053899999999999,1.4758999999999958,0.7690000000000001,121.29420000000002,202.25155,291.3928125,5.3777875,1.4487124999999965,0.9769249999999998,121.62235,-0.9594036461197276,0.32560148880327683
120.5,24.05,168.6595,SSP5-8.5,2081-2100,49.35039999999998,201.33800000000002,269.98879999999986,4.886399999999998,0.8982999999999919,1.0240999999999998,120.06730000000002,202.64738749999998,260.515975,4.98705,1.814437499999996,0.8523624999999999,121.48535,-0.9594036461197276,0.3887972691730683
120.5,24.1,158.9785,SSP5-8.5,2081-2100,50.49459999999999,202.01670000000001,249.71800000000007,4.7575,1.3947999999999894,0.9775999999999989,120.5385,202.241,242.44657499999997,4.823599999999999,2.0101374999999972,0.9805875,120.7978375,-0.9594036461197276,0.4519930495428597
120.5,24.15,158.5858,SSP5-8.5,2081-2100,46.3672,201.5992,225.7663,4.516400000000001,0.9000000000000057,0.9379,119.49419999999999,202.117725,233.19260000000003,4.8597874999999995,2.7402999999999986,0.8590375,119.9666,-0.9594036461197276,0.5151888299126467
120.5,24.2,160.4429,SSP5-8.5,2081-2100,49.078900000000004,200.87369999999999,226.19810000000007,4.832000000000001,1.4276000000000124,0.39480000000000004,118.4404,202.03458750000001,241.51053750000005,4.971774999999999,2.4928749999999997,0.9374875000000003,119.810325,-0.9594036461197276,0.578384610282438
120.5,24.25,164.6783,SSP5-8.5,2081-2100,53.96259999999998,199.5851,239.86310000000003,5.020699999999998,2.260300000000001,0.7810000000000006,117.9596,201.11503750000003,243.59282500000003,5.013562500000001,2.4226250000000027,0.6872750000000004,119.1988,-0.9594036461197276,0.6415803906522295
120.5,24.3,159.7178,SSP5-8.5,2081-2100,50.94399999999999,198.5389,236.44810000000007,5.014700000000001,3.0585999999999984,0.39480000000000004,117.6558,199.61748749999998,263.84255,5.159962500000001,2.725425000000003,0.5881500000000004,118.94591249999999,-0.9594036461197276,0.704776171022021
120.55,22.4,227.6629,SSP5-8.5,2081-2100,36.21200000000002,230.5293,419.91089999999986,6.8355999999999995,15.5,2.4034000000000013,146.1808,226.14409999999998,474.23288750000006,6.9168375,11.9390125,2.8400875,141.72933749999999,-0.8537098060385062,-1.696663483030022
120.55,22.45,239.3253,SSP5-8.5,2081-2100,41.73060000000001,229.4885,465.6977999999999,6.754899999999999,13.075900000000004,2.9983000000000004,144.7827,228.05880000000002,477.67788749999994,6.9275125,11.482750000000001,2.7293000000000003,143.738475,-0.8537098060385062,-1.6334677026602307
120.55,22.5,259.2096,SSP5-8.5,2081-2100,42.49129999999997,226.61239999999998,504.76300000000015,6.738599999999998,11.220699999999994,3.0983,143.08079999999998,226.409425,475.9284624999999,6.9531125000000005,11.101512500000002,3.0726249999999995,142.41275000000002,-0.8537098060385062,-1.570271922290439
120.55,22.55,253.096,SSP5-8.5,2081-2100,38.9427,223.62990000000002,423.4888000000001,6.379000000000001,10.146500000000003,3.5344999999999995,140.3192,223.72215,467.82157499999994,6.7308875,9.288799999999998,3.3329625,141.6543375,-0.8537098060385062,-1.5070761419206478
120.55,22.6,244.0175,SSP5-8.5,2081-2100,42.86529999999996,220.61,458.37739999999985,5.293299999999999,3.9517000000000024,4.3309999999999995,141.43650000000002,219.7870125,426.50665000000004,6.6324250000000005,9.773487499999998,3.648275,138.720675,-0.8537098060385062,-1.4438803615508562
120.55,22.65,251.6719,SSP5-8.5,2081-2100,48.80169999999998,213.0485,387.9794999999999,6.3764,8.503399999999992,4.332799999999999,134.25,216.37386249999997,438.8160375,6.52695,8.132975,3.86055,136.7882125,-0.8537098060385062,-1.3806845811810693
120.55,22.7,265.5977,SSP5-8.5,2081-2100,56.21800000000002,211.6137,451.6039999999998,7.110700000000001,9.700000000000003,4.1861999999999995,133.39620000000002,210.69754999999998,440.31628749999993,6.728787500000001,8.8278,4.092025,131.75,-0.8537098060385062,-1.317488800811278
120.55,22.75,253.8176,SSP5-8.5,2081-2100,59.544400000000024,204.73850000000002,493.9654999999998,7.118300000000001,9.084499999999998,5.3241,127.23849999999999,208.783025,442.7090875,7.0413875,9.758637499999999,3.94095,130.38535,-0.8537098060385062,-1.2542930204414864
120.55,22.8,251.6414,SSP5-8.5,2081-2100,49.07090000000002,207.09629999999999,423.39859999999976,7.258099999999999,11.798299999999998,4.510299999999999,129.5385,206.89613749999998,455.37874999999997,7.1279875,11.084275,3.9715625,129.33631250000002,-0.8537098060385062,-1.191097240071695
120.55,22.85,255.2334,SSP5-8.5,2081-2100,50.846599999999995,207.78889999999998,450.1176999999998,7.020499999999998,12.217200000000005,4.1396999999999995,130.6481,207.9264375,470.93561250000005,7.467387499999999,12.616387499999998,3.710775,130.4901625,-0.8537098060385062,-1.1279014597019037
120.55,22.9,262.1451,SSP5-8.5,2081-2100,60.29849999999999,206.9836,536.0762,7.699100000000001,14.549999999999997,3.524099999999999,129.5635,208.6563625,487.035325,7.761299999999999,13.137274999999999,3.4965624999999996,131.1098625,-0.8537098060385062,-1.0647056793321166
120.55,22.95,287.6154,SSP5-8.5,2081-2100,59.89919999999995,209.1741,517.5181000000002,8.361900000000002,14.822400000000002,3.1517,130.2942,209.07838750000002,517.9385750000001,8.0270875,13.7006625,3.2463249999999997,131.03077499999998,-0.8537098060385062,-1.0015098989623252
120.55,23.0,310.5027,SSP5-8.5,2081-2100,66.25580000000002,209.9451,584.0527000000002,8.4892,13.139700000000005,2.9361999999999995,130.9692,209.719925,512.8260375,8.146725,14.153662500000001,3.18965,131.96393750000001,-0.8537098060385062,-0.9383141185925338
120.55,23.05,330.9167,SSP5-8.5,2081-2100,72.06119999999999,208.9579,530.3247000000001,8.333299999999998,13.801700000000004,3.1776,132.7904,209.990525,530.5026250000001,8.182324999999999,13.6545375,3.130375,133.04469999999998,-0.8537098060385062,-0.8751183382227424
120.55,23.1,343.1903,SSP5-8.5,2081-2100,78.89530000000002,208.6917,538.5718000000002,8.322999999999997,13.074100000000001,3.2585999999999995,133.70579999999998,209.3193125,541.3271125,8.274325,12.965950000000001,3.2627124999999997,133.6848625,-0.8537098060385062,-0.811922557852951
120.55,23.15,328.4217,SSP5-8.5,2081-2100,80.38190000000003,208.29680000000002,551.8236999999999,8.406500000000001,12.708600000000004,3.6638,133.1327,208.59935,532.4329250000001,8.048874999999999,12.1375125,3.27715,134.02788750000002,-0.8537098060385062,-0.748726777483164
120.55,23.2,306.4682,SSP5-8.5,2081-2100,68.06819999999999,207.0033,474.78150000000005,7.453800000000001,12.243099999999998,3.3931000000000004,132.7673,207.12793750000003,504.87411249999997,7.6547625,11.0728625,3.3374999999999995,133.38773750000001,-0.8537098060385062,-0.6855309971133726
120.55,23.25,309.7694,SSP5-8.5,2081-2100,71.5018,203.5128,417.6680000000001,6.958300000000001,10.568999999999996,3.1827999999999985,130.7038,206.0583875,457.3429500000001,7.231199999999999,11.006037499999998,3.4124999999999996,132.7459,-0.8537098060385062,-0.6223352167435812
120.55,23.3,305.6043,SSP5-8.5,2081-2100,71.76939999999996,205.56760000000003,385.5510000000004,6.530200000000001,11.372399999999999,3.4741,132.87879999999998,204.5470125,427.887175,6.934162499999999,10.285574999999998,3.3678999999999997,131.3891875,-0.8537098060385062,-0.5591394363737897
120.55,23.35,287.5638,SSP5-8.5,2081-2100,66.08159999999998,203.7793,346.72800000000007,6.383299999999998,11.448299999999996,3.0500000000000007,128.7404,204.3241375,396.2661125,6.5787625,9.17715,3.445475,132.360825,-0.8537098060385062,-0.4959436560039983
120.55,23.4,269.8697,SSP5-8.5,2081-2100,62.823199999999986,199.5043,283.3939999999998,5.740600000000001,8.0655,3.1068999999999996,131.1596,203.5303,382.8448375,6.35855,7.982125,3.4717625000000005,131.944725,-0.8537098060385062,-0.43274787563421135
120.55,23.45,262.998,SSP5-8.5,2081-2100,60.778999999999996,199.95940000000002,326.1331,5.934200000000001,6.827599999999997,2.9655000000000005,131.4846,202.29425,364.6931875,6.1342,6.972625,3.6355500000000003,131.1021625,-0.8537098060385062,-0.3695520952644199
120.55,23.5,257.6796,SSP5-8.5,2081-2100,64.98770000000002,199.9094,354.5021999999999,6.1312,6.765499999999996,3.8276000000000003,129.9846,202.47481249999998,375.00408750000014,6.148250000000001,6.3493625,3.7765000000000004,128.9079375,-0.8537098060385062,-0.3063563148946285
120.55,23.55,237.0578,SSP5-8.5,2081-2100,62.22230000000002,200.0673,371.95720000000006,6.122299999999999,6.006900000000002,4.2569,126.87310000000001,203.410725,373.8650125000001,6.021062500000001,6.413787499999998,3.7948250000000003,127.25529999999999,-0.8537098060385062,-0.24316053452483705
120.55,23.6,218.2215,SSP5-8.5,2081-2100,57.251300000000015,203.3401,371.30079999999975,5.796199999999999,6.365499999999997,3.3430999999999997,126.3962,203.39153750000003,370.51306250000005,5.950875000000001,6.654099999999999,3.8831875,124.6134625,-0.8537098060385062,-0.17996475415504562
120.55,23.65,208.916,SSP5-8.5,2081-2100,47.25240000000002,201.93240000000003,403.5453,6.096399999999999,8.534500000000001,3.456899999999999,119.3519,202.95974999999999,363.51784999999995,5.77365,6.852362499999998,3.617025,123.051925,-0.8537098060385062,-0.11676897378525869
120.55,23.7,192.3829,SSP5-8.5,2081-2100,46.331699999999984,202.0577,375.2722000000001,5.7104,6.851699999999994,2.912099999999999,119.0519,202.9109375,362.20444999999995,5.6685,7.2653125,3.2530124999999996,121.16873749999999,-0.8537098060385062,-0.053573193415467256
120.55,23.75,181.1643,SSP5-8.5,2081-2100,45.018400000000014,203.5778,347.3097,5.334599999999998,7.903500000000001,2.812099999999999,119.65190000000001,203.73306250000002,356.31713750000006,5.48645,7.003224999999999,2.7827499999999996,121.121875,-0.8537098060385062,0.009622586954324176
120.55,23.8,162.2805,SSP5-8.5,2081-2100,52.37470000000002,206.57780000000002,341.79320000000007,5.281700000000001,8.486199999999997,2.2723999999999993,121.62689999999999,204.1617875,342.8356375000001,5.3525125,6.9157375,2.3377125,121.8745125,-0.8537098060385062,0.0728183673241156
120.55,23.85,169.5102,SSP5-8.5,2081-2100,46.6112,205.0489,330.92740000000003,5.3084000000000024,9.8448,1.6776000000000009,123.1346,204.52243750000002,333.2581875000001,5.411437499999999,6.100424999999999,2.1379249999999996,122.7249875,-0.8537098060385062,0.13601414769390704
120.55,23.9,177.276,SSP5-8.5,2081-2100,55.18939999999998,204.0492,339.0321000000001,5.552199999999999,6.381,1.8914,124.28649999999999,203.8910625,327.747425,5.64975,5.3545375,1.75775,123.1098375,-0.8537098060385062,0.19920992806369398
120.55,23.95,179.6715,SSP5-8.5,2081-2100,49.734099999999984,204.2468,349.8873000000001,6.0443999999999996,1.6828000000000003,1.3240999999999996,124.4019,203.6857,310.59052500000007,5.5375250000000005,3.9396625000000007,1.4958999999999998,123.16368750000001,-0.8537098060385062,0.26240570843348543
120.55,24.0,185.4935,SSP5-8.5,2081-2100,45.8938,205.3912,293.8410000000001,5.381499999999999,2.937900000000006,1.1241000000000003,123.89229999999999,203.82442500000002,294.898825,5.3697125,2.6487374999999984,1.1702499999999998,123.3716375,-0.8537098060385062,0.32560148880327683
120.55,24.05,167.6183,SSP5-8.5,2081-2100,47.86519999999999,204.9549,258.33979999999997,5.067700000000002,1.7413999999999987,0.9482999999999997,124.3308,204.6200875,271.778325,4.993175,2.626737499999998,1.062925,123.3053,-0.8537098060385062,0.3887972691730683
120.55,24.1,160.576,SSP5-8.5,2081-2100,49.63720000000001,204.2443,252.96939999999995,4.885999999999999,3.3862000000000023,0.9879000000000007,122.29620000000001,204.57316250000002,260.6126375,4.888225,3.0291124999999974,1.1562499999999998,123.06731249999999,-0.8537098060385062,0.4519930495428597
120.55,24.15,170.3301,SSP5-8.5,2081-2100,55.662600000000026,202.8998,248.4253000000001,4.8912999999999975,3.4775999999999954,1.3448000000000002,121.66919999999999,204.035325,254.486925,4.9729125000000005,3.0441875000000014,1.0183125,121.8786125,-0.8537098060385062,0.5151888299126467
120.55,24.2,170.34,SSP5-8.5,2081-2100,59.7946,202.83180000000002,237.9203,5.366400000000002,4.205199999999998,0.8845000000000001,119.1077,202.6117375,256.45040000000006,5.0068375,2.495250000000002,0.9913625000000003,120.89975,-0.8537098060385062,0.578384610282438
120.55,24.25,176.9566,SSP5-8.5,2081-2100,66.6448,202.00170000000003,265.6605000000002,5.230799999999999,1.0671999999999997,1.0690000000000008,118.9904,200.992275,259.143575,5.166425,2.8556000000000026,0.6534375000000002,119.8658625,-0.8537098060385062,0.6415803906522295
120.55,24.3,164.6762,SSP5-8.5,2081-2100,64.15030000000002,199.3167,266.2195999999999,5.185700000000001,2.869000000000007,0.6069000000000004,119.31730000000002,198.7127125,260.69746250000003,5.1215,3.1299375000000014,0.5599125000000004,118.47812499999999,-0.8537098060385062,0.704776171022021
120.55,24.35,156.3234,SSP5-8.5,2081-2100,55.4143,197.2916,237.54999999999995,4.868300000000001,3.7741000000000042,0.4862000000000002,117.2769,197.4811125,271.67995,5.2010875,3.161850000000001,0.48816250000000005,117.7113,-0.8537098060385062,0.7679719513918124
120.55,24.4,152.6448,SSP5-8.5,2081-2100,53.255300000000005,194.4133,230.8089,4.6953,4.474100000000007,0.3810000000000002,116.3596,196.91378749999998,274.74576249999996,5.2692250000000005,3.0976250000000007,0.4377249999999999,117.343025,-0.8537098060385062,0.8311677317615993
120.6,22.35,235.3471,SSP5-8.5,2081-2100,33.15269999999998,226.5895,418.6826000000001,6.606400000000001,13.665499999999994,2.6723999999999997,143.9808,218.87926249999998,463.04943749999995,6.87575,14.5342625,2.8060250000000004,134.6415875,-0.7480159659572849,-1.759859263399809
120.6,22.4,257.9927,SSP5-8.5,2081-2100,40.7595,226.81369999999998,490.4776999999999,6.672699999999999,10.737900000000003,3.0085999999999995,142.29229999999998,222.87116249999997,477.8052,7.0511125,13.373925,2.8116250000000003,137.7920625,-0.7480159659572849,-1.696663483030022
120.6,22.45,287.9199,SSP5-8.5,2081-2100,43.90530000000001,224.7003,542.0331999999999,7.325600000000001,11.022400000000005,2.7638,138.6442,220.3410125,522.5938125,7.3350374999999985,12.6153125,3.0329625,135.2055375,-0.7480159659572849,-1.6334677026602307
120.6,22.5,316.9811,SSP5-8.5,2081-2100,42.60039999999998,220.4703,546.8058999999998,7.620799999999999,10.434500000000007,2.9102999999999994,136.9981,218.9862875,540.0390124999999,7.4893125000000005,11.6116375,3.2165999999999997,133.87451249999998,-0.7480159659572849,-1.570271922290439
120.6,22.55,316.2605,SSP5-8.5,2081-2100,45.99690000000004,218.5808,499.52070000000003,7.480600000000003,10.391399999999997,3.4292999999999996,136.1808,216.5426125,542.6766124999999,7.5076624999999995,10.074349999999999,3.5911625,133.2165875,-0.7480159659572849,-1.5070761419206478
120.6,22.6,287.5262,SSP5-8.5,2081-2100,52.780899999999974,213.9295,469.5281,7.4314,8.053499999999993,3.7431,134.8846,214.44797499999999,511.4391124999999,7.420250000000001,10.273475,3.8017249999999994,132.5257125,-0.7480159659572849,-1.4438803615508562
120.6,22.65,297.1287,SSP5-8.5,2081-2100,55.70240000000001,209.1468,442.2633999999998,7.090299999999999,13.674100000000003,3.8240999999999996,130.89229999999998,212.4185875,506.08062499999994,7.37275,9.5941875,3.9409625,132.3476,-0.7480159659572849,-1.3806845811810693
120.6,22.7,285.9173,SSP5-8.5,2081-2100,63.84389999999996,208.2485,475.7429000000002,6.874300000000002,7.689700000000002,3.4914000000000005,131.0596,209.504275,498.85118749999987,7.4481,11.4620625,4.091375,130.4096375,-0.7480159659572849,-1.317488800811278
120.6,22.75,274.4394,SSP5-8.5,2081-2100,65.42190000000005,202.7019,503.74609999999984,7.217899999999997,9.043100000000003,3.753400000000001,125.72890000000001,209.256225,496.83484999999996,7.607575,11.5788875,4.20775,130.6091625,-0.7480159659572849,-1.2542930204414864
120.6,22.8,270.2769,SSP5-8.5,2081-2100,58.949900000000014,205.37199999999999,465.4190000000003,7.703999999999997,10.955199999999998,4.1052,127.6058,208.5204625,494.35322499999984,7.750837499999999,12.21745,4.0633375,130.6819875,-0.7480159659572849,-1.191097240071695
120.6,22.85,272.7929,SSP5-8.5,2081-2100,68.78180000000003,207.7242,471.0454,7.663599999999995,14.117199999999997,3.3138000000000005,132.05190000000002,209.3633875,488.91662499999995,7.9796,12.8741375,3.851075,131.3824625,-0.7480159659572849,-1.1279014597019037
120.6,22.9,290.1625,SSP5-8.5,2081-2100,71.75,207.6908,489.80369999999994,7.962399999999999,13.172399999999996,3.489699999999999,129.9904,209.95094999999998,494.52455,8.047425,14.227149999999998,3.465725,132.39255,-0.7480159659572849,-1.0647056793321166
120.6,22.95,313.2142,SSP5-8.5,2081-2100,74.83229999999998,208.3026,504.05060000000003,8.581200000000003,16.446599999999997,3.5862,129.75390000000002,209.8150875,513.0950250000001,8.026525,13.425,3.2426625,132.05023749999998,-0.7480159659572849,-1.0015098989623252
120.6,23.0,334.2407,SSP5-8.5,2081-2100,86.70249999999999,208.7365,509.50369999999975,8.040099999999999,14.412100000000002,2.731,131.2865,209.5003875,517.32825,8.169975,13.745687499999999,3.081675,132.14182499999998,-0.7480159659572849,-0.9383141185925338
120.6,23.05,362.2545,SSP5-8.5,2081-2100,96.20099999999996,209.31140000000002,541.1388999999999,8.723700000000001,14.8172,2.8862000000000005,132.37689999999998,208.67602499999998,539.7816375,8.245725,12.8288875,2.9903,132.36849999999998,-0.7480159659572849,-0.8751183382227424
120.6,23.1,383.8683,SSP5-8.5,2081-2100,103.14280000000002,208.337,608.7478000000001,8.8433,12.198299999999996,2.8931000000000004,132.6596,208.6405875,556.3779125000001,8.4799125,13.0040875,3.162725,133.45072499999998,-0.7480159659572849,-0.811922557852951
120.6,23.15,369.5087,SSP5-8.5,2081-2100,106.86310000000003,208.7532,629.2734,8.7318,10.9983,3.115499999999999,133.7308,208.56131249999999,559.1711,8.386312499999999,12.2508625,3.32285,134.17548749999997,-0.7480159659572849,-0.748726777483164
120.6,23.2,315.9903,SSP5-8.5,2081-2100,83.79570000000001,209.23270000000002,525.5916000000002,7.7774,12.596599999999995,3.8051999999999992,134.95,208.32836250000003,523.7197125,7.998000000000001,11.4713375,3.15,134.32885,-0.7480159659572849,-0.6855309971133726
120.6,23.25,305.9738,SSP5-8.5,2081-2100,81.63690000000003,208.7253,435.18409999999994,7.231300000000001,11.9328,2.6034000000000006,135.2731,207.0384875,473.67031250000014,7.5861625,11.293099999999997,3.1471999999999998,133.20454999999998,-0.7480159659572849,-0.6223352167435812
120.6,23.3,334.1415,SSP5-8.5,2081-2100,86.30899999999997,205.7312,448.6980000000003,7.638199999999998,10.520699999999998,3.0983,131.8596,206.8943375,449.1149500000001,7.365237500000001,10.722199999999997,2.76745,132.56753750000001,-0.7480159659572849,-0.5591394363737897
120.6,23.35,322.9772,SSP5-8.5,2081-2100,95.09500000000003,208.7688,528.7755999999999,7.941400000000002,8.625900000000001,2.4620999999999995,133.4808,206.263625,418.6133625000001,7.157475,9.931449999999998,2.796975,131.7971125,-0.7480159659572849,-0.4959436560039983
120.6,23.4,338.4893,SSP5-8.5,2081-2100,92.25739999999996,209.22750000000002,395.12840000000006,7.1644000000000005,9.2224,2.5517000000000003,133.0981,205.54236250000002,415.2041375,6.9184125000000005,8.466375,2.7989250000000006,131.34808750000002,-0.7480159659572849,-0.43274787563421135
120.6,23.45,332.1796,SSP5-8.5,2081-2100,86.9531,200.7853,375.49170000000004,6.206099999999999,6.084500000000006,3.779300000000001,129.34810000000002,205.67497500000002,386.6430125,6.694475000000001,7.665712499999998,3.0097000000000005,130.59856249999999,-0.7480159659572849,-0.3695520952644199
120.6,23.5,343.8021,SSP5-8.5,2081-2100,88.92099999999999,203.9117,393.99050000000034,6.202200000000001,6.731000000000002,4.1655000000000015,128.2231,206.0367625,387.0622625,6.5478000000000005,6.440949999999998,3.4327625000000004,129.1766875,-0.7480159659572849,-0.3063563148946285
120.6,23.55,327.9692,SSP5-8.5,2081-2100,78.899,212.36169999999998,374.4837000000002,6.1174,5.575899999999997,4.444800000000001,127.5404,205.9178875,374.2829625,6.3149125,6.202574999999998,3.7036625,127.64183750000001,-0.7480159659572849,-0.24316053452483705
120.6,23.6,256.096,SSP5-8.5,2081-2100,80.84469999999999,204.363,331.22339999999986,5.7890000000000015,6.893099999999997,4.5862,124.6154,205.7106875,374.75376250000005,6.0912375,6.1536624999999985,4.0359875,125.264425,-0.7480159659572849,-0.17996475415504562
120.6,23.65,200.8481,SSP5-8.5,2081-2100,66.10680000000002,201.7568,348.5442999999998,5.692400000000003,7.0223999999999975,4.627599999999999,122.2692,203.6348375,370.81747500000006,5.923724999999999,6.415724999999998,4.031675,122.72932500000002,-0.7480159659572849,-0.11676897378525869
120.6,23.7,198.1259,SSP5-8.5,2081-2100,54.9948,202.2678,401.3326000000002,5.979900000000001,7.444800000000001,4.393099999999999,120.04230000000001,202.50912500000004,376.84056250000003,5.7841875,6.728887499999999,3.8398749999999997,120.662475,-0.7480159659572849,-0.053573193415467256
120.6,23.75,189.4702,SSP5-8.5,2081-2100,47.6499,203.24830000000003,399.9954,5.657700000000002,6.5793000000000035,3.213800000000001,119.20190000000001,203.962225,370.87221250000005,5.6265624999999995,6.694399999999999,3.3499999999999996,120.60335,-0.7480159659572849,0.009622586954324176
120.6,23.8,177.3559,SSP5-8.5,2081-2100,45.07040000000001,205.2312,357.1424000000002,5.290399999999998,5.6965,2.556899999999999,120.0,204.672625,355.353925,5.484875000000001,7.4903125,2.8239125,120.97377499999999,-0.7480159659572849,0.0728183673241156
120.6,23.85,177.3776,SSP5-8.5,2081-2100,46.59780000000001,204.80190000000002,329.20690000000013,5.357199999999999,7.668999999999997,2.4034000000000004,121.3519,205.622,340.48372500000005,5.453325,6.5361875000000005,2.3814625,121.95286250000001,-0.7480159659572849,0.13601414769390704
120.6,23.9,169.1613,SSP5-8.5,2081-2100,53.3818,205.9559,333.9983,5.552,4.215499999999999,2.1758999999999995,122.5365,205.5565125,328.51908750000007,5.582275000000001,6.1588375,1.9831750000000001,123.377375,-0.7480159659572849,0.19920992806369398
120.6,23.95,169.1359,SSP5-8.5,2081-2100,56.52020000000002,205.8393,324.7158000000002,5.839600000000001,6.905200000000001,1.7483000000000004,124.7538,205.94750000000002,316.3949625,5.5024750000000004,3.6441750000000006,1.7006375,124.2596,-0.7480159659572849,0.26240570843348543
120.6,24.0,185.8405,SSP5-8.5,2081-2100,47.15520000000001,205.921,285.3624,5.071700000000003,1.0328000000000017,1.187899999999999,124.7712,206.34393749999998,299.8663250000001,5.3713625,3.651299999999999,1.4416000000000002,125.3896625,-0.7480159659572849,0.32560148880327683
120.6,24.05,185.0339,SSP5-8.5,2081-2100,45.0976,207.5102,277.86969999999997,4.871700000000001,4.5689999999999955,1.1068999999999996,126.7885,206.579575,276.616,5.098562500000001,3.5485000000000015,1.2446125000000003,125.5151625,-0.7480159659572849,0.3887972691730683
120.6,24.1,179.1346,SSP5-8.5,2081-2100,45.6857,209.0701,271.1653000000001,5.0367,5.319000000000003,1.3259000000000007,126.79419999999999,206.44705,267.4072625,4.948124999999999,4.303674999999999,1.2043125000000003,125.46565,-0.7480159659572849,0.4519930495428597
120.6,24.15,188.8,SSP5-8.5,2081-2100,54.47059999999999,207.19639999999998,283.62789999999995,5.078099999999999,5.9328,1.5844999999999994,124.85579999999999,205.82095,260.61962500000004,5.0480875,3.7952625000000006,1.0956875000000004,124.37163749999999,-0.7480159659572849,0.5151888299126467
120.6,24.2,189.5597,SSP5-8.5,2081-2100,66.5438,204.4504,288.53009999999995,5.310200000000002,1.7879000000000005,1.0534,123.5019,204.29823750000003,263.7672125,5.0946,2.8512874999999998,1.1008750000000003,122.8084125,-0.7480159659572849,0.578384610282438
120.6,24.25,180.3961,SSP5-8.5,2081-2100,68.79830000000001,202.2876,273.53189999999995,5.1752,3.1086000000000027,0.7655000000000012,122.28649999999999,202.0968125,279.90677500000004,5.243550000000001,1.8952500000000008,0.8144499999999999,121.3290875,-0.7480159659572849,0.6415803906522295
120.6,24.3,169.6259,SSP5-8.5,2081-2100,69.0983,200.054,304.4374,5.426500000000001,4.127600000000001,0.3465999999999996,120.6577,199.2553625,285.73613750000004,5.273375,2.073475000000001,0.6200500000000001,119.34086249999999,-0.7480159659572849,0.704776171022021
120.6,24.35,166.0059,SSP5-8.5,2081-2100,75.9231,195.52949999999998,297.2798,5.5405000000000015,3.168999999999997,0.2552000000000003,116.6385,196.8841,278.8362375,5.1861625,2.960112500000002,0.4739249999999998,117.7322,-0.7480159659572849,0.7679719513918124
120.6,24.4,157.7691,SSP5-8.5,2081-2100,59.958200000000005,194.1673,243.7421999999999,4.711400000000001,4.6845,0.5327999999999999,115.9442,195.66778749999997,279.6889375,5.3667,3.5512750000000004,0.4452499999999998,116.50456249999999,-0.7480159659572849,0.8311677317615993
120.65,22.25,217.9816,SSP5-8.5,2081-2100,27.202300000000008,224.47390000000001,314.72929999999997,5.800800000000002,20.2828,2.3896999999999995,143.0769,211.808225,370.2058875,6.0090875,19.735975000000003,2.8558125,129.6785875,-0.6423221258760335,-1.8862508241393918
120.65,22.3,240.0325,SSP5-8.5,2081-2100,30.31050000000002,222.71720000000002,387.30219999999986,6.122499999999999,20.051699999999997,2.6966,139.2077,210.72635,415.39778750000005,6.5567375000000006,17.88665,2.8693875,128.03123749999997,-0.6423221258760335,-1.8230550437696005
120.65,22.35,297.1076,SSP5-8.5,2081-2100,39.2278,218.1408,458.03269999999975,6.550700000000003,15.943100000000001,3.010300000000001,132.6788,204.9671875,478.46735000000007,6.974025,16.3870625,3.1028000000000002,122.5500125,-0.6423221258760335,-1.759859263399809
120.65,22.4,339.4786,SSP5-8.5,2081-2100,44.95180000000005,210.9025,529.3425000000002,7.797499999999999,14.153499999999994,3.2948000000000004,125.20769999999999,208.303975,540.9176625,7.4119875,13.915299999999998,3.1788625,124.434125,-0.6423221258760335,-1.696663483030022
120.65,22.45,364.378,SSP5-8.5,2081-2100,50.86779999999999,210.7319,592.8103000000001,7.9465999999999966,13.034499999999994,3.2034000000000002,122.89609999999999,205.45475,605.1603749999999,7.996525,12.653662500000003,3.4633625,121.480775,-0.6423221258760335,-1.6334677026602307
120.65,22.5,376.5089,SSP5-8.5,2081-2100,52.27370000000002,207.1795,630.9423999999999,8.313600000000001,12.765500000000003,3.3466000000000005,120.20580000000001,206.4063,641.5906,8.414075,11.629750000000001,3.6361999999999997,122.09711250000001,-0.6423221258760335,-1.570271922290439
120.65,22.55,414.5796,SSP5-8.5,2081-2100,70.52409999999998,210.96699999999998,661.0558999999998,8.9756,11.236199999999997,3.358599999999999,124.88650000000001,204.940275,660.3770374999999,8.707462500000002,11.2194125,3.9566875,121.7209375,-0.6423221258760335,-1.5070761419206478
120.65,22.6,455.9923,SSP5-8.5,2081-2100,88.05880000000002,208.9423,646.4513999999999,9.308999999999997,12.786200000000001,4.4069,123.9212,204.9450625,655.2506624999999,8.831912500000001,10.822424999999999,3.6797375,122.9762,-0.6423221258760335,-1.4438803615508562
120.65,22.65,403.1326,SSP5-8.5,2081-2100,84.02119999999996,210.6585,572.3757999999998,8.457800000000006,11.4983,3.1966,128.3192,204.78730000000002,650.8232499999999,8.894112499999999,11.09225,3.643325,123.6324625,-0.6423221258760335,-1.3806845811810693
120.65,22.7,389.3107,SSP5-8.5,2081-2100,81.05040000000002,212.29770000000002,586.5859,8.129099999999998,14.570700000000002,3.8397000000000006,131.5135,205.17270000000002,619.8192124999999,8.72505,11.259912500000002,3.4002125000000003,124.8081875,-0.6423221258760335,-1.317488800811278
120.65,22.75,360.4782,SSP5-8.5,2081-2100,71.52629999999999,211.8286,552.2892999999999,8.084299999999999,15.622399999999999,4.274100000000001,131.9385,207.13847499999997,596.5541500000002,8.668737499999999,11.267675,3.5487125000000006,126.62333749999999,-0.6423221258760335,-1.2542930204414864
120.65,22.8,369.6386,SSP5-8.5,2081-2100,82.94799999999998,212.8545,525.6736000000001,8.581800000000001,13.210300000000004,3.931000000000001,132.5827,205.06298750000002,559.4022,8.57545,12.651937499999999,3.5590375000000005,125.75529999999999,-0.6423221258760335,-1.191097240071695
120.65,22.85,361.9481,SSP5-8.5,2081-2100,103.28569999999996,213.4308,534.5895999999998,9.0622,12.6466,3.260300000000001,135.7288,206.188975,524.71045,8.375387499999999,13.279725,3.5935375000000005,127.16635,-0.6423221258760335,-1.1279014597019037
120.65,22.9,342.0699,SSP5-8.5,2081-2100,86.8587,213.6902,486.25459999999975,8.548699999999997,14.443100000000001,3.8483,135.4019,206.766525,503.7528125,8.057525,14.057324999999999,3.4956875000000003,128.7867875,-0.6423221258760335,-1.0647056793321166
120.65,22.95,353.0599,SSP5-8.5,2081-2100,88.59989999999999,212.51319999999998,456.5442000000003,7.442200000000003,14.574099999999994,2.9017,135.69809999999998,207.28165,488.59136249999995,7.759525,13.5291,3.4030250000000004,129.81226249999997,-0.6423221258760335,-1.0015098989623252
120.65,23.0,336.8459,SSP5-8.5,2081-2100,93.19420000000002,209.78719999999998,525.0070000000001,7.668599999999998,8.286200000000001,3.358600000000001,133.19809999999998,205.92225000000002,469.86646249999995,7.699912500000002,14.4512875,3.0305999999999997,129.69086249999998,-0.6423221258760335,-0.9383141185925338
120.65,23.05,374.8571,SSP5-8.5,2081-2100,116.82330000000002,208.01160000000002,479.98979999999983,7.759700000000002,14.077599999999997,2.6552000000000007,132.0538,206.061075,506.935675,8.080224999999999,13.1762875,2.7911625,130.654325,-0.6423221258760335,-0.8751183382227424
120.65,23.1,387.8653,SSP5-8.5,2081-2100,116.32850000000002,206.94119999999998,542.0556000000001,8.508600000000001,13.641399999999997,2.912099999999999,132.28459999999998,206.71373750000004,560.4433750000001,8.596475,12.8265,2.9762999999999997,132.4122625,-0.6423221258760335,-0.811922557852951
120.65,23.15,368.115,SSP5-8.5,2081-2100,124.2534,210.16090000000003,637.8454000000002,9.052700000000002,10.913800000000002,3.6327999999999996,137.5308,207.2673375,591.4496375000001,8.6965125,12.2821125,3.1060374999999993,133.4377375,-0.6423221258760335,-0.748726777483164
120.65,23.2,339.2139,SSP5-8.5,2081-2100,116.91029999999995,209.8269,593.9513999999999,8.725200000000001,10.631,3.0241000000000007,136.3731,208.02153750000002,560.9058625,8.348862500000001,11.7331875,3.1129374999999997,134.4651375,-0.6423221258760335,-0.6855309971133726
120.65,23.25,301.5406,SSP5-8.5,2081-2100,98.28410000000002,210.3477,449.23019999999997,7.424400000000002,11.774099999999997,2.5845000000000002,135.11919999999998,208.8259375,515.8761750000001,8.049875,11.459049999999998,3.070475,134.751675,-0.6423221258760335,-0.6223352167435812
120.65,23.3,315.2784,SSP5-8.5,2081-2100,105.39540000000005,205.0857,493.8908000000001,8.181799999999999,10.637899999999995,2.615500000000001,130.9846,210.65598749999998,486.83965,7.7747375000000005,10.7967625,2.6719875,135.18677499999998,-0.6423221258760335,-0.5591394363737897
120.65,23.35,338.7004,SSP5-8.5,2081-2100,106.10239999999999,209.3675,535.8919000000001,8.2712,9.417199999999994,2.167200000000001,133.3596,210.84595000000002,472.17158750000004,7.6425625,10.136199999999999,2.6782375,134.50265,-0.6423221258760335,-0.4959436560039983
120.65,23.4,378.3673,SSP5-8.5,2081-2100,101.72980000000001,211.8459,459.62480000000005,7.350100000000001,8.767199999999995,2.312099999999999,132.2962,210.0115,472.2457625,7.511775000000002,9.1209,2.6495625,133.706975,-0.6423221258760335,-0.43274787563421135
120.65,23.45,414.5657,SSP5-8.5,2081-2100,112.19560000000001,210.3284,465.59400000000005,7.520400000000002,8.494799999999998,2.548300000000001,130.9154,208.6862625,428.2808375000001,7.1487750000000005,8.0325375,2.866375,131.781975,-0.6423221258760335,-0.3695520952644199
120.65,23.5,438.6241,SSP5-8.5,2081-2100,107.91060000000004,210.7132,414.7770999999998,7.512699999999999,6.451699999999995,2.5999999999999996,127.62689999999999,209.4359375,423.53417500000006,6.926250000000001,6.61165,3.2549625000000004,130.229575,-0.6423221258760335,-0.3063563148946285
120.65,23.55,361.7503,SSP5-8.5,2081-2100,96.3435,214.1694,413.55909999999994,6.838100000000001,5.320699999999995,3.0397,129.6404,210.29105,394.66082500000005,6.617625,5.775649999999999,3.5941750000000003,128.574525,-0.6423221258760335,-0.24316053452483705
120.65,23.6,293.7536,SSP5-8.5,2081-2100,97.48250000000002,210.869,342.95340000000033,6.127600000000001,5.086199999999998,3.8103000000000016,127.775,210.69838750000002,388.62235,6.2507375000000005,5.461849999999998,4.1715625,127.41874999999999,-0.6423221258760335,-0.17996475415504562
120.65,23.65,246.2337,SSP5-8.5,2081-2100,87.55560000000003,201.18880000000001,371.6863000000003,5.939499999999999,5.3172,5.3086,122.26920000000001,209.12565,370.395625,5.935499999999999,5.531462499999999,4.22565,126.24015,-0.6423221258760335,-0.11676897378525869
120.65,23.7,209.2149,SSP5-8.5,2081-2100,68.57940000000002,203.05990000000003,369.22580000000016,5.950799999999997,4.832799999999999,4.443099999999999,122.3327,206.49032499999998,377.08445000000006,5.7751125000000005,6.188137499999999,4.190087500000001,123.770175,-0.6423221258760335,-0.053573193415467256
120.65,23.75,199.5551,SSP5-8.5,2081-2100,53.60339999999999,203.25130000000001,399.14549999999986,5.8917,6.789699999999996,3.9448000000000008,121.1711,205.56507500000004,368.31700000000006,5.6135625,5.9047375,3.6243499999999997,121.9576875,-0.6423221258760335,0.009622586954324176
120.65,23.8,200.0373,SSP5-8.5,2081-2100,47.2885,205.67430000000002,375.7563,5.573,5.550000000000004,3.4655000000000005,120.95,204.655825,353.39278750000005,5.4998375,6.7943999999999996,3.126275,120.852625,-0.6423221258760335,0.0728183673241156
120.65,23.85,194.0294,SSP5-8.5,2081-2100,50.595399999999984,205.2007,318.6970000000001,5.474700000000002,7.100000000000001,2.8017000000000003,120.7019,205.623875,340.34792500000003,5.477399999999999,5.823275000000001,2.6749875,121.5031125,-0.6423221258760335,0.13601414769390704
120.65,23.9,181.6138,SSP5-8.5,2081-2100,58.49969999999999,207.238,326.5231000000001,5.594200000000001,5.015500000000003,2.2103,122.38650000000001,206.1762875,322.74215000000004,5.544012500000001,5.35195,2.2112000000000003,123.052875,-0.6423221258760335,0.19920992806369398
120.65,23.95,181.2748,SSP5-8.5,2081-2100,54.22200000000001,208.02730000000003,309.1631,5.487500000000001,4.672399999999996,1.8086000000000002,126.00189999999999,206.79865,314.727575,5.557312500000002,3.0728500000000016,1.79095,124.56225,-0.6423221258760335,0.26240570843348543
120.65,24.0,179.1852,SSP5-8.5,2081-2100,51.5556,206.7506,293.3524,5.336300000000001,3.2154999999999987,1.8828000000000005,125.8,207.38525,302.59877500000005,5.415425000000001,2.9500125000000006,1.5034499999999997,126.3363,-0.6423221258760335,0.32560148880327683
120.65,24.05,190.7765,SSP5-8.5,2081-2100,48.55600000000001,208.03119999999998,291.76150000000007,4.9422,3.4861999999999966,1.5897000000000006,127.14809999999999,207.7073375,287.184575,5.2829250000000005,3.479537500000001,1.3696125000000001,127.3278875,-0.6423221258760335,0.3887972691730683
120.65,24.1,194.7942,SSP5-8.5,2081-2100,44.3656,208.2733,266.1361999999999,5.066400000000002,7.2690000000000055,0.9103000000000012,129.08849999999998,207.855525,278.2126875000001,5.109012499999999,4.707762499999999,1.3338625,127.35673750000001,-0.6423221258760335,0.4519930495428597
120.65,24.15,204.3697,SSP5-8.5,2081-2100,50.905699999999996,208.4663,260.1283000000001,4.781599999999997,4.5672,1.1621000000000006,127.5481,206.91895,273.58712500000007,5.1514375,3.623712500000001,1.1525875,126.78101249999999,-0.6423221258760335,0.5151888299126467
120.65,24.2,200.7228,SSP5-8.5,2081-2100,53.8253,206.3316,259.6821000000002,5.046100000000003,0.3500000000000014,1.0965999999999996,124.9673,204.760975,278.1891375,5.1438749999999995,2.5034375000000004,1.0594875,125.129325,-0.6423221258760335,0.578384610282438
120.65,24.25,198.4469,SSP5-8.5,2081-2100,67.42330000000001,202.3707,281.16139999999996,5.1873000000000005,0.10170000000000101,0.8999999999999995,123.0423,202.0044125,299.19783750000005,5.2515,1.1831750000000003,0.8469874999999997,123.089175,-0.6423221258760335,0.6415803906522295
120.65,24.3,177.468,SSP5-8.5,2081-2100,72.3039,199.4176,335.6428000000001,5.195399999999999,0.6533999999999978,0.5585999999999993,121.04809999999999,198.702275,311.09685,5.4380875,1.6411625,0.5780374999999998,120.0411,-0.6423221258760335,0.704776171022021
120.65,24.35,175.6112,SSP5-8.5,2081-2100,82.09359999999998,195.8275,328.84310000000005,5.803799999999999,1.8447999999999993,0.31899999999999906,116.12689999999999,196.2924875,308.1122625,5.425012499999999,2.6999999999999993,0.46228749999999974,117.80265,-0.6423221258760335,0.7679719513918124
120.65,24.4,177.823,SSP5-8.5,2081-2100,69.40129999999999,194.5848,283.44589999999994,5.602899999999998,1.2533999999999992,0.5602999999999998,115.12689999999999,194.572025,293.62271250000003,5.57035,4.420049999999999,0.4883624999999997,116.4089,-0.6423221258760335,0.8311677317615993
120.65,24.45,163.5848,SSP5-8.5,2081-2100,59.1438,193.3566,249.48680000000013,5.034100000000002,3.4240999999999957,0.6602999999999994,114.5865,193.4119125,275.249325,5.4640375,5.043524999999999,0.47801249999999984,114.994225,-0.6423221258760335,0.8943635121313908
120.65,24.5,160.682,SSP5-8.5,2081-2100,55.491600000000005,192.6617,242.2130000000002,4.793199999999999,5.3138000000000005,0.45169999999999977,114.1115,191.77973749999998,254.15364999999997,5.347312499999999,5.498474999999998,0.44310000000000005,113.723075,-0.6423221258760335,0.9575592925011822
120.7,21.95,230.9297,SSP5-8.5,2081-2100,12.087600000000009,221.0637,181.95169999999985,3.416900000000002,21.987900000000003,3.0516999999999985,142.9135,220.65362499999998,200.20025,3.4823375,21.5993625,3.261,142.3305375,-0.5366282857948123,-2.265425506358136
120.7,22.0,237.8747,SSP5-8.5,2081-2100,12.807800000000015,221.6506,239.54279999999994,3.2624999999999993,14.839699999999993,2.8171999999999997,143.2885,220.14555000000001,218.57920000000001,3.6719250000000003,20.7918125,3.0379375,141.67309999999998,-0.5366282857948123,-2.2022297259883445
120.7,22.05,245.2909,SSP5-8.5,2081-2100,15.760700000000014,223.3325,251.12840000000006,3.4464000000000006,18.577600000000004,2.201699999999999,143.0173,219.90083750000002,251.4876625,3.9403,18.534475,2.75755,140.8190125,-0.5366282857948123,-2.139033945618553
120.7,22.1,238.3069,SSP5-8.5,2081-2100,23.81159999999997,222.6905,314.2050999999999,3.9319000000000024,14.037899999999993,2.0707000000000004,141.9885,217.64126249999998,270.9561125,4.477275,18.218325,2.5616375,138.0853375,-0.5366282857948123,-2.0758381652487614
120.7,22.15,223.9088,SSP5-8.5,2081-2100,24.49169999999998,219.52089999999998,303.8012000000001,4.557000000000002,13.296500000000009,1.9914000000000005,138.2673,215.81726250000003,304.7784375,4.985962499999999,18.023275,2.4902999999999995,135.66225,-0.5366282857948123,-2.0126423848789745
120.7,22.2,211.7954,SSP5-8.5,2081-2100,29.28049999999999,221.67649999999998,286.75,5.470499999999998,18.551700000000004,2.4947999999999997,140.25,212.524875,328.97177500000004,5.321400000000001,18.481675000000003,2.5674624999999995,131.94878749999998,-0.5366282857948123,-1.9494466045091832
120.7,22.25,217.0396,SSP5-8.5,2081-2100,33.11879999999999,217.11560000000003,325.3615,5.8797,18.72760000000001,2.456899999999999,135.3538,209.751025,356.79285000000004,5.9632375,20.543950000000002,2.9663874999999997,128.3899,-0.5366282857948123,-1.8862508241393918
120.7,22.3,259.9265,SSP5-8.5,2081-2100,32.71260000000001,206.42159999999998,384.78570000000013,6.2730999999999995,21.644799999999996,2.9482999999999997,122.81920000000001,205.188475,404.8077375,6.367812500000001,19.469612500000004,2.948275,123.7149,-0.5366282857948123,-1.8230550437696005
120.7,22.35,330.0179,SSP5-8.5,2081-2100,47.63850000000002,185.3438,481.3647000000001,7.1098,18.26899999999999,3.1241000000000003,104.9558,197.60081250000002,489.3854,7.089375,17.425425,3.2129250000000003,115.7752375,-0.5366282857948123,-1.759859263399809
120.7,22.4,431.5457,SSP5-8.5,2081-2100,55.42579999999998,184.9738,641.6579000000002,8.113100000000003,15.1586,3.6224000000000007,104.4481,190.959275,567.0078625,7.819499999999999,15.145049999999998,3.4314500000000003,108.98508749999999,-0.5366282857948123,-1.696663483030022
120.7,22.45,438.457,SSP5-8.5,2081-2100,61.94209999999998,189.13799999999998,702.2822000000001,8.970999999999997,13.491399999999999,4.0259,105.5769,186.8850375,639.3625999999999,8.412975,13.828225,3.7064625,105.74327500000001,-0.5366282857948123,-1.6334677026602307
120.7,22.5,444.0645,SSP5-8.5,2081-2100,72.30789999999996,179.4599,757.7411999999999,9.157900000000005,13.465500000000006,4.734500000000001,98.4731,188.0491875,684.3043125,8.836812499999999,12.396975,3.792675,107.4882125,-0.5366282857948123,-1.570271922290439
120.7,22.55,488.9889,SSP5-8.5,2081-2100,88.86859999999996,197.2022,830.4754000000003,9.834499999999998,9.9621,4.6638,113.1212,182.5239375,718.05585,9.234512500000001,12.492662500000002,3.8827625,104.72885000000001,-0.5366282857948123,-1.5070761419206478
120.7,22.6,562.3419,SSP5-8.5,2081-2100,129.21500000000003,193.7577,901.5511999999994,10.511900000000004,11.8966,4.4190000000000005,109.98270000000001,184.5216625,732.9538499999999,9.5855,11.538137499999998,3.4413625000000003,107.616825,-0.5366282857948123,-1.4438803615508562
120.7,22.65,544.4473,SSP5-8.5,2081-2100,144.1431,185.31799999999998,865.2347999999997,10.873199999999997,9.867199999999997,2.8034,105.5423,191.8868875,747.9627874999999,9.8425125,12.162725,3.2424625000000002,113.20746249999999,-0.5366282857948123,-1.3806845811810693
120.7,22.7,490.1472,SSP5-8.5,2081-2100,129.4398,206.6579,819.2283000000002,10.933699999999995,10.200000000000003,2.6189999999999998,121.26350000000001,198.4624125,727.9598249999999,9.738050000000001,12.0362125,3.0795250000000003,118.28751249999999,-0.5366282857948123,-1.317488800811278
120.7,22.75,464.0424,SSP5-8.5,2081-2100,114.02080000000007,206.82139999999998,727.6731,10.268900000000002,12.484500000000004,3.239700000000001,123.72120000000001,200.455225,697.7048875,9.5084625,11.945475,3.1827500000000004,120.164675,-0.5366282857948123,-1.2542930204414864
120.7,22.8,459.2751,SSP5-8.5,2081-2100,123.9916,202.1539,668.3643000000002,9.6402,11.987899999999996,3.410300000000001,119.5115,195.77086250000002,633.012475,9.0817875,12.242249999999999,3.3286500000000006,117.6795875,-0.5366282857948123,-1.191097240071695
120.7,22.85,452.4225,SSP5-8.5,2081-2100,122.16149999999993,190.4711,552.0908,8.962499999999999,14.358599999999996,3.115500000000001,109.7558,196.3694625,574.8404499999999,8.546825000000002,12.6105625,3.5639875000000005,119.7997625,-0.5366282857948123,-1.1279014597019037
120.7,22.9,392.5271,SSP5-8.5,2081-2100,105.31109999999995,209.55509999999998,539.0322000000001,7.9399000000000015,13.993100000000005,3.5345000000000013,130.4308,198.67705,503.22476249999994,7.9341875,13.562937499999999,3.7415750000000005,121.82525000000001,-0.5366282857948123,-1.0647056793321166
120.7,22.95,420.996,SSP5-8.5,2081-2100,102.99990000000003,204.44439999999997,482.866,6.846200000000003,13.149999999999999,4.7638,126.8846,202.733525,453.3784,7.5163625,13.410987500000001,3.3573250000000003,126.14015,-0.5366282857948123,-1.0015098989623252
120.7,23.0,394.6266,SSP5-8.5,2081-2100,97.1594,196.0464,372.21309999999994,6.489100000000004,14.329299999999996,1.9121000000000006,121.5519,201.623125,440.01452500000005,7.473587500000001,13.025425,3.2620625,126.60265000000001,-0.5366282857948123,-0.9383141185925338
120.7,23.05,410.8476,SSP5-8.5,2081-2100,116.3177,200.0119,412.6253999999999,7.7170999999999985,13.803400000000003,2.8085999999999984,127.92120000000001,201.0143375,457.90465000000006,7.806962500000001,13.049575,2.7879375,126.85023749999999,-0.5366282857948123,-0.8751183382227424
120.7,23.1,402.7462,SSP5-8.5,2081-2100,124.83689999999996,209.317,544.1939000000002,8.651299999999999,13.922400000000003,2.8276000000000003,133.95579999999998,202.5899625,510.44088750000003,8.367750000000001,13.183625000000001,2.9323374999999996,129.7322125,-0.5366282857948123,-0.811922557852951
120.7,23.15,376.2442,SSP5-8.5,2081-2100,126.46810000000005,199.8069,629.7323999999999,9.292200000000001,11.881,2.9913999999999987,129.0692,205.866525,565.8687125000001,8.7145625,12.681462500000002,2.9816875,132.4101,-0.5366282857948123,-0.748726777483164
120.7,23.2,364.7975,SSP5-8.5,2081-2100,128.17489999999998,205.9238,658.0509999999999,9.042300000000001,12.387900000000002,3.279299999999999,134.4788,205.224325,556.1751375,8.599975,11.945237500000001,2.838375,131.6045625,-0.5366282857948123,-0.6855309971133726
120.7,23.25,319.5886,SSP5-8.5,2081-2100,122.9504,211.22179999999997,522.3388,8.238800000000005,11.381,2.891400000000001,135.5692,206.1927875,522.4231625,8.253499999999999,11.776049999999998,2.7081875,131.8788375,-0.5366282857948123,-0.6223352167435812
120.7,23.3,324.5851,SSP5-8.5,2081-2100,110.55689999999998,214.8601,449.30369999999994,7.564,11.584499999999998,3.246599999999999,138.525,208.6304375,500.4965625,8.034575,11.159449999999998,2.3959,133.2987875,-0.5366282857948123,-0.5591394363737897
120.7,23.35,357.7791,SSP5-8.5,2081-2100,110.28309999999999,216.2255,525.2948999999999,7.8886,11.137900000000002,2.3224,138.30769999999998,211.084,491.96263749999997,7.773562500000001,10.109887499999996,2.5362,135.349275,-0.5366282857948123,-0.4959436560039983
120.7,23.4,387.3973,SSP5-8.5,2081-2100,98.16950000000003,215.0229,476.65650000000005,7.412000000000003,10.5931,2.8171999999999997,137.4692,211.290325,500.08874999999995,7.7430875000000015,9.178424999999999,2.4178875,134.74231250000003,-0.5366282857948123,-0.43274787563421135
120.7,23.45,410.6323,SSP5-8.5,2081-2100,101.70960000000002,210.3661,475.1331,7.690100000000005,9.391400000000004,2.5482999999999993,133.6769,210.96875,468.53008750000004,7.500800000000001,7.824987499999998,2.5377124999999996,133.35385,-0.5366282857948123,-0.3695520952644199
120.7,23.5,447.641,SSP5-8.5,2081-2100,110.54990000000004,207.6175,435.44460000000026,7.652599999999996,7.018999999999998,2.1569000000000003,132.5173,212.74602499999997,448.93776249999996,7.278850000000002,6.274575,2.7491499999999998,132.13245,-0.5366282857948123,-0.3063563148946285
120.7,23.55,377.4282,SSP5-8.5,2081-2100,110.04829999999998,215.94740000000002,454.5766999999996,7.183100000000003,4.2759,3.3568999999999996,129.975,213.3584375,412.30626250000006,6.7460875,4.973062499999999,3.090525,131.575725,-0.5366282857948123,-0.24316053452483705
120.7,23.6,340.1265,SSP5-8.5,2081-2100,102.1959,216.5449,409.83719999999994,6.356399999999997,4.172400000000003,3.6327999999999996,130.32309999999998,214.2091125,400.71718749999997,6.275462500000001,4.6547374999999995,3.8765125000000005,130.4139375,-0.5366282857948123,-0.17996475415504562
120.7,23.65,260.59,SSP5-8.5,2081-2100,100.2971,219.25510000000003,405.06809999999996,6.09,5.117199999999997,4.3759000000000015,132.7173,212.20585,381.71332500000005,5.888987499999999,4.3803875,4.0991375,128.3084125,-0.5366282857948123,-0.11676897378525869
120.7,23.7,217.806,SSP5-8.5,2081-2100,88.82249999999996,214.8887,354.98019999999997,5.497899999999998,3.6828000000000003,3.9361999999999995,129.8462,208.93701250000004,381.42286250000006,5.7955375,5.473487499999998,4.248712500000001,125.01079999999999,-0.5366282857948123,-0.053573193415467256
120.7,23.75,202.2517,SSP5-8.5,2081-2100,70.56050000000002,206.0658,335.9232000000002,5.451800000000002,7.551699999999997,3.720700000000001,122.64419999999998,207.45893750000002,375.234725,5.672174999999999,4.956474999999999,3.9131375,123.0850875,-0.5366282857948123,0.009622586954324176
120.7,23.8,190.7907,SSP5-8.5,2081-2100,56.63550000000001,204.0846,352.1800999999998,5.506999999999998,5.899999999999999,3.2654999999999994,120.64420000000001,205.0687125,355.57271249999997,5.532037500000001,5.8691875,3.6191625000000003,120.86008749999999,-0.5366282857948123,0.0728183673241156
120.7,23.85,192.2506,SSP5-8.5,2081-2100,55.4316,205.3628,334.8517999999999,5.368200000000002,7.069000000000003,3.103399999999999,121.1058,205.6320375,334.1123,5.5445875000000004,5.032975000000001,2.9846875,121.603825,-0.5366282857948123,0.13601414769390704
120.7,23.9,185.3979,SSP5-8.5,2081-2100,53.267600000000016,206.6423,313.1245000000001,5.577200000000001,5.470700000000001,2.219000000000001,123.05,206.678725,311.9031125,5.541000000000001,3.8416000000000015,2.397825,123.4608125,-0.5366282857948123,0.19920992806369398
120.7,23.95,181.8069,SSP5-8.5,2081-2100,51.885999999999996,207.58010000000002,318.1797999999999,5.695700000000002,-0.2861999999999938,1.4292999999999996,124.9212,207.81655,303.13687500000003,5.634062500000001,2.410987500000001,2.0435375000000002,125.7297875,-0.5366282857948123,0.26240570843348543
120.7,24.0,180.7551,SSP5-8.5,2081-2100,55.7636,208.462,322.5643,5.791800000000002,-0.9861999999999966,1.4741,128.2788,208.00197500000002,294.8615375,5.5975625,1.9314625000000003,1.8263125000000002,127.3610625,-0.5366282857948123,0.32560148880327683
120.7,24.05,191.374,SSP5-8.5,2081-2100,57.0684,207.7109,291.1736000000001,5.623199999999997,4.2069000000000045,1.6827999999999985,128.0269,207.8981,287.3925625,5.533650000000001,2.4247875,1.6038875000000004,128.51322499999998,-0.5366282857948123,0.3887972691730683
120.7,24.1,200.5656,SSP5-8.5,2081-2100,55.46130000000002,207.9606,289.85270000000014,5.4655999999999985,3.2102999999999966,1.3862000000000005,129.075,207.2174,269.728025,5.349912499999999,4.37005,1.3215750000000002,128.675975,-0.5366282857948123,0.4519930495428597
120.7,24.15,211.7542,SSP5-8.5,2081-2100,54.62550000000002,206.89849999999998,260.1225000000002,5.073,6.370699999999999,0.8328000000000007,128.6173,206.3209125,269.51061250000004,5.3075125,3.248925,1.1094875000000002,128.262275,-0.5366282857948123,0.5151888299126467
120.7,24.2,215.4407,SSP5-8.5,2081-2100,60.254999999999995,205.1707,269.5802000000001,5.135400000000001,-1.25,1.0309999999999988,127.34810000000002,204.11122500000002,281.22945,5.2782,2.4913750000000006,0.9724374999999998,126.6427875,-0.5366282857948123,0.578384610282438
120.7,24.25,214.8046,SSP5-8.5,2081-2100,71.93689999999998,201.24720000000002,308.83079999999995,5.4102,-0.5914000000000001,1.1465999999999994,123.83460000000001,201.37676249999998,306.44165,5.329962500000001,0.9907250000000003,0.8305999999999997,124.5701875,-0.5366282857948123,0.6415803906522295
120.7,24.3,200.8877,SSP5-8.5,2081-2100,66.1859,197.0762,353.3474000000001,5.312999999999999,1.2792999999999992,0.7775999999999996,121.0692,198.566375,325.17493749999994,5.5471,1.2111999999999998,0.6642249999999994,121.4584,-0.5366282857948123,0.704776171022021
120.7,24.35,177.1856,SSP5-8.5,2081-2100,75.6635,195.2255,341.34299999999985,5.648199999999999,0.08970000000000056,0.11379999999999946,116.6731,196.4633,323.37840000000006,5.7154375,3.473049999999999,0.6394249999999996,119.39037499999999,-0.5366282857948123,0.7679719513918124
120.7,24.4,173.267,SSP5-8.5,2081-2100,72.3228,194.285,305.65959999999995,5.962199999999999,6.3431,0.5533999999999999,115.2635,194.45805000000001,300.37420000000003,5.7251875000000005,4.507974999999998,0.5624874999999995,116.886775,-0.5366282857948123,0.8311677317615993
120.7,24.45,170.5324,SSP5-8.5,2081-2100,73.5052,191.9276,263.1912,5.6111,7.1569,0.6414,113.5481,193.01115,272.7290875,5.5252,5.6010624999999985,0.5346749999999999,115.53196249999999,-0.5366282857948123,0.8943635121313908
120.7,24.5,157.9655,SSP5-8.5,2081-2100,66.0718,191.7254,242.63529999999992,5.4054,6.180999999999997,0.2776000000000005,114.1692,190.9562125,251.67905000000002,5.2122874999999995,5.713362499999999,0.44309999999999994,113.306725,-0.5366282857948123,0.9575592925011822
120.7,24.55,154.1484,SSP5-8.5,2081-2100,57.17949999999999,191.5323,231.78779999999983,5.201699999999999,5.256900000000002,0.17759999999999998,112.4808,190.869775,242.55923749999997,5.016225,5.866375,0.44828750000000017,112.74518750000001,-0.5366282857948123,1.0207550728709736
120.7,24.6,152.1908,SSP5-8.5,2081-2100,51.4692,192.8462,235.31759999999986,4.9512,6.853500000000004,0.6138000000000003,112.4212,189.8461,232.75973749999997,4.803649999999999,5.061637499999998,0.25475000000000014,111.78485,-0.5366282857948123,1.0839508532407651
120.75,21.9,240.7403,SSP5-8.5,2081-2100,9.757100000000008,219.71540000000002,158.23959999999988,3.461500000000001,22.965500000000006,3.239699999999999,142.50189999999998,220.44555,165.7710125,3.4814874999999996,22.6183125,3.6069000000000004,142.0118,-0.4309344457135909,-2.3286212867279272
120.75,21.95,248.0101,SSP5-8.5,2081-2100,4.80710000000002,220.0013,177.59220000000005,3.2676000000000016,23.0345,3.5259,142.7,220.34109999999998,179.27412499999997,3.5255374999999995,22.160775,3.4122875,142.14232499999997,-0.4309344457135909,-2.265425506358136
120.75,22.0,264.8936,SSP5-8.5,2081-2100,4.749300000000005,221.76370000000003,234.20920000000024,3.642699999999998,21.291399999999996,3.725900000000001,142.0885,219.76556250000002,196.58117499999997,3.5397125000000003,21.492675000000002,3.1808125,141.83847500000002,-0.4309344457135909,-2.2022297259883445
120.75,22.05,259.2501,SSP5-8.5,2081-2100,13.327500000000043,221.00170000000003,250.90480000000002,3.790099999999999,20.918999999999997,2.6052,141.5635,218.7378875,235.615475,4.00455,19.68815,2.9991375,140.4226125,-0.4309344457135909,-2.139033945618553
120.75,22.1,243.7158,SSP5-8.5,2081-2100,21.289300000000026,218.2047,305.74199999999996,4.774999999999999,20.487899999999996,2.5259,138.7019,215.4589875,264.52619999999996,4.494962500000001,18.2416,2.6321125,136.69808749999999,-0.4309344457135909,-2.0758381652487614
120.75,22.15,227.9635,SSP5-8.5,2081-2100,36.703599999999994,204.79309999999998,328.3255999999999,5.418600000000001,17.289699999999996,2.3276000000000003,124.41149999999999,213.9752375,296.93588750000004,5.055125,18.291150000000002,2.6974124999999995,134.689425,-0.4309344457135909,-2.0126423848789745
120.75,22.2,222.212,SSP5-8.5,2081-2100,41.79759999999999,210.65300000000002,341.86900000000014,5.394299999999998,17.901700000000005,2.786199999999999,130.1615,208.30689999999998,324.24091250000004,5.5936,19.205812500000004,2.851075,128.3341375,-0.4309344457135909,-1.9494466045091832
120.75,22.25,227.0294,SSP5-8.5,2081-2100,41.19139999999999,200.918,366.6627000000001,5.9460000000000015,24.660300000000007,3.3948,120.7808,204.78215,356.8410375000001,5.9942625,20.146537500000004,3.0564624999999994,124.08965,-0.4309344457135909,-1.8862508241393918
120.75,22.3,268.0443,SSP5-8.5,2081-2100,40.55469999999997,196.82309999999998,410.88329999999996,6.4359,20.406900000000007,3.0586,116.1769,194.8168625,410.9125625000001,6.5296375,20.076062500000003,3.3041,114.279575,-0.4309344457135909,-1.8230550437696005
120.75,22.35,330.0234,SSP5-8.5,2081-2100,53.17790000000002,175.9754,494.1255000000001,7.097100000000001,17.41550000000001,3.4552000000000014,97.4885,186.617775,492.6911500000001,7.173325,17.9079625,3.389425,106.62235000000001,-0.4309344457135909,-1.759859263399809
120.75,22.4,426.5289,SSP5-8.5,2081-2100,63.769199999999955,164.8521,608.9533999999999,8.325099999999999,14.6293,3.6172000000000004,88.175,180.5773625,574.367775,7.813687499999999,15.7631375,3.6267250000000004,100.9158625,-0.4309344457135909,-1.696663483030022
120.75,22.45,402.7515,SSP5-8.5,2081-2100,64.55949999999996,172.5897,669.1515999999997,8.758199999999995,14.2241,3.720699999999999,94.90190000000001,173.8246375,641.6587750000001,8.359787500000001,14.5902875,3.9278000000000004,96.2137,-0.4309344457135909,-1.6334677026602307
120.75,22.5,383.3252,SSP5-8.5,2081-2100,72.1807,164.3909,684.3015,8.891800000000003,13.1948,4.1121,91.63850000000001,174.72787499999998,681.5378375,8.678025,13.961837500000001,4.0834125000000006,97.5413375,-0.4309344457135909,-1.570271922290439
120.75,22.55,401.9101,SSP5-8.5,2081-2100,84.7387,152.1943,703.4152000000004,9.0032,11.267200000000003,3.910300000000001,86.6788,174.82703750000002,718.171875,9.037175000000001,13.9842625,3.9769500000000004,98.234625,-0.4309344457135909,-1.5070761419206478
120.75,22.6,437.8793,SSP5-8.5,2081-2100,129.64770000000004,143.29989999999998,758.9879999999998,9.713099999999997,13.329299999999996,2.774099999999999,82.04419999999999,177.3563625,752.0379249999999,9.48555,12.8767125,3.6112000000000006,100.8103375,-0.4309344457135909,-1.4438803615508562
120.75,22.65,487.3667,SSP5-8.5,2081-2100,147.5102,167.5911,825.6342999999997,10.517600000000002,12.358599999999996,2.417200000000001,96.4212,178.1654625,774.9938124999999,9.99175,12.481675,3.094175,101.98172500000001,-0.4309344457135909,-1.3806845811810693
120.75,22.7,485.5615,SSP5-8.5,2081-2100,157.44190000000003,191.89000000000001,872.8874000000005,11.167899999999996,10.662100000000002,2.2672000000000008,112.1942,184.69385,755.1703124999999,10.0068375,11.6499875,2.8959125000000006,106.8432875,-0.4309344457135909,-1.317488800811278
120.75,22.75,433.8144,SSP5-8.5,2081-2100,144.49149999999997,201.294,820.998,10.4056,9.225899999999996,2.5983,116.65,187.2309125,715.29105,9.67115,11.526725,2.9133625000000003,109.4043375,-0.4309344457135909,-1.2542930204414864
120.75,22.8,441.5667,SSP5-8.5,2081-2100,134.95890000000003,164.6652,735.6122999999998,9.125100000000003,10.084499999999998,2.5223999999999993,95.6635,183.7644,652.4967125000001,9.046175,11.1049625,3.1769375,106.53751249999999,-0.4309344457135909,-1.191097240071695
120.75,22.85,461.3478,SSP5-8.5,2081-2100,123.78480000000002,164.8013,615.1731,8.163899999999998,10.3052,3.687900000000001,95.3962,179.55768750000001,595.6643624999999,8.329562500000002,11.72285,3.3064500000000003,105.3829375,-0.4309344457135909,-1.1279014597019037
120.75,22.9,460.7495,SSP5-8.5,2081-2100,112.32510000000002,189.8047,494.0238999999997,7.312800000000003,14.213799999999999,4.3172000000000015,113.6827,178.56506249999998,519.4817250000001,7.5965625,12.070487499999999,3.6487000000000003,105.23535000000001,-0.4309344457135909,-1.0647056793321166
120.75,22.95,447.1037,SSP5-8.5,2081-2100,107.51819999999998,200.26069999999999,404.2559000000001,7.134999999999998,14.812100000000001,4.0379000000000005,122.05390000000001,183.16019999999997,440.24839999999995,7.060200000000001,13.0663875,3.3622875000000003,109.6221,-0.4309344457135909,-1.0015098989623252
120.75,23.0,452.9206,SSP5-8.5,2081-2100,119.2031,190.21069999999997,349.69630000000006,7.594599999999996,12.636200000000002,2.9482999999999997,117.1038,185.378975,393.7329375,7.0025,13.4133625,3.0161625,112.64375000000001,-0.4309344457135909,-0.9383141185925338
120.75,23.05,440.0337,SSP5-8.5,2081-2100,115.98139999999995,187.7453,409.13160000000016,7.625300000000003,12.863800000000005,2.622399999999999,117.9077,188.1106625,395.501175,7.560249999999999,13.487275,2.382975,115.39327499999999,-0.4309344457135909,-0.8751183382227424
120.75,23.1,430.4859,SSP5-8.5,2081-2100,114.71629999999993,200.05530000000002,440.94990000000007,8.1585,14.639699999999998,3.0672000000000015,126.74619999999999,195.08317499999998,453.35262500000005,8.165637499999999,13.243525000000002,2.3282374999999993,122.7343875,-0.4309344457135909,-0.811922557852951
120.75,23.15,392.1154,SSP5-8.5,2081-2100,124.42629999999997,207.9866,531.1970000000001,8.827899999999996,13.648300000000006,2.769,134.3442,198.2721875,511.63191250000006,8.505937499999998,13.249987500000001,2.4284499999999998,124.87788749999999,-0.4309344457135909,-0.748726777483164
120.75,23.2,370.2086,SSP5-8.5,2081-2100,128.2776,196.7205,578.7055,8.749999999999996,11.667200000000001,2.3414,123.56729999999999,203.8007375,527.3975375,8.5415,12.909475,2.6038875,129.4124875,-0.4309344457135909,-0.6855309971133726
120.75,23.25,348.2569,SSP5-8.5,2081-2100,122.59390000000002,195.7233,506.4004,8.488600000000002,13.665500000000002,2.4724000000000004,121.26350000000001,206.613325,507.412825,8.219899999999999,12.09395,2.5903124999999996,131.1093625,-0.4309344457135909,-0.6223352167435812
120.75,23.3,342.7216,SSP5-8.5,2081-2100,112.56759999999997,211.0543,449.8523,7.8516999999999975,11.860299999999995,2.1016999999999992,134.7192,208.1844875,487.24448749999993,7.985975000000001,11.160337499999999,2.491175,132.735825,-0.4309344457135909,-0.5591394363737897
120.75,23.35,367.3666,SSP5-8.5,2081-2100,113.91050000000001,210.01770000000002,521.0731999999998,7.9315,9.401699999999998,2.0121,137.06730000000002,211.074825,477.4713,7.698025,10.257749999999998,2.4986999999999995,135.742075,-0.4309344457135909,-0.4959436560039983
120.75,23.4,402.595,SSP5-8.5,2081-2100,109.23549999999994,211.4179,549.4078999999997,7.626200000000004,8.617199999999997,3.017199999999999,138.3731,211.1914375,481.86116250000003,7.605962500000001,9.038787500000002,2.2655125,136.0399,-0.4309344457135909,-0.43274787563421135
120.75,23.45,407.0928,SSP5-8.5,2081-2100,101.90569999999997,210.7536,468.6902,7.6666000000000025,8.200000000000003,2.4154999999999998,133.94230000000002,209.12197500000002,488.99850000000015,7.391187500000001,7.81315,2.477575,134.512025,-0.4309344457135909,-0.3695520952644199
120.75,23.5,408.9241,SSP5-8.5,2081-2100,111.55059999999997,210.0506,478.0456000000004,7.265799999999999,4.456899999999997,2.4345,133.6904,209.058325,469.39601250000004,7.186862500000002,6.8957000000000015,2.617025,132.76755000000003,-0.4309344457135909,-0.3063563148946285
120.75,23.55,389.5544,SSP5-8.5,2081-2100,115.1327,219.6395,421.1262999999999,6.554000000000002,3.6052000000000035,3.049999999999999,137.5923,208.42751250000003,454.9095125,6.7620625,5.687287500000001,3.0642375,131.1226125,-0.4309344457135909,-0.24316053452483705
120.75,23.6,347.3933,SSP5-8.5,2081-2100,108.83269999999999,217.26340000000002,382.70679999999993,5.6615,3.672400000000003,4.0,133.44039999999998,212.7396625,427.2949874999999,6.287437500000001,5.175000000000001,3.5403249999999997,132.21803749999998,-0.4309344457135909,-0.17996475415504562
120.75,23.65,258.0759,SSP5-8.5,2081-2100,99.97989999999999,215.3403,414.06079999999974,5.809899999999999,4.8431,4.0707,129.90189999999998,214.9630625,387.47817499999996,5.758437499999999,4.559912500000001,3.7888124999999997,132.27261249999998,-0.4309344457135909,-0.11676897378525869
120.75,23.7,222.1197,SSP5-8.5,2081-2100,88.44039999999998,218.4918,408.25610000000006,5.7683,3.4361999999999995,3.5914,130.5788,213.71146249999998,363.76323750000006,5.5185625,5.4198249999999994,3.8926875,129.3382375,-0.4309344457135909,-0.053573193415467256
120.75,23.75,210.2625,SSP5-8.5,2081-2100,76.55170000000004,204.8431,348.01710000000026,5.462299999999999,5.899999999999999,4.534500000000001,118.4712,210.973225,353.58787500000005,5.44675,5.2342625,3.6616374999999994,126.1689875,-0.4309344457135909,0.009622586954324176
120.75,23.8,191.8796,SSP5-8.5,2081-2100,63.6241,205.3778,394.31669999999986,5.726399999999998,3.560299999999998,4.1240999999999985,120.6865,207.1522,329.83965,5.314937500000001,6.0049624999999995,3.5368500000000003,122.70361249999999,-0.4309344457135909,0.0728183673241156
120.75,23.85,195.4845,SSP5-8.5,2081-2100,55.329499999999996,204.7739,337.87409999999977,5.308200000000003,3.4328000000000003,3.2586000000000013,121.14999999999999,206.81055,305.44898749999993,5.3983375,5.642462500000001,3.1653000000000002,122.90191250000001,-0.4309344457135909,0.13601414769390704
120.75,23.9,188.8619,SSP5-8.5,2081-2100,64.58340000000001,206.0647,254.4266,5.596,4.234500000000004,2.5328,123.2615,208.6025625,284.9765249999999,5.3940125000000005,3.9536750000000005,2.5887875000000005,125.699525,-0.4309344457135909,0.19920992806369398
120.75,23.95,183.7087,SSP5-8.5,2081-2100,62.44060000000002,209.1823,295.50940000000014,5.8035,-0.5052000000000021,2.0379000000000005,128.1577,209.857275,275.99368749999996,5.560425,2.7905250000000015,2.1595000000000004,127.87667499999998,-0.4309344457135909,0.26240570843348543
120.75,24.0,188.7842,SSP5-8.5,2081-2100,60.39519999999999,210.1652,310.4315999999999,5.886000000000003,-1.8292999999999964,2.1828000000000003,128.90189999999998,209.52949999999998,276.17538749999994,5.7105375,2.668750000000001,1.9109999999999998,129.64375,-0.4309344457135909,0.32560148880327683
120.75,24.05,206.2086,SSP5-8.5,2081-2100,66.2577,206.5682,249.32089999999994,6.0061,2.4913999999999987,1.9966000000000008,129.9308,208.863125,292.45124999999996,5.7711625,2.814650000000001,1.7461249999999997,129.7273875,-0.4309344457135909,0.3887972691730683
120.75,24.1,208.7482,SSP5-8.5,2081-2100,72.95280000000002,206.97369999999998,275.72090000000003,5.774799999999999,2.541399999999996,1.4085999999999999,129.8827,207.0015125,283.05712500000004,5.698337499999999,4.083400000000001,1.5750125,129.3807625,-0.4309344457135909,0.4519930495428597
120.75,24.15,208.3345,SSP5-8.5,2081-2100,70.4418,204.8171,263.46029999999996,5.532,4.0276,0.9896999999999991,129.1654,205.803725,289.21352500000006,5.563975,3.5221999999999998,1.3497750000000002,128.94038749999999,-0.4309344457135909,0.5151888299126467
120.75,24.2,219.7389,SSP5-8.5,2081-2100,72.2301,202.57399999999998,271.52419999999984,5.658200000000001,5.2759,0.8914000000000009,129.0231,203.4801375,298.901875,5.4630875,2.4290874999999996,1.2120624999999996,127.60385000000001,-0.4309344457135909,0.578384610282438
120.75,24.25,239.7277,SSP5-8.5,2081-2100,70.20540000000003,200.1844,344.9259999999997,5.537200000000002,-0.17069999999999652,0.7602999999999991,126.9442,200.560775,309.57691249999993,5.4925625,2.6064624999999992,1.0788749999999998,125.64518749999999,-0.4309344457135909,0.6415803906522295
120.75,24.3,219.9145,SSP5-8.5,2081-2100,70.34759999999997,197.88889999999998,335.66909999999984,5.5671,1.6861999999999995,0.6293000000000006,123.11919999999999,198.04953749999999,333.61474999999996,5.70205,2.238787499999999,0.9165874999999992,123.3519125,-0.4309344457135909,0.704776171022021
120.75,24.35,201.6784,SSP5-8.5,2081-2100,81.21339999999998,196.3692,324.9833000000001,6.027600000000003,6.075899999999997,0.8861999999999988,120.87880000000001,196.4804375,329.99232499999994,5.8896999999999995,4.007974999999999,0.7256374999999995,121.53653750000001,-0.4309344457135909,0.7679719513918124
120.75,24.4,212.2149,SSP5-8.5,2081-2100,82.1719,196.2572,319.43600000000015,6.2515,8.648299999999999,0.8309999999999995,122.4904,194.200225,310.70785,5.9351375,5.236862499999998,0.6777999999999994,118.1425625,-0.4309344457135909,0.8311677317615993
120.75,24.45,202.2433,SSP5-8.5,2081-2100,69.97740000000002,192.11599999999999,292.26430000000005,5.8222999999999985,7.570699999999995,0.4878999999999998,115.6635,192.0698375,282.483375,5.718350000000001,6.124787499999999,0.6254374999999999,116.04495,-0.4309344457135909,0.8943635121313908
120.75,24.5,168.5485,SSP5-8.5,2081-2100,60.84970000000001,189.1025,246.69179999999983,5.330000000000002,6.074100000000001,0.4552000000000005,112.8442,190.1714,257.2911125,5.287599999999999,5.854312499999998,0.47673750000000004,113.21275,-0.4309344457135909,0.9575592925011822
120.75,24.55,153.7346,SSP5-8.5,2081-2100,52.56569999999999,189.8927,223.7261000000001,4.770999999999997,7.070699999999995,0.2845000000000004,111.3654,190.063225,241.4499999999999,4.9895499999999995,5.4178875,0.27242500000000003,112.29253750000001,-0.4309344457135909,1.0207550728709736
120.75,24.6,158.1567,SSP5-8.5,2081-2100,49.01580000000001,191.6314,237.68079999999986,4.689799999999998,4.7276000000000025,0.3292999999999999,111.7615,189.41512500000002,228.0256125,4.7632625,5.434062499999999,0.2405250000000001,111.5567375,-0.4309344457135909,1.0839508532407651
120.75,24.65,147.2359,SSP5-8.5,2081-2100,43.718500000000006,189.5494,219.55130000000008,4.5442,3.7258999999999958,0.7948000000000004,110.6827,188.863325,223.14887499999998,4.6905375,6.2993625,0.1575375,111.24086249999999,-0.4309344457135909,1.147146633610552
120.8,21.95,265.6306,SSP5-8.5,2081-2100,-4.4298,219.76369999999997,132.88729999999987,3.2544000000000004,26.0965,4.122400000000001,142.1115,219.92281250000002,149.21305,3.5827875,23.240725,3.6603625,141.71372499999998,-0.32524060563236956,-2.265425506358136
120.8,22.0,268.3165,SSP5-8.5,2081-2100,0.5191999999999553,218.00009999999997,157.09770000000003,3.7334999999999994,25.070700000000002,3.8500000000000014,141.3731,218.4893375,150.98881249999997,3.7436125,22.253875,3.5804,140.77813749999999,-0.32524060563236956,-2.2022297259883445
120.8,22.05,256.5459,SSP5-8.5,2081-2100,13.299699999999973,213.3109,181.54449999999997,4.1463,21.4155,3.2723999999999993,137.7404,216.9910375,174.02893749999996,4.280999999999999,21.053662499999998,3.3916125000000004,139.39136249999999,-0.32524060563236956,-2.139033945618553
120.8,22.1,269.4312,SSP5-8.5,2081-2100,25.014400000000023,210.95010000000002,201.45409999999993,5.098099999999999,21.7845,3.529299999999999,135.1827,212.7472375,212.25759999999988,4.8003374999999995,19.202374999999996,3.0170375,135.1497625,-0.32524060563236956,-2.0758381652487614
120.8,22.15,254.6277,SSP5-8.5,2081-2100,46.894799999999975,208.0722,284.8458999999998,5.571300000000001,18.612099999999998,3.0586,131.4135,208.55495,255.64288749999997,5.280687499999999,19.064225,3.1553999999999998,130.6281125,-0.32524060563236956,-2.0126423848789745
120.8,22.2,256.7233,SSP5-8.5,2081-2100,48.858900000000006,200.034,336.8198000000002,5.642900000000001,21.6569,3.122399999999999,121.55,203.846775,302.47407499999997,5.708875,19.3349125,3.3997874999999995,125.3964,-0.32524060563236956,-1.9494466045091832
120.8,22.25,258.5786,SSP5-8.5,2081-2100,48.056100000000015,194.32489999999999,361.3606,6.262799999999999,20.8517,3.9620999999999995,114.6462,201.2397875,345.0913875000001,5.985637500000001,20.201062500000003,3.4784374999999996,122.0108125,-0.32524060563236956,-1.8862508241393918
120.8,22.3,280.0734,SSP5-8.5,2081-2100,47.21469999999999,191.2085,406.89840000000004,6.594900000000003,21.431000000000004,3.6224000000000007,111.7596,195.3845125,394.89586250000013,6.415150000000001,19.724337500000004,3.63125,115.4250125,-0.32524060563236956,-1.8230550437696005
120.8,22.35,315.6494,SSP5-8.5,2081-2100,47.036599999999964,187.2271,466.74140000000034,7.073699999999999,17.608600000000003,3.469000000000001,106.4327,186.91626250000002,461.8608500000001,6.881450000000001,17.765075000000003,3.6282125,107.41321250000001,-0.32524060563236956,-1.759859263399809
120.8,22.4,345.9948,SSP5-8.5,2081-2100,51.062599999999975,176.0922,540.2444,7.4609999999999985,14.115499999999997,3.6533999999999995,98.2115,180.13847500000003,530.6909,7.471287499999999,16.6017125,3.7558125,100.7908625,-0.32524060563236956,-1.696663483030022
120.8,22.45,333.4543,SSP5-8.5,2081-2100,55.00740000000002,173.27890000000002,599.3744999999999,7.925599999999999,15.822400000000002,3.943100000000001,95.3115,173.4921375,575.1687875,7.8967624999999995,15.9211,3.8135624999999997,96.1091375,-0.32524060563236956,-1.6334677026602307
120.8,22.5,323.4253,SSP5-8.5,2081-2100,58.89760000000001,158.4113,598.7151000000003,8.032800000000002,16.8448,3.713800000000001,87.875,173.99836249999998,594.458575,8.0497,16.0435125,3.8506500000000004,96.7901375,-0.32524060563236956,-1.570271922290439
120.8,22.55,332.3605,SSP5-8.5,2081-2100,65.8811,175.5487,591.1475,7.741,16.617199999999997,3.9552000000000014,98.39229999999999,170.67284999999998,606.9296625000002,8.236975,16.0077375,3.5612125,95.4120125,-0.32524060563236956,-1.5070761419206478
120.8,22.6,358.4882,SSP5-8.5,2081-2100,91.519,186.5457,622.4551000000001,8.4144,16.5638,3.443100000000001,104.35000000000001,169.154075,630.5922875,8.493375,15.032525,3.3155125,95.23123749999999,-0.32524060563236956,-1.4438803615508562
120.8,22.65,398.7711,SSP5-8.5,2081-2100,113.90350000000007,160.69320000000002,676.3898999999997,8.988599999999998,14.481000000000002,3.2775999999999996,91.9942,172.07397500000002,657.1855625000001,8.902725,14.0237,3.0346875000000004,97.48292500000001,-0.32524060563236956,-1.3806845811810693
120.8,22.7,419.3707,SSP5-8.5,2081-2100,121.00500000000005,157.16129999999998,683.2158,9.331200000000003,12.8534,3.1500000000000004,88.48270000000001,178.1659125,657.7616750000001,8.930512499999999,12.4487125,2.9775875000000003,102.3363,-0.32524060563236956,-1.317488800811278
120.8,22.75,393.7862,SSP5-8.5,2081-2100,121.18550000000005,192.0139,622.9883,8.7359,11.729300000000002,3.062100000000001,110.6712,174.20957499999997,635.0533125000002,8.630362499999999,11.686,2.9573375,100.76105000000001,-0.32524060563236956,-1.2542930204414864
120.8,22.8,391.1317,SSP5-8.5,2081-2100,128.36489999999992,176.4837,592.3589000000002,8.1663,12.2121,3.036199999999999,103.7269,166.4246125,594.5149125,8.0886125,10.6707,3.1276,94.8180375,-0.32524060563236956,-1.191097240071695
120.8,22.85,437.2961,SSP5-8.5,2081-2100,130.1902,136.07590000000002,620.3272000000002,8.0261,6.536200000000001,3.2654999999999994,72.8673,160.67468749999998,541.4062624999999,7.463000000000001,11.8454875,3.3017250000000002,91.9322125,-0.32524060563236956,-1.1279014597019037
120.8,22.9,451.4754,SSP5-8.5,2081-2100,122.0111,167.25189999999998,563.5052999999998,7.463600000000003,10.3966,3.25,97.42500000000001,154.4547875,468.8446625,6.8839875,12.208200000000001,3.450425,86.59471250000001,-0.32524060563236956,-1.0647056793321166
120.8,22.95,394.1903,SSP5-8.5,2081-2100,93.45680000000004,155.6601,378.6033000000002,6.235299999999999,13.012099999999997,3.5344999999999995,87.06920000000001,159.254075,407.5414374999999,6.6218875,12.805175,3.1273625000000003,90.0798,-0.32524060563236956,-1.0015098989623252
120.8,23.0,377.9689,SSP5-8.5,2081-2100,93.58549999999997,152.30829999999997,342.0470999999998,6.600099999999998,12.799999999999997,2.6379,82.8288,160.6089875,361.63935000000004,6.599537499999999,13.059912500000001,2.7536625,91.65865000000001,-0.32524060563236956,-0.9383141185925338
120.8,23.05,422.9678,SSP5-8.5,2081-2100,108.2441,186.5547,348.12109999999984,7.3719,12.536200000000001,1.812100000000001,114.9327,160.12914999999998,366.0097375,7.0138,13.019175,2.33275,91.0564875,-0.32524060563236956,-0.8751183382227424
120.8,23.1,456.3283,SSP5-8.5,2081-2100,112.0498,170.381,354.1626000000001,7.899399999999996,13.231000000000002,1.049999999999999,98.1058,177.9736625,409.425525,7.496425,13.107550000000002,2.2165875,107.1065,-0.32524060563236956,-0.811922557852951
120.8,23.15,421.4172,SSP5-8.5,2081-2100,120.52620000000002,198.86200000000002,397.65700000000015,7.940000000000001,14.062100000000001,1.7447999999999997,125.6385,188.1853625,457.8563375,7.919299999999999,12.463575000000002,2.0829750000000002,114.51898750000001,-0.32524060563236956,-0.748726777483164
120.8,23.2,386.4121,SSP5-8.5,2081-2100,121.10840000000002,205.111,489.60300000000007,8.313799999999997,14.208600000000004,2.1258999999999997,127.4615,197.81815,484.5223625,8.0337625,11.987937500000001,2.2687375,122.8923125,-0.32524060563236956,-0.6855309971133726
120.8,23.25,363.5412,SSP5-8.5,2081-2100,117.63900000000001,205.7705,484.20069999999987,8.188399999999998,12.041399999999996,2.556899999999999,127.475,201.2281,477.618625,7.9566124999999985,11.743962499999999,2.2689624999999998,125.1685125,-0.32524060563236956,-0.6223352167435812
120.8,23.3,350.1428,SSP5-8.5,2081-2100,113.9839,202.24460000000002,427.24760000000015,7.810199999999998,11.6207,2.1792999999999996,127.0789,204.507025,474.81413749999996,7.8670874999999985,10.966162499999998,2.3504375,128.9939875,-0.32524060563236956,-0.5591394363737897
120.8,23.35,359.2459,SSP5-8.5,2081-2100,109.86340000000001,209.4124,462.09659999999985,7.777699999999999,8.449999999999996,2.2483000000000004,136.60000000000002,207.2457875,473.1955,7.725624999999999,9.8273625,2.3314749999999993,132.4180375,-0.32524060563236956,-0.4959436560039983
120.8,23.4,378.8655,SSP5-8.5,2081-2100,108.7704,208.36090000000002,479.9109000000003,7.6538,8.198300000000003,2.0569000000000006,134.8635,208.3702125,480.18393749999996,7.4705,8.4527875,2.3252125,134.28244999999998,-0.32524060563236956,-0.43274787563421135
120.8,23.45,349.367,SSP5-8.5,2081-2100,106.12639999999999,209.3724,446.03390000000036,6.827400000000001,6.937899999999999,1.7034000000000002,136.3923,208.14418750000002,487.21053750000004,7.189350000000001,7.587925,2.556675,133.62815,-0.32524060563236956,-0.3695520952644199
120.8,23.5,415.8918,SSP5-8.5,2081-2100,137.64779999999996,200.76749999999998,571.3555000000001,7.0016,7.291400000000003,3.0862,129.1135,209.501725,436.1866125000001,6.697750000000001,7.1381375,2.434475,133.7843875,-0.32524060563236956,-0.3063563148946285
120.8,23.55,403.9372,SSP5-8.5,2081-2100,136.75409999999994,198.0026,482.80780000000004,6.919500000000003,8.4448,2.6189999999999998,128.9308,211.3222875,416.73135,6.23265,6.448062500000002,2.899349999999999,133.8440125,-0.32524060563236956,-0.24316053452483705
120.8,23.6,307.6143,SSP5-8.5,2081-2100,103.08859999999999,201.2262,424.50189999999975,6.056000000000001,6.1655000000000015,3.227599999999999,130.99040000000002,214.9395625,382.63815,5.846512500000001,6.352162500000001,3.2124999999999995,134.46274999999997,-0.32524060563236956,-0.17996475415504562
120.8,23.65,246.432,SSP5-8.5,2081-2100,80.73580000000001,215.96130000000002,406.38110000000006,5.3306000000000004,4.7759,3.989699999999999,137.3135,214.57932499999998,358.6283125,5.5643125,5.687925000000002,3.3851249999999995,131.7853375,-0.32524060563236956,-0.11676897378525869
120.8,23.7,246.221,SSP5-8.5,2081-2100,79.6567,216.07309999999998,308.09400000000005,5.306799999999999,5.4569000000000045,3.556899999999999,132.9712,214.7961875,349.1323625000001,5.3443,5.2403,3.5467750000000002,129.6927875,-0.32524060563236956,-0.053573193415467256
120.8,23.75,219.1426,SSP5-8.5,2081-2100,83.18430000000004,217.2643,337.58140000000026,5.199199999999998,6.030999999999999,2.956899999999999,130.8404,210.8584625,331.9263000000001,5.3224,5.081250000000001,3.4991375,125.44206249999999,-0.32524060563236956,0.009622586954324176
120.8,23.8,200.978,SSP5-8.5,2081-2100,65.66019999999997,205.5397,337.3713,5.116600000000002,6.255200000000002,4.141400000000001,121.1404,210.30235,312.4059125000001,5.209687499999999,5.523499999999999,3.2180999999999997,125.825725,-0.32524060563236956,0.0728183673241156
120.8,23.85,204.2281,SSP5-8.5,2081-2100,66.02419999999998,209.2834,254.91820000000007,5.106200000000001,5.899999999999999,3.3138000000000005,125.63270000000001,209.03565,293.1160625,5.1982,5.5935500000000005,2.9157374999999996,126.2713875,-0.32524060563236956,0.13601414769390704
120.8,23.9,212.8352,SSP5-8.5,2081-2100,77.82580000000002,212.1291,202.40269999999987,5.1891,6.75,2.6224000000000007,127.6942,210.518575,269.40111249999995,5.1854,4.5745875,2.5618625,130.234375,-0.32524060563236956,0.19920992806369398
120.8,23.95,221.66,SSP5-8.5,2081-2100,79.07809999999998,213.8666,222.95169999999985,5.103999999999999,3.7982999999999976,2.725900000000001,133.88459999999998,210.448125,268.03207499999996,5.462925,3.9795250000000006,2.1976375,130.60479999999998,-0.32524060563236956,0.26240570843348543
120.8,24.0,207.341,SSP5-8.5,2081-2100,78.0335,213.94819999999999,263.86829999999986,5.643599999999999,5.172399999999996,2.089699999999999,133.0212,209.86068749999998,270.7854124999999,5.74935,4.122625,1.9717625000000003,131.6209,-0.32524060563236956,0.32560148880327683
120.8,24.05,221.4278,SSP5-8.5,2081-2100,85.63839999999999,208.9177,245.83509999999978,6.016400000000001,7.458600000000004,1.8516999999999992,130.92880000000002,208.84132499999998,290.634375,5.9202125,4.5446125,1.8049625000000002,131.2860625,-0.32524060563236956,0.3887972691730683
120.8,24.1,221.0414,SSP5-8.5,2081-2100,94.92449999999997,206.76670000000001,340.1635000000001,5.9679,2.7431000000000054,1.8931000000000004,129.7038,207.31118750000002,283.34757499999995,5.9664,5.4941875,1.6879250000000001,131.3149125,-0.32524060563236956,0.4519930495428597
120.8,24.15,223.0379,SSP5-8.5,2081-2100,94.77110000000002,206.37240000000003,324.52840000000015,5.9025,2.1586,1.9672,129.59810000000002,205.3515875,293.9643375,5.801175000000001,5.463375,1.6795250000000004,130.273075,-0.32524060563236956,0.5151888299126467
120.8,24.2,239.039,SSP5-8.5,2081-2100,81.60730000000001,203.7132,282.21579999999994,5.5344000000000015,7.127600000000001,1.3879000000000001,128.27499999999998,203.0856875,303.981875,5.697900000000001,3.734912499999999,1.6568875,128.7476,-0.32524060563236956,0.578384610282438
120.8,24.25,249.2116,SSP5-8.5,2081-2100,72.29569999999998,199.43759999999997,337.55100000000016,5.579999999999998,1.7602999999999938,1.5809999999999995,127.0481,200.52356249999997,305.2812874999999,5.601650000000001,3.882975,1.3478375000000002,126.82595,-0.32524060563236956,0.6415803906522295
120.8,24.3,229.2985,SSP5-8.5,2081-2100,70.08050000000003,197.3784,317.89679999999976,5.7422,5.5638000000000005,1.1861999999999995,125.44420000000001,198.234125,324.7472625,5.806475000000001,2.8497749999999984,1.1258499999999996,125.11658750000001,-0.32524060563236956,0.704776171022021
120.8,24.35,222.7878,SSP5-8.5,2081-2100,78.98000000000002,197.4778,340.03970000000004,6.3580000000000005,3.9033999999999978,0.8809999999999985,124.9231,196.70016249999998,321.64503749999994,5.9821875,4.681249999999999,1.0232749999999995,123.60118750000001,-0.32524060563236956,0.7679719513918124
120.8,24.4,232.9193,SSP5-8.5,2081-2100,84.73249999999999,196.25449999999998,326.547,6.275400000000001,4.549999999999997,0.8327999999999989,123.30959999999999,194.6684875,314.54943750000007,6.0284125,5.877587499999998,0.9719749999999994,120.68846250000001,-0.32524060563236956,0.8311677317615993
120.8,24.45,204.9742,SSP5-8.5,2081-2100,70.15030000000002,189.94619999999998,291.63470000000007,5.776299999999999,6.205199999999998,1.0259,114.88080000000001,192.60535,290.50216250000005,5.717775,5.991374999999999,0.8071124999999999,117.77666249999999,-0.32524060563236956,0.8943635121313908
120.8,24.5,151.3938,SSP5-8.5,2081-2100,57.82419999999999,187.06029999999998,264.07140000000004,5.1349,3.8397000000000006,0.38619999999999965,111.85379999999999,189.8388875,260.29885,5.2171375,6.227149999999998,0.6144500000000002,113.96875,-0.32524060563236956,0.9575592925011822
120.8,24.55,150.1773,SSP5-8.5,2081-2100,52.10640000000001,187.1707,249.0181,4.578100000000003,3.5533999999999963,0.5327999999999999,111.7404,188.90769999999998,234.22996249999997,4.8954875,6.15755,0.2224125,112.110075,-0.32524060563236956,1.0207550728709736
120.8,24.6,168.016,SSP5-8.5,2081-2100,42.378900000000016,189.437,224.39719999999988,4.625299999999999,6.856899999999996,-0.5931000000000006,111.06920000000001,188.17476249999999,225.08653750000002,4.6873875,5.552812499999999,0.2853375,111.3709125,-0.32524060563236956,1.0839508532407651
120.8,24.65,152.9264,SSP5-8.5,2081-2100,42.1755,187.8299,233.2813000000001,4.613699999999998,3.1206999999999994,0.2345000000000006,111.00959999999999,187.694175,217.7008625,4.632562500000001,5.773924999999998,0.23921249999999983,111.04446250000001,-0.32524060563236956,1.147146633610552
120.85,21.9,269.1639,SSP5-8.5,2081-2100,-2.286699999999996,221.5514,123.5273000000002,3.631599999999999,24.5103,3.8758999999999997,140.3212,219.4676875,141.92038749999995,3.6159749999999997,23.8183125,3.7582000000000004,141.6738125,-0.21954676555114824,-2.3286212867279272
120.85,21.95,276.0158,SSP5-8.5,2081-2100,-5.880100000000027,219.7699,79.35989999999993,3.642699999999998,24.115499999999997,3.8862000000000005,141.29809999999998,219.0742625,136.37208749999996,3.7243125,23.273049999999998,3.7741500000000006,141.01516249999997,-0.21954676555114824,-2.265425506358136
120.85,22.0,274.2275,SSP5-8.5,2081-2100,-2.88900000000001,217.51700000000002,81.72679999999991,3.8658,22.949999999999996,4.127600000000001,140.5135,218.0837125,136.52217499999995,3.8812999999999995,22.9027875,3.6323250000000007,140.669725,-0.21954676555114824,-2.2022297259883445
120.85,22.05,274.0325,SSP5-8.5,2081-2100,6.815399999999954,214.7865,69.68579999999974,4.3393000000000015,18.208599999999997,3.3775999999999993,138.2096,215.852625,135.44774999999993,4.3464875,22.3862,3.5454750000000006,139.21564999999998,-0.21954676555114824,-2.139033945618553
120.85,22.1,267.8106,SSP5-8.5,2081-2100,30.585199999999986,213.7045,91.4110999999998,5.003499999999999,17.7172,3.391400000000001,137.4981,213.27685,164.59736249999992,4.8008875,20.680175,3.3105624999999996,136.64303750000002,-0.21954676555114824,-2.0758381652487614
120.85,22.15,245.2124,SSP5-8.5,2081-2100,43.25849999999997,208.1043,185.60109999999986,5.358599999999999,18.969,3.5776000000000003,131.6596,210.319075,202.12263749999994,5.231325,20.0474125,3.357125,132.88246250000003,-0.21954676555114824,-2.0126423848789745
120.85,22.2,286.3185,SSP5-8.5,2081-2100,48.21650000000005,201.9959,253.92039999999997,5.554500000000001,16.7069,3.9827999999999992,125.85960000000001,206.9747125,253.96386249999995,5.625875000000001,20.0355625,3.4252249999999997,128.264675,-0.21954676555114824,-1.9494466045091832
120.85,22.25,275.7984,SSP5-8.5,2081-2100,51.76139999999998,201.9128,297.20730000000003,6.164899999999999,19.6879,4.108599999999999,124.23849999999999,203.7924,299.21283750000003,5.843987500000001,20.028012500000003,3.5181125,123.7887,-0.21954676555114824,-1.8862508241393918
120.85,22.3,270.1267,SSP5-8.5,2081-2100,51.149699999999996,206.373,346.4702000000002,6.151700000000002,19.1569,3.7516999999999996,125.5596,200.4878875,350.5525750000001,6.033250000000001,19.52995,3.700225,119.43606249999999,-0.21954676555114824,-1.8230550437696005
120.85,22.35,289.6063,SSP5-8.5,2081-2100,48.07960000000003,199.5218,415.71590000000015,6.1891,18.0069,3.8499999999999996,118.07690000000001,194.93748749999997,401.11057500000015,6.224500000000001,18.400425,3.7362,113.48581250000001,-0.21954676555114824,-1.759859263399809
120.85,22.4,297.7591,SSP5-8.5,2081-2100,46.120100000000036,184.484,471.5957000000003,6.796800000000001,16.958599999999997,4.017199999999999,103.85770000000001,189.0042,454.2381000000001,6.57845,17.5911625,3.8618500000000004,107.6288375,-0.21954676555114824,-1.696663483030022
120.85,22.45,293.1296,SSP5-8.5,2081-2100,44.965400000000045,183.1788,519.8692000000001,7.604700000000001,18.1483,3.9741,102.0827,180.80735,482.1077,6.934699999999999,17.7611875,3.824125,100.95625,-0.21954676555114824,-1.6334677026602307
120.85,22.5,279.1767,SSP5-8.5,2081-2100,49.020399999999995,183.93810000000002,508.5193999999999,7.303699999999999,19.253400000000006,3.700000000000001,102.1308,179.85625,490.1787750000001,7.0960374999999996,18.2083875,3.7480625,99.96802500000001,-0.21954676555114824,-1.570271922290439
120.85,22.55,288.674,SSP5-8.5,2081-2100,49.1345,186.86749999999998,479.8897000000002,7.1693999999999996,19.820700000000002,3.489699999999999,103.1846,182.72913749999998,494.0635750000001,7.157575,17.420450000000002,3.5663875000000003,101.87981250000001,-0.21954676555114824,-1.5070761419206478
120.85,22.6,319.2749,SSP5-8.5,2081-2100,56.71629999999999,189.73510000000002,499.15329999999994,7.3674,17.7879,3.3465999999999987,105.3942,182.764975,498.4093375000001,7.3272375,16.0437375,3.4105625,102.2576875,-0.21954676555114824,-1.4438803615508562
120.85,22.65,354.9169,SSP5-8.5,2081-2100,69.54149999999998,177.3028,510.12040000000025,7.446700000000003,14.598300000000002,3.3534000000000006,97.74040000000001,176.57151249999998,508.70921250000004,7.619837499999999,14.554937500000001,3.293325,99.8846,-0.21954676555114824,-1.3806845811810693
120.85,22.7,364.6054,SSP5-8.5,2081-2100,78.4855,163.0659,485.03020000000015,7.263499999999997,14.036200000000001,3.5259,93.2365,169.88808749999998,504.86986250000007,7.626,13.285975,3.18255,96.560575,-0.21954676555114824,-1.317488800811278
120.85,22.75,340.672,SSP5-8.5,2081-2100,85.678,171.47639999999998,448.0449000000003,6.918299999999999,12.4983,3.319000000000001,99.78269999999999,162.4304875,490.66345000000007,7.3796,13.105375000000002,3.1273874999999993,92.3307625,-0.21954676555114824,-1.2542930204414864
120.85,22.8,329.8324,SSP5-8.5,2081-2100,90.71729999999997,167.6401,442.279,6.664999999999999,11.915500000000002,3.239699999999999,96.3519,155.915725,478.9762500000001,7.1419125,12.7344875,3.0444125,87.301925,-0.21954676555114824,-1.191097240071695
120.85,22.85,336.1172,SSP5-8.5,2081-2100,95.20479999999998,133.43009999999998,450.6965,6.668999999999997,13.070700000000002,3.3259000000000007,71.1615,151.9114,469.69182500000005,6.8434875,12.736425,3.0163874999999996,84.53076250000001,-0.21954676555114824,-1.1279014597019037
120.85,22.9,320.1834,SSP5-8.5,2081-2100,87.1046,121.32049999999998,437.6011000000003,6.138300000000001,12.5655,3.0344999999999995,62.05,151.1522625,438.6115625,6.535075,12.8138,2.9590625,83.50743750000001,-0.21954676555114824,-1.0647056793321166
120.85,22.95,269.1855,SSP5-8.5,2081-2100,60.871399999999994,134.28500000000003,350.0762999999997,5.391500000000001,13.150000000000006,2.4000000000000004,68.4769,146.8890125,410.36065,6.349824999999999,13.1284375,2.7935375000000002,79.7129625,-0.21954676555114824,-1.0015098989623252
120.85,23.0,259.6237,SSP5-8.5,2081-2100,55.76460000000003,118.59079999999999,319.1256000000001,5.339199999999998,11.867199999999997,2.3931000000000004,57.017300000000006,143.88673749999998,386.91417499999994,6.446237499999999,13.344175,2.4364250000000003,76.6108,-0.21954676555114824,-0.9383141185925338
120.85,23.05,309.4019,SSP5-8.5,2081-2100,78.63560000000001,111.56459999999998,334.10469999999987,6.1035,13.601700000000001,2.2810000000000006,48.707699999999996,144.1277,399.1441375,6.859074999999999,12.7329625,1.9599250000000001,77.01826249999999,-0.21954676555114824,-0.8751183382227424
120.85,23.1,386.2774,SSP5-8.5,2081-2100,105.15809999999999,150.1772,378.8600999999999,6.789800000000003,12.513800000000003,1.6621000000000006,80.0346,156.9722875,426.85850000000005,7.2500625,12.260124999999999,1.7941875,89.0565,-0.21954676555114824,-0.811922557852951
120.85,23.15,410.2421,SSP5-8.5,2081-2100,113.30109999999996,180.8436,435.38279999999986,7.154500000000002,10.994799999999998,1.7741000000000007,108.5404,176.11422499999998,454.70022500000005,7.515812499999999,11.4599125,1.6900999999999995,104.587975,-0.21954676555114824,-0.748726777483164
120.85,23.2,392.642,SSP5-8.5,2081-2100,113.81009999999998,194.2077,453.98979999999983,7.4605,8.8052,1.8740999999999985,117.3519,191.3243,474.4456125,7.5275875,11.1924625,2.10905,118.2694625,-0.21954676555114824,-0.6855309971133726
120.85,23.25,389.0688,SSP5-8.5,2081-2100,115.29539999999997,202.43099999999998,488.64570000000003,7.4602,11.018999999999998,2.6172000000000004,124.95769999999999,197.1048,470.52039999999994,7.542487499999998,10.4181125,2.2581999999999995,121.7685,-0.21954676555114824,-0.6223352167435812
120.85,23.3,367.6713,SSP5-8.5,2081-2100,113.65090000000004,202.3324,426.50469999999996,7.517899999999997,11.105199999999996,2.4396999999999984,124.94810000000001,200.2892875,479.4165875,7.5301124999999995,9.955399999999997,2.35475,125.216825,-0.21954676555114824,-0.5591394363737897
120.85,23.35,360.5144,SSP5-8.5,2081-2100,111.56349999999998,199.31459999999998,459.73950000000013,7.720699999999997,10.1862,2.3552,124.9211,202.79137500000002,480.37827500000003,7.554762499999999,9.148499999999999,2.1793375,127.95578750000001,-0.21954676555114824,-0.4959436560039983
120.85,23.4,364.9905,SSP5-8.5,2081-2100,109.8331,213.2239,471.8278999999998,7.693000000000001,7.629300000000001,2.489699999999999,137.3731,201.5811,479.15166250000016,7.262662499999999,8.556249999999999,2.0530250000000003,128.094475,-0.21954676555114824,-0.43274787563421135
120.85,23.45,354.3272,SSP5-8.5,2081-2100,105.94959999999998,203.4492,462.6023,6.5208999999999975,8.199999999999996,2.3603000000000005,129.5904,202.938075,469.4073750000001,6.9470625,8.013362500000001,2.182975,129.108675,-0.21954676555114824,-0.3695520952644199
120.85,23.5,342.8322,SSP5-8.5,2081-2100,113.71159999999998,207.1299,415.84400000000005,6.0869,8.110300000000002,2.5930999999999997,132.0789,205.4282,428.3469875000001,6.3713,8.255600000000001,2.2484875,130.68534999999997,-0.21954676555114824,-0.3063563148946285
120.85,23.55,318.4764,SSP5-8.5,2081-2100,102.154,217.616,314.3427999999999,5.7409,9.149999999999999,2.299999999999999,138.0577,207.4159125,399.5807125,5.9286875000000006,8.279312500000001,2.5426749999999996,131.663725,-0.21954676555114824,-0.24316053452483705
120.85,23.6,262.9637,SSP5-8.5,2081-2100,83.40299999999996,216.8852,325.9278999999999,5.494499999999999,9.132800000000003,2.503399999999999,135.7885,213.59753750000002,361.1015500000001,5.527387500000001,7.954525,2.9420374999999996,135.1235625,-0.21954676555114824,-0.17996475415504562
120.85,23.65,233.8112,SSP5-8.5,2081-2100,66.92929999999998,218.8082,313.75170000000026,5.261200000000002,7.193100000000001,3.1671999999999993,134.6769,214.9276375,342.0619750000001,5.2652874999999995,7.183187500000001,3.1344874999999996,134.35915,-0.21954676555114824,-0.11676897378525869
120.85,23.7,232.6723,SSP5-8.5,2081-2100,66.84679999999997,212.5464,291.72730000000024,5.156299999999998,5.603400000000001,2.963800000000001,125.93459999999999,217.31983749999998,321.3428375000002,5.0864625,6.6047375000000015,3.244175,135.0238125,-0.21954676555114824,-0.053573193415467256
120.85,23.75,216.9823,SSP5-8.5,2081-2100,60.18639999999999,215.1141,273.28340000000026,4.7666,4.139700000000005,3.0999999999999996,129.82500000000002,213.24931249999997,306.8634000000002,5.104225,6.704950000000001,2.9008625000000006,129.918525,-0.21954676555114824,0.009622586954324176
120.85,23.8,214.1326,SSP5-8.5,2081-2100,71.86730000000003,208.88170000000002,294.34450000000015,5.2759,6.298299999999998,1.9809999999999999,123.9288,212.8307375,284.7018375000001,4.92515,6.919837500000002,2.8857875,130.4238125,-0.21954676555114824,0.0728183673241156
120.85,23.85,223.7883,SSP5-8.5,2081-2100,91.33690000000001,216.88049999999998,258.91190000000006,4.832699999999999,8.925899999999999,2.4758999999999993,136.0712,209.53416250000004,279.80223750000005,4.9340625,6.343762500000001,2.469625,128.68125,-0.21954676555114824,0.13601414769390704
120.85,23.9,218.0876,SSP5-8.5,2081-2100,100.9554,212.6378,265.2807,4.5406999999999975,5.291400000000003,2.1896999999999984,136.2385,210.6117375,264.9982749999999,4.967575,5.8687625,2.2176875000000003,132.157925,-0.21954676555114824,0.19920992806369398
120.85,23.95,241.0315,SSP5-8.5,2081-2100,96.16110000000003,211.4594,265.3362999999997,5.1919,5.518999999999998,1.9603000000000002,137.47879999999998,209.8820375,273.87328749999995,5.158312499999999,5.528449999999999,1.8338500000000002,131.8336625,-0.21954676555114824,0.26240570843348543
120.85,24.0,223.3904,SSP5-8.5,2081-2100,90.01190000000003,207.9983,287.0010000000002,5.852599999999999,7.203400000000002,1.9655000000000005,130.0846,209.76645000000002,272.7633749999999,5.418475,6.286862499999999,1.5250000000000001,132.5307625,-0.21954676555114824,0.32560148880327683
120.85,24.05,219.5046,SSP5-8.5,2081-2100,98.51930000000002,210.7278,289.89729999999986,6.1343,8.8448,1.0534,133.6,208.32148750000002,288.32222499999995,5.72245,7.023712500000001,1.5702625000000001,131.5,-0.21954676555114824,0.3887972691730683
120.85,24.1,219.5583,SSP5-8.5,2081-2100,103.60479999999998,207.58249999999998,308.6714999999999,6.096399999999999,9.189700000000002,1.8500000000000014,135.1635,207.5338125,296.764725,5.930999999999999,6.546337500000002,1.6523625,131.1685,-0.21954676555114824,0.4519930495428597
120.85,24.15,242.29,SSP5-8.5,2081-2100,110.72310000000002,206.5301,309.34619999999995,6.268699999999999,7.241399999999999,2.3862000000000005,132.25,205.43900000000002,315.74915000000004,5.884225000000001,6.094175000000002,1.7799500000000001,130.0524,-0.21954676555114824,0.5151888299126467
120.85,24.2,229.9375,SSP5-8.5,2081-2100,90.40809999999999,203.8554,300.61230000000023,5.577000000000002,5.560299999999998,2.6293000000000006,128.72109999999998,203.4387625,316.94820000000004,5.827325,4.887924999999999,1.8359750000000001,128.4141875,-0.21954676555114824,0.578384610282438
120.85,24.25,226.4111,SSP5-8.5,2081-2100,81.95340000000002,200.9145,279.9066,5.5276,4.0259,2.0500000000000007,127.2308,200.98575,319.4464625,5.751462500000001,4.322824999999999,1.58685,126.79951249999999,-0.21954676555114824,0.6415803906522295
120.85,24.3,224.8746,SSP5-8.5,2081-2100,71.93720000000002,197.6797,309.4994999999999,5.669499999999999,1.994799999999998,1.2483000000000004,125.85,199.15019999999998,318.1239,5.9588874999999994,3.6629249999999987,1.4489124999999998,125.758425,-0.21954676555114824,0.704776171022021
120.85,24.35,234.397,SSP5-8.5,2081-2100,82.95510000000002,195.9209,325.40290000000005,6.184799999999999,3.5223999999999975,0.970699999999999,124.9385,197.565725,311.7852874999999,6.0672625,4.4321,1.2816749999999997,124.4966375,-0.21954676555114824,0.7679719513918124
120.85,24.4,232.7173,SSP5-8.5,2081-2100,86.0855,195.8525,313.72569999999996,6.139399999999998,5.4086,1.6016999999999992,122.77880000000002,195.125175,308.6718,6.020199999999999,5.371762499999999,1.1512874999999996,121.7168375,-0.21954676555114824,0.8311677317615993
120.85,24.45,199.7521,SSP5-8.5,2081-2100,90.22139999999999,193.40810000000002,308.90890000000013,5.667400000000001,5.6861999999999995,1.0914000000000001,118.9538,192.6456375,283.2428,5.721075,6.152587499999999,1.0808125,118.5663375,-0.21954676555114824,0.8943635121313908
120.85,24.5,193.6135,SSP5-8.5,2081-2100,63.83230000000003,190.7917,252.37220000000002,5.1213000000000015,6.153399999999998,0.7707000000000015,114.3192,189.5186875,259.85478750000004,5.2699375,6.246774999999999,0.6885749999999996,115.0990375,-0.21954676555114824,0.9575592925011822
120.85,24.55,175.2682,SSP5-8.5,2081-2100,54.75889999999998,186.28320000000002,217.77469999999994,4.6707,7.5035000000000025,0.267199999999999,111.9827,188.14943749999998,227.91282500000003,4.9605875,5.995037499999999,0.26487499999999964,112.88725,-0.21954676555114824,1.0207550728709736
120.85,24.6,177.8317,SSP5-8.5,2081-2100,41.7586,187.06279999999998,207.1255000000001,4.820899999999998,7.034500000000001,-0.12070000000000025,111.68459999999999,186.68592500000003,211.18877500000002,4.7221625,5.9116374999999985,0.11529999999999951,111.41538750000001,-0.21954676555114824,1.0839508532407651
120.85,24.65,172.7335,SSP5-8.5,2081-2100,36.4383,185.978,212.53449999999998,4.810700000000001,7.6861999999999995,-0.039699999999999847,110.74040000000001,187.0838125,205.00938750000006,4.585437499999999,5.785562499999999,0.0920249999999998,110.7149,-0.21954676555114824,1.147146633610552
120.85,24.7,147.7511,SSP5-8.5,2081-2100,37.432500000000005,186.2286,211.12799999999993,4.241700000000002,7.044800000000002,0.5516999999999994,109.875,187.37730000000002,201.95922500000006,4.3573375,5.4551875,0.028012500000000107,111.03003749999999,-0.21954676555114824,1.2103424139803434
120.9,22.0,253.4294,SSP5-8.5,2081-2100,3.825400000000002,219.2104,114.25039999999967,4.0596,25.0224,3.587900000000001,140.8039,217.43217499999997,107.36324999999997,4.1351875,22.212699999999998,3.6392375,139.9783875,-0.11385292546989689,-2.2022297259883445
120.9,22.05,241.9081,SSP5-8.5,2081-2100,14.73259999999999,218.06449999999998,123.14260000000013,4.2318999999999996,22.0017,3.2362,141.7327,214.94498750000002,124.34057499999986,4.554337500000001,21.091587500000003,3.4709125000000003,137.95386249999999,-0.11385292546989689,-2.139033945618553
120.9,22.1,234.1006,SSP5-8.5,2081-2100,30.755100000000027,216.0635,132.95479999999998,4.633200000000002,23.1276,3.3689999999999998,138.8808,214.5690875,137.64001249999987,4.8047625,20.5596875,3.3879375,137.2202,-0.11385292546989689,-2.0758381652487614
120.9,22.15,234.4953,SSP5-8.5,2081-2100,39.55680000000001,216.8628,137.55009999999993,5.028400000000001,21.322400000000002,3.0638000000000005,138.32500000000002,211.56144999999998,187.52524999999991,5.166387500000001,19.539875000000002,3.3905374999999998,133.9161125,-0.11385292546989689,-2.0126423848789745
120.9,22.2,248.2464,SSP5-8.5,2081-2100,38.19409999999999,214.8696,178.0248999999999,5.3187,19.4517,3.339699999999999,134.35,208.31332500000002,231.7827375,5.451112500000001,20.3049625,3.4485,129.6372625,-0.11385292546989689,-1.9494466045091832
120.9,22.25,245.4047,SSP5-8.5,2081-2100,41.7278,211.61710000000002,250.30119999999988,5.6594000000000015,19.732799999999997,3.1690000000000005,129.9346,206.8037375,272.59116250000005,5.600275,19.512275000000002,3.7036749999999996,126.67236249999999,-0.11385292546989689,-1.8862508241393918
120.9,22.3,252.972,SSP5-8.5,2081-2100,37.7696,209.9162,259.9072000000001,5.567,21.236199999999997,3.1948000000000008,126.65,203.7127125,326.45565000000005,5.778700000000001,19.270475,3.7528124999999997,122.41682499999999,-0.11385292546989689,-1.8230550437696005
120.9,22.35,261.906,SSP5-8.5,2081-2100,47.7029,208.1747,346.2886000000003,4.754200000000001,17.684499999999996,4.225899999999999,123.75,197.96241250000003,369.5503000000001,6.132125,19.005387499999998,3.653875,115.95961249999999,-0.11385292546989689,-1.759859263399809
120.9,22.4,260.687,SSP5-8.5,2081-2100,40.923400000000015,196.0242,370.7386999999999,5.396699999999999,19.0121,3.9551999999999996,111.6654,195.2217625,385.50740000000013,6.084325,18.63965,3.7937374999999998,111.99015,-0.11385292546989689,-1.696663483030022
120.9,22.45,272.293,SSP5-8.5,2081-2100,44.04239999999999,188.5359,374.9321,6.2226,20.331,3.8241000000000005,105.5,191.835625,403.96776250000005,6.1020875,18.1433125,3.8459,108.04592500000001,-0.11385292546989689,-1.6334677026602307
120.9,22.5,250.163,SSP5-8.5,2081-2100,48.918799999999976,185.6942,392.74170000000004,6.3384,19.7517,3.786199999999999,103.0981,189.62185,400.2361000000001,6.246649999999999,18.429725,3.5586125,105.3884625,-0.11385292546989689,-1.570271922290439
120.9,22.55,262.9983,SSP5-8.5,2081-2100,39.88990000000001,187.3347,364.7604000000001,5.733799999999999,18.331000000000003,3.2982999999999993,104.30000000000001,190.20077500000002,403.3274750000001,6.313725,17.6014875,3.5357749999999997,105.76682499999998,-0.11385292546989689,-1.5070761419206478
120.9,22.6,319.0565,SSP5-8.5,2081-2100,42.330799999999954,194.6253,375.0161000000003,6.3291,14.213799999999999,3.2879000000000005,109.4981,189.6945,399.2325750000002,6.3393625,16.007525,3.4424624999999995,105.75143750000001,-0.11385292546989689,-1.4438803615508562
120.9,22.65,370.8145,SSP5-8.5,2081-2100,51.551800000000014,193.2019,367.4956000000002,6.794899999999998,13.7241,3.1792999999999996,108.6019,184.0852125,405.83812500000016,6.4574,13.7196,3.5228499999999996,103.7459125,-0.11385292546989689,-1.3806845811810693
120.9,22.7,378.5575,SSP5-8.5,2081-2100,55.09480000000002,167.5437,360.91769999999997,6.4696,12.779300000000003,3.1361999999999988,97.51920000000001,177.4207875,404.5461875000002,6.548549999999999,12.6777875,3.3851375,100.420675,-0.11385292546989689,-1.317488800811278
120.9,22.75,333.0307,SSP5-8.5,2081-2100,57.8467,139.7115,369.7863000000002,6.322800000000001,13.624099999999999,2.9827999999999992,77.6923,167.30105,399.33551250000005,6.473125,12.754950000000001,3.2456999999999994,94.7877375,-0.11385292546989689,-1.2542930204414864
120.9,22.8,290.6291,SSP5-8.5,2081-2100,63.588900000000024,135.8238,368.7314000000001,6.0825,15.693100000000001,2.8861999999999988,70.9654,163.84086250000001,392.71445000000006,6.468837499999999,13.493312499999998,3.0142375,92.629325,-0.11385292546989689,-1.191097240071695
120.9,22.85,268.2432,SSP5-8.5,2081-2100,61.50049999999999,162.31050000000002,358.87649999999985,6.214400000000001,16.512099999999997,2.477599999999999,91.5481,154.7105875,400.22593750000004,6.418950000000001,14.0114125,2.95195,85.51321250000001,-0.11385292546989689,-1.1279014597019037
120.9,22.9,250.9295,SSP5-8.5,2081-2100,57.419400000000024,148.38479999999998,373.85519999999997,5.991700000000002,16.060300000000005,2.9414000000000016,81.31150000000001,153.81138750000002,417.92595,6.4878125,13.824349999999999,2.6521625,83.83461249999999,-0.11385292546989689,-1.0647056793321166
120.9,22.95,233.7078,SSP5-8.5,2081-2100,50.408300000000025,171.8198,412.95219999999995,6.288999999999998,13.772399999999998,2.4776000000000007,98.2,134.9244625,442.093925,6.552887500000001,13.595025000000001,2.5474125000000005,69.3699375,-0.11385292546989689,-1.0015098989623252
120.9,23.0,235.3136,SSP5-8.5,2081-2100,58.52350000000001,139.7759,455.19540000000006,6.741399999999999,14.553400000000003,2.0793,71.80189999999999,122.45372499999999,456.03315,6.669975,12.986625,2.3797375000000005,58.7999875,-0.11385292546989689,-0.9383141185925338
120.9,23.05,255.1994,SSP5-8.5,2081-2100,77.06449999999998,99.12549999999999,474.2133000000001,6.837199999999999,13.327599999999997,2.269,40.869200000000006,128.00086249999998,470.2642875,6.89715,12.413775,2.2021500000000005,63.03725,-0.11385292546989689,-0.8751183382227424
120.9,23.1,298.448,SSP5-8.5,2081-2100,101.95190000000002,136.10819999999998,521.4279000000001,7.293599999999998,11.034499999999994,1.7759,70.5558,143.44604999999999,480.8014875,7.022662500000001,11.244387499999998,2.0403000000000002,76.66898749999999,-0.11385292546989689,-0.811922557852951
120.9,23.15,343.7647,SSP5-8.5,2081-2100,112.89420000000001,172.3387,549.7986000000001,7.400400000000001,9.293099999999995,1.6465999999999994,105.1019,169.0079,490.42977499999995,7.115525,9.868749999999999,1.9756375,97.5115375,-0.11385292546989689,-0.748726777483164
120.9,23.2,362.8426,SSP5-8.5,2081-2100,101.4871,181.72799999999998,492.1028000000001,7.029,8.530999999999999,1.641399999999999,112.4538,184.8626125,505.7787124999999,7.140550000000001,9.578899999999997,2.12455,112.5625,-0.11385292546989689,-0.6855309971133726
120.9,23.25,397.2404,SSP5-8.5,2081-2100,108.00139999999999,183.5096,458.1742999999997,6.734400000000001,9.389700000000001,2.7654999999999994,114.5269,194.3652875,509.25677499999995,7.198762499999999,9.066399999999998,2.2333999999999996,118.849025,-0.11385292546989689,-0.6223352167435812
120.9,23.3,385.0652,SSP5-8.5,2081-2100,120.9393,201.9346,532.3402999999998,7.2856999999999985,7.643099999999997,2.482800000000001,122.8519,194.546625,497.1503625,7.136249999999999,9.544637499999999,2.3049624999999994,120.5456625,-0.11385292546989689,-0.5591394363737897
120.9,23.35,351.4799,SSP5-8.5,2081-2100,115.14210000000003,197.697,522.8880000000004,7.2636,9.293099999999995,1.6327999999999996,123.3231,196.662375,489.64129999999994,7.139924999999999,8.889662499999998,2.4125249999999996,121.98532499999999,-0.11385292546989689,-0.4959436560039983
120.9,23.4,338.5996,SSP5-8.5,2081-2100,113.95749999999998,187.1252,520.2102,7.4361999999999995,9.2483,1.9052000000000007,116.6077,191.2326375,479.62921250000005,6.837062499999999,8.599774999999998,2.2922624999999996,119.93533749999999,-0.11385292546989689,-0.43274787563421135
120.9,23.45,336.646,SSP5-8.5,2081-2100,111.95849999999996,197.9171,479.7319000000002,6.901,7.9361999999999995,2.1621000000000006,122.45769999999999,190.87546250000003,462.5010625,6.4734125,7.9407250000000005,2.233625,120.256025,-0.11385292546989689,-0.3695520952644199
120.9,23.5,305.2153,SSP5-8.5,2081-2100,99.41809999999998,199.6077,370.3447000000001,5.976600000000001,8.755200000000002,1.4672,123.9827,197.9460875,420.0316625000001,5.95435,7.7336125000000004,2.3758749999999997,124.4937625,-0.11385292546989689,-0.3063563148946285
120.9,23.55,255.8611,SSP5-8.5,2081-2100,83.46349999999998,216.6931,299.55700000000024,5.0825,9.329300000000003,2.2897,136.95770000000002,204.86972500000002,372.20416250000005,5.5802499999999995,8.093325,2.3502124999999996,127.937275,-0.11385292546989689,-0.24316053452483705
120.9,23.6,253.6143,SSP5-8.5,2081-2100,71.1944,219.01510000000002,306.30690000000004,4.811900000000001,9.005199999999995,2.5551999999999992,135.4673,210.68880000000001,335.53832500000004,5.3259875,8.368750000000002,2.6316749999999995,131.37908750000003,-0.11385292546989689,-0.17996475415504562
120.9,23.65,254.9225,SSP5-8.5,2081-2100,71.98489999999998,221.45779999999996,341.1632000000002,5.016499999999997,9.572400000000002,3.3879,138.5942,207.4794125,326.15431250000006,5.219,7.632325,2.5693875,128.44135,-0.11385292546989689,-0.11676897378525869
120.9,23.7,251.597,SSP5-8.5,2081-2100,66.5814,216.25599999999997,332.39350000000013,4.9497,7.753399999999999,2.891400000000001,137.81349999999998,211.7017375,303.4167500000001,5.088625,7.063575,2.7040750000000005,131.052875,-0.11385292546989689,-0.053573193415467256
120.9,23.75,241.5842,SSP5-8.5,2081-2100,65.95510000000002,217.6239,258.0944000000002,4.8611,7.9155000000000015,2.9034000000000013,138.1558,211.1826625,290.25867500000015,5.00305,7.0144375000000005,2.3760750000000006,129.8536125,-0.11385292546989689,0.009622586954324176
120.9,23.8,228.4438,SSP5-8.5,2081-2100,76.87950000000001,211.8094,295.3008000000002,4.9681999999999995,8.325900000000004,1.812100000000001,128.5635,214.5167,255.35831250000004,4.799125,7.7032375,2.246975,133.820675,-0.11385292546989689,0.0728183673241156
120.9,23.85,228.7538,SSP5-8.5,2081-2100,101.0747,209.13060000000002,262.15329999999994,4.550599999999999,7.865500000000004,2.3827999999999996,133.16150000000002,211.8736,260.5354000000001,4.754249999999999,7.454325000000001,1.8021625,132.4543375,-0.11385292546989689,0.13601414769390704
120.9,23.9,212.2855,SSP5-8.5,2081-2100,102.8458,206.8616,326.64639999999986,4.725199999999997,4.0638000000000005,1.3138000000000005,133.09040000000002,210.4669375,256.52077499999996,4.7538124999999996,7.2545375000000005,1.6859999999999995,133.5889375,-0.11385292546989689,0.19920992806369398
120.9,23.95,225.6764,SSP5-8.5,2081-2100,99.9291,205.2827,326.6657,5.040900000000001,4.127600000000001,0.9466000000000001,130.25,207.9429,277.4102875,4.947612499999999,6.722837500000001,1.583175,132.1627375,-0.11385292546989689,0.26240570843348543
120.9,24.0,219.0071,SSP5-8.5,2081-2100,86.45840000000001,206.332,296.1697999999999,5.170400000000001,7.820699999999995,0.8172000000000015,130.4058,207.8186375,290.17162499999995,5.2706,6.8176625,1.4006375000000002,131.7882125,-0.11385292546989689,0.32560148880327683
120.9,24.05,219.5285,SSP5-8.5,2081-2100,90.9606,207.59720000000002,271.38279999999986,5.046299999999999,7.5535,0.7552000000000003,130.67690000000002,207.0004,304.98635,5.6976375,7.76615,1.4053750000000005,131.508425,-0.11385292546989689,0.3887972691730683
120.9,24.1,217.7921,SSP5-8.5,2081-2100,104.76150000000001,207.42929999999998,293.4857999999999,5.986000000000001,9.048300000000005,1.3396999999999988,132.0154,205.78401250000002,311.1836875,5.950324999999999,7.446762499999999,1.5344750000000005,130.41202500000003,-0.11385292546989689,0.4519930495428597
120.9,24.15,240.1689,SSP5-8.5,2081-2100,108.72469999999998,205.9293,299.4787000000001,6.125899999999998,7.322400000000002,1.9724000000000004,130.575,202.98682499999998,328.80725,6.115475,6.9540875,1.6825375000000002,127.14374999999998,-0.11385292546989689,0.5151888299126467
120.9,24.2,251.3502,SSP5-8.5,2081-2100,94.35150000000002,201.8632,376.83719999999994,5.883700000000001,5.603400000000001,1.1999999999999993,126.36729999999999,199.82887499999998,317.89672500000006,6.1019499999999995,5.6122875,1.9620625000000003,123.0081625,-0.11385292546989689,0.578384610282438
120.9,24.25,255.4906,SSP5-8.5,2081-2100,94.61120000000003,202.7498,325.72170000000006,5.7958,3.8637999999999977,2.1431000000000004,125.96919999999999,197.7472,319.71393750000004,6.052275,4.394387500000001,1.5429000000000004,121.45457499999999,-0.11385292546989689,0.6415803906522295
120.9,24.3,263.9308,SSP5-8.5,2081-2100,92.79170000000005,201.2087,305.2374,6.229099999999999,3.1086000000000027,1.3190000000000008,126.72120000000001,196.37845,316.85531249999997,6.060912499999999,3.6879375000000003,1.4780250000000001,121.219,-0.11385292546989689,0.704776171022021
120.9,24.35,270.9366,SSP5-8.5,2081-2100,92.20049999999998,198.1139,313.2350999999999,6.253599999999999,3.5551999999999992,1.4603000000000002,123.7923,196.00585,305.6312374999999,6.036637499999999,4.559900000000002,1.3280250000000002,121.91107500000001,-0.11385292546989689,0.7679719513918124
120.9,24.4,263.7339,SSP5-8.5,2081-2100,85.9495,196.56029999999998,268.10109999999986,5.870899999999999,7.372400000000006,1.7241,123.15390000000001,194.1233,308.52233749999994,5.944312499999999,5.548274999999999,1.269175,119.75985000000001,-0.11385292546989689,0.8311677317615993
120.9,24.45,234.5316,SSP5-8.5,2081-2100,84.12789999999998,193.3197,295.5050000000001,5.775199999999998,8.179299999999998,1.2241,119.7827,192.3047,275.8440374999999,5.671575,6.630162499999999,1.2247750000000002,117.691575,-0.11385292546989689,0.8943635121313908
120.9,24.5,247.5951,SSP5-8.5,2081-2100,76.22519999999997,191.3799,253.98530000000005,5.6752,7.512099999999997,1.0809999999999995,118.4519,189.97495000000004,248.5291375,5.29205,6.570249999999999,0.6909374999999998,115.17885,-0.11385292546989689,0.9575592925011822
120.9,24.55,236.4759,SSP5-8.5,2081-2100,51.66459999999998,187.5814,197.9402,4.881699999999999,7.494799999999998,-0.10000000000000142,113.14620000000001,187.45170000000002,211.17436250000006,5.0524625,6.186425,0.4420124999999996,113.1790875,-0.11385292546989689,1.0207550728709736
120.9,24.6,207.7669,SSP5-8.5,2081-2100,42.607200000000006,184.7117,174.3927000000001,4.847300000000001,5.515500000000003,0.1620999999999988,110.8327,185.611675,196.78592500000005,4.8085375,6.4469875,0.08618749999999942,111.56275,-0.11385292546989689,1.0839508532407651
120.9,24.65,186.1524,SSP5-8.5,2081-2100,37.669099999999986,184.4955,180.17150000000015,4.7498000000000005,5.562099999999994,0.4585999999999997,110.80189999999999,185.40542499999998,199.25511250000005,4.5643375,6.503225000000001,-0.005825000000000191,110.5603375,-0.11385292546989689,1.147146633610552
120.9,24.7,162.078,SSP5-8.5,2081-2100,36.473600000000005,187.3556,190.02760000000012,4.240600000000001,7.424100000000003,-0.7516999999999996,109.7635,185.8148625,192.844075,4.164125,4.179312500000001,0.00990000000000002,110.80406249999999,-0.11385292546989689,1.2103424139803434
120.9,24.75,129.2189,SSP5-8.5,2081-2100,39.3648,189.4421,153.54989999999998,2.9397,3.889700000000005,-0.23100000000000076,112.2038,187.0228875,177.11292500000002,3.7486250000000005,3.8045125000000013,-0.10862499999999997,110.8011875,-0.11385292546989689,1.273538194350135
120.9,24.8,125.7672,SSP5-8.5,2081-2100,37.32329999999999,187.87369999999999,158.93860000000018,3.3360999999999983,5.703400000000002,-0.13450000000000006,111.0385,186.87313749999998,161.04055,3.4870875000000003,3.503237500000001,-0.2068875000000001,110.8461375,-0.11385292546989689,1.3367339747199263
120.9,24.85,123.3388,SSP5-8.5,2081-2100,38.15079999999999,187.5981,162.04219999999987,3.4679,4.194800000000001,-0.5983,111.7115,185.6618375,152.66955000000002,3.3084499999999997,5.5797500000000015,-0.1366250000000001,110.1226,-0.11385292546989689,1.3999297550897176
120.95,22.45,244.9499,SSP5-8.5,2081-2100,39.37039999999996,202.2685,303.00880000000006,5.201799999999999,16.999999999999996,3.4776000000000007,112.9058,193.070925,371.98856250000006,5.8043499999999995,18.3987,3.6506375,108.4591375,-0.008159085388675564,-1.6334677026602307
120.95,22.5,240.3232,SSP5-8.5,2081-2100,43.10589999999999,190.92249999999999,318.98,5.420399999999997,17.3379,3.6310000000000002,104.87689999999999,191.9629,364.5888750000001,5.845337499999999,18.127775000000003,3.4831875,106.8074625,-0.008159085388675564,-1.570271922290439
120.95,22.55,251.542,SSP5-8.5,2081-2100,38.35560000000001,193.92880000000002,331.92920000000026,5.316800000000001,17.215500000000002,3.0740999999999996,108.1269,193.0704375,341.7786375000002,5.69065,16.2958875,3.4084,107.218275,-0.008159085388675564,-1.5070761419206478
120.95,22.6,286.5512,SSP5-8.5,2081-2100,37.45980000000003,195.8947,320.3904000000002,5.2646000000000015,15.430999999999997,3.9707,109.82499999999999,194.20065,345.83061250000014,5.7561,15.504937500000002,3.1836124999999997,108.02885,-0.008159085388675564,-1.4438803615508562
120.95,22.65,375.6943,SSP5-8.5,2081-2100,48.137,193.29049999999998,320.1216000000004,5.621299999999998,11.151700000000002,3.8276000000000003,108.8385,191.5281875,361.9194250000001,5.9072499999999994,14.1607625,3.3868499999999995,107.39518749999999,-0.008159085388675564,-1.3806845811810693
120.95,22.7,384.2909,SSP5-8.5,2081-2100,55.97799999999995,191.22369999999998,375.9553000000001,5.8969999999999985,9.758600000000001,3.734499999999999,107.9154,184.29475,372.0560375000001,6.053125,13.5952375,3.3646624999999997,104.15721249999999,-0.008159085388675564,-1.317488800811278
120.95,22.75,337.9073,SSP5-8.5,2081-2100,44.394499999999994,190.0936,359.8152,6.123899999999999,12.030999999999999,3.1586,109.5577,172.33248749999998,380.92376250000007,6.1443625,13.499775,3.2853499999999993,96.7733125,-0.008159085388675564,-1.2542930204414864
120.95,22.8,285.5942,SSP5-8.5,2081-2100,48.23610000000002,151.5412,353.9104,6.3652000000000015,13.327599999999997,2.9655000000000005,82.9731,176.86942500000004,377.7119,6.3321875,14.049987499999999,2.9402999999999992,100.2514375,-0.008159085388675564,-1.191097240071695
120.95,22.85,255.1593,SSP5-8.5,2081-2100,55.32879999999997,194.5235,358.30680000000007,6.472100000000001,14.967199999999998,2.6448,111.9673,170.67208750000003,396.5714499999999,6.5998125000000005,14.0008625,2.798275,96.2562375,-0.008159085388675564,-1.1279014597019037
120.95,22.9,236.5576,SSP5-8.5,2081-2100,64.00039999999998,185.0207,416.4270999999999,6.9678,14.491399999999999,2.5776000000000003,107.325,165.36767500000002,457.35215,6.9884,13.1103375,2.6517250000000003,91.1088875,-0.008159085388675564,-1.0647056793321166
120.95,22.95,234.3535,SSP5-8.5,2081-2100,90.88260000000002,127.78099999999999,558.4711000000002,7.760400000000001,12.0655,2.279300000000001,59.9481,150.59455,516.83625,7.3248125,12.616800000000001,2.6478375000000005,80.6028625,-0.008159085388675564,-1.0015098989623252
120.95,23.0,232.8915,SSP5-8.5,2081-2100,105.54899999999998,104.237,625.9996000000001,8.0928,14.006899999999998,2.674100000000001,47.028800000000004,131.2491125,548.2507125000001,7.4405125000000005,11.8465375,2.390725,64.460325,-0.008159085388675564,-0.9383141185925338
120.95,23.05,232.9709,SSP5-8.5,2081-2100,96.18260000000001,112.2261,573.3224,7.5462000000000025,12.101699999999994,2.2638,50.151900000000005,132.229675,549.4420500000001,7.39875,11.4999875,2.3215375,66.0841125,-0.008159085388675564,-0.8751183382227424
120.95,23.1,247.647,SSP5-8.5,2081-2100,96.54759999999999,151.3271,554.0786,7.270699999999998,9.631,2.4879,79.0,144.17796249999998,535.3284000000001,7.15835,10.494399999999997,2.2135875,77.09061249999999,-0.008159085388675564,-0.811922557852951
120.95,23.15,269.5686,SSP5-8.5,2081-2100,98.28300000000002,169.9656,546.6514000000002,7.079000000000001,8.491399999999999,1.9379000000000008,100.94619999999999,167.8828375,527.5582125,7.0126875,9.397624999999998,2.3373,96.03796249999999,-0.008159085388675564,-0.748726777483164
120.95,23.2,300.2097,SSP5-8.5,2081-2100,89.56049999999999,187.7058,540.9447999999998,6.847100000000001,8.948299999999996,2.6517,111.2096,179.6361625,516.973075,6.8652999999999995,9.107125,2.3107875,108.600225,-0.008159085388675564,-0.6855309971133726
120.95,23.25,344.9796,SSP5-8.5,2081-2100,93.68889999999999,187.8989,572.6423,6.988299999999999,9.689699999999998,1.7293000000000003,117.8654,186.36393750000002,502.67707499999995,6.7575,8.6207,2.5099124999999995,112.9271375,-0.008159085388675564,-0.6223352167435812
120.95,23.3,332.6699,SSP5-8.5,2081-2100,91.80490000000003,196.6839,566.8838000000001,7.0014,6.789699999999996,2.430999999999999,119.15380000000002,183.526875,480.3582125,6.579437499999999,9.1954875,2.2709124999999997,112.644225,-0.008159085388675564,-0.5591394363737897
120.95,23.35,294.6614,SSP5-8.5,2081-2100,80.18449999999996,186.50560000000002,481.7246,6.4034999999999975,8.884499999999996,2.4689999999999994,114.6692,183.079475,469.7077375,6.4806625,9.025862499999999,2.09915,111.73101249999999,-0.008159085388675564,-0.4959436560039983
120.95,23.4,277.6213,SSP5-8.5,2081-2100,81.97289999999998,186.17880000000002,457.8993999999998,6.061,9.631,2.727599999999999,115.35770000000001,175.984725,458.21915,6.258675,8.6786625,1.9302,107.756975,-0.008159085388675564,-0.43274787563421135
120.95,23.45,284.7185,SSP5-8.5,2081-2100,95.52440000000001,145.5749,500.6201000000001,6.1328,7.0379000000000005,2.141400000000001,91.7904,183.96905,443.9882124999999,5.9660125,7.775000000000001,1.9969999999999999,113.0052875,-0.008159085388675564,-0.3695520952644199
120.95,23.5,293.0801,SSP5-8.5,2081-2100,108.40179999999998,184.7141,500.6599000000001,5.879899999999999,4.913800000000002,2.1845,115.2673,188.4960875,409.29176250000006,5.5785,7.4549625000000015,2.2336375,116.19807499999999,-0.008159085388675564,-0.3063563148946285
120.95,23.55,264.764,SSP5-8.5,2081-2100,91.0693,210.4744,386.89530000000013,5.289899999999999,7.191400000000002,2.9758999999999993,129.75,198.0392375,373.63268750000003,5.2995125000000005,7.729100000000002,2.1875124999999995,122.808175,-0.008159085388675564,-0.24316053452483705
120.95,23.6,284.1808,SSP5-8.5,2081-2100,85.50720000000001,183.5154,357.31179999999995,5.3614,8.487900000000003,2.2223999999999986,113.1058,210.688025,339.38935000000004,5.1146625,8.052375000000001,2.4931124999999996,130.986525,-0.008159085388675564,-0.17996475415504562
120.95,23.65,282.0884,SSP5-8.5,2081-2100,72.30720000000002,200.06029999999998,345.35689999999977,5.361000000000001,6.893099999999997,2.206900000000001,124.1019,209.05975,327.85911250000004,5.131562499999999,8.1808125,2.281675,130.699275,-0.008159085388675564,-0.11676897378525869
120.95,23.7,267.0414,SSP5-8.5,2081-2100,66.96370000000002,192.7487,336.4585000000002,5.356000000000002,6.989699999999999,2.0448000000000004,120.64229999999999,213.8433875,301.99435000000005,5.0453624999999995,8.155375,2.2846750000000005,134.5552875,-0.008159085388675564,-0.053573193415467256
120.95,23.75,234.9577,SSP5-8.5,2081-2100,64.31020000000001,215.2545,267.4985999999999,4.930299999999999,8.201699999999995,1.858600000000001,136.4923,211.7005375,274.6234750000001,4.92835,8.757112500000002,2.1480500000000005,132.7981,-0.008159085388675564,0.009622586954324176
120.95,23.8,217.9916,SSP5-8.5,2081-2100,78.23079999999999,216.85049999999998,231.06280000000015,4.621400000000001,8.803400000000003,2.3569000000000013,135.62890000000002,212.03992499999998,232.99226249999998,4.7232,8.95475,1.9461125000000001,133.1105875,-0.008159085388675564,0.0728183673241156
120.95,23.85,229.2761,SSP5-8.5,2081-2100,99.42639999999997,216.3978,197.51759999999967,4.554400000000001,9.475899999999996,0.9171999999999993,137.30190000000002,208.7022,224.05985000000007,4.595525,8.635125000000002,1.7683375000000001,130.413475,-0.008159085388675564,0.13601414769390704
120.95,23.9,196.9245,SSP5-8.5,2081-2100,94.6018,204.6695,215.2185000000004,4.515499999999999,8.450000000000003,1.3706999999999994,128.8115,207.4225,232.62546249999994,4.6318874999999995,8.0450375,1.3931124999999998,130.422125,-0.008159085388675564,0.19920992806369398
120.95,23.95,185.3342,SSP5-8.5,2081-2100,90.45609999999999,207.2772,261.08219999999983,4.803799999999999,8.381,1.2447999999999997,129.3981,205.8484125,269.8559,4.8287249999999995,7.8575375,1.328025,129.896875,-0.008159085388675564,0.26240570843348543
120.95,24.0,189.1248,SSP5-8.5,2081-2100,82.83050000000003,206.3074,302.5473999999999,4.780799999999999,7.0534000000000034,1.8034,131.7942,206.106525,303.0722875,5.2166999999999994,7.574999999999999,1.2834125000000003,129.75048750000002,-0.008159085388675564,0.32560148880327683
120.95,24.05,208.9561,SSP5-8.5,2081-2100,104.13810000000001,205.8991,317.4603000000002,5.3142,5.858599999999996,1.475900000000001,131.0231,205.6468125,338.599925,5.7208875,7.613575,1.3219750000000001,129.45023750000001,-0.008159085388675564,0.3887972691730683
120.95,24.1,221.9666,SSP5-8.5,2081-2100,120.91999999999999,203.7268,344.6577000000002,6.246400000000001,7.110299999999995,0.9379000000000008,127.98079999999999,202.604625,352.81675,6.10225,7.4137875,1.44785,125.6649,-0.008159085388675564,0.4519930495428597
120.95,24.15,244.2324,SSP5-8.5,2081-2100,121.24569999999997,198.27929999999998,348.5749999999998,6.3704,6.453400000000002,1.8447999999999993,122.0269,199.9074625,368.31320000000005,6.3269,7.256674999999999,1.3984875,121.57692499999999,-0.008159085388675564,0.5151888299126467
120.95,24.2,259.8112,SSP5-8.5,2081-2100,123.50600000000003,194.62800000000001,348.2723000000001,6.4952000000000005,5.425899999999999,1.272400000000001,112.625,193.46067499999998,364.40476250000006,6.340949999999999,6.7321124999999995,1.5359875,115.084125,-0.008159085388675564,0.578384610282438
120.95,24.25,269.7017,SSP5-8.5,2081-2100,120.47519999999997,185.7446,331.26099999999997,6.654999999999998,5.005200000000002,1.398299999999999,104.6673,192.2994875,352.2295500000001,6.299625000000001,5.728875,1.3689625000000005,114.2204375,-0.008159085388675564,0.6415803906522295
120.95,24.3,302.1375,SSP5-8.5,2081-2100,112.0041,196.0835,306.0852,6.3811,4.4310000000000045,1.225900000000001,119.4539,188.980975,335.68458749999996,6.2892875,4.793762500000001,1.2909500000000003,111.5201875,-0.008159085388675564,0.704776171022021
120.95,24.35,321.8954,SSP5-8.5,2081-2100,95.79140000000001,193.8207,343.73049999999967,6.0199,3.1052000000000035,1.3276000000000003,117.85000000000001,190.849225,301.2425124999999,6.03185,5.477150000000002,1.2724125000000006,114.42212500000001,-0.008159085388675564,0.7679719513918124
120.95,24.4,287.059,SSP5-8.5,2081-2100,92.20519999999999,190.9205,273.2675999999997,5.798399999999997,7.536200000000001,1.206900000000001,114.54230000000001,189.9000625,298.37827499999986,5.73355,5.6159625,1.3146500000000003,113.94832500000001,-0.008159085388675564,0.8311677317615993
120.95,24.45,301.5276,SSP5-8.5,2081-2100,103.79680000000002,191.6301,294.4029999999998,5.7158000000000015,7.393099999999997,1.2706999999999997,115.44040000000001,187.63482499999998,264.61055,5.5186625,7.096774999999999,1.2116250000000006,112.52645000000001,-0.008159085388675564,0.8943635121313908
120.95,24.5,291.8077,SSP5-8.5,2081-2100,95.46019999999999,187.8945,241.98849999999993,5.3842,5.979299999999995,1.0517000000000003,113.8923,186.693725,235.4318625,5.337325,7.243974999999999,0.7655125,111.48175,-0.008159085388675564,0.9575592925011822
120.95,24.55,261.5396,SSP5-8.5,2081-2100,53.69419999999997,188.89090000000002,179.3406,5.120100000000001,4.172400000000003,-0.04830000000000112,113.9135,185.153675,198.40127500000006,5.044675,7.382974999999998,0.5305999999999997,110.97670000000001,-0.008159085388675564,1.0207550728709736
120.95,24.6,233.6375,SSP5-8.5,2081-2100,46.25389999999999,182.5989,162.41540000000032,4.779999999999998,5.620699999999999,0.37239999999999895,110.3558,184.9959375,188.04445,4.7830625,6.7767124999999995,0.19934999999999936,111.2930375,-0.008159085388675564,1.0839508532407651
120.95,24.65,207.5133,SSP5-8.5,2081-2100,42.0814,182.0027,216.9849999999999,4.634399999999999,6.5017,-0.09999999999999964,109.8769,184.63225,189.48466250000007,4.51065,6.449775,0.03964999999999963,110.7334125,-0.008159085388675564,1.147146633610552
120.95,24.7,171.6327,SSP5-8.5,2081-2100,40.62459999999999,187.3051,219.43219999999997,4.139099999999999,5.198300000000003,-0.12069999999999936,111.35379999999999,185.1153875,183.32517500000003,4.108925,4.015725000000001,-0.09633750000000019,110.6696875,-0.008159085388675564,1.2103424139803434
120.95,24.75,131.9503,SSP5-8.5,2081-2100,41.00319999999999,187.48590000000002,150.5077000000001,3.4772000000000034,-9.205199999999998,0.12239999999999984,111.1365,186.650775,176.15430000000003,3.6980375,5.555612500000001,-0.23986249999999987,110.792775,-0.008159085388675564,1.273538194350135
120.95,24.8,131.9864,SSP5-8.5,2081-2100,40.427099999999996,187.4051,160.98000000000002,3.1857000000000006,5.889699999999998,0.0052000000000003155,110.6442,186.5221125,154.5455375,3.3999125,3.3812500000000014,-0.12823750000000023,110.865375,-0.008159085388675564,1.3367339747199263
120.95,24.85,128.2105,SSP5-8.5,2081-2100,38.8331,185.4547,143.35469999999987,3.1629000000000005,6.25,-0.07760000000000034,110.41539999999999,184.695925,153.29757500000002,3.4172124999999998,5.544612500000001,-0.261625,109.80913749999999,-0.008159085388675564,1.3999297550897176
120.95,24.9,128.708,SSP5-8.5,2081-2100,39.80520000000001,184.3632,169.9887000000001,3.7215999999999987,2.8000000000000043,-0.2740999999999998,109.2885,182.90085,146.75646249999997,3.3970250000000006,6.9030125,-0.24180000000000001,109.10432499999999,-0.008159085388675564,1.4631255354595045
121.0,22.55,233.2394,SSP5-8.5,2081-2100,33.58240000000001,198.10829999999999,320.4290000000001,5.381,17.7086,2.7345000000000006,108.57310000000001,192.68948749999998,348.8388500000001,5.659375,16.746962500000002,3.389425,107.0021625,0.09753475469254576,-1.5070761419206478
121.0,22.6,228.2414,SSP5-8.5,2081-2100,34.01659999999998,198.6933,321.7899,5.436600000000002,16.441399999999998,2.7310000000000008,108.73649999999999,195.5634125,343.05237500000015,5.608325,15.4670125,3.2849125,108.997125,0.09753475469254576,-1.4438803615508562
121.0,22.65,255.3947,SSP5-8.5,2081-2100,42.04559999999998,194.42239999999998,365.10310000000004,5.435299999999998,15.253400000000003,3.3362,107.55579999999999,195.38915,343.1053875000001,5.79625,14.3120625,3.2351374999999996,108.81609999999999,0.09753475469254576,-1.3806845811810693
121.0,22.7,283.8308,SSP5-8.5,2081-2100,43.49349999999998,196.6205,408.68730000000005,5.6309000000000005,15.6845,3.7189999999999994,109.50959999999999,194.8117125,353.5906000000001,5.856074999999999,13.884687500000002,3.1258624999999993,108.86515,0.09753475469254576,-1.317488800811278
121.0,22.75,295.801,SSP5-8.5,2081-2100,46.89019999999999,199.47390000000001,424.5215000000003,6.026300000000003,14.5138,3.5775999999999994,113.9827,189.42,371.3362625000001,6.097424999999999,13.6773625,3.1336124999999995,105.8074375,0.09753475469254576,-1.2542930204414864
121.0,22.8,290.8779,SSP5-8.5,2081-2100,47.134000000000015,196.7216,384.88020000000006,6.360599999999998,12.617199999999997,3.280999999999999,113.6288,190.5975875,387.5617375,6.47315,14.0047375,2.94955,107.71561249999999,0.09753475469254576,-1.191097240071695
121.0,22.85,280.0154,SSP5-8.5,2081-2100,57.7953,196.29700000000003,396.77729999999974,7.0549,12.441400000000002,2.5138,112.66919999999999,189.2299375,427.1600874999999,6.9114375,13.549137499999999,2.9204624999999997,107.9221,0.09753475469254576,-1.1279014597019037
121.0,22.9,269.019,SSP5-8.5,2081-2100,88.88330000000002,189.27710000000002,519.1134999999999,7.761399999999998,10.863800000000005,2.7431,109.6288,175.47166249999998,493.863975,7.3896375,12.5840625,2.7672375000000002,97.18244999999999,0.09753475469254576,-1.0647056793321166
121.0,22.95,260.8454,SSP5-8.5,2081-2100,129.44890000000004,132.54770000000002,680.4646000000002,8.363299999999999,8.200000000000003,3.1362000000000005,63.5981,163.1019375,549.8885,7.7426,12.1170375,2.6510625,88.92954999999999,0.09753475469254576,-1.0015098989623252
121.0,23.0,243.1891,SSP5-8.5,2081-2100,115.55919999999998,133.6934,650.6823999999999,8.391100000000002,8.9862,2.5534,65.9288,140.3992875,577.6881250000001,7.704187500000001,11.5959,2.5045,71.594225,0.09753475469254576,-0.9383141185925338
121.0,23.05,229.3887,SSP5-8.5,2081-2100,99.89309999999998,133.0235,580.7043000000001,7.595500000000001,11.7655,2.0671999999999997,65.1846,148.38365,556.0294125,7.407775000000001,10.878,2.4900624999999996,78.15936250000001,0.09753475469254576,-0.8751183382227424
121.0,23.1,224.4784,SSP5-8.5,2081-2100,94.90619999999998,160.5468,533.2349000000002,6.967700000000001,8.6948,2.6654999999999998,88.30380000000001,157.043275,520.6599875,6.9267,10.613999999999997,2.4885624999999996,85.4625125,0.09753475469254576,-0.811922557852951
121.0,23.15,227.905,SSP5-8.5,2081-2100,88.94230000000002,170.08929999999998,503.2743999999998,6.5472,9.246599999999994,3.0828000000000007,95.6115,176.2359,502.23883750000005,6.6509375,9.9446,2.6387874999999994,101.1254875,0.09753475469254576,-0.748726777483164
121.0,23.2,240.4428,SSP5-8.5,2081-2100,88.90299999999999,183.2188,525.6037000000001,6.745799999999999,9.8017,2.746599999999999,106.0673,183.3046,483.7664249999999,6.4651625,10.3006625,2.6499875,109.4151375,0.09753475469254576,-0.6855309971133726
121.0,23.25,273.4078,SSP5-8.5,2081-2100,79.0924,188.3404,487.5371,6.398299999999999,8.413800000000002,2.9361999999999995,116.2288,181.48222499999997,470.1711875,6.4118125,10.385137499999999,2.6068875,108.9206625,0.09753475469254576,-0.6223352167435812
121.0,23.3,255.5978,SSP5-8.5,2081-2100,56.13599999999997,167.7904,417.8298,6.0183,9.448300000000003,2.424100000000001,100.925,179.938375,442.945175,6.1981125,10.244399999999999,2.4433124999999993,109.4180125,0.09753475469254576,-0.5591394363737897
121.0,23.35,232.374,SSP5-8.5,2081-2100,47.5479,154.5385,369.72929999999997,5.543400000000002,10.801700000000004,1.727599999999999,90.7635,179.779425,417.2257375,5.8912249999999995,9.8349125,2.3364249999999998,108.9824375,0.09753475469254576,-0.4959436560039983
121.0,23.4,219.7043,SSP5-8.5,2081-2100,52.203599999999994,172.68740000000003,369.88109999999983,5.235700000000001,9.351700000000001,1.4620999999999995,104.8654,171.26397500000002,410.86199999999997,5.581824999999999,9.025,2.0920375,103.48965,0.09753475469254576,-0.43274787563421135
121.0,23.45,223.7154,SSP5-8.5,2081-2100,68.93150000000003,165.8321,420.96799999999985,5.153199999999998,6.8759000000000015,1.9413999999999998,97.5788,171.44650000000001,417.5457124999999,5.355325,7.560125000000001,2.0653125,105.049275,0.09753475469254576,-0.3695520952644199
121.0,23.5,235.9735,SSP5-8.5,2081-2100,81.35050000000001,177.69,432.2104999999997,5.084500000000002,5.487900000000003,2.1258999999999997,107.925,174.5776875,408.74473750000004,5.173912499999999,6.500012500000001,2.329525,106.574275,0.09753475469254576,-0.3063563148946285
121.0,23.55,239.3606,SSP5-8.5,2081-2100,83.22650000000002,194.1794,384.00660000000016,5.0075,7.0259,2.7654999999999994,119.1423,185.4572625,381.5788,5.0823624999999995,6.900862500000002,2.2612124999999996,113.85457500000001,0.09753475469254576,-0.24316053452483705
121.0,23.6,244.608,SSP5-8.5,2081-2100,78.68700000000001,208.8991,338.66409999999996,5.191799999999997,8.827600000000004,1.8896999999999995,130.6173,195.76727499999998,345.6809625,5.035450000000001,7.27845,2.2881374999999995,119.9685125,0.09753475469254576,-0.17996475415504562
121.0,23.65,252.8218,SSP5-8.5,2081-2100,67.73349999999999,214.72500000000002,313.1648,5.156200000000002,6.574100000000001,1.8741000000000003,133.2615,199.26282500000002,325.71952500000003,5.1108375,7.91035,1.879525,123.68173750000001,0.09753475469254576,-0.11676897378525869
121.0,23.7,255.6359,SSP5-8.5,2081-2100,61.268399999999986,215.86090000000002,297.41010000000006,5.209,8.236199999999997,1.3879000000000001,136.0923,206.48691250000002,302.3840125,5.0245500000000005,7.882762499999999,1.8689500000000001,129.0603375,0.09753475469254576,-0.053573193415467256
121.0,23.75,236.0405,SSP5-8.5,2081-2100,63.34800000000001,209.50869999999998,260.8733,4.879100000000001,10.096600000000002,1.767199999999999,131.9308,210.27758749999998,266.3538125,4.8746875,8.979087499999999,1.7334000000000003,131.7757375,0.09753475469254576,0.009622586954324176
121.0,23.8,228.8837,SSP5-8.5,2081-2100,74.5497,212.9462,185.3943999999999,4.5823,11.9362,2.0206999999999997,133.55769999999998,210.6732375,224.59038749999996,4.655100000000001,9.1209125,1.602575,131.60002500000002,0.09753475469254576,0.0728183673241156
121.0,23.85,254.3969,SSP5-8.5,2081-2100,98.3312,203.6483,137.10570000000007,4.459600000000002,7.820700000000002,1.9069000000000003,125.7212,207.902825,202.18948750000004,4.529,10.150212499999999,1.4715624999999999,129.07381249999997,0.09753475469254576,0.13601414769390704
121.0,23.9,211.885,SSP5-8.5,2081-2100,92.96699999999998,203.7015,139.5969,4.3414,11.8155,0.9827999999999992,124.7731,203.6156875,219.27288750000008,4.6862375,9.395037499999999,1.44655,126.24664999999999,0.09753475469254576,0.19920992806369398
121.0,23.95,184.7052,SSP5-8.5,2081-2100,95.27210000000002,207.0803,210.23590000000013,4.5792,10.810299999999998,1.4499999999999993,129.6808,201.171,267.28377500000005,4.998774999999999,9.485975,1.5299625,124.8988,0.09753475469254576,0.26240570843348543
121.0,24.0,216.031,SSP5-8.5,2081-2100,115.26510000000002,206.5523,341.7665999999999,5.476399999999998,8.719000000000001,1.9397000000000002,130.3692,200.2279875,314.4518125,5.414087499999999,8.815925,1.5114125,123.6855875,0.09753475469254576,0.32560148880327683
121.0,24.05,236.8337,SSP5-8.5,2081-2100,133.57720000000003,202.83139999999997,399.81500000000005,6.302399999999999,7.3293000000000035,1.6379000000000001,126.2,200.63033750000002,364.589925,5.889725,8.176499999999999,1.4708999999999999,123.51658750000001,0.09753475469254576,0.3887972691730683
121.0,24.1,256.4605,SSP5-8.5,2081-2100,130.3807,204.3981,458.97429999999986,6.758400000000002,6.274099999999997,1.3447999999999993,126.15960000000001,193.4539375,385.49893750000007,6.34085,8.386199999999999,1.30495,115.4586625,0.09753475469254576,0.4519930495428597
121.0,24.15,278.4557,SSP5-8.5,2081-2100,125.30000000000001,188.4733,433.3621000000003,6.9144000000000005,9.470699999999994,1.2121000000000013,106.6423,191.9069,399.6521625,6.575850000000001,7.810562499999999,1.3726124999999998,112.845925,0.09753475469254576,0.5151888299126467
121.0,24.2,281.4165,SSP5-8.5,2081-2100,123.32990000000001,192.8117,391.4375,6.205200000000001,7.798299999999998,1.9085999999999999,110.25,183.0021375,402.05973750000004,6.7770375000000005,7.788587499999999,1.2413750000000001,103.56298749999999,0.09753475469254576,0.578384610282438
121.0,24.25,322.664,SSP5-8.5,2081-2100,132.8383,171.8342,408.5649000000003,6.777200000000001,8.3397,0.6086000000000009,94.175,183.3602875,377.1088875,6.661637500000001,6.70625,1.3948250000000004,103.9528875,0.09753475469254576,0.6415803906522295
121.0,24.3,337.0487,SSP5-8.5,2081-2100,128.21519999999998,177.2168,355.68020000000024,6.629700000000003,7.260300000000001,1.2741000000000007,98.20190000000001,179.9513,350.5720999999999,6.496387500000001,5.587075000000001,1.0424625000000003,101.86177500000001,0.09753475469254576,0.704776171022021
121.0,24.35,312.3891,SSP5-8.5,2081-2100,98.07409999999999,181.15910000000002,302.0458999999996,5.954000000000001,4.112099999999998,0.7965999999999998,100.7846,182.0335375,312.65936249999993,6.1083750000000006,5.679300000000002,1.1362000000000008,104.95335,0.09753475469254576,0.7679719513918124
121.0,24.4,298.9119,SSP5-8.5,2081-2100,88.9753,185.531,286.2876000000001,5.138000000000002,6.441400000000002,1.1724000000000014,108.7269,182.8240875,298.6885374999998,5.7372625,5.5082,1.2092750000000003,105.2800375,0.09753475469254576,0.8311677317615993
121.0,24.45,317.0633,SSP5-8.5,2081-2100,97.23589999999996,179.0657,283.71799999999985,5.141000000000002,4.768999999999998,1.5414000000000012,102.05579999999999,181.7489,269.0239249999999,5.467324999999999,6.878449999999999,1.1400875000000006,105.5524,0.09753475469254576,0.8943635121313908
121.0,24.5,319.3667,SSP5-8.5,2081-2100,92.17660000000001,176.407,214.0313000000001,5.366399999999999,8.984499999999997,0.6914000000000016,99.6058,181.7722375,235.55029999999988,5.2920375,6.9584125,1.0206875,106.1053,0.09753475469254576,0.9575592925011822
121.0,24.55,305.1535,SSP5-8.5,2081-2100,77.983,185.2751,164.53150000000005,5.023199999999999,9.446600000000004,0.4638000000000009,109.4577,181.5608,196.5443125,5.0595125,7.106024999999999,0.7762874999999996,107.041125,0.09753475469254576,1.0207550728709736
121.0,24.6,252.4526,SSP5-8.5,2081-2100,66.7014,185.3809,177.92529999999988,4.3994,8.510299999999994,0.5223999999999993,112.0712,183.489625,187.64042500000005,4.7944875,6.9127125000000005,0.5967624999999994,109.8173125,0.09753475469254576,1.0839508532407651
121.0,24.65,214.3513,SSP5-8.5,2081-2100,47.866799999999984,181.6293,213.0688,4.608599999999999,7.010300000000001,0.2361999999999984,110.2442,183.4085,194.11156250000005,4.4079,6.4866375,0.3400874999999999,110.52427499999999,0.09753475469254576,1.147146633610552
121.0,24.7,179.7886,SSP5-8.5,2081-2100,42.637,183.58100000000002,198.4438,4.320399999999999,6.756900000000002,-0.5620999999999992,110.4442,183.40455,188.6823375,4.13295,3.7336125000000004,0.1006499999999999,110.4605625,0.09753475469254576,1.2103424139803434
121.0,24.75,146.3956,SSP5-8.5,2081-2100,43.62989999999999,184.93099999999998,163.84709999999995,3.9007000000000005,4.1861999999999995,0.05689999999999973,110.8865,184.3210875,174.274,3.8397,3.6644500000000013,-0.1540874999999997,110.4398875,0.09753475469254576,1.273538194350135
121.0,24.8,140.3764,SSP5-8.5,2081-2100,45.75640000000001,185.3126,164.01520000000005,3.5219999999999985,5.396599999999999,-0.18100000000000005,110.0077,183.9652875,151.04716249999998,3.5706250000000006,3.468537500000001,-0.14029999999999998,110.1358125,0.09753475469254576,1.3367339747199263
121.0,24.85,133.1036,SSP5-8.5,2081-2100,43.5308,184.0788,140.10889999999995,3.392800000000001,6.634500000000003,0.017199999999999882,109.5231,182.8250125,150.40225,3.5053375,6.013587500000001,-0.16764999999999997,109.25744999999999,0.09753475469254576,1.3999297550897176
121.0,24.9,136.3656,SSP5-8.5,2081-2100,38.3922,181.3645,130.42039999999997,3.206800000000001,8.074100000000001,-0.21720000000000006,107.8596,179.8280625,154.085275,3.5808750000000003,6.9829625,-0.09696249999999995,107.8651625,0.09753475469254576,1.4631255354595045
121.0,24.95,138.7093,SSP5-8.5,2081-2100,34.56359999999998,180.53609999999998,149.9493,3.447400000000002,9.460299999999997,-0.5671999999999997,107.1712,178.2170625,150.0928875,3.61595,7.283825000000002,-0.06119999999999992,106.86489999999999,0.09753475469254576,1.526321315829296
121.0,25.0,142.3879,SSP5-8.5,2081-2100,31.698499999999996,176.2718,125.24299999999994,3.493000000000002,10.013800000000003,-0.5897000000000006,104.89229999999999,175.6089875,165.21726249999998,3.8250000000000006,7.5430875,-0.28791249999999957,105.584375,0.09753475469254576,1.5895170961990874
121.05,22.65,227.0661,SSP5-8.5,2081-2100,33.52999999999997,197.6168,302.7422999999999,5.887599999999999,17.077599999999997,2.329299999999999,110.05,196.06493749999998,340.91572500000007,5.702087499999999,15.236200000000002,3.101725,108.4550375,0.2032285947737671,-1.3806845811810693
121.05,22.7,229.6971,SSP5-8.5,2081-2100,33.66920000000002,196.5718,327.66070000000013,5.8370999999999995,15.227600000000002,2.3896999999999995,107.0519,196.31437499999998,361.4284625,5.9178,15.0387875,3.0105625,109.49615,0.2032285947737671,-1.317488800811278
121.05,22.75,241.0917,SSP5-8.5,2081-2100,38.44540000000001,195.801,352.80510000000004,6.020099999999999,16.0638,2.6533999999999995,105.9692,197.07015,378.0145500000001,6.1407750000000005,14.6200375,2.9588374999999996,110.60935,0.2032285947737671,-1.2542930204414864
121.05,22.8,266.0909,SSP5-8.5,2081-2100,47.35200000000003,196.7866,406.97590000000014,6.544600000000003,14.708599999999997,3.1672000000000002,109.8538,195.30125,394.49735,6.465975,13.978875,2.8609875,110.20598749999999,0.2032285947737671,-1.191097240071695
121.05,22.85,291.6802,SSP5-8.5,2081-2100,54.6927,200.26389999999998,447.3816999999997,7.178100000000001,13.9845,2.9154999999999998,114.75189999999999,192.3235625,426.02201249999996,6.9066624999999995,13.699137499999999,2.8439624999999995,108.71945,0.2032285947737671,-1.1279014597019037
121.05,22.9,281.962,SSP5-8.5,2081-2100,73.02539999999999,199.70489999999998,530.2850999999998,7.6417,13.4328,3.068999999999999,113.2481,181.22492499999998,475.31767499999995,7.25205,12.943975000000002,2.7900875,100.62089999999999,0.2032285947737671,-1.0647056793321166
121.05,22.95,248.7601,SSP5-8.5,2081-2100,88.23980000000003,167.63459999999998,562.7981,7.678799999999999,11.0897,3.0017000000000005,93.9519,178.4960875,521.951225,7.4654875,12.446337500000002,2.7864125,98.437975,0.2032285947737671,-1.0015098989623252
121.05,23.0,231.4066,SSP5-8.5,2081-2100,85.2825,197.4668,535.3311000000001,7.6468000000000025,12.0,2.3103,114.3769,159.12743749999998,534.464025,7.249575,11.4415875,2.6915750000000003,85.095425,0.2032285947737671,-0.9383141185925338
121.05,23.05,226.0089,SSP5-8.5,2081-2100,80.32320000000001,148.2776,504.41380000000004,6.9497,11.537899999999997,2.3034,78.51350000000001,170.1453875,504.73178750000005,6.906075000000001,10.965725,2.5747625,94.3675375,0.2032285947737671,-0.8751183382227424
121.05,23.1,222.386,SSP5-8.5,2081-2100,78.0667,179.2944,471.1725000000001,6.3972000000000016,10.0655,2.662099999999999,101.9712,171.084975,472.61100000000005,6.525312500000001,10.882549999999998,2.672825,95.69206249999999,0.2032285947737671,-0.811922557852951
121.05,23.15,228.6602,SSP5-8.5,2081-2100,73.15970000000002,192.1426,431.66250000000014,6.028100000000002,12.072400000000002,3.1033999999999997,112.3212,182.08089999999999,456.38815,6.371600000000001,10.37285,2.7827624999999996,104.5084,0.2032285947737671,-0.748726777483164
121.05,23.2,215.6993,SSP5-8.5,2081-2100,62.62549999999999,185.68609999999998,414.5622999999998,5.8719,11.851699999999997,2.8552,109.18459999999999,185.8422375,435.2558375,6.3553625,11.35885,2.8749874999999996,109.235075,0.2032285947737671,-0.6855309971133726
121.05,23.25,211.5235,SSP5-8.5,2081-2100,57.2697,184.60809999999998,372.85659999999984,5.961400000000001,13.691400000000002,2.9033999999999995,111.9538,178.769125,415.9157125,6.2003875,11.443312500000001,2.8187499999999996,106.13845,0.2032285947737671,-0.6223352167435812
121.05,23.3,207.615,SSP5-8.5,2081-2100,53.504099999999994,158.2658,350.0462000000002,5.860299999999999,12.860300000000002,3.1137999999999995,95.0058,180.4077125,390.77703749999995,5.9367375,11.097850000000001,2.5978375,108.4798,0.2032285947737671,-0.5591394363737897
121.05,23.35,199.6455,SSP5-8.5,2081-2100,46.34620000000001,182.6658,342.14149999999995,5.4283,10.824100000000001,2.2362,109.7038,177.8336875,376.26283749999993,5.6249875000000005,10.739437500000001,2.4034625,106.80553749999999,0.2032285947737671,-0.4959436560039983
121.05,23.4,191.6569,SSP5-8.5,2081-2100,47.8732,187.4577,351.3995,5.121299999999998,10.889699999999998,1.8276000000000003,112.1788,178.8936875,375.56649999999996,5.256387500000001,9.132112500000002,2.0795375,106.9228375,0.2032285947737671,-0.43274787563421135
121.05,23.45,190.2957,SSP5-8.5,2081-2100,56.45489999999998,161.3584,362.4136000000001,4.8111,7.255200000000002,1.6654999999999998,95.875,177.197725,382.00603749999993,4.9726625,8.060562500000001,2.064025,106.68845,0.2032285947737671,-0.3695520952644199
121.05,23.5,195.1576,SSP5-8.5,2081-2100,61.80250000000001,155.9107,365.2815999999998,4.5162999999999975,5.913800000000002,2.3879,97.13459999999999,175.0613,379.76587499999994,4.796375,6.848287500000001,2.1390124999999998,104.560575,0.2032285947737671,-0.3063563148946285
121.05,23.55,201.5322,SSP5-8.5,2081-2100,65.83850000000001,178.5775,349.1127999999999,4.6006,5.786200000000001,2.5740999999999996,106.05579999999999,176.423775,361.4659625,4.7548375,7.189450000000002,2.1105625000000003,107.009375,0.2032285947737671,-0.24316053452483705
121.05,23.6,207.0804,SSP5-8.5,2081-2100,64.7783,183.8769,322.49440000000027,4.734500000000001,8.598300000000002,1.7293000000000003,110.9808,186.4502625,336.5398875,4.8029875,7.4732875000000005,2.12585,113.27980000000001,0.2032285947737671,-0.17996475415504562
121.05,23.65,216.5508,SSP5-8.5,2081-2100,60.88239999999999,200.7293,307.1051,4.772500000000001,7.6706999999999965,1.9568999999999992,123.35,193.5863375,317.4871375000001,4.8919,7.967675000000001,1.7902875000000003,118.9701875,0.2032285947737671,-0.11676897378525869
121.05,23.7,233.9575,SSP5-8.5,2081-2100,57.968800000000016,208.412,300.9553000000001,4.900499999999997,7.5793000000000035,1.5983,130.5635,201.1235,302.521025,4.8437,8.223925,1.7359625,124.26826249999999,0.2032285947737671,-0.053573193415467256
121.05,23.75,243.289,SSP5-8.5,2081-2100,62.16550000000001,210.4568,287.65959999999995,4.8408000000000015,9.056899999999999,1.6448,132.1404,205.44545,271.1902125,4.703687499999999,9.208612500000001,1.5857625,126.92765,0.2032285947737671,0.009622586954324176
121.05,23.8,226.6518,SSP5-8.5,2081-2100,64.42909999999998,209.6911,224.3911999999998,4.557200000000002,11.0293,0.9551999999999996,129.08849999999998,200.7300125,237.49314999999999,4.5682375,9.282325,1.5430875000000002,122.7394375,0.2032285947737671,0.0728183673241156
121.05,23.85,227.46,SSP5-8.5,2081-2100,75.91060000000002,203.5782,190.61430000000018,4.398,8.482799999999997,1.4138000000000002,124.4962,198.0113375,217.7281375,4.5786875,10.480587499999999,1.2894500000000002,119.72717499999999,0.2032285947737671,0.13601414769390704
121.05,23.9,222.2441,SSP5-8.5,2081-2100,82.04770000000002,195.3878,233.7202000000002,4.6617999999999995,11.208599999999997,1.7552000000000003,118.9327,194.9643625,235.92921250000006,4.837275,9.9877,1.0926750000000003,117.6639625,0.2032285947737671,0.19920992806369398
121.05,23.95,236.7169,SSP5-8.5,2081-2100,110.60539999999997,190.88639999999998,308.68870000000015,5.517599999999998,10.530999999999999,1.5138000000000016,115.6308,196.68908749999997,279.49512500000003,5.1705375,10.2527875,1.2506624999999998,119.7798125,0.2032285947737671,0.26240570843348543
121.05,24.0,249.6501,SSP5-8.5,2081-2100,120.00119999999998,194.5859,335.64969999999994,5.892900000000001,9.729300000000002,1.6292999999999989,119.48079999999999,194.1647,333.887175,5.656162499999999,9.7273625,1.2629374999999998,117.01898750000001,0.2032285947737671,0.32560148880327683
121.05,24.05,247.8418,SSP5-8.5,2081-2100,127.45570000000001,186.95620000000002,380.1352999999999,6.121799999999997,10.834499999999998,1.3361999999999998,106.2769,195.2000375,379.05202499999996,6.1059,9.0209125,1.2762999999999995,117.2110625,0.2032285947737671,0.3887972691730683
121.05,24.1,264.8585,SSP5-8.5,2081-2100,134.64910000000003,196.61690000000002,435.5281,6.526900000000001,9.832799999999999,1.299999999999999,115.0481,185.40407499999998,402.47112500000003,6.4859125,9.373925,0.9685374999999998,106.7115375,0.2032285947737671,0.4519930495428597
121.05,24.15,276.5115,SSP5-8.5,2081-2100,125.428,164.8485,424.4580000000001,6.930299999999999,10.200000000000003,0.694799999999999,88.4712,184.29501249999998,422.8099625,6.644687500000002,9.000012499999997,1.207125,105.0202,0.2032285947737671,0.5151888299126467
121.05,24.2,296.6736,SSP5-8.5,2081-2100,132.9776,179.9459,445.31439999999975,7.074000000000002,9.389699999999998,1.6776,100.2058,175.377125,431.8123000000001,6.734975,8.976074999999998,1.1069000000000002,96.55265,0.2032285947737671,0.578384610282438
121.05,24.25,308.0691,SSP5-8.5,2081-2100,133.745,180.26330000000002,476.6702,6.999800000000004,8.024099999999997,1.2224000000000004,99.6904,173.0551,402.1379,6.6581375000000005,7.917237499999999,1.2172375000000004,95.25432500000001,0.2032285947737671,0.6415803906522295
121.05,24.3,333.5907,SSP5-8.5,2081-2100,144.1463,160.1885,362.1502999999998,6.853100000000001,6.3155,1.1793000000000013,86.5288,172.1293125,359.9238,6.439212500000001,6.5599,0.8420125000000003,94.3651375,0.2032285947737671,0.704776171022021
121.05,24.35,308.0292,SSP5-8.5,2081-2100,127.96050000000002,170.5165,274.0688,6.3309999999999995,5.363800000000005,0.5809999999999995,91.7442,171.80720000000002,306.9383625,6.00295,5.6333875,0.9816750000000007,95.4680125,0.2032285947737671,0.7679719513918124
121.05,24.4,289.6841,SSP5-8.5,2081-2100,101.60989999999998,181.9908,300.00469999999996,5.715799999999998,4.981000000000002,1.1224000000000007,102.5788,173.17362500000002,283.154275,5.6183375,5.139875,1.1383625000000004,96.5314875,0.2032285947737671,0.8311677317615993
121.05,24.45,294.0646,SSP5-8.5,2081-2100,99.62110000000001,173.4893,318.26980000000003,5.222199999999997,6.805199999999999,1.8276000000000003,97.2442,174.07405,265.31215,5.5067375,6.3943875,1.1989250000000007,97.95384999999999,0.2032285947737671,0.8943635121313908
121.05,24.5,317.0719,SSP5-8.5,2081-2100,96.37269999999995,166.128,223.93889999999965,5.3978,6.9069,0.7775999999999996,92.38850000000001,176.3158375,243.48762499999992,5.359562499999999,7.89095,1.2728500000000003,100.2240375,0.2032285947737671,0.9575592925011822
121.05,24.55,334.6958,SSP5-8.5,2081-2100,107.13439999999997,181.8043,178.21209999999974,5.332000000000001,10.1948,1.2809999999999988,104.45,177.8356,214.69901249999998,5.064674999999999,8.4877125,1.1672500000000001,103.072125,0.2032285947737671,1.0207550728709736
121.05,24.6,295.7651,SSP5-8.5,2081-2100,79.7355,183.3819,194.5024000000003,4.696200000000001,6.479300000000002,1.5620999999999992,109.6519,182.59198750000002,201.51724999999996,4.6721,8.326725,1.1402999999999996,108.34616249999999,0.2032285947737671,1.0839508532407651
121.05,24.65,221.7964,SSP5-8.5,2081-2100,55.3424,182.33390000000003,192.06760000000008,4.1614,5.875899999999994,1.0069,110.5885,181.990475,201.17747500000004,4.377537500000001,7.123275000000001,0.7650874999999997,109.68485000000001,0.2032285947737671,1.147146633610552
121.05,24.7,182.9404,SSP5-8.5,2081-2100,39.50739999999999,180.68359999999998,191.12079999999992,4.132300000000001,6.950000000000003,0.039699999999999847,109.8519,181.13822499999998,185.2932,4.141249999999999,5.933625,0.2528,109.78485,0.2032285947737671,1.2103424139803434
121.05,24.75,161.2503,SSP5-8.5,2081-2100,41.62449999999998,180.8649,162.42949999999996,4.009899999999998,3.351700000000001,-0.4361999999999995,109.7462,180.785025,165.3132125,3.94265,6.106912500000001,-0.14611249999999987,109.357675,0.2032285947737671,1.273538194350135
121.05,24.8,152.8326,SSP5-8.5,2081-2100,48.73169999999999,181.9305,147.26279999999997,3.931000000000001,4.9776000000000025,-0.09999999999999964,110.33460000000001,179.96225,146.4337875,3.7293874999999996,5.9179,-0.2340374999999999,108.4560125,0.2032285947737671,1.3367339747199263
121.05,24.85,141.2455,SSP5-8.5,2081-2100,40.301800000000014,179.5714,139.88660000000004,3.5047999999999995,5.663800000000002,-0.7103000000000002,108.39999999999999,178.83120000000002,144.0488875,3.7045750000000006,7.0896625,-0.03058749999999999,107.5966375,0.2032285947737671,1.3999297550897176
121.05,24.9,136.1488,SSP5-8.5,2081-2100,37.41300000000001,177.1981,147.30960000000005,3.8079,9.056899999999999,0.2138,107.1096,177.43649999999997,147.284425,3.6144000000000007,7.464425,-0.0626874999999999,106.7827,0.2032285947737671,1.4631255354595045
121.05,24.95,139.4281,SSP5-8.5,2081-2100,39.66069999999999,174.79059999999998,170.2204999999999,3.573999999999998,8.324100000000001,0.33970000000000056,106.125,176.13385,153.211975,3.714325000000001,7.8349,-0.21894999999999987,105.84663749999999,0.2032285947737671,1.526321315829296
121.05,25.0,144.7718,SSP5-8.5,2081-2100,38.75619999999998,174.2806,169.5365999999999,3.8857999999999997,6.387900000000002,-0.1999999999999993,104.4269,175.3370875,161.7917125,3.851037500000001,8.119175,-0.2827499999999997,105.5488,0.2032285947737671,1.5895170961990874
121.05,25.05,148.9552,SSP5-8.5,2081-2100,52.49710000000002,173.91539999999998,177.82909999999993,4.329900000000002,9.413800000000002,-0.5378999999999996,104.20190000000001,174.7516875,169.1717875,3.8465250000000006,7.2974000000000006,-0.2849124999999998,105.1113,0.2032285947737671,1.652712876568879
121.1,22.7,209.7102,SSP5-8.5,2081-2100,29.7543,197.2253,310.7676999999999,6.370799999999999,16.636200000000002,2.1861999999999995,110.1538,197.26015,359.3662375,5.8855375,15.1713375,2.8275875,109.6252375,0.30892243485498844,-1.317488800811278
121.1,22.75,218.2794,SSP5-8.5,2081-2100,37.07809999999998,198.1314,350.84540000000015,6.074400000000001,15.322400000000002,2.5483000000000002,110.8327,197.665575,368.7958625,6.152075,14.443325,2.7515,110.56993750000001,0.30892243485498844,-1.2542930204414864
121.1,22.8,239.6302,SSP5-8.5,2081-2100,43.49000000000001,195.0301,409.77769999999987,6.281500000000001,12.25,2.8016999999999994,109.8615,195.33259999999999,376.30707499999994,6.415537500000001,14.57155,2.6709,109.5901375,0.30892243485498844,-1.191097240071695
121.1,22.85,261.6494,SSP5-8.5,2081-2100,40.877700000000004,180.6911,388.98990000000003,6.7318999999999996,14.637900000000002,2.5965999999999996,99.95190000000001,193.989375,404.8658374999999,6.647387500000001,14.596775000000001,2.7254249999999995,108.9475875,0.30892243485498844,-1.1279014597019037
121.1,22.9,261.195,SSP5-8.5,2081-2100,45.08760000000001,184.08010000000002,371.3765000000001,6.8767,18.6414,2.5793,100.9135,189.288475,439.5636749999999,6.73615,13.8832,2.7825499999999996,105.40455,0.30892243485498844,-1.0647056793321166
121.1,22.95,241.7306,SSP5-8.5,2081-2100,71.02860000000001,199.0079,435.6397999999999,6.3713000000000015,13.693100000000001,2.8345000000000002,109.50189999999999,188.0750625,463.60679999999996,6.8232,13.398712500000002,2.7579624999999997,104.6545625,0.30892243485498844,-1.0015098989623252
121.1,23.0,222.7341,SSP5-8.5,2081-2100,74.38999999999999,192.1908,452.7167999999999,6.6716000000000015,13.753400000000006,3.0654999999999992,110.3077,181.44683750000002,467.5308,6.571775000000001,11.7099125,2.678,99.9048,0.30892243485498844,-0.9383141185925338
121.1,23.05,218.2652,SSP5-8.5,2081-2100,65.91910000000001,166.644,408.29240000000004,5.975300000000001,12.506899999999998,2.5707000000000004,93.7769,187.36325,452.20860000000005,6.45885,11.0015,2.6909249999999996,105.058425,0.30892243485498844,-0.8751183382227424
121.1,23.1,223.2152,SSP5-8.5,2081-2100,70.62899999999999,198.3034,405.71990000000005,5.603400000000001,9.953500000000002,2.7034000000000002,115.0904,184.7986125,429.35625000000005,6.331712500000001,11.526074999999999,2.8025749999999996,104.23558750000001,0.30892243485498844,-0.811922557852951
121.1,23.15,245.1815,SSP5-8.5,2081-2100,70.71740000000003,199.6526,413.58580000000006,6.535600000000002,11.282800000000002,2.8861999999999988,116.7346,187.5445,411.5219375,6.2295125,11.435775,2.7767125,107.29351249999999,0.30892243485498844,-0.748726777483164
121.1,23.2,221.9474,SSP5-8.5,2081-2100,56.67300000000003,179.8558,383.95169999999985,6.3039999999999985,12.086200000000005,2.660300000000001,103.10379999999999,186.85981249999998,395.7206249999999,6.3346,13.0291,2.7461124999999993,108.8156125,0.30892243485498844,-0.6855309971133726
121.1,23.25,201.5175,SSP5-8.5,2081-2100,55.18609999999998,188.83030000000002,363.57490000000007,6.322499999999998,14.2759,2.680999999999999,111.8596,177.9907875,383.88806249999993,6.243975000000001,12.965512499999999,2.7364249999999997,104.42883749999999,0.30892243485498844,-0.6223352167435812
121.1,23.3,201.1787,SSP5-8.5,2081-2100,62.23270000000002,178.1654,384.2199999999998,6.0820000000000025,12.808599999999998,3.1327999999999996,106.7327,185.2395,382.527875,6.128575,12.606037500000001,2.6538749999999998,110.55047499999999,0.30892243485498844,-0.5591394363737897
121.1,23.35,193.4156,SSP5-8.5,2081-2100,60.7817,198.32279999999997,388.3271,5.739699999999999,8.519000000000002,2.7414000000000005,119.6712,188.9389625,388.6809375,5.8134999999999994,11.789212500000001,2.6551875,113.2021625,0.30892243485498844,-0.4959436560039983
121.1,23.4,184.9147,SSP5-8.5,2081-2100,56.893099999999976,205.4415,378.6696999999999,5.3992,11.236200000000004,2.7982999999999993,124.30189999999999,188.65555,392.8356875,5.332012499999999,9.292462500000001,2.312075,112.76755,0.30892243485498844,-0.43274787563421135
121.1,23.45,184.3021,SSP5-8.5,2081-2100,60.2636,190.303,372.4017000000001,4.740500000000001,8.193100000000001,2.0638000000000005,112.62310000000001,177.8283,387.44726249999997,4.953412499999999,8.184925000000002,2.2241375,106.54975,0.30892243485498844,-0.3695520952644199
121.1,23.5,183.5907,SSP5-8.5,2081-2100,64.94640000000001,162.2594,365.23620000000005,4.5306,6.536200000000001,1.9052000000000007,96.9,170.57139999999998,379.40591249999994,4.69105,6.9618625000000005,2.1310125,101.08461249999999,0.30892243485498844,-0.3063563148946285
121.1,23.55,185.1699,SSP5-8.5,2081-2100,65.00229999999999,170.2906,351.7775999999999,4.443000000000001,7.6259000000000015,2.0707000000000004,100.3846,165.41877499999998,364.113275,4.645037499999999,7.1918125,2.072825000000001,98.1115375,0.30892243485498844,-0.24316053452483705
121.1,23.6,187.5404,SSP5-8.5,2081-2100,63.751299999999986,158.2841,332.0567000000001,4.5305,7.5,2.010300000000001,92.9904,175.5009,346.2654375,4.6898125,7.8444125,2.0370625,104.453125,0.30892243485498844,-0.17996475415504562
121.1,23.65,193.9438,SSP5-8.5,2081-2100,58.6138,165.9171,316.43140000000017,4.721800000000002,8.7759,1.8655000000000008,100.4365,184.455525,335.62198750000005,4.747937499999999,7.747850000000001,1.9780125000000002,111.69063750000001,0.30892243485498844,-0.11676897378525869
121.1,23.7,206.6394,SSP5-8.5,2081-2100,56.067800000000005,192.7156,318.72029999999995,4.690899999999999,7.649999999999999,1.9672,116.81920000000001,191.815525,326.19482500000004,4.7380375,7.516375000000001,1.9101250000000003,117.30265,0.30892243485498844,-0.053573193415467256
121.1,23.75,220.3771,SSP5-8.5,2081-2100,52.93809999999999,199.0746,318.80359999999996,4.4792999999999985,7.731000000000002,1.424100000000001,120.1154,194.95835,300.5147125,4.6365625,7.983600000000001,1.7760750000000003,119.023325,0.30892243485498844,0.009622586954324176
121.1,23.8,201.3441,SSP5-8.5,2081-2100,50.999300000000005,195.3545,262.97350000000006,4.331199999999999,9.4103,1.5655000000000001,117.2538,184.38785000000001,274.71231249999994,4.5511625,8.55085,1.3913750000000005,109.100975,0.30892243485498844,0.0728183673241156
121.1,23.85,203.6382,SSP5-8.5,2081-2100,55.96559999999997,171.2728,256.5207999999998,4.575599999999998,9.7241,0.601700000000001,96.7,182.49652500000002,263.16143750000003,4.6376,9.785762499999999,1.2429000000000003,106.5029,0.30892243485498844,0.13601414769390704
121.1,23.9,215.4339,SSP5-8.5,2081-2100,80.88280000000003,192.08849999999998,302.1224000000002,5.1204,10.899999999999999,0.5276000000000014,111.79039999999999,177.45095,285.6534625,5.010274999999998,9.895025,0.9825500000000003,102.82548750000001,0.30892243485498844,0.19920992806369398
121.1,23.95,231.9823,SSP5-8.5,2081-2100,105.39049999999997,187.4589,342.549,5.706399999999999,9.8172,0.34479999999999933,112.51920000000001,185.19108749999998,316.60933750000004,5.355062499999999,9.7211,0.9452750000000003,108.9312625,0.30892243485498844,0.26240570843348543
121.1,24.0,228.2982,SSP5-8.5,2081-2100,106.8537,186.6575,330.32029999999986,5.585799999999999,9.022400000000005,1.3758999999999997,110.6923,185.9859625,348.14844999999997,5.7384375,9.6086125,0.7433249999999998,108.62572499999999,0.30892243485498844,0.32560148880327683
121.1,24.05,224.8174,SSP5-8.5,2081-2100,112.48940000000002,184.8946,357.5866000000001,5.9597000000000016,10.755199999999995,0.5051999999999985,104.78269999999999,185.73177500000003,363.1221624999999,5.937,9.2866375,0.8709124999999998,107.10770000000001,0.30892243485498844,0.3887972691730683
121.1,24.1,239.5316,SSP5-8.5,2081-2100,120.3228,185.0636,372.77559999999994,6.344700000000003,10.505199999999995,0.4776000000000007,104.9558,178.54497500000002,379.3603749999999,6.22415,9.8590625,0.7484999999999993,99.384375,0.30892243485498844,0.4519930495428597
121.1,24.15,254.6405,SSP5-8.5,2081-2100,125.0146,165.7669,392.6621,6.555600000000002,9.622400000000006,0.5396999999999998,90.2038,175.4442375,398.46614999999997,6.450387500000001,9.459499999999998,0.8299624999999995,96.91805000000001,0.30892243485498844,0.5151888299126467
121.1,24.2,271.6774,SSP5-8.5,2081-2100,133.916,161.2837,452.42560000000003,6.778299999999998,9.106899999999996,1.1966,86.6962,172.4027625,413.13245,6.511475000000001,8.9588375,0.8788749999999996,93.85361250000001,0.30892243485498844,0.578384610282438
121.1,24.25,272.0958,SSP5-8.5,2081-2100,132.8709,177.7354,474.9180000000001,6.718999999999998,9.246499999999997,1.4724000000000004,96.2923,168.19960000000003,388.45181249999996,6.381287500000001,7.597412499999998,0.85755,91.643275,0.30892243485498844,0.6415803906522295
121.1,24.3,259.7439,SSP5-8.5,2081-2100,119.19310000000002,163.4246,326.6122999999998,6.2286,5.881,0.4207000000000001,89.6846,163.2375625,347.033475,6.15,6.745675,0.6855500000000001,87.9608125,0.30892243485498844,0.704776171022021
121.1,24.35,265.8524,SSP5-8.5,2081-2100,109.92920000000004,154.88459999999998,260.83010000000013,5.874400000000001,4.2517,0.3603000000000005,84.3481,163.08474999999999,291.3106,5.8107500000000005,5.900412500000002,0.7439750000000003,88.4035875,0.30892243485498844,0.7679719513918124
121.1,24.4,270.9881,SSP5-8.5,2081-2100,94.0274,170.0622,261.89580000000024,5.629999999999999,5.824100000000001,1.5276000000000014,92.8904,163.65590000000003,278.32288750000004,5.5582375,5.500425000000001,0.9784499999999998,89.3632125,0.30892243485498844,0.8311677317615993
121.1,24.45,294.4583,SSP5-8.5,2081-2100,92.02960000000002,170.6806,278.1181999999999,5.656099999999999,3.5516999999999967,1.299999999999999,94.45769999999999,168.29503749999998,280.8691125,5.53655,6.69675,1.3629375000000001,93.3935,0.30892243485498844,0.8943635121313908
121.1,24.5,335.8741,SSP5-8.5,2081-2100,103.97289999999998,162.7271,274.5027,6.008800000000001,9.6965,1.4586000000000006,90.9269,171.0971875,260.5906374999999,5.3736625,7.3881375,1.4771624999999995,96.040625,0.30892243485498844,0.9575592925011822
121.1,24.55,340.5173,SSP5-8.5,2081-2100,99.50800000000004,181.0776,236.51739999999972,5.126799999999999,9.679300000000001,1.6189999999999998,103.5942,173.413925,232.695825,5.1238375000000005,8.218512500000001,1.6006499999999997,99.24278749999999,0.30892243485498844,1.0207550728709736
121.1,24.6,306.6514,SSP5-8.5,2081-2100,79.97889999999995,182.30720000000002,231.64260000000013,4.498799999999999,8.198300000000003,2.2431,106.8808,179.9641375,202.6524125,4.616175,8.133400000000002,1.6286749999999999,105.45263750000001,0.30892243485498844,1.0839508532407651
121.1,24.65,236.5661,SSP5-8.5,2081-2100,65.51499999999999,180.92759999999998,218.17270000000008,4.226600000000001,7.698300000000003,1.75,109.48270000000001,180.429675,189.17092500000004,4.246600000000001,7.062075000000002,1.2211375,107.84638749999999,0.30892243485498844,1.147146633610552
121.1,24.7,177.9282,SSP5-8.5,2081-2100,49.348600000000005,178.0323,184.54340000000002,4.138000000000002,5.382800000000003,0.3292999999999999,108.8519,178.95884999999998,172.135925,4.0320125,6.7577625,0.6086375000000002,108.35265000000001,0.30892243485498844,1.2103424139803434
121.1,24.75,159.3,SSP5-8.5,2081-2100,46.37549999999999,176.80579999999998,149.7727,3.7643999999999984,7.206899999999997,-0.35859999999999914,108.0346,177.251925,146.11409999999995,3.9030875000000003,6.664875,0.11638749999999987,107.77403749999999,0.30892243485498844,1.273538194350135
121.1,24.8,160.3747,SSP5-8.5,2081-2100,48.57430000000002,175.0034,123.49990000000003,3.8324,7.9983,-0.39310000000000045,106.44999999999999,175.52765,123.67219999999998,3.7295125,6.918749999999999,-0.0361999999999999,106.61898749999999,0.30892243485498844,1.3367339747199263
121.1,24.85,141.9203,SSP5-8.5,2081-2100,49.525300000000016,173.1301,127.91039999999998,3.908100000000001,6.905200000000001,0.13280000000000047,104.60000000000001,174.147225,121.11653749999999,3.6994875,7.796125,-0.03642500000000004,105.8048,0.30892243485498844,1.3999297550897176
121.1,24.9,133.3081,SSP5-8.5,2081-2100,45.5352,172.6316,171.86390000000006,4.035600000000002,7.674099999999996,0.28279999999999994,104.8885,173.003375,126.68081250000003,3.6695499999999996,7.8247875,-0.06658749999999991,105.0355625,0.30892243485498844,1.4631255354595045
121.1,24.95,141.1648,SSP5-8.5,2081-2100,43.546299999999974,173.3889,147.9154000000001,3.845700000000001,6.979300000000002,0.2206999999999999,105.6942,172.8301875,155.55317499999998,3.815825,7.2597,-0.16141249999999974,104.625475,0.30892243485498844,1.526321315829296
121.1,25.0,145.5255,SSP5-8.5,2081-2100,44.8973,173.3992,183.45759999999996,3.9924,5.032800000000002,-0.8947999999999992,104.73079999999999,173.093775,169.0541375,3.9838000000000005,7.0426625000000005,-0.17693749999999986,104.4598375,0.30892243485498844,1.5895170961990874
121.1,25.05,141.6811,SSP5-8.5,2081-2100,44.338300000000004,173.19660000000002,192.40920000000006,4.318000000000001,6.672399999999996,-0.4465999999999992,104.4654,172.8609375,172.7419625,3.9968250000000003,6.461637500000002,-0.26292499999999974,104.106725,0.30892243485498844,1.652712876568879
121.15,22.75,204.2117,SSP5-8.5,2081-2100,37.56279999999998,203.8872,357.3082999999999,5.917400000000001,14.491399999999999,2.8431000000000006,116.1712,196.7653875,346.80527499999994,6.272675,14.472850000000001,2.4704625,110.5218625,0.41461627493623976,-1.2542930204414864
121.15,22.8,211.0309,SSP5-8.5,2081-2100,40.03360000000001,196.5487,360.54999999999995,6.218799999999998,11.6552,2.3930999999999996,111.5154,194.759525,357.94963749999994,6.2524625,14.618750000000002,2.5747875000000002,109.5526375,0.41461627493623976,-1.191097240071695
121.15,22.85,229.0423,SSP5-8.5,2081-2100,41.31700000000001,190.55089999999998,345.60029999999983,6.639000000000003,15.708599999999997,2.250000000000001,107.67500000000001,192.94117500000002,362.80634999999995,6.3102374999999995,14.1545375,2.5862,107.595425,0.41461627493623976,-1.1279014597019037
121.15,22.9,228.9635,SSP5-8.5,2081-2100,47.0761,188.9498,366.9794999999999,5.7987,16.393100000000004,2.6275999999999993,103.7615,190.4328625,385.0349625,6.396875,14.018762499999998,2.6258624999999998,104.53461250000001,0.41461627493623976,-1.0647056793321166
121.15,22.95,213.8064,SSP5-8.5,2081-2100,71.52980000000002,187.5047,438.83500000000004,5.849699999999999,12.125899999999994,2.9654999999999996,100.3942,190.85784999999998,409.7216625,6.4896125,12.967025,2.6717625,104.151925,0.41461627493623976,-1.0015098989623252
121.15,23.0,216.1364,SSP5-8.5,2081-2100,69.636,187.06879999999998,450.53229999999985,6.421599999999998,9.753400000000006,2.444799999999999,100.2827,188.34427499999998,423.886075,6.360212500000001,11.291162499999999,2.785775,102.84375,0.41461627493623976,-0.9383141185925338
121.15,23.05,219.7358,SSP5-8.5,2081-2100,60.95379999999997,197.9703,404.4039,5.681000000000001,10.9724,2.9931,108.4404,187.7156625,416.2047875,6.38635,10.3702625,2.76205,103.47403750000001,0.41461627493623976,-0.8751183382227424
121.15,23.1,237.045,SSP5-8.5,2081-2100,58.076100000000025,198.3339,393.37850000000003,6.299499999999998,9.975899999999996,3.0447999999999995,111.4846,189.4768,405.7378125,6.133425000000001,10.619625000000001,2.8575375000000003,105.159375,0.41461627493623976,-0.811922557852951
121.15,23.15,249.418,SSP5-8.5,2081-2100,56.49939999999998,196.07350000000002,407.9405999999999,6.787300000000002,13.794800000000002,2.8568999999999996,110.64229999999999,188.276725,395.0531625,6.201862500000001,10.77265,2.7459,105.5644125,0.41461627493623976,-0.748726777483164
121.15,23.2,231.0542,SSP5-8.5,2081-2100,53.92690000000002,170.66629999999998,383.7874999999999,6.544699999999999,11.6862,2.3275999999999994,94.55,187.76235000000003,390.5222,6.417137500000001,12.120262500000003,2.679525,107.46345,0.41461627493623976,-0.6855309971133726
121.15,23.25,215.7752,SSP5-8.5,2081-2100,56.31449999999998,177.219,377.7947999999999,6.625299999999999,15.577599999999997,2.355199999999999,103.2788,183.96985,392.7969375,6.4439125,12.239862500000001,2.6275874999999997,106.9113,0.41461627493623976,-0.6223352167435812
121.15,23.3,208.7432,SSP5-8.5,2081-2100,66.79719999999998,189.4598,403.8854000000001,6.702200000000001,13.162099999999999,2.5431,111.6212,190.3776125,421.4172,6.2775,11.6114125,2.7254375,112.94614999999999,0.41461627493623976,-0.5591394363737897
121.15,23.35,210.3023,SSP5-8.5,2081-2100,75.88009999999997,202.5444,461.5964999999999,6.3889,11.937900000000003,2.6569000000000003,121.30959999999999,197.01737500000002,442.69309999999996,5.916812500000001,10.171325,2.72415,117.62357499999999,0.41461627493623976,-0.4959436560039983
121.15,23.4,202.4417,SSP5-8.5,2081-2100,69.85819999999998,207.5113,437.4887000000001,5.5258,10.594800000000003,2.9327999999999994,124.7635,194.1788875,455.3628375,5.480174999999999,8.398925000000002,2.513575,115.463225,0.41461627493623976,-0.43274787563421135
121.15,23.45,199.0466,SSP5-8.5,2081-2100,73.60149999999999,179.081,426.91689999999994,4.900500000000001,6.1259000000000015,2.372399999999999,106.0154,187.62495,440.56747500000006,5.107912499999999,8.0310375,2.3810375,111.223325,0.41461627493623976,-0.3695520952644199
121.15,23.5,195.4459,SSP5-8.5,2081-2100,77.08409999999998,163.6064,412.1718999999998,4.822499999999998,6.927599999999998,1.9034000000000013,95.2288,178.666325,426.06347500000004,4.817825,7.2614375,2.1349125000000004,105.0548125,0.41461627493623976,-0.3063563148946285
121.15,23.55,189.8661,SSP5-8.5,2081-2100,81.21340000000001,165.4436,395.1712,4.693899999999999,7.867199999999997,2.010300000000001,95.3596,169.8442875,407.0977499999999,4.7491875,7.333200000000001,2.0166000000000004,99.498075,0.41461627493623976,-0.24316053452483705
121.15,23.6,186.0783,SSP5-8.5,2081-2100,79.46769999999998,155.39159999999998,371.3814,4.731400000000001,8.4052,2.062100000000001,90.2423,173.56818750000002,386.03978749999993,4.7703375,7.6855625,1.8780125000000003,102.066825,0.41461627493623976,-0.17996475415504562
121.15,23.65,185.8847,SSP5-8.5,2081-2100,76.67950000000002,183.7806,356.64959999999996,4.820799999999998,8.0259,2.0275999999999996,108.8154,174.118175,375.0140624999999,4.82085,7.203875,2.0762875000000003,104.04615,0.41461627493623976,-0.11676897378525869
121.15,23.7,194.7473,SSP5-8.5,2081-2100,74.48259999999999,192.4541,375.6130999999998,4.802399999999999,6.5534000000000034,2.4724000000000004,119.76350000000001,178.82975,353.45635,4.7549875,6.589650000000001,2.0379250000000004,106.6819625,0.41461627493623976,-0.053573193415467256
121.15,23.75,198.8984,SSP5-8.5,2081-2100,62.4358,173.6997,346.34090000000015,4.566200000000002,4.737900000000003,2.291400000000001,103.2365,177.167775,325.96966249999997,4.6088,6.6723875,2.0118375000000004,105.0084125,0.41461627493623976,0.009622586954324176
121.15,23.8,191.5716,SSP5-8.5,2081-2100,57.247900000000016,176.883,287.4638,4.4033000000000015,7.851700000000001,1.7138000000000009,103.3212,161.21155,296.99888749999997,4.533512499999999,7.5331624999999995,1.6624875000000003,90.58845,0.41461627493623976,0.0728183673241156
121.15,23.85,194.29,SSP5-8.5,2081-2100,60.0111,130.4466,285.9042999999997,4.588899999999999,9.793099999999995,1.0861999999999998,63.7096,166.1571625,291.538225,4.6783375,8.9445875,1.2568875000000006,92.8973625,0.41461627493623976,0.13601414769390704
121.15,23.9,210.7855,SSP5-8.5,2081-2100,71.51679999999999,156.5425,318.1017999999999,5.039999999999999,9.610300000000002,0.9259000000000004,83.4308,167.98321249999998,316.941775,5.067212499999998,9.499775,0.7487000000000004,93.90312499999999,0.41461627493623976,0.19920992806369398
121.15,23.95,221.0313,SSP5-8.5,2081-2100,91.83820000000003,184.0344,349.1286,5.593899999999998,9.993100000000002,0.21899999999999942,107.1846,176.487575,347.7021875000001,5.4186499999999995,8.9849,0.44073750000000045,100.4031375,0.41461627493623976,0.26240570843348543
121.15,24.0,208.2416,SSP5-8.5,2081-2100,95.85759999999999,181.3457,355.14300000000003,5.428100000000001,6.774099999999997,-0.3844999999999992,104.3077,179.4347125,367.21101250000004,5.7856625,9.043325,0.47479999999999967,102.15,0.41461627493623976,0.32560148880327683
121.15,24.05,227.0086,SSP5-8.5,2081-2100,102.03710000000001,177.72560000000001,356.30669999999964,5.687100000000001,8.4345,0.7827999999999999,98.8231,177.56147499999997,360.5641125,5.8677625,8.767674999999997,0.36595,99.488225,0.41461627493623976,0.3887972691730683
121.15,24.1,226.4273,SSP5-8.5,2081-2100,106.49739999999997,176.9028,339.1185999999998,5.9087,9.1603,0.4499999999999993,97.27690000000001,175.160525,356.7858499999999,5.992637500000001,8.90045,0.5349249999999999,96.42643749999999,0.41461627493623976,0.4519930495428597
121.15,24.15,233.0759,SSP5-8.5,2081-2100,111.87209999999999,174.6483,349.08759999999984,6.103100000000001,10.032800000000002,0.37929999999999886,94.1923,170.3380125,359.6572625,5.9809375,8.3004375,0.5200625000000001,92.81515,0.41461627493623976,0.5151888299126467
121.15,24.2,239.0644,SSP5-8.5,2081-2100,115.37890000000002,164.2442,369.02130000000034,5.937100000000001,7.448299999999996,0.4637999999999991,88.49810000000001,170.0238375,367.03163749999993,5.859874999999999,8.148275,0.5849249999999999,91.99375,0.41461627493623976,0.578384610282438
121.15,24.25,228.7634,SSP5-8.5,2081-2100,109.12310000000002,171.76960000000003,372.9279999999999,5.7729,7.706899999999997,0.5809999999999995,93.275,165.97855,346.4612,5.573974999999999,7.162699999999999,0.5021625000000001,89.85217499999999,0.41461627493623976,0.6415803906522295
121.15,24.3,218.3997,SSP5-8.5,2081-2100,93.16950000000003,164.477,302.4924000000001,5.406500000000001,6.9069,0.11899999999999977,88.56729999999999,156.674625,308.69816249999997,5.330225,6.55795,0.4254125000000002,84.1072125,0.41461627493623976,0.704776171022021
121.15,24.35,226.7928,SSP5-8.5,2081-2100,82.77800000000002,126.06560000000002,252.21000000000004,5.243300000000001,6.150000000000006,-0.031000000000000583,63.240399999999994,157.2143375,273.9647750000001,5.1861375,6.0133375,0.7480625000000005,84.9389375,0.41461627493623976,0.7679719513918124
121.15,24.4,243.9756,SSP5-8.5,2081-2100,73.9393,167.9528,251.05050000000028,5.0777,5.780999999999999,1.0328,91.9942,152.842925,268.95582500000006,5.2097625,5.746975000000001,1.05475,82.0622625,0.41461627493623976,0.8311677317615993
121.15,24.45,280.6583,SSP5-8.5,2081-2100,85.18,163.66700000000003,292.03099999999995,5.3454000000000015,7.119,1.6344999999999992,89.29809999999999,162.26043750000002,281.1217125000001,5.3932875,6.0734625,1.47825,88.7651375,0.41461627493623976,0.8943635121313908
121.15,24.5,332.4719,SSP5-8.5,2081-2100,103.95600000000002,160.3431,325.2595000000001,5.8947,6.4603,1.5223999999999993,89.8269,165.9108375,270.19838749999997,5.308475,7.0396374999999995,1.6465749999999997,91.94086250000001,0.41461627493623976,0.9575592925011822
121.15,24.55,331.7236,SSP5-8.5,2081-2100,98.55960000000005,171.5876,232.3782000000001,5.014299999999999,8.387900000000002,1.8552,97.0654,167.27856250000002,253.0232375,5.050775,8.056662500000002,1.8327749999999998,94.3612875,0.41461627493623976,1.0207550728709736
121.15,24.6,323.2732,SSP5-8.5,2081-2100,85.03520000000003,179.0322,201.13020000000006,4.1480999999999995,9.424100000000003,2.1052,102.7519,172.774675,213.07038749999992,4.5837125,8.013362500000001,1.9179000000000002,99.7569625,0.41461627493623976,1.0839508532407651
121.15,24.65,257.0223,SSP5-8.5,2081-2100,73.82980000000003,179.568,168.23869999999988,4.224,7.327600000000004,1.8500000000000014,106.0365,175.73630000000003,189.89168749999996,4.231725,7.595050000000002,1.5980625,103.728125,0.41461627493623976,1.147146633610552
121.15,24.7,207.5158,SSP5-8.5,2081-2100,54.11529999999999,178.0983,150.12169999999992,3.974,6.858600000000003,0.6327999999999996,108.15769999999999,176.78625,172.65717499999994,4.079675,7.1254375,1.1943875000000004,106.1663375,0.41461627493623976,1.2103424139803434
121.15,24.75,181.2701,SSP5-8.5,2081-2100,53.058899999999994,172.38869999999997,145.16370000000006,3.7635000000000005,8.793099999999995,0.3844999999999992,104.92309999999999,175.1699875,142.41537499999993,3.8151624999999996,7.4239250000000006,0.6183125,106.44206249999999,0.41461627493623976,1.273538194350135
121.15,24.8,173.8362,SSP5-8.5,2081-2100,49.11840000000001,171.01370000000003,64.77099999999973,3.4436,9.006899999999998,0.47409999999999997,103.87689999999999,172.1930875,122.44881249999997,3.611175,8.156899999999998,0.4405125,104.774275,0.41461627493623976,1.3367339747199263
121.15,24.85,173.5678,SSP5-8.5,2081-2100,46.1147,168.5161,52.180900000000065,3.5107999999999997,9.4448,0.3240999999999996,103.03649999999999,169.8961625,115.55346249999994,3.5113375,8.312299999999999,0.22262499999999996,103.34639999999999,0.41461627493623976,1.3999297550897176
121.15,24.9,151.5627,SSP5-8.5,2081-2100,40.01339999999999,167.313,122.1576,3.529799999999998,8.546599999999998,-0.3827999999999996,102.3423,168.9079375,112.996475,3.5923000000000003,7.9150874999999985,0.05862499999999993,102.43701250000001,0.41461627493623976,1.4631255354595045
121.15,24.95,146.9294,SSP5-8.5,2081-2100,35.54170000000002,170.11880000000002,105.86550000000011,3.6753,7.677599999999998,-0.6707000000000001,102.9769,169.46803749999998,142.6835125,3.7805500000000003,6.901299999999999,-0.21938749999999996,102.612975,0.41461627493623976,1.526321315829296
121.15,25.0,148.0878,SSP5-8.5,2081-2100,47.380300000000005,172.9096,174.01409999999987,4.0258,5.377600000000001,0.02069999999999972,104.4038,170.85562500000003,153.27506250000005,3.9305625000000006,6.578875,-0.3814624999999998,102.9512,0.41461627493623976,1.5895170961990874
121.15,25.05,138.5894,SSP5-8.5,2081-2100,53.06269999999998,172.1497,214.6427000000001,4.215900000000001,5.508600000000001,-0.14140000000000086,103.38459999999999,171.23992500000003,162.04170000000002,3.924075,6.320262499999999,-0.33642499999999964,103.0269375,0.41461627493623976,1.652712876568879
121.15,25.1,133.6598,SSP5-8.5,2081-2100,42.83430000000001,171.4113,161.18680000000018,3.8507999999999996,6.036200000000001,-0.4466000000000001,103.3308,170.7147125,164.2169375,3.9204375000000002,6.5137874999999985,-0.23189999999999977,102.3947125,0.41461627493623976,1.7159086569386703
121.2,22.8,206.7171,SSP5-8.5,2081-2100,39.78370000000001,203.4259,328.6280999999999,6.3614999999999995,14.877600000000001,2.5568999999999997,115.9519,196.6463875,352.1351749999999,6.175587500000001,13.740525,2.5599,110.19591249999999,0.520310115017461,-1.191097240071695
121.2,22.85,221.465,SSP5-8.5,2081-2100,34.51689999999999,197.4098,315.4678999999999,6.215299999999999,13.269000000000005,2.3741000000000003,112.2154,193.4731875,359.47932499999996,6.3221875,13.998925,2.5325499999999996,107.2819625,0.520310115017461,-1.1279014597019037
121.2,22.9,210.415,SSP5-8.5,2081-2100,44.52780000000001,197.3939,360.6812,5.997499999999999,11.512099999999997,2.760299999999999,106.59230000000001,193.9266125,358.97138749999993,6.291975,14.569837499999998,2.5573249999999996,107.0682625,0.520310115017461,-1.0647056793321166
121.2,22.95,200.492,SSP5-8.5,2081-2100,70.45000000000002,186.8245,423.68910000000005,6.493600000000001,12.562099999999994,2.6465999999999994,99.03269999999999,192.26965,382.442525,6.5010625,12.708187500000001,2.6310249999999993,104.1127375,0.520310115017461,-1.0015098989623252
121.2,23.0,206.371,SSP5-8.5,2081-2100,68.4399,191.34699999999998,416.1581000000001,7.285900000000002,7.427599999999998,2.4154999999999998,102.8231,190.14659999999998,403.44696250000004,6.591175,11.2644375,2.7553874999999994,102.20577499999999,0.520310115017461,-0.9383141185925338
121.2,23.05,215.9436,SSP5-8.5,2081-2100,61.20960000000002,185.265,411.35350000000017,6.5533,7.2879000000000005,2.7948000000000004,98.4731,191.68136249999998,396.13755000000003,6.660399999999999,10.33125,2.83965,103.9372625,0.520310115017461,-0.8751183382227424
121.2,23.1,235.1445,SSP5-8.5,2081-2100,55.32139999999998,182.5724,391.4867999999999,6.280200000000001,12.3035,3.0569000000000006,95.55380000000001,192.0958375,393.1211875,6.3770125,9.842025,2.9318874999999998,104.7516875,0.520310115017461,-0.811922557852951
121.2,23.15,236.1311,SSP5-8.5,2081-2100,52.5342,189.3332,403.1196,5.651300000000003,6.8552000000000035,2.9983000000000004,102.56349999999999,186.67161249999998,387.6503875,6.452,11.776074999999999,2.7847,101.6221,0.520310115017461,-0.748726777483164
121.2,23.2,238.2312,SSP5-8.5,2081-2100,54.608600000000024,187.49620000000002,385.3955000000001,6.3962,12.0379,2.2897,105.4346,184.5355625,392.5206375,6.5555,11.6280125,2.7185375,101.617775,0.520310115017461,-0.6855309971133726
121.2,23.25,247.1971,SSP5-8.5,2081-2100,60.285,183.6382,388.81470000000013,6.7149,11.051700000000004,2.7086000000000006,106.09039999999999,186.38655,410.37350000000004,6.5925625,12.121762499999999,2.6222125,104.86057500000001,0.520310115017461,-0.6223352167435812
121.2,23.3,235.7734,SSP5-8.5,2081-2100,75.24139999999997,193.64679999999998,448.7457999999999,6.4848,10.810299999999998,2.677599999999999,115.8981,193.3150375,457.1775125,6.482637500000001,11.287275000000001,2.775,111.6175375,0.520310115017461,-0.5591394363737897
121.2,23.35,238.803,SSP5-8.5,2081-2100,95.59100000000001,200.654,558.2638,5.861899999999999,7.910299999999999,2.8499999999999996,118.72879999999999,198.9423,492.79521250000005,6.121300000000001,9.9700375,2.7084124999999997,116.63560000000001,0.520310115017461,-0.4959436560039983
121.2,23.4,231.2304,SSP5-8.5,2081-2100,92.98060000000001,202.9374,541.9443000000001,5.5389,6.3293,2.1172000000000004,119.27120000000001,196.0211625,517.76805,5.68755,8.3219875,2.7480624999999996,115.75263749999999,0.520310115017461,-0.43274787563421135
121.2,23.45,227.5312,SSP5-8.5,2081-2100,93.6388,174.147,514.7827000000002,5.271799999999999,6.939699999999998,2.5085999999999995,101.7846,193.89153750000003,511.6235375000001,5.2951125,7.166175000000001,2.6405125000000003,114.46178750000001,0.520310115017461,-0.3695520952644199
121.2,23.5,225.2992,SSP5-8.5,2081-2100,95.71000000000001,194.7936,501.8446000000001,5.033999999999999,7.491400000000002,2.819000000000001,114.9135,184.6869375,507.07390000000004,5.0592625,6.6756625,2.5292875,108.4766625,0.520310115017461,-0.3063563148946285
121.2,23.55,220.2388,SSP5-8.5,2081-2100,96.49010000000001,193.0124,480.37689999999975,4.9283,7.312100000000001,1.3293,112.4577,177.12012499999997,487.66173749999996,4.9522125,7.173925,2.5329750000000004,103.75287499999999,0.520310115017461,-0.24316053452483705
121.2,23.6,206.7954,SSP5-8.5,2081-2100,96.54229999999998,161.1162,441.93669999999975,4.9732,6.8672,2.0328,92.8673,180.3627875,457.01683749999995,4.968249999999999,7.602812499999999,2.1771625000000006,105.75385,0.520310115017461,-0.17996475415504562
121.2,23.65,192.5687,SSP5-8.5,2081-2100,99.25379999999998,190.7009,413.91819999999984,5.0512000000000015,7.510299999999997,1.6776,113.22309999999999,174.02603749999997,424.4914874999999,4.980275,6.7364250000000006,2.1922500000000005,103.09423749999999,0.520310115017461,-0.11676897378525869
121.2,23.7,197.9342,SSP5-8.5,2081-2100,98.44489999999999,176.36579999999998,430.0546999999999,5.0654,4.369,2.5223999999999993,106.0269,174.26226250000002,374.77365,4.8062,5.649550000000001,2.1877250000000004,103.0543375,0.520310115017461,-0.053573193415467256
121.2,23.75,198.2544,SSP5-8.5,2081-2100,66.65779999999998,148.3837,326.73209999999995,4.644299999999998,3.917200000000001,2.5275999999999996,84.7827,168.462625,341.217225,4.629950000000001,5.146100000000001,2.0991375000000003,98.1540875,0.520310115017461,0.009622586954324176
121.2,23.8,189.9227,SSP5-8.5,2081-2100,61.545000000000016,136.11090000000002,287.39620000000014,4.453600000000002,5.896499999999996,1.9017,71.9846,155.6422125,302.85986249999996,4.5405999999999995,6.4239125,1.9347125000000003,85.713225,0.520310115017461,0.0728183673241156
121.2,23.85,191.8552,SSP5-8.5,2081-2100,63.37039999999999,135.3496,291.3197,4.628999999999998,9.0552,1.9017,66.925,155.3046875,304.33127499999995,4.732950000000001,8.04675,1.4433250000000002,84.04351249999999,0.520310115017461,0.13601414769390704
121.2,23.9,205.9578,SSP5-8.5,2081-2100,69.5601,165.65550000000002,326.4076,4.8736,9.108600000000003,0.9172000000000011,91.7731,157.67205,335.0381,5.098274999999999,8.7747875,1.0026,84.931975,0.520310115017461,0.19920992806369398
121.2,23.95,219.311,SSP5-8.5,2081-2100,88.26250000000002,177.5594,381.5818000000004,5.4498999999999995,7.6068999999999996,0.39140000000000086,100.6231,167.0080375,383.1070625,5.5635625,8.184912500000001,0.3508625000000001,92.184625,0.520310115017461,0.26240570843348543
121.2,24.0,211.048,SSP5-8.5,2081-2100,107.5077,164.5926,425.3916000000004,6.145,9.039699999999996,-0.5724,88.0885,172.270325,425.9519875,5.991125,7.057974999999999,0.25905,95.697125,0.520310115017461,0.32560148880327683
121.2,24.05,239.5331,SSP5-8.5,2081-2100,110.36169999999998,172.5547,394.82349999999997,6.157500000000002,7.677599999999998,0.7516999999999996,94.4865,169.2159125,434.0241874999999,6.161787499999999,6.693962499999998,0.09266250000000009,92.32741250000001,0.520310115017461,0.3887972691730683
121.2,24.1,223.0383,SSP5-8.5,2081-2100,96.69400000000002,168.4803,309.3537000000001,5.412599999999998,7.206899999999997,0.3241000000000014,91.3154,168.6802375,425.1629374999998,6.2192625,6.739875,0.4068999999999996,91.166575,0.520310115017461,0.4519930495428597
121.2,24.15,218.2223,SSP5-8.5,2081-2100,97.83830000000003,172.15019999999998,321.6909999999998,5.720799999999997,6.968999999999998,0.5190000000000001,92.6519,166.04601250000002,376.5692874999999,5.762874999999999,6.6334125,0.3064749999999996,89.34831249999999,0.520310115017461,0.5151888299126467
121.2,24.2,229.8587,SSP5-8.5,2081-2100,93.37760000000003,168.8124,320.2102,5.189699999999998,6.384500000000003,0.1897000000000002,90.92309999999999,165.4537,338.64613749999995,5.24025,6.537725,0.33578749999999946,89.01682500000001,0.520310115017461,0.578384610282438
121.2,24.25,214.5532,SSP5-8.5,2081-2100,75.2577,168.0242,252.33059999999978,4.0396,6.117200000000004,-0.1982999999999997,91.71539999999999,164.5388125,304.62970000000007,4.797762499999999,6.183187499999999,0.34418749999999965,88.6305375,0.520310115017461,0.6415803906522295
121.2,24.3,210.2561,SSP5-8.5,2081-2100,71.07999999999998,159.8269,273.67920000000004,4.292999999999999,6.210299999999997,0.3534000000000006,86.4404,156.21988750000003,273.94982500000003,4.4999,6.192662500000001,0.3974124999999997,83.29255,0.520310115017461,0.704776171022021
121.2,24.35,213.7987,SSP5-8.5,2081-2100,67.4237,131.6661,256.0771,4.471,6.899999999999999,0.44480000000000075,67.8615,150.3677125,263.1469125000001,4.5472875,6.048475000000001,0.82975,79.709375,0.520310115017461,0.7679719513918124
121.2,24.4,230.6327,SSP5-8.5,2081-2100,63.2912,145.4205,259.0808000000002,4.507899999999999,6.351700000000001,1.725900000000001,77.725,144.44400000000002,263.20013750000004,4.7261250000000015,6.2263,1.1079874999999997,76.18725,0.520310115017461,0.8311677317615993
121.2,24.45,269.3947,SSP5-8.5,2081-2100,74.88729999999998,160.2968,291.4036000000001,4.949999999999999,5.827600000000004,1.4758999999999993,86.6769,150.1905125,274.9403375000001,4.9889375000000005,5.9652875,1.4881624999999998,80.3908625,0.520310115017461,0.8943635121313908
121.2,24.5,324.1016,SSP5-8.5,2081-2100,97.85699999999997,160.6004,307.6626000000001,5.421099999999999,5.094799999999999,1.7828,85.6231,157.38185000000001,272.8396000000001,5.0313375,6.3446,1.7129499999999995,86.2908625,0.520310115017461,0.9575592925011822
121.2,24.55,335.3871,SSP5-8.5,2081-2100,89.73650000000004,156.6496,248.97339999999986,4.9453,6.960299999999997,2.0465999999999998,87.8846,163.45917500000002,260.1392500000001,4.856187499999999,6.872400000000001,1.9028249999999995,90.630525,0.520310115017461,1.0207550728709736
121.2,24.6,331.4024,SSP5-8.5,2081-2100,76.48500000000001,155.49130000000002,198.49749999999995,4.3626000000000005,8.939700000000002,1.8844999999999992,87.4019,168.97165,219.54104999999998,4.500087499999999,7.4372750000000005,2.055625,95.48965,0.520310115017461,1.0839508532407651
121.2,24.65,302.8522,SSP5-8.5,2081-2100,80.16950000000003,174.5885,170.14259999999967,4.2713,6.9155000000000015,2.094800000000001,99.7096,171.64623749999998,194.3758,4.2902,7.869612500000001,1.7803999999999998,99.2112875,0.520310115017461,1.147146633610552
121.2,24.7,276.8722,SSP5-8.5,2081-2100,68.71940000000001,177.413,164.88279999999986,4.234399999999997,7.3431,1.7447999999999997,106.5885,173.9845375,182.272575,4.2012625,7.782325,1.5303875000000002,102.42954999999999,0.520310115017461,1.2103424139803434
121.2,24.75,236.2187,SSP5-8.5,2081-2100,70.24709999999999,174.56609999999998,180.34079999999994,4.0152,6.336199999999998,1.7603000000000009,105.7038,173.1634,162.35754999999997,3.9115374999999997,8.1627125,1.153875,103.99375,0.520310115017461,1.273538194350135
121.2,24.8,178.2848,SSP5-8.5,2081-2100,48.183700000000016,170.4273,121.39069999999992,3.119299999999999,9.258600000000001,0.7568999999999999,103.8731,169.81225,140.55383749999993,3.6332750000000003,8.397424999999998,1.0254125,102.7697,0.520310115017461,1.3367339747199263
121.2,24.85,172.0038,SSP5-8.5,2081-2100,41.82129999999998,166.7072,79.3313999999998,2.9757,9.312099999999997,0.9171999999999993,101.5731,166.4204375,121.1029999999999,3.4205874999999994,8.5082,0.47131250000000025,101.17739999999999,0.520310115017461,1.3999297550897176
121.2,24.9,157.3468,SSP5-8.5,2081-2100,36.999300000000005,162.94299999999998,113.50279999999998,3.246199999999998,7.796599999999998,-0.006899999999999906,99.16730000000001,164.77643750000001,108.02831249999994,3.4493875,8.7170375,0.011400000000000077,100.03917499999999,0.520310115017461,1.4631255354595045
121.2,24.95,144.8226,SSP5-8.5,2081-2100,37.965900000000005,163.82780000000002,105.40149999999994,3.5410000000000004,7.530999999999999,-0.7309999999999999,97.55959999999999,165.8299625,126.1959875,3.6589124999999996,7.9659625,-0.19592500000000002,100.491575,0.520310115017461,1.526321315829296
121.2,25.0,141.6057,SSP5-8.5,2081-2100,40.6053,169.3312,123.15520000000015,4.0279000000000025,6.2723999999999975,-0.2638000000000007,102.1173,167.753175,143.6703125,3.76075,7.36035,-0.25711249999999986,100.80768749999999,0.520310115017461,1.5895170961990874
121.2,25.05,139.4125,SSP5-8.5,2081-2100,46.586900000000014,171.43280000000001,153.35339999999997,3.8282999999999987,6.9569000000000045,-0.12409999999999854,102.6808,169.57420000000002,158.86346250000003,3.8420125,6.720249999999998,-0.20367500000000016,101.73317499999999,0.520310115017461,1.652712876568879
121.2,25.1,131.6031,SSP5-8.5,2081-2100,45.01989999999998,171.0624,149.41910000000007,3.7620000000000005,7.417199999999994,-0.39310000000000045,102.61540000000001,168.9948375,158.88955000000004,3.7836499999999997,6.5116375,-0.14031249999999973,100.64255,0.520310115017461,1.7159086569386703
121.25,22.9,216.8963,SSP5-8.5,2081-2100,36.6815,203.4007,300.7165,6.336500000000001,14.644799999999996,2.4292999999999996,113.775,193.0897,355.42483749999997,6.4636875,14.687725,2.5786625,105.74278749999999,0.6260039550986825,-1.0647056793321166
121.25,22.95,205.0974,SSP5-8.5,2081-2100,50.835499999999996,193.3466,351.85469999999987,6.641499999999997,16.977600000000002,2.608599999999999,103.7404,193.96336250000002,369.35636250000005,6.5639875,13.294187499999998,2.6780124999999995,105.2245125,0.6260039550986825,-1.0015098989623252
121.25,23.0,198.2906,SSP5-8.5,2081-2100,63.15020000000001,189.1457,373.78290000000015,7.677099999999999,12.831000000000003,2.7965999999999998,101.5327,192.1041625,370.72703750000005,6.8587875,12.369399999999999,2.693525,103.56755000000001,0.6260039550986825,-0.9383141185925338
121.25,23.05,204.9055,SSP5-8.5,2081-2100,62.244200000000006,194.04719999999998,373.1243000000002,7.4116,7.605199999999996,2.793099999999999,105.75,189.9876,374.0777875,6.848925,11.914212499999998,2.8556,102.09831249999999,0.6260039550986825,-0.8751183382227424
121.25,23.1,235.0819,SSP5-8.5,2081-2100,53.93410000000003,192.9656,366.2336,6.226299999999998,11.780999999999999,3.1724000000000006,105.63080000000001,187.684,375.93895000000003,6.608237500000001,10.48255,2.8861999999999997,100.205525,0.6260039550986825,-0.811922557852951
121.25,23.15,250.155,SSP5-8.5,2081-2100,54.900799999999975,182.778,385.41550000000007,6.405799999999999,10.463799999999999,2.8016999999999994,95.02879999999999,187.978175,370.33337500000005,6.308275,11.602587499999998,2.8709125,101.26635,0.6260039550986825,-0.748726777483164
121.25,23.2,265.027,SSP5-8.5,2081-2100,58.79509999999999,182.487,387.56510000000026,6.675999999999998,12.165500000000002,2.7276000000000007,94.65190000000001,187.08246250000002,381.5797375,6.468275,10.7015125,2.857325,101.37163749999999,0.6260039550986825,-0.6855309971133726
121.25,23.25,255.8634,SSP5-8.5,2081-2100,68.10429999999997,194.08929999999998,405.7273,7.038700000000002,11.429300000000005,2.9724000000000004,106.13650000000001,187.8914,416.8166625,6.5467125,10.725,2.8301875,102.76827499999999,0.6260039550986825,-0.6223352167435812
121.25,23.3,241.7888,SSP5-8.5,2081-2100,86.16689999999997,196.02800000000002,490.08659999999986,6.272600000000001,10.1052,3.0845000000000002,107.3135,191.85963750000002,469.3180375,6.5814375,10.045250000000001,2.8928874999999996,106.9235375,0.6260039550986825,-0.5591394363737897
121.25,23.35,238.2871,SSP5-8.5,2081-2100,104.69400000000002,202.8876,571.251,6.256600000000002,9.124099999999999,3.029299999999999,118.4615,195.11534999999998,511.1028125000001,6.154512499999999,9.196124999999999,2.7198374999999997,109.24278749999999,0.6260039550986825,-0.4959436560039983
121.25,23.4,249.908,SSP5-8.5,2081-2100,105.32270000000003,196.5231,587.3634000000002,5.800599999999999,7.6966,2.6258999999999997,114.44619999999999,196.315725,528.4743250000001,5.7884125,8.518325,2.79675,111.64059999999999,0.6260039550986825,-0.43274787563421135
121.25,23.45,255.8864,SSP5-8.5,2081-2100,108.28329999999997,204.82090000000002,584.4814000000001,5.494300000000001,6.246600000000001,3.0085999999999995,120.5115,195.43096250000002,532.3091875000002,5.369024999999999,7.4748,2.8329750000000002,112.3903875,0.6260039550986825,-0.3695520952644199
121.25,23.5,265.0738,SSP5-8.5,2081-2100,111.78499999999997,201.8586,600.7771000000002,5.244300000000001,5.917200000000001,3.344800000000001,120.54419999999999,194.3406125,543.4212000000002,5.1221125,6.650025,2.95625,113.120425,0.6260039550986825,-0.3063563148946285
121.25,23.55,268.8578,SSP5-8.5,2081-2100,118.5661,195.5256,641.9131000000002,5.118500000000001,6.068999999999999,3.7569,115.91149999999999,189.3118,534.3739,5.0034875,6.240300000000001,2.6317000000000004,111.0851,0.6260039550986825,-0.24316053452483705
121.25,23.6,227.2408,SSP5-8.5,2081-2100,116.13879999999997,179.22539999999998,536.0978999999998,4.9999,7.846599999999999,2.3345000000000002,104.9558,185.18017500000002,513.0427999999999,5.1045125,6.6301625,2.4327750000000004,109.03197499999999,0.6260039550986825,-0.17996475415504562
121.25,23.65,198.6305,SSP5-8.5,2081-2100,108.83489999999998,179.8222,460.6263999999999,5.401999999999999,7.786200000000001,2.219000000000001,105.0654,176.481225,469.10312499999986,5.115975000000001,6.182325,2.1150875,103.994475,0.6260039550986825,-0.11676897378525869
121.25,23.7,192.2125,SSP5-8.5,2081-2100,94.18960000000001,164.05239999999998,423.5721000000001,5.0471,4.0379000000000005,1.8672000000000004,97.01729999999999,172.72401250000001,401.2352124999999,4.9838375,5.554525,2.1614250000000004,101.0132375,0.6260039550986825,-0.053573193415467256
121.25,23.75,196.7212,SSP5-8.5,2081-2100,64.66089999999997,161.2045,294.73680000000013,4.115599999999999,2.627600000000001,2.4190000000000005,92.5308,164.8813875,360.5947625,4.891137500000001,5.342225,2.0032249999999996,94.3413375,0.6260039550986825,0.009622586954324176
121.25,23.8,188.5517,SSP5-8.5,2081-2100,71.67819999999998,166.9306,284.5601999999999,4.586000000000002,5.094799999999999,1.6052,91.3519,154.128225,320.64875000000006,4.7650749999999995,6.5323125,2.0635875,84.7129875,0.6260039550986825,0.0728183673241156
121.25,23.85,197.332,SSP5-8.5,2081-2100,70.63530000000003,152.23999999999998,305.8211000000001,4.791499999999999,8.3138,1.9328000000000003,79.84809999999999,156.03155,328.19432500000005,4.988700000000001,8.239425,1.7073250000000002,84.71561249999999,0.6260039550986825,0.13601414769390704
121.25,23.9,202.9011,SSP5-8.5,2081-2100,75.31899999999999,157.6284,338.99519999999984,5.126700000000003,8.705200000000005,1.463799999999999,86.92880000000001,156.55714999999998,363.7775625000001,5.259987499999999,8.478662499999999,1.3282375000000004,84.22693749999999,0.6260039550986825,0.19920992806369398
121.25,23.95,198.7248,SSP5-8.5,2081-2100,85.92370000000003,167.5755,409.4522999999999,5.566299999999998,7.120699999999999,0.09999999999999964,90.80579999999999,161.356,420.44820000000004,5.748225,7.603025,0.7691750000000004,87.8810125,0.6260039550986825,0.26240570843348543
121.25,24.0,184.3078,SSP5-8.5,2081-2100,121.66380000000004,158.68970000000002,542.2363999999998,6.7349,5.127600000000001,0.13790000000000013,84.9577,161.7497625,471.00816250000014,6.170224999999999,6.153887499999998,0.417675,87.09135,0.6260039550986825,0.32560148880327683
121.25,24.05,199.552,SSP5-8.5,2081-2100,137.9655,158.6776,618.9436000000001,7.311299999999999,3.7292999999999985,0.07409999999999961,84.3885,161.39996250000002,488.04285,6.399349999999999,5.493762499999998,0.2407250000000003,86.3673,0.6260039550986825,0.3887972691730683
121.25,24.1,183.641,SSP5-8.5,2081-2100,102.98859999999999,167.313,525.6998999999996,6.666599999999999,4.079299999999996,-0.07070000000000043,89.4615,159.0036,473.230025,6.315774999999999,5.101299999999998,0.421775,84.6697125,0.6260039550986825,0.4519930495428597
121.25,24.15,209.9447,SSP5-8.5,2081-2100,85.67359999999996,149.46970000000002,495.6325999999999,6.199000000000002,3.8362000000000016,0.3689999999999998,78.05189999999999,161.1886,391.7363624999999,5.637762499999999,5.4295375,0.2905375000000001,86.178375,0.6260039550986825,0.5151888299126467
121.25,24.2,229.0998,SSP5-8.5,2081-2100,65.98550000000003,158.4974,304.43039999999974,4.6861999999999995,4.919000000000004,0.3465999999999987,85.06729999999999,160.3164875,335.085325,4.866775,5.456462500000001,0.24571249999999978,85.640875,0.6260039550986825,0.578384610282438
121.25,24.25,225.2069,SSP5-8.5,2081-2100,60.52290000000002,164.82600000000002,244.04760000000033,3.4633000000000003,5.2723999999999975,0.22589999999999932,88.6827,160.931375,281.90521249999995,4.231087499999999,5.375200000000001,0.36163750000000006,86.5017,0.6260039550986825,0.6415803906522295
121.25,24.3,209.9772,SSP5-8.5,2081-2100,62.73249999999999,163.857,250.22850000000017,3.633399999999998,4.6172,0.47409999999999997,87.5904,157.0613625,256.49744999999996,3.9187000000000003,5.765062499999999,0.6254249999999999,84.2113,0.6260039550986825,0.704776171022021
121.25,24.35,223.0774,SSP5-8.5,2081-2100,61.13920000000002,159.0736,261.2844,3.9692000000000007,5.870699999999999,1.5637999999999987,85.4077,148.7265125,244.463475,3.982625,5.6917875,1.0969750000000005,78.764175,0.6260039550986825,0.7679719513918124
121.25,24.4,225.9841,SSP5-8.5,2081-2100,66.77109999999999,116.26829999999998,255.1495,4.247300000000003,6.5000000000000036,1.4000000000000004,56.7096,148.5211375,240.867725,4.1852625,5.855599999999999,1.4045374999999998,79.25935,0.6260039550986825,0.8311677317615993
121.25,24.45,242.0057,SSP5-8.5,2081-2100,69.67849999999999,130.5618,246.39499999999998,4.505100000000002,5.662099999999995,1.3430999999999997,68.3096,150.0572,252.47125000000008,4.47835,5.330375,1.6340749999999997,79.54397499999999,0.6260039550986825,0.8943635121313908
121.25,24.5,273.7845,SSP5-8.5,2081-2100,77.14750000000004,156.71020000000001,262.8938000000003,4.912299999999998,4.753399999999999,1.463799999999999,83.6404,153.43975,261.42920000000004,4.617050000000001,5.5680999999999985,1.9045499999999995,82.81465,0.6260039550986825,0.9575592925011822
121.25,24.55,315.5168,SSP5-8.5,2081-2100,72.78250000000003,159.2387,283.3823000000002,4.683600000000002,5.586199999999998,2.3621,87.625,159.2576875,255.82883750000005,4.617199999999999,5.851075,2.114674999999999,86.83148750000001,0.6260039550986825,1.0207550728709736
121.25,24.6,338.8761,SSP5-8.5,2081-2100,72.12119999999999,164.66989999999998,269.9099000000001,4.412799999999997,6.332800000000002,2.246599999999999,91.1096,163.0136625,231.49331249999994,4.478325,7.0364249999999995,2.2735,90.57091249999999,0.6260039550986825,1.0839508532407651
121.25,24.65,318.885,SSP5-8.5,2081-2100,69.78620000000001,166.4387,182.17309999999998,4.301300000000001,8.563799999999997,1.8844999999999992,91.7346,167.53961250000003,217.95249999999993,4.488124999999999,7.495687500000001,2.1224125,94.9714,0.6260039550986825,1.147146633610552
121.25,24.7,287.2491,SSP5-8.5,2081-2100,81.29649999999998,172.4585,220.05250000000024,4.6644000000000005,8.167200000000001,1.8948,99.9096,170.13475,200.84812499999992,4.398925,8.10905,1.9092625,97.9451875,0.6260039550986825,1.2103424139803434
121.25,24.75,249.5033,SSP5-8.5,2081-2100,79.71759999999998,173.7695,241.94750000000022,4.3964,9.296599999999998,1.7414000000000005,103.2615,169.9189,187.63334999999995,4.1287625,8.02025,1.7236875,100.038225,0.6260039550986825,1.273538194350135
121.25,24.8,195.4141,SSP5-8.5,2081-2100,55.929,169.7382,190.53049999999985,3.6967,6.577600000000004,1.601700000000001,101.3596,168.2909,171.94767499999998,3.7645250000000003,8.809925,1.42175,100.6341375,0.6260039550986825,1.3367339747199263
121.25,24.85,154.826,SSP5-8.5,2081-2100,46.53,161.7985,170.16489999999976,3.264300000000002,8.412100000000002,1.0,98.42309999999999,165.121025,143.4353749999999,3.5052749999999997,8.7982875,0.8997625000000002,99.8293375,0.6260039550986825,1.3999297550897176
121.25,24.9,142.2652,SSP5-8.5,2081-2100,39.001599999999996,159.6137,134.12559999999985,3.5539999999999985,9.022400000000001,0.003400000000000958,97.34039999999999,162.0562375,122.83978749999991,3.4555124999999998,8.959274999999998,0.2874875000000001,98.15625,0.6260039550986825,1.4631255354595045
121.25,24.95,139.2897,SSP5-8.5,2081-2100,35.4135,160.31640000000002,94.9991,3.5442,9.789700000000003,-0.3689999999999998,97.0615,161.97195,127.87007499999996,3.5933624999999996,8.517224999999998,0.01012500000000005,98.016825,0.6260039550986825,1.526321315829296
121.25,25.0,141.6408,SSP5-8.5,2081-2100,38.838599999999985,164.094,141.74800000000005,3.668099999999999,9.244800000000001,0.10169999999999924,98.5231,164.0944125,134.53442499999997,3.6662124999999994,8.059262499999999,-0.07089999999999952,98.6466375,0.6260039550986825,1.5895170961990874
121.25,25.05,137.2724,SSP5-8.5,2081-2100,45.401099999999985,167.1763,159.33819999999992,3.587399999999999,6.796599999999998,-0.14309999999999867,99.87119999999999,166.6683625,153.24756250000002,3.7243249999999994,7.650849999999998,0.08491250000000017,99.591825,0.6260039550986825,1.652712876568879
121.25,25.1,130.315,SSP5-8.5,2081-2100,44.526399999999995,168.4591,147.40359999999987,3.5981999999999985,7.108599999999996,-0.36379999999999946,99.6192,167.56681250000003,157.07176250000003,3.701962499999999,7.3138,0.024562500000000487,99.55170000000001,0.6260039550986825,1.7159086569386703
121.3,22.95,212.7497,SSP5-8.5,2081-2100,48.84170000000003,201.09640000000002,305.34310000000005,6.2468,18.248300000000004,2.565500000000001,111.3923,193.295625,363.89700000000005,6.8337125,13.100212499999998,2.6726249999999996,104.353125,0.7316977951799037,-1.0015098989623252
121.3,23.0,206.4605,SSP5-8.5,2081-2100,56.42260000000002,194.994,335.645,6.6248000000000005,17.001699999999996,2.8448,106.2538,193.514875,356.88002500000005,6.8903125,13.274999999999999,2.7599124999999995,104.9197125,0.7316977951799037,-0.9383141185925338
121.3,23.05,210.6232,SSP5-8.5,2081-2100,59.733900000000006,189.9126,348.6485,7.6128,11.8448,2.8792999999999997,101.075,192.2286,362.10977500000007,6.532937500000001,12.811187499999999,2.992025,104.3274,0.7316977951799037,-0.8751183382227424
121.3,23.1,220.1791,SSP5-8.5,2081-2100,58.07830000000001,193.6985,349.3138999999999,6.531000000000002,14.836199999999998,2.884499999999999,105.44420000000001,190.38946249999998,353.7237625000001,6.435500000000001,12.420675,3.021975,102.5759625,0.7316977951799037,-0.811922557852951
121.3,23.15,238.9551,SSP5-8.5,2081-2100,54.41130000000001,183.86509999999998,345.0495000000001,6.419900000000002,12.663799999999995,2.8810000000000002,97.7558,188.8956125,350.94626250000005,6.247575,12.245675,2.9683249999999997,101.4596125,0.7316977951799037,-0.748726777483164
121.3,23.2,262.8138,SSP5-8.5,2081-2100,54.6499,191.4074,334.50299999999993,6.285299999999999,10.177599999999998,2.956899999999999,103.0962,186.72322499999999,366.22280000000006,6.516087500000001,11.3411625,2.87995,99.4862875,0.7316977951799037,-0.6855309971133726
121.3,23.25,259.1125,SSP5-8.5,2081-2100,62.18090000000001,184.0523,404.6127999999999,6.834099999999999,10.9328,3.25,94.8673,188.689125,402.85611250000005,6.5234250000000005,10.513362500000001,2.882975,100.7298,0.7316977951799037,-0.6223352167435812
121.3,23.3,251.4089,SSP5-8.5,2081-2100,82.91409999999999,184.37529999999998,494.8098000000002,6.709800000000001,8.518999999999998,2.946599999999999,94.7942,191.7476375,448.4460375,6.58755,10.6196125,2.9543000000000004,103.106475,0.7316977951799037,-0.5591394363737897
121.3,23.35,264.1773,SSP5-8.5,2081-2100,90.07139999999998,191.53359999999998,482.31909999999993,6.750699999999998,10.584500000000002,2.7086000000000006,100.4115,191.61463750000001,486.493925,6.277725,10.1590625,2.832775,103.2687375,0.7316977951799037,-0.4959436560039983
121.3,23.4,271.1424,SSP5-8.5,2081-2100,94.04609999999997,195.2246,485.28970000000027,5.816799999999997,11.613800000000001,2.7483000000000004,103.0788,193.7237625,491.23877500000003,6.086962499999999,9.594199999999999,2.8487,106.4047875,0.7316977951799037,-0.43274787563421135
121.3,23.45,263.8152,SSP5-8.5,2081-2100,101.4273,198.32070000000002,489.4626000000003,5.3163,9.398299999999999,3.4033999999999995,110.8769,194.18135,495.5586375000001,5.721887499999999,8.6914,2.8491375000000003,107.618975,0.7316977951799037,-0.3695520952644199
121.3,23.5,266.137,SSP5-8.5,2081-2100,119.3123,199.6427,537.0091000000002,4.929500000000001,4.412100000000002,3.0966000000000005,114.20769999999999,195.02315,516.9591000000001,5.502987500000001,8.104312499999999,3.2489,110.6348375,0.7316977951799037,-0.3063563148946285
121.3,23.55,253.8481,SSP5-8.5,2081-2100,134.90860000000004,194.462,597.4992000000002,4.884200000000002,5.3309999999999995,3.7276000000000007,114.3,192.6520625,529.2363625,5.309700000000001,7.087937500000001,2.9105625,110.619225,0.7316977951799037,-0.24316053452483705
121.3,23.6,231.6263,SSP5-8.5,2081-2100,129.1727,190.3835,579.4497000000001,5.034500000000001,4.7448000000000015,2.3689999999999998,114.4346,186.2331125,519.9529749999999,5.263450000000001,7.455175,2.8110000000000004,108.0372625,0.7316977951799037,-0.17996475415504562
121.3,23.65,198.8598,SSP5-8.5,2081-2100,115.8089,176.41860000000003,488.6221999999998,5.444199999999999,7.4207,2.3500000000000014,103.9962,180.661425,480.4080874999999,5.148787500000001,6.8525875,2.2868500000000003,104.8997625,0.7316977951799037,-0.11676897378525869
121.3,23.7,198.088,SSP5-8.5,2081-2100,97.9245,173.587,439.1734999999999,5.312300000000002,6.662099999999999,1.767199999999999,99.4346,176.0143,437.09978749999993,5.031899999999999,5.78965,2.3661625000000006,102.47478749999999,0.7316977951799037,-0.053573193415467256
121.3,23.75,206.5757,SSP5-8.5,2081-2100,88.7279,175.3094,356.01779999999985,4.835700000000001,4.1431000000000004,1.8086000000000002,103.0462,174.096225,403.7011625,5.0820875,6.031025000000001,2.2362,99.26996249999999,0.7316977951799037,0.009622586954324176
121.3,23.8,210.7696,SSP5-8.5,2081-2100,90.99249999999998,178.3113,337.2515000000001,5.184700000000001,8.617200000000004,2.0259,101.0865,167.8327,386.4619625,5.209099999999999,6.6461125,2.1937625,93.93463750000001,0.7316977951799037,0.0728183673241156
121.3,23.85,217.8147,SSP5-8.5,2081-2100,98.64169999999999,146.1164,365.91480000000024,5.466199999999999,9.687899999999999,1.9914000000000005,77.5,167.93827499999998,381.90918750000003,5.435600000000001,8.385125,2.0165999999999995,93.2451875,0.7316977951799037,0.13601414769390704
121.3,23.9,216.9464,SSP5-8.5,2081-2100,99.71419999999998,162.1497,393.70939999999996,5.5898,9.749999999999996,1.851700000000001,90.175,158.7784,405.76581250000015,5.5846124999999995,8.065737500000001,1.6745874999999997,85.933175,0.7316977951799037,0.19920992806369398
121.3,23.95,210.6926,SSP5-8.5,2081-2100,98.1276,145.8111,436.0138000000002,5.7136,7.186199999999996,1.5396999999999998,76.1654,161.4673375,449.27625,5.842124999999999,6.765525,1.1433125,87.7014375,0.7316977951799037,0.26240570843348543
121.3,24.0,204.0411,SSP5-8.5,2081-2100,115.74319999999997,158.76160000000002,519.2498,6.3523,4.300000000000001,0.42410000000000103,84.3365,156.7981375,496.04675000000003,6.163549999999999,5.169399999999999,0.8097124999999998,83.69856250000001,0.7316977951799037,0.32560148880327683
121.3,24.05,201.9381,SSP5-8.5,2081-2100,126.6668,148.4656,582.6089000000002,6.665899999999997,2.570699999999995,0.6327999999999996,77.8365,157.0843375,525.0461249999998,6.464874999999999,4.4394374999999995,0.4614125000000002,83.7488,0.7316977951799037,0.3887972691730683
121.3,24.1,183.4887,SSP5-8.5,2081-2100,103.86509999999998,152.3422,604.9789999999998,7.059999999999999,3.9482999999999997,0.2983000000000011,80.4558,153.7416,499.7911499999999,6.287624999999999,4.182537499999999,0.4681124999999997,81.3545625,0.7316977951799037,0.4519930495428597
121.3,24.15,195.9269,SSP5-8.5,2081-2100,80.4527,149.88850000000002,457.80790000000025,5.9990999999999985,4.8724000000000025,0.4051999999999989,78.1712,153.32945,419.11772499999984,5.627924999999999,4.6780124999999995,0.4267375000000002,81.3947125,0.7316977951799037,0.5151888299126467
121.3,24.2,225.1123,SSP5-8.5,2081-2100,61.07099999999997,152.02480000000003,289.7188000000001,4.367100000000001,5.056900000000002,0.31210000000000093,81.3808,154.7811375,338.94586250000003,4.80065,5.175425000000001,0.5375249999999996,82.364425,0.7316977951799037,0.578384610282438
121.3,24.25,236.656,SSP5-8.5,2081-2100,64.73399999999998,157.3361,299.24389999999994,3.9556000000000004,5.143099999999997,0.14309999999999867,83.55,156.410525,266.95382500000005,4.1013,5.201712500000001,0.7737125,83.7437625,0.7316977951799037,0.6415803906522295
121.3,24.3,221.4116,SSP5-8.5,2081-2100,59.35620000000003,159.07219999999998,265.40009999999984,3.684100000000001,4.5534000000000034,1.272400000000001,85.3462,157.38422500000001,239.58530000000002,3.8095000000000003,5.504087499999999,0.9318999999999995,84.19255,0.7316977951799037,0.704776171022021
121.3,24.35,219.0711,SSP5-8.5,2081-2100,57.18799999999999,156.66580000000002,199.91669999999976,3.4738000000000007,6.0534,1.1982999999999997,84.6865,152.88956249999998,213.40131249999996,3.7420250000000004,5.565300000000001,1.335125,80.9976,0.7316977951799037,0.7679719513918124
121.3,24.4,223.1844,SSP5-8.5,2081-2100,62.90939999999998,157.0353,196.17589999999996,3.5504999999999995,4.348299999999998,1.9069000000000003,83.7538,147.61290000000002,195.19562499999998,3.747725000000001,6.2355624999999995,1.3978499999999996,78.2605625,0.7316977951799037,0.8311677317615993
121.3,24.45,221.8939,SSP5-8.5,2081-2100,67.0592,147.44920000000002,216.6083000000001,4.054600000000001,5.830999999999996,1.5775999999999986,79.6538,148.3704625,203.99768750000007,3.9567,5.6082,1.4924624999999996,78.3495,0.7316977951799037,0.8943635121313908
121.3,24.5,233.9166,SSP5-8.5,2081-2100,68.54100000000003,156.6769,230.79549999999995,4.1831,3.9361999999999995,1.7396999999999991,82.5692,152.28733750000004,240.45767500000014,4.235375000000001,5.607549999999998,1.8051749999999995,82.06993750000001,0.7316977951799037,0.9575592925011822
121.3,24.55,262.7394,SSP5-8.5,2081-2100,64.02870000000001,156.0446,266.2129,4.1936,5.646599999999999,2.9086,84.175,157.3178625,258.41300000000007,4.4319875,4.943749999999999,2.0954874999999995,85.6552875,0.7316977951799037,1.0207550728709736
121.3,24.6,277.6191,SSP5-8.5,2081-2100,71.34960000000001,167.2186,261.68510000000015,4.506799999999998,5.1447999999999965,2.8447999999999993,92.24810000000001,159.7251375,254.64714999999995,4.467025000000001,6.4260874999999995,2.3530249999999997,87.72957500000001,0.7316977951799037,1.0839508532407651
121.3,24.65,301.9903,SSP5-8.5,2081-2100,75.54450000000003,168.4393,240.87959999999975,4.562100000000001,8.534500000000001,2.1621000000000006,93.7885,163.267675,239.6416625,4.630025,6.995674999999999,2.3131375,90.77452500000001,0.7316977951799037,1.147146633610552
121.3,24.7,308.3239,SSP5-8.5,2081-2100,83.13190000000003,160.0378,217.5699999999997,4.890599999999999,8.587899999999998,2.1068999999999996,89.0154,168.429975,228.33543750000007,4.623200000000001,8.6512875,2.0349125,95.27018749999999,0.7316977951799037,1.2103424139803434
121.3,24.75,270.9052,SSP5-8.5,2081-2100,85.44820000000004,165.8251,208.84860000000026,4.520099999999999,9.294800000000002,1.7792999999999992,93.75959999999999,168.357,217.48305,4.4101,8.2985,1.9905125000000004,97.623075,0.7316977951799037,1.273538194350135
121.3,24.8,216.2419,SSP5-8.5,2081-2100,61.69060000000002,168.8852,197.45089999999982,3.889400000000002,8.596599999999999,2.1448,100.0962,166.63055,194.66031250000003,4.0382125,8.496350000000001,1.6172375,98.1995125,0.7316977951799037,1.3367339747199263
121.3,24.85,177.3614,SSP5-8.5,2081-2100,51.0479,164.3483,176.10660000000007,3.9358000000000004,9.972399999999997,1.2741000000000007,98.3827,163.1619375,161.05869999999993,3.6518875000000004,8.2745875,1.1762875000000002,98.01658749999999,0.7316977951799037,1.3999297550897176
121.3,24.9,149.5874,SSP5-8.5,2081-2100,43.810299999999984,158.3053,135.04449999999997,3.6250999999999998,9.850000000000001,0.5068999999999999,96.8423,160.331775,131.95531249999996,3.5591375,8.751725,0.4726125000000001,97.171875,0.7316977951799037,1.4631255354595045
121.3,24.95,142.3323,SSP5-8.5,2081-2100,41.123099999999994,158.2034,108.16749999999979,3.5117999999999974,9.010299999999997,-0.29139999999999944,96.2404,159.203975,126.15131249999996,3.5488874999999998,9.091587500000003,0.264,96.70456250000001,0.7316977951799037,1.526321315829296
121.3,25.0,140.2247,SSP5-8.5,2081-2100,41.99359999999999,159.4572,161.81549999999993,3.572800000000001,9.410299999999996,0.7621000000000002,96.3442,160.81525,125.73873749999998,3.567124999999999,8.7984875,0.034037500000000054,96.9336625,0.7316977951799037,1.5895170961990874
121.3,25.05,133.8473,SSP5-8.5,2081-2100,41.5308,163.0102,170.04500000000007,3.716299999999997,8.706899999999997,0.5931000000000006,97.29809999999999,163.45856249999997,145.37588749999998,3.6049374999999997,8.3588375,0.17176250000000015,97.3795625,0.7316977951799037,1.652712876568879
121.3,25.1,127.6105,SSP5-8.5,2081-2100,46.753600000000006,166.5,179.04070000000002,3.6209999999999987,6.089700000000001,0.3672000000000004,97.5365,165.5634375,146.75197500000002,3.6277374999999994,7.986199999999998,0.02845000000000031,98.0863,0.7316977951799037,1.7159086569386703
121.3,25.15,130.2116,SSP5-8.5,2081-2100,41.40860000000001,165.4983,132.99580000000014,3.5397,7.324100000000001,-0.006899999999999906,96.6,166.187525,153.30685,3.6238874999999995,7.793974999999998,0.0898625000000004,98.374525,0.7316977951799037,1.7791044373084572
121.35,23.05,216.5907,SSP5-8.5,2081-2100,55.299799999999976,195.52499999999998,336.81470000000013,5.7158000000000015,16.429299999999998,3.1362000000000005,107.6,192.3255,351.24476250000004,6.4260625000000005,12.8122625,3.0497875,104.00094999999999,0.837391635261125,-0.8751183382227424
121.35,23.1,223.9805,SSP5-8.5,2081-2100,54.45269999999999,192.1878,350.61030000000005,5.523600000000002,14.717200000000002,3.5138,103.93459999999999,190.41885,348.5194,6.187950000000001,13.121312499999998,3.0622875,102.2990375,0.837391635261125,-0.811922557852951
121.35,23.15,217.1935,SSP5-8.5,2081-2100,57.4315,191.83440000000002,323.8937000000001,6.168200000000002,13.860299999999995,2.9983000000000004,103.8327,188.2790625,344.62737500000003,5.9414125,12.493525,3.0528125,100.481725,0.837391635261125,-0.748726777483164
121.35,23.2,235.3941,SSP5-8.5,2081-2100,55.224399999999974,183.8062,310.0350000000001,6.1644000000000005,9.963800000000006,2.6914,100.0577,187.528575,357.0310875,6.1648625,12.048062499999999,3.010125,99.16273749999999,0.837391635261125,-0.6855309971133726
121.35,23.25,226.3064,SSP5-8.5,2081-2100,60.886000000000024,190.8735,367.48350000000005,6.4216000000000015,9.25,2.717200000000001,103.5596,186.6707,389.072675,6.2929125,11.2948375,3.0349125,97.830275,0.837391635261125,-0.6223352167435812
121.35,23.3,217.9439,SSP5-8.5,2081-2100,77.42009999999996,186.4463,432.6386,6.619,12.496499999999997,2.9672,96.2288,188.35817500000002,429.64132500000005,6.363825,10.525875,3.0756375,99.37186249999999,0.837391635261125,-0.5591394363737897
121.35,23.35,247.5784,SSP5-8.5,2081-2100,81.61180000000002,188.0705,433.44939999999997,6.507099999999998,11.034499999999998,2.9052000000000007,97.8731,189.7529625,449.94686250000007,6.20505,10.681249999999999,3.0148625,100.7884375,0.837391635261125,-0.4959436560039983
121.35,23.4,262.7087,SSP5-8.5,2081-2100,86.48229999999995,183.3617,397.0628999999997,6.2393,10.682799999999997,2.3552,93.9538,191.23755,445.04908750000004,6.040387499999999,10.6980625,3.0187375,102.8788375,0.837391635261125,-0.43274787563421135
121.35,23.45,243.0505,SSP5-8.5,2081-2100,95.4597,184.272,384.5204000000001,6.330799999999998,11.986199999999997,2.753399999999999,94.7038,191.1454375,439.8833875,5.7904625,10.0245875,2.88125,103.2997625,0.837391635261125,-0.3695520952644199
121.35,23.5,239.3016,SSP5-8.5,2081-2100,97.92449999999997,187.7472,387.9650999999999,5.919500000000001,10.9759,2.8603000000000005,99.50580000000001,190.1612625,453.2395500000001,5.7190125,9.230812499999999,2.9594875,103.9048125,0.837391635261125,-0.3063563148946285
121.35,23.55,232.5434,SSP5-8.5,2081-2100,115.19450000000003,193.1782,449.0538999999999,5.716000000000001,8.9103,3.1362000000000005,108.72500000000001,188.78300000000002,472.49126250000006,5.573037500000001,8.112937500000001,2.68255,104.11611249999999,0.837391635261125,-0.24316053452483705
121.35,23.6,240.6029,SSP5-8.5,2081-2100,121.951,193.65529999999998,501.6249999999998,5.515400000000001,7.8276,2.3862000000000005,106.6692,185.1547625,482.1515875000001,5.47035,7.8849,2.6635875,104.4216375,0.837391635261125,-0.17996475415504562
121.35,23.65,236.2236,SSP5-8.5,2081-2100,112.23479999999998,177.57760000000002,484.1861000000001,5.027399999999998,8.45,2.5775999999999986,104.675,184.01541250000002,475.07792499999994,5.422112500000001,7.5407375000000005,2.318525,102.76755,0.837391635261125,-0.11676897378525869
121.35,23.7,250.289,SSP5-8.5,2081-2100,110.79900000000004,186.988,418.53399999999965,4.851700000000001,7.4655000000000005,2.7741000000000007,106.94619999999999,180.9533125,470.1312,5.396212500000001,7.2627125,2.298275,102.37141249999999,0.837391635261125,-0.053573193415467256
121.35,23.75,267.4969,SSP5-8.5,2081-2100,125.02109999999999,186.7417,570.5029,5.531499999999999,4.386200000000002,2.9138,106.5212,179.9472375,429.9754875,5.3700375000000005,7.8829625000000005,2.2851124999999994,101.4480875,0.837391635261125,0.009622586954324176
121.35,23.8,253.1649,SSP5-8.5,2081-2100,115.6098,174.9543,461.2783000000002,6.027799999999999,9.3569,2.517199999999999,99.2712,176.9447625,430.3732625,5.521175,7.9058,2.3597,99.64111249999999,0.837391635261125,0.0728183673241156
121.35,23.85,261.0585,SSP5-8.5,2081-2100,132.23920000000004,179.1647,452.8638000000001,6.3185,9.558599999999998,2.3621,101.4077,170.112175,434.29080000000016,5.60955,8.5693875,2.31895,94.1338875,0.837391635261125,0.13601414769390704
121.35,23.9,256.0584,SSP5-8.5,2081-2100,130.3426,172.12720000000002,480.7940000000003,5.8598,7.6845,2.3740999999999985,95.8923,161.444725,437.68391250000013,5.727975,8.083624999999998,1.9679000000000002,87.42523750000001,0.837391635261125,0.19920992806369398
121.35,23.95,241.2656,SSP5-8.5,2081-2100,120.52960000000002,149.5639,456.2715000000003,5.834299999999999,6.268999999999998,1.6327999999999996,78.9173,162.345525,454.95546250000007,5.661362499999999,6.8189625,1.582325,87.5314875,0.837391635261125,0.26240570843348543
121.35,24.0,253.4908,SSP5-8.5,2081-2100,118.2399,165.2427,453.5014000000001,5.6728999999999985,5.167200000000001,1.1621000000000006,89.5981,157.0969,458.356125,5.820487499999999,5.752812499999999,1.1435499999999998,83.78868750000001,0.837391635261125,0.32560148880327683
121.35,24.05,255.8123,SSP5-8.5,2081-2100,115.79700000000003,160.35899999999998,469.34609999999975,5.809200000000001,4.1845,1.1982999999999997,86.9192,156.0248125,468.5598999999999,6.036562499999999,5.301937499999999,0.6894375000000004,82.8927875,0.837391635261125,0.3887972691730683
121.35,24.1,214.4599,SSP5-8.5,2081-2100,82.86680000000001,135.2889,466.4127999999996,6.111799999999999,4.9792999999999985,0.46720000000000006,69.8731,156.62545,442.8499249999999,5.947262499999999,5.345262499999999,0.6474250000000001,83.2814875,0.837391635261125,0.4519930495428597
121.35,24.15,215.3173,SSP5-8.5,2081-2100,66.19290000000001,160.4705,381.87739999999985,5.5381,5.208599999999997,0.6690000000000005,86.1346,152.473375,375.7698749999999,5.39835,5.864,0.6795250000000002,80.5839125,0.837391635261125,0.5151888299126467
121.35,24.2,255.9653,SSP5-8.5,2081-2100,62.92289999999997,151.22910000000002,284.19090000000006,4.3946000000000005,5.3965,1.022400000000001,80.7327,155.5732125,300.52846250000005,4.7454125000000005,6.119174999999999,0.7900999999999996,82.81347500000001,0.837391635261125,0.578384610282438
121.35,24.25,256.3137,SSP5-8.5,2081-2100,63.54730000000001,146.53179999999998,244.3362000000002,4.1693,6.755200000000002,1.1189999999999998,78.52499999999999,154.4337125,248.6078625,4.2134375,5.5827375,0.9678875,82.1904,0.837391635261125,0.6415803906522295
121.35,24.3,226.5923,SSP5-8.5,2081-2100,67.01759999999999,155.2459,253.2781,4.412400000000002,5.043099999999999,1.4171999999999993,82.625,153.095275,219.20417500000002,3.89985,5.654512499999999,1.0086249999999999,81.4853375,0.837391635261125,0.704776171022021
121.35,24.35,215.3445,SSP5-8.5,2081-2100,53.807800000000015,155.5376,164.34699999999975,3.399000000000001,5.2776,1.3138000000000005,82.4731,154.91753749999998,187.98881249999994,3.733775,5.764424999999999,1.2081874999999997,82.60480000000001,0.837391635261125,0.7679719513918124
121.35,24.4,218.0868,SSP5-8.5,2081-2100,63.371700000000004,157.0266,61.34699999999998,3.0402999999999984,8.312100000000001,1.3327999999999989,84.075,156.9204375,176.35038749999993,3.6010250000000004,6.0961124999999985,1.3198249999999998,84.07713749999999,0.837391635261125,0.8311677317615993
121.35,24.45,218.0459,SSP5-8.5,2081-2100,66.6192,158.3203,156.51710000000026,3.2925000000000004,6.377600000000001,1.4534000000000002,84.7692,158.70428750000002,178.55907499999992,3.7117250000000004,5.98685,1.4392374999999995,85.0771375,0.837391635261125,0.8943635121313908
121.35,24.5,238.1233,SSP5-8.5,2081-2100,79.1414,154.36430000000001,222.70770000000016,3.9224999999999994,4.975899999999999,1.299999999999999,82.9692,157.2648125,219.69049999999996,3.9591000000000007,5.9450375,1.7900874999999998,84.79925,0.837391635261125,0.9575592925011822
121.35,24.55,256.441,SSP5-8.5,2081-2100,74.93490000000003,155.6096,268.9443000000001,4.318800000000003,6.0276,2.0328,85.4173,154.39435,253.78557499999994,4.2550625,4.698924999999999,2.1445999999999996,83.65383750000001,0.837391635261125,1.0207550728709736
121.35,24.6,250.5095,SSP5-8.5,2081-2100,72.35629999999998,144.0547,266.9853999999996,4.516000000000002,2.7930999999999955,2.7741000000000007,79.6635,158.130625,265.76751249999995,4.4325125000000005,5.9446125,2.38835,86.40265,0.837391635261125,1.0839508532407651
121.35,24.65,265.6146,SSP5-8.5,2081-2100,75.98219999999998,163.3056,258.6896999999999,4.748000000000001,7.924100000000003,2.4534000000000002,88.3231,159.901775,255.36098749999996,4.6038125,6.160549999999999,2.4411625000000003,88.38367500000001,0.837391635261125,1.147146633610552
121.35,24.7,295.0779,SSP5-8.5,2081-2100,79.58960000000002,167.9576,240.0676000000003,5.000299999999999,8.451700000000002,2.3000000000000007,94.1923,164.51563750000003,244.66059999999993,4.633312500000001,7.9838249999999995,2.1694000000000004,91.43391249999999,0.837391635261125,1.2103424139803434
121.35,24.75,290.8384,SSP5-8.5,2081-2100,79.3707,169.24550000000002,234.0248999999999,4.792999999999999,8.977599999999999,2.0638000000000005,97.1923,164.75426249999998,226.76800000000003,4.4624375,8.2347,1.9666,93.6779,0.837391635261125,1.273538194350135
121.35,24.8,259.6651,SSP5-8.5,2081-2100,69.0598,164.7637,198.2204999999999,3.9499999999999993,7.7327999999999975,2.0707000000000004,95.9577,165.22809999999998,199.75985000000009,4.1973625000000006,8.5142375,1.6045249999999998,95.9613,0.837391635261125,1.3367339747199263
121.35,24.85,214.0627,SSP5-8.5,2081-2100,57.44999999999999,163.5556,137.4390000000003,3.7494000000000014,7.7069000000000045,1.4068999999999985,97.2596,163.06327499999998,165.62436250000002,3.765,8.344625,1.2778125,96.964425,0.837391635261125,1.3999297550897176
121.35,24.9,163.7108,SSP5-8.5,2081-2100,48.95509999999999,158.6353,125.49369999999999,3.4862,8.298300000000005,0.6759000000000004,96.8538,159.8008,125.19481250000004,3.5896749999999997,8.65085,0.8211249999999999,96.3954375,0.837391635261125,1.4631255354595045
121.35,24.95,153.6637,SSP5-8.5,2081-2100,41.369200000000006,156.183,109.14609999999993,3.4273999999999987,7.801700000000004,0.08099999999999952,95.8135,157.9145375,119.08883749999995,3.5150374999999996,8.835325,0.6429,95.9552875,0.837391635261125,1.526321315829296
121.35,25.0,151.0352,SSP5-8.5,2081-2100,36.131399999999985,157.0269,106.83799999999997,3.513300000000001,9.3155,0.34999999999999964,94.8577,158.57207499999998,121.88142500000001,3.592412499999999,9.0879125,0.3997749999999999,96.0290875,0.837391635261125,1.5895170961990874
121.35,25.05,144.0754,SSP5-8.5,2081-2100,40.7381,160.5118,115.62800000000016,3.5685000000000002,9.722400000000004,-0.05000000000000071,95.8038,161.3741125,138.296475,3.6444749999999995,8.8293125,0.42132499999999995,96.44807499999999,0.837391635261125,1.652712876568879
121.35,25.1,135.6902,SSP5-8.5,2081-2100,44.080899999999986,164.4432,151.1950999999999,3.7102000000000004,9.1828,0.35000000000000053,96.4808,163.471325,135.33115000000006,3.597625,8.662500000000001,0.18576249999999994,96.8197,0.837391635261125,1.7159086569386703
121.35,25.15,133.6245,SSP5-8.5,2081-2100,42.0548,164.34619999999998,147.99099999999999,3.5396,7.631,0.2414000000000005,96.4019,163.61185,127.23366250000001,3.4830625,7.954525,0.02111249999999998,96.5295625,0.837391635261125,1.7791044373084572
121.4,23.1,213.0608,SSP5-8.5,2081-2100,55.373700000000014,188.96390000000002,362.4888000000001,5.310199999999998,10.851699999999997,3.312100000000001,100.0865,189.152575,340.09195,5.977475000000001,13.6510625,3.0359999999999996,101.512975,0.9430854753423764,-0.811922557852951
121.4,23.15,207.1675,SSP5-8.5,2081-2100,62.02180000000001,186.5857,355.7125000000001,5.519399999999997,12.703400000000002,3.2344999999999997,96.9673,188.474075,344.23571250000003,5.8715625000000005,13.160337499999999,3.0719875,100.81128749999999,0.9430854753423764,-0.748726777483164
121.4,23.2,202.9342,SSP5-8.5,2081-2100,66.26039999999998,185.71790000000001,349.3059999999998,5.7775,14.034500000000001,2.9482999999999997,96.5115,188.8789125,355.09908750000005,5.9777875,11.3801625,3.0536625,100.5858125,0.9430854753423764,-0.6855309971133726
121.4,23.25,192.7873,SSP5-8.5,2081-2100,70.75059999999999,185.8923,375.68769999999995,5.892899999999997,12.762099999999997,3.0948,96.7115,187.6887875,383.1359375,5.96755,11.252575,3.0620625,99.6636875,0.9430854753423764,-0.6223352167435812
121.4,23.3,189.4785,SSP5-8.5,2081-2100,79.51339999999999,191.6679,410.98850000000016,6.060300000000002,11.4724,3.4241,100.375,189.14178750000002,406.5331125,5.9653624999999995,10.685775,3.0642125,101.1913375,0.9430854753423764,-0.5591394363737897
121.4,23.35,214.6207,SSP5-8.5,2081-2100,93.29599999999999,190.4,467.7798,5.7341000000000015,9.651699999999998,3.5585999999999993,106.3827,188.9246875,404.28538749999996,5.911225,10.586424999999998,2.99655,99.9007125,0.9430854753423764,-0.4959436560039983
121.4,23.4,225.7963,SSP5-8.5,2081-2100,93.63149999999999,195.0143,428.6865,5.7104,10.429300000000001,3.4103000000000003,111.0827,188.0463375,397.94838749999997,5.927774999999999,10.318325,2.8687499999999995,99.76706250000001,0.9430854753423764,-0.43274787563421135
121.4,23.45,214.7204,SSP5-8.5,2081-2100,94.20019999999997,187.06470000000002,388.88519999999994,6.1569,10.886200000000002,2.662099999999999,98.62119999999999,187.24251249999998,386.54532499999993,5.9566125,10.31295,2.7808,99.63485,0.9430854753423764,-0.3695520952644199
121.4,23.5,220.4992,SSP5-8.5,2081-2100,99.749,182.7876,404.7059999999999,6.235000000000001,11.798300000000005,2.5138000000000007,95.0712,186.6501,378.704675,6.0230875,10.277375,2.7006375,99.25456249999999,0.9430854753423764,-0.3063563148946285
121.4,23.55,226.6173,SSP5-8.5,2081-2100,100.20549999999997,181.5622,374.7800000000002,6.183399999999999,11.124099999999999,2.3827999999999996,94.7327,186.3515875,395.562825,5.889175,9.360575,2.6226125000000007,99.335575,0.9430854753423764,-0.24316053452483705
121.4,23.6,249.4343,SSP5-8.5,2081-2100,105.85930000000002,180.0235,396.8960000000002,5.8828,8.689700000000002,2.1241000000000003,94.0077,185.52471250000002,422.89738750000004,5.7122,9.0655,2.5463375,100.46753749999999,0.9430854753423764,-0.17996475415504562
121.4,23.65,262.2052,SSP5-8.5,2081-2100,96.2713,187.6325,486.7256000000002,5.590300000000003,8.4086,2.641400000000001,100.50189999999999,183.47635000000002,436.5554625,5.6210249999999995,8.3737,2.3655,99.29254999999999,0.9430854753423764,-0.11676897378525869
121.4,23.7,262.7116,SSP5-8.5,2081-2100,99.51910000000004,183.43490000000003,489.5974000000001,5.745699999999999,9.1069,2.1361999999999988,96.15,183.8528875,458.0223625,5.5346375,8.2368375,2.3847,101.3750125,0.9430854753423764,-0.053573193415467256
121.4,23.75,249.325,SSP5-8.5,2081-2100,97.85770000000002,186.9248,446.2240999999999,5.682599999999999,9.5241,2.1914,104.64620000000001,182.371425,450.1421,5.5181625,8.3846875,2.44395,100.1786125,0.9430854753423764,0.009622586954324176
121.4,23.8,285.1217,SSP5-8.5,2081-2100,94.06140000000005,180.0682,491.7273,5.319800000000001,8.187899999999999,3.0603,101.0038,182.59244999999999,431.78671250000014,5.683187499999999,9.0857625,2.3808125,101.250975,0.9430854753423764,0.0728183673241156
121.4,23.85,276.9052,SSP5-8.5,2081-2100,115.44940000000003,182.9216,422.4839000000002,5.830400000000001,9.1414,2.5241000000000007,101.9173,175.8546375,444.91576250000026,5.6760625,8.490075,2.3792999999999997,96.1887,0.9430854753423764,0.13601414769390704
121.4,23.9,283.5294,SSP5-8.5,2081-2100,136.95510000000002,164.2487,521.1672000000003,5.597899999999999,6.129300000000001,2.206900000000001,86.22500000000001,171.55905,435.09061250000013,5.777925,8.066825,2.1150874999999996,93.1502375,0.9430854753423764,0.19920992806369398
121.4,23.95,272.3215,SSP5-8.5,2081-2100,132.7376,161.58169999999998,453.0468999999998,5.473099999999999,6.9466,1.6344999999999992,87.0942,167.7328125,437.6399000000001,5.606025,6.9818999999999996,1.7489249999999998,89.803375,0.9430854753423764,0.26240570843348543
121.4,24.0,285.9052,SSP5-8.5,2081-2100,119.01250000000005,168.8415,382.1612,5.031499999999999,7.387900000000002,1.4654999999999987,90.7654,164.23183749999998,416.7516374999999,5.6729125,6.681912499999999,1.3006625,88.50745,0.9430854753423764,0.32560148880327683
121.4,24.05,298.1246,SSP5-8.5,2081-2100,96.4556,163.3908,368.1507999999999,5.6839999999999975,7.177599999999998,0.6207000000000011,88.275,160.14797500000003,406.92299999999983,5.6833374999999995,6.3435375,0.9930999999999999,85.75385,0.9430854753423764,0.3887972691730683
121.4,24.1,280.8568,SSP5-8.5,2081-2100,82.78659999999996,155.86520000000002,371.41529999999966,5.714099999999998,6.884499999999999,0.44480000000000075,82.00189999999999,157.936675,384.3550999999998,5.7033499999999995,6.096987499999999,0.8355625,84.550475,0.9430854753423764,0.4519930495428597
121.4,24.15,300.9809,SSP5-8.5,2081-2100,67.524,162.22179999999997,306.61400000000003,5.107700000000001,7.915499999999998,0.9102999999999994,86.45769999999999,156.224425,343.9194249999998,5.363625,6.255599999999999,0.9424500000000002,82.640625,0.9430854753423764,0.5151888299126467
121.4,24.2,324.1519,SSP5-8.5,2081-2100,56.12669999999997,160.9265,225.02029999999968,4.432400000000001,7.858599999999999,1.575899999999999,85.5981,158.5658,278.338075,4.8287125,6.4148625,1.1006375000000002,84.3709125,0.9430854753423764,0.578384610282438
121.4,24.25,276.7358,SSP5-8.5,2081-2100,59.40250000000003,155.1857,199.60920000000033,4.393999999999998,6.143099999999997,1.1861999999999995,82.6904,155.065475,214.60942500000004,4.2950375,6.520900000000001,1.2448250000000003,82.08005,0.9430854753423764,0.6415803906522295
121.4,24.3,230.4741,SSP5-8.5,2081-2100,58.343199999999996,144.4494,172.40160000000014,4.0672999999999995,5.467200000000002,0.8138000000000005,75.60000000000001,149.1867,185.82948750000008,4.0444125,5.956474999999999,1.2068875,78.443275,0.9430854753423764,0.704776171022021
121.4,24.35,225.9675,SSP5-8.5,2081-2100,55.216699999999975,149.9836,208.3787000000002,4.055699999999998,5.843099999999996,1.0223999999999993,79.0115,147.9306125,162.88674999999995,3.8175375,5.9308250000000005,1.1142249999999998,77.751925,0.9430854753423764,0.7679719513918124
121.4,24.4,220.9495,SSP5-8.5,2081-2100,60.030700000000024,159.86149999999998,147.01239999999962,3.586100000000002,6.494799999999998,0.7016999999999989,85.74040000000001,150.1203625,170.8642125,3.734724999999999,6.331475000000001,1.2487,79.2947,0.9430854753423764,0.8311677317615993
121.4,24.45,228.7963,SSP5-8.5,2081-2100,63.68780000000001,170.5102,121.84699999999975,3.396000000000001,8.543100000000003,1.384500000000001,92.52879999999999,157.785075,193.31275000000002,3.8194250000000003,6.309700000000001,1.2909374999999996,84.2697,0.9430854753423764,0.8943635121313908
121.4,24.5,258.4791,SSP5-8.5,2081-2100,85.9821,166.71030000000002,231.97879999999986,3.9607000000000028,5.453400000000002,1.5707000000000004,89.32690000000001,160.4578,227.76883750000002,3.9697000000000005,6.711,1.6357625,86.505275,0.9430854753423764,0.9575592925011822
121.4,24.55,271.0039,SSP5-8.5,2081-2100,87.93270000000001,146.79739999999998,264.62009999999964,4.2734999999999985,5.744799999999998,1.6533999999999995,79.9538,158.2839375,268.07770000000005,4.235075000000002,5.71575,2.0756375,85.6189875,0.9430854753423764,1.0207550728709736
121.4,24.6,252.2096,SSP5-8.5,2081-2100,90.39849999999998,143.288,285.2991000000002,4.484300000000001,3.8965999999999994,2.365500000000001,78.325,156.8598875,286.45803749999993,4.3734625000000005,6.181674999999999,2.37455,85.1629875,0.9430854753423764,1.0839508532407651
121.4,24.65,243.4296,SSP5-8.5,2081-2100,92.27710000000002,164.34189999999998,279.8092999999999,4.373000000000001,4.637899999999998,2.6862000000000013,88.99040000000001,152.97391249999998,281.17682500000006,4.4925250000000005,6.500425,2.4099000000000004,83.5137125,0.9430854753423764,1.147146633610552
121.4,24.7,262.8641,SSP5-8.5,2081-2100,88.87919999999997,163.87630000000001,250.59180000000015,4.4974000000000025,7.237899999999996,2.2897,90.8462,158.3517875,277.20187500000003,4.492975000000001,7.446325,2.2730500000000005,87.2050625,0.9430854753423764,1.2103424139803434
121.4,24.75,272.7705,SSP5-8.5,2081-2100,80.92909999999995,161.05360000000002,266.8708999999999,4.6823000000000015,8.675900000000002,1.8138000000000005,89.55579999999999,160.17865,252.81197500000007,4.345912500000001,7.4528,1.9924625,90.6065,0.9430854753423764,1.273538194350135
121.4,24.8,272.6348,SSP5-8.5,2081-2100,68.90950000000004,165.63479999999998,234.5237000000002,4.269400000000001,7.300000000000001,1.227599999999999,96.0,161.9549375,214.1365375000001,4.085375000000001,7.425012500000001,1.6782374999999998,93.469,0.9430854753423764,1.3367339747199263
121.4,24.85,248.1649,SSP5-8.5,2081-2100,58.77629999999999,163.2767,142.81420000000026,3.7394999999999996,7.589700000000001,1.1258999999999997,95.44420000000001,160.854525,166.84343750000005,3.672225,7.129312500000001,1.2614374999999995,95.20505,0.9430854753423764,1.3999297550897176
121.4,24.9,199.7681,SSP5-8.5,2081-2100,58.56169999999997,160.6569,115.34079999999994,3.224599999999999,7.417200000000001,1.1966,96.1385,157.7838875,109.6890125000001,3.4640625,7.7747875,0.9439749999999996,95.1526375,0.9430854753423764,1.4631255354595045
121.4,24.95,168.4861,SSP5-8.5,2081-2100,37.579800000000006,153.8772,77.49980000000005,3.503800000000002,9.858599999999996,1.2690000000000001,95.04230000000001,156.00447499999999,89.34507500000001,3.3394749999999993,8.131675000000001,0.7277999999999998,94.9673125,0.9430854753423764,1.526321315829296
121.4,25.0,155.8292,SSP5-8.5,2081-2100,33.20150000000001,157.15409999999997,122.51089999999999,3.682699999999997,7.522400000000001,0.6740999999999993,95.3231,155.7550625,84.8138250000001,3.43995,9.178012500000001,0.5504249999999997,95.031975,0.9430854753423764,1.5895170961990874
121.4,25.05,152.3147,SSP5-8.5,2081-2100,36.86580000000001,160.1797,110.23860000000013,3.7560000000000002,10.670700000000004,0.16029999999999944,96.3673,158.5591625,103.49168750000001,3.5133125,8.876075,0.41529999999999967,95.6077,0.9430854753423764,1.652712876568879
121.4,25.1,155.8915,SSP5-8.5,2081-2100,36.7988,163.22160000000002,104.68799999999987,3.583500000000001,9.7362,0.11379999999999946,97.3769,161.42823749999997,122.76037500000004,3.5280750000000003,8.7321125,0.1969749999999998,96.184375,0.9430854753423764,1.7159086569386703
121.4,25.15,151.4827,SSP5-8.5,2081-2100,38.29560000000001,164.50279999999998,122.02210000000014,3.456400000000002,9.418999999999997,0.0671999999999997,97.1731,162.3305875,118.21078749999992,3.31735,7.675425,0.0724125000000001,96.09711250000001,0.9430854753423764,1.7791044373084572
121.4,25.2,142.1568,SSP5-8.5,2081-2100,35.1232,161.9857,84.40639999999985,3.1042999999999985,4.796500000000002,-0.6016999999999992,95.49619999999999,162.663175,94.39838750000001,3.1125999999999996,7.701724999999998,-0.20195000000000007,96.07498749999999,0.9430854753423764,1.8423002176782488
121.45,23.3,182.6812,SSP5-8.5,2081-2100,82.4015,186.0128,371.1435999999999,5.444099999999999,10.448300000000003,2.9552000000000005,97.2269,189.4057875,392.87056250000006,5.7449375,10.620037499999999,3.1788624999999997,101.505525,1.0487793154235978,-0.5591394363737897
121.45,23.35,188.4775,SSP5-8.5,2081-2100,87.06109999999998,190.4246,375.3958,5.393699999999999,9.413800000000002,2.905199999999999,100.4654,189.618025,389.42640000000006,5.7186875,10.243537499999999,3.13555,102.234375,1.0487793154235978,-0.4959436560039983
121.45,23.4,205.0619,SSP5-8.5,2081-2100,92.28099999999998,190.39939999999999,384.91780000000017,5.315899999999999,8.713799999999999,3.049999999999999,102.0,188.6002375,363.12552500000004,5.57305,10.008625000000002,3.0027999999999997,101.8173125,1.0487793154235978,-0.43274787563421135
121.45,23.45,199.9067,SSP5-8.5,2081-2100,93.55990000000003,190.3778,351.5758000000001,5.744399999999999,10.177600000000002,2.760299999999999,104.1365,187.0130375,343.5133,5.6474,9.748075,2.8383625,100.00433749999999,1.0487793154235978,-0.3695520952644199
121.45,23.5,207.711,SSP5-8.5,2081-2100,89.81259999999997,183.9801,352.92809999999986,6.1576,7.739699999999999,2.543100000000001,96.625,185.8594875,331.6420125000001,5.723999999999999,10.2334125,2.6857749999999996,98.5838875,1.0487793154235978,-0.3063563148946285
121.45,23.55,219.2241,SSP5-8.5,2081-2100,91.34709999999998,185.0186,339.9289000000001,5.976099999999999,10.418999999999997,2.5069,96.9865,183.7537875,339.2300875000001,5.664524999999999,9.1271625,2.7081749999999998,96.82091249999999,1.0487793154235978,-0.24316053452483705
121.45,23.6,240.6733,SSP5-8.5,2081-2100,90.84439999999998,184.4222,331.3996000000002,5.7109999999999985,8.5241,2.910300000000001,97.0942,183.61655000000002,373.2662500000001,5.58685,8.8597,2.531675,96.75479999999999,1.0487793154235978,-0.17996475415504562
121.45,23.65,240.973,SSP5-8.5,2081-2100,90.40999999999997,181.1511,415.48,5.977999999999998,8.860300000000002,1.8293,94.35579999999999,182.91773750000002,404.13486250000005,5.574362499999999,8.223500000000001,2.480375,96.20095,1.0487793154235978,-0.11676897378525869
121.45,23.7,232.4353,SSP5-8.5,2081-2100,93.65509999999998,180.5582,454.7256,6.2562,8.0655,2.1861999999999995,94.44229999999999,183.9358875,408.5153375000001,5.509425,9.0282375,2.134275,98.01273749999999,1.0487793154235978,-0.053573193415467256
121.45,23.75,240.1365,SSP5-8.5,2081-2100,84.31639999999999,183.2492,387.80060000000026,5.359400000000001,10.7345,1.9638000000000009,98.91149999999999,183.16193750000002,387.63540000000006,5.443524999999999,8.878012499999999,2.2122875,98.4716375,1.0487793154235978,0.009622586954324176
121.45,23.8,259.8564,SSP5-8.5,2081-2100,82.31139999999999,182.9769,326.9707000000003,5.053199999999997,9.774099999999997,2.0,98.1827,184.2314,364.1807625000001,5.3847625,9.29805,2.2584,100.74927500000001,1.0487793154235978,0.0728183673241156
121.45,23.85,273.9441,SSP5-8.5,2081-2100,94.649,183.8064,386.1694000000002,5.662099999999999,10.2103,2.5740999999999996,99.15,179.9618375,367.2240000000001,5.344199999999999,8.404300000000001,2.1618500000000003,97.50936250000001,1.0487793154235978,0.13601414769390704
121.45,23.9,282.4909,SSP5-8.5,2081-2100,116.75079999999997,169.4907,438.3554000000004,5.569400000000002,7.018999999999998,1.9397000000000002,88.37689999999999,178.4443625,363.6860625,5.5131125,8.615725000000001,2.0174374999999998,96.4925375,1.0487793154235978,0.19920992806369398
121.45,23.95,282.5981,SSP5-8.5,2081-2100,121.77390000000003,173.8162,390.7399999999998,5.675800000000001,7.705200000000001,1.8793000000000006,92.4462,173.393075,363.213075,5.4218874999999995,8.074349999999999,1.7338249999999997,92.6874875,1.0487793154235978,0.26240570843348543
121.45,24.0,299.6006,SSP5-8.5,2081-2100,119.06780000000003,178.5316,378.1284999999998,5.606600000000002,8.493099999999998,1.3309999999999995,96.2058,168.35475000000002,342.3838124999999,5.5045625,7.93125,1.4547375,90.793975,1.0487793154235978,0.32560148880327683
121.45,24.05,329.8432,SSP5-8.5,2081-2100,98.90099999999995,161.36880000000002,364.8278999999998,5.627399999999998,7.5121,0.9466000000000001,88.6038,164.8218,343.7632374999999,5.6652249999999995,7.349137499999999,1.0982625000000001,88.21947499999999,1.0487793154235978,0.3887972691730683
121.45,24.1,358.1538,SSP5-8.5,2081-2100,89.7242,155.6861,369.59079999999994,5.8932,6.139700000000001,0.9292999999999996,82.0635,162.44445000000002,343.55014999999986,5.8185125,6.820262499999999,0.9454750000000004,87.20768749999999,1.0487793154235978,0.4519930495428597
121.45,24.15,381.7394,SSP5-8.5,2081-2100,80.83789999999999,164.70749999999998,348.02099999999973,5.8553999999999995,5.6586,0.9430999999999994,88.0769,163.3942875,323.8661999999999,5.5915375,6.688375,1.1629250000000004,86.0812625,1.0487793154235978,0.5151888299126467
121.45,24.2,365.9708,SSP5-8.5,2081-2100,67.43639999999999,165.6216,304.8269,4.9694,7.9190000000000005,1.4879000000000016,86.6442,163.61735,256.957925,5.093662500000001,6.417887499999999,1.3327499999999999,86.47404999999999,1.0487793154235978,0.578384610282438
121.45,24.25,299.3308,SSP5-8.5,2081-2100,54.56189999999998,162.5584,157.22900000000004,4.2012,6.322400000000002,1.4672,85.7058,159.0356875,183.24438750000002,4.4315125,6.825,1.3064625,83.69398749999999,1.0487793154235978,0.6415803906522295
121.45,24.3,235.0949,SSP5-8.5,2081-2100,52.47000000000003,153.96110000000002,75.59240000000023,3.7136999999999993,7.405200000000001,1.055200000000001,81.2096,149.1188375,154.88636250000008,4.082862499999999,6.1472,1.1540749999999995,78.0326875,1.0487793154235978,0.704776171022021
121.45,24.35,234.2998,SSP5-8.5,2081-2100,61.44749999999999,114.48950000000002,183.86529999999993,4.009999999999998,4.862100000000002,1.0740999999999996,55.3058,151.37686250000002,159.32157500000002,3.9441625,6.0084,1.0452624999999995,79.81585,1.0487793154235978,0.7679719513918124
121.45,24.4,252.4848,SSP5-8.5,2081-2100,68.9348,142.8733,245.25019999999995,4.311499999999999,4.584500000000002,1.2051999999999996,74.9865,149.7028875,197.077425,4.0075625,5.9049499999999995,1.2118499999999996,78.95071250000001,1.0487793154235978,0.8311677317615993
121.45,24.45,279.4547,SSP5-8.5,2081-2100,72.30099999999999,152.2218,225.36140000000023,4.372799999999998,6.851700000000001,1.2034000000000002,81.20769999999999,157.6786875,229.30816249999998,4.067762500000001,5.8312375,1.5159624999999999,84.18701250000001,1.0487793154235978,0.8943635121313908
121.45,24.5,305.3852,SSP5-8.5,2081-2100,88.5267,170.9025,256.3274000000001,4.069000000000003,7.427600000000002,1.5602999999999998,91.08269999999999,159.7699625,260.6910625,4.17135,6.576062500000001,1.9275875000000002,86.05432499999999,1.0487793154235978,0.9575592925011822
121.45,24.55,288.5667,SSP5-8.5,2081-2100,96.685,174.9363,305.82569999999987,4.112500000000001,7.739699999999999,2.4983000000000004,94.11349999999999,159.3769125,291.8549625000001,4.3014875,6.534050000000001,2.1264874999999996,85.9951875,1.0487793154235978,1.0207550728709736
121.45,24.6,263.3209,SSP5-8.5,2081-2100,92.6139,156.4058,306.5532000000003,4.4968,7.412100000000002,2.503399999999999,84.05380000000001,160.325275,312.9424,4.22555,6.678437499999999,2.247825,86.804575,1.0487793154235978,1.0839508532407651
121.45,24.65,265.1685,SSP5-8.5,2081-2100,112.73070000000001,149.4278,340.2366000000002,4.149100000000001,7.174099999999999,2.3948,80.7885,155.52605,296.2326125000001,4.1925375,6.742025,2.0443875,84.1509625,1.0487793154235978,1.147146633610552
121.45,24.7,259.908,SSP5-8.5,2081-2100,101.14459999999997,135.4755,300.99119999999994,4.048300000000001,7.113799999999998,2.1982999999999997,71.91730000000001,158.5280875,286.58053750000005,4.067100000000002,7.0728375,1.9213250000000004,86.88006250000001,1.0487793154235978,1.2103424139803434
121.45,24.75,277.3872,SSP5-8.5,2081-2100,82.22159999999997,156.0068,296.92480000000023,4.149800000000003,6.615500000000001,2.2741000000000007,86.68079999999999,156.91508750000003,264.222625,4.0244125,7.1194,1.634275,87.72092500000001,1.0487793154235978,1.273538194350135
121.45,24.8,281.618,SSP5-8.5,2081-2100,73.6644,158.469,267.1513,4.059100000000001,6.193100000000001,1.5154999999999994,92.06540000000001,160.6200875,220.93720000000008,3.854000000000001,6.8666,1.4437625,91.8497625,1.0487793154235978,1.3367339747199263
121.45,24.85,269.4379,SSP5-8.5,2081-2100,64.46659999999997,159.2686,169.64670000000024,3.559899999999999,5.9086,1.155199999999999,93.5962,159.12336249999998,160.5521,3.5301,6.71875,1.0963625,93.345425,1.0487793154235978,1.3999297550897176
121.45,24.9,229.719,SSP5-8.5,2081-2100,52.273000000000025,155.8523,86.93179999999984,3.0792,6.477599999999999,0.8430999999999997,93.76920000000001,155.9183375,89.44642500000009,3.2601999999999998,7.4877125,0.93235,93.47908749999999,1.0487793154235978,1.4631255354595045
121.45,24.95,184.5371,SSP5-8.5,2081-2100,31.73339999999999,151.6224,28.540800000000218,3.167099999999998,8.556900000000002,0.9947999999999997,93.44229999999999,153.1701,58.03572500000004,3.1044375,8.0428875,0.909275,93.3714,1.0487793154235978,1.526321315829296
121.45,25.0,167.6302,SSP5-8.5,2081-2100,28.051299999999998,150.9049,19.958500000000186,3.135300000000001,9.663800000000002,1.0069,93.5404,153.0410625,66.38856250000012,3.244425,8.742237500000002,0.8073124999999999,93.7399125,1.0487793154235978,1.5895170961990874
121.45,25.05,152.8315,SSP5-8.5,2081-2100,31.267799999999994,155.7346,110.66080000000011,3.4482,7.834500000000002,0.5914000000000001,95.38850000000001,155.4657,80.99886250000009,3.3017250000000002,9.195900000000002,0.6152874999999995,94.50817500000001,1.0487793154235978,1.652712876568879
121.45,25.1,152.66,SSP5-8.5,2081-2100,38.30260000000001,159.4762,96.4541999999999,3.4648000000000003,8.031000000000002,0.2861999999999991,96.0904,159.22565000000003,116.74537500000008,3.3184500000000003,8.8838375,0.34481249999999974,95.6776375,1.0487793154235978,1.7159086569386703
121.45,25.15,161.2244,SSP5-8.5,2081-2100,41.2834,162.2314,127.89319999999998,3.280899999999999,7.365499999999997,-0.07070000000000043,95.76920000000001,161.29126250000002,93.5280625,3.1235625,7.911637499999999,-0.13255000000000017,96.0653875,1.0487793154235978,1.7791044373084572
121.45,25.2,155.7339,SSP5-8.5,2081-2100,35.167100000000005,161.5953,74.12089999999989,2.9743999999999993,7.2327999999999975,-0.10519999999999996,94.10770000000001,160.836975,50.447975000000014,2.789649999999999,6.659262499999999,-0.7013,95.5086625,1.0487793154235978,1.8423002176782488
121.45,25.25,147.3289,SSP5-8.5,2081-2100,35.321499999999986,161.6344,25.155899999999974,2.7402999999999977,5.915499999999998,-0.7844999999999995,93.575,160.36132500000002,-12.233450000000005,2.471274999999999,5.9717625,-1.1252125000000002,94.65675,1.0487793154235978,1.9054959980480402
121.5,22.05,131.3531,SSP5-8.5,2081-2100,32.451299999999975,216.8957,144.14030000000002,2.613199999999999,10.186199999999996,3.2654999999999994,132.5212,213.6020625,177.90344999999994,3.7916375,15.243312500000002,3.5538749999999997,132.2774125,1.154473155504819,-2.139033945618553
121.5,22.65,147.1573,SSP5-8.5,2081-2100,55.40520000000001,213.4897,173.58539999999994,5.061399999999999,11.669,2.9345,121.1962,199.56365,335.068725,6.2419125,14.459500000000002,2.5663625,111.41923750000001,1.154473155504819,-1.3806845811810693
121.5,23.4,176.4399,SSP5-8.5,2081-2100,94.2125,185.00150000000002,266.86980000000017,5.2332,10.020699999999998,3.0207000000000006,98.7981,189.44218750000002,364.7942375,5.5532,9.708625000000001,2.981674999999999,102.565625,1.154473155504819,-0.43274787563421135
121.5,23.45,180.9229,SSP5-8.5,2081-2100,95.23339999999999,184.5062,254.66769999999997,5.1676,9.0414,2.75,97.825,186.8962375,336.0594000000001,5.64645,9.719625,2.8075374999999996,99.56875,1.154473155504819,-0.3695520952644199
121.5,23.5,187.6755,SSP5-8.5,2081-2100,93.7464,187.3505,266.4453000000001,5.2026,9.3552,2.7569,100.01150000000001,185.50635,313.74467500000003,5.578849999999999,9.6047625,2.710125,98.599275,1.154473155504819,-0.3063563148946285
121.5,23.55,203.4472,SSP5-8.5,2081-2100,88.43299999999999,188.2083,272.14720000000034,5.1259999999999994,9.0655,3.1533999999999995,101.2865,184.1944625,316.81196250000005,5.479925,8.7344875,2.7013000000000003,97.2151375,1.154473155504819,-0.24316053452483705
121.5,23.6,219.3545,SSP5-8.5,2081-2100,84.67609999999999,181.69590000000002,314.53849999999966,4.8178,6.720700000000001,3.280999999999999,95.73849999999999,184.52713749999998,325.13167500000014,5.2909749999999995,8.2931,2.6362125,97.4711375,1.154473155504819,-0.17996475415504562
121.5,23.65,212.1956,SSP5-8.5,2081-2100,89.50799999999998,183.6403,385.6338000000003,5.1404,7.589700000000001,2.3345000000000002,96.4288,182.961075,344.97195,5.258437499999999,7.720887500000001,2.6872875,96.15504999999999,1.154473155504819,-0.11676897378525869
121.5,23.7,215.9641,SSP5-8.5,2081-2100,88.22939999999997,181.9344,373.5624,5.450700000000001,8.6828,2.2293000000000003,95.24419999999999,183.13975,343.90116250000017,5.188625,8.334050000000001,2.3260875,96.8177875,1.154473155504819,-0.053573193415467256
121.5,23.75,228.4385,SSP5-8.5,2081-2100,75.83689999999999,183.51989999999998,283.0988000000002,5.128299999999999,9.318999999999999,1.7483000000000004,97.8635,183.694775,312.3043250000001,5.0933375,8.895900000000001,2.226725,97.8627375,1.154473155504819,0.009622586954324176
121.5,23.8,243.236,SSP5-8.5,2081-2100,65.37810000000002,185.87820000000002,235.17689999999993,4.9117,8.363799999999998,2.146600000000001,100.2404,185.0323875,282.6840125000002,5.076124999999999,9.5262875,1.9870500000000002,99.7550375,1.154473155504819,0.0728183673241156
121.5,23.85,239.7198,SSP5-8.5,2081-2100,71.321,187.4829,260.7651000000001,5.183799999999998,8.903400000000005,1.8585999999999991,102.26150000000001,183.95892500000002,278.18843750000013,5.146075,9.3023625,1.9293000000000002,99.24494999999999,1.154473155504819,0.13601414769390704
121.5,23.9,261.2974,SSP5-8.5,2081-2100,72.32750000000004,186.6275,241.14549999999963,5.287399999999998,9.715500000000002,1.5586000000000002,101.8673,183.52378750000003,291.5942500000001,5.34675,9.36745,1.8902875,99.084125,1.154473155504819,0.19920992806369398
121.5,23.95,290.0911,SSP5-8.5,2081-2100,78.6893,187.06990000000002,233.9704999999999,5.394400000000001,10.1741,1.9033999999999995,100.9788,180.7928875,296.074525,5.370025,9.106037500000001,1.7056,97.2197125,1.154473155504819,0.26240570843348543
121.5,24.0,294.3171,SSP5-8.5,2081-2100,94.91250000000002,170.753,257.72940000000017,5.4148,8.729299999999999,1.8309999999999995,89.9865,175.41287499999999,292.1090999999999,5.493725,8.9672375,1.5913750000000002,94.3918125,1.154473155504819,0.32560148880327683
121.5,24.05,317.0389,SSP5-8.5,2081-2100,86.32459999999998,160.0161,288.4438,5.735500000000002,7.8172,1.3569000000000013,88.2019,170.33620000000002,305.5511999999999,5.6747125,8.006475,1.3721875000000001,90.3956625,1.154473155504819,0.3887972691730683
121.5,24.1,372.9615,SSP5-8.5,2081-2100,82.0043,165.49009999999998,334.4860999999996,6.242100000000001,6.163799999999998,0.8069000000000006,88.25580000000001,165.244675,321.15723749999995,5.9417,7.1808250000000005,1.3437500000000002,87.54446250000001,1.154473155504819,0.4519930495428597
121.5,24.15,449.7831,SSP5-8.5,2081-2100,80.67359999999996,166.4953,366.44230000000016,6.581900000000001,5.4328,1.5345000000000004,87.7885,167.08145000000002,317.6897624999999,5.855575,6.73665,1.3008625000000005,87.743275,1.154473155504819,0.5151888299126467
121.5,24.2,430.1145,SSP5-8.5,2081-2100,65.24539999999996,174.8477,312.5338999999999,5.791499999999999,5.193100000000001,1.6138000000000012,89.8404,163.0147875,266.258275,5.3857375,6.9426875,1.4866375,86.052175,1.154473155504819,0.578384610282438
121.5,24.25,318.813,SSP5-8.5,2081-2100,49.7946,161.9959,140.19370000000004,4.385200000000001,6.818999999999999,1.4309999999999992,85.63459999999999,158.91961250000003,199.39491249999998,4.688275000000001,7.070912500000001,1.5166000000000004,83.61251250000001,1.154473155504819,0.6415803906522295
121.5,24.3,252.8969,SSP5-8.5,2081-2100,52.01430000000002,155.29760000000002,35.77709999999979,3.6986000000000026,7.794800000000002,1.2878999999999987,82.3346,149.348975,173.28060000000002,4.2171125,6.2373,1.410775,78.0553,1.154473155504819,0.704776171022021
121.5,24.35,255.5467,SSP5-8.5,2081-2100,69.76400000000001,148.9906,141.63630000000012,3.8508999999999993,5.925899999999999,0.9499999999999993,77.9788,149.27198750000002,199.58327500000001,4.1238624999999995,5.464875000000001,1.4603499999999998,77.50625,1.154473155504819,0.7679719513918124
121.5,24.4,300.0776,SSP5-8.5,2081-2100,83.1608,155.5978,248.52390000000014,4.269500000000001,4.5517,1.325899999999999,81.6654,146.94275,263.6843500000001,4.258125,4.905175,1.5864125,76.4036,1.154473155504819,0.8311677317615993
121.5,24.45,350.4436,SSP5-8.5,2081-2100,97.99309999999997,145.96810000000002,299.99440000000004,4.519500000000001,4.167199999999998,2.0328,78.1673,153.4846625,301.6369250000002,4.30555,5.316812500000001,1.84935,80.8576875,1.154473155504819,0.8943635121313908
121.5,24.5,385.5678,SSP5-8.5,2081-2100,114.64590000000004,149.0058,283.53120000000035,4.4298,5.427600000000002,2.3466000000000005,79.9981,158.7657375,326.26122500000014,4.280212500000001,6.44655,2.0734874999999997,84.68822499999999,1.154473155504819,0.9575592925011822
121.5,24.55,323.3038,SSP5-8.5,2081-2100,100.86329999999998,172.00979999999998,352.36990000000014,4.306000000000001,8.681000000000001,2.731,93.1385,161.8870125,327.62842500000016,4.287512500000001,7.1784625,2.2185374999999996,86.62258750000001,1.154473155504819,1.0207550728709736
121.5,24.6,281.8765,SSP5-8.5,2081-2100,104.51889999999997,169.89569999999998,354.1600000000003,4.3918,8.229299999999999,2.280999999999999,92.0827,164.31650000000002,325.1526625000001,4.094287500000001,7.775425,2.0885749999999996,88.22716249999999,1.154473155504819,1.0839508532407651
121.5,24.65,268.169,SSP5-8.5,2081-2100,112.99130000000002,161.9053,321.21849999999995,3.7142000000000017,7.324100000000001,1.3724000000000007,87.0442,156.79964999999999,292.922225,3.9543500000000003,7.746975,1.6672374999999997,84.3101,1.154473155504819,1.147146633610552
121.5,24.7,256.3934,SSP5-8.5,2081-2100,105.30290000000002,149.0199,271.2377999999999,3.5344999999999978,8.0845,0.6585999999999999,79.94810000000001,156.43717500000002,265.2799125,3.724175000000001,7.2943875,1.3109875000000002,85.29015,1.154473155504819,1.2103424139803434
121.5,24.75,276.5896,SSP5-8.5,2081-2100,91.55559999999997,162.5931,265.7546000000002,3.4365000000000023,6.832800000000002,1.8810000000000002,91.1865,154.3024,236.65572499999996,3.705525,7.0622875,0.7903000000000002,85.7206875,1.154473155504819,1.273538194350135
121.5,24.8,293.3549,SSP5-8.5,2081-2100,89.39580000000001,159.19850000000002,256.6596999999997,3.6677999999999997,5.517199999999999,1.489700000000001,90.2481,157.8097625,194.9135250000001,3.5041375000000006,6.6659625,0.7864125000000002,90.37019999999998,1.154473155504819,1.3367339747199263
121.5,24.85,271.892,SSP5-8.5,2081-2100,70.41399999999999,157.9286,134.30299999999988,3.326800000000002,6.493099999999998,0.5828000000000007,92.0865,154.9173375,134.27108750000002,3.1788999999999996,6.290525,0.7965625000000001,90.9310125,1.154473155504819,1.3999297550897176
121.5,24.9,229.5603,SSP5-8.5,2081-2100,49.170199999999994,151.9701,46.69230000000016,2.874399999999998,6.7621,0.7896999999999998,91.01150000000001,151.8921375,55.967937500000005,2.8426625,6.852375,0.6228500000000001,91.2827,1.154473155504819,1.4631255354595045
121.5,24.95,183.2088,SSP5-8.5,2081-2100,34.58709999999999,148.74620000000002,0.7337999999999738,2.685500000000001,7.3155,0.3448000000000011,91.07119999999999,148.6983125,12.946387500000014,2.7320124999999997,8.03945,0.7314750000000001,91.1649,1.154473155504819,1.526321315829296
121.5,25.0,174.3547,SSP5-8.5,2081-2100,29.151600000000002,146.1991,-5.382099999999809,2.650000000000002,9.3259,1.1500000000000004,91.075,149.1396,28.22043750000006,2.8927374999999995,8.6411625,0.6112,91.95193750000001,1.154473155504819,1.5895170961990874
121.5,25.05,175.4995,SSP5-8.5,2081-2100,31.75709999999998,150.8152,86.30590000000029,3.062100000000001,8.8534,1.274099999999999,92.20960000000001,151.63003750000001,60.64930000000001,3.0386375,8.904525,0.6181124999999998,93.07548750000001,1.154473155504819,1.652712876568879
121.5,25.1,162.8556,SSP5-8.5,2081-2100,43.10459999999998,155.77480000000003,113.21690000000012,3.0793999999999997,9.7638,0.2568999999999999,94.08269999999999,155.119675,117.81561250000004,3.1517999999999997,7.8405000000000005,0.36206249999999973,94.44277500000001,1.154473155504819,1.7159086569386703
121.5,25.15,204.7554,SSP5-8.5,2081-2100,43.67089999999999,161.3451,158.9375,2.8811,7.427599999999998,0.3655000000000008,97.0538,156.97401250000001,82.22262500000002,2.9396624999999994,7.229087499999999,-0.40452500000000025,94.9783625,1.154473155504819,1.7791044373084572
121.5,25.2,226.1129,SSP5-8.5,2081-2100,42.78110000000001,162.4286,-5.621499999999742,2.4445999999999977,6.886199999999999,-1.4431000000000012,97.1423,158.71312500000002,29.03786249999999,2.594987499999999,6.4275875,-0.8489374999999999,94.65505,1.154473155504819,1.8423002176782488
121.5,25.25,168.2755,SSP5-8.5,2081-2100,38.03550000000001,161.854,-55.07450000000017,2.2596999999999987,6.417200000000001,-1.232800000000001,93.2712,159.94782500000002,-72.38079999999994,2.043449999999999,5.750225,-1.4737,93.8290875,1.154473155504819,1.9054959980480402
121.5,25.3,156.1099,SSP5-8.5,2081-2100,36.09099999999998,162.3788,-34.20589999999993,2.273900000000001,3.917200000000001,-1.3171999999999997,92.6558,159.731525,-100.59059999999997,1.846312499999999,5.8916,-1.632975,93.5536125,1.154473155504819,1.9686917784178315
121.55,22.05,157.5298,SSP5-8.5,2081-2100,39.62100000000001,215.64839999999998,211.86229999999978,2.258399999999998,6.629300000000001,3.9033999999999995,129.7923,213.757975,169.43819999999997,3.8359875000000003,15.687925,3.4741375,132.618525,1.2601669955860404,-2.139033945618553
121.55,23.55,183.7436,SSP5-8.5,2081-2100,83.00050000000002,184.1707,267.13390000000004,4.9909,8.5759,2.4327999999999994,98.0654,185.0351875,308.33970000000005,5.2995624999999995,8.1418125,2.8842625,97.91176250000001,1.2601669955860404,-0.24316053452483705
121.55,23.6,193.2841,SSP5-8.5,2081-2100,83.80179999999999,185.3555,287.3414,4.799999999999999,7.417200000000001,2.7966000000000006,98.4673,183.982475,321.1326375000001,5.102237499999999,7.854087500000001,2.7758624999999997,97.10841249999999,1.2601669955860404,-0.17996475415504562
121.55,23.65,201.9305,SSP5-8.5,2081-2100,79.5317,184.25039999999998,301.98860000000013,4.6053999999999995,5.8931000000000004,3.1258999999999997,97.0846,183.33710000000002,320.77148750000003,5.0273875,8.007112500000002,2.540525,96.71947499999999,1.2601669955860404,-0.11676897378525869
121.55,23.7,203.7558,SSP5-8.5,2081-2100,77.76820000000001,184.3209,280.73950000000013,4.4483999999999995,7.603400000000001,3.1396999999999995,96.8135,183.73738749999998,315.72618750000015,5.0810125,8.113800000000001,2.3211250000000003,97.32475,1.2601669955860404,-0.053573193415467256
121.55,23.75,207.1175,SSP5-8.5,2081-2100,73.79899999999998,184.428,241.7424000000001,4.592900000000002,8.606900000000003,2.2810000000000006,98.64229999999999,184.7436,279.66148750000013,4.941649999999999,8.6573375,2.2280250000000006,98.6483125,1.2601669955860404,0.009622586954324176
121.55,23.8,221.5869,SSP5-8.5,2081-2100,70.0847,186.2124,197.71650000000022,4.674199999999999,9.336200000000002,1.8672000000000004,100.425,186.09244999999999,245.48222500000014,4.9555875,9.364862500000001,1.8946,100.66995,1.2601669955860404,0.0728183673241156
121.55,23.85,225.5658,SSP5-8.5,2081-2100,66.52669999999998,188.5834,177.20860000000016,4.955099999999998,9.3259,1.6034000000000006,102.6038,186.8318625,244.7889375000001,5.0194624999999995,9.831225,1.944375,101.49735,1.2601669955860404,0.13601414769390704
121.55,23.9,230.093,SSP5-8.5,2081-2100,62.11570000000003,188.0959,222.76450000000023,5.055500000000002,10.674100000000003,1.7447999999999997,103.1135,188.22531249999997,222.79705,5.0345249999999995,10.123475000000001,1.7736874999999999,102.482425,1.2601669955860404,0.19920992806369398
121.55,23.95,240.3488,SSP5-8.5,2081-2100,70.32660000000001,189.8449,222.78050000000007,5.277899999999999,10.927599999999998,1.6189999999999998,103.7423,186.235975,233.97607499999998,5.024687500000001,10.053650000000001,1.8185249999999997,100.9800375,1.2601669955860404,0.26240570843348543
121.55,24.0,270.0113,SSP5-8.5,2081-2100,88.13369999999998,189.1833,216.95239999999967,5.072800000000001,9.584500000000002,1.7414000000000005,102.0192,180.10595,245.65035000000006,5.23265,9.77585,1.8131374999999998,96.890375,1.2601669955860404,0.32560148880327683
121.55,24.05,304.0508,SSP5-8.5,2081-2100,71.2525,163.4722,241.02920000000017,5.5594,9.524100000000004,1.9534000000000002,82.9365,178.82498749999996,261.83443750000004,5.4407125,8.853674999999999,1.6269375000000001,95.85985000000001,1.2601669955860404,0.3887972691730683
121.55,24.1,363.4706,SSP5-8.5,2081-2100,72.45620000000002,178.2045,281.6653000000001,5.981400000000001,7.905200000000001,1.4379000000000008,93.0942,173.06705,277.16866250000004,5.803675,8.524999999999999,1.6502125000000003,91.146875,1.2601669955860404,0.4519930495428597
121.55,24.15,449.7768,SSP5-8.5,2081-2100,74.27370000000008,172.0069,309.23759999999993,6.299399999999999,7.456899999999997,1.6482999999999999,89.5904,172.863275,289.21947500000005,5.859875000000001,7.6898875,1.5819000000000005,90.1228375,1.2601669955860404,0.5151888299126467
121.55,24.2,421.1452,SSP5-8.5,2081-2100,65.24779999999998,160.0872,281.15650000000005,5.812200000000001,7.456900000000001,1.5396999999999998,84.3808,166.5695,274.648225,5.5858375,7.5577749999999995,1.7433250000000005,86.44038750000001,1.2601669955860404,0.578384610282438
121.55,24.25,339.8152,SSP5-8.5,2081-2100,50.63920000000002,150.6455,222.9592,4.981200000000001,8.475900000000003,1.8414000000000001,80.59620000000001,160.6275125,253.95132499999994,5.028137500000001,6.88255,1.7849250000000003,83.45456250000001,1.2601669955860404,0.6415803906522295
121.55,24.3,289.102,SSP5-8.5,2081-2100,62.016200000000026,148.33780000000002,205.08429999999976,4.3384,6.0,1.8397000000000006,78.1885,156.4248375,245.94177499999998,4.5820375,6.23665,1.7538874999999998,81.168975,1.2601669955860404,0.704776171022021
121.55,24.35,289.7415,SSP5-8.5,2081-2100,80.38350000000003,153.813,259.68460000000005,4.2562999999999995,4.087899999999998,1.6275999999999993,79.8231,159.32297499999999,275.7157875,4.4266375,4.9795375,1.833625,81.8836375,1.2601669955860404,0.7679719513918124
121.55,24.4,338.5587,SSP5-8.5,2081-2100,103.26740000000001,169.8058,342.8884000000003,4.392900000000001,4.4328,2.2672000000000008,86.5365,157.0612125,319.80078750000007,4.471325,4.153662499999999,1.9278,81.06177500000001,1.2601669955860404,0.8311677317615993
121.55,24.45,413.7522,SSP5-8.5,2081-2100,120.29309999999998,147.37990000000002,410.7942000000003,4.351099999999999,4.3293,2.3310000000000013,77.2231,153.316375,350.45440000000013,4.488300000000001,4.3709,2.345475,80.0057625,1.2601669955860404,0.8943635121313908
121.55,24.5,429.3974,SSP5-8.5,2081-2100,120.18239999999997,140.0904,400.4187000000002,4.247800000000002,4.929299999999998,2.5551999999999992,74.16149999999999,152.25165,364.9453000000002,4.402312500000001,5.755162500000001,2.397625,80.6964,1.2601669955860404,0.9575592925011822
121.55,24.55,348.8081,SSP5-8.5,2081-2100,98.21819999999997,166.6171,358.99810000000025,4.263000000000002,7.4466,1.6758999999999986,88.4115,154.200125,361.87018750000016,4.324962500000002,6.8728375,2.3857749999999998,82.3459125,1.2601669955860404,1.0207550728709736
121.55,24.6,312.6147,SSP5-8.5,2081-2100,90.72479999999996,167.2425,355.21309999999994,4.2894000000000005,8.8155,2.3276000000000003,89.07690000000001,163.16922499999998,331.5667375000001,4.067025000000001,7.6739125,1.6898749999999998,87.43508750000001,1.2601669955860404,1.0839508532407651
121.55,24.65,274.1065,SSP5-8.5,2081-2100,89.5874,165.9874,260.8062,3.423300000000001,7.610299999999999,1.2051999999999996,89.19040000000001,162.167375,265.06269999999995,3.800525,7.922625,0.9454750000000001,87.3468625,1.2601669955860404,1.147146633610552
121.55,24.7,255.6028,SSP5-8.5,2081-2100,84.43700000000001,160.9426,154.17969999999968,3.3016000000000005,7.536200000000001,-0.23099999999999987,87.42309999999999,160.04353749999999,215.685225,3.4588625,7.78965,0.5211125000000003,87.176425,1.2601669955860404,1.2103424139803434
121.55,24.75,270.7445,SSP5-8.5,2081-2100,90.38470000000001,159.15890000000002,182.1277,3.570599999999999,8.148299999999999,-0.6068999999999996,88.09039999999999,157.87156249999998,172.27856249999996,3.30555,7.385137500000001,0.12606250000000063,87.44975,1.2601669955860404,1.273538194350135
121.55,24.8,274.097,SSP5-8.5,2081-2100,82.6945,156.14800000000002,163.97360000000026,3.3125,7.2897,-0.9758999999999993,89.39229999999999,156.6719625,147.20513749999998,3.1994625000000005,6.925012499999999,0.3967625000000006,89.07378750000001,1.2601669955860404,1.3367339747199263
121.55,24.85,277.8704,SSP5-8.5,2081-2100,66.17899999999997,152.9051,79.42650000000003,2.617899999999999,5.846599999999999,0.46550000000000047,89.8635,151.78905000000003,93.11177499999997,2.9315375,6.6066875,0.3651000000000004,88.78219999999999,1.2601669955860404,1.3999297550897176
121.55,24.9,245.9151,SSP5-8.5,2081-2100,52.46469999999999,145.5271,3.6867999999999483,2.2604000000000006,6.3293,1.0897000000000006,87.5019,147.35843749999998,15.053074999999922,2.51875,6.7353625,0.23535000000000017,88.5798125,1.2601669955860404,1.4631255354595045
121.55,24.95,202.4474,SSP5-8.5,2081-2100,44.46940000000001,143.28679999999997,-55.52590000000009,2.0444999999999993,7.891400000000001,-0.4931000000000001,88.9308,144.26341250000002,-23.045962500000087,2.4060375,7.675650000000001,0.5713500000000002,88.2697125,1.2601669955860404,1.526321315829296
121.55,25.0,190.5201,SSP5-8.5,2081-2100,30.664799999999985,144.2238,-21.331100000000333,2.645199999999999,9.308599999999998,0.4707000000000008,90.0481,145.3835125,-15.873662499999966,2.4963250000000006,8.526950000000001,0.44762499999999994,89.37043750000001,1.2601669955860404,1.5895170961990874
121.55,25.05,191.5299,SSP5-8.5,2081-2100,38.3587,147.78289999999998,56.420700000000124,2.953999999999997,9.705200000000001,0.6999999999999993,90.9846,148.93215,28.96123749999998,2.7336875000000007,8.958400000000001,0.6556124999999999,91.2310125,1.2601669955860404,1.652712876568879
121.55,25.1,186.7833,SSP5-8.5,2081-2100,46.934,152.94400000000002,115.19649999999979,2.9322000000000017,7.603399999999997,0.48279999999999923,93.39420000000001,151.8026,64.15353750000006,2.7910874999999997,8.162712500000001,0.17671250000000005,92.9802875,1.2601669955860404,1.7159086569386703
121.55,25.15,265.0967,SSP5-8.5,2081-2100,63.73219999999998,150.62800000000001,190.65610000000015,3.1910999999999987,5.903400000000001,-0.7327999999999992,94.6519,154.8160625,-9.075912500000015,2.3550124999999995,7.160124999999999,-0.6612,94.17644999999999,1.2601669955860404,1.7791044373084572
121.55,25.2,258.9274,SSP5-8.5,2081-2100,56.05150000000003,150.71380000000002,-54.135299999999916,2.149899999999999,5.046599999999998,-1.9102999999999994,94.5885,157.3736,-88.90496249999995,1.9359749999999991,6.3474,-1.3942,94.195675,1.2601669955860404,1.8423002176782488
121.55,25.25,189.9007,SSP5-8.5,2081-2100,44.462500000000006,159.703,-235.2509,1.2824999999999989,6.112100000000002,-2.3207000000000004,94.2231,159.3098,-119.23369999999994,1.7247249999999994,5.613787500000001,-1.66465,93.200975,1.2601669955860404,1.9054959980480402
121.55,25.3,158.4971,SSP5-8.5,2081-2100,39.83270000000002,162.13830000000002,-31.796100000000024,1.7960999999999991,5.084500000000002,-1.6809999999999992,92.8115,158.9061125,-140.81837499999997,1.6974874999999994,5.620900000000001,-1.6622875,92.9315125,1.2601669955860404,1.9686917784178315
121.6,21.95,197.4578,SSP5-8.5,2081-2100,44.87650000000002,200.8383,265.77890000000025,2.5944000000000003,5.979300000000002,4.308599999999998,122.0615,215.60923749999998,162.6986249999999,3.7939875,15.769175,3.4234875000000002,133.584875,1.3658608356672617,-2.265425506358136
121.6,22.0,183.9167,SSP5-8.5,2081-2100,44.8691,208.63889999999998,264.1030999999998,2.4658000000000015,6.194799999999999,4.0276,125.4269,214.6341625,162.90809999999996,3.8100625,15.742237500000002,3.4586125,133.1642,1.3658608356672617,-2.2022297259883445
121.6,23.85,204.8463,SSP5-8.5,2081-2100,68.45660000000001,187.77439999999999,216.13080000000014,4.764200000000002,9.951700000000002,1.7740999999999998,102.4519,187.662475,220.64406250000005,4.9351375,9.788562500000001,1.8314500000000002,102.0581625,1.3658608356672617,0.13601414769390704
121.6,23.9,210.4865,SSP5-8.5,2081-2100,66.9197,188.7772,198.44280000000026,4.616800000000001,11.494799999999998,2.0309999999999997,102.4692,188.47375,230.19981250000004,4.9849625,9.944387500000001,1.7370625,102.93076250000001,1.3658608356672617,0.19920992806369398
121.6,23.95,217.6648,SSP5-8.5,2081-2100,72.72539999999998,189.64229999999998,231.93259999999987,4.796599999999998,10.494800000000001,1.8414000000000001,103.4846,188.496375,225.70993750000005,4.932412500000001,10.456025,1.8842624999999997,102.61802499999999,1.3658608356672617,0.26240570843348543
121.6,24.0,232.4058,SSP5-8.5,2081-2100,79.36360000000002,189.7387,268.8709000000001,4.559200000000001,9.562099999999997,1.8965999999999994,103.9212,183.533975,231.58413750000003,5.065799999999999,10.2446125,1.9023625000000002,98.6100875,1.3658608356672617,0.32560148880327683
121.6,24.05,270.6114,SSP5-8.5,2081-2100,67.38479999999998,190.3105,220.44590000000017,5.1234,10.977599999999999,2.103399999999999,101.8712,184.06192499999997,239.30980000000005,5.1268875000000005,9.980187500000001,1.8724125000000003,98.76441249999999,1.3658608356672617,0.3887972691730683
121.6,24.1,329.3079,SSP5-8.5,2081-2100,67.62939999999998,186.9037,226.08170000000018,5.3965,10.0897,1.8414000000000001,99.52879999999999,181.6020375,243.8635875000001,5.435125,10.021775000000002,1.8601125,95.8302875,1.3658608356672617,0.4519930495428597
121.6,24.15,347.4789,SSP5-8.5,2081-2100,70.77139999999997,179.84160000000003,231.18270000000007,5.491199999999999,10.7379,1.9569,91.0019,178.5270125,256.3297375000001,5.64245,9.457775,1.7956875,93.474275,1.3658608356672617,0.5151888299126467
121.6,24.2,361.3219,SSP5-8.5,2081-2100,70.36179999999996,171.0361,280.20730000000026,5.5822,8.5397,1.924100000000001,87.0923,168.6369875,267.56255,5.557,9.067025,1.8379500000000002,87.19135,1.3658608356672617,0.578384610282438
121.6,24.25,343.2496,SSP5-8.5,2081-2100,66.46840000000003,155.68699999999998,334.42909999999983,5.574100000000001,7.806899999999999,1.9966000000000008,79.9788,160.4255625,295.3608625,5.2370375,7.357975000000001,1.9737250000000004,82.388225,1.3658608356672617,0.6415803906522295
121.6,24.3,326.3621,SSP5-8.5,2081-2100,87.10079999999999,157.7308,442.2286999999999,5.0428999999999995,5.449999999999999,2.646600000000001,80.18650000000001,158.6692375,307.4147875,4.9891749999999995,5.9084,1.9457125000000004,81.19447500000001,1.3658608356672617,0.704776171022021
121.6,24.35,329.0514,SSP5-8.5,2081-2100,84.29950000000002,167.2383,390.6255000000001,4.867100000000001,3.5328000000000017,2.25,82.81920000000001,162.871425,341.3981749999999,4.841912499999999,4.621762500000001,2.0683250000000006,82.58893750000001,1.3658608356672617,0.7679719513918124
121.6,24.4,358.1433,SSP5-8.5,2081-2100,98.1062,171.5851,398.96209999999974,4.9528,2.148299999999999,2.101700000000001,85.3596,163.9938375,358.36646250000007,4.765174999999999,4.616162500000001,2.1321000000000003,83.194475,1.3658608356672617,0.8311677317615993
121.6,24.45,401.4136,SSP5-8.5,2081-2100,108.08370000000002,165.9169,408.1853000000001,4.7033999999999985,4.4862,2.8034,85.4577,153.0261125,379.986425,4.6447875000000005,4.7342625,2.2745500000000005,78.29374999999999,1.3658608356672617,0.8943635121313908
121.6,24.5,433.8064,SSP5-8.5,2081-2100,120.75370000000004,128.5611,421.13120000000026,4.3907000000000025,4.824100000000001,3.3309999999999995,68.69999999999999,152.328775,389.68857500000007,4.4717875000000005,5.8995625,2.1411500000000006,78.91395,1.3658608356672617,0.9575592925011822
121.6,24.55,376.8988,SSP5-8.5,2081-2100,103.76170000000002,142.5545,384.5581000000002,4.255000000000003,6.679300000000001,1.9293000000000013,74.47500000000001,152.727475,380.646425,4.359962500000001,6.74525,2.0665875,80.379325,1.3658608356672617,1.0207550728709736
121.6,24.6,322.8684,SSP5-8.5,2081-2100,103.68329999999997,164.2412,343.5792999999999,4.289200000000001,7.396599999999999,1.5845000000000002,87.1346,161.1588375,337.92890000000006,4.102175000000001,7.4689499999999995,1.36035,85.640625,1.3658608356672617,1.0839508532407651
121.6,24.65,286.5627,SSP5-8.5,2081-2100,91.54019999999997,162.14280000000002,276.8438000000001,3.893699999999999,8.0241,0.7396999999999991,88.00380000000001,163.920025,233.1151999999999,3.6978625,7.5933125,0.49526250000000016,88.18028749999999,1.3658608356672617,1.147146633610552
121.6,24.7,260.2413,SSP5-8.5,2081-2100,60.88819999999998,161.94899999999998,44.06939999999986,2.989799999999999,7.970700000000001,-1.1689999999999987,88.0615,161.556625,161.98206249999993,3.3303499999999997,7.620674999999999,0.06487500000000002,87.8884625,1.3658608356672617,1.2103424139803434
121.6,24.75,281.6095,SSP5-8.5,2081-2100,62.26129999999995,157.59189999999998,103.42380000000003,3.1083,8.3224,0.0879000000000012,85.88650000000001,158.61034999999998,103.02377499999994,3.0794125,7.482125,-0.4573374999999995,87.71875,1.3658608356672617,1.273538194350135
121.6,24.8,281.1558,SSP5-8.5,2081-2100,60.345399999999984,155.5295,118.92990000000009,3.0934000000000026,7.5276,-0.7327999999999992,87.45190000000001,153.94605,102.56467499999997,2.9743499999999994,7.002599999999999,-0.10367499999999974,87.15697499999999,1.3658608356672617,1.3367339747199263
121.6,24.85,272.1187,SSP5-8.5,2081-2100,61.11200000000002,148.4701,37.015899999999874,2.7744,6.7120999999999995,0.006899999999999906,87.7769,148.430425,86.86236250000002,2.7192374999999998,6.611,0.056250000000000355,86.421875,1.3658608356672617,1.3999297550897176
121.6,24.9,251.0524,SSP5-8.5,2081-2100,50.525799999999975,139.5405,-16.36700000000019,2.142599999999998,6.2224,0.6707000000000001,84.7885,143.3528,23.46872499999995,2.3278125,6.4818999999999996,0.03103750000000005,85.78966249999999,1.3658608356672617,1.4631255354595045
121.6,24.95,228.8761,SSP5-8.5,2081-2100,53.41840000000002,136.0201,-105.85400000000027,1.6839000000000013,6.639700000000001,-0.4845000000000006,83.1096,141.0575375,-13.577637500000037,2.2678249999999998,7.276275,0.3987250000000002,86.11658750000001,1.3658608356672617,1.526321315829296
121.6,25.0,212.0405,SSP5-8.5,2081-2100,44.80790000000002,141.8804,-86.54640000000018,2.3063000000000002,9.501700000000003,0.5396999999999998,87.5519,143.15890000000002,-17.474412500000028,2.3276624999999997,7.84375,0.16249999999999987,87.59375,1.3658608356672617,1.5895170961990874
121.6,25.05,211.386,SSP5-8.5,2081-2100,45.259600000000006,148.3374,-17.141299999999774,2.5843000000000025,8.982800000000001,0.5500000000000007,90.0308,147.3462375,7.807337499999875,2.5456124999999994,8.201274999999999,0.2530249999999996,89.7862875,1.3658608356672617,1.652712876568879
121.6,25.1,195.5677,SSP5-8.5,2081-2100,47.43539999999999,151.28250000000003,47.37149999999974,2.6099999999999994,8.3276,0.5206999999999997,91.4558,150.17046249999999,-16.906262500000054,2.3726125,7.388350000000001,-0.4448375,91.3709125,1.3658608356672617,1.7159086569386703
121.6,25.15,243.72,SSP5-8.5,2081-2100,56.91159999999999,148.4549,-122.53900000000021,1.9666999999999994,6.337900000000001,-1.5206999999999997,93.3731,152.7743375,-77.1565125000001,1.9857749999999994,6.453875,-0.9418124999999997,92.0855875,1.3658608356672617,1.7791044373084572
121.6,25.2,221.5467,SSP5-8.5,2081-2100,40.31370000000004,155.5848,-325.0338999999999,0.7761999999999993,5.887900000000002,-2.0413999999999994,92.3212,154.39620000000002,-147.6022875,1.6272124999999988,5.922200000000001,-1.6273749999999998,92.4211625,1.3658608356672617,1.8423002176782488
121.6,25.25,184.373,SSP5-8.5,2081-2100,37.593800000000016,158.99040000000002,-317.31349999999975,0.6859000000000002,5.806900000000002,-2.2276000000000007,91.5288,158.0718625,-146.14617500000003,1.5573249999999987,5.8301750000000006,-1.6545249999999998,92.502425,1.3658608356672617,1.9054959980480402
121.6,25.3,165.5419,SSP5-8.5,2081-2100,36.108900000000006,160.3897,-130.6889000000001,1.4115000000000002,5.863800000000001,-1.463799999999999,91.2885,158.58405000000002,-145.18192499999992,1.6013249999999992,5.5782250000000015,-1.77715,92.7557875,1.3658608356672617,1.9686917784178315
121.65,24.0,214.1692,SSP5-8.5,2081-2100,69.55220000000003,187.48669999999998,225.76710000000003,4.718499999999999,11.279300000000003,2.3638000000000003,102.2481,189.00775,227.10476250000005,4.911575000000001,10.5125125,1.9,102.45768749999999,1.4715546757485132,0.32560148880327683
121.65,24.05,230.0174,SSP5-8.5,2081-2100,73.1757,187.5789,236.03600000000006,4.563000000000002,10.439700000000002,1.7655000000000003,102.59230000000001,184.8943875,230.58618750000014,5.163925,10.662937500000002,2.016375,98.3829375,1.4715546757485132,0.3887972691730683
121.65,24.1,254.4267,SSP5-8.5,2081-2100,70.43729999999996,189.9274,218.07580000000007,5.164300000000001,11.456900000000005,1.9793000000000003,103.775,185.04702500000002,234.4240500000001,5.2722,10.523287500000002,1.9329625,97.58365,1.4715546757485132,0.4519930495428597
121.65,24.15,260.1308,SSP5-8.5,2081-2100,75.32389999999998,191.4743,213.23620000000028,5.2989,11.675899999999999,2.0362,101.7808,180.82022500000002,242.15602500000006,5.3402,10.168325000000001,1.8877125000000001,94.600225,1.4715546757485132,0.5151888299126467
121.65,24.2,290.2077,SSP5-8.5,2081-2100,68.18880000000001,178.57600000000002,240.97749999999996,5.604700000000001,11.081000000000003,1.9585999999999988,88.5519,177.8900375,248.86478750000006,5.4323250000000005,9.8243625,1.9288875000000005,92.46465,1.4715546757485132,0.578384610282438
121.65,24.25,300.6087,SSP5-8.5,2081-2100,64.44580000000002,160.7774,307.3216,5.394299999999998,7.844799999999996,1.725900000000001,81.65,170.195425,291.47195,5.408775,8.065737500000001,2.0763000000000003,86.4281,1.4715546757485132,0.6415803906522295
121.65,24.3,313.9771,SSP5-8.5,2081-2100,69.35210000000001,156.2137,382.95180000000005,5.1404,4.015500000000003,2.3137999999999996,78.4596,167.73725,319.4237125,5.2558375,6.66035,2.0133875000000008,84.155025,1.4715546757485132,0.704776171022021
121.65,24.35,348.9838,SSP5-8.5,2081-2100,75.9257,176.6412,356.2622000000001,5.361599999999999,5.503400000000003,1.9707000000000008,88.0404,165.1641875,347.07208749999995,5.092025,5.0373,2.0579750000000003,82.388925,1.4715546757485132,0.7679719513918124
121.65,24.4,363.9797,SSP5-8.5,2081-2100,81.03590000000003,168.844,343.12329999999974,5.25,5.336200000000002,1.779300000000001,84.1173,167.6465875,351.010775,4.997025,4.936,2.0273625000000006,83.97331249999999,1.4715546757485132,0.8311677317615993
121.65,24.45,377.9533,SSP5-8.5,2081-2100,91.8825,162.3116,355.3681999999999,4.939,5.220700000000001,2.0276000000000014,81.5385,153.687625,361.20893749999993,4.8363499999999995,5.1437375,2.0991125000000004,77.9101,1.4715546757485132,0.8943635121313908
121.65,24.5,398.5396,SSP5-8.5,2081-2100,104.09620000000001,135.63099999999997,367.2052999999996,4.634,6.653400000000001,1.8034,68.7135,152.3614125,374.332025,4.55645,5.8450250000000015,2.0777875000000003,78.34881250000001,1.4715546757485132,0.9575592925011822
121.65,24.55,427.1516,SSP5-8.5,2081-2100,109.94610000000006,158.12879999999998,431.98070000000007,4.381,7.451700000000002,2.003400000000001,81.3308,149.2108,352.9311624999999,4.3144375,6.310550000000001,1.637275,78.1764625,1.4715546757485132,1.0207550728709736
121.65,24.6,341.5363,SSP5-8.5,2081-2100,124.4325,161.3077,366.645,4.384599999999999,6.444799999999997,1.2516999999999996,85.5058,160.8526625,303.7793,4.0188749999999995,7.086637500000001,0.8385750000000001,85.38606250000001,1.4715546757485132,1.0839508532407651
121.65,24.65,255.9377,SSP5-8.5,2081-2100,87.02639999999997,165.28990000000002,268.3861999999999,3.9273999999999987,7.279299999999999,-0.25,89.1308,163.9426625,202.11807499999998,3.6563125,7.308624999999999,0.17068749999999988,88.60238749999999,1.4715546757485132,1.147146633610552
121.65,24.7,239.1876,SSP5-8.5,2081-2100,54.98889999999997,164.3999,72.04269999999997,2.977599999999999,7.693099999999998,-0.7568999999999999,89.9192,162.475575,127.07496249999997,3.2774249999999996,7.5027875,0.0032250000000000334,88.6156125,1.4715546757485132,1.2103424139803434
121.65,24.75,251.2344,SSP5-8.5,2081-2100,39.97570000000002,156.93959999999998,-21.95360000000028,2.4403000000000006,6.3516999999999975,0.3309999999999995,85.4635,159.750875,102.44832499999995,3.0536125000000003,7.472624999999999,-0.1325499999999995,88.32595,1.4715546757485132,1.273538194350135
121.65,24.8,277.4363,SSP5-8.5,2081-2100,59.203299999999956,153.8153,110.82079999999996,2.9495000000000005,7.339699999999999,0.482800000000001,85.9481,154.0083125,105.1944499999999,2.92375,6.8142125,0.03080000000000016,86.78461250000001,1.4715546757485132,1.3367339747199263
121.65,24.85,311.7786,SSP5-8.5,2081-2100,64.25300000000004,146.53949999999998,165.68269999999984,3.0212999999999965,6.010300000000001,-0.6207000000000011,84.8346,147.2388125,104.23123749999996,2.7825,6.699574999999999,0.0681000000000005,85.393275,1.4715546757485132,1.3999297550897176
121.65,24.9,257.8623,SSP5-8.5,2081-2100,57.97750000000002,137.4384,68.7456000000002,2.356300000000001,6.3224,0.07070000000000043,81.5942,141.5811625,69.61468749999989,2.5701874999999994,6.565512499999999,-0.006037499999999696,84.3750125,1.4715546757485132,1.4631255354595045
121.65,24.95,233.9441,SSP5-8.5,2081-2100,49.80619999999999,136.6353,-5.427799999999934,1.8638000000000012,6.103399999999997,0.21380000000000088,82.7058,139.2464625,20.704312499999958,2.472337499999999,7.1346875,0.104325,84.320675,1.4715546757485132,1.526321315829296
121.65,25.0,229.1821,SSP5-8.5,2081-2100,57.85970000000003,139.928,4.1447000000002845,2.5234999999999985,6.530999999999999,0.6275999999999993,85.81150000000001,141.94557500000002,4.275337499999921,2.4190750000000003,7.5228375,-0.13403750000000003,85.9596125,1.4715546757485132,1.5895170961990874
121.65,25.05,220.8446,SSP5-8.5,2081-2100,54.77709999999996,149.05689999999998,4.919399999999769,2.322099999999999,7.587899999999998,-0.2845000000000013,89.1288,146.2337,13.016637499999945,2.506525,7.457112500000001,-0.08123750000000007,87.9536,1.4715546757485132,1.652712876568879
121.65,25.1,207.0185,SSP5-8.5,2081-2100,50.62250000000003,151.6714,-57.7166000000002,2.0716,7.044800000000002,-1.0328,89.91539999999999,150.1506125,-19.690250000000106,2.2374250000000004,6.7633625,-0.5202624999999999,89.60288750000001,1.4715546757485132,1.7159086569386703
121.65,25.15,218.6738,SSP5-8.5,2081-2100,52.11659999999998,152.4882,-305.0459000000001,0.9588999999999999,5.941400000000002,-1.720699999999999,89.48849999999999,153.4711,-71.35997500000019,1.9171125,6.107750000000001,-0.7933249999999998,90.4824625,1.4715546757485132,1.7791044373084572
121.65,25.2,190.889,SSP5-8.5,2081-2100,38.6892,156.882,-228.54450000000043,1.1962999999999973,5.8759000000000015,-1.0999999999999996,90.86919999999999,154.51487500000002,-148.7446375,1.5448625000000002,5.936400000000001,-1.3653125,90.7267,1.4715546757485132,1.8423002176782488
121.65,25.25,171.5283,SSP5-8.5,2081-2100,35.0231,157.3093,-108.64529999999968,1.5863999999999976,6.353400000000001,-1.4862000000000002,90.6462,156.9572625,-186.94256250000007,1.3280625000000001,5.700862500000001,-1.4709124999999998,91.0324625,1.4715546757485132,1.9054959980480402
121.7,24.2,275.0358,SSP5-8.5,2081-2100,71.0899,191.9207,197.36559999999986,5.525400000000001,11.1569,1.9499999999999993,102.6096,178.714625,234.00310000000007,5.424862500000001,9.6010875,1.8827500000000001,92.13485,1.5772485158297345,0.578384610282438
121.7,24.25,277.3466,SSP5-8.5,2081-2100,67.29819999999995,182.4558,209.10000000000014,5.4282,9.375900000000001,1.8621000000000008,91.8288,175.33210000000003,250.97895,5.3862375,8.33405,1.8704749999999999,89.7694625,1.5772485158297345,0.6415803906522295
121.7,24.3,295.0345,SSP5-8.5,2081-2100,66.11430000000001,167.9433,244.51559999999995,5.372300000000003,7.100000000000001,1.9585999999999997,82.71730000000001,174.83631250000002,268.92633750000005,5.273037499999999,7.5928875,1.8683250000000002,89.082925,1.5772485158297345,0.704776171022021
121.7,24.35,335.7223,SSP5-8.5,2081-2100,65.98929999999996,173.4242,270.90700000000015,5.0062,6.6690000000000005,1.6966,86.0192,169.9149875,298.9855125,5.192325,6.433400000000001,1.9101124999999999,85.755775,1.5772485158297345,0.7679719513918124
121.7,24.4,358.8934,SSP5-8.5,2081-2100,75.92850000000004,158.33409999999998,303.2627000000002,5.104499999999998,6.046599999999998,1.7172,79.4327,170.9066125,314.2846375,5.0649875,6.2581750000000005,1.8168,86.11250000000001,1.5772485158297345,0.8311677317615993
121.7,24.45,364.1507,SSP5-8.5,2081-2100,80.41720000000004,165.72129999999999,324.51319999999987,5.0416000000000025,5.881,1.6517,83.1192,158.59859999999998,321.8157499999999,4.901275,6.1357625,1.7045124999999999,80.51034999999999,1.5772485158297345,0.8943635121313908
121.7,24.5,374.8033,SSP5-8.5,2081-2100,85.53910000000002,134.9075,323.2883999999999,4.613799999999998,5.774100000000001,1.6052,68.3808,160.0274875,344.9442249999999,4.5957625,6.5327375000000005,1.6043,82.05168750000001,1.5772485158297345,0.9575592925011822
121.7,24.55,416.0153,SSP5-8.5,2081-2100,97.22069999999997,160.7896,345.6310999999996,4.127099999999999,6.443100000000001,1.2706999999999997,83.7885,155.4676,334.44251249999996,4.2768,6.564850000000001,1.2443875,80.95675,1.5772485158297345,1.0207550728709736
121.7,24.6,327.1352,SSP5-8.5,2081-2100,106.3075,165.6938,271.41089999999986,3.8211000000000013,6.269000000000002,0.3224,88.7135,163.1801125,277.1691375,3.8396,6.763562500000001,0.6064499999999999,86.5800625,1.5772485158297345,1.0839508532407651
121.7,24.65,278.3812,SSP5-8.5,2081-2100,63.32060000000001,167.98069999999998,107.8443000000002,3.4564999999999984,7.150000000000002,-0.8914000000000009,90.5115,164.898225,198.06356249999993,3.500200000000001,6.813787499999999,0.20299999999999985,89.4411125,1.5772485158297345,1.147146633610552
121.7,24.7,241.0741,SSP5-8.5,2081-2100,49.77080000000001,163.8262,134.50919999999996,3.4380000000000024,7.520699999999998,0.28449999999999953,90.9692,164.44088749999997,104.83199999999994,3.0167625,6.9465375,0.083175,90.0911,1.5772485158297345,1.2103424139803434
121.7,24.75,229.8429,SSP5-8.5,2081-2100,29.186200000000042,164.08450000000002,103.47659999999996,2.965399999999999,7.403400000000001,0.8931000000000004,90.8981,161.1972375,100.73489999999993,2.9277000000000006,6.815512499999999,0.2851250000000001,89.4651375,1.5772485158297345,1.273538194350135
121.7,24.8,247.45,SSP5-8.5,2081-2100,43.88150000000002,156.8107,132.3141999999998,2.9069000000000003,6.003399999999999,-0.15000000000000036,87.4731,155.58862499999998,128.30438749999996,2.9111874999999996,6.451287499999999,0.5036625000000001,87.645675,1.5772485158297345,1.3367339747199263
121.7,24.85,271.1531,SSP5-8.5,2081-2100,64.7303,146.10070000000002,202.66609999999991,3.080000000000002,6.1828,0.43100000000000094,84.4923,148.3258875,147.51056250000005,2.9333999999999993,6.1456875,0.13168749999999996,85.370675,1.5772485158297345,1.3999297550897176
121.7,24.9,277.5127,SSP5-8.5,2081-2100,60.24610000000001,140.2053,179.72440000000006,2.9568999999999974,7.286199999999999,-0.23449999999999882,83.6212,141.4197125,125.12892500000004,2.8415125,5.9902999999999995,0.03385000000000016,83.4185125,1.5772485158297345,1.4631255354595045
121.7,24.95,261.6735,SSP5-8.5,2081-2100,60.56450000000001,139.1378,99.47719999999981,3.038599999999999,7.367199999999997,-0.030999999999998806,83.6712,138.87512499999997,65.74112500000012,2.6774374999999995,6.422412499999999,-0.26593749999999994,83.3473625,1.5772485158297345,1.526321315829296
121.7,25.0,245.8166,SSP5-8.5,2081-2100,63.18119999999999,139.82119999999998,22.309999999999945,2.770599999999998,7.206900000000001,-0.3241000000000014,84.4173,141.6757875,41.3728625,2.5883374999999997,6.6603249999999985,-0.7292999999999998,85.15048750000001,1.5772485158297345,1.5895170961990874
121.7,25.05,221.6028,SSP5-8.5,2081-2100,73.1377,144.6755,122.4656,2.7830000000000013,6.793100000000003,-1.2516999999999996,87.06150000000001,146.95151249999998,11.99027499999994,2.418799999999999,6.374549999999999,-0.8894375000000003,86.7807625,1.5772485158297345,1.652712876568879
121.7,25.1,199.8942,SSP5-8.5,2081-2100,55.354299999999995,152.27319999999997,69.24559999999974,2.402899999999999,5.268999999999998,-0.2792999999999992,87.3846,151.9165,-5.740825000000086,2.1669125000000005,5.864850000000001,-1.0814750000000002,88.3322125,1.5772485158297345,1.7159086569386703
121.7,25.15,183.4885,SSP5-8.5,2081-2100,48.843200000000024,154.6363,43.20209999999997,2.271500000000003,4.8672,-0.1759000000000004,88.89999999999999,156.2389375,-38.55368750000014,1.9809625,5.309487500000001,-0.7652999999999999,88.87067499999999,1.5772485158297345,1.7791044373084572
121.7,25.2,173.4387,SSP5-8.5,2081-2100,45.07599999999999,156.9837,3.1349999999997635,2.0417000000000023,5.2517,-0.7172000000000001,89.6404,156.4421875,-83.67796250000004,1.7789499999999996,5.3293125,-0.8280249999999998,89.3875125,1.5772485158297345,1.8423002176782488
121.75,24.25,262.9529,SSP5-8.5,2081-2100,72.68439999999998,187.5267,158.59079999999994,5.554000000000002,9.734499999999997,1.6172000000000004,99.68270000000001,178.6789625,235.04525,5.350075,9.278224999999999,1.8870624999999999,91.92235,1.6829423559109558,0.6415803906522295
121.75,24.3,280.3745,SSP5-8.5,2081-2100,78.80590000000001,186.2748,205.20170000000007,5.4925999999999995,9.070700000000002,1.7431,98.4654,176.6470875,247.19581250000007,5.1620875,7.8896625,1.8765,90.9612875,1.6829423559109558,0.704776171022021
121.75,24.35,323.1967,SSP5-8.5,2081-2100,79.9076,175.3767,261.0756000000001,4.806999999999999,8.5293,2.017199999999999,88.51729999999999,175.61582500000003,258.82173750000004,4.9905375,7.1420375,1.7821000000000002,91.081975,1.6829423559109558,0.7679719513918124
121.75,24.4,357.6013,SSP5-8.5,2081-2100,77.4248,169.6921,295.49119999999994,5.010200000000001,5.865500000000001,1.7809999999999988,86.2962,174.0778125,280.4859500000001,4.8304,6.970912499999999,1.764425,90.161525,1.6829423559109558,0.8311677317615993
121.75,24.45,339.8916,SSP5-8.5,2081-2100,74.47730000000001,175.2418,307.53639999999996,5.1042999999999985,7.060299999999998,1.6102999999999987,91.2519,165.28128750000002,279.03670000000005,4.6579500000000005,6.530175,1.6853374999999997,85.4641875,1.6829423559109558,0.8943635121313908
121.75,24.5,338.6862,SSP5-8.5,2081-2100,70.08590000000004,163.82670000000002,279.2505000000001,4.554400000000001,7.129300000000001,1.3120999999999992,84.3519,163.4298625,284.51692499999996,4.3931249999999995,6.689425,1.536425,85.0627375,1.6829423559109558,0.9575592925011822
121.75,24.55,384.9637,SSP5-8.5,2081-2100,108.9522,158.56910000000002,348.0684000000001,3.9847,6.4224,1.1552000000000007,82.31920000000001,161.43439999999998,267.64703749999995,4.0003125,6.366587500000001,1.121775,84.7788625,1.6829423559109558,1.0207550728709736
121.75,24.6,318.566,SSP5-8.5,2081-2100,95.07840000000004,165.6762,287.69090000000006,3.8408000000000015,6.374100000000002,0.5016999999999996,88.3385,165.01864999999998,227.747775,3.551925,6.215725000000001,0.5982750000000001,88.28005,1.6829423559109558,1.0839508532407651
121.75,24.65,279.9552,SSP5-8.5,2081-2100,48.58320000000003,167.69889999999998,61.10649999999987,2.6147000000000027,6.543099999999999,-0.1897000000000002,91.7154,166.65575,190.6753500000001,3.4801250000000006,6.4984875,0.38619999999999965,90.72908749999999,1.6829423559109558,1.147146633610552
121.75,24.7,227.1843,SSP5-8.5,2081-2100,42.100599999999986,165.2932,122.71709999999985,2.9974000000000025,6.386199999999999,0.46030000000000015,91.23649999999999,166.1368375,122.3939625000001,3.0822625,6.7187375,0.3959124999999999,91.4783625,1.6829423559109558,1.2103424139803434
121.75,24.75,201.423,SSP5-8.5,2081-2100,34.98509999999999,163.84040000000002,125.03620000000001,2.7547999999999995,6.765499999999999,1.0690000000000008,91.85379999999999,164.256125,123.24948750000004,3.0433125000000003,6.58555,0.5278,91.0327,1.6829423559109558,1.273538194350135
121.75,24.8,217.8323,SSP5-8.5,2081-2100,38.887100000000004,164.6526,130.39260000000013,2.9571000000000005,6.463799999999999,0.5602999999999998,92.85770000000001,159.3017625,142.38383750000003,2.9858999999999996,6.1737,0.6028125000000004,89.142075,1.6829423559109558,1.3367339747199263
121.75,24.85,258.6382,SSP5-8.5,2081-2100,60.5865,148.7364,210.31370000000015,3.1210999999999984,5.0931,0.8827999999999996,84.8173,151.83712500000001,150.03215,3.005875,5.7616499999999995,0.2543000000000002,86.70241250000001,1.6829423559109558,1.3999297550897176
121.75,24.9,295.6983,SSP5-8.5,2081-2100,63.786599999999964,138.40890000000002,182.09050000000025,3.1981,4.646600000000003,0.062099999999999156,81.8192,143.91548749999998,119.90559999999999,2.9090125,5.7232875,0.07135000000000025,84.0894375,1.6829423559109558,1.4631255354595045
121.75,24.95,291.636,SSP5-8.5,2081-2100,59.33839999999998,138.3607,77.48340000000007,3.052900000000001,6.1966,-0.7378999999999998,83.4135,140.04478749999998,55.52235000000002,2.6948374999999993,5.880825,-0.4450375,83.1129875,1.6829423559109558,1.526321315829296
121.75,25.0,272.5216,SSP5-8.5,2081-2100,57.72000000000003,140.20319999999998,-3.1417999999998756,2.6973999999999982,7.086199999999998,-1.8051999999999992,83.39620000000001,142.564225,21.028387500000008,2.5527249999999997,6.003875,-0.9530000000000001,84.8149,1.6829423559109558,1.5895170961990874
121.75,25.05,229.8115,SSP5-8.5,2081-2100,51.11140000000003,145.40890000000002,31.062199999999848,2.4254,5.617199999999997,-2.5655,86.0154,148.7098125,14.072712500000023,2.3782499999999995,5.674775,-1.0480625000000001,86.4144125,1.6829423559109558,1.652712876568879
121.75,25.1,211.3809,SSP5-8.5,2081-2100,50.09300000000002,157.2493,25.098700000000008,2.1369000000000007,4.653400000000001,-1.4517000000000007,88.17689999999999,153.5917,52.05892499999999,2.3931750000000003,5.0096875,-0.7612125000000001,87.50456249999999,1.6829423559109558,1.7159086569386703
121.75,25.15,200.9515,SSP5-8.5,2081-2100,47.84989999999999,160.14550000000003,90.08789999999999,2.3659,4.413800000000002,-0.16900000000000048,87.9712,157.1781,28.226174999999955,2.251150000000001,4.7648625000000004,-0.5428875,88.3997625,1.6829423559109558,1.7791044373084572
121.8,24.3,281.1604,SSP5-8.5,2081-2100,83.79939999999999,186.107,214.8044,5.176099999999998,10.0672,1.8810000000000002,101.0385,179.519075,235.72275000000008,5.052837500000001,7.849587499999999,1.7967625000000003,92.73965000000001,1.788636195992177,0.704776171022021
121.8,24.35,308.6296,SSP5-8.5,2081-2100,77.3655,184.1293,235.62130000000025,4.8125,7.625899999999998,1.6655000000000015,99.4269,176.2005,261.4642500000001,4.920462499999999,7.525437499999999,1.8241249999999998,91.6617875,1.788636195992177,0.7679719513918124
121.8,24.4,346.0626,SSP5-8.5,2081-2100,83.2853,179.0218,300.77,3.949900000000003,4.691399999999998,1.8138000000000005,95.2596,174.953475,252.9386500000001,4.875475,7.756037499999999,1.7842374999999997,91.604575,1.788636195992177,0.8311677317615993
121.8,24.45,295.8852,SSP5-8.5,2081-2100,61.21679999999998,181.3733,240.20140000000038,4.8172,9.263799999999996,1.9430999999999994,98.2654,172.7938375,256.8915875,4.519900000000001,6.646125,1.6086124999999998,90.4358125,1.788636195992177,0.8943635121313908
121.8,24.5,300.6507,SSP5-8.5,2081-2100,49.953100000000006,169.37349999999998,165.51620000000003,4.172000000000001,7.589700000000001,1.6585999999999999,88.60770000000001,165.0123125,246.7781875,4.0906625,6.8392124999999995,1.4228625,86.866825,1.788636195992177,0.9575592925011822
121.8,24.55,308.9933,SSP5-8.5,2081-2100,78.3666,161.46280000000002,221.3802999999998,3.2843000000000018,5.0809999999999995,1.3966000000000012,84.7692,167.70918749999998,219.68208750000002,3.6677125000000004,6.619187500000001,1.1756499999999999,89.2300625,1.788636195992177,1.0207550728709736
121.8,24.6,258.7833,SSP5-8.5,2081-2100,59.34699999999998,169.74509999999998,247.00800000000027,3.5889999999999986,6.272400000000001,0.9069000000000003,91.2808,166.16005,202.637025,3.3132125000000014,5.876925,0.8219750000000001,89.63558749999999,1.788636195992177,1.0839508532407651
121.8,24.65,237.7586,SSP5-8.5,2081-2100,51.609399999999994,168.2092,219.5327000000002,3.5380000000000003,5.544799999999999,0.8155000000000001,93.1423,167.6686,173.42246250000005,3.237325000000001,6.1249875000000005,0.6148499999999997,91.5932875,1.788636195992177,1.147146633610552
121.8,24.7,213.9866,SSP5-8.5,2081-2100,42.012699999999995,166.8216,134.68970000000036,3.1601999999999997,6.470700000000001,0.6896999999999984,91.6404,166.4811625,139.32538750000003,3.116962500000001,6.360325,0.49697500000000017,91.9002375,1.788636195992177,1.2103424139803434
121.8,24.75,181.712,SSP5-8.5,2081-2100,45.35130000000001,166.6332,92.95650000000023,2.7304999999999993,6.351700000000001,0.4966000000000008,91.0962,165.83140000000003,141.21265000000005,3.1086875,6.459899999999999,0.7642125000000002,91.9846125,1.788636195992177,1.273538194350135
121.8,24.8,184.8057,SSP5-8.5,2081-2100,44.8758,165.927,134.94000000000005,3.190999999999999,6.0844999999999985,0.9879000000000016,92.0904,158.49505,130.74657500000006,2.911325,5.7489125,0.5099250000000002,88.665875,1.788636195992177,1.3367339747199263
121.8,24.85,211.9242,SSP5-8.5,2081-2100,42.897099999999995,162.28119999999998,137.3674000000001,3.1374999999999993,5.505200000000002,0.2120999999999995,90.4154,153.1932625,137.45017500000006,2.9732375000000006,5.3476375,0.4870625000000004,87.018025,1.788636195992177,1.3999297550897176
121.8,24.9,270.9585,SSP5-8.5,2081-2100,51.870000000000005,140.3106,100.76199999999972,2.619500000000002,3.9207,0.16549999999999976,80.85000000000001,148.375325,81.47080000000011,2.814125,4.8976375,0.11942499999999989,85.40625,1.788636195992177,1.4631255354595045
121.8,24.95,286.0704,SSP5-8.5,2081-2100,53.78839999999997,136.19119999999998,-48.54939999999988,2.265599999999999,4.234500000000001,-0.11720000000000041,81.4346,144.3540125,18.56423749999999,2.5266250000000006,5.0000125,-0.5640000000000001,83.99927500000001,1.788636195992177,1.526321315829296
121.8,25.0,255.9441,SSP5-8.5,2081-2100,47.69639999999998,146.08010000000002,-88.49409999999989,2.0120000000000005,5.298300000000001,-1.2759,85.6942,145.62115,-20.180137499999944,2.3394375,5.164437499999999,-1.0415750000000001,84.47885,1.788636195992177,1.5895170961990874
121.8,25.05,234.9002,SSP5-8.5,2081-2100,42.679400000000015,150.83839999999998,-47.52779999999984,2.0736999999999988,5.3172,-1.3207000000000004,86.81150000000001,152.1400625,-4.44736249999994,2.2463875,4.96615,-1.176075,86.55937499999999,1.788636195992177,1.652712876568879
121.8,25.1,217.2597,SSP5-8.5,2081-2100,45.666,158.5376,12.625500000000102,2.1494999999999997,3.7741000000000007,-0.6759000000000004,88.3731,156.9250375,69.99461250000007,2.4551375,4.55365,-0.7165875000000002,87.449275,1.788636195992177,1.7159086569386703
121.8,25.15,197.1041,SSP5-8.5,2081-2100,51.27090000000001,162.2182,95.3103000000001,2.6735000000000007,4.0259,0.34830000000000005,87.51920000000001,158.3942,141.355725,2.7800625000000005,4.207525,-0.1860000000000004,87.93028749999999,1.788636195992177,1.7791044373084572
121.85,24.5,290.1548,SSP5-8.5,2081-2100,47.563999999999965,175.3442,146.4339,3.5142999999999986,7.325900000000001,1.3758999999999997,95.1731,168.1105,218.61435000000006,3.7446875000000004,6.7321124999999995,1.4316875,89.43268750000001,1.8943300360733983,0.9575592925011822
121.85,24.55,274.5239,SSP5-8.5,2081-2100,45.19909999999999,169.3731,108.06619999999975,2.8522999999999996,6.6569,0.9845000000000006,90.42309999999999,167.98170000000002,222.87546250000003,3.5779375,6.346550000000001,1.2554,90.2786,1.8943300360733983,1.0207550728709736
121.85,24.6,253.7975,SSP5-8.5,2081-2100,49.5745,169.7656,175.42259999999987,2.8342000000000027,5.1828,1.510299999999999,93.3462,167.82315,220.33512500000006,3.4882625000000003,6.0047125,0.8808250000000002,90.9646625,1.8943300360733983,1.0839508532407651
121.85,24.65,236.8816,SSP5-8.5,2081-2100,56.6789,168.5255,199.82860000000028,3.556700000000003,5.2103,0.40169999999999995,93.0308,168.4862,171.6133875,3.2100750000000002,6.199775000000001,0.7377124999999998,92.1324625,1.8943300360733983,1.147146633610552
121.85,24.7,202.0537,SSP5-8.5,2081-2100,45.041799999999995,167.8227,158.91629999999986,3.3055999999999983,6.560300000000002,0.6379000000000001,92.15769999999999,167.09845,141.41123750000008,3.023312500000001,6.0568875,0.6566749999999999,92.1327,1.8943300360733983,1.2103424139803434
121.85,24.85,194.3985,SSP5-8.5,2081-2100,37.20999999999998,164.6953,116.83000000000038,3.063200000000002,5.887900000000002,0.8431000000000015,89.96350000000001,155.02277500000002,108.63767499999994,2.8716875,4.533412499999999,0.31811250000000024,86.978125,1.8943300360733983,1.3999297550897176
121.85,24.9,219.6486,SSP5-8.5,2081-2100,32.409400000000005,156.7146,21.60649999999987,2.555900000000001,4.5017,-0.03619999999999912,89.25380000000001,150.605025,54.38668750000011,2.6482125000000005,4.3791,0.02049999999999974,85.2829375,1.8943300360733983,1.4631255354595045
121.85,24.95,244.5554,SSP5-8.5,2081-2100,49.474200000000025,141.61430000000001,-45.37570000000005,2.1187000000000005,3.1154999999999973,-0.1534000000000013,82.1327,151.680225,-27.705987499999992,2.2681750000000003,4.39375,-0.35192500000000004,85.531475,1.8943300360733983,1.526321315829296
121.85,25.0,223.7946,SSP5-8.5,2081-2100,58.442499999999995,153.1397,-96.41690000000017,1.9585000000000008,5.234500000000001,-0.7309999999999999,85.4346,151.8723625,-38.01581249999987,2.1128625,4.4943875,-0.5021375000000003,85.3636875,1.8943300360733983,1.5895170961990874
121.85,25.05,209.6039,SSP5-8.5,2081-2100,48.81529999999998,159.21280000000002,-28.975099999999657,2.1233000000000004,4.5138,-0.9017,87.1923,156.4105875,30.98315000000008,2.3167249999999995,4.672187500000001,-0.3853500000000001,86.8769,1.8943300360733983,1.652712876568879
121.85,25.1,189.4712,SSP5-8.5,2081-2100,46.53369999999998,157.2889,112.66260000000011,2.4680999999999997,3.5517000000000003,-0.0016999999999995907,88.1923,160.62471250000002,172.95878750000008,2.9645124999999997,4.3347,0.08146249999999977,87.4358,1.8943300360733983,1.7159086569386703
121.85,25.15,170.9226,SSP5-8.5,2081-2100,48.919700000000006,163.0383,282.23810000000003,3.3743000000000016,4.336200000000002,0.3292999999999999,87.7154,160.3426,163.22401250000007,2.8866375,4.0528,-0.045475000000000376,87.795425,1.8943300360733983,1.7791044373084572
121.9,24.55,236.2946,SSP5-8.5,2081-2100,50.10680000000002,171.1399,211.00920000000042,3.4583999999999975,6.530999999999999,1.4931,93.3788,169.0054,191.47761249999996,3.4486750000000006,6.210775,1.0976375,91.2480875,2.00002387615465,1.0207550728709736
121.9,24.6,197.3731,SSP5-8.5,2081-2100,61.24410000000003,168.45340000000002,268.1650999999997,3.7866,6.3672,0.5465999999999998,93.3538,169.9906625,183.27718750000008,3.3310625,6.160550000000001,1.015725,92.7416,2.00002387615465,1.0839508532407651
121.9,24.9,208.899,SSP5-8.5,2081-2100,29.319999999999993,163.0274,5.6655000000000655,2.5702,3.705199999999998,-0.18789999999999907,88.8769,155.4158375,48.65224999999998,2.575775,4.3219625,0.10129999999999995,86.07356250000001,2.00002387615465,1.4631255354595045
121.9,24.95,213.5584,SSP5-8.5,2081-2100,46.899699999999996,158.31130000000002,-13.696799999999712,2.212900000000001,4.017199999999999,-0.6603000000000012,86.7712,154.23262499999998,-23.34786250000002,2.2489,4.3504249999999995,-0.10794999999999999,85.7872375,2.00002387615465,1.526321315829296
121.9,25.0,206.9323,SSP5-8.5,2081-2100,45.1883,159.6669,-102.52469999999994,1.9507999999999974,4.2379,0.027599999999999625,85.93650000000001,158.37072500000002,23.921962500000063,2.3161500000000004,4.6920125,-0.0941500000000004,86.3557625,2.00002387615465,1.5895170961990874
121.9,25.05,177.6348,SSP5-8.5,2081-2100,43.072299999999984,163.0639,71.01710000000003,2.145900000000001,5.220700000000001,0.38450000000000095,86.93650000000001,160.5372375,88.65502500000002,2.5992624999999996,4.70925,0.03492499999999987,87.074025,2.00002387615465,1.652712876568879
121.9,25.1,136.3095,SSP5-8.5,2081-2100,59.55769999999998,162.66920000000002,386.52350000000024,3.775299999999998,4.743100000000002,0.5102999999999991,87.63650000000001,161.508625,139.58320000000003,2.7897875,4.1926625,0.26983749999999995,87.4862875,2.00002387615465,1.7159086569386703
121.9,25.15,122.7288,SSP5-8.5,2081-2100,66.8408,165.41930000000002,612.4586999999997,5.400599999999999,2.7465999999999973,1.977599999999999,87.3019,161.48377499999998,136.0706750000001,2.6769625,4.415725,0.12651250000000003,87.72595000000001,2.00002387615465,1.7791044373084572
121.95,24.85,139.3408,SSP5-8.5,2081-2100,76.2732,161.57070000000002,303.82199999999966,3.6595999999999993,4.3414,0.674100000000001,87.38850000000001,159.053325,46.2570750000001,2.615312500000001,4.62585,0.0383874999999998,87.69375000000001,2.105717716235871,1.3999297550897176
121.95,25.0,171.8806,SSP5-8.5,2081-2100,44.39870000000002,160.443,7.794699999999921,2.4255999999999993,4.5534,-0.05000000000000071,86.2923,161.80326250000002,54.260662500000024,2.4711625,4.871974999999999,0.07481249999999995,87.21345,2.105717716235871,1.5895170961990874
121.95,25.05,156.8258,SSP5-8.5,2081-2100,43.055800000000005,165.8413,157.1633999999999,2.7058,5.160299999999999,1.0190000000000001,88.2423,162.7313375,169.89648750000003,3.0058374999999997,4.676937499999999,0.3368624999999996,87.10070000000002,2.105717716235871,1.652712876568879
122.0,25.0,141.2376,SSP5-8.5,2081-2100,40.883200000000016,165.3395,139.86500000000024,2.8385000000000016,5.720700000000001,0.3396999999999988,87.8442,162.3823875,98.11942500000004,2.6466499999999997,4.6646374999999995,0.18126249999999988,87.2947,2.2114115563170924,1.5895170961990874
122.0,25.05,132.0459,SSP5-8.5,2081-2100,50.510400000000004,166.03609999999998,273.01269999999977,3.386700000000001,5.679299999999998,0.40690000000000026,87.66539999999999,162.5943,157.32511250000005,2.9319249999999997,4.5499875,0.44354999999999944,87.120175,2.2114115563170924,1.652712876568879
122.1,25.65,212.7383,SSP5-8.5,2081-2100,38.276399999999995,167.8222,98.17669999999998,2.2318999999999996,7.886199999999999,0.29999999999999893,89.7288,161.370375,207.08695,3.088325,4.5859875,0.1709124999999998,88.28966249999999,2.422799236479535,2.4110622410063627
